-18.0064 11.3885 0.918793 2.30338 5.07419 1.83683 126069 0 -1.34086 0.951069 0
4.90516 23.2873 1.36921 2.02688 4.73411 1.78236 143457 0 1.77971 0.937108 0
-2.39014 12.6855 0.909125 2.10136 5.02896 1.50756 127990 0 -1.39533 0.924992 0
-3.15312 9.99529 1.08523 2.25179 5.02378 1.90723 124244 0 -1.37455 0.924594 0
2.33183 -5.37273 0.715158 2.19303 4.80316 1.55521 101797 0 -0.0637052 0.917968 0
-8.39229 -4.60928 0.982977 2.31949 5.38685 2.03761 102699 0 1.79658 0.917214 0
0.405945 26.0912 1.20995 1.96888 4.57598 1.4202 147655 0 -1.30463 0.908317 0
26.399 18.8394 1.91432 2.16884 4.8845 1.81547 136972 0 1.6508 0.906063 0
-37.56 -5.38918 0.886038 2.08071 4.73099 1.56613 101672 0 0.0449348 0.902937 0
0.816734 28.8739 1.44969 2.08485 4.73016 1.56794 151868 0 -1.34615 0.898667 0
17.8287 21.5762 1.5251 2.17734 5.24928 1.7506 141157 0 1.77724 0.898135 0
6.59874 28.5946 1.50907 2.16302 5.0367 1.85046 151418 0 1.78956 0.892111 0
-14.5317 21.9614 1.063 2.05035 4.65243 1.79204 141524 0 -1.30228 0.883699 0
26.0791 15.4012 1.82773 2.05462 4.71714 1.62405 132291 0 1.56351 0.880539 0
-16.1174 19.2748 0.973722 2.17353 4.76715 1.72136 137775 0 -1.22009 0.880471 0
-22.9335 9.43613 0.715864 2.03968 4.11079 1.56394 123246 0 1.88717 0.880212 0
3.0993 11.6047 1.04172 1.88308 3.98166 1.52877 126603 0 1.7993 0.880156 0
-2.08016 15.2091 1.26053 2.21579 5.62157 1.94029 131735 0 -1.35753 0.879718 0
7.50435 -5.87199 0.697483 2.04617 4.5004 1.61392 100877 0 -0.058263 0.876536 0
26.4678 21.5243 1.91845 2.20385 4.65805 1.79556 141184 0 1.68403 0.876444 0
18.9925 5.39489 1.15398 1.99642 4.31996 1.59824 117293 0 1.3452 0.874754 0
-41.7483 12.3442 0.799322 2.09841 4.82566 1.76856 127399 0 -1.35721 0.874451 0
4.04918 17.7974 1.13728 2.04781 4.9312 1.49436 135498 0 1.88682 0.874447 0
19.0508 24.0836 1.68209 2.09107 4.74291 1.80732 144905 0 -1.39426 0.872734 0
20.344 29.2817 1.57014 1.99551 4.64388 1.50439 152397 0 -1.36045 0.871849 0
21.2867 32.0731 1.93383 2.17811 4.95511 1.92853 156612 0 -1.34577 0.870915 0
10.4695 -5.22382 0.852121 2.26894 5.0409 1.8955 101822 0 -0.0297451 0.869426 0
-16.7087 16.4316 0.856094 2.03262 4.57589 1.5496 133561 0 1.86167 0.867271 0
4.8395 -5.67831 0.711125 2.05856 4.52629 1.53794 101337 0 -0.00674002 0.865602 0
-38.5155 5.28275 0.694085 0.863084 0.920626 1.73237 117113 0 -1.57646 0.861117 1
55.8472 22.0124 2.08046 2.0379 4.5731 1.69941 141744 0 -1.70542 0.859715 0
-52.9261 19.4296 0.741604 2.05799 4.55326 1.75328 137660 0 1.8636 0.859099 0
26.077 27.1622 2.07493 2.22967 4.95556 1.85809 149139 0 1.65627 0.858822 0
-36.3653 11.101 0.810794 2.09261 4.35945 1.82996 125544 0 1.81753 0.857891 0
-21.9881 15.31 0.908126 2.13268 4.61883 1.79914 131673 0 -1.29517 0.853586 0
19.9798 26.6953 1.4888 2.07243 4.85153 1.5133 148652 0 -1.37955 0.852853 0
15.6083 13.3809 1.09744 1.97695 4.48452 1.48347 128982 0 -1.33379 0.844372 0
2.34406 33.7999 1.31609 1.92145 4.44818 1.37486 158893 0 -1.29083 0.840902 0
-0.515709 23.6168 1.199 1.91448 4.2878 1.489 143908 0 -1.3162 0.839177 0
3.43185 15.1703 0.981154 1.88361 4.40407 1.39125 131752 0 -1.28245 0.836554 0
-27.627 -4.39075 1.00419 0.934556 0.899118 1.68071 103107 0 1.66416 0.829899 1
5.00606 20.6015 1.18162 2.01435 4.80555 1.47616 139713 0 1.8101 0.828026 0
-54.9374 14.2601 0.563449 1.94709 4.21237 1.54472 130166 0 1.84908 0.824363 0
17.0857 18.9203 1.23062 2.0412 4.68789 1.53117 137411 0 -1.35601 0.821813 0
-1.16632 20.4419 1.1383 1.9674 4.57276 1.45801 139226 0 -1.31792 0.815403 0
-23.792 -0.18586 0.782063 2.1364 4.8318 1.51575 109203 0 -1.57196 0.809223 0
5.94167 25.7776 1.37564 2.03023 4.78624 1.54131 147204 0 1.77896 0.804691 0
4.03448 38.9307 1.68102 1.96741 4.67054 1.5004 166386 0 -1.253 0.803928 0
-23.4883 -5.86526 1.10218 0.82495 1.81033 1.74855 100780 0 1.89538 0.797224 2
26.4359 24.3497 1.75481 2.06218 4.57211 1.5015 145396 0 1.64523 0.791505 0
23.2059 40.0874 1.95186 2.12254 4.83428 1.87422 168318 0 -1.30844 0.789541 0
-43.0292 44.6726 0.742846 0.964995 0.98772 1.78117 174663 0 1.96448 0.78138 1
16.8759 15.9518 1.20143 1.91337 4.35507 1.46662 132730 0 -1.35502 0.779588 0
-34.7491 16.2282 0.846668 2.31315 5.14383 1.95006 133037 0 -1.33007 0.77751 0
43.6601 19.5859 2.18297 2.01349 4.57946 1.70918 138430 0 1.53461 0.777263 0
1.71446 31.4702 1.35436 1.99089 4.56769 1.45371 155615 0 -1.29845 0.770698 0
-1.47153 18.0478 1.07415 1.94427 4.59553 1.47346 135949 0 -1.3144 0.768586 0
-12.9397 27.0923 1.20496 2.37094 5.76719 1.95252 149017 0 -1.33298 0.766921 0
22.5563 37.3306 1.69032 2.05488 4.75429 1.51906 164104 0 -1.32726 0.762396 0
4.66863 16.7041 1.1529 0.73373 0.708007 1.5728 134096 0 -3.00981 0.75886 1
38.6348 19.4818 1.9885 1.90026 4.41476 1.50521 137946 0 -1.528 0.757386 0
-4.9203 57.1167 1.74685 2.14827 5.08001 1.75771 193034 0 1.86189 0.751429 0
-43.0489 43.4743 0.731266 0.933689 0.960053 1.68321 172791 0 2.01362 0.74995 1
21.9578 34.7054 1.59239 1.97873 4.49595 1.49166 160358 0 -1.36862 0.746827 0
26.3068 64.2042 2.06376 2.06618 4.793 1.63515 203428 0 1.58658 0.729195 0
-40.2639 -5.02531 0.931358 2.03266 4.67626 1.6821 102132 0 -0.00130748 0.717339 0
25.4859 67.099 2.0871 2.00335 4.53629 1.54928 207637 0 1.58771 0.715083 0
5.62568 47.2854 1.81622 2.31614 5.65338 1.87654 178559 0 -1.37021 0.714158 0
-33.1208 -0.0675201 0.806644 2.09657 4.49752 1.54594 109174 0 -1.61556 0.680678 0
38.6076 34.3985 2.4454 1.94345 4.25513 1.60748 159942 0 -1.60746 0.677258 0
-1.7093 64.1154 2.05408 2.00536 4.52461 1.52886 203340 0 -1.32178 0.676298 0
24.1268 42.72 1.66279 2.07885 4.74307 1.66316 172065 0 -1.32284 0.672097 0
-42.9847 -4.91211 0.758721 2.03673 4.624 1.51454 102123 0 0.00410521 0.671773 0
63.8365 21.5551 1.79621 2.01109 4.49565 1.57036 141301 0 1.53266 0.657966 0
15.252 10.7285 0.919427 1.93316 4.57576 1.43497 125237 0 -1.4102 0.641254 0
-47.4597 40.4994 0.650598 2.13127 5.04424 1.84896 168565 0 -1.34899 0.63427 0
24.4682 45.8537 1.67795 1.98612 4.53744 1.52977 176746 0 -1.29799 0.630592 0
11.6299 45.3383 1.47217 1.91202 4.33222 1.49426 175770 0 1.81998 0.62063 0
-57.7835 23.5666 0.536136 1.88063 4.10759 1.43891 143729 0 -1.3297 0.602936 0
-54.1767 -8.875 0.737684 0.837224 0.885291 1.73099 96472 0 1.78954 0.591491 1
-47.1637 43.3101 0.769023 2.12267 4.79606 1.76923 172778 0 1.84495 0.575701 0
64.742 14.4421 1.79543 0.976742 1.02854 1.79893 131008 0 -1.60033 0.55872 1
61.1791 4.91447 1.84567 0.938633 0.977774 1.91611 116957 0 1.33959 0.529855 1
-32.4818 24.091 0.85836 2.37546 5.81907 2.04842 144744 0 -1.27012 0.52116 0
11.6796 48.5237 1.87409 2.08757 4.74178 1.90247 180450 0 1.79934 0.500879 0
66.3806 4.68485 1.8559 0.868797 1.46958 1.84961 116505 0 -1.73163 0.483273 2
-3.35789 61.6362 1.64957 1.94679 4.40102 1.46711 199591 0 -1.33235 0.471117 0
-34.4163 19.2869 0.684672 2.21745 5.03106 1.77731 137718 0 -1.3396 0.469836 0
26.4333 69.8791 2.23017 2.05479 4.64889 1.70499 211852 0 1.53624 0.46578 0
26.3848 30.2356 1.87375 2.04311 4.73645 1.49655 153820 0 1.69292 0.456823 0
-54.1711 -9.0069 0.756838 0.829344 0.862008 1.71727 96004 0 1.75154 0.451415 1
44.3361 22.8227 2.13172 2.00486 4.58179 1.57704 143112 0 1.61981 0.442196 0
-9.46083 40.1834 1.05781 2.07077 4.79146 1.54968 168216 0 -1.35867 0.43218 0
38.2356 49.0829 2.44749 2.05711 4.6561 1.60623 181469 0 -1.57939 0.420235 0
-71.2029 24.1777 0.438171 1.95855 4.29212 1.73593 144623 0 1.77173 0.412647 0
38.2685 51.9777 2.60147 1.944 4.26834 1.60802 185681 0 -1.49948 0.411442 0
60.7106 5.58515 1.83745 0.872952 0.913946 1.88186 117891 0 -1.57189 0.411137 1
-43.036 44.822 0.743142 0.951306 0.971902 1.78735 175131 0 1.90505 0.40952 1
61.1704 4.7383 1.83323 0.873428 0.898609 1.87491 116489 0 1.44798 0.400052 1
44.6304 25.6984 2.23993 2.13394 4.79838 1.80354 147325 0 1.62985 0.38512 0
-59.3702 20.6416 0.710063 1.99654 4.48484 1.61817 139512 0 1.80572 0.381054 0
-11.679 32.2108 1.39313 2.12545 4.76291 1.60963 156509 0 -1.32004 0.369413 0
-51.369 27.3411 0.405616 2.01549 4.62142 1.53328 149365 0 -1.37599 0.359982 0
-43.2375 44.666 0.727361 0.981324 1.00101 1.78085 174662 0 1.90749 0.35563 1
-9.44637 43.0357 1.41631 2.10046 4.73877 1.83543 172428 0 1.67877 0.352479 0
2.82074 46.2819 1.61061 0.786675 0.709773 1.62131 177146 0 2.52487 0.351048 1
57.8556 6.56875 1.591 0.848138 0.889805 1.70043 119286 0 2.72223 0.344706 1
-45.6336 -5.24277 0.666659 2.02135 4.46247 1.56736 101647 0 0.0654685 0.342237 0
4.80811 16.715 1.16988 0.789867 0.781563 1.62632 134097 0 -2.86148 0.341802 1
-42.8428 44.6669 0.717321 0.965824 1.01504 1.78297 174664 0 1.91851 0.337659 1
-54.2137 34.0127 0.730312 1.99898 4.39407 1.61677 159184 0 -1.32888 0.335975 0
19.947 8.11355 0.930879 0.65128 0.710832 1.17396 121508 0 -0.157478 0.334198 1
-52.0138 22.2634 0.504369 1.88373 4.25729 1.4621 141875 0 1.82746 0.328659 0
26.0939 29.9746 1.89139 2.05123 4.76936 1.49221 153351 0 1.65636 0.326186 0
44.9142 22.618 2.12133 2.04267 4.76493 1.60199 142646 0 1.60333 0.322637 0
4.25131 17.5661 1.1457 1.91788 4.47305 1.49266 135031 0 -1.54402 0.320416 0
-46.6441 43.1018 0.778178 1.86046 3.90047 1.65441 172312 0 1.81829 0.319145 0
-59.0756 20.9379 0.679045 1.96297 4.34865 1.59799 139981 0 1.84093 0.307387 0
45.2539 25.6984 2.26234 2.13101 4.69634 1.80534 147327 0 -1.37547 0.305435 0
-49.7855 50.0967 0.637966 1.95058 4.36388 1.54011 182598 0 -1.20806 0.305416 0
37.3146 49.0832 2.39257 2.04856 4.68541 1.64039 181466 0 1.569 0.303221 0
8.82594 39.5837 1.60279 0.862044 0.995477 1.64515 167337 0 2.42287 0.30266 1
28.3956 36.2698 2.68762 0.878582 0.9464 1.81132 162718 0 0.876065 0.298429 1
26.6975 70.1703 2.21816 2.15645 4.92272 1.79839 212321 0 1.54284 0.297407 0
60.6954 5.37769 1.81782 0.803559 0.840346 1.80434 117423 0 1.2161 0.296358 1
-42.8088 -4.42653 0.754639 1.7472 3.82521 1.45119 103060 0 -0.00551475 0.292094 0
28.5717 36.2648 2.6824 0.951287 1.07246 1.84336 162719 0 0.902744 0.292068 1
-59.656 20.3547 0.730292 2.09158 4.71803 1.6829 139043 0 1.78923 0.29198 0
-43.0219 44.439 0.721781 0.933922 0.979129 1.74654 174195 0 2.0448 0.290536 1
-69.9329 27.6776 0.44602 1.88803 4.17505 1.59096 149775 0 1.84579 0.287331 0
-70.9439 24.4264 0.457942 1.90002 4.10582 1.69302 145092 0 1.89615 0.287115 0
-43.233 43.4407 0.717381 0.95413 0.984335 1.59662 172790 0 1.9908 0.286914 1
4.44019 16.7374 1.18142 0.795331 0.828666 1.5852 134095 0 3.03255 0.285537 1
-55.8377 34.3997 0.835711 2.06653 4.6166 1.71859 159647 0 -1.35332 0.284404 0
66.4008 4.83129 1.84778 0.89724 1.62807 1.85778 116973 0 -1.83713 0.282652 2
4.97218 44.3236 1.65305 1.99983 4.66007 1.52372 174345 0 -1.33416 0.278587 0
23.9327 45.8951 1.66074 1.69192 3.65677 1.41505 176744 0 -1.28562 0.274781 0
-58.7474 20.6553 0.681349 1.95156 4.31312 1.57473 139514 0 1.80079 0.273111 0
60.8396 5.58465 1.83982 0.830615 0.901108 1.8197 117892 0 1.28284 0.268979 1
11.9095 45.5417 1.47877 1.83776 4.08799 1.49019 176239 0 1.94982 0.266975 0
44.027 25.5161 2.23373 2.09222 4.71881 1.74308 146855 0 1.60653 0.265731 0
61.24 5.20818 1.77351 0.780699 0.863539 1.78186 117425 0 1.31946 0.263911 1
64.6094 14.3571 1.83427 0.986 1.04332 1.82666 130539 0 -1.65897 0.261475 1
30.4844 -8.12335 1.80594 0.814393 0.779033 1.81644 97673 0 2.99321 0.260623 1
38.5439 52.2447 2.64074 2.10776 4.67511 1.73399 186150 0 -1.54365 0.258541 0
60.9562 5.28875 1.81866 0.806259 0.878393 1.81834 117424 0 1.31412 0.257724 1
25.0323 45.6275 1.75073 2.25904 5.3997 1.75985 176280 0 -1.26975 0.256425 0
-58.3085 23.791 0.618891 2.16455 5.0328 1.59787 144195 0 -1.30707 0.253906 0
-30.6046 49.1271 0.163384 0.807538 1.05911 1.73713 181254 0 0.182084 0.253335 1
-31.9119 23.8971 0.909432 2.09205 4.51515 1.91305 144278 0 -1.28003 0.252743 0
-43.2617 -4.67722 0.713301 1.98499 4.47846 1.50576 102590 0 0.00176721 0.252482 0
-68.3776 26.6752 0.0338892 0.800283 0.876805 1.71054 148376 0 1.82892 0.252472 1
12.2761 48.443 1.86277 2.17177 4.86186 1.89526 180452 0 1.63198 0.250633 0
-3.09521 61.807 1.74525 2.01528 4.47872 1.52348 200060 0 2.01798 0.249503 0
19.4759 26.7222 1.51591 1.79999 3.96837 1.43992 148650 0 -1.3741 0.24564 0
-8.81297 42.7721 1.4249 2.08928 4.67123 1.82558 171962 0 0.611271 0.23744 0
-34.0447 -0.100235 0.815365 2.14833 4.67142 1.60024 109171 0 -1.61037 0.237158 0
-8.16824 42.7271 1.45291 2.07126 4.66615 1.7706 171964 0 -1.39294 0.236289 0
-10 40.219 0.936524 1.81102 4.13781 1.45028 168214 0 -1.37134 0.235378 0
60.2415 6.1799 1.68159 0.902788 0.958566 1.8278 118826 0 -1.86458 0.235339 1
-51.6226 27.0998 0.410472 1.93341 4.40911 1.52289 148896 0 -1.3701 0.234651 0
-50.7738 27.0518 0.302906 1.92365 4.42007 1.49264 148899 0 -1.38254 0.233918 0
-35.3189 19.4019 0.708961 1.95016 4.35538 1.67874 137715 0 -1.35215 0.2331 0
-43.2245 43.5812 0.711393 0.962254 1.007 1.62312 173258 0 2.034 0.23268 1
-58.0942 20.6776 0.70852 1.95301 4.36621 1.56543 139516 0 1.62644 0.229719 0
-69.5798 25.1603 0.410422 1.9934 4.31169 1.71839 146032 0 -2.86083 0.228424 0
11.3931 45.0539 1.47913 2.01461 4.61386 1.5481 175301 0 1.73688 0.22838 0
5.67973 34.0257 1.60101 0.764633 0.707674 1.64954 159371 0 1.56573 0.228337 1
-58.0887 20.9182 0.692648 1.98394 4.44358 1.56075 139984 0 1.21933 0.22749 0
-70.942 23.9279 0.474851 1.74363 3.73376 1.62003 144156 0 1.70359 0.225081 0
26.6963 30.4943 1.91654 2.08334 4.74174 1.54903 154289 0 1.73546 0.224741 0
-2.08316 64.3812 1.98686 2.30596 5.60019 1.72446 203807 0 -1.35235 0.224573 0
37.9924 51.7502 2.53995 1.84311 3.96423 1.54033 185212 0 -1.4715 0.221464 0
63.2133 6.55266 1.12044 0.768344 0.836146 1.6884 119303 0 1.4533 0.221014 1
-42.8249 43.62 0.734318 0.867805 0.885662 1.64157 173260 0 1.99885 0.22046 1
-29.585 -7.18082 1.09048 0.788382 0.80268 1.63033 98889 0 -1.38693 0.220135 1
-51.987 27.623 0.52232 2.0382 4.54122 1.59444 149831 0 -1.3594 0.219154 0
-70.214 27.4088 0.46198 1.96948 4.38801 1.62581 149306 0 1.79821 0.218903 0
-56.0964 -10.1207 0.839345 0.758254 0.755984 1.68216 94594 0 -2.69753 0.218365 1
38.7967 51.7506 2.5821 2.11745 4.81651 1.74898 185215 0 -1.48386 0.217748 0
8.81854 39.8192 1.61054 1.01479 1.30501 1.64889 167805 0 2.03444 0.217685 1
-38.5243 5.0928 0.666544 0.871642 0.904141 1.71773 116645 0 -1.81136 0.212186 1
-1.17867 18.3391 1.04161 1.55673 3.36338 1.42612 136418 0 -1.28374 0.210514 0
-48.3827 -4.40776 0.82754 0.868035 0.912711 1.78002 103042 0 1.51572 0.210466 1
-27.6372 -4.10666 0.949171 0.792196 0.782773 1.56847 103575 0 1.69256 0.209418 1
-48.2668 -4.41291 0.831376 0.877431 0.919511 1.78266 103043 0 0.408267 0.209032 1
-51.0533 26.7748 0.308081 1.87887 4.30091 1.46955 148430 0 -1.46016 0.208817 0
44.0033 25.9959 2.23472 2.13222 4.89123 1.79324 147791 0 1.70096 0.20638 0
17.3189 16.0619 1.14521 2.16661 5.00933 1.50998 133200 0 -1.40167 0.205845 0
-50.0508 49.8086 0.610856 1.95984 4.44619 1.55574 182129 0 0.598876 0.205599 0
-71.4624 23.9199 0.421974 2.08574 4.63845 1.77566 144154 0 1.66795 0.205361 0
9.0691 39.581 1.59355 0.946131 1.1887 1.66733 167338 0 2.26197 0.204209 1
-45.3399 -5.01208 0.622546 1.88157 4.07443 1.47983 102116 0 -0.0312614 0.203429 0
-51.731 22.5325 0.511329 1.84147 4.08068 1.44383 142344 0 1.84517 0.20259 0
11.3999 45.8052 1.55159 2.16656 5.16105 1.70127 176705 0 1.87986 0.202275 0
40.849 47.2486 2.46615 0.797672 0.792628 1.72191 178669 0 1.47842 0.201344 1
-55.408 14.4665 0.567934 2.24366 5.24394 1.67436 130632 0 1.87647 0.200038 0
-26.1027 -7.24348 1.13559 0.767352 0.821524 1.58322 98900 0 -1.61287 0.198922 1
30.8532 -7.17524 1.46251 0.754732 0.720108 1.71713 99078 0 1.85941 0.198129 1
11.3891 48.2143 1.85822 2.08402 4.16558 1.88312 179981 0 1.7461 0.198066 0
44.9691 28.3447 2.40303 2.11533 4.67245 1.84472 151070 0 1.63037 0.197188 0
45.8873 25.4839 2.22529 2.11749 4.88212 1.85056 146861 0 -1.48936 0.197168 0
11.3491 49.0209 1.89745 2.21583 5.12033 1.93435 181385 0 1.82506 0.196468 0
27.335 30.2261 2.07849 2.20074 4.99269 1.67661 153823 0 1.70057 0.195924 0
-61.696 8.89226 2.07778 0.83023 1.09187 1.8118 122189 0 1.66183 0.194988 1
-49.5156 50.3808 0.653219 1.94338 4.25448 1.53989 183067 0 -0.853446 0.194912 0
5.81297 34.0465 1.60662 0.744882 0.708307 1.64285 159372 0 1.2547 0.194577 1
9.12109 40.1794 1.57132 2.11504 4.66177 1.67147 168274 0 1.88368 0.194519 0
-56.1 34.1323 0.855434 2.14793 4.85105 1.76187 159178 0 -1.47002 0.193225 0
-55.5644 34.6607 0.820998 2.0435 4.52029 1.70896 160116 0 -1.20599 0.193059 0
44.6355 22.3305 2.07269 1.98645 4.51357 1.5788 142177 0 1.59355 0.192831 0
-42.8562 43.4674 0.738129 0.934774 0.968241 1.6879 172792 0 1.79737 0.192792 1
-55.1988 34.1407 0.751077 1.99179 4.32042 1.6517 159181 0 -1.40401 0.192658 0
44.9031 29.2081 2.35876 0.892889 0.917985 1.75705 152474 0 -1.54938 0.192484 1
-10.0417 43.2941 1.37222 2.25398 5.26397 1.92155 172894 0 1.6693 0.191956 0
5.25644 44.5927 1.61578 1.97312 4.64425 1.51531 174814 0 -1.35648 0.191834 0
-58.0447 23.3118 0.552871 2.01391 4.48047 1.4895 143260 0 -1.45555 0.19152 0
4.82749 16.5766 1.15659 0.791041 0.790182 1.63801 133629 0 -2.76103 0.190792 1
44.9106 29.018 2.38289 0.948059 1.0258 1.76968 152006 0 -1.58681 0.190498 1
46.8586 28.0038 2.4705 2.16352 4.88483 1.88842 150608 0 -1.46061 0.190244 0
30.3575 -8.11915 1.79005 0.804697 0.740748 1.86749 97672 0 2.96552 0.188605 1
2.80584 46.4336 1.63933 0.8265 0.768479 1.55921 177614 0 2.74192 0.187794 1
-68.5311 26.6844 0.024512 0.827472 0.964422 1.71582 148375 0 1.80968 0.187431 1
-57.7948 20.9026 0.699615 1.99106 4.43575 1.56728 139985 0 -1.34079 0.186911 0
-14.7943 -9.43669 1.03953 0.96386 1.05795 1.7935 95659 0 -3.05247 0.185346 1
-39.8564 22.8627 0.805405 2.11426 4.57643 1.75458 142849 0 -1.4049 0.185056 0
60.2546 6.01378 1.65251 0.821932 0.869387 1.7924 118358 0 -1.79103 0.18468 1
-42.818 44.862 0.703733 0.904037 0.944688 1.73704 175132 0 1.83538 0.184652 1
-42.5465 -4.93796 0.803031 1.9626 4.37666 1.54431 102125 0 -0.0355554 0.18463 0
10.7893 48.7991 1.86941 2.2658 5.34175 1.94003 180915 0 1.80246 0.184071 0
-46.1612 -5.25385 0.683551 2.0724 4.66203 1.62224 101645 0 0.158274 0.183854 0
65.0194 14.3184 1.74315 0.994934 1.48941 1.82846 130541 0 -1.52016 0.183784 2
-38.5233 5.46008 0.682943 0.910838 1.00779 1.74683 117581 0 -1.69478 0.183263 1
1.22425 31.2882 1.53251 2.13728 4.94318 1.54689 155145 0 -1.34989 0.180215 0
28.3636 36.0962 2.65274 0.936841 1.0763 1.76617 162250 0 0.923513 0.179934 1
-61.6908 9.03056 2.01579 0.840733 1.17038 1.81327 122657 0 1.51479 0.179426 1
22.6756 40.1601 1.91208 1.85913 3.8259 1.74422 168316 0 -1.30216 0.179402 0
-24.747 -0.172173 0.796467 2.05891 4.73584 1.50086 109200 0 -1.56234 0.17934 0
-48.2653 -4.53804 0.831059 0.875829 0.911565 1.81057 102575 0 -1.63383 0.179012 1
-50.3351 50.082 0.660491 2.16409 5.04124 1.6645 182596 0 1.56051 0.178945 0
37.9524 52.2555 2.61466 1.85539 3.99422 1.53563 186148 0 -1.45645 0.177346 0
-54.4546 -8.82848 0.715831 0.787456 0.837066 1.67949 96471 0 1.8229 0.177196 1
44.6346 28.6062 2.41319 1.97548 4.01697 1.76825 151537 0 1.59355 0.177102 0
44.6319 25.2088 2.20373 2.06903 4.66402 1.74773 146389 0 1.56585 0.176953 0
-52.2963 27.4049 0.504406 1.99728 4.47275 1.58416 149362 0 -1.33364 0.176582 0
-69.6567 27.4145 0.415516 1.70972 3.71862 1.51312 149308 0 1.79074 0.176173 0
28.5931 36.0874 2.66652 1.01744 1.22782 1.81013 162251 0 1.01421 0.174396 1
8.48757 40.2077 1.55737 2.05512 4.46547 1.63905 168272 0 1.92191 0.173047 0
-49.4696 50.6965 0.647364 2.08407 4.58743 1.60639 183535 0 -0.592214 0.172683 0
44.6234 23.0855 2.22068 1.97015 4.454 1.579 143581 0 1.58243 0.171948 0
-30.7775 49.0928 0.138816 0.810094 1.23182 1.75542 181253 0 0.657324 0.171754 1
-48.4665 51.0282 0.660652 2.08258 4.62543 1.62877 184006 0 0.222971 0.171078 0
39.1173 34.619 2.44438 2.27881 5.33991 1.81827 160412 0 -1.62608 0.170863 0
-40.1368 22.6056 0.780267 2.10741 4.67504 1.75298 142380 0 -1.36416 0.170741 0
-61.818 8.87532 2.02524 0.84245 1.53762 1.79733 122188 0 1.63816 0.170715 2
-4.25219 61.8759 1.70035 2.04001 4.75052 1.57718 200056 0 1.82787 0.170452 0
57.9917 6.76476 1.61865 0.973257 1.14238 1.77568 119755 0 3.03971 0.170424 1
46.2219 43.9668 2.60074 0.839335 0.902775 1.81227 174006 0 2.97922 0.169996 1
9.09844 39.844 1.59578 1.12812 1.62337 1.66834 167806 0 1.99399 0.169984 0
44.6331 27.7444 2.3821 0.771499 0.763683 1.78389 150133 0 1.58386 0.169837 1
3.43239 47.2173 1.58939 0.7832 0.733036 1.56427 178552 0 -0.248552 0.169646 1
26.9619 69.6792 2.08367 2.18222 5.0145 1.8048 211386 0 1.54289 0.169464 0
-12.2389 32.4205 1.38373 2.41981 6.031 1.76608 156975 0 -1.31127 0.169425 0
-7.85658 42.9748 1.46021 2.07756 4.66784 1.74347 172433 0 -1.45519 0.169203 0
-69.6647 27.9521 0.441193 1.90225 4.15036 1.57385 150244 0 1.95813 0.169135 0
-68.3797 26.508 0.0565479 0.80693 0.941911 1.707 147908 0 1.99886 0.167709 1
-54.5751 34.3064 0.702505 2.03904 4.53517 1.63646 159651 0 -1.45944 0.167281 0
-30.5459 49.335 0.187233 0.853248 1.59775 1.77345 181722 0 -2.68762 0.166526 2
-51.096 27.5784 0.407533 2.11649 4.83852 1.58407 149834 0 -1.39837 0.165332 0
43.724 22.6145 2.09271 1.98178 4.525 1.59508 142642 0 1.59543 0.164851 0
-48.1545 50.7636 0.671831 1.97724 4.36024 1.57381 183539 0 0.415583 0.164579 0
-11.6865 54.2489 1.65554 2.05026 4.61068 1.72483 188801 0 1.79604 0.164536 0
63.5955 21.8158 1.84008 1.97209 4.33576 1.57208 141768 0 1.47497 0.164377 0
4.4262 16.5592 1.18433 0.830811 0.837316 1.63132 133627 0 -3.10882 0.164247 1
-14.6323 -9.43877 1.0819 0.868635 0.957319 1.74123 95660 0 -2.66118 0.163558 1
36.3556 -9.15271 1.75964 0.784305 0.839005 1.69506 96287 0 -0.0140381 0.163438 1
41.2088 45.5256 2.76257 0.82213 0.797571 1.71962 176330 0 1.46596 0.163078 1
-58.7557 21.2087 0.654404 1.96004 4.30043 1.57124 140450 0 1.80161 0.162861 0
63.2071 6.81444 1.19298 0.7997 0.886402 1.73483 119771 0 2.59364 0.162524 1
50.4612 2.66351 1.8497 0.76387 0.683531 1.63669 113647 0 3.03718 0.161241 1
-46.8995 42.8451 0.746972 1.96789 4.23972 1.71664 171843 0 1.77187 0.161186 0
-71.758 24.4401 0.524276 2.3347 5.4202 1.94225 145089 0 1.81053 0.160938 0
3.69219 49.0888 1.66931 0.764285 0.718262 1.60326 181361 0 -3.1269 0.160386 1
-52.2719 22.0038 0.485536 1.99305 4.57944 1.5241 141406 0 1.83049 0.160221 0
19.9528 7.97255 0.936722 0.688269 0.775167 1.22014 121040 0 0.181706 0.158978 1
44.9485 25.9951 2.30718 2.1872 4.79463 1.84608 147794 0 1.57748 0.158847 0
-70.9329 24.7212 0.438256 2.09159 4.4956 1.74612 145560 0 2.03293 0.158721 0
-61.8053 9.02566 2.07889 0.865959 1.80129 1.82909 122656 0 1.60309 0.158585 2
12.935 46.5421 1.64671 2.09638 4.83934 1.76778 177646 0 0.0738283 0.158541 0
-51.3618 25.7962 0.397858 2.02512 4.53356 1.52404 147025 0 -1.41299 0.158478 0
-10.0395 42.7749 1.30651 2.27813 5.22412 1.97092 171958 0 1.66659 0.157135 0
-70.5096 27.9685 0.507408 2.3052 5.38091 1.83245 150241 0 1.87207 0.156251 0
11.6818 49.0395 1.93432 1.62871 2.74464 1.88898 181386 0 1.79344 0.155315 0
-35.9776 19.6664 0.695476 2.24587 5.08371 1.80078 138181 0 -1.34179 0.155185 0
25.775 29.6709 1.97381 1.99934 4.52167 1.50657 152882 0 1.65369 0.154808 0
26.4134 69.386 2.08729 1.9199 4.23343 1.60765 210916 0 1.57228 0.154628 0
24.516 45.3961 1.66395 2.01956 4.7115 1.58971 175810 0 -1.19942 0.154182 0
2.94588 46.4521 1.6084 0.797837 0.744184 1.54699 177615 0 2.82616 0.154179 1
57.8454 6.76724 1.62408 0.95874 1.0537 1.75622 119754 0 2.70547 0.154051 1
45.2866 25.203 2.21255 1.99802 4.62194 1.73494 146391 0 -1.48092 0.153988 0
-11.0496 54.2465 1.69797 2.0314 4.53674 1.73824 188803 0 1.81389 0.153659 0
19.8244 8.12096 0.945048 0.703008 0.76552 1.30363 121507 0 0.713863 0.153649 1
-38.7358 5.2751 0.66759 0.954474 1.04825 1.72472 117112 0 -1.75435 0.153163 1
-35.0379 19.5774 0.769652 2.30399 5.13104 1.83583 138184 0 -1.32951 0.153069 0
60.6544 5.82953 1.7654 0.804538 0.876519 1.83171 118359 0 -1.77772 0.152829 1
-49.1031 51.03 0.646906 2.13792 4.73256 1.65839 184004 0 -0.119075 0.15236 0
22.0236 37.527 1.64775 1.73753 3.84204 1.4364 164570 0 -1.34568 0.152075 0
4.62118 17.0538 1.14093 1.13672 1.85149 1.52338 134564 0 -2.12404 0.151944 1
-8.83237 43.2673 1.47105 2.22731 4.99611 1.84564 172898 0 1.99487 0.151366 0
27.3085 69.9501 2.13985 2.25999 5.28854 1.87823 211855 0 1.52703 0.151277 0
25.822 30.5104 1.82767 2.01526 4.5867 1.4608 154286 0 1.77447 0.150542 0
12.6051 48.455 1.83536 2.13071 4.65827 1.86528 180453 0 1.17649 0.149899 0
-8.4636 42.4656 1.44033 2.07356 4.70625 1.81219 171495 0 -1.23654 0.149551 0
38.5387 51.4624 2.54132 2.01292 4.45553 1.65169 184746 0 -1.43621 0.14872 0
-11.3566 53.9272 1.66431 2.08544 4.38413 1.73821 188334 0 1.78435 0.148345 0
-1.12782 18.6776 1.06489 0.880195 1.18553 1.435 136886 0 -1.19448 0.147406 1
-59.0722 20.0599 0.724409 2.00302 4.40046 1.63823 138577 0 1.75221 0.147064 0
-2.7524 61.3823 1.7068 1.95184 4.40212 1.50959 199125 0 -1.35904 0.147022 0
-50.345 50.3674 0.698231 2.25655 5.31114 1.74541 183064 0 -1.26424 0.146894 0
-53.3498 33.7629 0.731138 2.10453 4.6706 1.66812 158719 0 -1.32907 0.146428 0
41.0013 47.225 2.50086 0.819655 0.809392 1.73559 178670 0 1.49547 0.14617 1
-48.7811 21.9026 0.449782 2.00628 4.48829 1.52565 141417 0 1.84298 0.145778 0
4.36143 44.6221 1.76901 2.00168 4.61282 1.59052 174811 0 -1.36231 0.145233 0
-57.2179 23.4992 0.541628 1.66616 3.50581 1.37771 143731 0 -1.30525 0.144855 0
-49.503 49.8033 0.613802 1.73951 3.83809 1.46677 182131 0 -1.14895 0.144684 0
45.2286 22.8067 2.20979 2.08432 4.80887 1.64947 143115 0 -0.11136 0.144159 0
-27.8597 -4.3731 0.983491 0.928245 0.994497 1.68991 103106 0 1.66655 0.143762 1
25.491 20.6165 1.75526 0.859503 0.950251 1.61946 139777 0 1.65939 0.143515 1
-48.7832 50.7615 0.65094 1.92936 4.21492 1.55216 183537 0 0.00126506 0.142777 0
-51.0682 26.4297 0.306679 1.88761 4.28064 1.47539 147962 0 -1.43544 0.142573 0
-68.5406 26.4962 0.0158868 0.842412 1.0192 1.72836 147907 0 1.90751 0.142067 1
46.5896 27.7297 2.42507 2.03618 4.51295 1.80253 150139 0 -1.4354 0.141855 0
45.5821 28.0453 2.41275 2.1814 4.88302 1.89345 150604 0 -1.58623 0.1417 0
-51.6546 25.7892 0.423271 2.069 4.68809 1.55858 147024 0 1.46575 0.140724 0
57.8473 6.36523 1.59721 0.883942 0.910429 1.72306 118818 0 2.70983 0.140633 1
44.7236 29.2195 2.35706 0.98714 1.08306 1.75733 152473 0 -1.5864 0.14055 1
-50.0501 50.6636 0.707597 2.31263 5.38133 1.77557 183533 0 -1.04259 0.140307 0
-54.8324 33.8571 0.720624 2.12974 4.72959 1.68163 158714 0 -1.35499 0.140151 0
27.6613 36.0026 2.58228 1.58457 3.3639 1.67629 162248 0 1.75234 0.139946 0
-39.2092 22.5866 0.763662 2.00646 4.43196 1.72476 142383 0 -1.39798 0.139883 0
21.964 34.2001 1.63869 2.06803 4.73154 1.60663 159422 0 -1.31854 0.139824 0
-43.2414 44.849 0.716084 1.00818 1.05293 1.79859 175130 0 1.91781 0.139797 1
-8.79099 42.4721 1.42249 2.0498 4.60414 1.82023 171494 0 -0.932768 0.139213 0
-58.4175 20.3668 0.696264 2.00958 4.54902 1.61033 139047 0 1.77343 0.137913 0
26.3764 30.8092 1.85614 2.0225 4.57633 1.49842 154756 0 1.77268 0.137782 0
-10.7242 53.9385 1.68587 2.0679 4.67956 1.78219 188336 0 -1.51544 0.137736 0
30.4853 -7.95978 1.76067 0.809634 0.797396 1.80615 98141 0 2.98711 0.137329 1
-70.2267 28.2457 0.490327 2.25812 5.11434 1.78654 150710 0 1.9599 0.136812 0
-59.6235 21.1981 0.70148 2.17764 5.04501 1.73545 140447 0 1.89154 0.136657 0
11.3812 47.9084 1.83912 1.15589 1.60696 1.82304 179513 0 1.61712 0.135539 1
41.0746 46.4816 2.68163 0.825506 0.779419 1.7541 177734 0 1.49641 0.135535 1
-10.7401 54.2248 1.71201 2.07412 4.68052 1.77081 188804 0 -2.39621 0.135368 0
6.19328 46.969 1.87555 1.95981 4.43166 1.66762 178093 0 -1.37493 0.134778 0
28.5976 69.5827 2.0255 0.715587 0.705034 1.6247 211391 0 1.54947 0.134739 1
40.8416 47.4118 2.47925 0.849167 0.838247 1.75526 179137 0 1.45471 0.134592 1
12.6639 46.8345 1.71205 2.30023 5.39979 1.9477 178113 0 0.00569436 0.134315 0
37.617 49.3342 2.4298 2.14658 4.82552 1.6686 181935 0 -1.42099 0.134132 0
-38.8805 22.8547 0.768779 2.04539 4.49858 1.72173 142852 0 -1.47393 0.13377 0
33.1036 -8.10117 1.58966 0.813939 0.785934 1.68966 97681 0 1.66911 0.133737 1
-43.2752 44.4151 0.740916 0.89563 0.924106 1.63242 174194 0 1.95653 0.133035 1
4.94551 44.8923 1.7369 1.9871 4.51909 1.568 175281 0 -1.34394 0.13294 0
-9.43414 42.4819 1.38674 2.04165 4.52965 1.82747 171492 0 1.60787 0.132807 0
5.56483 44.0332 1.58461 2.02521 4.62477 1.47321 173879 0 -1.32666 0.132647 0
25.6742 20.6229 1.78476 0.889131 1.02454 1.6812 139778 0 1.63582 0.132543 1
-51.6268 26.7602 0.376348 1.92044 4.425 1.51836 148428 0 -1.33624 0.132442 0
57.9914 6.35629 1.62301 0.891491 0.945235 1.72834 118819 0 2.9004 0.132045 1
25.5023 30.2101 1.89149 2.03134 4.6451 1.47596 153817 0 1.72624 0.131153 0
-51.6485 26.0692 0.388989 2.00526 4.56001 1.54621 147492 0 -0.59992 0.130822 0
4.69201 44.071 1.74018 2.002 4.55639 1.51086 173876 0 -1.36336 0.130737 0
25.4954 24.4266 1.71267 2.21225 4.98961 1.44338 145393 0 1.65593 0.130536 0
-4.59541 16.403 1.0042 0.851404 0.850577 1.64553 133599 0 0.391322 0.130423 1
60.1114 6.02753 1.64017 0.857344 0.8954 1.74085 118357 0 -1.7772 0.130319 1
60.9757 4.3784 1.7361 0.804234 0.828076 1.7838 116020 0 1.4964 0.130314 1
-40.1641 21.5868 0.70413 2.03174 4.42625 1.66559 140976 0 -1.32023 0.12947 0
44.9546 29.9448 2.46348 2.0422 4.49592 1.72212 153410 0 -2.01525 0.128928 0
-50.4567 27.298 0.355632 2.04854 4.63423 1.54657 149368 0 1.38752 0.128759 0
-49.4328 51.0035 0.664861 2.23594 5.01917 1.70749 184003 0 -0.348021 0.128569 0
-59.9214 20.8984 0.727405 2.1921 5.09147 1.7651 139978 0 1.87238 0.128536 0
44.6286 30.226 2.44004 2.00555 4.4364 1.62621 153877 0 1.57144 0.128456 0
-40.6456 -5.23508 0.976711 2.29961 5.2178 1.84462 101662 0 0.0365305 0.127954 0
24.7276 46.1215 1.75366 2.14504 4.97757 1.66252 177215 0 -1.3387 0.127751 0
25.833 69.6501 2.17454 1.97568 4.39793 1.66337 211382 0 1.56244 0.127431 0
-57.8059 24.0549 0.541117 2.04824 4.58479 1.51278 144665 0 -1.16036 0.127351 0
-3.63428 61.3932 1.6073 1.86845 4.16219 1.4449 199122 0 -0.857363 0.127347 0
30.8638 -6.99237 1.51061 0.744019 0.695963 1.74363 99546 0 1.7578 0.12728 1
20.9945 -9.65954 1.07416 0.778839 0.849236 1.67689 95303 0 -1.49726 0.127201 1
25.4317 72.4821 2.18679 1.99303 4.32841 1.67185 215593 0 1.57175 0.127128 0
5.35564 35.3071 1.50327 0.853369 0.839814 1.63932 161242 0 -1.52908 0.12686 1
-57.7894 -9.13777 0.730534 0.702493 0.639122 1.68891 95993 0 -3.05299 0.12679 1
41.3339 45.3882 2.7948 0.816359 0.767139 1.74918 175863 0 1.5197 0.126328 1
63.2073 6.32372 1.1927 0.823954 0.957638 1.72673 118835 0 1.13953 0.12631 1
-54.2041 -8.60667 0.774979 0.849996 0.887252 1.75906 96940 0 1.8045 0.126099 1
15.7669 10.5002 0.884302 1.95579 4.7247 1.49723 124771 0 -1.42228 0.125954 0
-0.861702 18.7085 1.07427 0.776765 0.868259 1.4621 136887 0 -0.773773 0.125951 1
-59.9353 20.0521 0.794349 2.1973 5.04997 1.74708 138574 0 1.78405 0.125928 0
23.626 42.5013 1.66678 1.94502 4.28358 1.6206 171595 0 -1.27842 0.125881 0
9.73138 39.8717 1.53894 2.07448 4.70702 1.64687 167808 0 1.71026 0.125664 0
45.574 28.5871 2.46024 2.14787 4.72289 1.85928 151540 0 -1.56493 0.124752 0
44.6351 29.9586 2.37594 1.97752 4.24523 1.64158 153409 0 2.55173 0.124586 0
12.6176 71.199 2.13362 2.08425 4.65568 1.7045 213681 0 -2.7286 0.124213 0
-50.4303 26.784 0.335152 1.90532 4.30991 1.51827 148432 0 -1.47747 0.124024 0
5.47874 20.4183 1.23415 1.6905 3.76371 1.44428 139247 0 1.77517 0.12387 0
20.6111 59.6873 1.74919 0.847511 0.923941 1.67808 196858 0 0.333825 0.123867 1
44.0287 28.3744 2.20139 1.96817 4.29475 1.66105 151067 0 1.61983 0.123796 0
5.6744 33.8886 1.58425 0.729119 0.663552 1.61928 158903 0 1.20184 0.123567 1
-39.8317 22.2711 0.754634 2.00835 4.38804 1.71358 141913 0 -1.2924 0.123469 0
-57.1374 20.6086 0.696255 1.97643 4.59421 1.60495 139519 0 -1.24424 0.123321 0
-43.0019 43.9818 0.681587 0.822528 0.910393 1.62459 173727 0 2.10357 0.123226 1
-69.9405 27.0974 0.438695 1.72627 3.79628 1.53537 148839 0 1.74098 0.123036 0
8.55681 39.5772 1.59454 0.958114 1.21403 1.66935 167336 0 2.3774 0.122676 1
-11.9857 53.9566 1.6542 2.09151 4.71881 1.75472 188332 0 1.78894 0.122648 0
28.0115 36.0208 2.61926 1.43763 2.5588 1.67873 162249 0 1.51127 0.12253 0
-26.1052 -7.41846 1.14984 0.797816 0.88717 1.62727 98432 0 -1.51753 0.122358 1
60.5689 6.54975 1.69379 0.816547 0.869915 1.79569 119295 0 -1.9755 0.122297 1
26.4323 70.4962 2.27877 2.19537 5.01964 1.80992 212788 0 1.56753 0.122143 0
-50.1044 27.0259 0.375723 1.9491 4.39829 1.54622 148901 0 0.209155 0.121843 0
5.57841 47.6977 1.76521 2.42803 5.91749 1.91124 179495 0 -1.28726 0.121747 0
60.4058 5.61073 1.73742 0.827139 0.874376 1.80205 117890 0 -1.79677 0.121616 1
-33.5113 19.064 0.665836 2.25639 5.40074 1.7554 137253 0 -1.331 0.121402 0
-57.7546 20.3711 0.726818 1.95559 4.38669 1.59295 139049 0 -1.42593 0.120985 0
-38.9429 8.13187 0.121871 0.698353 0.780941 1.3054 121324 0 -1.43616 0.120847 1
-51.6385 26.398 0.385227 1.95039 4.4629 1.53321 147960 0 -0.855205 0.120737 0
38.82 48.9059 2.4047 1.92555 4.37489 1.61323 181003 0 -1.5334 0.120705 0
-56.1003 -10.2979 0.816643 0.770221 0.762894 1.69406 94126 0 -2.26735 0.120447 1
-50.0712 49.5032 0.604625 1.93934 4.33055 1.55191 181661 0 1.63916 0.120232 0
-55.8587 33.8407 0.787446 2.04018 4.51178 1.69202 158711 0 -1.52171 0.120069 0
20.7557 32.1498 1.90765 1.88831 3.90891 1.79944 156610 0 -1.35599 0.119912 0
-23.4991 -6.09762 1.10256 0.917966 1.85789 1.67632 100312 0 1.89413 0.119734 2
7.87304 40.4957 1.55336 2.00392 4.45787 1.62315 168738 0 1.87797 0.119186 0
22.3249 37.0911 1.65941 1.88996 4.40618 1.49019 163635 0 -1.29053 0.119127 0
-51.0813 26.074 0.32373 1.92151 4.31126 1.48701 147494 0 -1.44969 0.118557 0
-42.8367 44.3964 0.71188 0.923204 1.00011 1.73405 174196 0 2.05604 0.117994 1
45.9178 45.9245 2.77295 2.00346 4.44484 1.60943 176813 0 2.74854 0.117847 0
28.0273 36.296 2.66602 1.40684 2.44264 1.742 162717 0 1.46982 0.117386 0
28.9256 36.0228 2.6203 1.52695 2.78816 1.79544 162252 0 1.5495 0.117302 0
50.6098 2.66982 1.84865 0.807713 0.695918 1.66293 113648 0 3.13625 0.116776 1
27.6559 70.2207 2.14056 2.15262 4.93214 1.80484 212324 0 1.51982 0.116667 0
1.75475 30.9953 1.33676 1.82767 3.91238 1.4293 154679 0 -1.35823 0.116496 0
-1.98373 17.8665 1.14835 2.12357 4.99822 1.58568 135479 0 -1.34447 0.116379 0
47.151 28.2848 2.55352 2.32969 5.40972 2.03181 151077 0 -1.47272 0.115789 0
8.52472 39.854 1.59521 1.36385 2.09809 1.6625 167804 0 2.08108 0.115398 0
-11.0636 53.6456 1.64665 1.30993 2.00349 1.79019 187867 0 2.00234 0.115382 1
-39.8379 21.9186 0.728753 1.9818 4.31615 1.67814 141445 0 -1.28527 0.11533 0
5.5051 35.3426 1.51643 0.917528 0.88226 1.68198 161243 0 -1.47212 0.115306 1
44.93 28.0161 2.4194 1.96696 3.58953 1.85614 150602 0 1.78287 0.115131 0
-8.51459 43.2686 1.47925 2.20046 4.88284 1.8118 172899 0 -1.63668 0.11513 0
-27.6952 -4.88823 0.955758 0.71673 0.729354 1.38969 102171 0 1.68019 0.115125 1
-34.0741 18.8301 0.660285 1.90398 4.59952 1.66864 136783 0 -1.32531 0.115072 0
12.9479 48.4822 1.81094 1.01359 1.32436 1.81399 180454 0 -0.50182 0.114928 1
-12.3143 54.5506 1.76125 2.03647 4.58594 1.75053 189267 0 1.84751 0.114811 0
-10.4261 54.2106 1.74511 2.12091 4.78333 1.79014 188805 0 -1.47977 0.114781 0
-55.9595 -10.1163 0.847324 0.779339 0.785712 1.71054 94595 0 -2.57498 0.114413 1
9.43747 39.568 1.53876 1.99035 4.16322 1.62922 167339 0 2.05084 0.114197 0
-69.8385 25.3774 0.418642 2.20185 4.8189 1.83127 146499 0 -2.90658 0.113821 0
44.3247 28.925 2.32531 1.97504 4.17029 1.70659 152004 0 1.56177 0.113673 0
63.4258 6.5557 1.12064 0.833026 0.995123 1.75766 119304 0 -1.73437 0.113294 1
-40.484 21.3113 0.690739 2.15864 4.65988 1.67927 140507 0 -1.34335 0.113198 0
44.7022 28.9915 2.39796 1.07164 1.31556 1.77042 152005 0 1.58922 0.112686 0
5.27788 43.7775 1.66519 1.95062 4.36896 1.47086 173410 0 -1.34615 0.112514 0
27.362 35.7297 2.50396 0.921082 1.19741 1.70745 161779 0 1.77692 0.112441 1
45.287 29.9286 2.53262 2.08134 4.72405 1.78719 153411 0 -1.7485 0.112386 0
27.6626 35.7174 2.48718 1.90694 3.9607 1.67183 161780 0 1.74299 0.11219 0
-45.888 -4.74229 0.594464 1.8271 3.80341 1.43771 102582 0 0.116014 0.111987 0
27.6574 30.4973 2.1213 2.14938 4.83168 1.68492 154292 0 1.72028 0.111956 0
-52.3212 27.9238 0.523183 2.11914 4.75973 1.66273 150298 0 -1.2994 0.111939 0
22.4562 34.9394 1.60698 2.21521 5.12848 1.60758 160828 0 -1.4029 0.111571 0
25.2083 66.8483 2.10037 1.72704 3.6884 1.48523 207168 0 1.60486 0.110957 0
44.947 29.5718 2.38594 2.06994 4.09879 1.75076 152942 0 -1.60824 0.110827 0
-48.7957 51.3015 0.701111 2.26075 5.19047 1.77983 184473 0 0.00417603 0.110582 0
27.6649 36.3044 2.67119 1.26772 2.54356 1.69561 162716 0 1.75753 0.110305 0
-49.1171 -10.0347 0.681881 0.842906 0.988303 1.7345 94616 0 -3.09203 0.110034 1
46.2362 28.2755 2.47935 1.95991 4.29664 1.76973 151074 0 -1.50332 0.109925 0
19.7997 29.2956 1.58179 1.72953 3.69086 1.46871 152395 0 -1.35629 0.109586 0
44.3294 29.9544 2.29237 1.99595 4.27669 1.59462 153408 0 -2.10078 0.10942 0
12.3306 47.908 1.84023 2.23935 4.88098 1.90875 179516 0 1.26986 0.109193 0
20.7628 9.16749 1.22847 0.717969 0.755955 1.47251 122914 0 -1.00742 0.109169 1
7.50918 31.2042 1.41123 2.07266 4.823 1.59851 155165 0 1.83132 0.108509 0
-10.3872 53.64 1.66911 2.12967 4.78844 1.78955 187869 0 -1.3382 0.108419 0
-46.9721 40.2581 0.64319 1.7978 4.08225 1.70058 168099 0 -1.34634 0.108376 0
30.3147 -7.93624 1.74978 0.79866 0.772336 1.87205 98140 0 3.0334 0.108335 1
63.565 21.0769 1.75559 1.74046 3.85651 1.46995 140364 0 1.61259 0.108193 0
5.89534 34.381 1.54659 0.732047 0.696439 1.63261 159840 0 1.23139 0.10809 1
12.3218 71.4885 2.25784 2.1508 4.85548 1.70876 214148 0 -2.99131 0.10802 0
-69.6407 28.2717 0.43875 2.03741 4.49516 1.63124 150712 0 2.12593 0.107879 0
61.5297 5.22458 1.65598 0.81409 0.893592 1.725 117426 0 1.38923 0.107862 1
10.7257 65.7783 1.75081 2.02222 4.57068 1.60094 205719 0 -0.463662 0.107791 0
28.9013 36.2934 2.65029 1.53674 2.54083 1.84176 162720 0 1.51801 0.10778 0
44.646 27.9636 2.39133 0.942195 1.1098 1.79724 150601 0 1.61003 0.107733 0
61.5513 5.01878 1.69722 0.804933 0.869159 1.72354 116958 0 1.41924 0.1076 1
-52.9165 27.67 0.536503 2.11385 4.68747 1.69757 149828 0 -1.29588 0.1075 0
-10.108 53.9063 1.75386 2.17078 4.88309 1.8112 188338 0 -1.32341 0.107306 0
36.3388 -9.36188 1.72952 0.813965 0.993681 1.7109 95819 0 0.0416793 0.107294 1
-27.4963 -4.51691 0.995358 0.923481 0.934458 1.69606 102640 0 1.67423 0.107162 1
-12.64 54.2565 1.75568 2.02897 4.53201 1.76099 188798 0 1.80259 0.107132 0
43.7096 28.6213 2.04919 1.96776 4.30131 1.59649 151534 0 1.59487 0.106953 0
-69.3609 27.6578 0.413128 1.77714 3.8559 1.52448 149777 0 1.84401 0.106809 0
-40.4519 23.1562 0.810216 2.37033 5.40186 1.95713 143315 0 -1.33941 0.106548 0
43.4492 25.7704 2.27958 2.27655 5.28188 1.86676 147321 0 1.64802 0.106402 0
20.8559 9.15253 1.44701 0.812531 0.894787 1.71264 122915 0 -1.22861 0.106342 1
-43.0838 43.1524 0.694552 0.898535 0.935365 1.60203 172323 0 1.46651 0.106101 1
