-19.2632 11.3741 0.855425 2.30252 5.1188 1.83745 126065 0 -1.34639 0.949265 0
-4.39943 9.98461 1.0772 2.27709 5.04253 1.91995 124240 0 -1.36621 0.945572 0
3.68182 23.2799 1.38906 2.0027 4.68143 1.78037 143453 0 1.7714 0.934228 0
1.12928 -5.55589 0.694205 2.21435 5.12352 1.58505 101325 0 -0.0525261 0.931436 0
2.32547 15.1977 1.00281 1.97344 4.63619 1.42698 131749 0 -1.3266 0.923704 0
-3.41028 15.2187 1.24344 2.28956 5.77985 1.94485 131731 0 -1.36842 0.920538 0
-9.82108 -4.42435 0.91166 2.23379 5.20451 1.99688 103163 0 1.87376 0.919249 0
25.0738 18.9805 2.00719 2.21025 4.86982 1.78759 137436 0 1.59108 0.914847 0
6.28132 -5.87946 0.690829 2.12329 4.51444 1.62447 100873 0 -0.0256099 0.912862 0
-3.62571 12.6798 0.911058 2.12471 4.99742 1.53862 127986 0 -1.38828 0.908894 0
-0.873482 26.0972 1.19566 1.9762 4.56256 1.41238 147651 0 -1.28752 0.908772 0
-17.8525 16.3801 0.771996 2.0011 4.3715 1.53779 133558 0 1.85047 0.903347 0
16.1647 5.06052 1.13922 2.00716 4.35654 1.68272 116816 0 1.38206 0.892036 0
42.4066 19.6301 2.39831 2.03044 4.64567 1.86832 138426 0 1.53835 0.890812 0
3.59245 -5.68445 0.717284 2.08266 4.55566 1.58735 101333 0 -0.0306058 0.890203 0
-23.2362 15.2947 0.781981 2.17227 4.71192 1.85866 131669 0 -1.31358 0.889457 0
24.8592 15.4092 1.95642 2.05799 4.66075 1.73223 132287 0 1.55713 0.88707 0
-0.444489 28.8691 1.47785 2.04777 4.62807 1.53062 151864 0 -1.34891 0.876636 0
17.803 24.0755 1.7393 2.06345 4.66703 1.79757 144901 0 -1.40123 0.873487 0
14.5601 13.3874 1.17239 2.04049 4.78206 1.48679 128979 0 -1.34679 0.871605 0
25.3802 21.5629 2.06652 2.22942 5.02457 1.79809 141181 0 1.64492 0.868832 0
-24.2011 9.42043 0.620925 2.04331 4.19477 1.60821 123242 0 1.89319 0.86815 0
1.85244 11.6249 1.04715 1.89965 4.0575 1.54156 126599 0 1.77549 0.867414 0
20.0053 32.1023 2.0422 2.14081 4.90329 1.90742 156608 0 -1.37417 0.865104 0
-2.73216 18.0509 1.01097 2.01432 4.70752 1.4563 135945 0 -1.31162 0.86133 0
-24.7799 -0.158249 0.65386 2.10309 4.69347 1.49643 109200 0 -1.55345 0.860027 0
-1.7688 23.6175 1.18285 1.96514 4.40926 1.48365 143904 0 -1.31592 0.85961 0
5.33074 28.6088 1.56096 2.18212 5.15951 1.85233 151414 0 1.80083 0.857639 0
19.0665 29.2626 1.65488 1.98282 4.59479 1.505 152393 0 -1.37437 0.857574 0
-37.5948 11.0536 0.660424 2.08652 4.4485 1.84524 125540 0 1.81199 0.856638 0
24.8523 27.2435 2.16986 2.32203 5.06572 1.88429 149603 0 1.62157 0.856215 0
16.5824 21.5801 1.57477 2.17737 5.26294 1.74451 141153 0 1.76892 0.855935 0
-2.41071 20.4342 1.10209 2.00453 4.60642 1.47705 139222 0 -1.29428 0.850466 0
-54.1815 19.3768 0.503751 2.04922 4.55276 1.67768 137656 0 1.84689 0.848992 0
-38.7647 -5.37885 0.723299 2.10641 4.73552 1.53637 101668 0 0.027946 0.847888 0
2.78442 17.7849 1.12568 2.05776 5.04417 1.5048 135494 0 1.83217 0.847758 0
15.8436 18.9277 1.29066 2.03001 4.65802 1.5374 137407 0 -1.3648 0.845028 0
-43.0364 12.3278 0.6307 2.14186 4.94179 1.82101 127395 0 -1.36033 0.844912 0
-17.3789 19.2611 0.904746 2.17953 4.83048 1.73582 137771 0 -1.24632 0.841193 0
18.6897 26.668 1.53868 2.05634 4.76986 1.52905 148648 0 -1.40668 0.833419 0
54.645 22.1381 2.29123 2.10418 4.73838 1.81276 142208 0 -1.71181 0.833417 0
-36.0387 16.2455 0.729947 2.30084 5.20507 1.93918 133033 0 -1.29524 0.831982 0
10.4124 45.5784 1.57882 1.99646 4.57109 1.45407 176234 0 1.82602 0.830169 0
-56.2095 14.1826 0.325243 1.90985 4.24629 1.48747 130162 0 1.8891 0.828689 0
-40.0646 5.26199 0.53583 0.808054 0.912072 1.69039 117108 0 1.54045 0.81935 1
9.24134 -5.2383 0.856633 2.30078 5.12813 1.8885 101818 0 -0.00666307 0.819059 0
3.92251 20.5928 1.25308 1.92784 4.46939 1.49088 139710 0 1.78443 0.816228 0
13.9525 10.6963 0.977122 1.92127 4.50697 1.396 125233 0 1.72773 0.80816 0
1.04865 33.7791 1.31552 1.86918 4.39041 1.37553 158889 0 -1.23807 0.798122 0
4.8924 25.7852 1.38788 1.96269 4.49301 1.49493 147201 0 1.76877 0.794403 0
21.9219 40.1498 2.05272 2.13034 4.83859 1.87726 168314 0 -1.30987 0.78898 0
37.5428 19.5776 2.05234 2.07509 4.78486 1.55023 138411 0 -1.55616 0.786722 0
25.0349 64.2014 2.15027 2.08284 4.86057 1.57682 203424 0 1.53759 0.784442 0
15.7884 16.0438 1.25619 2.02544 4.65111 1.47908 133195 0 -1.41005 0.784269 0
-25.1605 -5.80163 0.979957 0.867928 1.85318 1.79344 100775 0 1.7751 0.778063 2
-15.8582 21.9647 0.961293 2.20023 5.072 1.87491 141520 0 -1.29343 0.777337 0
10.407 48.4715 1.93464 2.02373 4.68154 1.82013 180446 0 1.79226 0.764012 0
62.6014 21.5367 2.13514 2.0326 4.46337 1.60239 141297 0 1.5801 0.758909 0
-14.0268 27.0305 1.24236 2.28025 5.59167 1.82484 149014 0 -1.32707 0.757153 0
8.13728 39.8377 1.55222 1.88494 4.29166 1.52658 167803 0 1.93187 0.756344 0
0.431717 31.2844 1.34552 1.87781 4.3375 1.37956 155143 0 -1.26918 0.753274 0
7.80621 36.6901 1.45552 1.88711 4.25344 1.4943 163122 0 1.89793 0.748326 0
20.6766 34.7063 1.77966 1.96049 4.41681 1.53687 160354 0 -1.3618 0.74527 0
25.1871 24.3521 1.9087 2.04229 4.51982 1.53537 145392 0 1.63078 0.741742 0
63.2859 14.1883 2.07286 0.908308 0.95292 1.78754 130535 0 -1.73003 0.741061 1
21.2647 37.3501 1.79553 2.03354 4.71007 1.51311 164100 0 -1.30934 0.737444 0
24.2063 67.0941 2.22844 1.99071 4.52445 1.58291 207633 0 1.54736 0.72867 0
2.68105 38.9486 1.72197 1.96206 4.59889 1.54867 166382 0 -1.25769 0.715392 0
-29.0942 -4.3277 0.901697 0.86726 0.867782 1.64595 103103 0 1.62991 0.706139 1
9.15636 42.4009 1.50139 1.98804 4.61338 1.51808 171550 0 1.79609 0.705332 0
-41.5208 -5.20592 0.810889 2.08545 4.94779 1.74226 101660 0 0.00519544 0.681374 0
4.63681 47.2489 1.91289 2.10378 4.88904 1.79759 178556 0 -1.32038 0.670442 0
-6.54162 57.1155 1.68053 2.01494 4.4942 1.57982 193029 0 1.91611 0.668275 0
-44.3403 -4.91628 0.646297 2.05389 4.67615 1.54766 102119 0 -0.00174812 0.663047 0
37.3126 34.4294 2.49092 1.98477 4.36093 1.65473 159938 0 -1.62066 0.655391 0
-33.7727 24.0844 0.772321 2.44352 5.74495 2.0336 144740 0 -1.22311 0.653281 0
43.4019 22.6245 2.31139 2.03659 4.63186 1.59452 142641 0 1.5676 0.642024 0
-44.5338 43.6638 0.498963 0.873854 0.933476 1.75804 173254 0 -1.12689 0.640136 1
-34.3789 -0.0716782 0.669833 2.10434 4.46876 1.59877 109170 0 -1.62154 0.638036 0
-3.00296 64.0741 2.00656 2.03976 4.5907 1.60299 203336 0 -1.30464 0.632748 0
-48.7621 40.446 0.411623 2.09034 4.91926 1.73831 168561 0 -1.33002 0.631395 0
22.5976 43.0127 1.77401 1.98044 4.45456 1.67849 172528 0 -1.3119 0.617117 0
-55.1084 -8.73034 0.710192 0.890894 0.946627 1.82085 96469 0 -1.41309 0.606518 1
3.46739 16.5882 1.15419 0.761344 0.750394 1.59084 133624 0 1.85601 0.602 1
22.9222 45.896 1.71931 1.83478 4.15103 1.49421 176741 0 -1.3371 0.586408 0
25.1214 69.9266 2.38888 2.05666 4.64237 1.75885 211848 0 1.53728 0.568426 0
36.9717 49.1276 2.62237 1.94936 4.3244 1.62019 181465 0 -1.6122 0.567645 0
-53.3267 21.9576 0.316005 1.77896 4.03257 1.41907 141403 0 1.82028 0.534008 0
65.1252 4.61442 2.05066 0.946659 1.11761 1.89294 116501 0 1.3567 0.524931 1
-59.0373 23.492 0.340129 1.90452 4.33235 1.42408 143725 0 -1.34819 0.511373 0
-44.5452 44.8521 0.569575 0.857491 0.882064 1.78056 175126 0 2.04526 0.508369 1
-9.73527 42.7806 1.52378 2.07383 4.82691 1.57894 171959 0 1.90213 0.50456 0
-12.9354 32.1792 1.36186 2.10159 4.69661 1.53828 156505 0 -1.32645 0.498908 0
18.7446 8.11716 0.813426 0.747713 0.826101 1.60358 121504 0 -1.81016 0.491092 1
-48.204 43.3029 0.538671 1.9867 4.44163 1.58583 172775 0 1.87617 0.477074 0
-44.4279 44.861 0.586058 0.868075 0.888941 1.78454 175127 0 2.06003 0.469959 1
-44.4375 44.7334 0.557293 0.880196 0.909896 1.78074 174659 0 2.20469 0.448121 1
1.66572 46.255 1.59004 0.779632 0.737607 1.51534 177143 0 2.16609 0.44318 1
-29.2304 -4.55453 0.821956 0.677318 0.694668 1.28234 102634 0 1.63751 0.441562 1
2.98437 17.5635 1.15927 1.94961 4.46856 1.48157 135027 0 -2.77469 0.434134 0
59.465 5.64334 2.14541 0.829756 0.843561 1.8558 117887 0 -1.74737 0.433029 1
-4.63628 61.654 1.71591 1.97617 4.49345 1.5127 199587 0 1.87991 0.432031 0
-55.1582 16.8056 0.294358 2.00629 4.49437 1.54337 133909 0 1.86129 0.431323 0
58.9827 6.21473 1.96489 0.867697 0.851269 1.79061 118822 0 -1.72708 0.430608 1
43.362 25.4805 2.5723 2.06878 4.65813 1.7233 146853 0 1.54761 0.416176 0
36.9416 52.0151 2.71645 1.93756 4.32805 1.61138 185677 0 -1.59472 0.397825 0
23.4382 45.8846 1.79261 2.14902 5.02248 1.68346 176743 0 -1.32751 0.387366 0
59.9609 4.90692 2.17918 0.931113 0.946877 1.89016 116953 0 -1.68639 0.372088 1
25.136 30.2549 2.115 2.00265 4.67512 1.49254 153816 0 1.66779 0.36418 0
43.6513 29.2366 2.54498 0.813552 0.801644 1.77212 152470 0 0.808836 0.354237 1
36.6503 52.2632 2.73748 1.95083 4.32153 1.58621 186144 0 -1.60408 0.346127 0
2.05392 47.2496 1.64552 0.773673 0.734576 1.52017 178548 0 0.406079 0.345679 1
-60.3181 20.6447 0.362999 2.07744 4.6989 1.54571 139509 0 -1.29611 0.338182 0
4.39202 34.0348 1.6678 0.759757 0.716141 1.64252 159367 0 3.11183 0.332464 1
6.2431 34.393 1.62535 1.95528 4.43972 1.68244 159841 0 -1.28501 0.302873 0
-57.4454 17.7378 0.38216 1.94007 4.24303 1.51975 135306 0 1.83855 0.295037 0
21.6788 39.9672 2.03676 1.91807 4.20736 1.81742 167845 0 -1.3276 0.293585 0
36.6597 51.7254 2.67695 1.91413 4.24699 1.56883 185208 0 -1.59785 0.292823 0
43.9326 22.7832 2.38641 2.11901 4.80005 1.63845 143111 0 1.57666 0.285267 0
-49.5387 -4.55652 0.609848 0.860632 0.92895 1.79421 102571 0 -1.74956 0.283286 1
-44.5579 43.4897 0.506666 0.932754 0.962794 1.74887 172786 0 -1.07648 0.282195 1
65.3423 4.64501 2.0159 0.920362 1.23123 1.85691 116502 0 1.32336 0.279292 1
-10.324 43.043 1.49192 2.30401 5.71177 1.86468 172425 0 1.84192 0.275179 0
27.0775 36.3129 2.79594 0.859094 0.874556 1.81539 162714 0 1.36794 0.275057 1
-55.0034 -8.61273 0.677101 0.903489 0.953776 1.8354 96938 0 -1.40992 0.274811 1
25.436 30.5149 2.16305 2.04629 4.66143 1.56479 154285 0 1.72996 0.272666 0
7.57363 36.4301 1.49683 2.02491 4.61938 1.58698 162653 0 1.84015 0.270962 0
18.198 26.6885 1.57549 1.7629 3.86857 1.4519 148646 0 -1.38925 0.270117 0
43.6519 29.0809 2.54213 0.864784 0.904063 1.82129 152002 0 1.35833 0.262425 1
-40.0771 5.10209 0.525854 0.862121 0.921908 1.70688 116640 0 1.67652 0.261217 1
-53.9149 26.0765 0.554563 1.93864 4.40361 1.54701 147485 0 1.84388 0.260776 0
59.936 4.72842 2.16404 0.869405 0.873948 1.85315 116485 0 -1.73735 0.260078 1
4.52681 34.0443 1.64568 0.77306 0.723552 1.6618 159368 0 3.06827 0.258291 1
-35.3328 -0.100151 0.685179 2.20377 4.84213 1.69164 109167 0 -1.61786 0.2569 0
31.8523 -8.13696 1.77135 0.830123 0.804498 1.69125 97677 0 2.12722 0.25468 1
44.2862 25.443 2.46602 1.98379 4.47761 1.65137 146856 0 1.60186 0.254605 0
8.90028 42.1443 1.52361 2.08613 4.94388 1.59088 171081 0 1.76153 0.253823 0
20.7312 37.3733 1.74385 1.62922 3.59919 1.38288 164098 0 -1.30843 0.253346 0
9.84611 48.7226 1.91881 2.30461 5.71014 1.97409 180912 0 1.81159 0.251849 0
7.55817 37.1663 1.51717 2.13521 5.04899 1.653 164057 0 1.94054 0.24603 0
35.4247 66.6769 2.9425 0.943003 0.970616 1.8246 207200 0 -0.121698 0.245474 1
3.60176 46.2111 1.83328 0.79595 0.848923 1.68532 177149 0 -1.31909 0.243967 1
9.65242 42.411 1.49607 1.67659 3.71361 1.42349 171552 0 1.81551 0.243016 0
59.3215 6.52966 1.96932 0.80063 0.792191 1.76882 119291 0 -0.802854 0.241713 1
24.6969 67.2633 2.17136 2.2526 5.38412 1.70757 208103 0 1.58398 0.241671 0
-53.9397 25.4465 0.533942 1.85858 4.17762 1.51914 146549 0 1.82716 0.239693 0
22.3392 42.7875 1.80238 1.90785 4.21702 1.63633 172059 0 -1.26187 0.238558 0
63.4032 14.0512 2.07348 0.928457 0.985758 1.79126 130068 0 -1.71418 0.236894 1
26.0422 30.2517 2.22434 2.11939 4.8187 1.65007 153819 0 1.69251 0.235106 0
-4.06431 61.5714 1.79541 2.0041 4.4649 1.53046 199589 0 -1.53817 0.2337 0
-53.8287 22.1977 0.38335 1.98006 4.56112 1.50304 141869 0 1.85083 0.233554 0
25.4429 29.9908 2.18908 2.02174 4.66205 1.56788 153349 0 1.62762 0.231823 0
-12.0137 53.9518 1.62283 2.05928 4.74327 1.65758 188332 0 1.84797 0.231039 0
43.9551 25.7017 2.51827 2.01992 4.5259 1.68565 147323 0 1.56388 0.230518 0
43.6715 25.1985 2.49992 2.04925 4.574 1.65787 146386 0 1.56628 0.230113 0
18.7455 7.97137 0.858429 0.79893 0.882439 1.62793 121036 0 -1.32596 0.228892 1
-3.39293 64.3704 1.92558 2.3361 5.77951 1.77672 203803 0 -1.30719 0.228282 0
36.7059 48.9253 2.64839 1.67666 3.69275 1.56848 180996 0 -1.59171 0.227618 0
59.4625 5.81474 2.08138 0.844385 0.845791 1.85338 118355 0 -1.81234 0.227301 1
3.44637 46.2198 1.83963 0.809513 0.825054 1.66301 177148 0 -1.37463 0.224655 1
-46.235 45.6045 0.581485 1.97336 4.42531 1.71409 176057 0 1.81735 0.223744 0
-53.6229 26.3756 0.557938 1.93729 4.35775 1.53737 147954 0 1.86112 0.220366 0
42.7683 25.7358 2.57931 2.0745 4.71235 1.73536 147319 0 1.6093 0.219713 0
-41.7792 21.9013 0.632833 2.13713 4.69682 1.68459 141439 0 -1.24727 0.218537 0
-41.1253 22.5887 0.68194 2.03857 4.53461 1.69332 142377 0 -1.28064 0.2185 0
37.8501 34.6385 2.51868 2.29844 5.38627 1.8882 160408 0 -1.63518 0.218338 0
43.4854 29.2515 2.5585 0.817818 0.78494 1.81845 152469 0 1.16997 0.218309 1
-54.1892 25.7489 0.563589 2.00863 4.54687 1.60034 147016 0 1.83423 0.218171 0
-56.8417 17.439 0.324704 2.01272 4.43939 1.53564 134840 0 1.87018 0.217345 0
-57.7233 17.514 0.386965 2.02746 4.44595 1.5367 134837 0 1.8735 0.21719 0
24.4904 29.6213 2.09111 1.93705 4.41031 1.48209 152878 0 1.60928 0.217021 0
-54.2001 25.1492 0.542097 1.9477 4.39483 1.58735 146080 0 1.79039 0.215214 0
-38.5863 20.0063 0.534847 2.06667 4.57811 1.63416 138641 0 -1.25422 0.215067 0
-2.49464 18.2932 1.01488 1.85418 4.32019 1.45725 136414 0 -1.29689 0.214866 0
-53.6378 25.7738 0.504512 1.83375 4.05868 1.48628 147018 0 1.83742 0.212982 0
-44.5654 43.8812 0.483549 0.9396 1.04439 1.82275 173722 0 -1.03984 0.209226 1
-44.4078 43.8827 0.499237 0.903195 0.976357 1.79822 173723 0 -1.09201 0.20738 1
8.38487 40.0743 1.53767 1.7919 3.96442 1.51589 168272 0 1.90991 0.206253 0
43.6924 28.2906 2.41561 2.06431 4.6973 1.85005 151066 0 1.56078 0.20574 0
-44.5789 -4.41742 0.624685 1.89958 4.28735 1.49982 103054 0 0.0179528 0.204729 0
45.2778 27.7117 2.51086 2.06985 4.6379 1.71309 150135 0 1.4465 0.204184 0
-55.2025 34.0696 0.413896 2.05641 4.64558 1.73854 159181 0 -1.23707 0.204011 0
-41.4455 22.244 0.637585 2.04952 4.57359 1.68631 141908 0 -1.23527 0.203442 0
27.2833 36.3096 2.77404 0.954395 1.06791 1.86705 162715 0 1.58301 0.202558 1
65.1116 4.4641 2.05317 0.990411 1.30891 1.87129 116033 0 1.2946 0.202121 1
45.2794 27.9591 2.54546 2.06098 4.60758 1.72413 150603 0 -1.08807 0.202043 0
1.8683 47.2421 1.67498 0.795716 0.754247 1.47832 178547 0 0.567852 0.20182 1
2.05282 47.409 1.68026 0.79925 0.774628 1.57819 179016 0 -1.5378 0.201734 1
-29.0592 -4.13154 0.907387 0.814695 0.850454 1.64324 103571 0 1.61732 0.201387 1
-54.962 17.0322 0.329855 1.84054 4.04416 1.50593 134378 0 1.88809 0.201369 0
-42.3856 23.2109 0.715643 2.15018 4.68332 1.80425 143309 0 -1.26326 0.200749 0
-49.6677 -4.43662 0.588282 0.917721 1.03914 1.81844 103038 0 1.56366 0.199641 1
49.1813 2.67667 2.14191 0.808126 0.781419 1.65023 113643 0 -1.6332 0.19804 1
36.9466 51.4282 2.68041 1.9417 4.2765 1.61018 184741 0 -1.58589 0.198023 0
43.9964 28.0252 2.43462 2.07314 4.66944 1.7925 150599 0 1.54674 0.197302 0
25.6968 70.188 2.2951 2.23703 5.20075 1.8853 212318 0 1.52207 0.197077 0
43.3607 25.9949 2.61284 2.09096 4.66156 1.77959 147789 0 1.56867 0.19686 0
59.7985 4.72171 2.117 0.829046 0.842274 1.83432 116484 0 -1.77411 0.196839 1
-44.858 -4.68449 0.607777 2.02656 4.62872 1.56026 102585 0 0.0708259 0.196823 0
-12.6217 54.2478 1.7026 1.99504 4.46344 1.63346 188798 0 1.85143 0.196261 0
-53.5526 21.7094 0.292133 1.89284 4.30343 1.48221 140934 0 1.83813 0.195196 0
22.3219 43.3032 1.75042 1.82108 4.023 1.60967 172995 0 -1.33057 0.194637 0
59.8056 4.89536 2.13243 0.87414 0.882008 1.84214 116952 0 -1.74318 0.194447 1
-5.21035 61.6867 1.75441 1.95246 4.43276 1.54565 199585 0 1.83576 0.194324 0
-58.811 23.7365 0.349669 1.87396 4.13213 1.41168 144194 0 -1.26587 0.193792 0
-12.0168 52.9591 1.53493 2.03626 4.57598 1.67894 186928 0 -0.141104 0.192311 0
-41.7625 22.5702 0.664311 2.13662 4.74515 1.71995 142375 0 -1.27408 0.191505 0
-33.761 49.7268 0.140779 0.85657 1.06146 1.77314 182180 0 -1.74466 0.190733 1
-4.31363 61.3942 1.7199 1.96277 4.48677 1.50909 199120 0 2.30435 0.18884 0
18.9023 8.11903 0.833556 0.793382 0.976961 1.50715 121505 0 -1.78435 0.188746 1
-9.81022 43.2421 1.57055 2.32225 5.47617 1.75017 172895 0 1.84205 0.188491 0
59.3441 6.28593 2.01095 0.926176 0.899686 1.87298 118823 0 -1.75157 0.18837 1
22.8572 42.5001 1.77563 2.11821 4.89417 1.81447 171593 0 -1.25539 0.188308 0
43.649 22.3532 2.31779 2.03371 4.58899 1.59458 142174 0 1.55036 0.187843 0
36.0542 52.0375 2.60681 1.95362 4.38118 1.58898 185674 0 -1.58921 0.187018 0
59.0921 6.49599 1.94216 0.893866 0.885099 1.79905 119290 0 -1.59682 0.186634 1
-29.0953 -4.52806 0.89543 0.83968 0.868474 1.54551 102635 0 1.67967 0.186565 1
35.5659 66.681 2.94796 0.986481 1.01022 1.8633 207201 0 -0.598215 0.185507 1
-60.305 20.0505 0.34936 2.03477 4.61179 1.56915 138573 0 -1.26779 0.184796 0
-53.6454 25.1284 0.473076 1.83443 4.05308 1.50326 146082 0 1.82632 0.184158 0
43.0547 28.0204 2.37665 2.04484 4.68148 1.76604 150596 0 1.51722 0.183893 0
-11.7279 54.2064 1.66637 2.0914 4.73722 1.67173 188801 0 1.8327 0.183802 0
-53.3033 26.0905 0.520832 1.86258 4.12138 1.49435 147487 0 1.85175 0.183612 0
10.9173 45.5025 1.6095 1.73433 3.7059 1.38308 176236 0 1.86738 0.183177 0
44.9691 27.9643 2.49998 2.00329 4.41266 1.66485 150602 0 1.56332 0.182929 0
-54.9567 -9.02927 0.608252 0.836979 0.881475 1.75104 96002 0 -1.3703 0.178998 1
-11.6858 53.2817 1.55701 1.98001 4.53788 1.64699 187397 0 -0.950639 0.178938 0
44.9382 44.3139 2.82539 0.844595 0.91218 1.81108 174470 0 1.92378 0.178932 1
4.38113 33.884 1.62784 0.728194 0.696118 1.65242 158899 0 -3.12554 0.178916 1
-40.4707 22.5741 0.679008 2.02781 4.48831 1.6791 142379 0 -1.29932 0.178497 0
-11.6814 53.6191 1.59717 2.0337 4.7543 1.65266 187865 0 1.58907 0.177768 0
-12.0149 51.6859 1.56816 1.98716 4.48418 1.57317 185056 0 1.54999 0.176904 0
-56.4927 17.1388 0.305286 2.0241 4.52138 1.53262 134373 0 1.8478 0.176758 0
-42.0702 21.6208 0.628222 2.13011 4.54043 1.65887 140970 0 -1.28862 0.176356 0
8.18018 39.3068 1.56112 1.8696 4.21142 1.52385 166867 0 1.85718 0.17575 0
-12.3056 52.9619 1.56319 2.12657 4.79059 1.70107 186927 0 1.29938 0.17572 0
4.36916 46.9727 1.87337 2.09117 5.03831 1.85046 178087 0 -1.31967 0.175382 0
-45.9363 45.8979 0.601471 1.93365 4.31752 1.72284 176526 0 1.86194 0.174558 0
0.452553 30.9987 1.3551 1.61874 3.47239 1.37855 154675 0 -1.31091 0.174381 0
45.562 27.9675 2.55877 2.17917 4.95439 1.83507 150604 0 -1.4856 0.17399 0
22.6451 45.7179 1.70418 1.59037 3.50967 1.39259 176272 0 -1.31085 0.173267 0
-53.9222 24.8553 0.498345 1.84626 4.11209 1.5229 145613 0 1.79746 0.172068 0
1.68311 46.4383 1.6091 0.830065 0.790789 1.43397 177611 0 2.26027 0.171241 1
-41.1381 21.9161 0.644793 1.96265 4.35294 1.654 141441 0 -1.2491 0.171019 0
-35.7005 19.32 0.574646 2.05661 4.62084 1.64187 137714 0 -1.38029 0.170755 0
-55.1501 -9.04267 0.626821 0.865158 0.916219 1.77664 96001 0 -1.25123 0.17009 1
-62.9185 9.06444 1.70824 0.861681 1.06616 1.84573 122653 0 -1.48468 0.170033 1
-40.8014 22.2644 0.667411 2.01528 4.53453 1.6647 141910 0 -1.27978 0.169909 0
58.9686 6.033 1.97694 0.809292 0.796405 1.77584 118354 0 -1.71087 0.169831 1
59.9782 5.21294 2.08686 0.776999 0.825091 1.75985 117421 0 -1.75533 0.169138 1
36.9528 52.5609 2.83599 1.98567 4.39981 1.6461 186613 0 -1.61634 0.168781 0
-55.8097 34.1089 0.422794 2.07685 4.6772 1.7514 159179 0 -1.01261 0.168754 0
43.6637 29.4987 2.56822 0.838183 0.831523 1.81933 152938 0 0.901939 0.168739 1
5.93934 31.2204 1.48278 2.05706 4.82075 1.56276 155160 0 1.88036 0.168727 0
-53.0506 22.1811 0.327915 1.74239 3.85997 1.41749 141872 0 1.8214 0.168087 0
64.9292 4.60736 2.03683 0.95766 1.1089 1.88359 116500 0 1.31336 0.167363 1
-15.9041 -9.40595 0.999437 0.876134 0.984664 1.75213 95656 0 2.42529 0.167211 1
16.7781 22.9184 1.63152 0.83354 0.815368 1.73525 143026 0 1.84731 0.165692 1
-52.9586 24.5047 0.358272 1.91577 4.30379 1.51088 145148 0 1.8184 0.165675 0
24.5108 30.2212 2.06128 1.94256 4.45933 1.44082 153814 0 1.66782 0.16555 0
-29.0162 -7.20898 0.960338 0.709567 0.730168 1.33594 98891 0 -1.51762 0.165309 1
-54.623 16.5368 0.333831 1.95964 4.2446 1.5205 133443 0 1.87112 0.164989 0
-12.0164 52.6513 1.56503 1.99636 4.44192 1.65433 186460 0 1.3902 0.164002 0
15.3253 16.0748 1.27377 1.74535 3.76099 1.46287 133193 0 -1.38935 0.163688 0
36.3505 34.4075 2.4598 2.05636 4.51903 1.64566 159935 0 1.54946 0.163575 0
-45.6462 45.6002 0.556431 1.97201 4.33297 1.69892 176059 0 1.84905 0.163258 0
-54.5987 33.7577 0.418672 2.11668 4.6946 1.70503 158715 0 -1.29448 0.163156 0
61.9833 6.54275 1.69964 0.777508 0.826638 1.69533 119299 0 1.46866 0.162818 1
1.52819 46.4389 1.62258 0.824921 0.793774 1.4173 177610 0 2.09846 0.161836 1
19.4779 32.1608 1.99914 1.83216 3.82145 1.77104 156606 0 -1.38481 0.161764 0
-60.9241 20.9482 0.312951 2.02134 4.45174 1.5223 139975 0 -1.30207 0.161379 0
-11.6902 51.9898 1.49541 1.97305 4.43966 1.56824 185525 0 1.46702 0.161355 0
3.23267 17.7117 1.17462 1.89401 4.14613 1.48473 135496 0 -1.62547 0.160918 0
-46.5332 45.3323 0.512208 2.01448 4.55422 1.70243 175588 0 1.83674 0.160517 0
-42.4918 12.0939 0.630081 1.91256 4.4705 1.75774 126929 0 -1.32768 0.160158 0
-13.5247 32.4033 1.35997 2.41925 6.03511 1.70139 156971 0 -1.31225 0.160024 0
-44.0957 -4.41645 0.631027 1.81052 3.95507 1.48776 103056 0 -0.0276323 0.159952 0
-7.09544 57.1835 1.57036 1.8294 4.13902 1.51821 193027 0 1.91916 0.159289 0
-34.124 -0.344727 0.681014 2.1388 4.54397 1.59433 108703 0 -1.66058 0.158357 0
-47.5975 43.0531 0.549276 1.80489 3.65956 1.54398 172309 0 1.8458 0.157785 0
-12.3207 53.6276 1.5943 2.14241 4.87103 1.67983 187863 0 1.85762 0.157406 0
63.2403 14.4394 2.06104 0.97478 1.07044 1.82358 131003 0 -1.67817 0.156621 1
5.97799 34.1414 1.57212 1.866 4.12152 1.59911 159372 0 -1.28279 0.155584 0
44.6478 27.7194 2.46125 2.04452 4.47755 1.66891 150133 0 1.59573 0.155254 0
-48.69 43.1287 0.55197 2.23826 5.25295 1.79306 172305 0 1.78323 0.154912 0
43.378 23.078 2.37049 2.00488 4.4958 1.56318 143577 0 1.62198 0.154898 0
-12.3015 51.9808 1.59654 2.04774 4.5483 1.61678 185523 0 1.59293 0.153555 0
37.0909 19.4509 2.05005 1.69603 3.77361 1.50217 137941 0 -1.55774 0.153507 0
59.4012 5.38896 2.08852 0.78093 0.79041 1.77916 117419 0 -1.88848 0.153493 1
24.5709 69.6791 2.30645 1.824 3.99881 1.60317 211378 0 1.57189 0.152961 0
-32.551 -7.25552 1.00681 0.733495 0.781298 1.52462 98880 0 -0.340696 0.152585 1
-42.398 22.5712 0.650091 2.07784 4.53209 1.74495 142373 0 -1.27807 0.152551 0
-11.3747 53.61 1.60367 2.05177 4.69543 1.61431 187866 0 -1.17115 0.152423 0
43.7014 27.7223 2.41977 2.01125 4.49179 1.69903 150130 0 1.52013 0.152034 0
24.1959 29.9221 2.09478 1.95991 4.53928 1.48267 153345 0 1.66669 0.151171 0
21.0254 37.0949 1.79638 1.85394 4.30778 1.47823 163631 0 -1.25318 0.150802 0
35.0341 -9.15405 1.76185 0.835235 0.967896 1.66958 96283 0 0.0267594 0.150501 1
25.1415 70.4871 2.43472 2.20356 5.01804 1.8346 212784 0 1.53397 0.150447 0
42.7322 28.3028 2.40092 2.12641 4.90284 1.80822 151063 0 1.49839 0.149704 0
-42.3917 22.2258 0.62425 2.10548 4.60907 1.73213 141905 0 -1.25362 0.148705 0
-12.3455 54.4938 1.74938 2.02296 4.51021 1.64749 189267 0 1.87776 0.148591 0
-12.9549 54.5509 1.76996 2.00497 4.4597 1.68823 189265 0 1.88873 0.148235 0
44.6174 25.1782 2.4193 2.02137 4.58623 1.6669 146389 0 1.59826 0.148195 0
1.84647 47.4435 1.70293 0.809331 0.773306 1.5357 179015 0 0.0126546 0.148147 1
-11.697 52.6485 1.52972 1.88253 4.13703 1.60147 186461 0 -0.749815 0.146916 0
35.4124 66.5247 2.93411 0.974829 1.02531 1.83268 206732 0 0.0160026 0.146804 1
-57.1578 18.0129 0.345109 1.84694 4.05082 1.48463 135775 0 1.8508 0.143783 0
-48.1605 42.8349 0.494943 1.97658 4.36869 1.61846 171839 0 1.79856 0.143277 0
-52.9722 25.7844 0.453687 1.95618 4.39038 1.50907 147020 0 1.83475 0.143146 0
-16.0521 -9.4056 0.984712 0.962138 1.08395 1.79621 95655 0 -2.02178 0.142486 1
43.8898 29.2626 2.58641 0.882866 0.909949 1.86117 152471 0 0.868622 0.142474 1
-12.0104 52.3159 1.53699 1.98331 4.40735 1.61891 185992 0 1.56658 0.141987 0
-16.7237 22.2078 0.979179 2.26857 5.21512 1.84983 141985 0 -1.30418 0.141917 0
35.7225 52.3071 2.58921 2.01319 4.51051 1.65108 186141 0 -1.57487 0.140716 0
-41.7989 23.1661 0.746327 2.13517 4.63394 1.75054 143311 0 -1.25275 0.140399 0
-40.4765 21.9461 0.634054 2.00013 4.43686 1.66788 141443 0 -1.30444 0.140209 0
-42.6829 22.899 0.678718 2.16601 4.82443 1.81392 142840 0 -1.29471 0.140016 0
-11.3833 51.9987 1.4258 1.95377 4.48224 1.54466 185526 0 1.11114 0.139838 0
24.5588 70.1585 2.39809 1.88554 4.17644 1.64307 212314 0 1.52992 0.139676 0
8.71743 39.5441 1.50294 1.81308 4.04421 1.4912 167337 0 1.88967 0.139101 0
-60.6319 18.7436 0.364338 2.08205 4.72729 1.58609 136700 0 -1.20413 0.139026 0
9.39534 42.9423 1.47562 1.98512 4.61605 1.54991 172487 0 1.84314 0.13891 0
42.4595 25.4654 2.55962 2.11691 4.90705 1.75996 146850 0 1.58464 0.137739 0
63.0007 14.2211 2.06157 0.919635 0.993583 1.79276 130534 0 -1.71118 0.137361 1
19.6463 11.0457 1.33384 0.717972 0.786796 1.61811 125719 0 0.329919 0.137179 1
-53.5754 22.4577 0.361496 2.00713 4.59226 1.5133 142338 0 1.85081 0.135872 0
4.37654 34.3564 1.66316 0.800117 0.755243 1.66303 159835 0 3.08158 0.134942 1
4.58699 34.3824 1.63972 0.777767 0.710396 1.66871 159836 0 3.00817 0.134489 1
-33.5253 -0.0865326 0.661207 2.0764 4.63928 1.59 109173 0 -1.60357 0.134272 0
-41.4385 21.3438 0.695665 2.09708 4.517 1.68963 140504 0 -1.29399 0.133732 0
65.1515 4.82014 2.05022 0.969106 1.47916 1.87981 116969 0 1.64271 0.133646 1
23.4392 42.7441 1.82876 2.27833 5.29187 1.86189 172063 0 -1.29575 0.133604 0
-40.828 21.5963 0.65754 1.95099 4.31135 1.65551 140974 0 -1.28692 0.13302 0
27.0535 69.6197 2.14022 0.745306 0.785913 1.62074 211386 0 1.51567 0.132642 1
-11.3822 52.9658 1.50939 1.86419 4.22121 1.58006 186930 0 -1.15499 0.132443 0
-10.0275 42.4712 1.46031 2.21803 5.27402 1.6729 171490 0 -1.58753 0.132219 0
25.1289 30.8105 2.15618 1.98809 4.49035 1.53406 154752 0 1.73945 0.132167 0
43.0582 27.7171 2.38434 1.86425 4.01697 1.69151 150128 0 1.49516 0.131118 0
4.54573 33.8597 1.60818 0.732756 0.69715 1.64241 158900 0 3.10592 0.130962 1
-48.7148 43.5959 0.593147 2.30611 5.48688 1.84964 173241 0 1.89192 0.13092 0
20.6828 34.2012 1.83427 2.01723 4.54624 1.64334 159418 0 -1.30807 0.130668 0
-53.2915 24.7904 0.406135 1.93608 4.36012 1.52448 145615 0 1.82413 0.1305 0
-5.53208 12.3088 1.07896 0.811623 0.86154 1.7352 127512 0 -1.47413 0.130454 1
60.2434 5.00926 2.12948 0.809335 0.833682 1.7669 116954 0 -1.7987 0.130305 1
-39.8742 22.5669 0.667013 2.10236 4.61773 1.75286 142381 0 -1.287 0.129827 0
49.3419 2.67858 2.12737 0.842423 1.02118 1.67824 113644 0 -1.59673 0.128942 1
-40.0793 5.4603 0.524157 0.866943 0.978453 1.68568 117576 0 1.60081 0.128481 1
-52.6754 26.0421 0.461154 1.96967 4.44076 1.51346 147489 0 1.83742 0.128392 0
37.5482 52.2659 2.87737 2.13972 4.86073 1.79629 186147 0 -1.60148 0.127985 0
58.8306 6.02435 1.94717 0.831839 0.83644 1.73377 118353 0 -1.72341 0.127756 1
6.20251 31.4725 1.41774 2.07902 4.84423 1.55159 155629 0 1.86571 0.127169 0
-56.1468 34.3881 0.431945 2.1556 4.83374 1.77516 159646 0 -1.24096 0.12715 0
1.70265 46.0512 1.58943 0.793315 0.757242 1.52779 176675 0 2.02908 0.126976 1
3.6308 46.0107 1.84625 0.807447 0.821825 1.63367 176681 0 -1.25671 0.12671 1
-11.7044 51.3969 1.47818 1.98169 4.41989 1.53795 184589 0 1.48558 0.12642 0
-37.9503 19.6909 0.538801 2.02344 4.44463 1.57569 138175 0 -1.30441 0.125726 0
-42.6774 21.924 0.600105 2.18728 4.72625 1.72176 141436 0 -1.2873 0.125437 0
42.7516 25.1867 2.56999 2.05125 4.62721 1.71194 146383 0 1.55569 0.125335 0
-52.3375 24.4825 0.289845 1.89878 4.22455 1.49466 145150 0 1.83327 0.125098 0
29.213 -8.11071 1.90203 0.885193 0.941566 1.7934 97669 0 -0.254821 0.125098 1
-5.28435 62.1473 1.83388 2.06733 4.61105 1.6499 200521 0 1.91496 0.12508 0
4.61912 34.6683 1.58163 0.686104 0.629349 1.59506 160304 0 -2.74404 0.125039 1
44.6166 28.2714 2.4802 2.06521 4.54369 1.74986 151069 0 1.57142 0.124923 0
-11.3945 51.697 1.43563 1.98664 4.53074 1.53992 185058 0 1.34522 0.12486 0
59.6823 5.32298 2.05806 0.76859 0.791431 1.75082 117420 0 -1.81332 0.12474 1
-11.3731 52.6368 1.49998 1.84607 4.05807 1.55437 186462 0 -1.29993 0.124623 0
43.4625 29.0395 2.55856 0.902681 1.0134 1.86293 152001 0 1.42557 0.124132 1
-44.5939 44.3753 0.504317 0.887541 1.19726 1.79434 174190 0 2.46595 0.124079 1
-12.9357 53.9614 1.65828 1.99091 4.47029 1.64107 188329 0 1.82236 0.123802 0
4.4286 25.5592 1.41432 2.07811 5.06799 1.59421 146731 0 1.73964 0.123788 0
-55.8102 33.7965 0.401576 2.08725 4.67939 1.74982 158711 0 -0.283419 0.123671 0
37.2669 -5.5917 1.64682 0.737908 0.727194 1.57817 101438 0 1.75354 0.12337 1
-53.3033 25.4581 0.434547 1.93802 4.34093 1.50856 146551 0 1.83705 0.123169 0
-3.69866 61.3155 1.81063 2.02363 4.55184 1.55651 199122 0 -1.26967 0.123017 0
45.2883 28.2577 2.58187 2.04382 4.51566 1.72716 151071 0 1.36065 0.122665 0
-44.3746 44.3844 0.487525 0.881447 1.1376 1.79083 174191 0 2.49205 0.121796 1
-46.8469 45.8804 0.584807 2.22204 5.19723 1.86425 176523 0 1.83564 0.121292 0
-55.8014 16.8707 0.317419 2.12816 4.92618 1.60558 133907 0 1.85447 0.120939 0
18.5247 29.2771 1.6499 1.66885 3.65381 1.48017 152391 0 -1.37425 0.120843 0
26.3579 30.5079 2.25795 2.07308 4.67081 1.65398 154288 0 1.70324 0.120665 0
-4.07052 61.814 1.83004 2.0125 4.39739 1.55644 200057 0 2.60979 0.120198 0
3.3559 17.1247 1.17135 1.19715 2.28571 1.51458 134560 0 -1.95448 0.119952 1
-53.0156 26.3468 0.540088 1.8898 4.1587 1.51312 147956 0 1.87768 0.119952 0
-53.5954 24.5574 0.450415 1.80392 3.96464 1.48876 145146 0 1.79638 0.119939 0
-9.22748 42.951 1.5173 1.99626 4.32803 1.544 172429 0 -0.984874 0.119864 0
-34.6726 24.4325 0.850144 2.59558 6.8218 2.24393 145205 0 -1.23181 0.119789 0
-38.8384 19.7588 0.562766 2.0534 4.58952 1.61966 138172 0 -1.32133 0.119519 0
62.1402 6.55678 1.68599 0.821029 0.949739 1.75513 119300 0 1.34082 0.119309 1
35.5831 66.5094 2.92467 0.988888 1.05808 1.87147 206733 0 -0.281273 0.11915 1
-8.18616 52.0056 1.64661 1.99229 4.58138 1.53595 185536 0 1.8261 0.118688 0
-58.5162 23.4679 0.378385 1.64062 3.54047 1.37503 143727 0 -1.30412 0.118677 0
60.0283 31.8216 3.52638 1.99083 4.44653 1.74292 156265 0 -1.65093 0.118599 0
-46.5208 46.1912 0.652025 2.23127 5.1486 1.903 176992 0 1.88024 0.118561 0
6.48289 34.6453 1.60536 2.02281 4.73358 1.76192 160310 0 -1.35575 0.118447 0
-59.6087 23.7762 0.387598 2.17653 5.25454 1.57822 144191 0 -1.35649 0.118165 0
-2.09535 19.4042 1.05211 0.785179 0.852701 1.35289 137819 0 -0.986505 0.118041 1
-44.367 45.1967 0.58787 0.902473 1.39493 1.84159 175595 0 1.97878 0.11756 1
25.1168 69.3875 2.26828 1.94932 4.33781 1.6613 210912 0 1.62379 0.117023 0
36.0314 52.5593 2.66672 2.00207 4.42115 1.64194 186610 0 -1.58829 0.116811 0
74.0848 17.4171 1.59657 2.12529 4.75403 1.80006 135249 0 1.53363 0.116161 0
-52.0123 25.7531 0.385174 1.96008 4.40909 1.51434 147023 0 1.79747 0.11604 0
-52.644 24.7816 0.277576 1.85 4.0499 1.48225 145617 0 1.82601 0.115979 0
-39.9588 5.09354 0.535557 0.845745 0.913597 1.7114 116641 0 2.01103 0.115837 1
-53.0311 21.6745 0.287096 1.6823 3.67036 1.39655 140936 0 1.81882 0.115501 0
23.9225 66.8458 2.22935 1.67913 3.55623 1.51772 207164 0 1.56242 0.115473 0
5.19588 46.9753 1.8584 1.93302 4.66836 1.72672 178090 0 -1.31332 0.115466 0
3.77872 47.5223 1.90861 2.23976 5.29927 1.82407 179021 0 -1.29995 0.115435 0
31.6377 -8.12975 1.83628 0.901933 0.926496 1.75498 97676 0 2.00384 0.11513 1
-52.6336 24.2188 0.337557 1.93447 4.3386 1.52124 144681 0 1.85795 0.11486 0
74.811 19.9829 2.19374 1.85235 3.65879 1.659 138995 0 -1.43854 0.114714 0
-60.3353 19.7126 0.30324 2.00633 4.56312 1.56692 138105 0 -1.2441 0.114633 0
-52.3275 25.4625 0.3562 1.93732 4.36959 1.50222 146554 0 1.82298 0.114557 0
35.6846 68.6307 3.30935 2.08426 4.63923 1.7 210009 0 -0.164764 0.114298 0
-15.897 -9.2141 1.00346 0.883272 0.996192 1.74869 96124 0 -2.61278 0.113948 1
61.2795 26.4126 2.6875 2.1347 4.78774 1.84089 148313 0 1.54269 0.11368 0
-60.6355 19.3362 0.338437 2.08277 4.74822 1.5879 137636 0 -1.23415 0.113631 0
7.888 40.3514 1.54403 2.05778 4.80979 1.61992 168738 0 1.93875 0.113614 0
43.3683 28.5881 2.46988 2.13053 4.56567 1.88447 151533 0 1.54435 0.113361 0
3.42142 46.0162 1.84945 0.803815 0.825045 1.62826 176680 0 -1.2568 0.113295 1
26.7009 70.2475 2.19695 1.98452 4.46027 1.64251 212321 0 1.51115 0.112768 0
-29.2852 -4.83768 0.80668 0.679741 0.751399 1.27318 102166 0 1.68745 0.112646 1
-5.87597 61.9577 1.82789 2.03818 4.59705 1.65124 200051 0 1.86913 0.112501 0
65.3516 4.43823 1.96116 0.970092 1.642 1.83574 116034 0 0.994042 0.112226 1
-11.0787 53.903 1.64652 2.04214 4.67575 1.63606 188335 0 1.89453 0.112192 0
60.2982 31.5323 3.58218 2.2136 5.00948 1.92985 155798 0 -1.64318 0.112056 0
6.26105 33.8322 1.60693 1.96044 4.43985 1.61861 158905 0 -1.31694 0.111862 0
21.1767 34.9444 1.84247 2.20011 5.07308 1.64357 160824 0 -1.39496 0.111834 0
-12.5967 53.2885 1.57265 2.16355 4.88261 1.70929 187394 0 1.62066 0.111606 0
-13.24 54.2654 1.73167 2.07739 4.65075 1.72542 188796 0 1.82539 0.111566 0
25.6843 69.6763 2.26935 2.16773 5.01704 1.85459 211382 0 1.5513 0.111281 0
24.7672 29.3645 2.13447 1.89656 4.13116 1.51518 152411 0 1.61635 0.111259 0
25.7819 36.9327 2.9418 1.00601 1.06191 1.85945 163646 0 1.78248 0.110994 1
4.28208 47.7068 1.91238 2.34193 5.41682 1.85782 179491 0 -1.29325 0.110926 0
-56.807 34.7228 0.563616 2.1206 4.65522 1.76122 160112 0 -1.33237 0.110656 0
-57.2031 -10.1233 0.574044 0.763752 0.720128 1.70336 94591 0 -1.75017 0.11065 1
-5.35967 12.2907 1.0802 0.808859 0.880527 1.72946 127513 0 -1.25978 0.110606 1
2.07018 46.991 1.62407 0.778033 0.753668 1.44741 178080 0 1.16896 0.110407 1
23.1109 43.2803 1.74366 2.19935 5.01814 1.80878 172998 0 -1.37316 0.110397 0
-38.3095 20.2544 0.548497 2.11991 4.61447 1.63422 139110 0 -1.2201 0.11033 0
-9.17669 42.5052 1.52893 1.87661 4.13638 1.51637 171493 0 -1.33322 0.110292 0
-53.3267 26.6715 0.549209 1.96625 4.39693 1.56892 148423 0 1.89776 0.110219 0
4.07399 34.0804 1.61545 0.741668 0.696544 1.6134 159366 0 -3.10868 0.110212 1
31.8379 -7.96347 1.7736 0.850261 0.855273 1.68719 98145 0 2.16429 0.110063 1
58.7753 6.51679 1.89339 0.865452 0.883378 1.76107 119289 0 -1.67903 0.109787 1
-60.0058 -8.83747 0.604788 0.710283 0.68461 1.66225 96454 0 -2.60395 0.109403 1
3.03935 41.4478 1.78417 1.9181 4.43308 1.49906 170127 0 -1.25273 0.109331 0
27.3827 36.9564 2.77796 2.08969 4.52989 1.95018 163651 0 1.86713 0.109323 0
-62.9239 8.89791 1.70857 0.863381 1.04479 1.82064 122185 0 -1.97315 0.109049 2
44.0084 27.4053 2.48399 2.06783 4.56485 1.69285 149663 0 1.54193 0.108578 0
-52.3229 25.12 0.291043 1.95886 4.29197 1.50751 146086 0 1.82344 0.108453 0
59.1299 5.60626 2.0271 0.789273 0.823011 1.7911 117886 0 -1.7913 0.108302 1
-54.8637 33.5125 0.406778 2.11103 4.66952 1.74581 158246 0 -1.15176 0.107929 0
18.5464 8.13864 0.854086 0.83667 1.17098 1.68353 121503 0 -1.68231 0.107858 1
32.0433 -8.15869 1.82069 0.899831 0.925873 1.73431 97678 0 3.027 0.107843 1
-4.90106 61.3763 1.65689 1.97008 4.46208 1.49678 199118 0 1.83787 0.107706 0
-51.3674 25.4515 0.418905 1.97405 4.40985 1.54453 146557 0 1.79572 0.107101 0
-52.9805 25.1241 0.340523 1.92579 4.33364 1.52696 146084 0 1.83243 0.107018 0
-44.6218 45.2005 0.583878 0.943902 1.79275 1.8531 175594 0 2.01429 0.106629 2
49.1704 2.52789 2.12752 0.854819 1.07037 1.63095 113175 0 -1.31143 0.106612 1
42.812 22.8373 2.3124 2.02625 4.61386 1.58722 143107 0 1.59547 0.106436 0
24.4225 20.6202 1.8305 0.957339 1.03537 1.68505 139774 0 0.976983 0.10638 1
-44.8661 44.6926 0.520694 0.93828 1.19738 1.78637 174657 0 2.04959 0.106102 1
-57.3351 -10.1427 0.545004 0.760906 0.739633 1.71054 94590 0 -1.77732 0.105719 1
61.966 6.33231 1.75899 0.819617 0.935546 1.73367 118831 0 1.41857 0.105715 1
9.37214 41.8661 1.54059 1.81392 4.06302 1.46584 170615 0 1.75103 0.105695 0
18.7362 8.35533 0.816809 0.803407 1.05924 1.58448 121972 0 -2.07031 0.105693 1
9.43487 67.3666 2.22735 2.09782 4.66611 1.68371 208055 0 -3.03034 0.105691 0
18.9182 7.94559 0.913457 0.813862 0.982006 1.52998 121037 0 -1.35924 0.105442 1
-63.5266 21.3011 0.12006 1.97618 4.34287 1.55544 140435 0 -1.37304 0.105364 0
27.0453 36.0958 2.73667 0.932536 1.06355 1.78771 162246 0 1.55384 0.10522 1
-8.44274 51.7101 1.64722 1.94755 4.37811 1.52929 185067 0 1.83895 0.105211 0
26.3839 36.0042 2.6909 1.79813 3.59637 1.7161 162244 0 1.81164 0.1051 0
27.3001 69.6107 2.16411 0.773136 0.812394 1.63926 211387 0 1.31268 0.104995 1
28.9767 -7.85492 1.7787 0.897841 0.91324 1.7744 98136 0 -0.753473 0.104962 1
4.24374 35.2977 1.53685 0.798248 0.752486 1.63218 161239 0 -0.133014 0.10483 1
36.0537 51.4072 2.58717 1.95049 4.22835 1.60671 184738 0 -1.61684 0.104728 0
-52.6587 49.4525 0.552261 1.95237 4.32533 1.57553 181653 0 1.89601 0.10432 0
65.3979 4.84489 2.00291 0.916619 1.3374 1.82206 116970 0 0.178941 0.104311 1
25.7999 36.7021 2.86988 0.913072 0.974661 1.80726 163178 0 1.47013 0.104299 1
60.2549 5.19964 2.09615 0.783385 0.810354 1.74672 117422 0 -1.83973 0.104279 1
59.3285 6.80151 1.96804 0.845847 0.845488 1.80283 119759 0 -0.808872 0.103547 1
37.5393 51.7394 2.79074 2.04235 4.63212 1.72539 185211 0 -1.59074 0.103324 0
24.0893 45.6313 1.88682 2.3894 5.78297 1.93889 176277 0 -1.29152 0.103311 0
-59.6043 23.2669 0.404943 2.16482 5.12388 1.55956 143255 0 -1.40371 0.103229 0
26.0373 36.9339 2.86187 0.986686 1.11637 1.82376 163647 0 1.73695 0.102899 1
-44.0139 -0.777931 0.55658 1.95447 4.31601 1.55055 108204 0 0.168696 0.102584 0
5.64803 34.7088 1.58383 1.95432 4.30278 1.65912 160307 0 -1.26653 0.102546 0
-36.6198 19.3633 0.557376 1.96319 4.40514 1.57912 137711 0 -1.35132 0.102538 0
-72.486 13.3315 -0.590143 0.778651 0.787435 1.68257 128707 0 0.470162 0.102477 1
5.63292 30.9054 1.57592 1.98653 4.66814 1.57054 154691 0 1.85697 0.10247 0
49.1629 6.22388 2.15107 0.83511 0.863936 1.76781 118791 0 1.46025 0.102392 1
1.78507 46.9137 1.64454 0.77472 0.758703 1.40545 178079 0 1.47459 0.102195 1
-44.8532 43.6816 0.455143 0.940475 1.35291 1.8083 173253 0 -1.11254 0.102039 1
-11.078 52.006 1.36114 1.85956 4.43 1.5111 185527 0 0.830065 0.101674 0
-11.0662 52.3153 1.3872 1.84441 4.25918 1.51326 185995 0 -0.960596 0.101582 0
-45.6516 46.2083 0.634468 1.9304 4.26381 1.69856 176995 0 1.99644 0.10141 0
59.5843 6.21148 2.05947 0.833582 0.824172 1.76608 118824 0 1.82502 0.101313 1
21.9413 47.5451 1.769 1.84977 4.13499 1.61975 179078 0 -2.95049 0.101301 0
4.67471 26.2702 1.37251 2.13434 5.13306 1.59238 148136 0 1.8422 0.101193 0
9.7448 67.0649 2.0977 2.03378 4.49257 1.63225 207588 0 -2.96073 0.101096 0
