-19.9756 11.3461 0.763872 2.27073 4.97738 1.82471 126063 0 -1.34502 0.960823 0
-10.8143 -4.33235 0.931365 2.2748 5.2388 1.99878 103160 0 1.90514 0.936569 0
-18.7116 16.4203 0.683309 2.02247 4.49771 1.58132 133555 0 1.86476 0.933506 0
1.51817 15.2289 0.958408 2.02242 4.68378 1.42607 131746 0 -1.32807 0.928077 0
-5.20176 9.9783 1.02967 2.22713 4.90658 1.87308 124237 0 -1.37106 0.925391 0
-4.37095 12.661 0.854144 2.08124 4.8192 1.51587 127984 0 -1.39534 0.923107 0
-4.24725 15.2571 1.17314 2.29659 5.93203 2.00542 131728 0 -1.37245 0.914519 0
24.4736 21.5694 1.88112 2.20795 4.87919 1.82642 141178 0 1.64926 0.912429 0
8.4765 -5.20056 0.878543 2.27562 5.05776 1.8834 101816 0 -0.0264924 0.912422 0
-2.68024 23.6019 1.04942 2.05096 4.71928 1.46647 143901 0 -1.31456 0.904202 0
2.9465 23.2804 1.35482 1.95036 4.48867 1.71429 143451 0 1.76203 0.903001 0
1.08458 11.6001 1.01086 1.87226 4.08558 1.52141 126597 0 1.76273 0.902273 0
-39.5479 -5.38387 0.696308 2.062 4.72959 1.55227 101666 0 0.0195472 0.901389 0
15.7977 21.5757 1.51536 2.19183 5.34538 1.74516 141151 0 1.7721 0.899741 0
4.61341 28.6258 1.49783 2.14626 4.97172 1.83114 151412 0 1.82918 0.891505 0
-1.74601 26.1588 1.07036 2.03385 4.73505 1.44732 147648 0 -1.29055 0.884904 0
3.01694 20.6097 1.11815 1.97874 4.62966 1.47137 139707 0 1.78415 0.884456 0
24.1209 27.2571 2.09625 2.31904 5.23252 1.89576 149601 0 1.66051 0.883086 0
53.9414 22.0326 2.27289 2.13407 4.8999 1.90397 141738 0 -1.66275 0.879469 0
24.4186 18.9888 1.9958 2.25557 5.11025 1.88007 137434 0 1.58461 0.879068 0
0.382156 -5.3943 0.715772 2.2115 4.99335 1.59886 101791 0 -0.0641027 0.876907 0
-3.67481 18.0718 0.916471 2.09234 4.85879 1.53952 135942 0 -1.29359 0.874134 0
13.631 13.3916 1.11635 1.99346 4.58535 1.50419 128976 0 -1.35102 0.873731 0
-54.9049 19.3531 0.385284 2.02077 4.37746 1.60325 137654 0 1.86281 0.871867 0
17.0961 24.1242 1.67114 2.09344 4.83878 1.77486 144899 0 -1.43291 0.862125 0
24.0701 15.4307 1.86743 2.07179 4.81653 1.65475 132285 0 1.554 0.859751 0
14.3491 4.8522 1.04254 2.00523 4.44509 1.53943 116810 0 1.37331 0.859068 0
-25.0891 9.44357 0.49815 2.03533 4.33444 1.57161 123239 0 1.85092 0.858607 0
14.9172 16.0857 1.21183 1.9537 4.45851 1.48779 133192 0 -1.43006 0.857483 0
-57.1228 14.2243 0.230934 2.00656 4.5345 1.55508 130159 0 1.91258 0.854283 0
17.7785 26.6556 1.43541 1.97363 4.55088 1.48431 148645 0 -1.39813 0.85048 0
36.6147 19.5726 2.15268 1.99546 4.51931 1.53831 138408 0 -1.55686 0.847691 0
-38.5126 11.0686 0.582787 2.13329 4.67846 1.86771 125537 0 1.79405 0.847654 0
18.1464 29.247 1.52395 1.95444 4.48778 1.53241 152390 0 -1.35405 0.845934 0
-23.9369 15.2675 0.71681 2.10687 4.50471 1.81512 131667 0 -1.30021 0.844198 0
-1.21762 28.8617 1.31944 2.04531 4.55827 1.53037 151862 0 -1.34065 0.843585 0
5.5045 -5.81975 0.711003 2.04634 4.40829 1.5649 100871 0 -0.0408379 0.842987 0
-18.1329 19.2371 0.805735 2.16516 4.71166 1.75204 137769 0 -1.23891 0.837542 0
-41.0767 5.25272 0.504855 0.854211 0.901444 1.63535 117105 0 1.84842 0.836717 1
24.5135 24.3737 1.77247 2.07242 4.75539 1.54627 145390 0 1.62141 0.832367 0
-43.7099 12.2817 0.500605 2.13172 4.79914 1.83829 127393 0 -1.36057 0.830852 0
2.10076 17.8237 1.09887 2.00033 4.65942 1.54493 135492 0 -1.98883 0.827837 0
24.1244 64.1894 1.96356 2.05357 4.78333 1.55649 203421 0 1.54952 0.824746 0
-36.728 16.2342 0.565078 2.28171 4.95364 1.90179 133031 0 -1.28452 0.817605 0
14.9427 18.944 1.24739 1.97884 4.38763 1.53998 137404 0 -1.36771 0.816922 0
2.8485 -5.66433 0.719697 2.057 4.51509 1.56435 101330 0 -0.0272774 0.816779 0
-3.31571 20.4387 0.992571 2.0187 4.67482 1.52021 139219 0 -1.33794 0.814239 0
41.5318 19.6035 2.45967 2.0118 4.54419 1.75892 138423 0 1.55319 0.813244 0
19.1058 32.0719 1.90466 2.09349 4.72696 1.9251 156605 0 -1.33251 0.812906 0
13.2001 10.7051 0.926856 1.91951 4.60063 1.4088 125231 0 1.7716 0.809826 0
9.4535 45.5895 1.45815 1.99965 4.67247 1.4508 176231 0 1.82449 0.80399 0
-25.4787 -0.167252 0.648865 2.08089 4.54539 1.51284 109198 0 -1.55849 0.80361 0
20.3592 37.3024 1.63694 1.96932 4.49496 1.52883 164097 0 -1.29116 0.801555 0
3.98343 25.8046 1.27683 1.97206 4.59727 1.47058 147198 0 1.76324 0.793062 0
7.17065 36.9274 1.31992 1.93919 4.3938 1.50449 163588 0 1.8974 0.784022 0
9.72767 48.4537 1.83555 1.94056 4.39903 1.73162 180444 0 1.83516 0.783214 0
-16.43 21.9024 0.868203 2.15577 4.9034 1.83803 141518 0 -1.27993 0.776839 0
-34.7456 24.1654 0.659075 2.63627 6.09713 2.15252 144737 0 -1.23365 0.7718 0
74.4363 19.9722 2.05787 2.02934 4.44965 1.8685 138994 0 -1.4926 0.767685 0
-0.466026 31.4782 1.22054 1.98202 4.57758 1.41376 155608 0 -1.24978 0.764535 0
0.123802 33.8138 1.20973 1.96076 4.56099 1.37475 158886 0 -1.26339 0.76192 0
-14.9164 27.0016 1.15369 2.2918 5.78938 1.76152 149011 0 -1.31256 0.749498 0
2.66783 16.6718 1.16023 0.733484 0.741889 1.60498 134090 0 -1.87447 0.747723 1
20.0241 34.6649 1.53059 2.02289 4.57127 1.54682 160352 0 -1.30499 0.741416 0
61.844 21.6354 2.02583 2.0619 4.74906 1.63596 141295 0 1.59393 0.725566 0
2.06622 38.8516 1.59478 1.93831 4.51634 1.48802 166380 0 -1.24378 0.713216 0
20.9708 40.1067 1.8957 2.04974 4.56868 1.83646 168311 0 -1.27735 0.712503 0
-30.1221 -4.28403 0.879261 0.923074 0.925015 1.64964 103099 0 1.55004 0.711339 1
-7.19968 57.1425 1.60467 2.04217 4.66111 1.58481 193027 0 1.83617 0.709541 0
-35.0305 -0.148415 0.587397 2.17316 4.68746 1.57962 109168 0 -1.60243 0.709252 0
7.23684 39.8827 1.44052 1.90382 4.38889 1.53638 167800 0 1.86853 0.692584 0
-49.1159 43.2758 0.4457 2.05137 4.54728 1.6653 172772 0 1.85585 0.686134 0
2.04761 17.9655 1.08416 2.03934 4.86538 1.5398 135960 0 1.86723 0.67191 0
23.5285 67.2775 2.03656 2.17375 4.97048 1.63737 208099 0 1.56259 0.669688 0
-3.98938 64.1319 1.77861 2.04652 4.78149 1.55752 203333 0 -1.38557 0.669221 0
8.45441 42.4471 1.3826 1.87382 4.26634 1.4377 171548 0 1.78643 0.66475 0
5.92406 34.3395 1.47398 2.07924 4.87568 1.68034 159840 0 -1.32725 0.660963 0
-26.1398 -5.79456 0.938959 0.914272 1.84016 1.88131 100772 0 1.72931 0.655812 2
62.456 14.0027 2.10803 0.939349 1.01284 1.8397 130065 0 -2.43662 0.649185 1
-42.3762 -5.19972 0.74136 2.1064 4.90483 1.73682 101657 0 0.0253859 0.648174 0
59.091 4.90505 2.23554 0.862487 0.878442 1.81024 116950 0 1.41808 0.641425 1
36.3584 34.4317 2.47392 1.93666 4.23868 1.6317 159935 0 -1.62001 0.639667 0
36.3141 49.1474 2.49824 2.05858 4.66307 1.66718 181463 0 -1.55143 0.608191 0
-49.4699 40.4231 0.209003 2.10608 4.91998 1.72347 168559 0 -1.32877 0.598473 0
22.2575 45.8893 1.60028 1.8969 4.31228 1.50746 176739 0 -1.31969 0.5909 0
-45.0008 -4.92937 0.554936 1.98699 4.45325 1.52989 102117 0 -0.00432867 0.589467 0
21.6502 42.7651 1.57786 1.93595 4.36138 1.58349 172057 0 -1.2814 0.588849 0
3.68438 47.2598 1.72648 2.11774 4.93239 1.68817 178553 0 -1.32188 0.57906 0
42.7041 22.5895 2.26014 2.05197 4.68721 1.62376 142639 0 1.51287 0.572676 0
64.2551 4.66604 2.17727 0.95484 1.08721 1.88856 116498 0 -1.70059 0.569007 1
58.7137 5.64215 2.31449 0.821714 0.820211 1.82179 117885 0 1.44767 0.542157 1
-59.9607 23.5571 0.21688 1.95132 4.42316 1.48919 143722 0 -1.3347 0.517688 0
24.4748 30.254 1.85331 2.05874 4.7371 1.51889 153814 0 1.69011 0.51244 0
-55.7255 -8.51171 0.497429 0.772664 0.800233 1.66212 96935 0 1.74482 0.512264 1
59.0918 4.75573 2.19463 0.831833 0.850072 1.79377 116482 0 1.39118 0.494727 1
-45.5695 43.6883 0.371484 0.83391 0.870964 1.73836 173251 0 -0.751182 0.486926 1
0.848236 46.3235 1.4929 0.752503 0.699452 1.3905 177140 0 2.73694 0.486096 1
-47.8677 -5.25448 0.407332 1.95587 4.31812 1.51503 101640 0 0.0732973 0.484965 0
-45.5333 44.928 0.386113 0.829594 0.822258 1.75132 175123 0 1.91589 0.479453 1
43.0403 25.7558 2.50032 2.05441 4.67447 1.73895 147320 0 1.57724 0.477049 0
58.7801 5.8586 2.28312 0.798518 0.799548 1.8142 118353 0 1.47393 0.475633 1
74.4412 22.8782 2.15968 2.02822 4.34859 1.65735 143206 0 1.56713 0.444744 0
-5.94482 61.8386 1.49058 1.94169 4.4368 1.46947 200051 0 1.82402 0.439234 0
2.75726 46.2731 1.73504 0.75389 0.733553 1.65818 177146 0 -1.22953 0.436522 1
3.63796 34.0436 1.52463 0.701785 0.692719 1.64017 159365 0 -3.04081 0.434932 1
58.1584 6.22051 2.04079 0.794791 0.782692 1.68952 118819 0 -1.76024 0.431386 1
2.53881 16.7002 1.15619 0.784434 0.774535 1.62581 134089 0 -1.28042 0.419828 1
59.2556 4.95377 2.20788 0.893951 0.90912 1.77857 116951 0 1.41512 0.403757 1
-48.1015 -5.02291 0.382993 1.83548 3.96621 1.45546 102107 0 0.124389 0.401686 0
24.1659 69.9156 2.12385 2.03383 4.53973 1.74679 211845 0 1.53965 0.394605 0
42.1036 25.7805 2.52471 1.96429 4.36918 1.69087 147317 0 1.57893 0.388458 0
2.53237 16.5788 1.14841 0.819606 0.812046 1.65958 133621 0 -1.3083 0.383495 1
-45.3912 44.947 0.401509 0.851789 0.850511 1.77186 175124 0 1.91826 0.383245 1
0.851791 46.4369 1.52002 0.777408 0.762808 1.39935 177608 0 2.84427 0.379586 1
36.3369 52.3087 2.7426 2.00328 4.46175 1.70478 186143 0 -1.51503 0.374002 0
-50.012 40.5212 0.132568 2.07418 4.84124 1.74289 168557 0 1.44253 0.372319 0
17.9776 8.09416 0.924364 0.719422 0.803195 1.24215 121502 0 0.99287 0.37053 1
-14.2921 32.3959 1.2349 2.38551 5.49783 1.70285 156969 0 -1.31259 0.367292 0
58.4426 6.56072 2.02462 0.753926 0.765239 1.65886 119288 0 -1.24735 0.364409 1
5.26617 31.2099 1.3328 2.04066 4.74307 1.55769 155158 0 1.85386 0.364033 0
-3.474 63.8982 1.8242 1.80575 4.00065 1.46687 202867 0 -1.34026 0.360342 0
48.3985 6.25192 2.08033 0.843419 0.887036 1.76497 118789 0 1.56615 0.358637 1
44.0059 28.3384 2.7378 1.95401 4.33317 1.65203 151067 0 1.5075 0.355801 0
24.7869 30.4997 1.89787 2.05977 4.74468 1.51669 154283 0 1.71984 0.350148 0
-5.61655 61.6708 1.48045 1.94747 4.44013 1.46627 199584 0 -0.5217 0.347397 0
-47.198 45.2888 0.464943 2.00679 4.51011 1.74487 175586 0 1.79756 0.340483 0
-56.1534 33.8135 0.269678 1.99433 4.53747 1.7503 158710 0 -1.24797 0.332191 0
39.1718 11.9968 0.414449 0.731913 1.61373 1.75238 127184 0 -0.206864 0.328159 2
-12.331 53.9028 1.3864 1.93305 4.39679 1.52674 188331 0 1.8109 0.326467 0
36.6253 52.0332 2.72818 2.12149 4.84889 1.78216 185676 0 -1.50262 0.326292 0
1.11949 47.2213 1.4798 0.693439 0.674706 1.44232 178545 0 -3.09031 0.324516 1
39.1747 12.2695 0.46626 0.769435 1.72357 1.75013 127652 0 -0.32602 0.319749 2
-47.5071 45.5778 0.495649 2.07553 4.65773 1.79962 176053 0 1.78706 0.319203 0
42.6358 27.7433 2.37847 0.760436 0.753192 1.73653 150127 0 -1.46195 0.317485 1
58.2894 6.25219 2.07717 0.80083 0.810267 1.72455 118820 0 -1.71706 0.314731 1
44.305 28.6073 2.84339 2.01299 4.50077 1.70258 151536 0 1.57853 0.313023 0
-40.9379 5.26128 0.515302 0.879088 0.932433 1.65799 117106 0 -1.66984 0.312869 1
62.3616 14.1108 2.08268 0.939835 1.01947 1.84458 130532 0 -2.64929 0.310238 1
1.30071 11.5734 1.02479 1.84442 4.05669 1.56922 126598 0 2.15136 0.308791 0
58.5196 5.60902 2.21878 0.761285 0.770942 1.79081 117884 0 1.67171 0.308438 1
-12.6409 53.6106 1.39357 1.96931 4.47306 1.55346 187862 0 1.78895 0.307754 0
5.94629 33.8708 1.42389 2.0759 4.77991 1.67867 158904 0 -1.33225 0.307112 0
22.8036 45.6446 1.64177 2.23594 5.31397 1.75816 176273 0 -1.27064 0.305324 0
-30.1744 -4.56166 0.796649 0.67507 0.696747 1.22471 102631 0 1.57933 0.30532 1
-30.1213 -4.13168 0.887302 0.861404 0.855134 1.61328 103567 0 1.58314 0.297025 1
43.6815 28.3422 2.68277 1.97851 4.38879 1.68787 151066 0 -1.38784 0.296806 0
42.4204 25.5285 2.47908 1.94192 4.31251 1.66568 146850 0 1.53909 0.296418 0
-50.3641 -4.58246 0.541081 0.834433 0.911304 1.77432 102568 0 2.50033 0.295574 1
74.6908 22.5948 2.17322 2.15816 4.97023 1.75593 142739 0 1.78582 0.294604 0
9.19889 48.7241 1.79791 2.17284 5.25159 1.88382 180910 0 1.84718 0.293938 0
36.8818 34.6467 2.40422 2.23636 5.18481 1.85431 160405 0 -1.63883 0.292297 0
23.8721 69.671 2.02778 1.96082 4.3671 1.66554 211376 0 1.57582 0.290609 0
-45.5453 44.7359 0.403627 0.872024 0.898279 1.78202 174655 0 1.99733 0.290606 1
2.28674 17.9605 1.10317 1.91791 4.421 1.51834 135961 0 2.13659 0.289921 0
42.4922 27.7612 2.36446 0.786396 0.789562 1.71002 150126 0 -1.56481 0.287255 1
-41.0789 5.10691 0.515518 0.884588 0.916047 1.64611 116637 0 -2.37441 0.283096 1
-45.3976 43.7014 0.394848 0.860192 0.927335 1.75464 173252 0 0.421999 0.280422 1
-45.5491 43.8872 0.407235 0.88042 0.942235 1.78505 173719 0 0.601325 0.278987 1
43.9821 25.7669 2.54088 2.06588 4.65343 1.79502 147323 0 1.56991 0.27855 0
73.4124 24.2169 2.14283 2.07714 4.6171 1.60127 145075 0 0.134203 0.278545 0
43.6379 25.5222 2.46989 1.99253 4.58726 1.75326 146854 0 1.57841 0.277486 0
-46.9002 45.5779 0.461402 1.98387 4.44202 1.75005 176055 0 1.81357 0.276429 0
59.0771 5.25569 2.17545 0.759785 0.804833 1.73022 117418 0 1.39789 0.275939 1
-4.27647 64.3666 1.72072 2.2746 5.50614 1.71527 203800 0 2.2186 0.275816 0
58.6088 6.58545 2.04175 0.771563 0.757958 1.6434 119289 0 0.957162 0.274447 1
1.09023 46.9243 1.48228 0.686022 0.704032 1.39325 178077 0 3.04301 0.273576 1
21.2968 47.5407 1.63236 1.9079 4.29385 1.59438 179076 0 -2.85894 0.272759 0
-10.4227 42.7261 1.339 2.12433 4.79541 1.63771 171957 0 -1.24904 0.269495 0
22.1608 42.9878 1.55241 2.13882 4.91539 1.69663 172527 0 -1.32949 0.268897 0
3.66627 33.8551 1.46369 0.671057 0.656693 1.62857 158897 0 -3.08897 0.268519 1
-47.6095 -5.01557 0.371454 1.84808 4.02942 1.43787 102109 0 0.0415367 0.268381 0
58.7075 5.35419 2.22211 0.733842 0.743039 1.72149 117417 0 1.40279 0.268045 1
36.3431 51.7309 2.6315 1.98429 4.47858 1.65509 185207 0 -1.48856 0.267182 0
-55.7914 16.8173 0.149781 2.02406 4.5725 1.57634 133907 0 1.97471 0.265155 0
59.3204 5.24904 2.16877 0.750788 0.801486 1.66247 117419 0 1.42828 0.264181 1
2.91224 46.2773 1.71854 0.763696 0.751647 1.66758 177147 0 -1.19216 0.262299 1
74.7046 23.1423 2.10795 2.15339 5.01627 1.74225 143675 0 1.31555 0.261611 0
58.9202 5.89394 2.27738 0.799796 0.797867 1.75448 118354 0 1.41835 0.261546 1
6.67608 36.9893 1.43881 2.15308 5.1223 1.70103 163586 0 1.66378 0.260894 0
48.4961 2.67656 2.18945 0.779879 0.737384 1.66894 113641 0 -1.64865 0.260648 1
-7.74406 57.1657 1.55227 1.81448 4.10409 1.51205 193025 0 1.84371 0.260263 0
58.9645 5.61195 2.26913 0.830043 0.846617 1.76042 117886 0 1.42455 0.260194 1
36.6176 52.5818 2.83905 2.09805 4.66314 1.78283 186612 0 -1.54275 0.259214 0
-44.752 -4.67773 0.56131 1.84704 4.07627 1.47427 102586 0 0.0211327 0.258508 0
-29.8592 -7.21873 0.917359 0.70064 0.707055 1.28905 98888 0 -1.57457 0.256958 1
-55.7464 -8.67653 0.495716 0.795477 0.836177 1.69439 96467 0 1.70564 0.256255 1
21.9922 45.7099 1.55723 1.73492 3.81407 1.44759 176270 0 -1.28055 0.255218 0
-5.31474 61.6319 1.52284 1.96587 4.54158 1.48598 199585 0 -1.21387 0.253394 0
42.7383 28.3632 2.45247 1.94862 4.77207 1.73651 151063 0 -1.62732 0.250638 0
64.431 4.83866 2.13057 0.986348 1.24514 1.87547 116967 0 -1.42597 0.250628 1
55.8853 6.53922 2.0825 0.860488 0.89281 1.78054 119280 0 1.32369 0.250311 1
42.1363 22.8206 2.35203 2.1386 4.86088 1.67605 143105 0 1.56997 0.249525 0
26.3653 36.3245 2.52278 0.986845 1.16214 1.7947 162712 0 1.8583 0.24941 1
-45.5966 43.4623 0.413005 0.873853 0.915618 1.73649 172783 0 -0.947453 0.244467 1
0.986603 46.323 1.4849 0.746123 0.713664 1.30239 177141 0 3.04392 0.244219 1
58.4631 6.77708 1.99773 0.786485 0.799175 1.68172 119756 0 -1.07529 0.243968 1
6.45718 34.1279 1.36719 1.87789 4.22448 1.54723 159374 0 1.73631 0.241537 0
2.12634 17.5697 1.10183 1.99673 4.57521 1.54978 135024 0 -1.46418 0.241369 0
30.2204 -6.63985 1.42625 0.815141 0.816989 1.66212 100012 0 -1.65161 0.240639 1
44.3065 28.0739 2.72276 1.96635 4.40688 1.67201 150600 0 -1.52034 0.239439 0
2.74461 46.4429 1.71563 0.805598 0.888734 1.6824 177614 0 -1.35697 0.238812 1
-13.6169 32.1317 1.22532 2.11463 4.50977 1.61956 156503 0 -1.34691 0.238291 0
23.8686 70.1549 2.10311 1.99751 4.44528 1.68879 212312 0 1.52502 0.237028 0
-50.0656 40.6994 0.163832 2.22911 5.14566 1.81942 169025 0 1.70992 0.236737 0
20.0245 34.2054 1.5981 2.1207 4.90361 1.63336 159416 0 -1.25012 0.236685 0
3.4648 34.0549 1.49763 0.717305 0.700051 1.65457 159364 0 -3.06433 0.235679 1
-48.4033 -5.27908 0.403027 1.98789 4.41812 1.59431 101638 0 0.189577 0.235428 0
-46.6046 45.2785 0.401929 1.98045 4.39875 1.73589 175588 0 1.84291 0.235311 0
-53.932 22.2337 0.205012 1.84046 4.15854 1.43227 141869 0 1.82593 0.232698 0
36.7599 -3.09043 1.87015 0.546609 0.523633 1.40461 105180 0 1.63219 0.232382 1
5.01039 30.9256 1.39419 1.98398 4.53344 1.56784 154689 0 1.83366 0.231602 0
-35.944 -0.163155 0.578528 2.17881 4.69624 1.60116 109165 0 -1.60931 0.23144 0
-45.2385 -4.39685 0.536729 1.84238 4.06176 1.48235 103052 0 -0.0146622 0.229739 0
3.964 26.2723 1.23203 2.06257 4.93893 1.52838 148134 0 1.88113 0.228491 0
39.1848 11.7432 0.510586 0.759192 1.68602 1.75478 126716 0 -0.18016 0.227895 2
43.3592 28.5851 2.69845 1.99625 4.42589 1.70932 151533 0 -1.55237 0.226363 0
59.2261 4.73721 2.16585 0.860486 0.87082 1.77035 116483 0 1.44163 0.224027 1
17.9887 7.96929 0.977663 0.741104 0.835307 1.23639 121034 0 0.52724 0.222349 1
42.4623 27.9505 2.39561 0.920373 1.20987 1.74251 150594 0 -1.57757 0.222026 1
-50.3657 -4.43289 0.549554 0.828375 0.927969 1.77458 103036 0 2.17247 0.222006 1
43.2986 22.8352 2.32413 2.13581 4.86289 1.72023 143109 0 1.53238 0.220743 0
-47.2005 45.8743 0.523301 2.04306 4.57853 1.79073 176522 0 1.80951 0.220567 0
-42.3921 22.8823 0.457002 2.00217 4.49246 1.69052 142841 0 -1.26373 0.2197 0
8.21006 42.1828 1.38871 1.95977 4.52712 1.4718 171079 0 1.71788 0.217511 0
38.978 12.2766 0.435352 0.759609 1.73199 1.79012 127651 0 0.461602 0.21586 2
7.9533 42.666 1.40739 2.14091 5.18493 1.5667 172014 0 1.80123 0.212325 0
1.12167 47.4262 1.44884 0.658662 0.618472 1.52445 179013 0 3.13819 0.212133 1
6.17972 34.6117 1.43129 2.01656 4.73174 1.65429 160309 0 -1.32688 0.212117 0
-59.4507 23.5437 0.219902 1.63627 3.53954 1.42996 143724 0 -1.26144 0.211969 0
-45.5067 -4.6554 0.527387 2.00784 4.55311 1.53703 102583 0 0.0470566 0.211175 0
8.73841 42.1836 1.38802 1.61482 3.46378 1.35682 171081 0 1.76631 0.21114 0
-45.3533 45.1779 0.465441 0.875666 0.869332 1.78616 175592 0 1.86184 0.210562 1
-12.345 53.3183 1.40888 1.94454 4.38212 1.53661 187395 0 1.71512 0.208835 0
23.5094 72.5063 2.00466 1.98969 4.44204 1.68283 215587 0 1.53253 0.207458 0
39.1972 12.5974 0.676174 0.826721 1.78515 1.78416 128120 0 -3.09202 0.206985 2
-13.2615 53.9104 1.52117 2.04688 4.64263 1.67488 188328 0 1.80253 0.206357 0
-11.0189 43.0281 1.41092 2.1483 4.94775 1.68118 172423 0 -1.26841 0.205403 0
-59.9671 24.0801 0.173361 2.0783 4.79835 1.5525 144658 0 -1.21943 0.204429 0
58.7211 6.19305 2.16093 0.7618 0.766543 1.70478 118821 0 1.4881 0.202932 1
23.2097 72.7832 1.90284 1.94195 4.30592 1.64422 216054 0 1.51975 0.202848 0
31.5749 -9.14955 2.43078 0.841787 0.869258 1.79798 96272 0 2.56272 0.202516 1
51.9589 3.33154 1.6279 0.813959 0.830867 1.56615 114588 0 1.57389 0.200786 1
39.0029 12.0149 0.383131 0.740665 1.67569 1.77771 127183 0 0.0514175 0.20048 2
9.96536 45.3398 1.50927 1.62467 3.44591 1.35557 175765 0 1.82127 0.200378 0
42.7222 23.0972 2.36727 2.18739 4.94735 1.67717 143575 0 1.58926 0.199055 0
22.5017 46.1294 1.6454 2.04194 4.72701 1.62306 177208 0 -1.35791 0.198077 0
42.1415 22.3142 2.3287 2.05971 4.62496 1.64431 142169 0 1.50192 0.198038 0
-11.7045 53.894 1.39749 2.00687 4.54732 1.58686 188333 0 -1.36834 0.197974 0
-45.7995 43.6558 0.372458 0.934546 0.972616 1.80753 173250 0 -1.15857 0.197815 1
-57.775 34.6888 0.428491 2.07552 4.63357 1.77051 160109 0 -1.28724 0.197206 0
44.3116 26.0117 2.63467 2.08418 4.60625 1.78387 147792 0 1.54377 0.196272 0
42.6623 27.9658 2.40643 1.0957 1.66449 1.75066 150595 0 -1.55251 0.195229 1
-47.4696 45.0357 0.466919 2.0612 4.65513 1.76197 175117 0 1.78435 0.195198 0
-10.6903 42.4512 1.32606 2.17526 4.92865 1.70784 171488 0 -1.30027 0.194931 0
1.01995 46.5009 1.51652 0.751009 0.754348 1.35669 177609 0 3.00246 0.194809 1
44.0013 44.58 2.72365 0.861483 0.98261 1.804 174935 0 1.76107 0.194522 1
23.8996 30.475 1.85612 1.97573 4.51793 1.50485 154280 0 1.72069 0.194207 0
3.41039 46.9663 1.75156 2.06106 4.67369 1.71534 178084 0 -1.28659 0.193681 0
-12.0372 54.1794 1.41248 1.97565 4.43032 1.58196 188800 0 1.81439 0.193046 0
61.3712 21.8273 2.06077 1.98831 4.38362 1.57966 141761 0 1.56028 0.192398 0
-55.5993 17.077 0.151244 1.87727 4.11916 1.52187 134376 0 1.98213 0.191061 0
44.0117 28.9004 2.87494 1.97519 4.39017 1.65829 152003 0 1.53343 0.190758 0
41.1335 12.3276 0.890002 1.9547 4.41341 1.57285 127658 0 1.70425 0.190615 0
44.8898 28.3338 2.82904 2.25307 5.16086 1.89222 151070 0 1.52573 0.189269 0
25.058 30.005 2.01642 2.04785 4.62195 1.53466 153348 0 1.68567 0.1892 0
-0.0975723 33.5769 1.22593 1.76977 4.06966 1.34096 158417 0 -1.30577 0.188869 0
-45.3968 44.7319 0.409724 0.879345 0.901787 1.78896 174656 0 1.9999 0.188368 1
61.2246 6.59288 1.70739 0.769977 0.843185 1.68632 119297 0 1.33433 0.187617 1
22.5653 45.3768 1.56043 2.08077 4.87271 1.63715 175804 0 -1.21408 0.186908 0
-48.5957 43.0639 0.489732 1.78144 3.75617 1.58387 172306 0 1.83679 0.186659 0
58.1534 6.48559 2.03514 0.789075 0.80401 1.67974 119287 0 -1.69779 0.184492 1
26.3957 36.9621 2.56614 2.11356 4.32968 1.83568 163648 0 1.92806 0.184016 0
-17.0889 22.1607 0.86546 2.30931 5.37942 1.89589 141984 0 -1.33991 0.183868 0
22.9945 67.1089 2.04023 1.82059 3.85778 1.50495 207629 0 1.54437 0.182499 0
-49.0752 42.8396 0.392744 1.99816 4.35639 1.66405 171836 0 1.78842 0.181785 0
-12.9567 54.1873 1.49702 2.03631 4.67286 1.6156 188797 0 1.83436 0.181649 0
2.91369 16.5447 1.13413 0.786172 0.833418 1.63057 133623 0 -1.91081 0.181628 1
42.9768 22.3198 2.29226 2.02205 4.48926 1.6068 142172 0 1.5085 0.181083 0
8.44743 42.9319 1.39887 2.07559 4.78855 1.5299 172484 0 1.81699 0.179934 0
26.376 36.5947 2.53536 1.53255 2.35744 1.82509 163180 0 1.87133 0.178519 0
58.1332 6.03584 2.06796 0.775984 0.773478 1.70428 118351 0 -1.71886 0.176272 1
3.67852 34.3204 1.5177 0.73841 0.735204 1.64921 159833 0 -2.98321 0.176225 1
-3.16492 18.0668 0.932775 1.77752 4.05908 1.47198 135944 0 -1.2781 0.176118 0
35.7258 52.0195 2.5908 1.93224 4.27083 1.60063 185673 0 -1.51148 0.175147 0
23.2462 69.9121 2.03277 2.03333 4.53902 1.64912 211842 0 1.56505 0.174866 0
36.8442 -3.10754 1.85586 0.593857 0.559942 1.60206 105181 0 1.56032 0.174572 1
0.867241 46.8698 1.50065 0.689738 0.714867 1.39139 178076 0 2.89425 0.173818 1
-54.2189 21.9916 0.212573 1.92215 4.40643 1.47408 141400 0 1.79027 0.173644 0
36.3243 51.4204 2.58756 1.9033 4.18693 1.59587 184739 0 -1.48947 0.173412 0
-6.81318 61.9779 1.53852 1.95463 4.40411 1.56893 200048 0 1.80263 0.171189 0
58.3883 5.92928 2.17529 0.78575 0.793628 1.79165 118352 0 -1.76903 0.171171 1
62.5243 13.7165 2.08952 0.950473 1.02404 1.7955 129597 0 -2.55733 0.169616 1
61.9125 24.4872 2.27474 2.03314 4.64185 1.67608 145507 0 1.51404 0.169362 0
-45.5443 45.1788 0.442279 0.94097 0.973554 1.78337 175591 0 1.87081 0.168941 1
21.6491 43.2718 1.53934 1.85662 4.17237 1.5798 172993 0 -1.33442 0.168589 0
-42.6849 22.5843 0.432859 2.00711 4.44866 1.67021 142372 0 -1.3151 0.168574 0
-45.3849 43.9005 0.46379 0.878965 0.925262 1.78327 173720 0 1.41016 0.167857 1
-56.7322 33.8104 0.244916 2.12767 4.8237 1.77408 158708 0 -0.995166 0.16778 0
22.1736 42.4801 1.58082 2.17813 5.04583 1.75797 171591 0 -1.25457 0.16752 0
-43.0159 22.9041 0.467658 2.04859 4.55011 1.70442 142839 0 -1.33005 0.167494 0
44.6116 28.8942 2.93722 2.24455 5.09022 1.89451 152005 0 1.47704 0.167022 0
4.89577 -9.7026 0.486935 0.728329 0.851418 1.3796 95253 0 1.26367 0.166956 1
-56.1902 34.3247 0.237471 2.03044 4.56015 1.74554 159646 0 -1.63528 0.16646 0
21.217 40.3577 1.86826 2.18051 4.95699 1.91197 168780 0 -1.33246 0.166247 0
-31.5675 -7.24553 0.947452 0.742074 0.736145 1.51698 98883 0 -0.259359 0.165877 1
17.8803 7.97211 1.01009 0.698863 0.843382 1.23887 121033 0 0.782148 0.165218 1
59.3159 5.51284 2.19923 0.787342 0.822179 1.6721 117887 0 1.74627 0.164827 1
23.6029 30.2478 1.88348 1.99997 4.56493 1.49108 153811 0 1.68696 0.163949 0
-42.3882 22.2632 0.421461 2.04661 4.56873 1.6798 141905 0 -1.29544 0.161974 0
-11.3452 42.7436 1.39502 2.15093 4.94149 1.722 171954 0 1.70258 0.161805 0
7.78209 39.5999 1.44447 1.83567 4.11687 1.49124 167334 0 1.89966 0.161111 0
-56.8063 34.3271 0.251681 2.07549 4.68595 1.76613 159644 0 -1.28673 0.160751 0
-30.0453 -4.54651 0.843632 0.791303 0.817025 1.38219 102632 0 1.60088 0.160144 1
-50.2049 -4.59106 0.520275 0.879414 1.01507 1.80443 102569 0 2.23457 0.16008 1
4.97809 31.7694 1.31815 2.01371 4.67451 1.56051 156093 0 1.90167 0.159901 0
5.38596 34.1515 1.48823 2.08412 4.83492 1.7104 159370 0 -1.30857 0.159704 0
56.0354 6.54565 2.06229 0.891022 0.943295 1.80659 119281 0 1.31489 0.159663 1
-11.0557 43.3137 1.46633 2.14577 4.88044 1.65853 172891 0 -1.7585 0.159656 0
-24.556 9.22635 0.526917 1.8955 3.17226 1.54866 122773 0 1.80546 0.159583 0
-35.3416 24.6931 0.756657 2.79215 7.28201 2.34068 145671 0 -1.16756 0.158131 0
2.50023 46.2579 1.71444 0.807954 0.794575 1.64782 177145 0 -1.30142 0.158105 1
-6.25861 12.324 1.04637 0.848731 0.912133 1.76701 127510 0 0.92433 0.158077 1
-0.18544 34.2649 1.25416 2.06705 4.75955 1.40328 159821 0 -1.19879 0.158073 0
36.883 -3.27346 1.92961 0.576833 0.523684 1.60922 104713 0 1.59033 0.157471 1
-11.3534 43.3256 1.45657 2.11557 4.70759 1.65792 172890 0 2.13815 0.156985 0
0.494446 48.4589 1.52532 2.04409 4.63594 1.58763 180415 0 -2.98271 0.15643 0
-1.11066 47.4844 1.64451 2.10018 4.84801 1.71152 179006 0 1.75292 0.155779 0
-41.7845 22.5789 0.466147 2.03749 4.46435 1.69567 142375 0 -1.26725 0.155506 0
-13.5872 54.22 1.62598 2.02104 4.55417 1.71884 188795 0 1.82285 0.15535 0
7.22018 36.4507 1.31022 1.77389 3.95117 1.42765 162652 0 1.84487 0.155349 0
53.9625 22.4299 2.25066 2.31836 5.37635 1.93606 142674 0 -1.70193 0.155326 0
-55.7417 -8.29652 0.514671 0.78677 0.795133 1.68753 97403 0 1.73891 0.155189 1
58.6182 6.77145 2.02256 0.827324 0.829166 1.69242 119757 0 0.165135 0.154215 1
20.0903 37.0977 1.59713 1.75813 4.00018 1.46704 163628 0 -1.25212 0.154189 0
36.3378 52.8988 2.85004 1.97051 4.34349 1.66998 187079 0 -1.55916 0.154172 0
24.4869 30.8111 1.90226 2.02237 4.60456 1.51818 154750 0 1.76125 0.153042 0
36.7731 -0.777252 2.01657 0.549995 0.538023 1.55535 108456 0 1.86547 0.152792 1
61.0578 6.58864 1.85129 0.765554 0.824009 1.70153 119296 0 1.4891 0.152687 1
-41.2963 5.26811 0.499016 0.93379 1.03307 1.64703 117104 0 1.59872 0.152663 1
-55.5922 -8.28203 0.478102 0.831077 0.837364 1.69567 97404 0 1.73071 0.152457 1
43.0544 28.0748 2.44965 1.98664 4.4776 1.74283 150596 0 -1.61553 0.152445 0
44.9466 36.9397 2.70729 2.00942 4.5586 1.62443 163706 0 1.47856 0.152419 0
-49.9806 40.2809 0.098295 1.92327 4.48198 1.70923 168089 0 -0.713223 0.152199 0
0.907669 47.2043 1.48997 0.714983 0.69126 1.44001 178544 0 3.10111 0.152181 1
26.1306 36.3227 2.53637 1.02154 1.23547 1.78096 162711 0 1.84409 0.151937 1
-12.0283 53.3174 1.39838 1.9521 4.39822 1.54714 187396 0 2.16946 0.151496 0
2.97427 46.502 1.72367 1.15036 1.64225 1.68661 177615 0 -1.34098 0.151134 1
4.24378 47.4068 1.69573 2.02791 4.7251 1.68257 179023 0 -1.33635 0.150765 0
40.8378 12.3322 0.708602 1.77533 3.94974 1.48678 127657 0 -1.73789 0.150532 0
-44.5867 12.5681 0.523717 2.38164 5.93258 1.96625 127858 0 -1.49342 0.150457 0
64.7225 4.90875 1.97062 0.857053 1.17476 1.7359 116968 0 -1.33107 0.15036 1
58.5044 5.37841 2.21682 0.772126 0.775533 1.75524 117416 0 1.44124 0.150261 1
2.92046 16.7187 1.14406 0.733145 0.811845 1.52424 134091 0 -2.73892 0.149635 1
35.4237 34.437 2.41466 2.2424 4.98224 1.70356 159932 0 -1.6471 0.147109 0
5.51637 31.4595 1.29395 2.05694 4.80741 1.57922 155627 0 1.85385 0.147071 0
-46.5965 45.8709 0.478622 2.01128 4.52954 1.769 176524 0 1.8197 0.14686 0
24.7265 69.6702 2.14415 2.19016 5.03226 1.87375 211379 0 1.58269 0.146761 0
0.600647 46.2948 1.49245 0.769573 0.744299 1.4232 177139 0 2.70668 0.146658 1
61.2302 6.79975 1.74157 0.786316 0.853507 1.7037 119765 0 1.57653 0.146326 1
-40.2165 8.82611 -0.0791417 0.901978 1.22996 1.5857 122256 0 -1.72164 0.146255 1
22.5752 72.5086 1.90193 1.9737 4.36984 1.65941 215584 0 1.50666 0.146187 0
-42.7099 21.9189 0.433303 2.0339 4.59914 1.66625 141436 0 -1.29668 0.146165 0
55.876 6.3481 2.06938 0.887004 0.906015 1.76653 118812 0 1.34073 0.146014 1
74.1544 23.1163 2.05639 1.93629 4.10009 1.54577 143673 0 1.41325 0.145601 0
17.8609 29.0918 1.54721 1.77278 3.89394 1.51855 151921 0 -1.3157 0.145595 0
-21.5262 9.02689 -0.0510735 0.823789 0.885078 1.48984 122782 0 1.80923 0.145383 1
-11.6581 43.0437 1.41109 2.13374 4.81204 1.70526 172421 0 1.90797 0.144799 0
-42.0753 21.9345 0.429597 2.02831 4.50839 1.68651 141438 0 -1.30163 0.144226 0
40.8408 12.6027 0.748349 1.83668 4.09396 1.49507 128125 0 -2.61744 0.143451 0
-60.9427 19.9838 0.155081 1.99355 4.51902 1.53831 138571 0 -1.20551 0.142437 0
-50.7667 -6.5532 0.63548 2.18273 5.00004 1.76702 99759 0 0.0414993 0.142109 0
22.2493 72.8006 1.79542 1.99764 4.42377 1.65094 216051 0 1.54235 0.142023 0
44.6412 36.6618 2.64157 1.99775 4.43788 1.61442 163237 0 1.51537 0.141789 0
-34.1731 -0.170807 0.643278 2.14182 4.71763 1.57288 109171 0 -1.60681 0.141676 0
-4.54485 64.4022 1.71126 2.31372 5.83228 1.78877 203799 0 1.81428 0.141583 0
36.7498 -3.25141 1.88278 0.550393 0.501548 1.46349 104712 0 1.64548 0.141334 1
2.1037 16.4562 1.10856 0.811768 0.826033 1.55917 133620 0 -1.11014 0.141219 1
-55.5394 33.5179 0.266241 2.14333 4.76643 1.8181 158244 0 -1.23141 0.140896 0
25.377 30.2679 2.00401 2.0659 4.69047 1.55915 153817 0 1.71569 0.140617 0
26.6755 36.6358 2.52117 2.1858 4.22332 1.90348 163181 0 1.89102 0.1405 0
-60.2491 23.2716 0.259869 2.11561 4.85248 1.56962 143253 0 -1.51918 0.140217 0
41.1146 46.2467 2.73822 2.03319 4.64929 1.73449 177266 0 -1.61171 0.13988 0
-11.3465 42.4148 1.35859 2.14665 4.8799 1.72585 171486 0 -1.01376 0.139372 0
24.7281 70.1552 2.1649 2.26819 5.23378 1.9245 212315 0 1.53025 0.139153 0
3.90287 34.0747 1.4831 0.735047 0.730933 1.65197 159366 0 -2.87946 0.138948 1
-42.1157 23.1299 0.508401 2.0533 4.52318 1.71834 143310 0 -1.2628 0.138948 0
4.28658 46.9838 1.73856 1.96094 4.75987 1.66979 178087 0 -1.30909 0.138909 0
26.0898 36.0308 2.49232 1.77564 3.30602 1.74521 162243 0 1.8538 0.138759 0
48.5021 2.52664 2.21303 0.822294 0.891031 1.68198 113173 0 -1.69992 0.138729 1
-56.4438 33.5177 0.243111 2.05922 4.65493 1.7575 158241 0 -0.011836 0.138674 0
38.9521 12.5768 0.587054 0.802237 1.74006 1.81121 128119 0 2.06519 0.138626 2
7.41283 37.1717 1.32683 1.92668 4.29135 1.49065 164057 0 1.96482 0.137827 0
2.72875 46.0474 1.71454 0.773122 0.755965 1.62275 176678 0 -0.938991 0.137577 1
3.05292 47.7426 1.76998 2.14148 4.64606 1.67015 179487 0 -1.38333 0.137489 0
23.5162 73.0784 1.93831 2.09082 4.71207 1.7585 216523 0 1.5001 0.137483 0
-16.7742 -9.43456 1.00149 0.865789 0.970523 1.76738 95653 0 2.43324 0.13748 1
62.2198 24.7957 2.23707 2.0139 4.56071 1.6756 145976 0 1.55603 0.137459 0
17.2561 26.6929 1.46607 1.70448 3.66383 1.41123 148643 0 -1.3829 0.137 0
7.74152 40.0664 1.41821 1.81293 4.03336 1.48505 168270 0 1.90649 0.136886 0
20.4351 40.1796 1.81938 1.79672 3.61566 1.7871 168309 0 -1.26868 0.13679 0
25.457 35.9914 2.52973 1.81001 3.75697 1.70913 162241 0 1.86604 0.136411 0
64.3969 4.43933 2.17409 0.998585 1.567 1.93457 116031 0 -1.47076 0.13618 1
1.30231 47.2227 1.4992 0.737702 0.678698 1.50214 178546 0 -2.45859 0.135808 1
-42.2059 -4.74703 0.729755 1.80927 4.00484 1.6614 102594 0 -0.00403465 0.135198 0
58.8429 4.95194 2.22293 0.825829 0.82516 1.7867 116949 0 1.40162 0.134893 1
42.1051 28.5955 2.48963 2.04168 4.5662 1.68238 151529 0 -1.58779 0.13478 0
-12.6312 53.0315 1.42277 1.99293 4.41766 1.59211 186926 0 1.6846 0.134436 0
59.068 4.37441 2.08902 0.740133 0.746408 1.64835 116014 0 1.6154 0.133918 1
36.0845 34.2014 2.48179 1.77847 3.87814 1.60807 159466 0 -1.60654 0.133891 0
21.3575 42.4891 1.61434 1.87906 4.16164 1.62145 171588 0 -1.23898 0.133474 0
54.8854 17.133 1.69559 0.806391 0.918601 1.72279 134721 0 -1.44428 0.133425 1
-46.8984 46.1952 0.533421 1.99887 4.44702 1.78019 176991 0 1.84077 0.133019 0
2.09395 16.1768 1.06178 0.821512 0.8794 1.44312 133152 0 -1.06819 0.132459 1
-56.0704 16.8086 0.211721 2.11731 4.87683 1.62955 133906 0 -1.9035 0.13124 0
-10.7532 43.2872 1.47046 2.22679 5.0254 1.6992 172892 0 -1.17876 0.131177 0
-26.3413 -0.161896 0.632346 2.10057 4.91852 1.52399 109195 0 -1.5863 0.131093 0
9.01163 42.4076 1.44026 1.6268 3.49523 1.37384 171550 0 1.80232 0.130778 0
7.22552 40.3612 1.38982 1.99412 4.67023 1.59131 168736 0 1.88566 0.130739 0
48.4154 6.0255 2.06601 0.883584 0.928956 1.77047 118321 0 1.57171 0.130437 1
37.2077 52.2674 2.86462 2.31733 5.41503 1.96757 186146 0 -1.52307 0.129095 0
-9.0784 42.4016 0.947636 2.0396 4.54585 1.54137 171493 0 -1.50803 0.128989 0
25.7686 36.3072 2.55411 1.83545 3.64078 1.7466 162710 0 1.87071 0.128423 0
73.1417 21.3209 2.14981 2.06958 4.55151 1.73643 140862 0 -3.11076 0.128289 0
-45.8177 43.4413 0.411746 0.935448 0.98091 1.76042 172782 0 -1.19795 0.128131 1
4.71997 31.522 1.37524 1.9681 4.5792 1.56579 155624 0 1.89518 0.128081 0
23.2043 72.215 2.05199 1.98529 4.38975 1.68185 215118 0 1.54648 0.127523 0
26.369 36.0595 2.45447 1.36299 2.08787 1.79489 162244 0 1.8294 0.127326 0
74.1551 22.625 1.97859 1.91901 4.07465 1.56733 142737 0 1.70623 0.127012 0
7.72697 36.8971 1.315 1.63525 3.52948 1.36548 163590 0 1.96234 0.126815 0
44.0085 44.4245 2.71845 0.842427 1.00871 1.79214 174467 0 2.26089 0.126702 1
-10.1534 42.9681 1.35754 2.16328 4.66976 1.63729 172426 0 -1.25044 0.126086 0
31.7246 -9.13952 2.40041 0.819456 0.983675 1.78105 96273 0 2.61335 0.126038 1
74.439 22.3151 2.17122 2.09299 4.29336 1.75368 142270 0 1.85172 0.125867 0
39.4065 11.9936 0.502914 0.812515 1.73071 1.78028 127185 0 -1.21385 0.125295 2
25.448 35.6848 2.42755 2.00973 4.36385 1.68143 161773 0 1.85885 0.125209 0
62.7759 13.9389 2.09052 0.901852 1.0041 1.77093 130066 0 -1.62052 0.125164 1
-43.0298 22.238 0.441307 2.02606 4.56832 1.69066 141903 0 -1.28204 0.12482 0
35.7284 52.6026 2.6968 1.94833 4.25255 1.65636 186609 0 -1.49354 0.124752 0
64.697 4.71027 2.06626 0.923826 1.44375 1.83366 116500 0 -1.47231 0.124352 2
-29.7325 -7.209 0.919894 0.710916 0.717912 1.2778 98889 0 -1.54665 0.124106 1
26.0675 35.6927 2.36436 2.10878 4.44784 1.75018 161775 0 1.8477 0.123826 0
59.5784 5.26729 2.16604 0.788629 0.805792 1.6304 117420 0 -2.17352 0.123438 1
21.0238 47.2685 1.52426 1.65381 3.61677 1.46136 178607 0 -2.84002 0.123346 0
-41.0927 5.48989 0.476417 0.888644 0.928788 1.61315 117573 0 1.62045 0.123094 1
36.8723 -0.769081 2.00975 0.649367 0.615217 1.69955 108457 0 1.7222 0.123092 1
3.45989 33.8499 1.46086 0.725581 0.702475 1.68196 158896 0 -3.06653 0.12308 1
-61.2394 19.3507 0.135229 1.97909 4.48716 1.53791 137634 0 -1.18926 0.122829 0
61.9271 25.0957 2.32677 2.11209 4.78838 1.73714 146443 0 1.56283 0.122792 0
4.50494 25.7995 1.29419 1.68369 3.67125 1.39101 147200 0 1.79351 0.122695 0
-43.3542 21.9228 0.479965 2.12502 4.75018 1.73175 141434 0 -1.29385 0.122507 0
23.5139 66.8351 1.98159 1.98849 4.63425 1.59411 207163 0 1.58929 0.122246 0
62.2143 24.221 2.17817 1.91105 4.42272 1.63189 145040 0 1.56799 0.122179 0
-45.3936 43.4791 0.421743 0.892182 0.986503 1.74349 172784 0 -0.590389 0.122109 1
-13.2201 53.3383 1.49572 2.05711 4.62955 1.66858 187392 0 1.7787 0.122101 0
0.582115 46.5014 1.51664 0.781782 0.774347 1.42306 177607 0 2.93599 0.122008 1
34.7271 67.3294 2.56478 2.15694 4.98373 1.83738 208134 0 1.56271 0.122001 0
0.877327 47.4678 1.47335 0.73196 0.684084 1.48918 179012 0 -3.10129 0.121991 1
3.9379 34.3796 1.48038 0.691 0.689907 1.62909 159834 0 -2.58123 0.121932 1
43.0432 25.1781 2.43971 1.93163 4.23762 1.65227 146384 0 1.54638 0.121797 0
39.1965 11.4415 0.689359 0.822615 1.80501 1.79254 126248 0 -0.143123 0.121641 2
-19.7824 7.73708 1.36652 0.80866 0.888678 1.72758 120916 0 -1.67731 0.121273 1
1.35296 46.917 1.51022 0.724588 0.673228 1.39163 178078 0 -2.81366 0.120922 1
-11.6754 42.4218 1.37893 2.11099 4.70122 1.70904 171485 0 1.60049 0.120922 0
44.3358 45.2757 2.76749 2.13116 4.7228 1.77065 175872 0 1.33408 0.120359 0
-51.2895 -9.41797 0.384125 1.99799 4.438 1.64657 95545 0 0.176826 0.120357 0
0.753357 48.2135 1.47509 1.93867 4.23331 1.48252 179948 0 -2.87492 0.120275 0
-11.0505 53.6294 1.37698 2.00729 4.51807 1.62596 187867 0 -1.26958 0.120037 0
35.0312 67.323 2.56772 2.17546 5.06839 1.82005 208135 0 -2.10456 0.119659 0
16.5952 23.9602 1.67576 1.81407 3.90112 1.68977 144429 0 -1.36019 0.119329 0
-45.5594 44.3389 0.467304 0.914236 1.57535 1.81019 174187 0 1.98726 0.119204 1
48.7394 2.68207 2.21097 0.844223 1.2268 1.65516 113642 0 -1.65168 0.119192 1
-48.1194 45.8785 0.49988 2.27759 5.37952 1.94388 176519 0 1.80869 0.119087 0
42.3155 16.8397 2.42812 0.921275 0.980919 1.79664 134214 0 -1.45894 0.118854 1
35.0346 67.0796 2.54584 2.0817 4.83357 1.7659 207667 0 -1.29889 0.118727 0
-45.8656 44.9425 0.356173 1.60552 2.56123 1.77209 175122 0 1.90329 0.118429 0
-19.7717 7.61243 1.49046 0.838164 0.943298 1.7564 120448 0 -1.52558 0.11834 1
19.4641 34.7036 1.53428 1.76948 3.88533 1.47134 160350 0 -1.24953 0.118066 0
-35.5714 24.2459 0.720012 2.58966 6.78291 2.27717 144734 0 -1.2751 0.118008 0
-50.201 -4.42133 0.541963 0.871993 1.03237 1.81894 103037 0 2.20565 0.117733 1
55.8747 6.77564 2.06185 0.916021 0.970334 1.79963 119748 0 1.3206 0.117576 1
-50.6631 40.5569 -0.0503275 1.97868 4.72174 1.74919 168555 0 1.76171 0.117455 0
-13.5571 53.6507 1.5383 2.04744 4.63835 1.72225 187859 0 1.7521 0.117387 0
-57.4368 34.153 0.290429 1.99156 4.32931 1.72031 159174 0 -1.3355 0.117301 0
39.4267 11.7343 0.545746 0.817096 1.79897 1.78469 126717 0 -0.505188 0.117048 2
35.7632 48.912 2.51026 1.74419 3.77526 1.53582 180993 0 -1.50713 0.116758 0
24.7851 31.1435 2.01009 1.97233 4.46382 1.52469 155219 0 1.78559 0.116622 0
25.1168 35.3881 2.37284 2.06158 4.4393 1.65654 161304 0 1.87231 0.116242 0
-60.6484 20.2903 0.165859 2.00763 4.57292 1.53476 139040 0 -1.21438 0.115844 0
41.388 12.0409 1.07145 2.10954 4.83261 1.67838 127191 0 1.70272 0.115567 0
42.0978 26.3185 2.54207 2.00561 4.43356 1.71944 148253 0 1.69539 0.115129 0
-5.01293 61.8242 1.58647 2.01677 4.56027 1.53755 200054 0 -1.48245 0.115116 0
25.7622 37.5804 2.63101 2.03218 4.31641 1.74376 164582 0 1.98633 0.114834 0
43.9984 44.9219 2.72112 1.87337 3.95829 1.81257 175403 0 1.70197 0.114703 0
-48.0955 45.3368 0.424863 2.10394 4.71553 1.81147 175583 0 1.7538 0.114147 0
59.5926 5.01687 2.15587 0.77815 0.816186 1.64753 116952 0 2.45884 0.114093 1
2.67747 17.0664 1.13189 0.854195 1.24152 1.54284 134558 0 -1.61878 0.114069 1
-11.0344 42.14 1.31271 2.13735 4.8679 1.68803 171019 0 -1.25162 0.113886 0
60.6377 26.4085 2.54468 2.20203 4.97291 1.88349 148311 0 1.50719 0.113854 0
-56.0696 17.0846 0.219795 2.09825 4.78474 1.63448 134374 0 2.47155 0.113601 0
-11.7015 53.3227 1.36263 1.9777 4.47994 1.57607 187397 0 -1.53383 0.113525 0
