-5.0446 15.2549 1.11413 2.32704 5.81942 1.97483 131726 0 -1.37173 0.940645 0
14.9369 21.6118 1.40161 2.14688 5.23942 1.74283 141148 0 1.78551 0.931175 0
0.756561 15.2211 0.886261 1.99807 4.56743 1.42353 131744 0 -1.31935 0.927567 0
-20.8487 11.3357 0.780928 2.25778 5.00993 1.85056 126060 0 -1.32955 0.927227 0
-5.98473 9.95246 1.02354 2.17856 4.87467 1.87409 124235 0 -1.35362 0.922723 0
23.2253 15.4316 1.74312 2.04463 4.57627 1.59232 132282 0 1.56736 0.899565 0
52.9845 22.202 2.03303 2.10579 4.67228 1.75352 142203 0 -1.69871 0.89793 0
-24.8244 15.2478 0.718785 2.15005 4.70153 1.86771 131664 0 -1.32136 0.897362 0
23.7771 21.563 1.79225 2.26019 5.08638 1.82731 141176 0 1.64448 0.89658 0
12.4041 4.68981 0.931679 1.99369 4.40818 1.54968 116336 0 1.38315 0.894765 0
4.71434 -5.82067 0.728949 2.04197 4.48069 1.57603 100868 0 0.00480025 0.894735 0
23.5056 19.0045 1.8016 2.18464 4.77845 1.77947 137431 0 1.60968 0.894611 0
-39.1953 11.0298 0.616742 2.04597 4.45533 1.83692 125535 0 1.81541 0.893139 0
2.13818 23.2906 1.19165 1.99338 4.61233 1.71194 143448 0 1.78306 0.892849 0
7.71809 -5.23174 0.883683 2.31755 5.12563 1.86222 101814 0 -0.0474857 0.890992 0
-5.23444 12.6991 0.816219 2.11523 4.9844 1.52289 127981 0 -1.38866 0.890445 0
-0.405273 -5.4895 0.746203 2.16585 5.07332 1.57213 101320 0 -0.0814543 0.890134 0
-11.7929 -4.11073 1.00637 2.2047 5.2142 2.02102 103625 0 1.9835 0.889542 0
16.1741 24.1057 1.50344 2.08351 4.72378 1.79966 144896 0 -1.39633 0.878475 0
2.08929 -5.67058 0.755128 2.05401 4.41253 1.55636 101328 0 -0.0656986 0.878142 0
-19.4441 16.3653 0.682454 1.99376 4.3335 1.56195 133553 0 1.8573 0.875719 0
18.4255 32.0832 1.68792 2.13503 4.91709 1.86087 156603 0 -1.36041 0.871049 0
-2.08731 28.8857 1.22295 2.06948 4.59193 1.54659 151859 0 -1.34318 0.866841 0
35.7742 19.5737 1.93175 1.96914 4.42052 1.62444 138405 0 -1.54972 0.86684 0
17.465 29.276 1.3914 1.99499 4.62478 1.50029 152388 0 -1.36329 0.866571 0
0.262947 11.657 0.914173 1.92825 4.23137 1.50521 126594 0 1.79563 0.864156 0
40.7751 19.7095 2.28136 2.04964 4.71016 1.84064 138421 0 1.53254 0.86174 0
-4.35998 18.066 0.897274 1.99942 4.62027 1.46911 135940 0 -1.30587 0.860851 0
2.31638 20.6131 1.00972 1.94606 4.54397 1.4402 139705 0 1.78854 0.856247 0
23.2446 27.2614 1.91964 2.26667 5.12782 1.87309 149598 0 1.66751 0.854954 0
-4.00712 20.4365 0.953119 1.98219 4.56188 1.45399 139217 0 -1.32141 0.854536 0
-2.46471 26.1172 0.995655 2.01507 4.5893 1.42989 147646 0 -1.28887 0.852262 0
23.2581 64.218 1.55338 2.07812 4.88195 1.62393 203418 0 1.57753 0.851995 0
-40.3666 -5.37768 0.877998 2.09821 4.74446 1.51945 101663 0 0.0536178 0.851529 0
1.40467 17.808 0.994739 1.92173 4.43631 1.46004 135490 0 1.86604 0.841632 0
12.9188 13.3962 1.02016 2.0352 4.8253 1.49888 128974 0 -1.38626 0.841485 0
3.92078 28.5675 1.33861 2.12527 4.77912 1.84654 151410 0 1.83574 0.838239 0
-3.42607 23.5738 0.974972 1.95917 4.34563 1.48487 143899 0 -1.32537 0.837304 0
14.2037 18.9327 1.13017 2.01859 4.65177 1.55247 137402 0 -1.36344 0.822354 0
-57.7757 14.1583 0.348259 1.91622 4.30222 1.55252 130157 0 1.95519 0.820794 0
-42.0907 5.20392 0.607807 0.850954 0.875433 1.67409 117102 0 1.61785 0.818147 1
60.9663 21.607 1.85643 1.99729 4.53404 1.56297 141292 0 1.53709 0.815603 0
8.83085 48.5145 1.54827 1.99757 4.64074 1.7928 180441 0 1.83637 0.815201 0
17.0753 26.7262 1.30129 2.04078 4.76831 1.48808 148643 0 -1.40971 0.809044 0
-18.796 19.1571 0.778371 2.11657 4.40671 1.70905 137299 0 -1.25796 0.80772 0
14.1892 16.0575 1.08093 2.00847 4.60991 1.4916 133190 0 -1.41758 0.80286 0
-26.1387 -0.194588 0.713811 2.10603 4.52849 1.51835 109196 0 -1.58328 0.801107 0
-37.8409 16.2508 0.620166 2.33797 5.72618 1.95786 133027 0 -1.30487 0.800641 0
-44.623 12.2971 0.569926 2.18821 5.04903 1.7839 127390 0 -1.38858 0.789855 0
6.19227 36.9075 1.23561 1.95554 4.45277 1.46744 163585 0 1.91752 0.789481 0
-25.7808 9.33957 0.600211 2.00097 4.13674 1.56183 123237 0 1.83624 0.782309 0
3.30477 25.7775 1.12766 1.895 4.34682 1.43516 147196 0 1.773 0.780202 0
-1.48261 31.4838 1.08901 1.97366 4.60669 1.41273 155605 0 -1.30852 0.779911 0
-15.7577 27.0431 1.07023 2.30757 5.84594 1.85149 149008 0 -1.32778 0.777207 0
8.76129 45.5755 1.23544 1.96364 4.51947 1.51491 176229 0 1.82528 0.776192 0
23.545 24.2861 1.59651 1.99006 4.64407 1.48873 144919 0 1.70344 0.774281 0
73.5069 20.0696 1.82905 1.94996 4.28574 1.69115 138991 0 -1.55196 0.773601 0
-17.4308 21.9548 0.846136 2.15362 4.98313 1.73595 141515 0 -1.32432 0.769598 0
20.2928 40.1509 1.66642 2.09058 4.76663 1.84715 168309 0 -1.308 0.763158 0
-55.5925 19.3601 0.459142 1.99538 4.21809 1.54177 137652 0 1.94869 0.762032 0
19.6702 37.3475 1.49374 2.0396 4.71997 1.5472 164095 0 -1.32629 0.761002 0
4.96928 34.0804 1.29362 2.06288 4.80918 1.5907 159369 0 -1.3283 0.755674 0
-43.0793 -5.04805 0.895831 1.9996 4.53995 1.65338 102123 0 -0.00339403 0.754286 0
12.382 10.7432 0.894651 1.90932 4.4222 1.4093 125228 0 1.70122 0.737867 0
61.5367 13.8976 1.86669 0.95745 0.953666 1.7193 130062 0 -1.90544 0.737001 1
-35.6638 24.1951 0.669567 2.563 6.43312 2.18777 144734 0 -1.22459 0.736434 0
58.3764 4.91402 1.97016 0.98635 1.02022 1.98198 116948 0 1.57436 0.735521 1
1.87473 16.5368 1.031 0.783234 0.732309 1.61225 133619 0 -1.78744 0.734101 1
73.4879 22.8996 1.71706 1.93108 4.23639 1.53791 143203 0 1.60385 0.723845 0
7.55372 42.6529 1.21348 2.02054 4.63948 1.49644 172013 0 1.86953 0.712621 0
63.4914 4.7394 2.01162 0.928625 0.967973 1.76994 116496 0 -1.6153 0.686576 1
-35.6892 -0.138763 0.746723 2.12147 4.5484 1.55546 109166 0 -1.62964 0.683956 0
-0.748779 33.8515 1.02369 1.94843 4.54868 1.37044 158883 0 -1.22764 0.681332 0
6.52699 39.902 1.3903 1.86374 4.17175 1.52372 167798 0 1.90349 0.674185 0
17.1229 8.16341 0.818754 0.755872 0.81902 1.59853 121499 0 -1.76881 0.6725 1
-45.8575 -4.68838 0.676531 1.97142 4.35983 1.48649 102582 0 0.042448 0.671256 0
-31.0032 -4.25542 1.00027 0.887687 0.87876 1.6004 103097 0 1.58823 0.657443 1
22.6072 67.1214 1.61252 2.03596 4.65355 1.60834 207628 0 1.55609 0.64433 0
19.3212 34.685 1.40833 2.06478 4.68618 1.57377 160350 0 -1.36217 0.634239 0
-56.7662 16.8328 0.244401 1.9632 4.40714 1.53508 133904 0 1.95622 0.620526 0
-60.6304 23.5354 0.174564 1.92846 4.35782 1.47281 143720 0 -1.25418 0.615002 0
0.860008 38.9515 1.40226 1.88566 4.48966 1.47552 166376 0 -1.22744 0.60434 0
35.7067 34.474 2.1822 1.94545 4.27183 1.72098 159933 0 -1.59908 0.592431 0
21.238 42.9977 1.43041 2.08377 4.74102 1.75821 172524 0 -1.36769 0.586925 0
21.5751 45.8797 1.3075 1.97105 4.54375 1.53927 176737 0 -1.31326 0.586911 0
-56.2573 -8.39932 0.64421 0.787044 0.812268 1.69809 96934 0 1.68289 0.575543 1
-0.0527954 46.3087 1.19212 0.818115 0.780786 1.64761 177137 0 2.4807 0.564264 1
41.7518 22.625 2.12821 1.98842 4.57619 1.53796 142636 0 1.55835 0.56303 0
3.03121 47.1618 1.50441 2.09106 4.7464 1.64397 178551 0 -1.29371 0.551302 0
23.5408 30.5368 1.62668 2.02794 4.61221 1.51298 154279 0 1.73264 0.549866 0
57.3708 6.29878 1.87159 0.85432 0.845998 1.76931 118817 0 -1.7827 0.549261 1
-4.58137 63.9313 1.475 1.88065 4.26827 1.56768 202863 0 -1.31817 0.547684 0
57.9862 5.60983 2.04109 0.851962 0.88048 1.85755 117883 0 -1.78824 0.542062 1
35.3823 49.1165 2.27231 1.99163 4.4147 1.66325 181460 0 -1.55524 0.518956 0
-48.7957 -5.01051 0.418925 1.87835 4.05439 1.46179 102105 0 0.0833959 0.505208 0
23.8144 69.923 1.83545 2.16531 4.90757 1.85849 211844 0 1.52724 0.487245 0
-6.22025 61.6799 1.22667 1.9456 4.51454 1.52504 199582 0 -1.29092 0.482737 0
61.4053 13.9126 1.86258 0.937865 0.936307 1.7098 130061 0 -1.91143 0.473535 1
2.07074 44.2789 1.24679 1.84867 4.403 1.41063 174336 0 -1.3607 0.467817 0
73.0974 26.7143 1.97713 2.04687 4.54435 1.77647 148818 0 -1.57435 0.458961 0
-27.1386 -5.78967 1.14201 0.904692 1.41482 1.74726 100769 0 1.62176 0.45786 1
55.1018 6.58179 1.91307 0.880348 0.924875 1.77789 119278 0 1.33171 0.450938 1
1.79128 44.0196 1.27378 1.82292 4.2727 1.4088 173867 0 -1.36637 0.441763 0
35.0545 52.2999 2.38665 1.98424 4.33013 1.72455 186139 0 -1.5561 0.431193 0
-14.8463 32.2336 1.08892 2.14796 4.89739 1.65375 156499 0 -1.32307 0.422445 0
1.96451 16.6808 1.02089 0.727978 0.754203 1.56083 134088 0 -2.03245 0.421198 1
-7.83006 57.0831 1.09924 2.26021 5.45262 1.70901 193025 0 1.82164 0.412721 0
41.4477 25.7733 2.34574 2.06576 4.70467 1.6415 147315 0 1.60867 0.408192 0
-48.1923 45.2738 0.552289 1.9651 4.4085 1.63374 175583 0 1.95031 0.394363 0
58.3475 4.76326 1.91479 0.95571 0.976918 1.92553 116480 0 1.5341 0.391625 1
2.00535 46.2705 1.49399 0.762634 0.728432 1.61894 177144 0 -1.65537 0.391123 1
-56.5242 17.0244 0.225892 1.73369 3.92206 1.45182 134373 0 2.00532 0.375223 0
58.6316 4.99395 1.93068 0.964672 0.970872 1.90789 116949 0 1.77307 0.373928 1
57.4468 6.47816 1.89453 0.908949 0.91042 1.78963 119285 0 -1.749 0.3732 1
1.65462 17.7368 1.01463 1.79218 3.92859 1.42756 135491 0 -1.9418 0.36183 0
-31.0903 -4.12761 1.01108 0.854431 0.83562 1.61797 103564 0 1.60549 0.358427 1
-49.0656 -5.24168 0.466601 2.04793 4.57796 1.57235 101636 0 0.153519 0.35614 0
58.076 5.88651 2.02341 0.828881 0.839151 1.80655 118351 0 -1.82719 0.352342 1
42.017 29.253 2.1978 0.754038 0.747163 1.77324 152465 0 2.68256 0.351437 1
-49.7569 43.0876 0.281523 1.81855 4.10595 1.46123 172302 0 1.96129 0.349764 0
58.2116 4.87888 1.93487 0.901235 0.931091 1.90751 116947 0 1.59696 0.345332 1
2.80689 34.0655 1.34941 0.718292 0.692053 1.6564 159362 0 -2.92715 0.344846 1
57.7284 6.59737 1.90497 0.820099 0.825664 1.72888 119286 0 -1.55957 0.344218 1
23.8133 30.8139 1.66024 2.03205 4.64628 1.5255 154748 0 1.78996 0.34401 0
-0.0811539 46.4435 1.20852 0.865186 0.85801 1.62516 177605 0 2.40011 0.338449 1
61.5652 13.7342 1.87906 0.937468 0.946543 1.72182 129594 0 -1.96604 0.338294 1
41.1211 25.4657 2.35837 2.1007 4.7432 1.6742 146846 0 1.56725 0.333387 0
41.1513 26.0591 2.32171 2.06478 4.67625 1.67757 147782 0 1.65499 0.330187 0
-50.3846 40.4448 0.350531 2.02883 4.5935 1.53992 168556 0 2.45761 0.329967 0
-50.1098 40.4134 0.339508 1.99535 4.48198 1.52824 168557 0 -1.53429 0.329783 0
63.751 4.73308 2.03655 0.965963 1.11468 1.78232 116497 0 -1.58495 0.325748 1
-56.3675 -8.27748 0.673751 0.800043 0.803744 1.73565 97401 0 1.70117 0.324645 1
27.5884 -8.06074 1.94421 0.924564 0.880066 1.85014 97664 0 -1.60452 0.316563 1
1.84594 46.2663 1.49989 0.785399 0.735741 1.62135 177143 0 -1.82343 0.315053 1
-34.1156 -7.2393 1.1111 0.753698 0.78639 1.52588 98875 0 -0.0608696 0.313761 1
72.5597 26.7313 1.96943 1.73371 3.56025 1.59638 148816 0 -1.57174 0.313511 0
19.7885 40.1818 1.61422 1.79205 3.85941 1.75014 168307 0 -1.31265 0.308159 0
41.1838 22.8214 2.14469 2.02298 4.59362 1.58836 143102 0 1.5948 0.303845 0
-58.695 34.6944 0.65082 2.12184 4.79702 1.74998 160106 0 -1.2089 0.301907 0
63.3322 4.71478 1.99809 0.953965 0.962106 1.79423 116495 0 -1.60736 0.295801 1
63.8054 4.8967 2.03979 0.937597 0.999701 1.74651 116965 0 -1.67269 0.295717 1
72.8253 26.9688 1.99831 1.86302 4.05085 1.65767 149285 0 -1.63542 0.294181 0
0.0608215 46.4424 1.21864 0.891481 0.894492 1.61268 177606 0 2.82672 0.290692 1
2.07126 44.5825 1.25693 1.80214 4.20513 1.43417 174804 0 -1.35489 0.288818 0
23.5344 29.997 1.75269 2.07226 4.68645 1.55707 153343 0 1.67811 0.283045 0
24.1074 30.2787 1.74371 2.09472 4.83774 1.57003 153813 0 1.71104 0.282764 0
-57.0981 34.0282 0.312187 1.95272 4.46723 1.62566 159175 0 -1.24104 0.27924 0
58.4331 5.2289 1.95739 0.817781 0.874287 1.85337 117416 0 2.90599 0.277774 1
2.06583 43.7495 1.25104 1.80244 4.26226 1.38258 173400 0 -1.3551 0.275789 0
-60.8976 23.2742 0.205866 2.07227 4.71126 1.51072 143251 0 -1.33848 0.274408 0
2.11387 47.2169 1.49336 2.12407 4.61935 1.73888 178548 0 -1.37539 0.271572 0
58.6672 5.20982 1.89976 0.800629 0.836134 1.79406 117417 0 2.13625 0.271421 1
36.2368 34.6779 2.0852 2.26062 5.27413 1.87209 160403 0 -1.6134 0.271154 0
-51.1343 -4.56355 0.660454 0.856619 0.959134 1.76144 102566 0 1.60503 0.268057 1
19.0372 73.1165 1.66994 2.04557 4.58465 1.68722 216509 0 1.58115 0.267675 0
2.02127 46.4895 1.4795 0.864268 0.981157 1.68812 177612 0 -1.50976 0.26752 1
2.93511 34.0671 1.37027 0.72299 0.704243 1.64523 159363 0 -2.80216 0.267363 1
-5.6646 61.6421 1.23802 1.85379 4.15984 1.50285 199584 0 -1.30969 0.265996 0
-42.2717 5.22716 0.589187 0.941254 0.976802 1.69377 117101 0 1.61158 0.261483 1
2.66425 35.2862 1.25879 0.7088 0.694062 1.59098 161234 0 -0.209752 0.261301 1
27.4475 -7.92052 1.92159 0.919655 0.865121 1.81427 98131 0 -1.69281 0.261084 1
35.0987 48.8972 2.25666 1.80624 4.02761 1.58351 180991 0 -1.48497 0.25855 0
8.06212 42.4552 1.23443 1.62146 3.56026 1.35196 171547 0 1.88962 0.258477 0
-64.5518 8.85072 1.79509 0.811891 1.6764 1.81364 122180 0 -0.65542 0.255642 2
-25.1869 9.13357 0.624918 1.89341 2.89567 1.58282 122771 0 1.75696 0.254808 0
35.6303 52.0633 2.42577 2.08071 4.67016 1.80831 185673 0 -1.49658 0.254169 0
18.0084 9.19279 1.21951 0.764004 0.850586 1.62098 122906 0 -1.58324 0.251485 1
-51.1376 -4.42033 0.667794 0.833937 0.989562 1.76565 103034 0 1.20094 0.250749 1
34.7621 52.0663 2.33111 1.97769 4.33231 1.69672 185670 0 -1.52971 0.250461 0
-49.8013 40.21 0.250133 1.88654 4.34389 1.55348 168090 0 -1.2935 0.250425 0
1.49816 44.2837 1.29945 1.86264 4.42192 1.46754 174334 0 -1.37732 0.250362 0
-48.4263 45.0295 0.582503 2.05555 4.60392 1.67333 175114 0 1.86383 0.250285 0
4.03232 31.2275 1.25238 2.00192 4.71243 1.54767 155154 0 1.90489 0.249903 0
-50.6759 40.4731 0.322772 2.0536 4.71275 1.56429 168555 0 1.92095 0.248112 0
41.872 29.2635 2.20767 0.80351 0.767075 1.77913 152464 0 2.35013 0.247894 1
-1.3617 34.1215 1.10085 1.90878 4.40691 1.37776 159349 0 -1.29465 0.24705 0
6.7906 40.0769 1.36885 1.77774 3.93568 1.50334 168267 0 1.93731 0.246975 0
17.8741 9.18684 1.0595 0.640688 0.666446 1.33257 122905 0 -1.6981 0.245709 1
17.1528 10.748 1.51917 0.761782 0.828249 1.68054 125243 0 -1.24756 0.24443 1
-58.1218 34.4003 0.481128 1.91545 4.20026 1.63898 159640 0 -1.28901 0.244064 0
41.4404 22.3392 2.176 1.9601 4.43423 1.59493 142167 0 1.55288 0.243413 0
58.0993 6.17007 1.93373 0.809285 0.812837 1.72339 118819 0 -1.87602 0.243379 1
15.1709 22.8929 1.43063 0.857434 0.836788 1.72584 143021 0 2.05222 0.242568 1
-48.5233 -4.73098 0.444961 1.78492 3.84809 1.38303 102574 0 0.021538 0.242334 0
-64.7045 8.8199 1.77345 0.833901 1.83479 1.84581 122179 0 0.0169302 0.241978 2
-43.3458 22.8795 0.632721 2.19906 4.88377 1.85359 142838 0 -1.29457 0.241933 0
-18.0344 22.1586 0.863463 2.17555 4.87832 1.76723 141981 0 1.55569 0.240365 0
-36.5985 -0.155991 0.776735 2.15696 4.68848 1.63472 109163 0 -1.62774 0.239671 0
35.3526 52.5508 2.43385 2.03725 4.53408 1.76221 186608 0 -1.57454 0.238506 0
-47.8891 45.5627 0.534427 1.98963 4.444 1.64023 176052 0 2.06397 0.237463 0
57.7289 6.79175 1.87328 0.834936 0.839479 1.75265 119754 0 -1.5035 0.237461 1
-49.5159 43.2811 0.325874 1.78233 3.95399 1.44434 172771 0 2.0371 0.236176 0
57.1837 6.48981 1.81296 0.868978 0.883111 1.74081 119284 0 -1.81087 0.23248 1
3.61229 46.9496 1.5035 1.86021 4.4241 1.59644 178085 0 -1.29991 0.232198 0
23.2764 69.6701 1.72254 1.94377 4.30973 1.72473 211374 0 1.56397 0.231221 0
-8.39674 57.1505 1.08011 1.9718 4.57692 1.59375 193023 0 1.83497 0.230391 0
-42.7225 22.5975 0.542551 2.09805 4.59054 1.78344 142372 0 -1.30597 0.229917 0
23.1823 72.8124 1.7563 2.08757 4.69287 1.76916 216054 0 1.63512 0.228882 0
21.0543 45.9198 1.30928 1.6461 3.54001 1.43271 176735 0 -1.31006 0.227247 0
21.2645 42.4997 1.47548 2.14155 4.93785 1.84641 171588 0 -1.2932 0.225942 0
60.3468 6.83108 1.82341 0.804782 0.869524 1.7145 119762 0 0.380927 0.225567 1
17.3209 8.17239 0.822709 0.802664 1.10699 1.57136 121500 0 -1.73789 0.224658 1
-18.0036 22.0251 0.844348 2.12039 4.73676 1.74789 141513 0 0.703944 0.224651 0
22.1758 45.6387 1.37684 2.29243 5.56905 1.80715 176271 0 -1.29314 0.224164 0
20.7264 42.7746 1.46982 1.86753 4.14406 1.68483 172054 0 -1.28335 0.223066 0
55.1136 6.76077 1.8805 0.937547 1.00246 1.83359 119746 0 1.34388 0.219863 1
42.3577 25.7778 2.33319 2.03445 4.68803 1.65557 147318 0 1.61254 0.219496 0
74.7617 5.1999 2.31211 0.814367 0.930574 1.79032 117467 0 1.90462 0.219437 1
-5.18833 64.2089 1.4581 2.18797 5.51091 1.75725 203329 0 -1.31615 0.218164 0
41.4319 25.1933 2.36007 2.0527 4.55159 1.6614 146379 0 1.55999 0.217038 0
42.3337 22.8006 2.21538 2.08267 4.75528 1.58088 143106 0 1.55251 0.216346 0
47.5695 2.79755 2.00086 0.804906 0.750447 1.57496 113638 0 0.542106 0.215927 1
17.1326 8.34277 0.829273 0.814586 0.975006 1.56177 121967 0 -1.89011 0.215797 1
4.26673 31.4705 1.22921 2.01592 4.72878 1.54431 155623 0 1.86465 0.215065 0
42.0369 25.4972 2.32407 2.00722 4.62619 1.60316 146849 0 1.59 0.214863 0
1.50727 43.7542 1.37177 1.7981 4.18218 1.4206 173398 0 -1.35044 0.214428 0
57.7192 6.26634 1.9183 0.835158 0.855009 1.77722 118818 0 -1.87344 0.214312 1
-61.6037 19.9748 0.172121 1.97503 4.3712 1.50972 138569 0 -1.17737 0.213934 0
2.6494 44.0245 1.26932 1.83949 4.29458 1.45063 173870 0 -1.28022 0.212627 0
1.12786 41.433 1.29576 1.86028 4.21472 1.48453 170121 0 -1.28753 0.21176 0
19.3336 73.4249 1.65117 2.00092 4.45318 1.65808 216978 0 1.73131 0.210664 0
-60.6502 24.0654 0.147092 2.12929 4.80311 1.55258 144656 0 -1.11793 0.210025 0
61.5411 14.115 1.85055 0.980883 0.99178 1.71099 130530 0 -1.82629 0.209695 1
60.338 6.61669 1.83888 0.790162 0.852412 1.68573 119294 0 0.162541 0.209076 1
1.82918 46.4997 1.47756 0.829313 0.852174 1.67115 177611 0 -1.75317 0.208075 1
57.8381 5.84345 2.0073 0.849905 0.865932 1.86191 118350 0 -1.84579 0.207478 1
0.215614 39.2148 1.36356 1.84545 4.17411 1.4684 166842 0 -1.17529 0.20714 0
40.5294 25.7259 2.41842 2.2668 5.23197 1.81844 147312 0 1.57512 0.206729 0
28.0253 -6.63284 1.65254 0.831704 0.858584 1.67053 100005 0 -1.26171 0.20648 1
40.8757 22.5716 2.16625 2.0202 4.59296 1.66273 142633 0 1.55863 0.206047 0
17.117 7.99198 0.829624 0.796051 0.869106 1.60489 121031 0 -1.67711 0.206047 1
-17.7362 -9.46724 1.01972 0.991487 1.10277 1.82799 95650 0 -1.98745 0.206018 1
6.27393 40.3542 1.3285 2.06055 4.72623 1.63228 168733 0 1.95246 0.205202 0
35.061 51.7544 2.34756 1.92856 4.20425 1.68368 185203 0 -1.51137 0.204087 0
16.9446 8.15563 0.852645 0.799528 1.03602 1.62655 121498 0 -1.69467 0.203372 1
-48.7484 45.5668 0.678271 2.24636 5.31248 1.90011 176049 0 1.96043 0.20293 0
-13.5965 53.2707 1.0728 2.13146 4.90327 1.77144 187391 0 0.937775 0.202599 0
-6.828 61.8991 1.22433 2.04311 4.76616 1.60244 200048 0 2.87976 0.201686 0
-57.7478 34.1282 0.394073 1.99684 4.41803 1.64299 159173 0 -1.34328 0.200735 0
19.1536 37.5276 1.46328 1.74504 3.83308 1.44738 164561 0 -1.37033 0.200701 0
-45.6823 -5.17988 0.753948 2.0906 4.77256 1.60407 101647 0 -0.0023697 0.199994 0
73.979 23.102 1.71538 2.19146 5.30357 1.73352 143673 0 1.54993 0.198558 0
-58.4373 34.9754 0.66511 2.1 4.7008 1.71958 160575 0 -1.00859 0.196993 0
6.29894 39.6359 1.35761 1.92759 4.34817 1.54452 167329 0 1.87084 0.19539 0
22.8856 73.0765 1.74789 2.03196 4.51871 1.69049 216521 0 1.59735 0.195343 0
-64.5198 9.01478 1.71821 0.844316 1.7881 1.82175 122648 0 -0.293924 0.195163 2
61.7965 13.8931 1.84775 0.915719 0.979826 1.73878 130063 0 -1.83754 0.194849 1
1.7962 16.2529 1.05549 0.834151 0.784495 1.5997 133151 0 -1.48943 0.194387 1
-58.4084 34.152 0.504272 1.97687 4.37713 1.66446 159171 0 -1.4298 0.193913 0
23.5303 31.1387 1.65615 1.98827 4.55116 1.51652 155215 0 1.79678 0.193712 0
57.8515 5.39918 1.96013 0.829388 0.852708 1.82247 117414 0 -1.68235 0.193229 1
-4.105 18.2832 0.886027 1.81873 4.25421 1.42817 136409 0 -1.24726 0.193209 0
-61.8899 19.675 0.177806 1.98238 4.45629 1.5165 138100 0 -1.21481 0.193082 0
58.0184 5.35145 1.9637 0.844552 0.875898 1.84816 117415 0 -1.95653 0.193059 1
-41.9006 5.21727 0.598609 0.922273 0.96541 1.71457 117103 0 1.92801 0.192912 1
5.48676 34.1058 1.19001 1.77723 3.97879 1.45756 159371 0 -1.58307 0.191916 0
47.5553 6.28511 1.97116 0.872353 0.925995 1.79676 118786 0 1.57084 0.191815 1
35.939 34.1971 2.12647 2.02938 4.60046 1.78035 159466 0 -1.48456 0.191432 0
58.3397 5.5932 2.00985 0.785186 0.830953 1.77713 117884 0 -1.84098 0.190793 1
57.4888 6.82646 1.84045 0.828571 0.860142 1.7601 119753 0 -1.66445 0.18904 1
-30.9687 -4.55357 0.977643 0.730353 0.777671 1.34823 102629 0 1.62267 0.188188 1
-10.403 43.391 1.05961 1.97278 4.42016 1.526 172893 0 2.868 0.1881 0
74.753 5.03524 2.25577 0.845919 1.04971 1.79579 116999 0 2.36927 0.185898 1
42.0401 29.0773 2.21339 0.853855 0.95277 1.7821 151997 0 2.40557 0.185645 1
41.7428 23.0938 2.17692 1.99671 4.51021 1.52491 143572 0 1.61129 0.185604 0
-48.2555 -4.98257 0.45462 1.87711 4.0905 1.44428 102107 0 -0.0906202 0.183666 0
19.3235 72.8584 1.59343 1.90312 4.22929 1.59293 216042 0 1.50027 0.183206 0
2.70343 35.1489 1.29421 0.723977 0.700546 1.61918 160766 0 -0.805769 0.182737 1
57.1121 6.83433 1.74741 0.801838 0.838219 1.70668 119752 0 -1.71552 0.182424 1
-42.1084 22.555 0.45915 2.20659 5.01233 1.83184 142374 0 -1.28827 0.182261 0
40.5222 25.1889 2.40255 2.09471 4.61063 1.73407 146376 0 1.54832 0.18042 0
2.78485 33.8675 1.31368 0.722639 0.696472 1.66164 158894 0 -2.91548 0.179586 1
-13.3125 53.2713 1.02122 2.03081 4.62311 1.73123 187392 0 -0.311671 0.17906 0
-45.4187 -4.66644 0.710662 1.89569 4.13473 1.50417 102584 0 -0.00613105 0.177679 0
28.0065 -6.77078 1.64735 0.843615 0.878686 1.7158 99537 0 -1.4532 0.177363 1
3.57227 25.9683 1.0651 1.7959 3.96246 1.422 147665 0 1.81979 0.176801 0
64.0582 4.93672 2.0731 0.829641 0.914893 1.62437 116966 0 -1.45631 0.175005 1
2.08025 46.9245 1.48929 1.79773 3.31996 1.70996 178080 0 -1.37223 0.174595 0
-47.5495 44.9673 0.447697 1.85218 4.14371 1.58144 175117 0 2.00292 0.174358 0
-34.3194 -7.24064 1.10987 0.745511 0.970861 1.46616 98874 0 -0.351679 0.174218 1
57.9767 6.55225 1.91745 0.847109 0.847599 1.71029 119287 0 -1.12499 0.174142 1
29.375 -6.66283 1.39297 0.794287 0.7875 1.62264 100009 0 -1.65706 0.173929 1
24.4177 70.2061 1.71915 2.31227 5.40765 1.9202 212314 0 1.52488 0.173878 0
-11.6699 41.7603 1.07605 2.09341 4.76915 1.62544 170549 0 1.43784 0.173798 0
18.8112 34.4851 1.44244 1.95887 4.4046 1.56134 159880 0 -1.31713 0.173452 0
-54.8949 16.7721 -0.109325 0.755078 1.62041 1.68798 133910 0 2.10928 0.173306 2
-34.0959 -7.44483 1.13434 0.747204 1.03085 1.54498 98407 0 -0.123786 0.172742 1
-58.9685 34.4464 0.666008 2.20609 5.04944 1.821 159637 0 -1.35957 0.171866 0
41.4074 26.316 2.35331 2.05311 4.51602 1.66902 148251 0 1.71819 0.171151 0
-27.5607 -5.81877 1.09787 0.894894 1.69853 1.72221 100767 0 1.64232 0.171071 2
16.598 26.932 1.29678 1.708 3.76489 1.40123 149109 0 -1.41053 0.170917 0
42.0788 29.9323 2.21286 2.00523 4.65225 1.72742 153401 0 1.71369 0.170876 0
25.4918 36.353 2.38516 0.867765 0.981402 1.8337 162709 0 1.87167 0.170754 1
-13.6067 53.5852 1.07313 2.15791 5.07196 1.80027 187859 0 2.20261 0.169523 0
2.9813 34.3469 1.37423 0.670263 0.66354 1.61981 159831 0 -2.737 0.169301 1
-13.3128 52.9734 1.00956 1.98683 4.41867 1.69407 186924 0 0.494996 0.167844 0
40.174 29.9037 2.34099 2.02473 4.53252 1.65189 153395 0 1.52047 0.167335 0
-46.5047 44.9887 0.354705 0.760462 0.741569 1.61263 175120 0 1.94834 0.167159 1
-10.086 43.6433 1.10607 2.07753 4.64562 1.58639 173362 0 3.09155 0.167022 0
58.296 5.94151 1.98741 0.828979 0.818405 1.75674 118352 0 -1.78097 0.166749 1
-43.0453 21.5905 0.550173 2.08812 4.59963 1.73903 140967 0 -1.24698 0.166727 0
73.6737 26.7146 2.00569 2.38113 5.79923 2.06936 148820 0 -1.55401 0.16668 0
-50.4134 40.7059 0.38724 2.09322 4.71336 1.56095 169024 0 2.03895 0.166236 0
-43.648 22.5948 0.579283 2.20069 4.92267 1.86489 142369 0 -1.23639 0.166177 0
55.1174 6.34892 1.92414 0.906238 0.954475 1.74803 118810 0 1.33981 0.16616 1
35.1123 34.6164 2.22704 2.00246 4.20723 1.62326 160399 0 -1.66619 0.165648 0
23.4265 67.3082 1.5695 2.37751 5.93754 1.84663 208099 0 1.59748 0.163895 0
-49.358 -5.00206 0.456365 1.96897 4.3658 1.53113 102103 0 0.209007 0.163688 0
2.8055 34.3219 1.36065 0.740678 0.719988 1.65446 159830 0 -2.81465 0.163514 1
51.1128 3.32702 1.71263 0.804581 0.828823 1.54997 114585 0 -1.51655 0.163002 1
-7.1455 61.9463 1.24987 1.99293 4.62449 1.5816 200047 0 1.81113 0.162881 0
-48.4699 45.8506 0.677591 2.20311 5.14146 1.85452 176518 0 2.03423 0.162854 0
-0.750031 33.5662 1.01458 1.7748 4.00145 1.34851 158415 0 -1.24173 0.162582 0
61.3968 13.7277 1.8765 0.952497 0.985703 1.74663 129593 0 -2.04781 0.162149 1
57.4116 5.99648 1.90777 0.829142 0.826779 1.77744 118349 0 -1.78439 0.162062 1
-56.2292 16.5849 0.229412 1.6918 3.54815 1.38865 133438 0 1.96309 0.161813 0
-36.3051 24.6962 0.711066 2.69512 7.32562 2.30171 145668 0 -1.16412 0.161534 0
-13.8921 53.2783 1.11118 2.22122 5.16867 1.82067 187390 0 1.63825 0.161398 0
-62.197 19.3427 0.18393 2.02784 4.61589 1.54856 137631 0 -1.23367 0.161185 0
35.7431 34.9159 2.19076 2.13914 4.61639 1.74837 160869 0 -1.68678 0.160537 0
-11.033 43.0518 1.05209 2.01681 4.56164 1.56777 172423 0 2.34053 0.158816 0
-62.2256 18.7285 0.224501 1.9709 4.44696 1.51749 136695 0 -1.21146 0.158658 0
22.907 72.5448 1.73232 1.95445 4.29093 1.65663 215585 0 1.66945 0.158654 0
22.9506 30.2609 1.65666 2.0027 4.54162 1.50088 153809 0 1.70463 0.156909 0
73.2185 22.6774 1.706 1.75787 3.71949 1.45032 142734 0 1.62729 0.156868 0
0.844177 41.1629 1.23347 1.75259 3.90211 1.42248 169652 0 -1.32402 0.156626 0
-46.5319 43.9167 0.358811 0.73878 0.713306 1.66819 173716 0 1.87991 0.15661 1
-58.7975 -10.3363 0.706287 0.764913 0.787423 1.7003 94118 0 -3.11888 0.155382 1
-60.1071 23.4816 0.184366 1.66544 3.44737 1.41398 143722 0 -1.18258 0.154973 0
61.3607 14.1358 1.81216 0.915102 0.941671 1.67607 130529 0 -1.83377 0.154653 1
-64.7695 8.56577 1.78474 0.842579 1.86501 1.85327 121711 0 -0.350108 0.153838 2
13.7348 16.0814 1.08502 1.72589 3.6943 1.46384 133188 0 -1.4072 0.153764 0
-45.2393 12.5606 0.572876 2.43702 5.78599 1.86701 127856 0 -1.1481 0.153687 0
23.2756 70.1583 1.74526 1.98328 4.36433 1.73705 212310 0 1.5208 0.153647 0
25.6876 36.3365 2.36212 0.971037 1.08318 1.865 162710 0 1.91591 0.153291 1
7.77342 42.9219 1.2146 2.01771 4.58405 1.51419 172482 0 1.91455 0.15276 0
7.55782 42.1997 1.20255 1.86912 4.27095 1.45453 171077 0 1.79651 0.152609 0
-44.907 22.5602 0.488589 1.05839 1.35033 1.77722 142365 0 -1.66283 0.151671 1
19.3479 34.2088 1.47067 2.0946 4.80827 1.66407 159414 0 -1.31278 0.151546 0
2.97115 33.8454 1.31648 0.72809 0.720759 1.63584 158895 0 -2.75326 0.151515 1
21.5185 43.2639 1.43585 2.1738 4.98115 1.81489 172993 0 -1.40947 0.151476 0
73.1015 27.2686 2.01896 2.03831 4.59862 1.74218 149754 0 -1.63326 0.150781 0
-13.2989 53.5868 1.0505 2.10452 4.81644 1.76641 187860 0 -2.86186 0.149408 0
-56.4564 -8.72117 0.66604 0.828682 0.896303 1.72158 96465 0 1.84421 0.148457 1
47.5638 2.91331 2.0675 0.8063 0.746077 1.5779 114106 0 0.770707 0.148441 1
-56.2024 -8.68845 0.617976 0.847196 0.911492 1.71088 96466 0 1.79627 0.147769 1
-58.7863 -10.1395 0.800931 0.761219 0.75706 1.70394 94586 0 -3.0076 0.147131 1
23.8157 69.3772 1.76288 2.06323 4.60304 1.78008 210908 0 1.63157 0.146644 0
-43.0446 22.269 0.549932 2.03637 4.45039 1.75037 141903 0 -1.25977 0.146548 0
-43.9826 23.1771 0.617334 2.26394 5.19164 1.90234 143304 0 -1.28983 0.145922 0
18.027 9.31087 1.38908 0.785054 0.874924 1.65902 123374 0 -1.92892 0.14583 1
-13.5945 52.677 1.06051 2.05123 4.53602 1.69621 186455 0 1.54774 0.145684 0
60.542 6.82726 1.75961 0.849907 0.943329 1.78819 119763 0 -0.389049 0.145624 1
-11.3489 42.7176 1.05552 2.09666 4.73818 1.60612 171954 0 2.01805 0.145005 0
34.1242 52.3413 2.23744 2.0302 4.55782 1.7085 186136 0 -1.55378 0.144397 0
40.4742 30.2041 2.34623 1.99939 4.45446 1.62292 153864 0 1.61825 0.143256 0
1.19024 44.0205 1.40405 1.88015 4.24061 1.47871 173865 0 -1.37308 0.143113 0
22.5629 20.6816 1.6031 0.815814 0.828626 1.50654 139768 0 0.14683 0.143064 1
-1.04092 -10.4006 0.272037 0.760176 1.59019 1.71954 94298 0 1.42335 0.142897 2
15.647 24.1193 1.52799 1.85075 3.94852 1.7215 144894 0 -1.38109 0.142809 0
42.0424 29.5267 2.19925 1.0361 1.51179 1.84448 152933 0 2.05182 0.142444 1
-50.0128 42.8021 0.283804 1.9823 4.48108 1.52315 171833 0 1.85315 0.141422 0
-61.3087 20.2738 0.178218 1.99979 4.43709 1.51366 139038 0 -1.153 0.140967 0
-11.4129 42.0721 1.00249 1.96247 4.39992 1.55306 171018 0 1.59514 0.140845 0
41.8105 29.5426 2.21468 1.52258 2.71101 1.81355 152932 0 1.928 0.139831 0
-47.8411 44.7138 0.466983 1.87745 4.17003 1.58023 174648 0 1.92143 0.13978 0
2.53762 35.3017 1.27704 0.745394 0.748156 1.57876 161233 0 0.156683 0.139005 1
-11.419 41.4545 1.0018 1.95926 4.44312 1.54047 170082 0 1.394 0.138727 0
-17.988 -9.50388 0.957447 0.98291 1.09767 1.81263 95649 0 -2.36688 0.138464 1
40.446 29.6433 2.27662 2.039 4.55858 1.66006 152928 0 1.51702 0.138453 0
42.3838 29.6033 2.26321 1.97097 4.16082 1.80958 152934 0 1.84265 0.138417 0
27.3848 -7.56272 1.74196 0.739864 0.769356 1.72731 98599 0 -1.73149 0.138206 1
-54.8713 21.9707 0.250531 1.91467 4.38768 1.45776 141398 0 1.91146 0.138194 0
-47.2587 45.2453 0.438912 1.85823 4.19321 1.56992 175586 0 2.20066 0.138044 0
2.02075 46.0159 1.47195 0.774302 0.71194 1.57232 176676 0 -1.11921 0.137856 1
18.802 34.9506 1.40753 1.83313 4.07146 1.51588 160816 0 -1.35656 0.137726 0
24.4098 30.5295 1.75038 2.17057 5.08353 1.61267 154282 0 1.75818 0.137514 0
-11.3845 42.4052 1.01718 2.01491 4.54431 1.57401 171486 0 1.81032 0.137492 0
-0.850761 -10.3833 0.327168 0.772786 1.6524 1.72249 94299 0 -1.44645 0.137195 2
2.07042 44.8936 1.34663 1.72971 3.76338 1.4592 175272 0 -1.32693 0.136831 0
1.71562 17.5409 1.0122 1.65385 3.56753 1.40755 135023 0 -1.45429 0.136707 0
23.4982 73.0708 1.7599 2.28534 5.33804 1.92997 216523 0 1.5974 0.136671 0
-34.0941 -6.98503 1.11873 0.744685 1.07076 1.53852 99343 0 -0.0310242 0.136562 1
-46.341 44.9993 0.375014 0.751307 0.736332 1.66536 175121 0 1.86458 0.136559 1
-46.5445 43.7578 0.331269 0.765453 0.766482 1.68963 173248 0 2.36648 0.136439 1
-44.6928 22.5738 0.484022 1.12096 1.51296 1.77729 142366 0 -1.34849 0.136391 1
58.2865 6.14083 1.96083 0.811841 0.814221 1.72515 118820 0 -1.81303 0.136328 1
-50.1309 40.6992 0.39443 2.06327 4.59258 1.54289 169025 0 2.49049 0.135259 0
58.9349 5.21771 1.8803 0.86558 0.86281 1.76626 117418 0 2.9617 0.135027 1
17.8691 9.2971 1.08454 0.701452 0.735826 1.51565 123373 0 -2.44344 0.134497 1
60.5402 6.62394 1.7884 0.834731 0.915446 1.74968 119295 0 -0.310686 0.134092 1
-26.8292 -5.87319 1.04429 0.764623 1.13641 1.53766 100770 0 1.63713 0.134025 1
1.80103 46.0031 1.49098 0.760304 0.702552 1.55821 176675 0 -0.66545 0.133528 1
-14.2578 31.9785 1.05816 1.99242 4.49964 1.64337 156033 0 -1.3152 0.133044 0
22.8718 67.5606 1.57006 2.26437 5.27223 1.70484 208565 0 1.5444 0.132666 0
41.108 29.942 2.27204 2.05932 4.58202 1.66716 153398 0 1.59852 0.132132 0
-26.9561 -0.1735 0.737782 2.19869 5.29325 1.52021 109193 0 -1.61167 0.131904 0
-18.6699 22.2437 0.819023 2.12372 4.778 1.74911 141979 0 1.82944 0.131737 0
23.8539 70.4766 1.81846 2.28219 5.19684 1.93335 212780 0 1.56074 0.131721 0
-13.919 53.8989 1.11236 2.22327 5.22867 1.89331 188326 0 2.00775 0.130711 0
-50.0146 43.5842 0.388508 2.15408 4.91191 1.64239 173237 0 2.01505 0.130433 0
-34.8151 23.8535 0.705057 2.222 4.6359 1.96922 144269 0 -1.25257 0.129743 0
-43.6478 21.9059 0.560589 2.16486 4.76411 1.82184 141433 0 -1.23791 0.129653 0
-13.0041 52.9601 0.954393 1.96665 4.37107 1.65303 186925 0 -0.742573 0.129607 0
22.9416 30.843 1.60122 1.95366 4.41175 1.47975 154745 0 1.76555 0.129302 0
1.79172 46.9036 1.49272 1.27664 1.80908 1.68917 178079 0 -1.51575 0.12875 0
42.7071 29.9062 2.41622 2.06622 4.59865 1.72095 153403 0 1.57446 0.128708 0
-58.9419 -10.3527 0.695431 0.79173 0.953568 1.71237 94117 0 2.95954 0.128081 1
-45.5409 12.376 0.580986 2.34125 5.72213 1.88205 127387 0 -0.745319 0.127984 0
43.0255 29.6045 2.4392 2.14659 4.74739 1.7387 152936 0 1.61883 0.127727 0
14.9464 22.894 1.40862 0.851516 0.832594 1.75681 143020 0 2.06329 0.127604 1
1.78271 43.4552 1.33345 1.78535 4.22123 1.41818 172931 0 -1.44234 0.127568 0
-9.78944 43.4121 1.07175 1.93163 4.29042 1.47617 172895 0 3.13932 0.127439 0
61.8301 13.6862 1.86761 0.865516 0.934953 1.69294 129595 0 -1.89584 0.127347 1
22.8696 73.3921 1.72772 2.11115 4.78562 1.75845 216989 0 1.57757 0.127241 0
-57.8207 34.6588 0.419309 1.96461 4.27924 1.64955 160109 0 -1.08482 0.127134 0
-31.0888 -4.52563 0.948291 0.720739 0.809822 1.30404 102628 0 1.60884 0.12686 1
73.9817 22.6628 1.71192 2.19114 5.38774 1.76881 142737 0 1.62089 0.126346 0
57.524 5.61364 1.93361 0.782519 0.82102 1.77454 117881 0 -1.76735 0.126294 1
41.4509 29.6242 2.19085 2.00747 4.39118 1.6883 152931 0 1.7486 0.126065 0
3.06778 26.2667 1.08757 2.10582 5.1021 1.55127 148131 0 1.86025 0.125899 0
64.0876 5.18579 2.0866 0.868931 0.993137 1.73116 117434 0 -1.97838 0.125889 1
56.8807 6.83251 1.7427 0.873653 0.919339 1.7159 119751 0 -1.72537 0.125584 1
1.18763 17.5691 0.98175 1.93668 4.57313 1.47844 135021 0 1.62358 0.12552 0
-6.93128 56.8161 1.16641 1.99804 4.59975 1.63924 192560 0 1.82806 0.124918 0
1.78875 17.1192 1.01767 0.972338 1.59828 1.47526 134555 0 -1.63712 0.124905 1
19.6263 73.747 1.59139 1.94716 4.27175 1.60383 217447 0 1.8993 0.12479 0
-0.272873 33.9666 1.03701 2.02825 4.95311 1.49358 159353 0 -1.18384 0.124537 0
-50.0631 39.9299 0.235756 1.78312 3.99108 1.50598 167621 0 -1.42849 0.12426 0
-45.2047 12.0879 0.573763 2.29832 5.70712 1.93572 126920 0 -1.44801 0.124058 0
-45.5704 12.5841 0.598146 2.42487 5.68449 1.8677 127855 0 1.67476 0.123686 0
2.83014 25.5549 1.16027 2.05953 5.03599 1.55658 146726 0 1.73326 0.12345 0
73.1001 26.1869 1.88639 2.17579 4.91648 1.86203 147882 0 -1.46113 0.123327 0
-5.27959 55.6104 1.19838 0.66571 0.629073 1.55121 190693 0 0.537019 0.12235 1
-9.45899 43.6699 1.14421 2.05072 4.57886 1.55877 173364 0 -2.94645 0.122345 0
21.6301 45.3799 1.34081 2.01324 4.74838 1.64568 175801 0 -1.22677 0.122265 0
-33.8574 -7.24206 1.15172 0.777256 1.29879 1.57307 98876 0 -0.0392381 0.122231 1
35.9029 49.3422 2.20465 2.30737 5.43051 1.87373 181930 0 -1.55065 0.122155 0
73.9819 19.7872 1.9495 2.26028 5.38924 1.85769 138525 0 -1.4801 0.122134 0
24.1221 31.1353 1.72625 2.06258 4.72229 1.56174 155217 0 1.80486 0.12205 0
3.04485 46.6549 1.52343 1.93562 4.34957 1.61321 177615 0 -1.21806 0.121965 0
2.66032 44.5743 1.32912 1.85904 4.30994 1.47932 174806 0 -1.26479 0.121432 0
47.7408 2.7758 2.06473 0.819912 1.11487 1.60677 113639 0 0.363703 0.120519 1
43.3523 29.2798 2.46467 2.12433 4.67863 1.76298 152469 0 1.72039 0.120416 0
4.97907 33.5538 1.277 2.05429 4.7076 1.59999 158433 0 -1.30171 0.120038 0
42.749 29.2913 2.27147 2.14011 4.67228 1.76457 152467 0 1.81869 0.119621 0
-42.7472 21.9212 0.475531 2.10052 4.7054 1.76385 141436 0 -1.27272 0.118637 0
58.6541 5.50687 1.92124 0.803492 0.857972 1.76911 117885 0 -1.99494 0.118613 1
-14.2244 53.6085 1.11243 2.21332 5.17734 1.87187 187857 0 1.88725 0.118323 0
21.8463 46.1237 1.30555 2.09951 4.94209 1.64035 177206 0 -1.36957 0.11816 0
6.26453 36.4624 1.24336 1.79346 4.03795 1.44274 162649 0 1.84681 0.118104 0
-49.3797 -5.52211 0.530765 2.12428 4.82516 1.65309 101167 0 0.0559713 0.117354 0
20.7181 43.2721 1.40804 1.80855 3.98987 1.60328 172990 0 -1.36338 0.117305 0
33.7712 52.5871 2.20541 2.03798 4.41703 1.68299 186603 0 -1.5216 0.117106 0
29.4871 -6.75867 1.46914 0.851758 0.886126 1.61525 99542 0 -1.61473 0.116995 1
20.3481 47.5112 1.27251 1.85677 4.1364 1.56401 179073 0 -2.815 0.116867 0
23.8133 72.5173 1.81938 2.19169 4.95226 1.88508 215588 0 1.62742 0.116833 0
43.6764 30.2348 2.7068 2.04903 4.53159 1.70751 153874 0 1.42382 0.11676 0
-48.5483 -5.50092 0.511802 2.14444 4.81228 1.61016 101170 0 0.0196603 0.116744 0
22.8932 48.1704 1.28784 2.06708 4.76789 1.68128 180017 0 1.70412 0.115895 0
16.9256 29.2893 1.37507 1.67622 3.57684 1.42757 152386 0 -1.3511 0.115879 0
-47.2417 45.5883 0.479891 1.98987 4.44976 1.60731 176054 0 2.37972 0.11563 0
40.1348 29.3167 2.28088 2.04098 4.59434 1.69734 152459 0 1.49184 0.115319 0
28.2235 -6.59806 1.66799 0.845761 0.867313 1.66945 100006 0 -1.49395 0.115079 1
43.6845 28.9565 2.49689 2.03179 4.4587 1.72844 152002 0 1.71953 0.114609 0
24.8082 36.6439 2.41619 1.40681 2.97095 1.76828 163175 0 1.82898 0.114406 0
-0.223152 33.5447 0.995842 1.85482 4.52576 1.46558 158417 0 -1.18512 0.113872 0
35.9156 48.8918 2.20567 2.17535 5.17423 1.8384 180994 0 -1.46244 0.113722 0
-59.9957 9.08094 0.606667 0.76135 0.794974 1.71403 122662 0 1.90686 0.113329 1
-12.983 52.6634 0.939506 1.9815 4.34364 1.63595 186457 0 1.4053 0.113228 0
-60.6403 22.9841 0.199899 1.84458 4.08871 1.47278 142784 0 -1.48563 0.113148 0
9.32784 45.3017 1.25442 1.61605 3.25253 1.43462 175763 0 1.65449 0.113041 0
-11.948 42.0548 1.0913 2.29733 5.36058 1.8111 171016 0 1.54765 0.11303 0
-55.4961 26.0515 0.255703 2.00563 4.55436 1.59454 147480 0 1.85847 0.112856 0
4.97008 34.5982 1.32141 2.03756 4.90513 1.66373 160305 0 -1.27794 0.112445 0
58.9375 5.00661 1.875 0.850375 0.866621 1.76674 116950 0 2.57994 0.112194 1
-56.2185 33.7369 0.369148 2.0213 4.51951 1.61202 158710 0 -1.27951 0.112047 0
1.99836 16.2783 1.06258 0.82189 0.768928 1.59542 133152 0 -1.68497 0.111903 1
17.4594 70.8869 1.83996 2.05806 4.60905 1.67878 213228 0 -1.47689 0.111165 0
63.8434 5.18355 2.00558 0.838275 1.06386 1.70912 117433 0 -2.17479 0.11082 1
-61.1986 23.7998 0.224575 2.25103 5.44618 1.64868 144186 0 -1.26424 0.110599 0
41.8475 29.0564 2.22517 0.934507 1.13755 1.78591 151996 0 2.12059 0.110573 1
-42.4486 21.2815 0.446632 2.08236 4.64787 1.74389 140501 0 -1.25801 0.110364 0
9.34757 48.274 1.51387 1.77373 3.83449 1.64588 179975 0 1.8094 0.110002 0
42.7227 28.6477 2.31199 2.117 4.72022 1.77832 151531 0 1.71397 0.109743 0
18.4827 72.8248 1.79227 2.23749 5.07371 1.80682 216039 0 1.49283 0.109668 0
-30.616 -7.23672 1.12228 0.742105 0.740887 1.50984 98886 0 -1.52921 0.109649 1
-57.0321 16.5882 0.28569 2.16367 4.93552 1.6462 133435 0 1.90877 0.109618 0
-46.1413 -4.41357 0.651658 1.9113 4.21446 1.51582 103049 0 0.0284445 0.10955 0
-33.826 -7.49595 1.14957 0.750386 1.43219 1.56622 98408 0 -0.101983 0.109477 1
-42.7502 23.1184 0.628348 2.21916 4.88321 1.82537 143308 0 -1.26423 0.109096 0
43.3748 30.5456 2.6684 2.01121 4.50195 1.66667 154341 0 1.35712 0.109051 0
-4.58257 63.6387 1.47353 1.69041 3.76366 1.57044 202395 0 -1.34335 0.108748 0
-46.5046 45.195 0.408044 0.845529 0.844831 1.63863 175588 0 2.10666 0.108544 1
-51.3201 -4.9132 0.638131 0.949581 1.69412 1.78695 102097 0 0.455957 0.108521 0
24.7872 36.9649 2.3865 1.05258 1.49545 1.7512 163643 0 1.84244 0.108423 0
-41.4566 22.2439 0.392022 2.04484 4.56185 1.73408 141908 0 -1.27566 0.108378 0
42.4139 25.1531 2.31832 1.42175 2.28923 1.58713 146382 0 1.57307 0.108193 0
-1.19363 31.7139 1.07257 1.84211 4.06355 1.43038 156074 0 -1.28316 0.107842 0
-58.9246 -10.1531 0.75584 0.786742 1.01299 1.70896 94585 0 3.09267 0.107835 1
