-21.2453 11.3223 0.783305 2.29049 5.0753 1.8271 126059 0 -1.35174 0.960072 0
-12.3824 -4.06371 1.01946 2.28456 5.34541 2.01651 103623 0 2.00356 0.937005 0
-5.38567 15.2601 1.1094 2.40719 5.80235 1.95806 131725 0 -1.37662 0.930551 0
-5.59486 12.6602 0.816909 2.12741 4.93347 1.52412 127980 0 -1.38796 0.926317 0
-0.786911 -5.49224 0.760081 2.16561 5.05953 1.57589 101319 0 -0.0672076 0.919266 0
7.27543 -5.18282 0.868416 2.34595 5.19184 1.88729 101812 0 -0.0143738 0.914667 0
11.5823 4.64989 0.899733 2.0256 4.60225 1.54248 116334 0 1.40864 0.914618 0
22.8683 27.2711 1.89247 2.27697 5.11201 1.86309 149597 0 1.63355 0.910339 0
-6.34534 9.9641 1.01474 2.22948 4.8738 1.87967 124234 0 -1.35615 0.909623 0
14.555 21.5962 1.37336 2.13937 5.24994 1.72046 141147 0 1.78108 0.904506 0
23.2626 21.6037 1.78374 2.21479 4.84801 1.79413 141174 0 1.67056 0.901733 0
52.679 22.1856 1.99308 2.13641 4.83973 1.81798 142202 0 -1.67603 0.901289 0
1.70201 23.307 1.23366 1.97008 4.55004 1.75547 143447 0 1.76332 0.900959 0
0.250984 15.2268 0.88108 2.05439 4.85277 1.43711 131742 0 -1.31755 0.900302 0
-37.976 16.1992 0.668096 2.25168 5.09186 1.93804 133027 0 -1.28675 0.900141 0
35.4097 19.614 1.89985 1.98754 4.47957 1.60169 138404 0 -1.5588 0.899047 0
23.1434 18.9965 1.78449 2.25404 4.97296 1.82376 137430 0 1.58608 0.898109 0
-4.93899 18.0537 0.901367 2.13575 4.90924 1.54325 135938 0 -1.3216 0.895711 0
-19.9299 16.4005 0.673024 2.03839 4.4735 1.56327 133551 0 1.86394 0.892917 0
23.2525 24.4351 1.62666 2.0509 4.76334 1.50735 145386 0 1.59685 0.891249 0
-25.1982 15.2232 0.732537 2.14916 4.55286 1.80717 131663 0 -1.32139 0.888539 0
3.37202 28.6106 1.3226 2.15024 4.98498 1.84566 151408 0 1.79954 0.88322 0
-16.1354 27.0468 1.07584 2.30348 5.82441 1.80572 149007 0 -1.3177 0.883111 0
22.8026 15.4289 1.72999 2.04274 4.59327 1.65391 132281 0 1.56262 0.882476 0
-3.00217 26.1491 0.972677 2.08256 4.81079 1.45699 147644 0 -1.30496 0.879945 0
1.72198 -5.6468 0.724139 2.00308 4.45274 1.53494 101327 0 -0.0505444 0.877814 0
-0.12468 11.6691 0.967795 1.90204 4.23588 1.51982 126593 0 1.76033 0.874124 0
22.9078 64.2345 1.43884 2.04935 4.78257 1.56832 203417 0 1.5458 0.871699 0
15.8528 24.1479 1.48807 2.1007 4.83861 1.78992 144895 0 -1.43899 0.869534 0
40.3989 19.7284 2.21312 2.02262 4.6646 1.87959 138420 0 1.53352 0.868362 0
-40.722 -5.3979 0.888581 2.07274 4.68555 1.55562 101662 0 0.0360238 0.865843 0
4.30052 -5.72439 0.719245 2.01339 4.29642 1.5582 101335 0 -0.0347406 0.86225 0
1.80108 20.6506 1.00696 2.01079 4.74771 1.4704 139703 0 1.76134 0.858432 0
-3.94177 23.5905 0.959419 2.05446 4.60892 1.47895 143897 0 -1.33333 0.858262 0
-26.476 -0.180931 0.752502 2.09137 4.46314 1.49051 109195 0 -1.58784 0.849914 0
-39.5768 11.016 0.692831 2.06584 4.38742 1.78571 125534 0 1.82003 0.838764 0
-4.36753 20.4165 0.939312 1.9613 4.40361 1.46999 139216 0 -1.34756 0.835842 0
-19.2633 19.1606 0.795602 2.08253 4.62441 1.74473 137297 0 -1.24387 0.833675 0
-31.4695 -4.25563 1.00244 0.860488 0.845576 1.62194 103095 0 -1.57009 0.831769 1
0.860138 17.8283 0.951413 1.98104 4.68818 1.48562 135488 0 1.83943 0.82766 0
12.4004 13.3984 1.02136 1.98511 4.5368 1.49667 128972 0 -1.34347 0.827121 0
17.8392 32.1202 1.65892 2.00896 4.57885 1.85208 156601 0 -1.35956 0.826336 0
8.47639 48.4858 1.50604 1.95318 4.47601 1.75888 180440 0 1.83742 0.818509 0
-2.49634 28.8582 1.21003 2.0395 4.5056 1.52908 151858 0 -1.34214 0.816611 0
-56.145 19.3911 0.511361 2.10408 4.50709 1.74022 137650 0 1.88078 0.813723 0
13.6595 18.9456 1.11433 1.92156 4.26089 1.50323 137400 0 -1.34851 0.8124 0
2.72378 25.8093 1.12732 2.01447 4.73957 1.49202 147194 0 1.74427 0.811442 0
16.8634 29.3289 1.32045 1.90134 4.34365 1.48183 152386 0 -1.38771 0.806721 0
13.653 16.0678 1.10479 1.92778 4.37014 1.46692 133188 0 -1.40229 0.806171 0
5.86681 36.9375 1.20602 1.91811 4.37358 1.43495 163584 0 1.9416 0.802432 0
8.1926 45.6202 1.20604 2.03202 4.80565 1.50175 176227 0 1.82242 0.796793 0
-26.3572 9.42802 0.597574 2.06492 4.45156 1.57005 123235 0 1.84096 0.786894 0
-35.9483 24.2077 0.68617 2.6116 6.17426 2.13759 144733 0 -1.20839 0.781893 0
19.6959 40.1514 1.64798 2.0066 4.44879 1.81663 168307 0 -1.28168 0.767671 0
-43.4112 -5.0312 0.906977 1.95834 4.43693 1.6892 102122 0 0.000916504 0.761626 0
73.1699 20.2234 1.86194 1.99209 4.29207 1.77865 139458 0 -1.56921 0.760678 0
73.1556 22.9273 1.5814 1.9397 4.33933 1.51599 143202 0 1.59064 0.754017 0
-44.9595 12.2409 0.609941 2.18065 4.88844 1.84625 127389 0 -1.36393 0.753331 0
16.553 26.7961 1.26436 1.95469 4.48286 1.49429 148641 0 -1.42895 0.753148 0
-42.6207 5.22768 0.619101 0.896082 0.908444 1.69896 117100 0 1.68642 0.750429 1
4.60207 34.079 1.18878 2.05503 4.79825 1.55857 159368 0 -1.3036 0.748849 0
60.6167 21.64 1.69737 2.02644 4.61365 1.58315 141291 0 1.57716 0.744322 0
1.53308 16.5189 1.0045 0.802321 0.760244 1.62678 133618 0 0.528462 0.741307 1
61.0446 13.8672 1.80592 0.931058 0.985347 1.79287 130060 0 -1.2585 0.738392 1
11.9532 10.6916 0.872362 1.88757 4.37226 1.4258 125227 0 1.73725 0.731008 0
-58.1431 14.1454 0.320173 1.88562 4.189 1.51749 130156 0 1.95837 0.728124 0
19.1094 37.3112 1.42273 1.99566 4.55266 1.57133 164093 0 -1.28448 0.719553 0
7.20346 42.6602 1.18096 2.01176 4.64339 1.49904 172012 0 1.85353 0.71574 0
-46.2784 -4.92919 0.683927 2.04707 4.65655 1.5485 102113 0 -0.033461 0.710599 0
-0.48542 46.2957 1.19972 0.763896 0.747477 1.51886 177136 0 -2.90121 0.691152 1
23.1937 30.261 1.68205 2.06049 4.69328 1.54154 153810 0 1.64105 0.689395 0
22.2712 67.1074 1.61904 2.10277 4.87292 1.64392 207627 0 1.60153 0.68392 0
-17.7468 21.9488 0.826712 2.19329 4.98564 1.81027 141514 0 -1.30503 0.681442 0
-1.11176 33.7991 1.00658 1.96265 4.62984 1.37877 158882 0 -1.20611 0.669662 0
18.7118 34.6774 1.32367 2.04047 4.63873 1.54927 160348 0 -1.32526 0.665221 0
-36.291 -0.181656 0.77186 2.17162 4.66358 1.57262 109164 0 -1.63516 0.660212 0
-6.60281 61.6674 1.31524 1.90769 4.39825 1.50016 199581 0 -1.30841 0.64833 0
-1.7866 31.4767 1.11886 1.99245 4.68341 1.42566 155604 0 -1.28702 0.647291 0
-57.0982 16.7919 0.310975 1.97135 4.44758 1.5429 133903 0 -1.30291 0.638047 0
6.18522 40.1074 1.35915 1.94359 4.3065 1.57619 168265 0 1.96808 0.637453 0
2.70474 47.1907 1.51724 2.10186 4.91516 1.68605 178550 0 -1.29438 0.628153 0
0.47493 38.9525 1.38679 1.94374 4.61796 1.51125 166375 0 -1.25339 0.623886 0
35.343 34.4631 2.24825 1.97708 4.41703 1.64456 159932 0 -1.5466 0.620396 0
-5.27941 64.0986 1.51692 2.0999 4.88559 1.60981 203329 0 -1.33652 0.619975 0
16.7352 8.16611 0.764778 0.754895 0.783677 1.60212 121498 0 -1.03033 0.617716 1
40.8061 25.7342 2.16473 2.06494 4.62336 1.64504 147313 0 1.57615 0.607016 0
-60.9952 23.507 0.201877 1.9419 4.26929 1.46627 143719 0 -1.29816 0.602273 0
41.4346 22.814 2.06092 2.02647 4.5858 1.61787 143103 0 1.56209 0.587431 0
-8.1087 56.8767 1.27252 2.25059 5.48149 1.66433 192556 0 1.84658 0.576742 0
20.6285 42.7451 1.37627 2.07664 4.75787 1.72933 172054 0 -1.27304 0.572388 0
35.6682 22.8391 1.94773 2.01199 4.57599 1.52785 143085 0 -1.5723 0.561239 0
20.9737 45.8939 1.24249 1.89086 4.28004 1.48969 176735 0 -1.28975 0.55454 0
35.036 49.1788 2.19114 2.0055 4.57611 1.63754 181459 0 -1.56855 0.546569 0
1.52715 46.2332 1.52835 0.792631 0.748543 1.65456 177142 0 -2.17266 0.53001 1
23.16 69.9422 1.79593 2.15293 4.8542 1.78161 211842 0 1.57694 0.524987 0
-27.957 -5.72054 1.15665 0.84695 1.87477 1.73388 101234 0 1.60759 0.503124 2
35.0625 52.2916 2.31506 1.99498 4.4307 1.66941 186139 0 -1.55535 0.490994 0
57.4533 5.61505 1.82832 0.768444 0.746369 1.82576 117881 0 -1.76803 0.463015 1
-56.5787 -8.23481 0.736081 0.782885 0.800737 1.71155 97401 0 1.66799 0.448093 1
-1.69103 -10.4117 0.280651 0.729932 1.60619 1.55741 94296 0 1.39781 0.44572 2
57.9859 4.97211 1.82475 0.847015 0.838718 1.84793 116947 0 2.46281 0.445031 1
-15.8342 32.4255 1.11303 2.39869 5.39221 1.85547 156964 0 -0.840287 0.441413 0
72.5136 27.0248 1.8463 1.98984 4.33465 1.76921 149284 0 -1.67976 0.433859 0
-0.477203 46.4288 1.21682 0.815363 0.786532 1.53551 177604 0 -2.88319 0.431359 1
23.4714 30.5252 1.66216 2.11333 4.8906 1.52527 154279 0 1.66274 0.42963 0
-45.5374 12.3573 0.612557 2.29426 5.50933 1.89885 127387 0 1.5788 0.428966 0
1.75307 44.0177 1.2941 1.84632 4.28658 1.44582 173867 0 -1.30962 0.423539 0
61.039 13.7347 1.83949 0.984346 1.02748 1.80133 129592 0 -0.579528 0.419258 1
72.755 26.7504 1.87206 2.17868 4.8536 1.86589 148817 0 -1.61295 0.411399 0
-49.1261 -5.30117 0.571096 2.03988 4.45708 1.57983 101636 0 0.0721081 0.401462 0
-55.2174 21.9479 0.333249 1.83027 4.10825 1.42852 141397 0 1.86543 0.397208 0
-46.8823 45.0644 0.482067 0.810239 0.818115 1.67668 175119 0 2.22754 0.394799 1
-46.8718 45.1853 0.486241 0.789454 0.787242 1.66164 175587 0 2.18497 0.383419 1
2.38539 34.0664 1.26737 0.652314 0.651765 1.6346 159361 0 -2.97742 0.38055 1
-31.4667 -4.14623 1.00565 0.854657 0.832584 1.62981 103563 0 -1.18519 0.377679 1
57.8711 4.9362 1.8096 0.781688 0.783165 1.82533 116946 0 -1.73617 0.374226 1
-27.7275 -5.80334 1.16883 0.862284 1.21953 1.72831 100767 0 1.6112 0.370942 1
63.1324 4.84898 1.85312 0.888413 1.10721 1.82936 116963 0 -0.540534 0.368115 1
63.1265 4.75239 1.87423 0.901938 1.21881 1.8658 116495 0 -1.60131 0.36436 1
36.01 25.4531 2.06806 2.00142 4.50003 1.58762 146830 0 -1.56385 0.363299 0
41.7597 28.6031 2.29772 2.10703 4.7746 1.74179 151528 0 1.58352 0.362092 0
-56.5755 -8.36591 0.725156 0.795791 0.836018 1.68905 96933 0 1.71517 0.35278 1
-48.1671 43.9906 0.563592 2.05839 4.5864 1.65851 173711 0 -2.69482 0.350664 0
35.9964 55.5242 2.53526 2.04975 4.61364 1.69147 190822 0 -1.56312 0.349165 0
22.2575 73.0813 1.73318 2.06593 4.53686 1.69224 216519 0 1.59791 0.347936 0
58.0496 5.26143 1.78125 0.753428 0.791913 1.79187 117415 0 -1.87858 0.345589 1
35.691 25.7632 2.07492 1.98079 4.40523 1.5645 147297 0 -1.55351 0.339809 0
40.835 22.6103 2.06539 1.96363 4.46269 1.64995 142633 0 1.54275 0.339788 0
74.3655 5.20758 1.99035 0.86149 1.0317 1.88823 117466 0 1.5525 0.337514 1
3.71644 31.2195 1.23184 1.96823 4.54862 1.52687 155153 0 1.87499 0.333741 0
0.109665 11.4967 0.995577 1.83731 3.97182 1.57957 126126 0 -1.11451 0.333051 0
-16.1233 32.472 1.09466 2.25219 5.02627 1.82217 156963 0 1.70599 0.331501 0
-4.76437 63.8931 1.52848 1.84212 4.04672 1.51808 202863 0 -1.34488 0.331166 0
40.7977 28.6158 2.23285 2.0719 4.6828 1.67093 151525 0 1.56179 0.32835 0
2.03301 44.3023 1.2568 1.74781 4.09338 1.41139 174336 0 -1.35585 0.327604 0
34.7918 52.0502 2.23985 1.84862 4.04443 1.61288 185670 0 -1.51217 0.32705 0
-56.8517 17.0181 0.299007 1.78678 3.97267 1.4917 134372 0 -1.47365 0.317895 0
16.6149 8.17327 0.781707 0.77874 0.834788 1.64896 121497 0 -1.01416 0.317213 1
1.76247 44.5921 1.26595 1.8207 4.24344 1.45984 174803 0 -1.36439 0.317119 0
-42.7013 22.5648 0.696702 2.08788 4.64258 1.83344 142372 0 -1.25427 0.314167 0
41.1191 28.3715 2.16693 2.00343 4.69746 1.67292 151058 0 1.56874 0.313607 0
1.52284 16.6753 1.01542 0.789826 0.786312 1.55066 134086 0 -1.49073 0.313183 1
-13.6058 53.2857 1.07563 2.02599 4.61367 1.58747 187391 0 -0.659872 0.309615 0
-46.0246 -4.70013 0.709394 1.86435 4.16364 1.47778 102582 0 -0.077502 0.308663 0
-48.7797 43.9672 0.556239 2.01818 4.43802 1.58445 173709 0 -2.73015 0.307067 0
27.265 -8.06178 1.88043 0.832485 0.818652 1.7463 97663 0 -2.26071 0.303305 1
-25.8131 9.22894 0.62261 1.93266 3.25675 1.58498 122769 0 1.81349 0.302349 0
-0.670166 46.2804 1.18412 0.837354 0.787877 1.46884 177135 0 -2.89484 0.301459 1
57.0081 6.34601 1.65934 0.786479 0.730361 1.74497 118816 0 -1.72465 0.298146 1
35.6739 22.3031 1.93013 1.95304 4.40745 1.52248 142149 0 -1.59989 0.297894 0
42.3769 28.3606 2.33706 2.12013 4.72589 1.74711 151062 0 1.60513 0.295568 0
35.704 55.2415 2.466 1.99087 4.46278 1.60637 190353 0 -1.52888 0.289088 0
22.6345 70.1607 1.71569 2.07466 4.57991 1.71216 212308 0 1.56862 0.288194 0
17.5412 9.1987 1.05323 0.699766 0.710557 1.44924 122904 0 0.610885 0.288141 1
-49.1219 43.9642 0.538765 2.04318 4.53857 1.58788 173708 0 3.12063 0.286403 0
40.1583 31.5096 2.2323 2.00246 4.59218 1.56638 155735 0 1.55481 0.286204 0
35.0648 26.0704 2.02334 1.96504 4.47473 1.57683 147763 0 -1.54656 0.281965 0
35.9783 26.0385 2.05403 1.95227 4.3669 1.59024 147766 0 -1.55371 0.281505 0
40.4816 31.2334 2.27909 2.00814 4.56755 1.57251 155268 0 1.53936 0.28074 0
41.3856 25.5334 2.19404 2.03611 4.61893 1.66644 146847 0 1.56875 0.279872 0
-13.8972 53.2952 1.08051 2.07676 4.75586 1.62737 187390 0 1.30623 0.279642 0
20.3959 42.4941 1.43265 1.9996 4.47118 1.72602 171585 0 -1.24149 0.275611 0
72.2369 26.7365 1.8273 1.88228 4.00925 1.73807 148815 0 -1.59252 0.274573 0
22.8388 73.0881 1.78039 2.38426 5.59674 1.95413 216521 0 1.60534 0.274131 0
-56.5804 16.7702 0.292627 1.70676 3.68184 1.43228 133905 0 -2.40768 0.270878 0
73.662 20.0796 1.96572 2.26165 5.27216 1.91473 138992 0 -1.50859 0.270782 0
35.0505 58.4089 2.5657 2.14833 4.85882 1.77158 195031 0 -1.52445 0.269325 0
35.7203 55.8088 2.45017 2.02116 4.50732 1.64067 191289 0 -1.56281 0.268734 0
35.0642 51.7478 2.24447 1.9482 4.3241 1.65085 185203 0 -1.44909 0.266751 0
-46.7771 -4.92351 0.695102 2.11531 4.82612 1.59824 102111 0 0.0468631 0.265145 0
-0.289894 46.2933 1.19808 0.788191 0.780659 1.44221 177137 0 -2.72408 0.25929 1
35.1016 22.5892 1.89185 2.00195 4.62146 1.52074 142615 0 -1.60043 0.258053 0
62.9926 4.83737 1.87843 0.882114 0.947517 1.83618 116962 0 -1.49659 0.257807 1
-37.2216 -0.180519 0.801383 2.23991 4.8535 1.65301 109161 0 -1.58362 0.255992 0
21.5309 45.6559 1.28585 2.25209 5.36944 1.75144 176269 0 -1.2821 0.255819 0
20.7113 45.7221 1.2072 1.67964 3.71209 1.43442 176266 0 -1.25248 0.255621 0
1.47392 43.7372 1.35328 1.85918 4.24306 1.47078 173398 0 -1.28765 0.252901 0
15.3302 24.138 1.50409 1.84546 3.94229 1.71294 144893 0 -1.39918 0.252868 0
34.8053 34.4407 2.30421 1.77357 3.83178 1.50869 159930 0 -1.56021 0.251969 0
-13.6104 53.5576 1.06509 2.07958 4.81234 1.59342 187859 0 0.0026784 0.251877 0
40.1749 28.3795 2.23603 2.05263 4.59741 1.62861 151055 0 1.53798 0.248804 0
42.6904 28.6163 2.4291 2.07606 4.5966 1.73145 151531 0 1.55503 0.244488 0
7.74097 42.4285 1.21374 1.67461 3.60788 1.38969 171546 0 1.83686 0.243143 0
39.861 28.6299 2.26789 2.02241 4.51904 1.62735 151522 0 1.56949 0.24144 0
-65.029 8.81039 1.81197 0.848224 1.01768 1.79232 122178 0 -1.40699 0.240436 1
-13.912 53.5615 1.07892 2.09444 4.8535 1.64389 187858 0 2.01968 0.239128 0
57.7004 5.55872 1.76979 0.726361 0.737372 1.74314 117882 0 -1.82407 0.238651 1
1.32787 17.7427 1.00187 1.73329 3.73146 1.40718 135490 0 1.87905 0.238102 0
-51.5864 -4.57013 0.829665 0.824746 0.882988 1.82801 102564 0 1.34742 0.238029 1
-49.3833 -5.03573 0.552599 1.95709 4.20128 1.53341 102103 0 0.118618 0.237582 0
57.0646 6.46806 1.72193 0.808084 0.768445 1.76969 119284 0 -1.49938 0.2363 1
35.3461 58.1127 2.57154 2.24097 5.16443 1.83042 194564 0 -1.51637 0.235062 0
1.48187 46.4549 1.53473 0.847245 0.885222 1.68556 177610 0 -1.77143 0.234761 1
34.7207 55.1993 2.2858 2.02814 4.51154 1.59623 190350 0 -1.58412 0.234732 0
57.7887 5.30402 1.77231 0.721128 0.749601 1.79428 117414 0 -1.75025 0.234368 1
42.0199 22.6371 2.02393 2.01029 4.67 1.62945 142637 0 1.52976 0.234136 0
-35.4505 -0.176697 0.77987 2.12413 4.67263 1.57459 109167 0 -1.63871 0.233084 0
74.6994 5.22012 1.76765 0.919256 1.53174 1.80093 117467 0 1.55401 0.232621 2
-12.3149 41.782 1.06194 2.03769 4.70505 1.55726 170547 0 1.44868 0.232249 0
-42.115 22.2703 0.676859 2.0447 4.53537 1.82537 141906 0 -1.26599 0.231841 0
21.9739 72.8607 1.65945 1.83328 4.01667 1.54565 216050 0 1.62131 0.231555 0
-49.424 43.7124 0.526509 1.94409 4.30493 1.55489 173239 0 2.85613 0.230393 0
-12.0399 42.0839 1.04059 1.98436 4.55515 1.52301 171016 0 1.53293 0.228285 0
34.7211 58.695 2.59328 2.0639 4.60637 1.68755 195498 0 -1.54578 0.226833 0
41.1071 31.4817 2.35645 2.03212 4.48288 1.5994 155738 0 1.53405 0.224461 0
1.18079 44.0213 1.3613 1.91356 4.29635 1.49562 173865 0 -1.34066 0.223361 0
72.2074 27.313 1.8059 1.75802 3.75885 1.61847 149751 0 -1.77401 0.22272 0
16.754 8.35086 0.785366 0.820581 0.970077 1.59465 121966 0 -1.42108 0.22259 1
35.9987 56.1181 2.53115 2.09689 4.71736 1.7239 191758 0 -1.56422 0.221363 0
20.0722 43.0019 1.39511 1.93279 4.27573 1.65369 172520 0 -1.31479 0.217574 0
17.333 29.488 1.33478 2.13037 5.10959 1.57823 152856 0 -1.43405 0.217225 0
41.1424 22.3277 2.07202 1.90348 4.25719 1.62451 142166 0 1.55558 0.217212 0
1.64353 16.6746 1.01611 0.782061 0.81486 1.51138 134087 0 -2.26675 0.216322 1
7.22692 42.2025 1.17495 1.79952 4.05916 1.43651 171076 0 1.78096 0.215934 0
-12.9958 53.2919 0.983947 2.01109 4.49986 1.57787 187393 0 -0.478213 0.21509 0
35.6909 25.1881 2.0679 1.98103 4.38484 1.57061 146361 0 -1.55745 0.214961 0
-28.2044 -5.66742 1.12384 0.789268 1.73677 1.62464 101233 0 1.63913 0.212788 2
-4.4444 18.0462 0.905163 1.85319 4.0067 1.48943 135940 0 -1.29109 0.212768 0
-42.5322 5.11079 0.642395 0.89467 0.921506 1.69831 116633 0 1.72486 0.211834 1
2.17436 34.0837 1.25952 0.679617 0.668564 1.65979 159360 0 -2.99125 0.211518 1
0.82914 41.7502 1.29381 1.98251 4.49288 1.53496 170588 0 -1.26347 0.2114 0
-13.3012 53.0133 1.02738 1.96997 4.38024 1.56309 186924 0 -0.880253 0.211301 0
34.7824 52.5629 2.32925 1.93146 4.19784 1.63178 186606 0 -1.59451 0.210787 0
18.7253 34.2019 1.42084 2.07132 4.68509 1.62195 159412 0 -1.29973 0.210521 0
-59.3564 17.7416 0.394147 1.83468 4.05278 1.52395 135300 0 1.96401 0.209762 0
4.86746 34.3051 1.15641 1.96367 4.54516 1.51932 159837 0 -1.28094 0.209481 0
-51.451 -4.41426 0.828335 0.838403 0.910627 1.83894 103033 0 1.48786 0.209199 1
56.9036 6.44249 1.66688 0.807214 0.79079 1.7484 119283 0 -1.7496 0.209092 1
1.5056 46.0411 1.54969 0.796614 0.731034 1.65017 176674 0 -1.71452 0.208749 1
57.4818 5.38433 1.75741 0.724475 0.709884 1.78081 117413 0 -1.70253 0.208546 1
-47.1091 45.0179 0.480686 0.859482 0.903155 1.68727 175118 0 2.29759 0.208019 1
41.4333 31.2221 2.38726 1.99155 4.38401 1.60716 155271 0 1.53238 0.206115 0
-51.3723 40.4781 0.415274 1.87147 4.20934 1.53827 168553 0 2.03715 0.205871 0
35.9525 23.1091 1.98591 1.99006 4.39823 1.5491 143554 0 -1.5774 0.203722 0
35.0608 55.4981 2.35619 2.03279 4.5225 1.60479 190819 0 -1.58088 0.203429 0
27.1427 -7.93362 1.86283 0.875296 0.851207 1.77831 98130 0 -2.01194 0.201439 1
-48.8614 -5.03158 0.541159 1.96157 4.23384 1.506 102105 0 0.063046 0.201102 0
1.66927 46.039 1.51628 0.782764 0.71684 1.63745 176675 0 -1.50058 0.200681 1
73.0404 27.2962 1.93427 2.322 5.37932 1.94527 149754 0 -1.74071 0.199595 0
41.1287 23.091 2.12903 2.02155 4.42946 1.61288 143570 0 1.57107 0.19941 0
57.86 4.74794 1.7704 0.764717 0.753499 1.78443 116478 0 1.34723 0.19896 1
16.7611 7.98199 0.788414 0.808882 0.920232 1.61449 121030 0 -0.427958 0.198289 1
60.3866 21.3954 1.69838 1.79096 3.97726 1.52789 140822 0 1.59427 0.196512 0
22.6404 69.6901 1.68703 2.0474 4.57609 1.66867 211372 0 1.63253 0.196498 0
-42.4418 22.7985 0.695842 2.09757 4.62122 1.83125 142841 0 -1.25755 0.196436 0
33.777 58.7178 2.33335 2.00226 4.5044 1.61249 195495 0 -1.5646 0.196416 0
-43.3274 22.8691 0.736078 2.16609 4.80847 1.85561 142838 0 -1.25741 0.196389 0
6.22789 39.6379 1.35175 1.86281 4.05369 1.54252 167329 0 1.88073 0.195701 0
34.0827 58.4306 2.32396 2.05122 4.57734 1.64191 195028 0 -1.5395 0.195672 0
47.2312 2.79552 1.95836 0.759551 1.24253 1.52213 113637 0 -1.50086 0.195253 1
57.8494 5.98421 1.6855 0.731372 0.725238 1.69155 118350 0 -1.82044 0.194872 1
35.0798 25.468 1.98423 1.89925 4.35078 1.52717 146827 0 -1.55982 0.194713 0
60.7533 13.9109 1.79181 0.917748 1.00749 1.79013 130059 0 -1.44525 0.194308 1
-10.0473 43.6543 1.19421 2.05775 4.58195 1.58095 173362 0 -3.13967 0.193801 0
60.2864 45.9136 2.62714 2.07223 4.6027 1.7498 176858 0 2.78473 0.193565 0
19.5749 37.4962 1.50268 2.25264 5.35091 1.73731 164563 0 -1.34922 0.192847 0
60.6639 44.9795 2.58357 2.22791 5.01617 1.86218 175455 0 -0.290699 0.192793 0
5.7043 39.9197 1.3272 2.08252 4.81207 1.64624 167795 0 1.88959 0.192464 0
41.3956 25.9835 2.25333 2.17515 4.95373 1.73654 147783 0 1.57228 0.192343 0
-1.66095 33.8547 1.06867 1.80331 4.16961 1.34015 158880 0 -1.21081 0.19174 0
63.514 4.94934 1.79449 0.827021 0.986399 1.76761 116964 0 1.26932 0.191559 1
35.0403 54.9357 2.384 1.96365 4.3174 1.56384 189883 0 -1.55426 0.19099 0
57.8343 6.1414 1.63836 0.709162 0.696405 1.61933 118818 0 1.22036 0.190623 1
18.9611 34.9344 1.33017 2.08989 4.80657 1.59816 160817 0 -1.37453 0.190109 0
35.6831 26.3296 2.05993 1.94077 4.29371 1.59431 148233 0 -1.55526 0.189876 0
-54.9589 22.1807 0.345294 1.85066 4.08178 1.43626 141866 0 1.91028 0.189792 0
-46.2814 -4.43668 0.706504 1.79162 3.88465 1.47792 103049 0 -0.0623606 0.189583 0
-46.9607 43.9858 0.566199 0.807288 0.847064 1.59751 173715 0 1.98523 0.188993 1
-55.8016 26.0529 0.252244 2.00939 4.61493 1.56951 147479 0 1.87974 0.188797 0
8.70989 45.3388 1.21096 1.71746 3.61047 1.42962 175761 0 1.81316 0.187565 0
-49.6906 -5.30805 0.56605 2.06068 4.51458 1.66058 101634 0 0.1333 0.186841 0
1.49871 16.2802 1.02548 0.861774 0.818811 1.64192 133150 0 0.517269 0.186769 1
27.6942 -6.66207 1.47149 0.803894 0.813915 1.64469 100004 0 -1.09855 0.186215 1
-47.1047 43.9857 0.576664 0.846741 0.904908 1.6445 173714 0 2.52961 0.186156 1
39.5491 31.2222 2.26428 2.04154 4.65565 1.629 155265 0 1.52846 0.185937 0
-58.6187 14.0407 0.319142 2.15377 4.91591 1.59501 129686 0 1.87026 0.185789 0
34.4127 59.02 2.5876 2.00547 4.41426 1.62875 195965 0 -1.60521 0.18561 0
-46.685 45.2097 0.510588 0.827516 0.881928 1.70829 175588 0 2.01795 0.185362 1
74.2075 5.22926 1.96171 0.856475 1.0424 1.79687 117465 0 1.53497 0.184377 1
35.5761 52.0603 2.32004 2.24745 5.19407 1.86222 185673 0 -1.48955 0.184219 0
-47.8932 43.7518 0.588073 1.97216 4.29316 1.60548 173244 0 -3.08687 0.184108 0
20.6147 43.2619 1.32661 2.04003 4.6206 1.70405 172990 0 -1.36437 0.183745 0
40.2453 25.4975 2.20572 2.13773 4.8378 1.68038 146843 0 1.54373 0.183466 0
27.6919 -6.77661 1.46953 0.78531 0.802528 1.62585 99536 0 -1.21936 0.182862 1
1.42504 18.7098 1.01322 0.743131 0.814788 1.51372 136894 0 0.718022 0.182072 1
-59.658 17.4914 0.413396 1.97014 4.37405 1.5459 134831 0 1.91615 0.181936 0
35.1168 34.2062 2.2744 1.76187 3.94784 1.55696 159463 0 -1.47033 0.181548 0
40.4781 28.8624 2.29697 2.04615 4.5646 1.65814 151992 0 1.61304 0.18149 0
40.1591 30.9321 2.20496 1.97711 4.41596 1.55416 154799 0 1.54071 0.181418 0
40.4526 31.7858 2.28791 2.00842 4.49849 1.59817 156204 0 1.55997 0.181387 0
2.13297 35.2685 1.22882 0.707527 0.716591 1.5279 161232 0 0.265118 0.180797 1
-56.5598 16.5807 0.295081 1.81236 3.86455 1.45253 133437 0 1.99812 0.179696 0
-11.7031 42.4017 1.05182 1.96318 4.39628 1.49945 171485 0 1.39229 0.179613 0
21.216 46.1273 1.23643 2.06539 4.70563 1.57578 177204 0 -1.35238 0.179477 0
-7.45049 61.881 1.3202 1.94062 4.5211 1.53681 200046 0 -1.31191 0.179326 0
22.9572 30.8001 1.67481 1.9969 4.53748 1.54874 154745 0 1.68227 0.178864 0
-6.88258 59.0424 1.52119 2.02105 4.62308 1.62568 195836 0 1.87519 0.178473 0
-42.388 21.998 0.670064 1.99953 4.44331 1.81792 141437 0 -1.28513 0.178326 0
-51.677 40.1916 0.441013 1.91699 4.33959 1.56854 168084 0 1.8802 0.178153 0
72.4833 27.6141 1.79107 1.98789 4.45858 1.72107 150220 0 -1.82372 0.177997 0
54.6513 6.62755 1.80236 0.830594 0.858489 1.74706 119276 0 1.43795 0.177553 1
34.7701 25.7899 1.97408 1.91003 4.37814 1.52329 147294 0 -1.56468 0.176977 0
72.4666 17.1991 1.47036 0.820767 1.14678 1.77749 134776 0 1.50748 0.176077 1
-14.1767 53.301 1.09736 2.15504 4.93543 1.65988 187389 0 1.80634 0.175853 0
34.7734 48.9181 2.20277 1.76813 3.97654 1.5961 180990 0 -1.51667 0.175844 0
-42.9845 22.3084 0.68863 2.09213 4.72251 1.84406 141903 0 -1.23 0.17534 0
-47.8303 44.6074 0.530561 2.20243 5.00336 1.77446 174648 0 -2.94469 0.17466 0
-59.342 18.0668 0.378895 1.78591 3.93775 1.50657 135768 0 1.99221 0.174481 0
47.2133 2.94018 2.01271 0.748254 1.20135 1.51218 114105 0 -1.68168 0.173893 1
-47.1112 45.2114 0.494098 0.898763 0.974529 1.68718 175586 0 2.29996 0.173784 1
1.74897 44.8866 1.32945 1.73574 3.85404 1.47815 175271 0 -1.37799 0.172539 0
-59.3454 18.4077 0.365586 1.80994 3.98677 1.50869 136236 0 1.99853 0.172493 0
3.22832 25.784 1.12147 1.72219 3.7744 1.40335 147196 0 1.77959 0.172134 0
22.5435 72.5699 1.73649 2.11039 4.81962 1.77167 215584 0 1.69214 0.171059 0
74.7099 5.0235 1.7329 0.92913 1.57628 1.79547 116999 0 1.70214 0.169994 2
21.6673 73.0987 1.65367 1.8082 3.91634 1.54017 216517 0 1.60574 0.169893 0
2.02536 43.7392 1.31449 1.84459 4.26487 1.437 173400 0 -1.37392 0.169549 0
42.0997 28.08 2.26314 2.12188 4.82489 1.76634 150593 0 1.64563 0.169374 0
-9.77478 43.4275 1.16891 1.9057 4.19251 1.49543 172895 0 -3.08992 0.169364 0
17.6315 9.1911 1.16385 0.800176 0.869 1.72643 122905 0 -1.49527 0.168449 1
35.3875 22.0074 1.92102 1.90015 4.1722 1.4867 141680 0 -1.58046 0.167479 0
-0.406403 39.2237 1.35306 1.87813 4.26713 1.49523 166840 0 -1.07721 0.167159 0
-46.6916 45.0383 0.504263 0.832381 0.900998 1.72459 175120 0 2.12934 0.167131 1
-31.4953 -4.52177 0.972903 0.740645 0.78287 1.29539 102627 0 -1.20305 0.166585 1
-13.613 53.872 1.05763 2.05707 4.7689 1.60747 188327 0 2.27495 0.16616 0
-60.7321 23.7521 0.170915 1.89714 4.12327 1.4583 144188 0 -1.25343 0.165645 0
-2.31826 31.2966 1.22274 1.8683 4.15831 1.36196 155134 0 -1.36381 0.165336 0
57.9697 5.97385 1.66076 0.71883 0.709077 1.64066 118351 0 -1.55351 0.164659 1
-28.1984 -5.82019 1.12134 0.796084 1.70756 1.63549 100765 0 1.59187 0.164268 2
2.40818 33.8819 1.22898 0.662958 0.645995 1.62936 158893 0 -2.29014 0.163799 1
35.9397 34.6646 2.14272 2.30583 5.41808 1.87995 160402 0 -1.57921 0.163684 0
2.39296 34.3077 1.31873 0.694706 0.708037 1.63302 159829 0 -2.96125 0.163226 1
-0.0597839 38.9975 1.36749 1.7149 3.93341 1.45965 166373 0 -1.25513 0.162589 0
-45.5239 12.1228 0.60991 2.29004 5.44194 1.90529 126919 0 -1.15372 0.162357 0
34.0933 55.492 2.19461 2.05199 4.56744 1.6017 190816 0 -1.58641 0.16199 0
1.6858 46.4717 1.49012 0.93322 1.15943 1.70323 177611 0 -1.61394 0.161824 1
21.9483 73.3667 1.71248 2.00135 4.37075 1.65706 216986 0 1.56153 0.161422 0
-7.6039 57.0169 1.35032 2.24618 5.25419 1.67816 193026 0 1.79282 0.161417 0
42.0769 28.8595 2.38864 2.14783 4.77993 1.77443 151997 0 1.5338 0.160618 0
60.9829 14.1147 1.79641 1.00558 1.12291 1.84382 130528 0 -1.5763 0.160447 1
23.1702 70.4683 1.8219 2.25662 5.08806 1.84647 212778 0 1.53919 0.159472 0
41.4264 28.0434 2.1426 1.78803 3.56272 1.6838 150591 0 1.59131 0.157742 0
33.7812 55.2075 2.19798 1.98958 4.43567 1.6146 190347 0 -1.5569 0.157459 0
-49.4042 -5.82833 0.651128 2.24821 5.18687 1.77919 100699 0 0.098249 0.157401 0
63.7642 4.97357 1.80225 0.843086 0.92001 1.72783 116965 0 0.750388 0.157327 1
-12.9566 53.8659 1.03348 2.0129 4.59986 1.60397 188329 0 -0.253294 0.156777 0
-61.5027 23.7672 0.20184 2.26027 5.25282 1.68987 144185 0 -1.30682 0.156248 0
36.2621 22.6027 2.00587 1.9856 4.44165 1.5728 142619 0 -1.56654 0.155974 0
17.5426 9.28663 1.12261 0.744597 0.79793 1.58123 123372 0 -2.04496 0.155807 1
4.2459 30.9176 1.19145 2.00624 4.52791 1.531 154687 0 1.79997 0.155774 0
73.6524 23.1063 1.57267 2.21066 5.31581 1.70676 143672 0 1.5548 0.155591 0
23.7707 30.8055 1.73501 2.115 4.84078 1.5487 154748 0 1.70653 0.155444 0
-0.680351 46.4528 1.19391 0.862308 0.834269 1.46659 177603 0 -2.95566 0.154853 1
35.6627 57.7892 2.56603 2.28376 5.24725 1.87376 194097 0 -1.49381 0.154604 0
-61.5046 23.2684 0.260673 2.19029 4.9897 1.58208 143249 0 -1.48277 0.154458 0
35.7116 56.4504 2.46263 2.00487 4.46476 1.62472 192225 0 -1.56637 0.153468 0
-55.4984 22.4716 0.31342 2.07091 4.72411 1.52007 142332 0 1.91098 0.153008 0
35.966 54.9627 2.48599 2.03333 4.62756 1.67607 189886 0 -1.50398 0.152967 0
42.065 25.7447 2.26741 2.02531 4.51742 1.71994 147317 0 -1.43877 0.152685 0
57.403 6.62547 1.66573 0.699316 0.66751 1.70141 119285 0 -0.641786 0.152243 1
-29.272 -7.21287 1.19431 0.722083 0.771208 1.3589 98890 0 -1.59359 0.152124 1
43.3328 28.3248 2.43553 2.13503 4.76034 1.78277 151065 0 1.57266 0.151841 0
-51.0838 40.7711 0.375359 1.87406 4.14085 1.52816 169022 0 2.28027 0.151488 0
-58.7676 17.4473 0.318116 1.89315 4.34066 1.53726 134834 0 1.95399 0.151273 0
34.1062 54.932 2.25232 2.00789 4.44263 1.61951 189880 0 -1.57503 0.150441 0
20.9513 74.4208 1.84438 2.0166 4.75074 1.56617 218387 0 0.218651 0.150369 0
-12.6867 53.599 1.01716 2.01421 4.57157 1.58466 187862 0 -0.0555206 0.150283 0
43.0128 28.9062 2.49464 2.16357 4.84447 1.79592 152000 0 1.46081 0.14975 0
42.0569 31.4724 2.4787 2.05677 4.54785 1.67701 155741 0 1.55263 0.149736 0
57.4056 6.80344 1.68554 0.738262 0.680748 1.73665 119753 0 -0.575517 0.149087 1
36.5839 25.7206 2.12055 2.07623 4.68489 1.67246 147300 0 -1.55964 0.147825 0
-13.5719 60.9253 1.09253 0.769165 0.789236 1.64249 198623 0 -0.304915 0.147687 1
33.4443 59.0135 2.37923 1.97413 4.41163 1.60109 195962 0 -1.62916 0.147658 0
-11.6877 42.6609 1.10972 2.04134 4.62061 1.54081 171953 0 0.271794 0.147651 0
47.7886 2.73727 2.08654 0.844387 1.9184 1.449 113639 0 -2.1551 0.147386 0
33.1084 58.4071 2.14999 1.99377 4.25966 1.61842 195025 0 -1.59272 0.147343 0
57.4248 5.80791 1.75034 0.732409 0.728183 1.77726 118349 0 -1.75304 0.1472 1
40.7844 25.2237 2.17002 1.97192 4.40586 1.62095 146377 0 1.57844 0.146631 0
-55.4719 21.6983 0.287863 1.9085 4.35055 1.49257 140928 0 1.8455 0.146342 0
22.5569 48.1739 1.39724 2.11045 4.79355 1.72142 180016 0 1.56608 0.146334 0
32.8247 58.7052 2.21421 2.03176 4.54688 1.62803 195492 0 -1.66381 0.146212 0
57.2396 5.62225 1.80446 0.803552 0.78997 1.83843 117880 0 -1.76227 0.146119 1
60.9585 24.474 1.86024 1.95706 4.45084 1.68713 145504 0 1.50003 0.146063 0
2.71043 26.2618 1.10018 2.09978 4.99507 1.56135 148130 0 1.86027 0.145839 0
41.1013 30.9381 2.35243 2.01984 4.47364 1.62035 154802 0 1.52439 0.145661 0
2.13744 35.1452 1.26466 0.706269 0.70496 1.54345 160764 0 0.0716486 0.145583 1
-47.8292 45.6323 0.605385 2.01075 4.47139 1.58763 176052 0 2.70963 0.14533 0
16.7677 10.7766 1.45965 0.765264 0.841312 1.69725 125242 0 1.81463 0.145314 1
-50.7334 40.1887 0.267081 1.98368 4.47729 1.55301 168087 0 1.81218 0.145164 0
58.029 5.55917 1.75196 0.695498 0.726635 1.69183 117883 0 -1.8199 0.144526 1
58.3345 5.27898 1.75915 0.763282 0.805126 1.72199 117416 0 -2.00651 0.144498 1
2.15744 46.9494 1.49816 2.08422 4.82665 1.76796 178080 0 -1.27623 0.144476 0
63.4533 4.72829 1.84925 0.89182 1.49142 1.84434 116496 0 1.3241 0.144203 1
34.3967 55.8261 2.21743 1.99515 4.50642 1.60311 191285 0 -1.5781 0.143968 0
40.8128 28.0697 2.14083 1.929 4.39671 1.60043 150589 0 1.56027 0.143939 0
-54.9356 21.67 0.289697 1.74134 3.80647 1.40767 140930 0 1.88142 0.143735 0
-55.5312 26.3359 0.258481 2.01446 4.57302 1.5821 147948 0 1.90165 0.143715 0
-56.0896 25.7473 0.261636 2.04509 4.70599 1.59213 147010 0 1.8571 0.143483 0
-6.00867 61.6179 1.33716 1.87378 4.18324 1.55819 199583 0 -1.31647 0.143205 0
7.4223 42.9285 1.17929 2.03633 4.55096 1.53507 172481 0 1.88948 0.143085 0
34.7007 59.3176 2.8209 2.06718 4.57072 1.69147 196434 0 -1.62242 0.142963 0
1.19767 16.5049 1.01315 0.833377 0.837352 1.55282 133617 0 -0.683765 0.142756 1
-18.6795 22.2085 0.863126 2.20246 4.96164 1.79891 141979 0 1.68265 0.142373 0
46.5709 3.01315 1.94073 0.81868 1.92787 1.34045 114103 0 -2.8183 0.142048 0
-9.48499 43.6454 1.26178 2.09357 4.64286 1.60841 173364 0 -2.9982 0.141859 0
73.0486 26.4868 1.8469 2.42365 5.67614 1.99476 148350 0 -1.53754 0.141758 0
-7.20618 59.2934 1.54093 1.99842 4.60838 1.62584 196303 0 2.30216 0.141705 0
41.4193 27.7472 2.12636 0.999511 1.26503 1.64713 150123 0 1.53022 0.141512 1
-62.2343 19.6731 0.315669 2.00939 4.52834 1.55073 138099 0 -1.23192 0.141295 0
21.9811 66.8372 1.597 1.88397 4.20004 1.57492 207158 0 1.62617 0.141228 0
47.4816 2.7635 2.03778 0.812088 1.55359 1.52177 113638 0 -1.56991 0.140842 0
35.6884 57.1256 2.49644 2.05879 4.61826 1.67274 193161 0 -1.50047 0.140745 0
-36.3321 24.6669 0.772117 2.90482 7.52856 2.35081 145668 0 -1.14948 0.140582 0
23.4874 31.1276 1.73194 2.0664 4.69056 1.53228 155215 0 1.72754 0.140364 0
-0.266594 46.4681 1.21022 0.820114 0.82055 1.48708 177605 0 -2.67193 0.140122 1
73.666 22.6703 1.61662 2.19436 5.21978 1.72009 142736 0 1.65234 0.139696 0
2.27229 20.5497 1.05891 1.7473 3.82623 1.42865 139705 0 1.78132 0.139674 0
-16.7757 32.7182 1.11338 2.20528 4.97901 1.82229 157429 0 1.80391 0.139657 0
20.3558 46.1536 1.21808 1.59792 3.2269 1.39864 177201 0 -1.29618 0.139443 0
35.3671 57.4773 2.45726 2.06058 4.63491 1.67256 193628 0 -1.49766 0.13903 0
74.2017 5.06759 1.95911 0.855493 0.992037 1.80282 116997 0 1.50569 0.138802 1
-47.8283 44.9304 0.548632 2.14095 4.72051 1.73719 175116 0 3.04378 0.138374 0
33.7634 58.1222 2.21725 2.01802 4.53837 1.64084 194559 0 -1.56472 0.138367 0
-12.5997 41.4976 1.1251 2.13207 4.96517 1.64127 170078 0 1.47626 0.13808 0
1.22962 46.242 1.5078 0.834319 0.808569 1.64276 177141 0 -2.38583 0.13789 1
72.462 17.3415 1.48014 0.84522 1.16236 1.78286 135244 0 1.48605 0.137721 1
35.9907 56.7833 2.57704 2.10095 4.72773 1.72583 192694 0 -1.53234 0.137469 0
-11.975 42.6511 1.18409 2.15727 4.92351 1.61074 171952 0 1.56295 0.136905 0
-12.0455 41.4923 1.02374 1.89361 4.34403 1.49021 170080 0 1.39331 0.136469 0
-48.5599 -5.29076 0.596294 2.02647 4.46723 1.56004 101638 0 0.0150195 0.1364 0
-60.9705 22.9887 0.23312 1.85793 4.09629 1.44902 142783 0 -1.46787 0.13621 0
-49.7602 43.3884 0.518703 1.87624 4.08865 1.55259 172770 0 2.4804 0.136056 0
60.9449 44.3315 2.567 2.10796 4.64439 1.83943 174520 0 -0.32888 0.134888 0
27.6453 -10.0777 1.53978 0.885438 1.01696 1.72844 94856 0 1.32744 0.1348 1
0.527351 41.4781 1.32605 1.94108 4.30646 1.52508 170119 0 -1.29456 0.134723 0
1.10027 42.0249 1.26003 1.98526 4.55402 1.53209 171057 0 -1.24256 0.13442 0
35.0831 23.1043 1.97547 1.98098 4.47893 1.54585 143551 0 -1.59263 0.134368 0
-14.2175 53.8848 1.10531 2.11954 4.87316 1.68196 188325 0 2.23697 0.133542 0
-41.8154 22.5112 0.642778 2.11056 4.6803 1.84683 142375 0 -1.28269 0.133151 0
35.5978 52.5557 2.39167 2.3453 5.44148 1.93012 186609 0 -1.56077 0.133051 0
35.6245 58.6717 2.86784 2.39112 5.4614 1.98332 195501 0 -1.5006 0.133044 0
35.0432 52.8746 2.3884 2.1082 4.69571 1.71978 187075 0 -1.57772 0.133012 0
-48.8128 43.4303 0.542289 1.8086 3.94598 1.54367 172773 0 -2.86202 0.132818 0
63.7817 5.18554 1.79601 0.846408 0.90757 1.73016 117433 0 1.93025 0.132722 1
-56.5652 17.0335 0.284115 1.62892 3.51772 1.41944 134373 0 -1.98244 0.132678 0
-0.487389 46.0679 1.18011 0.802456 0.777727 1.48405 176668 0 -2.74387 0.132668 1
34.09 59.3319 2.61981 1.93619 4.26908 1.58467 196432 0 -1.72891 0.132599 0
-10.3611 43.4209 1.1109 1.89762 4.24092 1.48547 172893 0 3.02028 0.13238 0
22.6593 30.4785 1.66634 1.95351 4.37055 1.55539 154276 0 1.65713 0.132109 0
-51.9769 39.8596 0.503016 1.97297 4.47111 1.62033 167615 0 1.74529 0.132068 0
17.1494 59.68 1.23205 0.908128 1.18095 1.76592 196847 0 0.271197 0.131909 1
-55.7558 22.215 0.297366 2.03266 4.67999 1.51641 141863 0 1.86455 0.131795 0
-51.6509 -8.74066 0.590661 1.03173 1.14034 1.81335 96480 0 1.44064 0.131704 1
52.6559 24.5153 1.95518 2.08871 4.69724 1.63849 145478 0 -1.53894 0.131696 0
-11.4016 42.3973 1.04069 1.84713 4.19522 1.4584 171486 0 -1.50061 0.131545 0
36.5566 55.8205 2.65918 2.33643 5.35515 1.95285 191292 0 -1.57299 0.131432 0
43.0245 28.0672 2.37256 2.02248 4.48062 1.71808 150596 0 1.64164 0.13136 0
-47.5746 44.3116 0.569282 2.09049 4.71975 1.71021 174181 0 -3.09028 0.130915 0
1.73827 43.4337 1.3905 1.88657 4.34297 1.47915 172931 0 -1.42986 0.130394 0
47.4558 2.94659 2.05802 0.85386 1.74343 1.48015 114106 0 -1.70585 0.130185 0
73.3908 20.5094 1.90493 2.1565 4.87082 1.82885 139927 0 -1.62273 0.12996 0
2.32953 44.0211 1.25612 1.82025 4.16269 1.41454 173869 0 -1.34806 0.129621 0
34.3989 56.4762 2.21809 1.95971 4.33535 1.57803 192221 0 -1.55899 0.129396 0
-2.63633 31.5898 1.32178 1.88193 4.24791 1.41176 155601 0 -1.34285 0.129144 0
23.1623 72.5485 1.83419 2.40325 5.75248 2.03296 215586 0 1.6847 0.129007 0
3.42847 30.9168 1.24945 1.91832 4.40853 1.54325 154684 0 1.84065 0.128916 0
-49.4043 44.2368 0.565134 2.21856 5.047 1.70707 174175 0 2.83157 0.128667 0
4.11287 33.8371 1.29595 2.10764 5.1279 1.69291 158898 0 -1.30108 0.128556 0
3.98919 30.6505 1.22304 1.95015 4.34399 1.54254 154218 0 1.78883 0.12831 0
-50.0692 43.3565 0.532374 1.96776 4.31281 1.61541 172769 0 2.23551 0.128282 0
4.61932 33.5516 1.17461 1.96173 4.52665 1.53197 158432 0 -1.34722 0.128208 0
61.2815 24.1892 1.79961 1.90449 4.3598 1.65259 145037 0 1.54193 0.128161 0
29.0358 -6.63589 1.40211 0.812058 0.856366 1.58609 100008 0 -1.96993 0.128071 1
34.7527 26.3232 2.03794 1.94663 4.40877 1.59308 148230 0 -1.53431 0.127747 0
46.2437 3.0349 1.88973 0.82859 1.88811 1.2384 114102 0 2.90255 0.127681 0
-56.5421 -7.93538 0.713562 0.821992 0.908054 1.74887 97869 0 1.75451 0.127284 1
35.3171 58.9933 2.89401 2.29626 5.17182 1.89852 195968 0 -1.52895 0.127132 0
-48.1457 45.6216 0.620736 1.9899 4.41707 1.60531 176051 0 2.31659 0.126421 0
-48.8615 -5.84226 0.672326 2.26149 5.16911 1.7528 100701 0 0.0424432 0.126261 0
-50.384 43.0328 0.564269 2.05166 4.45827 1.65693 172300 0 1.90641 0.125821 0
-47.5533 45.9174 0.600694 2.01671 4.50711 1.57835 176521 0 2.7506 0.125652 0
3.26501 46.9679 1.53217 1.85413 4.44327 1.61082 178084 0 -1.27677 0.125635 0
39.2447 31.4977 2.35886 2.12091 4.80971 1.70124 155732 0 1.53528 0.125566 0
6.12504 37.165 1.20454 1.84895 4.16072 1.45099 164053 0 2.03272 0.125258 0
-1.38213 33.5586 1.02659 1.75742 3.93363 1.32798 158413 0 -1.22871 0.124894 0
23.7538 29.9931 1.78961 2.09635 4.86343 1.53976 153344 0 1.64237 0.124876 0
29.8742 -8.23093 1.77084 0.845753 0.845154 1.61609 97671 0 -0.715574 0.124419 1
63.5406 5.17499 1.74414 0.840706 0.979609 1.76682 117432 0 1.84486 0.124267 1
-27.486 -5.85474 1.15206 0.82061 1.40921 1.70551 100768 0 1.63745 0.124261 1
-7.4851 59.3276 1.53389 2.01994 4.71533 1.67036 196302 0 1.88857 0.12414 0
-71.8671 -1.74037 0.624036 0.794255 0.823532 1.63452 106713 0 2.26268 0.123954 1
-46.1884 12.6103 0.629865 2.33929 5.46808 1.89858 127853 0 1.75862 0.123931 0
1.68247 16.2767 1.02069 0.834669 0.799457 1.61928 133151 0 -1.89771 0.123428 1
-1.73038 -10.5769 0.258083 0.781695 1.64722 1.59685 93828 0 1.49617 0.123226 2
35.0568 56.1404 2.30786 1.99103 4.3929 1.62342 191755 0 -1.54879 0.122965 0
-31.6998 -4.29337 0.993784 0.903945 1.05884 1.61623 103094 0 0.510523 0.122923 1
-44.3119 23.2117 0.766345 2.12072 4.61587 1.84589 143303 0 -1.32024 0.122844 0
39.5567 31.7743 2.30224 2.07829 4.65353 1.64343 156201 0 1.54157 0.12284 0
22.2821 48.1919 1.33898 2.0919 4.83135 1.68745 180015 0 1.16763 0.122619 0
-57.1717 33.1574 0.44421 0.826864 0.954543 1.66063 157771 0 -0.505762 0.122427 1
