7.86407 4.38889 0.818462 2.05097 4.60161 1.50646 115854 0 1.45058 0.93668 0
-22.7845 11.3608 0.834355 2.2683 5.01149 1.86828 126054 0 -1.33561 0.935795 0
-7.89209 9.96661 1.05371 2.21298 4.88883 1.87052 124229 0 -1.34898 0.933867 0
-6.91141 15.2875 1.17656 2.42264 5.91126 1.91964 131720 0 -1.39508 0.929486 0
-1.19372 15.2574 0.94245 1.98579 4.60888 1.42567 131738 0 -1.30844 0.921872 0
13.0561 21.5852 1.43283 2.15753 5.30731 1.80466 141142 0 1.78101 0.916718 0
-7.13326 12.6758 0.867559 2.12561 4.97279 1.51509 127975 0 -1.40348 0.90586 0
-42.3015 -5.3152 0.882185 2.06375 4.60207 1.52259 101657 0 0.0513494 0.905321 0
-0.788811 17.7908 0.98925 2.03966 4.92919 1.47449 135483 0 1.78796 0.903281 0
0.147423 23.2928 1.25323 1.96357 4.62383 1.71955 143442 0 1.76339 0.900039 0
21.6439 19.006 1.80838 2.253 4.93662 1.83858 137425 0 1.58628 0.894073 0
5.71915 -5.18458 0.83775 2.2719 5.15076 1.94548 101807 0 -0.0185462 0.893251 0
-2.32361 -5.50974 0.687265 2.17255 5.06731 1.58126 101314 0 -0.0840965 0.890039 0
-14.4838 -3.55811 0.985584 2.34175 5.3735 1.97155 104084 0 2.11546 0.882669 0
-21.3745 16.3783 0.754899 1.9968 4.34348 1.55366 133547 0 1.85919 0.881722 0
11.0114 13.3828 1.0286 2.04883 4.77574 1.48551 128968 0 -1.37947 0.874145 0
-1.54694 11.6152 1.03596 1.86153 4.08209 1.59793 126589 0 1.78356 0.870932 0
21.8759 21.5889 1.7863 2.26692 5.15 1.87658 141170 0 1.642 0.868943 0
-6.50939 18.0328 0.992299 2.09959 4.96807 1.4369 135933 0 -1.33115 0.867905 0
15.5284 29.3152 1.39726 2.01005 4.63837 1.56656 152382 0 -1.39266 0.867489 0
16.4811 32.1027 1.77085 2.11692 4.91812 1.85469 156597 0 -1.37381 0.864252 0
14.2908 24.1443 1.58343 2.09111 4.74106 1.78807 144890 0 -1.42553 0.863889 0
-28.0262 -0.184502 0.755075 2.10762 4.52287 1.51733 109190 0 -1.5597 0.862942 0
0.143852 16.4676 1.08356 0.806233 0.769069 1.66985 133614 0 2.36486 0.861206 1
38.8415 19.6364 2.2118 2.06982 4.84328 1.87534 138415 0 1.54553 0.855284 0
-4.61065 26.1617 1.08251 2.04118 4.68301 1.45541 147639 0 -1.36453 0.851745 0
-26.7623 15.2772 0.805134 2.23527 4.67651 1.8286 131658 0 -1.32965 0.851369 0
21.243 15.3996 1.78422 2.03933 4.61728 1.64719 132276 0 1.55643 0.850999 0
51.2945 22.1517 2.03035 2.21494 5.11228 1.84358 142198 0 -1.63607 0.848685 0
-27.733 9.44642 0.639734 1.9994 4.13443 1.55583 123231 0 1.86532 0.848505 0
-41.1557 11.0255 0.718238 2.09602 4.51261 1.84708 125529 0 1.78506 0.846892 0
0.23156 -5.81396 0.66801 2.05954 4.60553 1.5443 100854 0 -0.0539853 0.844832 0
21.339 27.2511 1.95691 2.25687 5.07967 1.86741 149592 0 1.67536 0.842506 0
-5.91209 20.3908 1.02683 1.96649 4.47322 1.42513 139211 0 -1.34452 0.842168 0
2.80037 -5.83271 0.678075 2.04542 4.58509 1.57132 100862 0 0.00864819 0.84168 0
-39.5578 16.2417 0.742781 2.25689 5.13266 1.99269 133022 0 -1.28233 0.838579 0
1.80236 28.5933 1.37051 2.17738 5.11369 1.87872 151403 0 1.79516 0.838258 0
0.206253 20.6315 1.02863 2.02858 4.87875 1.48006 139698 0 1.75222 0.837875 0
12.3201 18.9352 1.13454 2.02296 4.68106 1.54071 137396 0 -1.3753 0.834726 0
33.9806 19.5932 1.92544 2.02839 4.63149 1.54262 138400 0 -1.52168 0.832946 0
21.6135 24.3602 1.66052 2.04021 4.64169 1.51037 145381 0 1.6462 0.826064 0
6.82769 45.5511 1.37558 2.00281 4.65158 1.51974 176223 0 1.67587 0.818545 0
21.3253 64.225 1.58497 2.05554 4.87426 1.54528 203412 0 1.54953 0.816177 0
1.15599 25.8053 1.20716 2.01993 4.77781 1.4588 147189 0 1.74455 0.813333 0
-59.7159 14.2114 0.43094 1.92206 4.30257 1.55046 130151 0 1.92905 0.809884 0
12.2751 15.9381 1.11674 2.04887 4.74936 1.50164 132716 0 -1.38161 0.807744 0
-20.8838 19.1529 0.86808 1.99266 4.33603 1.78444 137292 0 -1.26306 0.800383 0
-44.9879 -5.01295 0.932507 1.96711 4.49423 1.66946 102117 0 0.0356885 0.797752 0
6.92715 48.4811 1.62816 1.97336 4.55077 1.71699 180435 0 1.82635 0.788164 0
-44.5949 5.28417 0.683834 0.839584 0.903013 1.64004 117094 0 1.58942 0.787944 1
5.59813 42.653 1.3776 2.05707 4.78626 1.52415 172007 0 1.83185 0.78284 0
-5.26035 23.5755 1.03731 2.04346 4.64312 1.48042 143893 0 -1.38439 0.781438 0
4.2821 36.7058 1.27485 1.89052 4.33661 1.43067 163111 0 1.83744 0.777102 0
71.5519 22.9615 1.61414 1.9366 4.30133 1.53483 143197 0 1.55859 0.769833 0
3.01007 34.0228 1.25265 2.07551 4.84948 1.51021 159363 0 -1.32953 0.767989 0
-37.3257 24.1718 0.751112 2.47607 5.83039 2.0862 144729 0 -1.20892 0.764678 0
-57.5054 19.3735 0.584702 1.98718 4.14035 1.65797 137646 0 1.86083 0.762075 0
-17.7271 27.06 1.15672 2.29285 5.75799 1.90048 149002 0 -1.3028 0.750791 0
71.798 20.0732 1.89171 2.11551 4.71308 1.88014 138986 0 -1.54642 0.74953 0
-4.05266 28.8556 1.27974 2.00467 4.40657 1.5735 151853 0 -1.36194 0.74811 0
17.7304 37.3387 1.50251 2.07628 4.83979 1.56046 164089 0 -1.29504 0.740897 0
-6.5815 64.0904 1.67077 2.06657 4.70246 1.55762 203325 0 -1.30716 0.738312 0
4.36657 40.0889 1.47713 2.06535 4.75397 1.59376 168259 0 1.89774 0.728389 0
59.0223 21.5826 1.78533 2.01984 4.54821 1.50101 141286 0 1.5683 0.726311 0
-33.3533 -4.12393 0.956505 0.904697 0.875797 1.62989 103557 0 2.08813 0.720345 1
-3.40722 31.4453 1.16143 1.98137 4.62068 1.44224 155599 0 -1.33272 0.71093 0
-58.7138 16.7959 0.317017 1.95786 4.4127 1.54105 133898 0 1.87908 0.710568 0
-8.84631 56.7971 1.61029 2.09251 4.66673 1.64805 192554 0 -1.34302 0.687697 0
59.3467 13.365 1.78463 0.990816 1.05776 1.76442 129119 0 -1.68223 0.686245 1
20.9255 67.2782 1.76662 2.22564 5.19364 1.72979 208091 0 1.55185 0.682972 0
-47.9014 -4.69694 0.803756 2.04184 4.56646 1.58528 102576 0 0.00802363 0.675192 0
33.4123 49.1837 2.24815 1.98731 4.56733 1.52038 181454 0 -1.59251 0.667749 0
-37.5889 -0.181725 0.771312 2.16253 4.65993 1.58341 109160 0 -1.63113 0.666404 0
18.1145 40.0933 1.78202 1.97255 4.32461 1.79869 168302 0 -1.27206 0.663885 0
-62.5904 23.5343 0.255014 1.97093 4.41182 1.48432 143714 0 -1.25726 0.657335 0
-8.48981 61.838 1.44993 2.00839 4.58693 1.48925 200043 0 -1.32872 0.653502 0
21.9072 30.252 1.8262 2.03783 4.62822 1.473 153806 0 1.67702 0.644475 0
61.5723 4.70167 1.87125 0.961249 1.03206 1.84047 116490 0 0.353244 0.642081 1
26.0777 -6.85682 1.63093 0.890425 0.948748 1.54283 99531 0 -1.64718 0.639019 1
15.2298 8.16455 0.802459 0.726982 0.754176 1.57096 121493 0 -1.96892 0.620658 1
25.6572 -8.11349 1.9473 0.816892 0.742822 1.69524 97658 0 -2.68471 0.611823 1
-19.3246 21.9804 0.93967 2.10802 4.80723 1.69808 141509 0 -1.27753 0.594259 0
39.5376 22.5979 2.018 1.95236 4.43388 1.54276 142629 0 1.56127 0.589267 0
-57.7627 -7.94419 0.694819 0.776187 0.749244 1.73031 97865 0 -1.55569 0.584194 1
-2.72565 33.8425 1.13531 1.90301 4.57329 1.40017 158877 0 -1.2851 0.581005 0
33.781 22.6137 1.98306 2.0026 4.60964 1.52826 142611 0 -1.55726 0.57529 0
-29.8913 -5.65067 1.12726 0.941268 1.00428 1.80061 101228 0 1.64791 0.568801 1
33.4522 52.3167 2.39073 1.96284 4.35837 1.60807 186134 0 -1.51257 0.554289 0
19.0703 42.7462 1.45232 1.98392 4.49288 1.64929 172049 0 -1.2761 0.505584 0
20.9333 73.1232 2.00158 2.09747 4.78043 1.69207 216515 0 1.57586 0.505348 0
0.825111 47.1792 1.61967 2.16527 4.95338 1.58629 178544 0 -1.27046 0.494172 0
19.6652 45.8943 1.39782 1.98182 4.57733 1.54194 176731 0 -1.30138 0.492398 0
40.1505 25.464 2.23296 1.9109 4.24572 1.52834 146843 0 1.5544 0.479037 0
-46.8813 12.2645 0.681076 2.05731 4.80753 1.86431 127383 0 1.46089 0.462175 0
55.3067 6.50328 1.75571 0.906501 0.907377 1.71878 119278 0 -1.83438 0.456621 1
55.4584 6.49858 1.78934 0.918194 0.919868 1.73612 119279 0 -1.79591 0.446986 1
-1.42108 39.1383 1.57692 1.97955 4.54285 1.49422 166837 0 -1.31993 0.439573 0
17.4188 34.679 1.41661 2.10998 4.8166 1.56632 160344 0 -1.36416 0.43573 0
33.7323 34.4631 2.25222 1.98026 4.40753 1.64246 159927 0 -1.58801 0.435364 0
25.5716 -8.10358 1.94361 0.864017 0.791097 1.71168 97657 0 -1.93416 0.433103 1
21.2803 69.9656 1.91149 2.08986 4.67665 1.73376 211836 0 1.56193 0.432246 0
-46.5959 12.2315 0.678287 2.05193 4.70532 1.84569 127384 0 -1.3987 0.431425 0
10.4589 10.7119 0.883654 1.93746 4.61854 1.48125 125222 0 1.69371 0.421807 0
19.318 43.0019 1.40366 2.05734 4.67788 1.66621 172518 0 -1.31005 0.415558 0
-34.3642 -7.21576 1.14727 0.753214 0.766428 1.46033 98874 0 0.0211909 0.409752 1
-0.0283051 16.4798 1.08109 0.843121 0.801611 1.66052 133613 0 1.98224 0.407943 1
71.1967 26.7472 1.94068 2.11386 4.68578 1.82315 148812 0 -1.61314 0.402269 0
61.5868 4.82305 1.85659 0.978513 1.08978 1.83626 116958 0 -0.0944633 0.400853 1
-48.7502 45.369 0.542199 0.803083 0.826182 1.70532 175581 0 2.31132 0.396747 1
34.4094 26.0576 2.11591 1.98299 4.41467 1.60922 147761 0 -1.59101 0.39669 0
-62.8291 23.2901 0.292886 2.04039 4.63507 1.51279 143245 0 -1.45771 0.385712 0
72.4011 4.93399 1.83197 0.818909 0.887744 1.78698 116992 0 1.40302 0.379342 1
20.3728 73.1006 1.94688 1.81399 3.98014 1.51376 216513 0 1.57096 0.376961 0
-58.7325 34.0432 0.421449 2.06285 4.60224 1.73749 159170 0 -1.32876 0.374056 0
-17.7599 32.4854 1.28683 2.01847 4.36323 1.61872 156958 0 1.80427 0.373696 0
-47.5062 12.3262 0.655562 2.1589 5.16682 1.91127 127381 0 1.70859 0.369232 0
-58.4567 17.0328 0.292937 1.78463 4.0328 1.48068 134367 0 1.94584 0.358748 0
40.4595 25.7083 2.2703 1.95116 4.4108 1.56527 147312 0 1.5451 0.349398 0
56.4279 4.96407 1.93483 0.861925 0.860809 1.85446 116942 0 -1.68768 0.347553 1
34.1015 25.7722 2.08674 1.99504 4.44999 1.58905 147292 0 -1.56101 0.34718 0
-0.153366 18.6525 1.01862 0.692487 0.686865 1.53265 136889 0 0.192402 0.344958 1
0.531029 46.916 1.65642 2.18053 4.95403 1.64546 178075 0 -1.27985 0.343746 0
53.1778 6.60169 1.83345 0.873911 0.92446 1.75888 119272 0 1.43931 0.341863 1
-56.4892 21.9223 0.486797 1.94661 4.40978 1.5811 141393 0 1.81421 0.339137 0
70.9207 27.0242 1.96332 1.91409 4.20205 1.69626 149279 0 -1.67337 0.335349 0
-9.35915 56.8695 1.56226 2.29039 5.56402 1.82348 192552 0 -0.992092 0.333672 0
-48.7548 45.4892 0.556308 0.81978 0.859626 1.71938 176049 0 2.29112 0.332238 1
55.9183 5.60915 2.06465 0.830362 0.826007 1.84771 117876 0 -1.71045 0.329551 1
-48.4815 12.6089 0.610256 2.00617 4.508 1.74365 127846 0 1.73662 0.329103 0
-1.11638 41.1495 1.45643 1.82823 4.09591 1.46008 169646 0 -1.31182 0.326955 0
-15.1968 53.2815 1.34107 2.04751 4.53722 1.50365 187386 0 -0.9454 0.326613 0
-57.4338 25.45 0.668877 1.9763 4.46225 1.7254 146538 0 1.88696 0.321609 0
61.8437 4.71884 1.79976 0.960192 1.01803 1.82166 116491 0 0.777501 0.321408 1
0.128403 16.6869 1.07697 0.784332 0.79513 1.48821 134082 0 2.86914 0.320465 1
6.79186 45.7978 1.38076 2.14947 4.91168 1.56907 176691 0 2.0702 0.319688 0
-29.8889 -5.79314 1.11839 0.955457 1.28919 1.79552 100760 0 1.69014 0.318558 1
0.162384 16.2939 1.08067 0.849376 0.801749 1.6504 133146 0 2.15266 0.316557 1
33.7506 57.1221 2.72552 2.0441 4.58669 1.72283 193155 0 -1.5588 0.315964 0
-17.1491 32.4237 1.3115 2.24612 5.06454 1.65385 156960 0 1.72465 0.313133 0
40.1237 22.7876 2.08552 2.05375 4.71109 1.54412 143099 0 1.558 0.311101 0
39.8913 27.7741 2.24933 0.793047 0.782361 1.69964 150118 0 1.58364 0.309879 1
61.4061 4.68158 1.89987 0.973754 1.05699 1.85433 116489 0 -0.257936 0.304662 1
-14.5597 53.6084 1.31555 1.94511 4.26746 1.47933 187856 0 -0.372742 0.304232 0
17.2127 37.5421 1.46079 1.76669 3.96058 1.45171 164555 0 -1.33056 0.304098 0
-14.8676 53.5797 1.31695 2.01994 4.59059 1.49175 187855 0 -0.631224 0.302981 0
-14.2783 53.6329 1.30276 1.94404 4.25559 1.48341 187857 0 -0.124144 0.302797 0
34.4041 25.4858 2.13145 2.00669 4.48824 1.59944 146825 0 -1.56661 0.302378 0
33.4346 37.2687 2.11943 2.04859 4.56346 1.63209 164138 0 -1.57478 0.301157 0
-1.7317 39.2015 1.58808 1.91743 4.35874 1.48775 166836 0 -0.991223 0.300023 0
61.9041 4.88069 1.76081 0.937076 0.96456 1.78205 116959 0 0.518596 0.299999 1
32.4714 37.3118 1.99107 1.95251 4.43948 1.53926 164135 0 1.52787 0.297791 0
22.1837 30.5067 1.85393 2.05299 4.72287 1.48621 154275 0 1.70864 0.296916 0
39.8801 27.9199 2.27394 0.803068 0.826667 1.73001 150586 0 1.55878 0.29685 1
33.1949 52.084 2.30442 1.78876 3.93152 1.50823 185665 0 -1.48211 0.293801 0
1.66189 25.7593 1.19604 1.69584 3.75217 1.39707 147191 0 1.76239 0.293382 0
-36.0754 -7.246 1.10972 0.741767 0.765807 1.49054 98869 0 -0.223517 0.292416 1
40.4707 25.183 2.20736 1.97282 4.3628 1.51792 146376 0 1.52928 0.290796 0
-30.8232 -7.20229 1.06008 0.806574 0.851056 1.57764 98885 0 -0.315124 0.289433 1
34.0125 52.3052 2.47325 2.23924 5.27492 1.83484 186136 0 -1.51525 0.287988 0
56.7585 5.97291 1.78266 0.753416 0.753817 1.55937 118347 0 -2.72914 0.285338 1
-74.8714 -2.05691 0.206267 2.03607 4.46089 1.57285 106236 0 -1.4148 0.284992 0
-16.5021 32.22 1.26177 2.07125 4.63761 1.59633 156494 0 -1.35546 0.283795 0
55.448 6.35001 1.75305 0.855821 0.841854 1.73108 118811 0 -1.8314 0.282448 1
55.306 6.35193 1.74092 0.88866 0.88893 1.72313 118810 0 -1.84556 0.281379 1
33.4663 57.4177 2.71464 1.99735 4.46563 1.62655 193622 0 -1.54836 0.281009 0
-33.4284 -4.56413 0.842753 0.694078 0.713861 1.22579 102621 0 1.9315 0.280612 1
-53.0327 -4.55701 0.781029 0.83227 0.885683 1.84615 102560 0 1.2953 0.277651 1
39.2425 25.4807 2.28446 1.98683 4.4039 1.60893 146840 0 1.56941 0.27735 0
-0.841644 41.4206 1.58084 1.96743 4.52028 1.53729 170115 0 -1.30875 0.274344 0
55.8118 6.52867 1.74804 0.770482 0.770013 1.64501 119280 0 -1.36757 0.27379 1
-13.9362 43.3618 1.37403 2.01343 4.55349 1.61154 172882 0 2.35285 0.270756 0
20.4254 67.1063 1.80129 1.95249 4.31172 1.59813 207621 0 1.54847 0.26873 0
19.106 45.9314 1.34462 1.64626 3.58254 1.41184 176729 0 -1.30009 0.268494 0
-57.1594 25.7292 0.659434 1.97946 4.42069 1.72332 147007 0 1.95134 0.267549 0
15.3821 8.16797 0.807773 0.761122 0.881914 1.50791 121494 0 -1.98117 0.267381 1
-34.1921 -7.21082 1.15226 0.793852 0.822915 1.46015 98875 0 -0.00381628 0.265935 1
-44.6272 22.9237 0.77599 2.09114 4.6918 1.88673 142834 0 -1.237 0.265605 0
-38.1756 24.4785 0.822792 2.73257 7.25031 2.29782 145194 0 -1.24279 0.26358 0
33.1607 34.626 2.29746 2.02508 4.30491 1.59667 160393 0 -1.73429 0.262673 0
34.0746 37.0162 2.2147 2.02726 4.46365 1.66986 163672 0 -1.50789 0.259648 0
59.5654 13.333 1.73782 0.974584 1.16872 1.78026 129120 0 -1.63759 0.258462 1
21.9031 30.8013 1.79787 2.00298 4.5673 1.46797 154742 0 1.72439 0.257689 0
34.3483 22.8061 2.00368 2.02238 4.61568 1.52316 143081 0 -1.56257 0.257661 0
71.3126 20.068 1.85547 1.82395 3.849 1.75227 138984 0 -1.55657 0.255825 0
-49.5117 -12.0219 0.734583 0.827126 0.891049 1.68834 91807 0 -2.34015 0.255813 1
59.1819 13.3765 1.8113 0.99384 1.05472 1.78381 129118 0 -1.72385 0.255719 1
-57.9818 19.5771 0.573448 2.27231 5.17026 1.81205 138112 0 1.88303 0.255369 0
-48.3806 -4.67742 0.819592 2.11806 4.77421 1.66063 102574 0 0.0854955 0.254764 0
71.774 26.7487 2.04753 2.45355 5.81214 2.10123 148814 0 -1.60099 0.254491 0
72.0588 23.1258 1.61967 2.26145 5.36299 1.7459 143667 0 1.51232 0.25393 0
-53.0358 -4.41749 0.803235 0.822436 0.886952 1.83523 103028 0 1.46818 0.252206 1
-48.8719 44.2925 0.530661 0.830893 0.882476 1.7347 174177 0 -0.968949 0.250475 1
32.8378 35.9695 2.20516 2.06998 4.38405 1.63884 162264 0 -3.01778 0.249994 0
4.60555 39.6439 1.50037 1.86881 4.19901 1.58454 167324 0 1.8291 0.249672 0
39.8279 22.3289 1.99067 1.99343 4.57644 1.57044 142162 0 1.52084 0.248748 0
-0.148956 18.48 1.00877 0.789608 0.872468 1.49071 136421 0 0.729552 0.248159 1
-74.391 -1.7896 0.120624 1.94649 4.28689 1.55936 106705 0 -1.4048 0.247414 0
0.341415 16.4586 1.07825 0.804034 0.813371 1.54464 133615 0 2.91794 0.246335 1
-55.7731 24.3976 0.556428 0.828723 0.907137 1.71847 145139 0 1.80456 0.246078 1
-2.02994 39.265 1.58943 1.89453 4.34322 1.49283 166835 0 1.70648 0.240579 0
-74.1008 -2.06557 0.211981 1.93699 4.34478 1.53278 106238 0 -1.40901 0.240213 0
34.0956 26.343 2.07181 1.95971 4.33872 1.59822 148228 0 -1.60451 0.238534 0
-14.2111 43.0659 1.40895 2.04223 4.62634 1.63141 172413 0 2.1096 0.234785 0
18.3704 40.3687 1.7985 2.0972 4.6927 1.86446 168771 0 -1.3231 0.234234 0
34.3689 37.2664 2.22077 2.13168 4.73146 1.77614 164141 0 -1.58106 0.232279 0
25.6611 -7.9818 1.96904 0.884217 0.827581 1.72051 98126 0 -2.25549 0.231322 1
33.1818 48.9232 2.26835 1.75215 4.00208 1.46298 180985 0 -1.51335 0.230632 0
3.04104 33.5698 1.22953 1.98932 4.56691 1.50711 158427 0 -1.40748 0.230503 0
-13.6387 43.6485 1.38511 2.02765 4.58063 1.6217 173351 0 2.5803 0.230203 0
21.3514 30.4968 1.6914 2.0014 4.54196 1.47916 154272 0 1.64634 0.229546 0
25.8876 -6.86247 1.62581 0.902338 0.967944 1.55572 99530 0 -1.6454 0.229412 1
-53.2334 -8.55414 0.579194 1.0165 1.08628 1.81838 96943 0 0.478169 0.229006 1
33.4692 26.0795 2.03091 1.97395 4.45859 1.60223 147758 0 -1.5453 0.228676 0
-45.9486 12.0304 0.64521 1.99908 4.44435 1.78614 126918 0 -1.40111 0.227358 0
-57.1494 25.1611 0.64038 1.8067 4.01907 1.62215 146071 0 1.85481 0.22553 0
40.0545 27.7503 2.30731 0.824297 0.811 1.7418 150119 0 1.57731 0.224971 1
33.4542 56.8422 2.64162 1.97414 4.44042 1.64421 192686 0 -1.50808 0.223852 0
71.4854 27.2889 2.01702 2.25801 5.24686 1.93153 149749 0 -1.71211 0.221982 0
53.1872 6.77026 1.81636 0.937633 1.01357 1.79 119740 0 1.24523 0.221942 1
-55.7997 24.2527 0.547371 0.796285 0.857101 1.70939 144671 0 1.96896 0.220092 1
20.2387 45.6253 1.51448 2.30332 5.56481 1.81907 176265 0 -1.25698 0.219758 0
-57.9449 -7.92567 0.694685 0.780149 0.789678 1.74792 97864 0 -1.53685 0.219563 1
33.1081 37.5402 2.08911 2.02335 4.55116 1.61097 164605 0 -1.61634 0.21944 0
27.4163 -6.79012 1.65317 0.887298 1.14529 1.71266 99535 0 -1.64878 0.219117 1
34.0601 22.3211 1.98302 1.94429 4.48971 1.49319 142144 0 -1.58841 0.218487 0
15.2334 8.34793 0.845003 0.819764 0.956209 1.52283 121961 0 -2.03711 0.217079 1
18.6792 47.5605 1.4428 1.94335 4.42029 1.56795 179068 0 -2.79838 0.216925 0
-57.0914 22.189 0.517083 2.09488 4.72845 1.63829 141859 0 1.81789 0.216776 0
56.3962 4.7152 1.90064 0.80381 0.804692 1.80889 116474 0 -1.4171 0.216738 1
33.1347 37.0177 2.07164 2.03109 4.57101 1.60763 163669 0 -1.63245 0.216173 0
-48.6059 45.3632 0.552355 0.840922 0.90238 1.7347 175582 0 2.18184 0.215238 1
56.0617 5.61416 2.00115 0.7879 0.816799 1.80413 117877 0 -1.73058 0.2148 1
-57.7167 25.1401 0.666427 2.05442 4.71191 1.76594 146069 0 1.8407 0.214745 0
33.7503 57.7125 2.83803 2.18157 4.9391 1.81476 194091 0 -1.55753 0.214611 0
56.4869 5.21385 1.86 0.747169 0.775261 1.74485 117410 0 -1.7195 0.214481 1
32.1895 37.5265 2.00511 2.05176 4.65545 1.57571 164602 0 -1.75745 0.214326 0
-56.7699 21.6899 0.458256 1.90683 4.33818 1.56199 140924 0 1.77571 0.213314 0
-29.7068 -5.64854 1.08659 0.953915 1.212 1.79527 101229 0 1.64201 0.213186 1
4.02496 37.1548 1.28674 2.10233 5.06837 1.51898 164046 0 1.9115 0.212881 0
-15.4718 53.0007 1.40435 2.10491 4.72874 1.54721 186917 0 -1.24573 0.212215 0
33.4272 55.1766 2.53091 2.00722 4.40812 1.62959 190346 0 -1.57666 0.211809 0
18.7961 42.4732 1.48285 1.9594 4.37469 1.68986 171580 0 -1.25475 0.210506 0
21.2803 70.476 1.95908 2.12184 4.74375 1.78967 212772 0 1.49781 0.210495 0
21.5254 73.4078 2.11348 2.43944 5.83933 2.04142 216985 0 1.5421 0.208924 0
-30.1398 -5.63743 1.09504 0.956606 1.86829 1.79646 101227 0 1.65333 0.208576 2
41.0762 25.4507 2.2051 2.02105 4.64565 1.61618 146846 0 1.53312 0.208222 0
-50.4132 -4.98901 0.531171 1.95601 4.23927 1.55327 102100 0 0.0701177 0.207589 0
-58.1275 33.7914 0.37949 2.01653 4.37705 1.6897 158704 0 -1.33801 0.207078 0
-53.1844 -4.56366 0.801319 0.851388 0.943339 1.85077 102559 0 1.23474 0.206802 1
-34.383 -7.00126 1.15696 0.789189 0.873755 1.47324 99342 0 -0.0571054 0.206568 1
1.38988 47.17 1.60504 1.98876 4.57833 1.61104 178546 0 -1.32528 0.20603 0
26.3089 -6.84789 1.60075 0.92433 1.29535 1.63891 99532 0 -1.62228 0.205952 1
33.1293 54.9289 2.49434 1.96928 4.30094 1.58404 189877 0 -1.57043 0.204866 0
0.0796356 18.6582 1.04165 0.733789 0.728608 1.59778 136890 0 -0.0331137 0.204582 1
-57.9514 -8.07794 0.679103 0.804591 0.840092 1.72899 97396 0 -1.60927 0.203894 1
-4.62285 29.1504 1.25705 2.31055 5.28315 1.62647 152319 0 -1.36068 0.203714 0
-30.67 -7.20557 1.04554 0.847635 0.92084 1.63838 98886 0 1.06419 0.202789 1
5.61946 42.1979 1.38883 1.89047 4.33263 1.49428 171071 0 1.7194 0.199945 0
34.081 37.5434 2.18102 2.07064 4.58899 1.70779 164608 0 -1.63889 0.199359 0
-14.8722 40.4716 0.876063 2.03899 4.58184 1.55247 168667 0 1.92479 0.199132 0
34.3239 34.6881 2.23634 2.2939 5.29065 1.87851 160397 0 -1.62084 0.198313 0
70.6294 26.7659 1.93862 1.81307 3.79565 1.66883 148810 0 -1.60132 0.198075 0
-57.5832 -7.91845 0.684892 0.787935 0.798843 1.7402 97866 0 -1.58098 0.198041 1
-44.058 22.8637 0.739667 2.06336 4.6091 1.85156 142836 0 -1.20405 0.197828 0
-34.3611 -7.408 1.17257 0.773459 0.817548 1.50595 98406 0 0.0914001 0.197393 1
56.2687 4.71093 1.88023 0.788985 0.807881 1.79454 116473 0 -1.3069 0.196163 1
-38.5119 -0.190529 0.828874 2.25843 4.85651 1.68254 109157 0 -1.61434 0.196051 0
-53.1807 -4.4059 0.804618 0.849912 0.901551 1.87213 103027 0 1.5127 0.195834 1
7.43763 48.2572 1.61358 1.70806 3.75596 1.60603 179969 0 1.79424 0.19571 0
72.4234 4.7491 1.86152 0.874324 1.19126 1.80736 116524 0 1.25829 0.19533 1
20.7162 70.1968 1.90039 2.04885 4.41831 1.69976 212302 0 1.56044 0.194933 0
21.5787 69.6842 1.89291 2.12299 4.77504 1.76435 211369 0 1.59699 0.193958 0
20.9622 73.6809 2.10284 2.31058 5.25504 1.8907 217451 0 1.42567 0.193223 0
-44.6065 5.46256 0.661751 0.898202 1.00538 1.66092 117562 0 1.67206 0.190497 1
-74.8912 -1.45504 0.158313 2.02608 4.51969 1.58977 107172 0 -1.43356 0.190243 0
33.4503 34.185 2.24717 1.83196 4.04088 1.55643 159458 0 -1.4822 0.189649 0
0.554756 35.0708 1.37221 0.699256 0.694781 1.53186 160759 0 0.44738 0.189647 1
34.1031 25.2012 2.11103 1.97388 4.3798 1.59456 146356 0 -1.51305 0.188897 0
34.9581 25.7842 2.20438 2.14523 4.95155 1.70289 147295 0 -1.59536 0.188062 0
26.085 -6.70617 1.61401 0.961291 1.13411 1.58373 99999 0 -1.60341 0.187723 1
40.782 28.302 2.4902 2.0713 4.666 1.72771 151057 0 1.64675 0.187603 0
16.887 34.467 1.44521 1.9501 4.41309 1.53221 159874 0 -1.33359 0.186777 0
-74.899 -0.825424 0.250412 2.06913 4.62954 1.6247 108108 0 -1.46995 0.186298 0
15.2272 7.99222 0.802207 0.773141 0.80754 1.60886 121025 0 -1.92554 0.186067 1
-30.8245 -6.99401 1.08927 0.867054 0.921822 1.62712 99353 0 -0.757537 0.185352 1
-59.3315 34.3364 0.396353 2.25837 5.24535 1.87193 159636 0 -1.2575 0.184971 0
-15.8447 40.7951 0.881733 2.02928 4.49604 1.58181 169132 0 1.91985 0.18458 0
-49.6422 -12.031 0.716964 0.84856 0.933769 1.69377 91806 0 -2.32852 0.184451 1
-3.28111 33.8459 1.22482 1.88493 4.33524 1.37323 158875 0 -1.32418 0.184347 0
-7.1356 64.3816 1.61286 2.33873 5.84735 1.78487 203791 0 -1.40134 0.184328 0
56.2788 4.91346 1.92384 0.815637 0.83244 1.81492 116941 0 -1.71118 0.184106 1
18.393 39.6418 1.73227 2.07704 4.83046 1.79612 167367 0 -1.18219 0.184 0
19.9255 46.142 1.46843 2.1311 4.98129 1.66241 177200 0 -1.34202 0.183634 0
41.4462 28.028 2.54573 1.98293 4.35889 1.69089 150591 0 1.64267 0.18357 0
0.707939 20.4342 1.09862 1.69847 3.64316 1.462 139232 0 1.73767 0.182702 0
-16.1447 40.4969 0.926819 2.06966 4.61879 1.6128 168663 0 1.82215 0.181513 0
-2.08053 48.4745 1.86055 2.01915 4.57709 1.60946 180407 0 0.0389289 0.181174 0
4.55056 36.4403 1.27831 1.69041 3.74962 1.39291 162644 0 1.83065 0.181061 0
45.6368 2.7616 1.95722 0.768219 0.896169 1.39777 113632 0 2.28974 0.180645 1
11.7925 15.9383 1.10493 1.76559 3.85867 1.45529 132714 0 -1.37916 0.179702 0
55.8016 6.33929 1.77497 0.762141 0.750358 1.65979 118812 0 -1.65 0.179528 1
32.5305 34.4169 2.17171 2.04853 4.52526 1.59228 159923 0 -1.60005 0.179195 0
15.2149 10.7392 1.55397 0.790856 0.839796 1.70738 125237 0 -1.52407 0.17901 1
56.0616 6.52493 1.74994 0.803569 0.801704 1.64807 119281 0 -0.488619 0.178944 1
32.8272 57.099 2.53072 1.95905 4.27219 1.55801 193152 0 -1.49901 0.178214 0
-49.0256 44.2864 0.582641 0.878654 1.0077 1.76996 174176 0 -1.07652 0.177852 1
-36.204 -7.2439 1.11372 0.742387 0.785417 1.48897 98868 0 -0.215334 0.177772 1
33.7897 34.937 2.26905 2.09977 4.57521 1.71723 160863 0 -1.7482 0.177716 0
0.119209 18.4754 1.01791 0.753939 0.749001 1.53893 136422 0 0.266342 0.176937 1
-48.5987 45.5013 0.580303 0.850967 0.889508 1.74684 176050 0 2.1174 0.176242 1
-55.9038 21.8943 0.473139 1.93104 4.34445 1.54894 141395 0 1.83008 0.176229 0
6.12524 42.4383 1.39032 1.72809 3.71744 1.41618 171541 0 1.83128 0.176075 0
-57.5769 -8.07289 0.656093 0.787977 0.813345 1.71071 97398 0 -1.53672 0.17522 1
-73.4674 -2.07744 0.239515 1.92288 4.28818 1.5113 106240 0 -1.45081 0.17488 0
-44.5954 5.09466 0.688437 0.910968 0.954867 1.67247 116626 0 2.1942 0.17461 1
41.7409 28.2892 2.59325 2.06274 4.60122 1.71333 151060 0 1.58403 0.173433 0
-58.1573 16.5851 0.317275 1.65509 3.43085 1.39756 133432 0 1.87808 0.173261 0
-58.4477 34.3213 0.4076 2.02969 4.50518 1.71236 159639 0 -1.33094 0.17304 0
-36.061 -7.40833 1.11862 0.753082 0.76696 1.52413 98401 0 -0.539267 0.17268 1
-50.7152 -5.23389 0.547914 2.04809 4.5649 1.65297 101631 0 0.0793345 0.17241 0
33.1716 22.83 2.0032 2.02901 4.62702 1.5992 143077 0 -1.51657 0.170108 0
28.9274 -9.16332 2.16366 0.875117 0.810584 1.81602 96264 0 2.99318 0.16988 1
-55.6236 24.4431 0.5845 0.8408 0.966424 1.72028 145140 0 1.79608 0.168702 1
19.7072 45.3702 1.3716 2.0444 4.79437 1.60155 175795 0 -1.21555 0.168569 0
20.6656 66.8361 1.76974 1.98816 4.58701 1.63761 207154 0 1.59462 0.168261 0
21.8332 70.1927 1.92824 2.27811 5.22957 1.92839 212306 0 1.53275 0.168246 0
-0.470566 46.8711 1.72481 2.05608 4.47419 1.69897 178072 0 -1.41422 0.168228 0
32.1709 37.0237 2.02786 1.96513 4.42379 1.5386 163666 0 2.14406 0.168102 0
71.8006 22.6887 1.61444 2.07679 4.85419 1.65669 142730 0 1.60896 0.167885 0
40.0865 27.9505 2.32292 0.935431 1.12321 1.76753 150587 0 1.58579 0.167817 1
62.1259 4.92233 1.73342 0.826433 0.918402 1.68479 116960 0 -0.681934 0.16767 1
-15.5313 41.1062 0.924421 2.02404 4.4662 1.56279 169601 0 2.06998 0.167401 0
5.8384 42.9293 1.3849 2.0752 4.72309 1.54621 172476 0 1.67203 0.167147 0
55.4948 6.78875 1.77849 0.852916 0.892746 1.68796 119747 0 -1.80518 0.166435 1
-13.932 40.162 0.932013 1.97632 4.48196 1.50358 168202 0 1.9319 0.16627 0
33.4799 25.4725 2.04671 1.90048 4.24869 1.55038 146822 0 -1.5633 0.165339 0
2.09609 31.2045 1.27751 2.03343 4.73338 1.57031 155148 0 2.24493 0.161979 0
27.5992 -6.81293 1.71964 0.920116 1.0947 1.74394 99536 0 -1.63341 0.161954 1
-59.2946 33.827 0.405147 2.20509 5.06328 1.79509 158700 0 -1.30043 0.161946 0
-1.40255 41.7057 1.55302 1.90383 4.26438 1.51526 170581 0 -1.31158 0.16176 0
-14.0023 53.9027 1.36926 2.08022 4.62626 1.56909 188326 0 0.129678 0.161498 0
-66.4538 9.02782 1.82465 0.847274 1.50514 1.87675 122642 0 -1.68775 0.161176 2
-6.17825 23.8192 1.08751 2.04608 4.75616 1.48218 144358 0 -1.51597 0.16101 0
40.158 25.994 2.31664 2.04857 4.54619 1.6378 147779 0 1.54132 0.160574 0
-5.88108 20.1367 1.03152 1.82354 3.94892 1.38714 138743 0 -1.35739 0.160306 0
-49.0639 44.5694 0.635224 0.856855 1.53801 1.79987 174644 0 -0.682963 0.160123 2
-57.7221 26.0061 0.696117 2.26351 5.42532 1.96686 147473 0 1.92551 0.159627 0
19.6169 42.4726 1.5278 2.24138 5.18774 1.8284 171583 0 -1.26979 0.159588 0
56.7618 6.11774 1.78291 0.793589 0.796883 1.57652 118815 0 2.18597 0.159395 1
-45.2332 22.9116 0.763716 2.3255 5.41996 2.01383 142832 0 -1.23153 0.158973 0
10.6627 10.9124 0.85013 2.09517 5.03954 1.50598 125691 0 -2.3588 0.158546 0
34.3449 57.4166 2.95213 2.3264 5.3181 1.95331 193625 0 -1.54409 0.157457 0
33.7683 23.0883 2.02582 2.10499 4.74279 1.61258 143547 0 -1.52052 0.15621 0
71.835 20.5143 1.8671 2.1862 5.01763 1.93167 139922 0 -1.65305 0.155842 0
-49.5161 -12.2066 0.756806 0.822088 0.922702 1.66933 91339 0 -2.90259 0.155759 1
34.3573 56.8172 2.9181 2.23827 5.11594 1.89556 192689 0 -1.54479 0.154991 0
33.4615 51.7769 2.29398 1.85665 4.21546 1.53963 185198 0 -1.41856 0.154856 0
15.9514 32.1446 1.73467 1.85078 3.92762 1.73134 156595 0 -1.37438 0.154689 0
3.57424 33.8051 1.17105 1.63722 3.58228 1.36969 158897 0 -1.33064 0.154681 0
17.4242 34.1966 1.48281 2.11936 4.83577 1.62877 159408 0 -1.34651 0.154651 0
15.9587 9.1934 1.09958 0.619829 0.638039 1.25594 122899 0 0.0054957 0.154316 1
-9.67406 57.0675 1.56415 2.33113 5.82666 1.85583 193019 0 1.42828 0.154144 0
55.8019 6.77925 1.77124 0.824049 0.847362 1.67179 119748 0 -1.64873 0.153812 1
-3.91885 31.293 1.25828 1.9727 4.46716 1.42583 155129 0 -1.36163 0.153306 0
39.8539 28.3069 2.31116 2.08128 4.80436 1.72758 151054 0 1.68859 0.153283 0
32.556 35.7069 2.19491 1.96972 4.04893 1.5485 161795 0 3.08833 0.152812 0
31.845 37.018 2.06308 1.99003 4.50253 1.59595 163665 0 -1.63422 0.152699 0
-1.71339 41.1477 1.3033 1.83219 4.11172 1.43905 169644 0 -1.35404 0.152694 0
59.3969 13.0549 1.79947 0.961678 1.03431 1.7717 128651 0 -1.73149 0.152589 1
-74.3705 -2.31388 0.227161 2.0322 4.42209 1.58299 105769 0 -1.49209 0.152119 0
33.1486 26.3657 1.99695 1.97194 4.44147 1.60726 148225 0 -1.5503 0.151538 0
26.0659 -7.06555 1.66707 0.915887 1.24724 1.55326 99063 0 -1.64562 0.150351 1
32.8319 36.273 2.11377 2.13535 4.74479 1.64603 162732 0 -2.71496 0.150308 0
-0.390213 18.6788 1.01093 0.814409 0.958708 1.53757 136888 0 0.73944 0.149056 1
10.9568 10.6777 0.799165 2.01557 4.88376 1.52884 125224 0 -1.69007 0.148919 0
2.38538 30.9185 1.29342 2.02033 4.60479 1.57763 154681 0 1.84677 0.148608 0
31.552 37.2633 2.03656 2.05289 4.70565 1.63183 164132 0 -1.62009 0.148593 0
-1.40868 40.8807 1.34065 1.73042 3.83273 1.40708 169177 0 -1.29912 0.148473 0
-44.8411 5.29959 0.646071 0.908701 1.15743 1.68666 117093 0 1.57365 0.148426 1
-2.38452 48.2112 1.8603 1.9665 4.34044 1.53573 179938 0 -0.0361531 0.148219 0
-0.0696945 16.6998 1.08325 0.784497 0.801599 1.52693 134081 0 -2.33657 0.147707 1
33.4482 58.0373 2.88905 2.13612 4.77142 1.74475 194558 0 -1.54804 0.147528 0
0.833794 34.0493 1.41811 0.693927 0.695293 1.64284 159356 0 -1.61386 0.147495 1
33.7636 56.5307 2.71727 2.13102 4.82867 1.79843 192219 0 -1.47931 0.14706 0
11.7974 18.9875 1.14371 1.77928 3.58559 1.52728 137394 0 -1.36362 0.145961 0
33.1726 25.795 2.00122 1.90655 4.3755 1.55524 147289 0 -1.52709 0.14585 0
0.69445 35.0537 1.35258 0.666962 0.656293 1.54527 160760 0 -0.584983 0.145447 1
-48.88 44.1081 0.584506 0.845946 0.908994 1.75356 173709 0 -1.03188 0.145267 1
-14.5837 40.7454 0.969747 2.0414 4.5933 1.56258 169136 0 1.99494 0.144981 0
-66.4764 8.89086 1.85036 0.804833 1.34312 1.84724 122174 0 -1.72841 0.144956 2
-34.1689 -6.99308 1.15431 0.807166 1.01362 1.43677 99343 0 -0.0303715 0.144929 1
-18.3261 32.7479 1.26614 2.17719 4.95304 1.75717 157424 0 1.82016 0.144392 0
-14.5344 54.1653 1.37869 2.22547 5.21513 1.64782 188792 0 -0.232437 0.143694 0
55.8735 5.83035 1.97214 0.811135 0.799144 1.78871 118344 0 -1.84489 0.143691 1
-44.9414 23.4434 0.83486 2.34135 5.39161 1.99304 143769 0 -1.18902 0.14363 0
-63.1051 23.7559 0.26564 2.26333 5.36362 1.71261 144180 0 -1.32341 0.143471 0
39.5398 25.1939 2.25204 1.93007 4.30194 1.56057 146373 0 1.57341 0.143289 0
-57.7947 34.0472 0.349881 2.05275 4.45146 1.66761 159173 0 -1.38847 0.143062 0
-30.8319 -7.41115 1.10579 0.833076 0.883525 1.5855 98417 0 0.319046 0.142758 1
-29.9069 -5.40079 1.09785 0.944082 1.46554 1.80098 101696 0 1.68726 0.142688 1
55.8854 5.38585 1.97557 0.786916 0.786298 1.77944 117408 0 -1.65579 0.141901 1
-32.5381 -7.209 1.1861 0.806918 0.858337 1.4167 98880 0 -0.281033 0.141665 1
-1.68399 38.98 1.58475 1.70605 3.87261 1.43814 166368 0 -1.31586 0.14165 0
-49.0641 44.0647 0.652195 0.898463 1.13719 1.78403 173708 0 -1.12735 0.14116 1
-3.05457 34.2715 1.21566 2.00322 4.62319 1.42429 159812 0 -1.2954 0.140768 0
39.5106 28.6174 2.38583 2.02653 4.58664 1.68082 151521 0 1.65606 0.14063 0
-20.2755 22.2224 0.953707 2.14702 4.82512 1.72205 141974 0 1.72504 0.140562 0
-48.1485 12.093 0.643622 2.03039 4.66845 1.7957 126911 0 1.57063 0.140533 0
-73.4827 -1.77795 0.165278 1.92708 4.05884 1.51991 106708 0 -1.4456 0.140298 0
-53.5755 40.1532 0.805778 2.04862 4.63649 1.63045 168078 0 -1.04667 0.139893 0
-58.4171 33.5356 0.411672 2.08056 4.60776 1.72464 158235 0 -1.22115 0.139888 0
-55.1766 -4.31145 0.652142 2.12639 4.74008 1.76568 103021 0 1.66339 0.139769 0
58.454 6.56062 1.88552 0.764087 0.713478 1.72291 119288 0 0.768335 0.138683 1
70.6244 27.2954 1.97968 1.7017 3.6142 1.5838 149746 0 -1.71317 0.138393 0
-74.4167 -1.10824 0.102186 1.99949 4.40969 1.59998 107641 0 -1.43595 0.137549 0
38.5561 28.6456 2.44764 1.97956 4.47693 1.62318 151518 0 1.63674 0.136784 0
-3.94488 31.7235 1.32428 2.037 4.55889 1.46414 156065 0 -1.32527 0.136617 0
-57.1468 24.8499 0.615012 1.84777 4.07689 1.59546 145603 0 1.82328 0.136553 0
-60.3473 34.7135 0.626876 2.05276 4.47134 1.76647 160101 0 -1.19144 0.136231 0
-74.0917 -1.47756 0.0781828 1.92388 4.28853 1.54953 107174 0 -1.41733 0.136068 0
19.6192 43.2906 1.38421 2.09258 4.74367 1.66873 172987 0 -1.33912 0.135888 0
61.3931 4.83697 1.90316 0.986229 1.17544 1.8704 116957 0 -0.657845 0.135822 1
-15.1829 40.2222 0.800772 2.04647 4.5831 1.58828 168198 0 1.84509 0.135155 0
41.3984 25.7247 2.2605 2.12076 4.82185 1.66841 147315 0 1.54896 0.135126 0
56.5998 5.94147 1.80697 0.802904 0.833669 1.62877 118346 0 -2.04747 0.135076 1
55.2417 6.80564 1.72322 0.859939 0.900938 1.68701 119746 0 -1.84596 0.134696 1
-53.0709 -8.52423 0.587294 0.965053 1.01008 1.81037 96944 0 -0.124861 0.13439 1
72.4203 5.16751 1.80832 0.865169 1.25495 1.84653 117460 0 1.73729 0.134335 2
-53.293 40.4769 0.724934 1.98918 4.43358 1.57392 168547 0 -0.804746 0.134101 0
-48.2133 12.8608 0.633485 2.05135 4.50244 1.7851 128315 0 1.82687 0.133764 0
40.4716 28.5648 2.53249 2.04271 4.69956 1.73601 151524 0 1.63016 0.133389 0
38.9556 22.8088 2.09095 2.01378 4.53434 1.60008 143095 0 1.55935 0.133164 0
14.7699 24.3542 1.54604 2.29798 5.47275 1.84527 145360 0 -1.46502 0.131868 0
21.9365 29.7078 1.91811 1.94579 4.24808 1.51571 152870 0 1.69568 0.131667 0
21.6327 31.1263 1.7726 1.95086 4.41819 1.46893 155209 0 1.76592 0.131651 0
-34.5999 -7.20218 1.17856 0.798404 0.896719 1.49566 98873 0 -0.0602296 0.131638 1
33.7624 55.4882 2.65193 2.01876 4.50797 1.70924 190815 0 -1.55606 0.131617 0
33.1462 56.5338 2.50766 1.93662 4.32461 1.59988 192217 0 -1.44215 0.131571 0
-49.4689 43.6531 0.654281 0.856739 0.939307 1.75207 173239 0 -1.24132 0.131568 1
56.7304 5.22363 1.84005 0.730508 0.75823 1.66117 117411 0 -1.73031 0.131531 1
41.7583 27.7304 2.5649 2.01768 4.4521 1.70272 150124 0 1.63628 0.131475 0
-33.65 -4.58936 0.85866 0.697125 0.715729 1.18033 102620 0 1.94154 0.13145 1
40.7484 22.62 2.06012 1.93433 4.45652 1.57635 142633 0 1.55681 0.130751 0
-63.5223 19.965 0.378394 2.01883 4.53804 1.52399 138563 0 -1.26318 0.130378 0
61.5648 4.44788 1.86291 0.970997 1.43225 1.85536 116022 0 0.287812 0.130294 1
38.8814 28.3585 2.40531 2.03874 4.65673 1.65971 151051 0 1.59832 0.130125 0
-0.572365 38.903 1.51152 2.04214 4.85843 1.56008 166372 0 -1.2807 0.130107 0
41.4365 28.5933 2.59926 1.98221 4.39045 1.6752 151527 0 1.55452 0.129918 0
34.0228 34.1822 2.23217 2.15244 4.97088 1.7587 159460 0 -1.48953 0.129831 0
3.2675 34.2895 1.21179 2.04702 4.69145 1.50944 159832 0 -1.2756 0.129687 0
-1.78079 48.2272 1.85729 1.97444 4.33352 1.55261 179940 0 -2.78171 0.129621 0
-63.8127 19.6683 0.396206 2.01318 4.56351 1.53677 138094 0 -1.26685 0.128591 0
15.0167 8.16434 0.865437 0.791924 1.02156 1.6427 121492 0 -1.8632 0.128506 1
-56.5148 25.4045 0.663387 2.01864 4.53052 1.66707 146541 0 1.92667 0.128331 0
34.3819 36.7229 2.22262 2.10542 4.61427 1.73997 163205 0 -1.43343 0.128296 0
71.1776 27.6081 1.97663 2.09802 4.80051 1.81306 150216 0 -1.75344 0.128235 0
-49.4864 -11.7781 0.747008 0.862815 0.956117 1.7493 92275 0 -2.18898 0.127896 1
40.5715 17.78 2.16099 0.816717 0.881097 1.66166 135612 0 -1.65286 0.127533 1
-62.0248 23.5092 0.214464 1.69421 3.525 1.4063 143716 0 -1.12831 0.127391 0
56.7941 28.9669 3.03721 2.14684 4.88342 1.8958 152043 0 -1.63514 0.127302 0
-36.7311 -0.176682 0.760712 2.15562 4.66667 1.60636 109163 0 -1.63004 0.126857 0
2.07629 31.4677 1.25507 1.98662 4.60676 1.5491 155616 0 -1.5413 0.126561 0
16.0929 9.17499 1.36726 0.767029 0.82714 1.69922 122900 0 -1.2232 0.12655 1
-34.1784 -7.41658 1.18576 0.806243 0.902689 1.51097 98407 0 0.0288029 0.12645 1
-60.876 -10.3357 0.718137 0.751776 0.861121 1.6726 94111 0 -2.95497 0.126262 1
-8.77724 62.1231 1.48996 2.12586 4.91454 1.55216 200510 0 -1.51772 0.125944 0
-49.6634 -12.2343 0.785557 0.838819 1.00585 1.68431 91338 0 -2.75032 0.125789 1
40.1734 24.8648 2.23905 1.92999 4.34381 1.54449 145907 0 1.542 0.12562 0
-14.5076 43.6354 1.45905 2.28283 5.41122 1.79222 173348 0 2.25065 0.125289 0
-13.3167 43.0455 1.29413 1.96783 4.44911 1.60283 172416 0 2.48175 0.125196 0
-13.3142 43.9393 1.42039 2.06708 4.69221 1.62719 173820 0 2.78822 0.125111 0
-53.9066 24.4932 0.663859 2.1047 4.77158 1.7619 145145 0 -1.31258 0.125056 0
-14.4992 42.7593 1.42266 2.16538 4.90445 1.72819 171944 0 1.85206 0.12459 0
-35.6605 29.8918 0.332258 2.05831 4.6927 1.66147 153158 0 -1.23937 0.124297 0
-60.8782 -10.1756 0.770742 0.7528 0.768551 1.70002 94579 0 -3.11147 0.12423 1
32.5165 56.8317 2.41763 1.8845 4.14636 1.54407 192683 0 -1.5162 0.123863 0
44.3727 3.30718 1.85774 0.817896 0.936141 1.22686 114564 0 3.09926 0.123833 1
-51.0043 -5.0006 0.510143 1.99333 4.37294 1.61521 102098 0 0.118674 0.123622 0
-44.7797 -4.74696 0.934181 1.72449 3.81179 1.60877 102586 0 0.0115137 0.12356 0
-2.67545 48.449 1.85543 2.03399 4.65056 1.62331 180405 0 -0.0557303 0.123348 0
56.7375 5.04183 1.88066 0.762751 0.761354 1.70508 116943 0 -1.61485 0.122487 1
-55.5407 24.7582 0.663846 1.21253 2.19064 1.69095 145608 0 1.79813 0.122453 0
59.6167 13.0197 1.75019 0.937804 1.05571 1.73465 128652 0 -1.65863 0.122331 1
-56.8551 26.037 0.673802 2.0324 4.4768 1.72874 147476 0 2.08342 0.122242 0
-13.9253 41.4617 1.26633 2.04787 4.50217 1.57276 170074 0 0.815635 0.121874 0
18.7702 43.2786 1.38331 1.82318 4.0735 1.53214 172984 0 -1.30877 0.121856 0
-55.8496 25.1048 0.628756 1.94452 4.54022 1.64441 146075 0 1.91243 0.120793 0
-50.1454 -5.24187 0.607663 2.01005 4.40257 1.6232 101633 0 0.0522887 0.119857 0
59.3613 24.1859 2.04498 2.09126 4.69096 1.67925 145031 0 1.53088 0.119137 0
-0.143616 47.1578 1.72702 2.14942 4.70671 1.69252 178541 0 -1.42763 0.118961 0
-43.9939 22.3082 0.686964 2.02008 4.63858 1.85081 141900 0 -1.21817 0.118741 0
-49.023 12.3704 0.550195 2.19713 5.07024 1.75637 127376 0 1.62295 0.118708 0
22.2068 31.1324 1.90355 1.98024 4.4774 1.49588 155211 0 1.75109 0.118625 0
-62.5636 24.059 0.172804 2.16562 4.88597 1.58584 144650 0 -1.11671 0.118394 0
-55.2165 24.8091 0.655831 1.78962 4.24494 1.62789 145609 0 -0.349945 0.118233 0
55.6249 5.61478 1.92047 0.815739 0.82576 1.80244 117875 0 -1.62827 0.118002 1
-41.7628 25.1239 0.486492 2.03928 4.4546 1.60927 146119 0 -1.22698 0.117671 0
-57.7643 -7.61353 0.687243 0.796743 0.858748 1.774 98333 0 -1.57446 0.117484 1
-45.0229 11.9444 0.554469 2.00576 4.24653 1.63093 126921 0 -1.35682 0.117205 0
-2.11322 46.4619 1.5319 0.770922 0.766926 1.52827 177599 0 -0.69706 0.117095 1
