-23.1585 11.3646 0.820499 2.28738 5.10137 1.8601 126053 0 -1.34149 0.961181 0
5.3484 -5.19618 0.854214 2.28585 5.11619 1.8773 101806 0 -0.0306074 0.939116 0
21.2734 18.965 1.8036 2.25337 5.02159 1.846 137424 0 1.61098 0.924423 0
-14.9594 -3.37928 1.00037 2.26643 5.30115 1.98097 104551 0 2.15813 0.920925 0
-7.46619 12.6912 0.85772 2.10442 4.93226 1.50526 127974 0 -1.39278 0.917966 0
-8.26833 9.97593 1.0305 2.22134 4.9313 1.88396 124228 0 -1.36152 0.917346 0
21.3427 21.5687 1.78547 2.19698 4.779 1.79508 141168 0 1.68372 0.913226 0
6.99596 4.30325 0.817324 2.05418 4.57176 1.49266 115851 0 1.45894 0.911114 0
-7.27875 15.2782 1.16042 2.40363 5.69151 1.91426 131719 0 -1.3853 0.908098 0
12.6954 21.5809 1.40774 2.15019 5.25521 1.69306 141141 0 1.77205 0.908047 0
-2.7318 -5.49618 0.729091 2.16413 5.07244 1.57896 101313 0 -0.0400548 0.905313 0
-0.207657 23.284 1.22455 1.94291 4.48338 1.7431 143441 0 1.76525 0.901216 0
20.944 15.4004 1.78043 2.05116 4.63612 1.68064 132275 0 1.55272 0.899268 0
-42.6395 -5.29339 0.911821 1.99514 4.44237 1.50283 101656 0 0.0277125 0.895468 0
-1.54005 15.2195 0.921299 1.96264 4.5296 1.43933 131737 0 -1.32781 0.887872 0
38.4799 19.6108 2.19455 2.05029 4.64734 1.79365 138414 0 1.53303 0.885711 0
-1.99749 11.6642 0.978031 1.90736 4.26638 1.57745 126587 0 1.78832 0.87987 0
1.44741 28.5898 1.34233 2.17414 5.08343 1.85359 151402 0 1.80995 0.879674 0
-27.1159 15.2666 0.776339 2.16464 4.60587 1.83208 131657 0 -1.30852 0.878495 0
-21.7097 16.3822 0.714892 1.97828 4.2412 1.521 133546 0 1.8595 0.874462 0
13.9319 24.1109 1.54114 2.05694 4.67622 1.75906 144889 0 -1.42823 0.873683 0
20.9855 27.2459 1.89396 2.25086 5.05874 1.84879 149591 0 1.65621 0.871987 0
-0.193573 -5.70097 0.7137 2.0148 4.44959 1.54842 101321 0 -0.0377943 0.870322 0
-1.08995 17.8134 0.962575 1.97933 4.70202 1.4867 135482 0 1.80862 0.861746 0
50.8016 22.0482 1.96798 2.09801 4.81144 1.85295 141728 0 -1.60984 0.850074 0
16.1169 32.1043 1.72154 2.15527 5.05746 1.90915 156596 0 -1.34925 0.849706 0
33.5029 19.5585 1.89282 2.0027 4.44647 1.59476 138398 0 -1.53074 0.848891 0
15.2033 29.3125 1.38702 2.00721 4.66271 1.52479 152381 0 -1.39773 0.843933 0
-6.82786 18.0729 0.932191 2.0731 4.92404 1.45686 135932 0 -1.31695 0.8355 0
6.50608 45.5379 1.22552 1.98074 4.59521 1.47423 176222 0 1.80702 0.833161 0
21.287 24.2816 1.6266 2.02777 4.7189 1.49981 144912 0 1.69064 0.830774 0
71.468 22.8951 1.57 2.0479 4.665 1.56153 143197 0 1.58932 0.830538 0
21.0048 64.1809 1.60341 2.06886 4.86179 1.53175 203411 0 1.58832 0.829836 0
-6.24352 20.3914 1.00997 1.96947 4.52934 1.43293 139210 0 -1.3535 0.828104 0
71.4639 19.9798 1.92879 2.10755 4.71809 1.87451 138985 0 -1.56652 0.828097 0
-0.110397 20.63 1.02864 1.97899 4.72699 1.44972 139697 0 1.75996 0.82623 0
-39.9192 16.2257 0.706817 2.24963 5.12756 1.98258 133021 0 -1.29966 0.824434 0
2.42565 -5.82555 0.695807 2.08641 4.52137 1.52975 100861 0 -0.0105774 0.823504 0
-0.221977 16.4429 1.06728 0.803646 0.787363 1.65761 133613 0 -1.80598 0.821481 1
-4.90607 26.1685 1.04135 2.01182 4.61849 1.41734 147638 0 -1.32769 0.819572 0
11.7098 15.942 1.1071 1.93449 4.43681 1.45361 132714 0 -1.37322 0.814617 0
-37.8863 24.2356 0.782822 2.53672 6.19772 2.14431 144727 0 -1.25012 0.810805 0
10.663 13.3904 1.04259 2.05524 4.89573 1.49498 128967 0 -1.37099 0.807451 0
11.9397 18.9442 1.11168 2.00472 4.65398 1.50529 137395 0 -1.3665 0.807034 0
-45.0512 5.32883 0.624579 0.850548 0.916524 1.75933 117093 0 1.68483 0.801878 1
-33.7971 -4.09233 0.984653 0.932993 0.916792 1.65654 103556 0 1.55516 0.799523 1
-28.2498 9.50098 0.6039 2.06762 4.47889 1.57627 123229 0 1.86253 0.797585 0
-60.0133 14.2196 0.392774 1.89419 4.15088 1.5297 130150 0 1.93272 0.796843 0
-28.3713 -0.162315 0.734614 2.08073 4.5246 1.49426 109189 0 -1.57573 0.793333 0
10.1512 10.7234 0.922922 1.90813 4.48205 1.41499 125221 0 -1.40017 0.790465 0
0.834969 25.832 1.11887 2.01392 4.75628 1.47307 147188 0 1.7533 0.779172 0
6.57528 48.4441 1.54362 2.03769 4.71 1.77537 180434 0 1.81719 0.778399 0
-21.3108 19.2331 0.85814 2.18843 4.70395 1.80518 137759 0 -1.26861 0.776517 0
17.4291 37.3072 1.38182 2.11883 4.98195 1.57978 164088 0 -1.28494 0.776301 0
20.3728 67.1029 1.72344 2.06438 4.74265 1.61096 207621 0 1.55103 0.771457 0
-4.38163 28.8772 1.26012 2.06656 4.48831 1.53473 151852 0 -1.36246 0.759969 0
-19.6656 21.9927 0.895915 2.23665 5.1718 1.73207 141508 0 -1.28633 0.75934 0
58.9339 13.2911 1.82377 0.940174 0.998725 1.75239 129118 0 -2.0693 0.753862 1
4.04516 39.9028 1.42591 2.00963 4.56289 1.65155 167790 0 1.84079 0.752838 0
-3.71406 31.5075 1.10913 1.98534 4.72008 1.41189 155598 0 -1.3208 0.751385 0
5.28765 42.4901 1.27607 1.98257 4.53204 1.52289 171538 0 1.76798 0.74986 0
3.966 36.7126 1.22747 1.84217 4.19507 1.41296 163110 0 1.84387 0.7473 0
-58.0432 19.459 0.626918 2.08377 4.51858 1.73839 137644 0 1.84367 0.745957 0
-18.0296 27.0645 1.11691 2.28407 5.69793 1.876 149001 0 -1.3067 0.745226 0
-5.6004 23.5937 1.01532 2.08017 4.71143 1.45881 143892 0 -1.37883 0.74501 0
-6.87555 64.082 1.59137 2.04932 4.6393 1.5681 203324 0 -1.31762 0.742547 0
33.1064 49.1851 2.11596 2.00177 4.54586 1.52782 181453 0 -1.59142 0.735685 0
17.8039 40.1293 1.63168 1.95116 4.33572 1.81252 168301 0 -1.29685 0.729381 0
-45.3736 -4.99263 0.953561 1.97015 4.5196 1.64714 102116 0 -0.0079966 0.719869 0
-41.4704 11.1406 0.718499 2.08595 4.41129 1.84428 125528 0 1.83074 0.713637 0
-48.1869 -4.69284 0.827827 2.03682 4.60564 1.59498 102575 0 0.000110136 0.704569 0
2.7011 34.0328 1.17659 2.04715 4.72994 1.50583 159362 0 -1.29502 0.681833 0
-15.7919 53.0433 1.34381 1.96744 4.50887 1.47033 186916 0 -1.20441 0.6728 0
58.7128 21.5635 1.71369 2.02972 4.52532 1.52495 141285 0 1.50846 0.654057 0
25.7184 -6.90873 1.61512 0.900402 1.00506 1.64504 99530 0 -1.67149 0.646005 1
-37.8965 -0.117233 0.800351 2.16089 4.69293 1.53755 109159 0 -1.62116 0.640695 0
-58.7571 16.8083 0.268505 1.72039 3.84898 1.40594 133898 0 1.87412 0.637294 0
21.2734 30.5299 1.66767 2.05613 4.69834 1.46841 154272 0 1.67838 0.632522 0
39.2151 22.5865 2.03265 1.96266 4.50669 1.54234 142628 0 1.58939 0.632405 0
0.479134 47.2085 1.57695 2.21212 5.03359 1.74262 178543 0 -1.32161 0.629195 0
33.4289 22.6252 1.89909 1.99542 4.67866 1.51658 142610 0 -1.52846 0.600999 0
18.7556 43.0284 1.38707 1.92545 4.35923 1.61584 172516 0 -1.36861 0.599457 0
-57.1168 21.9498 0.505463 1.86653 4.25311 1.50138 141391 0 1.84695 0.597741 0
-28.5768 59.3789 0.906101 2.12956 4.80249 1.69266 196236 0 -1.24949 0.592374 0
-49.1644 45.5035 0.429584 0.822266 0.842136 1.74491 176048 0 2.02613 0.591517 1
-62.9273 23.5247 0.164534 1.92754 4.24772 1.43235 143713 0 -1.29742 0.590862 0
33.3987 52.0321 2.25594 2.07618 4.74667 1.66543 185666 0 -1.46819 0.580371 0
33.4453 34.6849 2.19508 1.96054 4.29398 1.6117 160394 0 -1.73224 0.571787 0
-58.021 -7.86704 0.761772 0.76112 0.742173 1.676 97864 0 -1.43316 0.561262 1
25.3277 -8.13435 1.86486 0.861684 0.872955 1.72795 97657 0 -1.85256 0.550665 1
19.3406 45.9435 1.32605 1.97437 4.54108 1.53768 176730 0 -1.36493 0.542613 0
14.8432 8.12402 0.796529 0.739323 0.824391 1.46971 121492 0 -2.08055 0.527922 1
33.7804 25.7555 2.01536 1.93288 4.26869 1.57134 147291 0 -1.52024 0.527035 0
-9.42459 56.8874 1.46659 2.16878 5.11081 1.66302 192552 0 1.61848 0.52438 0
54.9862 6.49303 1.81555 0.928935 0.935346 1.71507 119277 0 -1.85336 0.521701 1
56.0871 4.92491 1.94019 0.852419 0.853626 1.77712 116941 0 1.48276 0.512089 1
-0.35215 16.4618 1.06652 0.850819 0.82647 1.66578 133612 0 -1.53872 0.51098 1
55.9403 4.72251 1.93515 0.801912 0.825585 1.7803 116472 0 1.45818 0.509779 1
20.327 73.1372 1.86126 1.96347 4.45339 1.61087 216513 0 1.56838 0.507552 0
20.9486 69.9609 1.79066 2.0405 4.587 1.64073 211835 0 1.54596 0.506569 0
-48.8075 12.6175 0.576728 1.97033 4.37719 1.73707 127845 0 1.73638 0.506065 0
39.5278 25.4356 2.34852 1.98853 4.45718 1.59228 146841 0 1.57393 0.505597 0
55.5906 5.58346 2.12474 0.839279 0.841861 1.7914 117875 0 -1.69558 0.504968 1
-3.02851 33.8268 1.05797 1.91641 4.60535 1.43167 158876 0 -1.25487 0.502496 0
61.2606 4.63622 1.85356 0.852936 1.7294 1.90476 116489 0 -1.68073 0.49669 2
-30.4745 -5.57944 1.17307 0.935411 1.0319 1.80056 101226 0 1.59657 0.489097 1
70.861 26.6737 1.78056 2.09618 4.68678 1.75399 148811 0 -1.63095 0.479447 0
-1.42461 38.941 1.44067 1.91034 4.43863 1.46885 166369 0 -1.23229 0.466594 0
-51.0519 -5.26694 0.784578 2.03508 4.50221 1.73291 101630 0 0.0544706 0.450419 0
-8.49306 61.6761 1.32494 1.91029 4.36885 1.52146 199575 0 -1.3221 0.427024 0
55.9496 4.86938 1.95836 0.80773 0.831611 1.78591 116940 0 1.43426 0.409337 1
-49.2207 44.3786 0.419812 0.833651 0.866885 1.76197 174176 0 -1.08915 0.403627 1
14.8221 10.7113 1.49161 0.769827 0.857581 1.69529 125236 0 -0.914024 0.401569 1
-52.3379 40.4713 0.576352 1.9792 4.406 1.56274 168550 0 -1.19573 0.393211 0
-0.184845 16.2941 1.05927 0.825826 0.789291 1.64089 133145 0 -1.65688 0.390835 1
41.4645 28.0157 2.5148 2.03397 4.55499 1.75858 150591 0 1.61141 0.39016 0
41.7348 28.011 2.52665 2.18633 5.00471 1.87951 150592 0 -1.00596 0.387415 0
-59.0783 34.0574 0.419164 1.98377 4.40885 1.62564 159169 0 -1.31056 0.387398 0
20.9228 73.4019 2.01293 2.34929 5.49936 1.94065 216983 0 1.55269 0.383087 0
32.8004 58.0567 2.44377 1.97079 4.38258 1.58285 194556 0 -1.58304 0.36478 0
0.212173 46.9333 1.56171 2.24254 5.17919 1.83412 178074 0 -1.32795 0.362605 0
33.1673 51.7664 2.18071 1.94231 4.34963 1.558 185197 0 -1.41686 0.362596 0
56.4617 5.90785 1.75397 0.780913 0.778094 1.53584 118346 0 1.38865 0.358898 1
33.1116 57.7811 2.43819 1.99284 4.49949 1.60867 194089 0 -1.52383 0.357489 0
34.0725 26.0084 2.05956 1.94837 4.33143 1.57922 147760 0 -1.5437 0.355975 0
71.8744 4.86435 1.92538 0.818429 0.839872 1.75868 116990 0 -1.33856 0.35532 1
32.871 52.2686 2.23184 1.87796 4.12479 1.51749 186132 0 -1.54421 0.355105 0
34.0691 25.5055 2.08977 1.92506 4.29836 1.56594 146824 0 -1.51127 0.354711 0
38.2343 31.5379 2.341 1.9554 4.40465 1.57022 155729 0 1.59009 0.354168 0
-50.4518 -5.92114 0.933846 0.822386 0.893301 1.70494 100696 0 0.323761 0.351466 1
-34.7288 -7.21216 1.16375 0.775788 0.785354 1.49205 98873 0 0.0325864 0.350842 1
-57.8965 -7.86739 0.747276 0.782384 0.759724 1.67351 97865 0 -1.45198 0.349243 1
-0.51696 18.6587 0.983192 0.731265 0.724744 1.50356 136888 0 0.423887 0.343205 1
18.0467 40.3696 1.62704 2.08703 4.76849 1.88064 168770 0 -1.35868 0.337713 0
19.0979 45.7013 1.30033 1.82893 4.14731 1.50774 176261 0 -1.30938 0.327052 0
-45.0467 5.46354 0.616376 0.918439 0.983525 1.75207 117561 0 1.6938 0.32496 1
-9.08323 61.8963 1.32182 2.04808 4.75205 1.56283 200041 0 1.77036 0.323222 0
56.1704 5.20637 1.90703 0.69811 0.756444 1.65312 117409 0 1.70502 0.31724 1
16.8222 34.7128 1.39166 2.11436 4.80333 1.61189 160342 0 -1.35971 0.31579 0
-28.0942 59.3468 0.880879 1.87677 3.93047 1.54134 196238 0 -1.2007 0.311368 0
-0.513878 18.4423 0.963169 0.858751 1.02878 1.47194 136420 0 0.913225 0.310166 1
33.4203 37.3103 2.08325 1.9857 4.41992 1.55102 164138 0 -1.67404 0.307771 0
-58.99 16.5971 0.267613 1.9411 4.3246 1.48051 133429 0 1.83416 0.304663 0
-58.0234 -8.04385 0.734464 0.799851 0.798029 1.68181 97396 0 -1.86546 0.302201 1
1.317 25.7871 1.11348 1.68899 3.77998 1.39196 147190 0 1.74996 0.302063 0
-53.3787 -4.5754 0.830104 0.861082 0.985635 1.80522 102559 0 0.269478 0.300727 1
55.7228 5.58138 2.03356 0.79396 0.81939 1.72463 117876 0 -1.68755 0.300629 1
37.9348 31.7828 2.30525 1.94355 4.36282 1.58485 156196 0 1.58977 0.298525 0
27.0852 -6.82116 1.42966 0.833409 1.02209 1.62033 99534 0 -1.67808 0.298082 1
-48.1981 12.4098 0.626759 1.94246 4.31171 1.71696 127379 0 1.68599 0.296539 0
-49.3166 45.5252 0.403241 0.897236 1.01161 1.79255 176047 0 2.03829 0.2931 1
52.7226 6.54369 1.81425 0.852109 0.893838 1.7468 119270 0 1.3013 0.29306 1
40.4439 25.4001 2.41338 2.10106 4.72663 1.71768 146844 0 1.55452 0.290633 0
-53.5057 -4.40981 0.843283 0.835373 0.941063 1.79909 103026 0 0.600819 0.290262 1
-49.211 44.5342 0.480833 0.881449 0.933141 1.83359 174644 0 -1.06088 0.289058 1
-31.2035 -7.22124 1.02027 0.831297 0.915793 1.65127 98884 0 0.71651 0.287951 1
33.7429 37.5849 2.11991 1.99987 4.44765 1.58632 164607 0 -1.73358 0.287846 0
-2.06378 39.1932 1.461 1.89863 4.26095 1.45041 166835 0 -1.3472 0.285006 0
55.1035 6.35777 1.84022 0.899459 0.910884 1.72412 118810 0 -1.83163 0.282649 1
21.5601 30.7902 1.70711 2.08949 4.84597 1.49798 154741 0 1.73209 0.280293 0
-36.3996 -7.23346 1.15959 0.755712 0.799335 1.50501 98868 0 0.0291865 0.279864 1
38.2382 28.61 2.21423 1.90071 4.20741 1.5455 151517 0 1.6523 0.279729 0
32.5008 37.2758 1.97249 1.96217 4.41724 1.47856 164135 0 -1.66919 0.279242 0
14.8759 7.98204 0.830091 0.795283 0.844751 1.54847 121024 0 -1.99697 0.277652 1
-8.87931 56.8258 1.49211 2.04812 4.51385 1.58742 192554 0 -1.30199 0.277357 0
-17.4278 32.4537 1.16302 2.26402 5.19741 1.81271 156959 0 -1.30686 0.275173 0
18.8113 45.965 1.31707 1.59592 3.47957 1.41333 176728 0 -1.36648 0.274319 0
42.0081 28.0159 2.55134 2.33882 5.49157 2.0163 150593 0 0.903907 0.272894 0
20.0194 72.8934 1.75421 1.70545 3.71156 1.47401 216044 0 1.5552 0.270696 0
31.8413 58.0513 2.35164 2.00714 4.55054 1.603 194553 0 -1.59451 0.27053 0
-57.7701 25.1484 0.603571 1.92174 4.32757 1.63173 146069 0 1.92309 0.269679 0
-53.3789 -4.41134 0.841255 0.837929 0.948642 1.81774 103027 0 0.466096 0.269297 1
-1.45509 41.4561 1.35765 2.01174 4.55789 1.56272 170113 0 -1.29508 0.269121 0
-49.3504 44.542 0.467196 0.892782 1.12629 1.81564 174643 0 -1.03167 0.268707 1
39.2216 25.6701 2.29215 1.96051 4.38027 1.55078 147308 0 1.60908 0.267452 0
-62.6254 23.2586 0.184197 1.6542 3.53704 1.36868 143246 0 -1.32367 0.265739 0
70.3281 26.6698 1.8127 1.78053 3.79559 1.57233 148809 0 -1.62046 0.262856 0
19.7345 73.1038 1.80947 1.72335 3.768 1.47878 216511 0 1.57666 0.261976 0
37.9421 28.3742 2.23011 1.9834 4.44906 1.58011 151048 0 1.63338 0.256581 0
-7.21796 64.3574 1.5374 2.31839 5.67324 1.72183 203791 0 -1.3192 0.256216 0
33.7382 57.7601 2.6039 2.22843 5.18467 1.85763 194091 0 -1.4855 0.25582 0
-28.6531 59.9147 0.893811 2.36307 5.42359 1.81229 197172 0 -0.980784 0.255001 0
61.5371 4.67947 1.85567 0.871401 1.16788 1.83226 116490 0 -1.59202 0.252992 1
-52.9024 40.5213 0.58306 2.12481 4.81439 1.63779 168548 0 -1.21807 0.251597 0
39.7739 22.7634 2.07197 2.02804 4.64293 1.53482 143098 0 1.56601 0.24753 0
25.3435 -7.96529 1.85827 0.914183 0.959988 1.70949 98125 0 -1.86376 0.244928 1
17.5252 39.9542 1.60511 1.68493 3.67488 1.71257 167832 0 -1.27625 0.243867 0
3.70674 37.1609 1.23104 2.10721 5.03696 1.52205 164045 0 1.91313 0.24336 0
15.2961 59.673 1.18892 0.825172 1.63967 1.71143 196841 0 0.29439 0.242975 2
-48.532 12.8506 0.585582 2.02393 4.37898 1.74785 128314 0 1.79514 0.242774 0
-0.840393 17.5761 1.00423 1.89342 4.15812 1.47811 135015 0 2.19991 0.241763 0
-63.4238 23.7646 0.193263 2.23676 5.20393 1.59107 144179 0 -1.31005 0.241554 0
33.1634 26.0372 1.95504 1.97905 4.4267 1.56481 147757 0 -1.53877 0.241261 0
21.2869 30.0151 1.78449 2.10038 4.71504 1.51177 153336 0 1.6469 0.239256 0
20.6841 69.6811 1.73615 1.99138 4.40525 1.60897 211366 0 1.58244 0.239009 0
-53.6015 -5.30449 0.748896 1.97085 4.41776 1.76311 101622 0 0.031634 0.237862 0
-15.8636 53.4857 1.35799 2.14898 5.02697 1.54966 187852 0 -1.00104 0.237711 0
58.9512 13.4601 1.8123 0.979296 1.05351 1.76862 129586 0 -2.07307 0.237074 1
37.9299 31.2444 2.26613 1.953 4.40011 1.54431 155260 0 1.58618 0.233659 0
32.8641 22.8157 1.9321 2.02627 4.63335 1.58532 143076 0 -1.51112 0.2336 0
-0.713821 18.6723 0.951657 0.78299 0.917393 1.46551 136887 0 0.804056 0.233461 1
58.1055 6.54489 1.86 0.771339 0.739213 1.70643 119287 0 2.29871 0.233093 1
7.10124 48.2409 1.49756 1.81091 4.03524 1.65777 179968 0 1.77771 0.232274 0
71.0045 19.9837 1.9333 1.82464 3.7222 1.75538 138983 0 -1.5292 0.230499 0
-50.0002 -12.017 0.810331 0.804913 0.81694 1.6945 91805 0 -2.84107 0.230328 1
-50.7705 -5.60893 0.844591 1.77998 3.01269 1.74245 101163 0 0.0578266 0.229382 0
16.9153 37.3553 1.33346 1.727 3.86946 1.44396 164086 0 -1.28768 0.228391 0
-10.0067 57.1127 1.42021 2.36728 5.83254 1.8034 193018 0 1.77573 0.22793 0
56.4499 5.24149 1.81855 0.726822 0.760858 1.5989 117410 0 1.65381 0.227403 1
-58.393 45.9171 0.631359 2.03132 4.5374 1.61069 176487 0 -1.08888 0.227204 0
14.703 10.7144 1.51183 0.801633 0.95716 1.71753 125235 0 -1.01065 0.223706 1
18.4839 42.7835 1.42173 1.84363 4.10652 1.59655 172047 0 -1.30937 0.223686 0
32.8217 57.5093 2.35617 1.87576 4.17524 1.54379 193620 0 -1.50165 0.223451 0
42.023 28.2569 2.58054 2.35638 5.49836 2.02562 151061 0 1.48882 0.22281 0
0.385971 20.4235 1.09797 1.65726 3.60596 1.41497 139231 0 1.73357 0.222219 0
34.027 22.8042 1.98634 2.03806 4.57694 1.5539 143080 0 -1.52661 0.222154 0
2.71357 33.5538 1.16052 1.95173 4.47136 1.48962 158426 0 -1.38812 0.221461 0
32.8582 48.9246 2.12862 1.80174 4.00435 1.47208 180984 0 -1.52884 0.21951 0
39.1754 28.3444 2.16803 2.10243 5.10597 1.77146 151052 0 1.65544 0.218938 0
15.6288 32.157 1.70721 1.86024 3.99654 1.78059 156594 0 -1.37885 0.218875 0
32.1606 57.8103 2.33749 1.97586 4.47126 1.57061 194086 0 -1.54488 0.218583 0
-0.457443 46.8851 1.56977 2.17187 4.73786 1.81971 178072 0 -1.40441 0.218136 0
-15.3188 52.965 1.33608 1.73746 3.67249 1.36678 186918 0 -1.15122 0.217327 0
55.5567 5.39005 2.03795 0.800562 0.791996 1.74728 117407 0 -1.69298 0.217248 1
15.4203 59.6932 1.21351 0.85098 1.35444 1.70965 196842 0 0.0890117 0.217214 2
33.0887 58.3423 2.54524 2.09066 4.65774 1.71923 195025 0 -1.61696 0.217133 0
21.8524 30.2914 1.81042 2.13773 4.91399 1.53682 153806 0 1.68601 0.217124 0
-38.8263 -0.141205 0.831543 2.25056 4.80596 1.64496 109156 0 -1.60435 0.216968 0
5.24799 42.9174 1.26835 2.1537 4.96417 1.597 172474 0 1.86314 0.216363 0
33.4263 57.4955 2.49433 2.06121 4.74068 1.68576 193622 0 -1.46537 0.216311 0
41.1509 28.2458 2.46549 1.92783 4.18298 1.65932 151058 0 1.55373 0.21558 0
15.2544 59.4308 1.23455 0.852076 1.77253 1.70842 196373 0 0.133604 0.215413 2
33.1301 52.5396 2.3352 2.04479 4.52302 1.63088 186601 0 -1.56629 0.215399 0
-28.6026 58.7519 0.900481 2.13669 4.86946 1.68854 195300 0 -1.67596 0.215202 0
19.2826 42.7841 1.40205 2.19869 5.16243 1.76994 172050 0 -1.33386 0.214912 0
-47.2172 12.3486 0.672903 2.00128 4.57704 1.71932 127382 0 0.109925 0.214824 0
32.5265 34.3995 2.21707 1.97366 4.53898 1.59613 159923 0 -1.67908 0.213142 0
-58.1011 46.2385 0.609166 1.97339 4.37779 1.5707 176956 0 -1.11057 0.212557 0
-61.2092 -10.1013 0.926229 0.760672 0.79428 1.71045 94578 0 -2.40561 0.212455 1
-66.9649 8.8718 1.91622 0.796812 1.10403 1.77567 122172 0 1.87583 0.212085 1
-56.5441 21.9094 0.544446 1.79842 4.0563 1.48513 141393 0 1.84426 0.212001 0
-57.4949 25.4047 0.599933 1.94384 4.34029 1.61695 146538 0 1.94836 0.211669 0
58.967 13.0932 1.81564 0.953976 0.996892 1.74099 128650 0 -1.7708 0.211638 1
14.7016 8.1431 0.817793 0.75467 0.858357 1.47586 121491 0 -2.10563 0.210914 1
70.61 26.9653 1.80246 1.88356 4.17814 1.6376 149278 0 -1.65667 0.209685 0
20.9609 70.4732 1.82539 2.10452 4.74479 1.70968 212771 0 1.49928 0.209548 0
25.7144 -7.04503 1.60511 0.954866 1.16167 1.68114 99062 0 -1.64117 0.209217 1
-59.272 17.0459 0.288019 2.11024 4.90207 1.62215 134364 0 1.89791 0.208801 0
58.441 21.8186 1.76416 1.99926 4.39691 1.53337 141752 0 1.43031 0.208556 0
71.1381 26.9656 1.84962 2.27648 5.27188 1.91954 149280 0 -1.65202 0.208106 0
33.153 22.3185 1.89171 1.93434 4.4686 1.52168 142141 0 -1.51947 0.207965 0
18.7502 42.4941 1.42834 2.01695 4.61663 1.7064 171580 0 -1.29262 0.20791 0
-49.8521 -12.013 0.816821 0.785569 0.779411 1.67221 91806 0 -2.87702 0.20788 1
58.1781 21.5727 1.75411 1.79453 3.84588 1.43259 141283 0 1.51144 0.207301 0
-57.6704 22.2229 0.513756 2.05676 4.67712 1.58566 141857 0 1.86441 0.206879 0
70.8748 26.1895 1.76037 2.18461 4.9573 1.78935 147875 0 -1.53499 0.206576 0
-50.4502 -6.14364 0.921275 0.827317 0.905918 1.73751 100228 0 0.464587 0.206446 1
31.2126 57.8173 2.24594 1.93847 4.45583 1.6016 194083 0 1.53558 0.20591 0
-0.407066 46.2661 1.55206 1.0242 1.21325 1.73414 177136 0 -1.41235 0.205787 1
-58.0339 -7.64109 0.77257 0.777629 0.75398 1.70141 98332 0 -2.0309 0.20467 1
-53.2986 -5.57306 0.76812 2.03825 4.46608 1.79203 101155 0 -0.0398932 0.202794 0
-64.1643 19.679 0.354386 1.99163 4.42699 1.54072 138093 0 -1.30595 0.202552 0
33.4392 34.1913 2.17168 1.92465 4.19604 1.58496 159458 0 -1.56214 0.202033 0
32.7928 37.0323 2.00532 1.96077 4.42008 1.49826 163668 0 -1.64831 0.201661 0
20.415 70.1828 1.78555 1.96657 4.27732 1.61591 212301 0 1.50635 0.201538 0
15.6389 9.16479 1.07741 0.661077 0.672004 1.29827 122898 0 -0.399915 0.201376 1
-0.222473 16.6823 1.07559 0.800523 0.852494 1.51767 134081 0 -2.01917 0.201321 1
-38.8063 24.5229 0.865585 2.74893 7.7431 2.42435 145192 0 -1.28676 0.200185 0
-50.7057 -5.89837 0.910394 1.04295 1.3003 1.76954 100695 0 0.0340485 0.199833 1
45.8785 2.7018 2.02167 0.824804 2.16389 1.28578 113633 0 -2.91935 0.199508 0
57.1208 32.762 2.82266 2.08313 4.64137 1.70734 157660 0 1.56383 0.199334 0
33.4559 37.8467 2.09358 2.00726 4.40385 1.5757 165074 0 -1.81395 0.198497 0
55.8139 5.30862 1.97876 0.740709 0.769492 1.70758 117408 0 -1.903 0.198124 1
5.81018 42.4216 1.3058 1.70731 3.66298 1.45462 171540 0 1.79664 0.197208 0
42.0052 27.7465 2.51164 2.32817 5.4782 2.02408 150125 0 1.49212 0.19718 0
-36.5419 -7.23267 1.17468 0.76176 0.813712 1.49954 98867 0 -0.0164138 0.196644 1
20.9039 72.8889 1.92995 2.14256 4.98361 1.78756 216047 0 1.60502 0.196532 0
-59.6385 34.333 0.436182 2.21115 5.2021 1.7406 159635 0 -1.24898 0.19624 0
33.965 34.6994 2.19342 2.26919 5.13275 1.82048 160396 0 -1.69734 0.195539 0
37.3231 31.5256 2.24169 1.96797 4.49069 1.5941 155726 0 1.54733 0.195026 0
61.844 4.87548 1.81355 0.869094 0.974237 1.72798 116959 0 -1.50407 0.194885 1
-16.5031 32.209 1.16672 2.12316 4.75991 1.78961 156494 0 -1.334 0.194713 0
56.4383 5.04889 1.86189 0.767393 0.779001 1.61321 116942 0 1.54773 0.193759 1
33.7834 25.2097 2.04354 1.89653 4.15811 1.57176 146355 0 -1.45839 0.193043 0
20.3436 73.6911 1.97509 2.17367 4.85786 1.77652 217449 0 1.47199 0.192378 0
33.1667 25.5049 1.93963 1.94699 4.36594 1.56267 146821 0 -1.5251 0.191822 0
0.530243 29.8762 1.42468 0.813327 0.803859 1.72621 153271 0 -1.3762 0.191398 1
38.9147 22.3458 2.06556 1.93234 4.42804 1.56608 142159 0 1.58792 0.191059 0
-56.4891 25.089 0.549393 1.99554 4.48494 1.59464 146073 0 -1.2199 0.190721 0
41.1729 27.7389 2.43864 1.91614 4.21502 1.65609 150122 0 1.65826 0.19051 0
-34.5094 -7.21679 1.16529 0.80572 0.853474 1.50083 98874 0 0.0117796 0.190489 1
-30.5036 -5.39547 1.14592 0.952655 1.43743 1.78779 101694 0 1.76481 0.189851 1
-57.4575 24.8444 0.559421 1.9087 4.28554 1.59753 145602 0 1.87397 0.18968 0
-47.5542 12.5475 0.68691 2.02229 4.48764 1.73016 127849 0 1.75429 0.189306 0
-49.3228 45.3863 0.408906 0.883862 1.18028 1.78568 175579 0 2.04419 0.188106 1
33.2083 34.9282 2.17976 1.91256 4.065 1.56652 160861 0 -1.88062 0.18726 0
-34.9399 -7.21099 1.17071 0.80926 0.903937 1.49022 98872 0 0.0338017 0.186937 1
-53.573 -4.95077 0.767918 1.517 2.88577 1.78295 102090 0 0.105499 0.18686 0
-56.4806 24.8201 0.535798 1.92382 4.38437 1.56483 145605 0 1.62169 0.186783 0
-28.3544 58.4166 0.925526 2.03489 4.50916 1.622 194833 0 -1.96543 0.186655 0
-34.7302 -6.99108 1.18818 0.806552 0.870518 1.47516 99341 0 0.0163457 0.186432 1
2.98052 34.3053 1.1446 1.98529 4.45949 1.4828 159831 0 -1.23742 0.186346 0
72.0439 4.88983 1.9123 0.891685 1.06874 1.79534 116991 0 -1.31929 0.185624 1
-58.6606 45.6157 0.661581 2.12748 4.74134 1.68094 176018 0 -1.0896 0.183872 0
-0.438843 46.5475 1.55985 1.785 3.06622 1.78266 177604 0 -1.42136 0.183701 0
-49.3479 12.3884 0.508632 2.1259 4.85714 1.76595 127375 0 1.66706 0.183542 0
56.456 5.68719 1.791 0.811037 0.812916 1.59282 117878 0 1.4256 0.183467 1
-2.67687 39.4589 1.38953 2.04686 4.68092 1.5301 167301 0 1.83678 0.182763 0
34.624 25.7587 2.13609 2.12057 4.90312 1.69739 147294 0 -1.55171 0.182099 0
-55.8412 24.7966 0.560163 1.97919 4.52808 1.58186 145607 0 -1.29188 0.182003 0
-51.2909 -5.85197 0.835875 2.1244 4.90673 1.81983 100693 0 0.0628738 0.181684 0
3.26521 33.7998 1.09963 1.60811 3.48388 1.33953 158896 0 -1.33487 0.181556 0
32.872 25.773 1.89107 1.94846 4.38091 1.54291 147288 0 -1.51913 0.18115 0
38.2441 30.9159 2.32247 1.95944 4.34352 1.55601 154793 0 1.61431 0.179657 0
52.7168 6.3406 1.83536 0.873554 0.904427 1.7208 118802 0 1.30129 0.17894 1
32.1731 58.3368 2.44061 1.99456 4.41352 1.59277 195022 0 -1.6975 0.178758 0
-1.73368 41.1905 1.25686 1.92681 4.3001 1.49613 169644 0 -1.31036 0.178506 0
27.246 -6.84059 1.47361 0.905938 1.17917 1.6967 99535 0 -1.87988 0.178327 1
40.1349 25.675 2.3998 2.11098 4.71655 1.69237 147311 0 1.52803 0.1773 0
19.9008 45.9246 1.36492 2.26522 5.43267 1.77565 176732 0 -1.35531 0.177214 0
71.4437 26.4399 1.87079 2.42837 5.79639 2.04413 148345 0 -1.57602 0.176711 0
-66.9747 9.01053 1.93081 0.793851 1.3538 1.77542 122640 0 2.01164 0.176666 2
49.394 3.3806 1.61255 0.850903 1.87478 1.43336 114580 0 -2.03458 0.175238 0
-58.0565 24.8448 0.642433 1.9538 4.4208 1.6982 145600 0 1.83454 0.175017 0
-48.6883 -4.67318 0.803257 2.10612 4.81624 1.6699 102573 0 0.0466074 0.174885 0
5.57378 42.2054 1.30087 1.69467 3.70897 1.45941 171071 0 1.74398 0.174629 0
27.087 -6.68699 1.40981 0.887138 1.08508 1.678 100002 0 -1.61309 0.174413 1
-49.3468 12.881 0.55747 2.15437 4.98854 1.81609 128311 0 1.78402 0.174228 0
-0.601486 17.7409 1.00217 1.76794 3.83379 1.44821 135484 0 2.91551 0.173994 0
-57.3653 21.7021 0.442473 1.89882 4.33173 1.52471 140922 0 1.83653 0.173977 0
-63.8617 19.9824 0.359702 1.99549 4.40474 1.52287 138562 0 -1.27687 0.173563 0
-47.9449 -4.42665 0.805511 1.86031 4.12066 1.55429 103044 0 -0.0403314 0.173288 0
3.99847 40.3564 1.38381 2.10718 4.86605 1.67767 168726 0 1.91745 0.172947 0
1.09944 46.9778 1.58212 1.94069 4.5269 1.67576 178077 0 -1.31973 0.171952 0
61.5922 4.84919 1.80149 0.888515 1.11162 1.81044 116958 0 -1.59734 0.171839 1
-18.4336 32.7813 1.20078 2.10833 4.65609 1.76764 157424 0 -1.27655 0.170405 0
39.1802 31.5161 2.36504 1.94829 4.37114 1.59483 155732 0 1.61213 0.170088 0
58.8267 13.0969 1.83163 0.954237 0.999081 1.75621 128649 0 -2.57396 0.169957 1
-53.9121 -4.99493 0.731079 1.98392 4.30488 1.76626 102089 0 0.095876 0.169512 0
-6.20649 20.1275 0.996154 1.84488 4.0375 1.3988 138742 0 -1.36161 0.169496 0
-57.8871 -8.04997 0.717006 0.809895 0.793731 1.67538 97397 0 -1.97933 0.168825 1
30.9012 58.049 2.38699 2.04908 4.69018 1.67758 194550 0 1.54022 0.168457 0
-58.3286 25.4271 0.69009 2.1533 4.9765 1.83066 146535 0 1.94743 0.168316 0
19.2762 43.2743 1.37221 2.18038 5.07314 1.76153 172986 0 -1.4125 0.167883 0
-18.6884 32.8355 1.18549 2.19789 4.96576 1.85019 157423 0 -1.00489 0.167111 0
-52.9778 -5.28883 0.788772 2.02485 4.50994 1.78906 101624 0 -0.0165919 0.16641 0
-27.7317 9.25759 0.622485 1.95804 3.41491 1.56355 122763 0 1.82353 0.166284 0
21.5227 70.1917 1.8345 2.27215 5.30746 1.86991 212305 0 -1.59379 0.166273 0
-34.7198 -7.41823 1.17492 0.793164 0.826978 1.53495 98405 0 0.0172915 0.166248 1
-62.6591 23.7544 0.17193 1.95095 4.16019 1.44749 144182 0 -1.17665 0.16574 0
58.7218 32.774 2.43881 2.02774 4.51863 1.61603 157665 0 0.785467 0.165721 0
54.9051 6.81735 1.77875 0.855377 0.891372 1.61184 119745 0 -1.82169 0.1652 1
-64.4672 18.7291 0.407452 1.98771 4.45522 1.53471 136688 0 -1.33644 0.16504 0
56.6721 5.9079 1.80493 0.821738 0.840322 1.62841 118347 0 1.3741 0.164913 1
-52.0947 40.7123 0.582209 2.02736 4.4415 1.55561 169019 0 -1.11303 0.164689 0
45.6076 2.69547 2.01848 0.743848 1.97451 1.31042 113632 0 2.87291 0.164497 0
33.7361 37.0293 2.10747 1.94638 4.29233 1.56524 163671 0 -1.58926 0.164425 0
-57.7933 46.5423 0.606774 1.99152 4.3946 1.58347 177425 0 -1.04919 0.164293 0
-0.36924 16.2824 1.06484 0.89113 0.858528 1.65455 133144 0 -1.08644 0.163971 1
-0.412247 16.711 1.08559 0.790567 0.845901 1.55125 134080 0 -1.60042 0.163748 1
-64.4393 19.3521 0.361674 2.03407 4.55447 1.55839 137624 0 -1.35094 0.163483 0
-33.9519 -4.21204 0.9577 0.907927 0.985083 1.56063 103087 0 1.55073 0.163313 1
29.2652 -6.56964 1.83649 2.12581 4.81368 1.66991 100009 0 -1.63627 0.163278 0
21.2702 31.1133 1.64921 2.01488 4.6252 1.49133 155208 0 1.74778 0.163224 0
-50.4547 -5.66804 0.884128 0.916746 1.06759 1.71021 101164 0 0.163343 0.163 1
20.5757 20.5848 1.71761 0.849265 0.953434 1.67639 139762 0 2.03117 0.162991 1
-1.39078 38.671 1.45612 1.75475 4.00607 1.4412 165901 0 -1.17395 0.16281 0
-50.014 -12.2024 0.847013 0.791586 0.817748 1.68091 91337 0 -2.85103 0.162679 1
26.0117 -6.87753 1.55825 0.977148 2.01003 1.68623 99531 0 -1.63548 0.16259 0
-2.71786 48.4738 1.63649 2.00007 4.52871 1.5908 180405 0 0.0180068 0.162228 0
-53.8834 -5.56519 0.771871 2.02484 4.38127 1.75853 101153 0 -0.0174799 0.162135 0
-30.785 -5.58678 1.15164 0.973865 1.81148 1.79717 101225 0 1.59799 0.162082 2
-53.3087 -4.95155 0.775435 1.65673 3.21317 1.79525 102091 0 0.0739407 0.161829 0
-50.8007 -4.70903 0.733194 1.93956 4.23657 1.59484 102567 0 0.0239361 0.160628 0
-28.8916 59.0708 0.902522 2.24325 5.17435 1.80607 195767 0 -1.46726 0.160188 0
37.9333 28.8847 2.24334 1.99216 4.49207 1.56784 151984 0 1.66307 0.159865 0
15.7196 9.17188 1.25966 0.806898 0.867853 1.66255 122899 0 -0.947924 0.159478 1
33.4363 23.0888 1.94898 2.02281 4.57581 1.57016 143546 0 -1.50622 0.159325 0
58.4125 32.7744 2.44778 2.00843 4.53571 1.63472 157664 0 1.20567 0.158774 0
-58.7878 34.3214 0.413067 1.94942 4.26159 1.61115 159638 0 -1.32814 0.158571 0
-36.3805 -7.4309 1.20495 0.743644 0.904782 1.50866 98400 0 -0.0152252 0.158236 1
38.8461 31.7951 2.41721 2.00634 4.49179 1.61639 156199 0 1.56554 0.157628 0
46.2024 2.69073 1.96382 0.797646 1.81995 1.28123 113634 0 -2.8771 0.157532 0
-60.5295 14.2835 0.405011 2.17624 5.07 1.64494 130148 0 1.86714 0.156985 0
14.6737 29.3406 1.37419 1.67162 3.60037 1.40919 152379 0 -1.40762 0.156669 0
-51.2992 -4.70221 0.681612 2.01074 4.37412 1.63819 102565 0 0.0394857 0.15647 0
-57.4459 45.9307 0.472266 1.96223 4.30789 1.52108 176490 0 -1.17617 0.156201 0
39.5077 27.7578 2.17836 0.876513 0.997104 1.75982 150117 0 1.62514 0.156139 1
52.8572 6.33814 1.85433 0.880335 0.927143 1.73854 118803 0 1.24486 0.156094 1
-13.9042 41.4247 1.05154 2.01467 4.4599 1.52943 170074 0 0.680172 0.155885 0
18.1078 47.5165 1.32601 1.85885 4.12951 1.57344 179066 0 -2.9019 0.155808 0
58.4086 21.0284 1.65056 1.51126 2.84927 1.38471 140348 0 1.62134 0.155762 0
-30.5136 -5.80017 1.16677 0.955051 1.44168 1.79156 100758 0 1.6047 0.155427 1
-46.9173 12.3059 0.677581 2.03279 4.66401 1.73956 127383 0 -1.39714 0.155125 0
33.7607 26.3273 2.03825 1.93727 4.23621 1.5633 148227 0 -1.54229 0.154927 0
38.857 31.2157 2.37633 1.9135 4.33586 1.55426 155263 0 1.61913 0.154751 0
-64.1874 19.0556 0.363617 1.91416 4.22137 1.50771 137157 0 -1.30943 0.15434 0
39.7778 29.2303 2.30315 0.830377 0.755585 1.79395 152458 0 0.448693 0.153617 1
58.6956 21.0575 1.66515 1.92117 4.28926 1.48814 140349 0 1.64888 0.15355 0
14.8873 26.7376 1.34603 2.03324 4.82014 1.55531 148636 0 -1.45922 0.153393 0
-13.2715 42.4043 1.05111 1.98559 4.50517 1.52163 171480 0 -2.75376 0.153322 0
-4.95063 29.1528 1.28262 2.27832 5.04624 1.49759 152318 0 -1.36284 0.153094 0
-4.60877 25.1282 1.02084 0.712143 0.736612 1.42235 146235 0 -0.547443 0.153005 1
0.0225677 16.4261 1.08182 0.794576 0.848742 1.60524 133614 0 -2.06098 0.152694 1
61.8486 4.70259 1.83058 0.88871 1.00177 1.72338 116491 0 -1.52196 0.152685 1
-58.2685 -7.86449 0.756542 0.779401 0.839853 1.72739 97863 0 0.828636 0.151867 1
-50.0247 -8.23144 0.869706 0.803513 0.826132 1.67864 97421 0 -1.40031 0.151683 1
-3.01993 48.1924 1.65959 1.94743 4.40829 1.5536 179936 0 -0.0374569 0.151679 0
-56.1587 24.5017 0.513753 1.92158 4.35688 1.54152 145138 0 -1.44007 0.150971 0
-37.0591 -0.125603 0.781445 2.14342 4.69322 1.54276 109162 0 -1.61773 0.149938 0
-48.4093 -5.16724 0.893792 2.27412 5.37867 1.80245 101638 0 0.0500712 0.149832 0
-59.606 33.8382 0.40762 2.1879 5.13564 1.73466 158699 0 -1.28514 0.149796 0
-57.5499 19.3687 0.649825 1.83717 3.53248 1.56945 137646 0 1.85866 0.149729 0
38.9304 25.2142 2.2416 1.90088 4.32716 1.50783 146371 0 1.59305 0.149406 0
25.4195 -8.37566 1.89087 0.935405 1.01045 1.80121 97189 0 -1.72446 0.149125 1
-3.59877 33.8123 1.12333 1.81196 4.06158 1.34495 158874 0 -1.26702 0.14851 0
58.0828 32.7724 2.47378 2.06913 4.64957 1.65859 157663 0 1.45739 0.147652 0
-2.02888 41.7305 1.25718 1.92194 4.30478 1.49983 170579 0 -1.31105 0.147398 0
59.0094 32.4885 2.36048 2.05904 4.52757 1.62701 157198 0 0.83108 0.147172 0
-49.8615 -12.2012 0.863815 0.779025 0.765725 1.65898 91338 0 -2.86696 0.14697 1
-47.2512 12.5248 0.685572 2.04251 4.59677 1.73436 127850 0 2.58412 0.146897 0
-50.6939 -6.15819 0.907703 0.962964 1.20716 1.78038 100227 0 0.0580488 0.146687 1
-57.444 44.9619 0.400902 2.04304 4.5204 1.57282 175086 0 -1.0067 0.146204 0
57.7354 32.5132 2.47926 2.08101 4.75208 1.70826 157194 0 1.51757 0.14604 0
-52.662 41.0304 0.576768 2.15389 4.85103 1.63042 169485 0 -1.01809 0.145081 0
-64.1858 18.4184 0.382607 1.94486 4.31547 1.51851 136221 0 -1.28247 0.144708 0
55.4778 6.31087 1.80573 0.750192 0.792797 1.62997 118811 0 -1.75356 0.144559 1
15.4272 59.458 1.22516 0.859793 1.68849 1.72683 196374 0 0.0776369 0.14409 2
-14.2023 41.1319 0.954743 2.0094 4.52847 1.54609 169605 0 0.951063 0.14353 0
56.2844 5.90411 1.82327 0.784209 0.811897 1.57756 118345 0 1.19409 0.143235 1
-55.1887 50.7159 0.436616 2.06886 4.65183 1.65028 183517 0 2.07468 0.143228 0
45.8699 2.45202 2.00272 0.803872 1.93193 1.29919 113165 0 -2.68668 0.143215 0
15.2902 59.8955 1.33952 0.837898 1.70406 1.70664 197309 0 0.510875 0.143107 2
-31.1971 -6.98317 1.05271 0.887992 0.975211 1.68253 99352 0 -0.0167522 0.142691 1
72.0655 4.70465 1.92934 0.948612 1.17598 1.81623 116523 0 -1.04645 0.142476 1
41.7448 28.5588 2.58029 2.23816 5.08423 1.89691 151528 0 1.54935 0.142204 0
-0.75695 46.5843 1.54997 2.13251 4.50869 1.80015 177603 0 -1.4241 0.141997 0
-57.1361 46.205 0.446438 1.98263 4.40166 1.53357 176959 0 -1.09929 0.141946 0
59.2482 13.2925 1.82384 0.933792 1.03921 1.758 129119 0 -1.83336 0.141243 1
14.859 10.8966 1.44485 0.771521 0.83756 1.6719 125704 0 -1.18657 0.141169 1
39.7846 29.0439 2.28077 0.905163 0.870278 1.76351 151990 0 1.43106 0.141051 1
4.24742 36.4487 1.25494 1.5823 3.43292 1.36316 162643 0 1.84682 0.141015 0
33.1332 57.1834 2.40045 1.9492 4.35517 1.58222 193153 0 -1.44341 0.140443 0
-48.8163 12.1113 0.567012 1.93824 4.32073 1.69452 126909 0 1.58034 0.140181 0
-13.5929 41.7487 1.05818 1.98271 4.36539 1.5105 170543 0 0.378581 0.13998 0
-58.4966 17.0243 0.308866 1.65473 3.53937 1.3916 134367 0 1.91824 0.139978 0
-53.2701 41.0644 0.615635 2.10086 4.66168 1.63508 169483 0 -1.06154 0.139907 0
52.7085 6.76486 1.8105 0.923781 1.00626 1.79533 119738 0 1.10071 0.139562 1
20.733 30.31 1.67108 2.00736 4.5419 1.49542 153802 0 1.65562 0.139397 0
56.6975 5.26461 1.85693 0.812492 0.799275 1.64838 117411 0 1.57714 0.1393 1
58.728 32.1669 2.21739 2.07904 4.4547 1.6718 156729 0 0.492896 0.138897 0
20.3379 20.6068 1.64725 0.834532 0.897799 1.56056 139761 0 2.2453 0.138744 1
-13.297 42.1059 1.04178 1.93339 4.36276 1.50109 171012 0 -0.319421 0.138616 0
-56.4702 24.5046 0.52203 1.88039 4.24172 1.53332 145137 0 2.05359 0.138476 0
32.2085 37.521 1.99426 1.9867 4.49862 1.49735 164602 0 -1.80852 0.138353 0
1.05464 47.4029 1.57477 2.08786 4.63921 1.68246 179013 0 -1.32324 0.138352 0
49.087 3.32359 1.58385 0.84979 1.76276 1.51144 114579 0 -2.17222 0.138071 0
49.7561 1.75937 1.85375 1.90093 4.10862 1.50662 112241 0 -0.186446 0.137903 0
61.3067 4.82749 1.8397 0.891564 1.64952 1.8899 116957 0 -1.64436 0.137752 1
-0.77626 18.3762 0.936792 1.68162 3.36918 1.46918 136419 0 1.53599 0.137443 1
39.1859 30.9183 2.34928 1.76889 3.78838 1.54048 154796 0 1.62429 0.137425 0
-42.3123 11.3483 0.713558 2.36384 5.83999 1.92223 125993 0 1.8135 0.136954 0
-51.6115 -5.27828 0.816279 2.06936 4.55217 1.77409 101628 0 0.0557029 0.136929 0
0.206863 35.0535 1.38484 0.705722 0.712736 1.52226 160758 0 1.91309 0.136836 1
45.6299 2.44916 1.95406 0.748676 1.8735 1.30186 113164 0 3.12634 0.136254 0
-16.3782 53.2877 1.40251 2.26751 5.64793 1.73088 187382 0 -1.17436 0.136119 0
51.0386 24.523 1.95951 2.05846 4.66607 1.59357 145473 0 -1.52151 0.135761 0
39.6258 29.2439 2.27132 0.819566 0.743514 1.79733 152457 0 0.797101 0.135662 1
-31.1916 -7.40325 1.06974 0.809161 0.906314 1.65317 98416 0 0.895324 0.13543 1
-54.9075 51.0319 0.400232 2.01652 4.5317 1.60193 183986 0 2.05153 0.135229 0
-50.0043 -11.7657 0.849308 0.850983 0.873409 1.73656 92273 0 -2.91511 0.134969 1
34.3495 57.4816 2.7927 2.29938 5.31892 1.95554 193625 0 -1.42062 0.134886 0
56.8341 20.9998 1.1867 0.834424 1.80441 1.76789 140343 0 -1.28611 0.134573 2
39.767 22.3415 2.04969 2.02276 4.67703 1.55889 142162 0 1.58147 0.134527 0
-9.48095 57.3188 1.4393 2.3739 5.57518 1.7023 193488 0 1.76699 0.134451 0
-63.8734 19.3799 0.366941 1.92989 4.22398 1.49886 137626 0 -1.29191 0.133992 0
31.5462 58.3175 2.41523 2.03188 4.59439 1.65047 195020 0 1.7805 0.133955 0
40.4925 28.0477 2.33955 2.04975 4.5356 1.72683 150588 0 1.6518 0.133905 0
55.8829 4.38894 1.83446 0.758881 0.768587 1.71622 116004 0 1.52307 0.133897 1
-30.9654 -7.21856 1.05166 0.86686 1.00621 1.6635 98885 0 1.4283 0.133813 1
-49.3649 44.1153 0.483546 0.895974 0.985829 1.7859 173707 0 -1.10987 0.133005 1
20.6183 67.5564 1.71583 2.30658 5.30619 1.71969 208558 0 1.52054 0.132899 0
15.0778 8.11582 0.797571 0.789179 1.20912 1.44488 121493 0 -1.96087 0.132786 1
14.8495 8.35386 0.796929 0.787433 0.988884 1.34699 121960 0 -2.33145 0.132454 1
55.5558 5.83247 2.02221 0.794681 0.812517 1.70094 118343 0 -1.74997 0.132249 1
-49.1991 44.1241 0.479501 0.874469 0.932172 1.78446 173708 0 -1.11016 0.132198 1
-22.2084 19.606 0.856744 2.22415 5.11288 1.80864 138224 0 1.738 0.132122 0
-51.7315 40.1955 0.603394 1.88578 4.09777 1.59705 168084 0 -1.23756 0.131863 0
39.5076 27.9855 2.17764 1.20668 1.81969 1.77562 150585 0 1.63623 0.131541 0
-56.7943 24.5122 0.499002 1.88989 4.23067 1.56167 145136 0 1.76775 0.131213 0
-9.41195 56.5825 1.47856 2.07782 4.70113 1.68848 192084 0 1.33426 0.130915 0
37.926 30.5986 2.24842 1.99408 4.36717 1.55995 154324 0 1.54989 0.13048 0
70.8717 27.28 1.83625 2.08136 4.74191 1.78516 149747 0 -1.67722 0.130356 0
39.2198 28.0384 2.19715 2.01357 4.37988 1.78156 150584 0 1.62704 0.130218 0
-49.8329 -11.7657 0.850495 0.825404 0.845385 1.71023 92274 0 -2.90592 0.12999 1
4.52929 40.0553 1.43339 1.87092 4.11911 1.62398 168260 0 1.87848 0.129849 0
-36.3724 -7.00195 1.17569 0.787111 0.908619 1.49555 99336 0 0.066372 0.129707 0
-66.8133 9.02306 1.9204 0.784873 1.26501 1.7911 122641 0 -2.42503 0.12964 1
-50.1919 -5.91008 0.941716 0.831051 0.870454 1.74227 100697 0 1.30587 0.129399 1
55.4683 6.51586 1.77498 0.759635 0.796334 1.64212 119279 0 -1.67887 0.129195 1
