-23.8633 11.4355 0.805215 2.28171 5.00994 1.86236 126051 0 -1.3294 0.943409 0
4.62373 -5.16103 0.887274 2.28 5.11501 1.91831 101804 0 0.000635086 0.928875 0
11.9927 21.5403 1.22494 2.16645 5.26344 1.76844 141139 0 1.77864 0.922947 0
-8.19663 12.6988 0.792879 2.08406 4.8537 1.50839 127972 0 -1.39332 0.921999 0
-9.01103 10.0249 0.956796 2.24962 4.98741 1.86022 124225 0 -1.36956 0.918376 0
-22.4911 16.4627 0.656569 1.99458 4.42724 1.59621 133543 0 1.87185 0.915621 0
32.8 19.4464 1.77171 1.95603 4.50024 1.59118 137928 0 -1.5409 0.913518 0
20.6942 21.5566 1.60978 2.20675 4.88656 1.79627 141166 0 1.63578 0.91332 0
-16.07 -3.03255 1.07274 2.31119 5.30208 1.98351 105015 0 2.18049 0.912031 0
20.326 27.1409 1.7169 2.2097 5.05301 1.89637 149121 0 1.67266 0.907343 0
-8.06339 15.3197 1.06083 2.43267 5.93768 2.00875 131716 0 -1.38156 0.906119 0
5.2765 4.1925 0.775528 2.08294 4.61783 1.50102 115846 0 1.41932 0.901776 0
-2.34152 15.301 0.789806 2.00772 4.76023 1.41639 131734 0 -1.31359 0.899121 0
-2.6755 11.6569 0.940255 1.88564 4.15661 1.59328 126585 0 1.68701 0.898005 0
50.1626 21.9916 1.79244 2.17346 4.87858 1.86108 141726 0 -1.61376 0.88662 0
20.3805 64.1889 1.08963 2.13807 4.98662 1.60417 203409 0 1.55275 0.880605 0
0.813538 28.586 1.13859 2.17434 5.00645 1.89501 151400 0 1.78473 0.880375 0
-0.855186 23.285 1.05225 1.9163 4.39137 1.66944 143439 0 1.76981 0.872285 0
-0.921921 -5.66772 0.753942 2.03529 4.49925 1.53043 101319 0 -0.0309946 0.868204 0
20.5729 18.9452 1.62627 2.23642 5.09283 1.84213 137422 0 1.56889 0.867269 0
9.81299 13.3727 0.892653 1.99063 4.59253 1.45221 128964 0 -1.37938 0.864522 0
-0.772598 20.6611 0.875194 1.98236 4.7112 1.46775 139695 0 1.77657 0.858917 0
-1.7479 17.8306 0.868733 2.00269 4.65987 1.50997 135480 0 1.85342 0.852277 0
-7.48955 18.0532 0.849528 2.08425 4.87224 1.4626 135930 0 -1.30608 0.851434 0
-5.55617 26.1666 0.858362 2.08038 4.70659 1.47301 147636 0 -1.35744 0.850708 0
13.2714 24.0819 1.32506 2.10764 4.84583 1.72643 144887 0 -1.42498 0.845104 0
-28.9292 9.53268 0.605685 2.07079 4.42322 1.61524 123227 0 1.85015 0.843772 0
-27.9789 15.4357 0.748444 2.25636 4.90581 1.88782 132122 0 -1.2722 0.842603 0
-43.4483 -5.1991 1.05479 2.03021 4.65163 1.50094 101654 0 0.0242433 0.836634 0
-3.48898 -5.37005 0.788558 2.1161 4.84764 1.54785 101779 0 -0.0595721 0.831811 0
20.6236 24.3816 1.45362 2.03991 4.67516 1.56295 145378 0 1.60952 0.82794 0
5.84435 45.5486 0.909283 1.98835 4.56515 1.5283 176220 0 1.81693 0.82762 0
37.8238 19.5846 2.00278 2.07974 4.89266 1.78871 138412 0 1.54947 0.824704 0
1.65995 -5.6972 0.762142 1.97644 4.23545 1.5566 101327 0 -0.034232 0.824673 0
15.4729 32.0765 1.47022 2.16059 5.03388 1.8951 156594 0 -1.34994 0.823617 0
0.167809 25.835 0.974947 1.98276 4.65228 1.49127 147186 0 1.73245 0.821759 0
14.5437 29.3069 1.14298 2.04025 4.73928 1.55026 152379 0 -1.40069 0.813868 0
-42.4068 11.2579 0.745207 2.15697 4.78399 1.85943 125993 0 1.8219 0.813478 0
70.591 19.7734 1.46442 1.99316 4.44634 1.71318 138514 0 -1.49026 0.811273 0
11.0543 15.9388 0.951184 1.96772 4.54002 1.43934 132712 0 -1.39956 0.804054 0
-29.2063 -0.118889 0.786607 2.13003 4.79957 1.50088 109186 0 -1.62057 0.797775 0
-40.5528 16.2606 0.700054 2.17927 4.97193 1.97656 133019 0 -1.2871 0.792418 0
-46.2233 -4.91992 1.1081 2.07126 4.74743 1.69395 102113 0 0.0234911 0.791491 0
-6.86823 20.4044 0.842424 2.02238 4.62017 1.45758 139208 0 -1.33077 0.790133 0
20.2199 15.3906 1.61672 2.06884 4.64926 1.62543 132273 0 1.56624 0.789987 0
11.0847 18.9318 0.973835 1.90765 4.29507 1.50906 137392 0 -1.36471 0.782443 0
5.95662 48.4942 1.19059 1.98656 4.58502 1.81725 180432 0 1.8451 0.780714 0
-5.00055 28.9124 1.04835 2.10005 4.59301 1.57917 151850 0 -1.37421 0.776115 0
-58.7125 19.653 0.590931 2.06097 4.45637 1.647 138110 0 1.93223 0.774156 0
70.5935 22.795 1.29745 1.98577 4.44654 1.56243 143194 0 1.60625 0.768166 0
-38.566 24.4051 0.745369 2.66252 6.23291 2.19265 145193 0 -1.2183 0.767429 0
-34.727 -3.88892 1.1118 0.920498 0.873473 1.69921 103553 0 1.62686 0.76587 1
3.32133 36.7413 0.90307 1.84307 4.23825 1.42646 163108 0 1.83 0.764373 0
4.66907 42.481 0.971697 1.9644 4.51026 1.51951 171536 0 1.79806 0.756036 0
19.7304 67.0933 1.1909 2.08363 4.79444 1.66168 207619 0 1.58114 0.753439 0
-0.914116 16.4559 0.922969 0.836557 0.83273 1.66784 133611 0 -1.45251 0.75271 1
-46.0051 5.38156 0.653098 0.830801 0.907222 1.72111 117090 0 -1.93849 0.748948 1
-6.26672 23.6225 0.847474 2.01911 4.68608 1.47134 143890 0 -1.34659 0.741304 0
55.2602 4.68388 1.74197 0.822176 0.825445 1.8318 116470 0 1.5251 0.74013 1
58.035 21.503 1.4469 2.05921 4.71666 1.54718 141283 0 1.57135 0.739215 0
-60.9068 14.3207 0.482835 1.97177 4.47252 1.56989 130147 0 1.91103 0.739196 0
3.62997 39.8932 1.0983 1.99012 4.44972 1.72784 167789 0 1.84194 0.73389 0
32.4681 49.1896 1.80381 2.02826 4.60172 1.56574 181451 0 -1.64175 0.728379 0
38.5811 22.5793 1.759 1.97053 4.54989 1.51376 142626 0 1.59147 0.721547 0
16.7827 37.3095 1.10725 2.11655 4.96728 1.63109 164086 0 -1.30369 0.718105 0
1.80163 34.0064 1.01 2.16381 5.0527 1.60916 159359 0 -1.29166 0.714456 0
-7.50711 64.0916 1.18239 2.02282 4.56901 1.56158 203322 0 -1.30989 0.703526 0
13.9596 26.7267 1.16154 2.02537 4.70093 1.56267 148633 0 -1.4251 0.702273 0
17.1617 40.1023 1.25926 1.96295 4.32791 1.88168 168299 0 -1.30289 0.701724 0
58.0937 13.0077 1.59624 0.976314 0.989194 1.7528 128647 0 -2.76707 0.701476 1
-16.4527 52.9996 1.02485 2.01747 4.58165 1.50726 186914 0 -1.2334 0.679291 0
-18.7648 27.0821 0.963457 2.29976 5.69522 1.93163 148999 0 -1.29209 0.678323 0
32.8086 52.2954 1.86118 2.13243 4.85014 1.77356 186132 0 -1.54413 0.663488 0
-20.3588 21.9913 0.800109 2.05757 4.6214 1.67012 141506 0 -1.3227 0.657602 0
-38.5505 -0.0665283 0.886062 2.13888 4.68048 1.57824 109157 0 -1.60897 0.640111 0
20.6307 30.2934 1.47039 2.00938 4.57114 1.48297 153802 0 1.67276 0.633382 0
-21.9326 19.2527 0.750291 2.12838 4.60903 1.759 137757 0 -1.25272 0.628296 0
-9.12495 61.6901 0.870659 1.95334 4.45002 1.4736 199573 0 -1.30468 0.617833 0
33.1238 22.7982 1.67834 1.93434 4.36141 1.44508 143077 0 -1.61078 0.61644 0
-29.2292 59.3941 0.546764 2.06442 4.77244 1.66428 196234 0 -1.25444 0.612655 0
-4.3315 31.4651 0.873153 2.01636 4.74272 1.43814 155596 0 -1.32706 0.60701 0
69.9606 26.172 1.40559 2.06701 4.51633 1.71636 147872 0 -1.46243 0.585243 0
51.9935 6.33846 1.63785 0.848647 0.908695 1.7168 118800 0 1.20456 0.578814 1
-59.6616 16.8681 0.352552 1.91347 4.29272 1.4869 133895 0 1.90809 0.575252 0
51.9987 6.4465 1.64856 0.842419 0.906489 1.71597 119268 0 0.691347 0.569866 1
-63.8148 23.5591 0.261566 2.06282 4.65903 1.54031 143710 0 -1.37588 0.539377 0
-10.1216 57.0412 1.12998 2.25834 5.34313 1.71358 193018 0 1.72212 0.537966 0
60.4016 4.54546 1.72664 0.873052 0.953037 1.814 116486 0 -1.6527 0.524105 1
54.2436 6.5565 1.6291 0.913751 0.928522 1.73108 119275 0 -1.8264 0.523667 1
38.5755 25.4888 1.97578 2.10303 4.73382 1.70797 146838 0 1.52979 0.518347 0
18.7303 45.6412 0.859518 2.01186 4.65885 1.61197 176260 0 -1.26771 0.514076 0
24.9078 -6.92741 1.62827 0.890694 0.88225 1.59274 99527 0 -1.63072 0.512307 1
-49.0647 -4.34831 0.805834 1.99051 4.445 1.52883 103040 0 -0.0556224 0.507331 0
-0.159363 46.9281 1.25476 2.0923 4.92109 1.64182 178073 0 -1.35865 0.502063 0
55.8745 5.83875 1.54675 0.745443 0.747918 1.5015 118344 0 -1.43555 0.49734 1
60.5718 4.58002 1.69247 0.908342 1.59848 1.85542 116487 0 -1.72943 0.496418 1
20.3336 69.9481 1.32925 1.98902 4.42388 1.69666 211833 0 1.56326 0.488014 0
-31.4758 -5.50936 1.24901 0.855204 0.938636 1.77457 101223 0 1.64972 0.48529 1
-3.71006 34.0001 0.859896 1.98818 4.67439 1.39464 159342 0 -1.27054 0.483819 0
-51.0669 -5.97992 1.0512 0.740456 0.740679 1.75616 100694 0 1.62529 0.469358 1
-2.04659 38.9467 1.24782 1.84671 4.32115 1.43577 166367 0 -1.16954 0.466344 0
54.8521 5.36592 1.78504 0.804731 0.782861 1.79694 117405 0 -1.5997 0.461935 1
19.6937 73.126 1.25113 2.00263 4.51121 1.647 216511 0 1.60059 0.460669 0
9.44033 10.7028 0.877059 1.94585 4.57385 1.47782 125219 0 -1.3313 0.454718 0
-49.9711 45.7071 0.12542 0.883 0.882496 1.77189 176045 0 2.06043 0.449458 1
32.4695 57.7551 1.94628 2.07685 4.68993 1.6658 194087 0 -1.53684 0.447834 0
-49.9756 45.8063 0.140051 0.894353 0.90155 1.78918 176513 0 2.5414 0.434718 1
-49.8751 45.8017 0.161268 0.881533 0.886488 1.77678 176514 0 -1.45391 0.429732 1
-52.9156 40.8138 0.37615 1.97326 4.45147 1.57936 169016 0 -1.01394 0.425935 0
-59.4103 17.0642 0.36551 1.76504 3.94632 1.43828 134364 0 1.94427 0.421122 0
20.0002 73.3903 1.28772 2.24715 5.13771 1.82954 216980 0 1.53008 0.420743 0
-50.1182 44.5997 0.145234 0.861026 0.88838 1.7583 174641 0 1.98919 0.419486 1
0.165131 47.1279 1.25529 2.01555 4.73505 1.60049 178542 0 -1.37824 0.419095 0
20.9158 30.5367 1.47228 2.04282 4.69117 1.47675 154271 0 1.71505 0.41858 0
-31.4746 -5.39435 1.24858 0.876928 1.10893 1.76691 101691 0 1.56047 0.41595 1
2.31709 33.8268 0.899973 1.78029 4.00238 1.40984 158893 0 -1.30899 0.408608 0
-4.29327 34.1248 0.915582 1.9629 4.53692 1.38338 159340 0 1.40611 0.406398 0
-51.4142 -6.62329 1.01413 0.723844 0.732234 1.68819 99757 0 1.61416 0.399856 1
54.8472 5.5119 1.80912 0.834041 0.823744 1.82262 117873 0 -1.60823 0.395392 1
-52.6881 41.082 0.372952 1.99206 4.45924 1.58372 169485 0 -0.789576 0.392701 0
32.4415 67.0583 1.85055 2.10304 4.8452 1.56012 207659 0 -0.761458 0.39059 0
-49.759 12.6601 0.629674 1.98524 4.40567 1.75906 127842 0 1.65102 0.389 0
55.2633 4.88216 1.74451 0.841642 0.835142 1.82744 116938 0 1.39954 0.387985 1
-9.80659 56.8622 1.19094 2.07072 4.81115 1.62486 192551 0 -0.218279 0.384923 0
39.1493 25.7238 1.9745 2.11237 4.74973 1.73694 147308 0 1.4891 0.375066 0
55.4418 4.93627 1.66803 0.799494 0.80654 1.74426 116939 0 1.434 0.374789 1
57.3876 6.47906 1.65852 0.757814 0.720405 1.67941 119285 0 -1.4214 0.372275 1
-54.2593 -4.33331 0.919156 0.789777 0.803513 1.76851 103024 0 1.59365 0.368783 1
-51.0846 -6.12136 1.083 0.775807 0.769027 1.75464 100226 0 1.62762 0.354891 1
-39.4561 24.8331 0.879418 2.86704 7.70101 2.51054 145658 0 -1.22268 0.353047 0
-2.38314 39.1296 1.25559 1.89102 4.31665 1.43154 166834 0 1.60517 0.352391 0
-4.62098 34.3254 0.981035 1.98083 4.48534 1.39881 159807 0 1.85585 0.350995 0
-23.1982 19.7012 0.745409 2.07575 4.71362 1.73475 138221 0 1.87296 0.345401 0
-9.82809 57.0226 1.17153 2.20332 5.09289 1.63686 193019 0 1.26777 0.33892 0
-37.2405 -7.15403 1.25847 0.743631 0.761422 1.57958 98865 0 -0.0252465 0.338208 1
58.272 12.9923 1.58697 0.975687 1.02941 1.75953 128648 0 -2.73762 0.336232 1
54.4907 6.49788 1.61641 0.894681 0.907915 1.72525 119276 0 -1.7697 0.333179 1
70.939 4.68963 1.58497 0.814462 0.858953 1.7584 116519 0 -1.64007 0.332427 1
57.3836 6.34498 1.65089 0.766184 0.705558 1.66555 118817 0 -1.3372 0.329824 1
32.4924 54.9094 1.78653 1.96452 4.30013 1.54687 189875 0 -1.56046 0.329232 0
27.1431 -8.05855 1.79282 0.845278 0.879839 1.67312 97662 0 1.34548 0.329009 1
20.0357 70.1702 1.2891 1.91698 4.18822 1.64979 212300 0 1.53798 0.32871 0
31.8864 57.7846 1.91132 1.87665 4.08849 1.53347 194085 0 -1.55582 0.325806 0
-51.2792 -6.21332 1.06801 0.781764 0.799238 1.78104 100225 0 1.67588 0.323485 1
-48.8232 12.6235 0.67472 2.06652 4.60316 1.77662 127845 0 1.71282 0.321924 0
-0.87355 16.2873 0.930213 0.892607 0.869035 1.66941 133143 0 -1.45748 0.321065 1
32.1721 58.016 1.91676 2.03893 4.58598 1.62619 194554 0 -1.54191 0.319566 0
32.7995 34.4547 1.87719 1.95066 4.33135 1.59015 159924 0 -1.64724 0.31848 0
-47.8402 12.3777 0.712642 2.00917 4.4401 1.71824 127380 0 -1.4349 0.315072 0
-58.4932 -7.54585 0.938079 0.787999 0.796789 1.7113 98331 0 0.0337915 0.307016 1
-51.4219 -6.77537 1.00058 0.733386 0.704074 1.692 99289 0 1.61241 0.30679 1
16.2576 37.55 1.10132 1.77126 3.96085 1.55588 164552 0 -1.33463 0.306289 0
14.1292 8.12661 0.799054 0.676721 0.73612 1.16902 121490 0 -2.71675 0.305957 1
56.031 5.84749 1.55741 0.774477 0.783367 1.52922 118345 0 -1.44844 0.304238 1
33.1315 55.1791 1.82093 2.02393 4.48957 1.61677 190345 0 -1.56091 0.303784 0
-35.6176 -7.14809 1.23364 0.782395 0.884078 1.57009 98870 0 0.00505504 0.303058 1
-46.1029 5.46617 0.663637 0.883437 0.975462 1.74588 117557 0 -2.02601 0.302227 1
8.81463 7.55504 1.17328 0.809462 0.86455 1.75065 120537 0 -0.693135 0.30185 1
55.4644 5.19562 1.63304 0.714574 0.755234 1.65842 117407 0 -1.49318 0.300983 1
17.6698 39.924 1.27988 2.24382 5.27226 1.97231 167833 0 -1.26688 0.299952 0
-57.7445 22.2409 0.485025 1.98145 4.47763 1.52715 141857 0 1.88064 0.298067 0
-5.61489 29.1553 1.08495 2.32203 5.24335 1.62164 152316 0 -1.38077 0.295884 0
20.6261 69.6783 1.32017 2.04926 4.61412 1.7302 211366 0 1.57361 0.29442 0
70.4772 26.3385 1.38254 2.33472 5.44086 1.88868 148342 0 -1.51895 0.292312 0
14.034 8.12624 0.788179 0.646779 0.710462 1.17658 121489 0 -2.52229 0.289459 1
-35.4574 -7.13628 1.21767 0.788821 0.864435 1.57368 98871 0 0.0261026 0.287349 1
-63.5693 23.2769 0.25869 1.85524 4.10661 1.46552 143243 0 -1.48127 0.285411 0
37.9547 25.7019 1.9839 2.12201 4.81089 1.68113 147304 0 1.56005 0.28538 0
4.96413 42.2088 0.961757 1.68245 3.67866 1.45056 171069 0 1.77051 0.285125 0
38.553 28.5751 1.98885 2.18488 4.97211 1.77991 151518 0 1.57848 0.284351 0
-63.5565 24.0738 0.236082 2.08045 4.61282 1.55138 144647 0 -1.13535 0.283947 0
-18.0668 32.5068 0.9892 2.33658 5.46188 1.81991 156957 0 -1.29505 0.283883 0
19.3919 72.8817 1.16666 1.74169 3.82219 1.49367 216042 0 1.64611 0.282211 0
20.2795 72.8692 1.29323 2.19519 5.09837 1.81069 216045 0 1.65942 0.281139 0
54.5534 6.33964 1.62856 0.80669 0.831013 1.69012 118808 0 -1.68856 0.280296 1
-39.1662 0.0559616 0.931945 2.14864 4.66465 1.61766 109623 0 -1.56836 0.280056 0
55.1982 5.23972 1.71059 0.757415 0.768786 1.74982 117406 0 -1.56974 0.279714 1
20.3573 30.8067 1.4069 1.96331 4.43888 1.50968 154737 0 1.71569 0.279132 0
-51.237 -5.97131 1.03857 0.814595 0.842425 1.79369 100693 0 1.92011 0.278168 1
-58.6278 -7.5465 0.921376 0.756266 0.789978 1.68604 98330 0 -0.333293 0.27719 1
38.8611 31.54 2.0722 2.033 4.50938 1.58335 155731 0 -1.62793 0.27663 0
54.0452 6.55165 1.62849 0.908809 0.948305 1.72315 119274 0 -1.86151 0.272735 1
37.9258 28.3743 1.96429 2.14051 4.84474 1.7056 151048 0 1.54246 0.26817 0
-58.0449 33.4021 -0.0922631 0.896974 0.99447 1.77787 158236 0 1.84505 0.26734 1
31.8349 36.9829 1.57898 1.98125 4.54152 1.52904 163665 0 -1.60803 0.267005 0
37.5748 31.2552 1.94288 1.93884 4.41482 1.4736 155259 0 1.41929 0.26577 0
60.927 4.86754 1.57841 0.700859 0.827048 1.57585 116956 0 -1.82412 0.263532 1
19.3975 73.3781 1.22353 1.9488 4.32243 1.60996 216978 0 1.51436 0.263149 0
-28.709 59.1187 0.579803 1.75722 3.74593 1.5533 195768 0 -1.29603 0.262871 0
-0.4198 46.6374 1.23921 2.01369 4.54961 1.61983 177604 0 -1.32822 0.261919 0
60.914 4.65673 1.61012 0.717963 0.981907 1.67009 116488 0 -1.71615 0.261259 1
-57.7469 16.7766 -0.0704986 0.83592 1.41298 1.79393 133901 0 2.39616 0.260753 2
-49.1325 12.3968 0.646668 1.98794 4.42046 1.73161 127376 0 1.63252 0.258783 0
32.537 22.6321 1.61609 2.00332 4.66398 1.47664 142607 0 -1.59217 0.255752 0
-59.6805 34.4083 0.190155 1.99523 4.4562 1.62751 159635 0 2.18697 0.251835 0
44.5928 2.66229 1.82755 0.767041 1.43733 1.44892 113629 0 -2.19824 0.248236 1
-1.43326 18.6866 0.853454 0.783083 0.896365 1.49328 136885 0 0.902582 0.247532 1
13.6861 26.5002 1.17815 1.95832 4.43013 1.58323 148164 0 -1.40931 0.244656 0
-51.5669 -6.61613 0.992701 0.754072 0.768583 1.71216 99756 0 1.62871 0.244592 1
14.0424 29.3189 1.10877 1.72623 3.78459 1.45556 152377 0 -1.40459 0.243041 0
14.0394 10.6971 1.33799 0.792291 0.872597 1.71032 125233 0 -1.4558 0.243039 1
57.8909 13.0108 1.59035 0.983931 1.0369 1.78223 128646 0 -2.77393 0.242893 1
39.5073 25.4943 1.91841 1.97998 4.46448 1.66225 146841 0 1.51062 0.24286 0
-63.2955 23.5659 0.255691 1.75426 3.7511 1.43695 143712 0 -1.28613 0.242735 0
56.7946 32.4848 1.83772 2.08036 4.68647 1.78541 157191 0 1.5193 0.241941 0
33.128 37.2703 1.75124 2.02462 4.48664 1.6179 164137 0 -1.66898 0.241624 0
51.8031 6.31241 1.66359 0.892058 0.942989 1.75691 118799 0 -1.77091 0.241257 1
-37.0625 -7.17634 1.25792 0.801829 0.858686 1.60637 98866 0 -0.0752436 0.240856 1
-50.2806 44.6416 0.158805 0.881108 1.05685 1.78674 174640 0 2.06629 0.240646 1
-50.717 -11.9201 1.07518 0.800666 0.788739 1.73186 91803 0 -2.75598 0.240453 1
52.1994 6.47394 1.64581 0.869558 0.936935 1.73201 119269 0 0.587345 0.240232 1
19.0891 73.105 1.15729 1.71799 3.79142 1.47866 216509 0 1.62279 0.239771 0
32.4745 68.3476 2.05941 2.19135 4.72447 1.79021 209531 0 -0.444439 0.239213 0
-51.7295 -4.95454 0.754903 1.95254 4.13853 1.56068 102096 0 -3.13751 0.238458 0
-60.4348 14.2275 0.514165 1.65713 3.48204 1.51284 130149 0 1.95521 0.238231 0
72.1764 28.6464 1.13292 1.9648 4.41442 1.60744 151623 0 -1.53968 0.236252 0
9.23093 10.708 0.880628 1.90984 4.44804 1.47626 125218 0 0.892204 0.235377 0
0.678192 25.8021 0.989778 1.7195 3.7351 1.44727 147188 0 1.75548 0.235119 0
-50.72 -11.7577 1.10664 0.826014 0.815563 1.7713 92271 0 -2.49953 0.234415 1
20.8906 70.1686 1.37229 2.24644 5.20456 1.90445 212303 0 1.54274 0.234064 0
32.1462 37.2306 1.62406 1.9603 4.37384 1.54687 164134 0 -1.64498 0.234007 0
33.696 22.6393 1.72877 1.96265 4.40304 1.53481 142611 0 -1.59599 0.232252 0
32.7868 36.9909 1.74604 2.00162 4.47926 1.57856 163668 0 -1.60506 0.231674 0
27.2419 -7.96517 1.80983 0.900728 0.899916 1.70454 98131 0 1.27254 0.230312 1
52.1917 6.32124 1.63622 0.871849 0.929024 1.72524 118801 0 0.637259 0.230258 1
37.3025 28.5928 1.9113 2.03986 4.50978 1.59319 151514 0 1.55122 0.230125 0
54.271 6.35496 1.61816 0.87782 0.90319 1.71477 118807 0 -1.8168 0.228813 1
33.442 55.4771 1.85805 2.06715 4.64518 1.66473 190814 0 -1.56479 0.228411 0
17.4199 40.3674 1.23451 2.12904 4.81764 1.93539 168768 0 -1.36499 0.228239 0
-51.5667 -6.78414 1.00278 0.739253 0.725524 1.71421 99288 0 1.54547 0.228158 1
39.1789 28.3729 2.00915 2.22556 4.97449 1.88128 151052 0 1.60477 0.227772 0
20.0847 30.5116 1.38924 1.97093 4.42422 1.5441 154268 0 1.66032 0.227158 0
-64.0934 23.2551 0.268954 2.17016 4.95724 1.60169 143241 0 -1.57394 0.226782 0
-59.6727 34.6846 0.217431 2.09587 4.71963 1.69553 160103 0 -1.28138 0.224995 0
-53.2045 40.5193 0.346494 2.09527 4.80191 1.64422 168547 0 -1.16478 0.223478 0
-37.2459 -6.98636 1.31363 0.775502 0.830464 1.57181 99333 0 -0.0481267 0.222946 1
32.2592 52.2952 1.833 1.88295 4.0601 1.62369 186130 0 -1.57565 0.222845 0
51.7939 6.46834 1.66473 0.919658 0.961799 1.76059 119267 0 0.284303 0.222259 1
-51.9339 -4.96304 0.762109 1.96565 4.26855 1.59058 102095 0 2.09827 0.221654 0
-50.119 44.4492 0.18496 0.846553 0.904349 1.76 174173 0 2.28306 0.220438 1
58.0482 24.1898 1.40526 2.01417 4.52047 1.57029 145027 0 1.55743 0.220122 0
-59.695 34.1211 0.150111 1.93361 4.26948 1.58404 159167 0 1.91064 0.219875 0
32.4798 68.6175 2.17094 2.28031 4.99634 1.88616 209999 0 -2.84648 0.218352 0
61.2358 4.65196 1.58968 0.733721 0.779542 1.50891 116489 0 -1.53471 0.218017 1
20.3019 73.6881 1.32531 2.46096 5.97134 2.07481 217449 0 1.43586 0.216796 0
33.0775 57.4753 1.97765 2.2091 5.1658 1.80962 193621 0 -1.50965 0.216122 0
-48.864 -4.8559 0.883444 2.12531 4.83285 1.62809 102105 0 -0.0249585 0.216016 0
56.0372 5.69807 1.57485 0.799343 0.807855 1.53834 117877 0 -1.42637 0.215617 1
44.5532 6.18683 1.79364 0.831078 0.884663 1.72081 118777 0 1.56171 0.215077 1
31.8834 67.3232 1.82865 2.12509 4.79431 1.65612 208125 0 -0.784391 0.214578 0
31.2101 36.9784 1.51483 1.96098 4.49411 1.53186 163663 0 1.86462 0.21375 0
-54.2602 -8.21248 0.885183 0.837813 0.845634 1.68028 97408 0 -1.55725 0.213404 1
12.7678 23.9545 1.36259 1.81564 3.9175 1.66385 144417 0 -1.36273 0.212008 0
-34.8974 -3.9226 1.09913 0.94872 0.956883 1.71391 103552 0 1.59509 0.211777 1
-35.6233 -6.96976 1.2243 0.82897 0.942737 1.55237 99338 0 0.0233001 0.210866 1
-1.0147 16.285 0.945902 0.912545 0.881168 1.67821 133142 0 -1.42908 0.21063 1
-52.4051 40.5343 0.382977 1.55248 3.24848 1.49983 168550 0 -0.969403 0.209461 0
57.1295 32.1668 1.70882 2.12646 4.57055 1.80726 156724 0 1.46921 0.209251 0
57.2423 6.47871 1.68586 0.794316 0.759589 1.6726 119284 0 -1.18425 0.208824 1
71.8537 28.9378 1.10165 1.8511 4.06705 1.55283 152090 0 -1.55421 0.20805 0
-35.4539 -6.97639 1.227 0.833991 0.926731 1.54237 99339 0 0.0492772 0.207857 1
54.7848 6.30451 1.64141 0.768329 0.786144 1.66957 118809 0 -1.63953 0.206824 1
3.4343 39.6325 1.08211 1.91436 4.3258 1.74855 167320 0 1.85917 0.206767 0
18.1546 45.8877 0.882038 1.67854 3.70323 1.47817 176726 0 -1.32652 0.206746 0
38.8439 27.7144 1.93014 0.823295 0.826043 1.73819 150115 0 1.59409 0.205839 1
70.2124 25.8745 1.38509 2.27239 5.21518 1.85018 147405 0 -1.43682 0.205554 0
-0.883049 16.6761 0.941845 0.797999 0.886099 1.47677 134079 0 -1.42556 0.204669 1
55.7978 5.25546 1.59592 0.761302 0.795096 1.5944 117408 0 -1.48742 0.204551 1
16.4624 34.6852 1.09042 2.18574 5.04443 1.64247 160341 0 -1.35164 0.204522 0
-4.92756 31.7344 1.014 2.05014 4.67488 1.47366 156062 0 -1.3356 0.204146 0
6.46629 48.2658 1.18215 1.76458 3.8509 1.65481 179966 0 1.80688 0.203367 0
32.7149 67.0451 1.86842 2.06271 4.66621 1.57809 207660 0 -1.15574 0.203183 0
69.9261 26.6173 1.40136 2.01335 4.35923 1.68166 148808 0 -1.54904 0.202883 0
57.7347 32.4975 1.84583 2.02573 4.53872 1.70115 157194 0 1.56611 0.20261 0
9.45016 10.5257 0.883692 1.88612 4.47783 1.53155 124751 0 1.4904 0.202548 0
-1.05427 16.6899 0.958645 0.821153 0.910615 1.57297 134078 0 -1.2923 0.202142 1
33.3583 34.6832 1.80404 2.25378 5.20598 1.76334 160394 0 -1.68059 0.201752 0
-3.01168 39.2595 1.21329 1.83329 4.2222 1.43833 166832 0 1.83627 0.201665 0
-50.0427 12.3934 0.595605 2.07785 4.68275 1.7879 127373 0 1.61477 0.200538 0
-49.3396 -4.58394 0.832061 2.1245 4.90377 1.61681 102571 0 -0.00678949 0.199754 0
-54.4473 -4.32935 0.921614 0.798837 0.829617 1.81534 103023 0 1.51996 0.199615 1
39.1476 22.7649 1.78318 2.00878 4.60355 1.5349 143096 0 1.55339 0.199477 0
69.5872 28.9622 1.26036 1.81944 4.03878 1.57867 152083 0 -1.56063 0.198595 0
-59.404 34.688 0.185044 1.96746 4.33408 1.61139 160104 0 2.31777 0.198534 0
32.44 67.6461 1.92614 2.27045 4.96927 1.7152 208595 0 -0.0900216 0.197762 0
-58.4717 -7.74946 0.963352 0.833633 0.893823 1.73571 97863 0 0.116444 0.196807 1
30.2276 59.0434 1.80491 1.98717 4.46483 1.6121 195952 0 -3.05103 0.196768 0
38.5865 25.9944 1.99122 2.11977 4.75154 1.74793 147774 0 1.54399 0.196442 0
61.5772 4.59285 1.61101 0.714132 0.744141 1.57035 116490 0 -1.68656 0.196261 1
3.04964 37.1563 0.935508 2.11773 4.99635 1.54317 164043 0 1.90216 0.195568 0
-31.9134 -7.12719 1.2187 0.829795 0.868877 1.70109 98882 0 -2.06475 0.19525 1
57.7668 24.4413 1.47444 2.16318 4.89907 1.68492 145494 0 1.51517 0.195121 0
18.4733 45.3794 0.863485 1.84972 4.27412 1.56148 175791 0 -1.1935 0.194238 0
4.63079 42.9068 0.997489 2.16458 5.03828 1.6271 172472 0 1.83347 0.194141 0
-59.9454 17.3368 0.399952 2.12062 4.95496 1.63271 134830 0 1.93805 0.194049 0
38.852 25.2113 1.95162 2.06877 4.65006 1.72519 146371 0 1.52421 0.19285 0
-54.2503 -4.54709 0.895168 0.85079 0.961251 1.7613 102556 0 1.24034 0.192764 1
-57.4806 22.4945 0.44567 2.0032 4.47638 1.55226 142326 0 1.94933 0.192241 0
31.5607 58.0399 1.88495 1.82183 4.01017 1.51767 194552 0 -1.5597 0.192186 0
-39.7797 -0.12632 1.00304 2.27824 5.02833 1.72077 109153 0 -1.56437 0.19174 0
32.7979 54.6462 1.80325 1.96683 4.2871 1.59606 189408 0 -1.53906 0.191283 0
40.1133 25.7203 1.97388 2.08103 4.75996 1.74356 147311 0 -1.5951 0.190377 0
-1.1899 18.7158 0.880815 0.810503 0.856254 1.50545 136886 0 0.416879 0.188239 1
-51.9384 -5.24496 0.842452 2.1288 4.72166 1.71153 101627 0 3.05659 0.188228 0
55.7696 4.96972 1.62334 0.735229 0.749315 1.59639 116940 0 -1.50232 0.188198 1
70.9333 4.84 1.59614 0.863216 0.984757 1.78775 116987 0 -1.5806 0.187866 1
20.9216 29.9976 1.54833 2.0776 4.75319 1.51059 153335 0 1.67464 0.18782 0
57.242 6.32957 1.68398 0.770913 0.731403 1.6515 118816 0 -1.33982 0.187783 1
-7.12656 23.8694 0.868891 2.09356 4.79204 1.48065 144355 0 -1.38035 0.186445 0
32.2429 66.7767 1.78527 2.05978 4.67308 1.5706 207190 0 -0.446452 0.185773 0
55.2553 4.43431 1.70615 0.840332 0.840941 1.77776 116002 0 1.50963 0.185478 1
-32.0809 -7.12332 1.21396 0.805173 0.877877 1.6594 98881 0 -0.51113 0.184923 1
3.952 39.6346 1.08994 1.89221 4.18454 1.73357 167322 0 2.20421 0.18352 0
-0.285133 20.5235 0.936176 1.68955 3.66853 1.41536 139697 0 1.79497 0.182984 0
19.2989 45.3499 0.953245 2.27287 5.5529 1.80529 175794 0 -1.25509 0.182788 0
72.4376 28.918 1.19824 2.11352 4.70575 1.72003 152092 0 -1.55415 0.182406 0
58.1104 12.7687 1.61056 0.944213 1.00522 1.71899 128179 0 -2.99141 0.1822 1
44.3833 2.67084 1.81716 0.769864 1.6727 1.40309 113628 0 -2.09587 0.180573 1
33.4106 37.5707 1.73247 2.09801 4.69745 1.70266 164606 0 -1.72537 0.180435 0
-58.6383 -7.74663 0.948749 0.765194 0.865097 1.71705 97862 0 -0.0307813 0.180286 1
-15.2076 43.3254 1.15102 2.07754 4.60949 1.6573 172878 0 1.47652 0.180043 0
32.2225 48.9298 1.79648 1.83246 4.05789 1.51075 180982 0 -1.61007 0.179864 0
31.8941 67.1055 1.79495 2.01451 4.5809 1.58725 207657 0 -0.226728 0.179121 0
-6.83302 20.1171 0.83276 1.75139 3.72578 1.43676 138740 0 -1.34064 0.179047 0
54.23 6.79478 1.5961 0.906748 0.926181 1.72129 119743 0 -1.77403 0.178504 1
44.6149 2.49513 1.82249 0.794164 1.46163 1.41381 113161 0 -2.28634 0.178409 0
56.492 32.745 2.02551 2.12126 4.69251 1.76704 157658 0 1.57468 0.178369 0
44.9003 2.65731 1.86927 0.867078 1.99635 1.41501 113630 0 -2.44518 0.17815 0
-2.11107 -10.4072 0.143946 0.806226 1.62037 1.72501 94295 0 1.43511 0.177688 2
54.6966 5.36592 1.79819 0.817472 0.797691 1.77094 117404 0 -1.58301 0.177553 1
61.5996 4.38279 1.60514 0.760004 0.819778 1.63696 116022 0 -1.20094 0.177259 1
-48.6106 -4.3478 0.890115 1.8699 4.14394 1.52543 103042 0 -0.0535837 0.1769 0
-38.8653 -0.352119 0.913069 2.1497 4.64795 1.58619 108688 0 -1.66433 0.176377 0
-32.0844 -6.95935 1.2248 0.84968 0.91856 1.66299 99349 0 -0.758446 0.176375 1
-4.04263 34.2779 0.918208 2.05853 4.77966 1.40613 159809 0 -1.47964 0.175814 0
72.4464 28.3652 1.20065 2.09098 4.6576 1.69945 151156 0 -1.51371 0.175736 0
-9.51399 56.8261 1.20941 2.04736 4.56766 1.6275 192552 0 -1.30003 0.175311 0
32.1477 36.6832 1.64588 2.0507 4.65995 1.59004 163198 0 -1.70563 0.175058 0
32.2384 68.3362 2.01151 2.24536 4.83286 1.81439 209530 0 0.0124862 0.174563 0
55.5895 5.62813 1.60073 0.789153 0.804066 1.61687 117875 0 -1.53417 0.174409 1
70.8827 28.9663 1.11757 1.87577 4.16234 1.60799 152087 0 -1.52952 0.173736 0
32.7906 57.1852 1.90496 2.08804 4.66853 1.69169 193152 0 -1.48823 0.17323 0
-4.24671 33.8598 0.90437 1.93591 4.37139 1.38163 158872 0 -1.01 0.172418 0
-50.8431 -5.94187 1.06545 0.763826 0.773145 1.77169 100695 0 1.60466 0.170275 1
30.9073 36.9801 1.51746 1.99751 4.48773 1.54764 163662 0 1.58681 0.169705 0
69.2846 28.6745 1.31958 1.86165 4.17649 1.60181 151614 0 -1.56813 0.169088 0
-54.2625 49.0836 0.187918 0.719687 0.698209 1.63427 181180 0 0.445022 0.168498 1
60.6681 4.86723 1.6413 0.807738 1.34259 1.77381 116955 0 -1.73723 0.168478 1
54.6797 5.52403 1.80718 0.820931 0.813676 1.77633 117872 0 -1.58786 0.168374 1
-4.88065 31.2988 1.01457 1.91594 4.22185 1.38013 155126 0 -1.37371 0.167948 0
-31.9104 -6.95821 1.22544 0.83649 0.880038 1.68491 99350 0 -1.47393 0.167681 1
-49.7786 13.1852 0.635434 2.05833 4.56311 1.80576 128778 0 1.80082 0.166577 0
-54.2565 -4.11683 0.907657 0.770641 0.851284 1.78686 103492 0 1.55804 0.166438 1
32.8385 34.9613 1.82159 2.01371 4.47057 1.64209 160860 0 -1.82163 0.166283 0
-2.33075 -10.4149 0.0948922 0.782617 1.30488 1.71389 94294 0 1.51211 0.16503 2
57.5771 21.3486 1.4565 1.70043 3.95807 1.41994 140813 0 1.56683 0.164892 0
-57.1612 21.9624 0.471011 1.87513 4.17029 1.4876 141391 0 1.85849 0.164484 0
-67.6133 9.08043 2.06605 0.824532 0.942149 1.81069 122638 0 -1.33559 0.163346 2
38.2291 31.2756 2.02721 1.87116 4.12961 1.46739 155261 0 -1.49004 0.16317 0
44.9331 2.4473 1.88239 0.830774 1.7822 1.37329 113162 0 -2.38302 0.162961 0
31.8578 34.4225 1.86857 2.10684 4.56203 1.6972 159921 0 -1.66245 0.162903 0
57.4426 31.8492 1.67969 1.49388 2.34591 1.88032 156257 0 1.3531 0.16212 1
-0.822258 -9.47501 0.796474 0.787332 0.907139 1.61962 95703 0 -1.64271 0.161736 1
20.3302 70.4723 1.33103 2.0486 4.55893 1.74574 212769 0 1.52339 0.161712 0
31.5472 67.343 1.80784 2.10608 4.72814 1.69197 208124 0 1.39737 0.161265 0
69.3766 26.3857 1.43495 1.7705 3.69715 1.57392 148338 0 -1.51607 0.161013 0
-50.3041 12.9097 0.638695 2.18587 4.97774 1.88012 128308 0 1.69731 0.160576 0
33.3479 52.0833 1.97667 2.34926 5.75148 1.9669 185666 0 -1.41394 0.16026 0
-51.062 -5.71039 0.988527 0.798789 0.837709 1.79114 101162 0 1.89652 0.159944 1
19.2672 45.8518 0.961168 2.26723 5.42602 1.77596 176730 0 -1.34427 0.15951 0
61.2073 4.86742 1.62974 0.752905 0.81262 1.57445 116957 0 -1.8747 0.159261 1
-33.6975 -7.1615 1.22985 0.777519 0.820394 1.61929 98876 0 0.229434 0.159193 1
71.5392 28.6712 1.09879 1.81843 4.00746 1.54969 151621 0 -1.53876 0.158326 0
-61.9546 -10.0525 1.05632 0.759734 0.865491 1.69209 94576 0 -0.315316 0.157423 1
38.2581 31.7595 2.03153 2.00414 4.45637 1.54786 156197 0 1.32747 0.156941 0
55.6432 5.84241 1.55644 0.80273 0.811138 1.58984 118343 0 -1.45268 0.156881 1
32.4409 66.4557 1.83464 2.02355 4.61777 1.55379 206723 0 -0.144798 0.155983 0
-19.057 32.7791 0.991945 2.10902 4.6529 1.74476 157422 0 1.45245 0.155396 0
37.9514 25.2134 1.9958 2.01334 4.48225 1.66135 146368 0 1.54544 0.155267 0
37.0177 31.4359 1.91794 2.00564 4.47307 1.5073 155725 0 1.4573 0.15517 0
44.5553 6.03207 1.77445 0.859111 0.917506 1.72557 118309 0 1.53609 0.154779 1
54.7707 6.46571 1.62045 0.787912 0.804027 1.66649 119277 0 -1.7056 0.154688 1
18.7034 46.1273 0.867685 2.06074 4.68175 1.64101 177196 0 -1.37133 0.154382 0
-37.0643 -6.97768 1.28234 0.815182 0.882212 1.57304 99334 0 -0.0403287 0.153437 1
18.4043 74.4133 1.36555 2.07958 4.82597 1.64588 218379 0 0.160397 0.153335 0
39.4991 25.9986 1.98068 2.06785 4.56654 1.75055 147777 0 1.47671 0.152818 0
11.6526 74.3238 0.970103 0.739222 0.819116 1.61984 218358 0 -2.97302 0.152489 1
57.1557 31.8679 1.65086 1.99507 3.8389 1.87449 156256 0 1.3791 0.152201 0
-50.3414 44.8944 0.216525 0.86038 1.77966 1.81964 175108 0 2.19561 0.15204 2
25.0171 -7.05704 1.6388 0.954419 1.01966 1.55693 99060 0 -1.5559 0.15173 1
-33.5209 -7.17048 1.21186 0.816389 0.865388 1.66391 98877 0 0.269163 0.15165 1
37.2732 30.9607 1.92469 1.94397 4.27623 1.47533 154790 0 1.34967 0.151551 0
-48.5218 12.8581 0.665905 2.12616 4.72416 1.78206 128314 0 1.73932 0.151394 0
-62.178 22.619 -0.547693 0.857972 1.86315 1.89473 142311 0 1.42771 0.151268 2
30.8949 57.769 1.79946 1.84716 4.36437 1.4946 194082 0 -1.58108 0.150601 0
-8.07947 64.3938 1.14481 2.34032 5.86204 1.84468 203788 0 -1.29592 0.150328 0
29.9385 58.7806 1.79796 1.91632 4.24803 1.56677 195483 0 -3.05943 0.148954 0
32.7147 68.3535 2.07104 2.19646 4.7531 1.78035 209532 0 0.0890165 0.148739 0
69.9108 29.2199 1.1875 1.89566 4.12487 1.60456 152552 0 -1.51455 0.148631 0
3.34959 40.3418 1.09794 2.19307 5.05074 1.77584 168724 0 1.88224 0.148537 0
-1.76733 18.3104 0.824554 2.00366 4.67796 1.54004 136416 0 1.85083 0.148435 0
-63.8436 22.9671 0.258905 1.99856 4.49912 1.52842 142774 0 -1.66234 0.14842 0
28.6246 57.7676 1.82478 1.99929 4.51511 1.64924 194075 0 1.55607 0.147497 0
70.563 29.2361 1.1239 1.9422 4.25169 1.63404 152554 0 -1.55538 0.147219 0
58.2727 13.1578 1.58756 1.00939 1.17655 1.80119 129116 0 -2.48885 0.147118 1
44.3743 2.49821 1.79278 0.833993 1.84512 1.34226 113160 0 -2.36483 0.146026 0
-73.4562 -2.70447 0.445812 1.95759 4.29471 1.56809 105304 0 -1.27304 0.145758 0
-43.9832 26.3912 0.431353 2.104 4.69414 1.67827 147984 0 -1.20081 0.145733 0
-47.5433 12.0886 0.683915 2.01419 4.50352 1.7158 126913 0 -1.44493 0.145535 0
-14.9233 43.0608 1.08873 2.00224 4.47177 1.60159 172411 0 1.42062 0.144825 0
-58.073 33.2233 -0.104728 0.90441 1.21875 1.79109 157768 0 2.33797 0.144304 1
70.2306 28.6804 1.26263 1.85998 4.18662 1.5676 151617 0 -1.51606 0.144187 0
19.4412 66.8348 1.18274 1.86205 4.11508 1.57929 207150 0 1.60231 0.14414 0
-17.037 53.2436 1.03892 2.26441 5.66927 1.72062 187380 0 -1.23024 0.143456 0
-36.343 -7.83426 1.33234 2.0507 4.49865 1.63701 97932 0 -3.08733 0.143436 0
57.7248 31.842 1.73521 2.07914 4.31949 1.79352 156258 0 1.1034 0.143415 0
-50.9419 -11.9443 1.03543 0.833968 0.839674 1.72306 91802 0 -2.73552 0.143269 1
68.6657 28.9756 1.37677 1.86642 4.14735 1.61035 152080 0 -1.56864 0.143226 0
8.79635 7.70948 1.17116 0.839448 0.888592 1.75149 121005 0 -0.765209 0.143079 1
-25.8292 -8.77812 0.675359 0.800119 0.916149 1.71341 96561 0 -2.08409 0.142912 1
72.1534 29.2318 1.13212 2.03846 4.5334 1.65127 152559 0 -1.55281 0.14286 0
-36.9729 28.3309 0.312599 1.98577 4.38075 1.55845 150814 0 -1.33744 0.142846 0
-31.75 -5.55598 1.2374 0.881851 1.65962 1.7992 101222 0 1.60261 0.142802 2
71.531 29.2317 1.09288 1.83788 4.00348 1.53593 152557 0 -1.59469 0.142227 0
-34.9038 -3.79047 1.0844 0.965046 1.061 1.70623 104020 0 1.59147 0.142171 1
-58.0056 21.9992 0.469697 2.00456 4.55821 1.56305 141388 0 1.80915 0.141459 0
-50.1308 44.8671 0.214267 0.860466 1.49436 1.83085 175109 0 2.1966 0.14143 2
33.4234 23.0854 1.71843 1.97791 4.4203 1.50973 143546 0 -1.64769 0.141111 0
57.7874 21.0779 1.427 1.6817 3.71549 1.43689 140346 0 1.62161 0.141066 0
33.7329 55.7924 1.91728 2.14214 4.81981 1.73345 191283 0 -1.5727 0.141059 0
-37.2396 -7.40628 1.29531 0.779932 0.873594 1.62197 98397 0 0.0991709 0.140551 1
-33.7134 -6.94846 1.25695 0.854669 0.906403 1.63111 99344 0 0.596188 0.140494 1
3.36543 36.4555 0.909459 1.74126 3.95185 1.41335 162640 0 1.80089 0.14047 0
32.4948 37.5564 1.66515 2.00059 4.44269 1.57441 164603 0 -1.74211 0.140417 0
71.0859 19.928 1.51127 2.27462 5.32064 1.80703 138984 0 -1.56844 0.140387 0
71.8771 28.3703 1.12548 1.86723 4.16855 1.58024 151154 0 -1.52122 0.140283 0
33.139 37.8772 1.7136 2.04134 4.50707 1.65433 165073 0 -1.79738 0.140282 0
20.6335 31.1181 1.45061 1.98972 4.54796 1.51109 155206 0 1.79122 0.14011 0
-0.159088 46.3383 1.25955 1.91726 4.40961 1.57907 177137 0 -1.2963 0.139675 0
-59.9819 33.8066 0.182319 2.08701 4.6784 1.67113 158698 0 -0.813741 0.139563 0
56.1802 32.1915 1.92336 2.2541 5.2822 1.97171 156721 0 1.46733 0.139389 0
57.8701 13.1865 1.56938 0.964271 1.20894 1.80158 129114 0 -2.60721 0.139336 1
19.9966 72.5709 1.22543 1.97304 4.45412 1.6586 215576 0 1.69558 0.139213 0
31.2136 36.6906 1.53615 2.03996 4.68359 1.58529 163195 0 -2.13182 0.139167 0
-73.7422 -2.40384 0.479278 2.07267 4.59215 1.66104 105771 0 -1.30133 0.138999 0
-2.64467 38.9878 1.22606 1.68235 3.74394 1.39175 166365 0 1.76694 0.138932 0
-52.4099 41.3795 0.336616 2.12469 4.68114 1.64621 169954 0 -0.475962 0.138736 0
-54.2756 -8.40276 0.872607 0.874892 0.957342 1.71497 96940 0 -1.5753 0.138601 1
68.9654 29.2263 1.35341 1.92292 4.28386 1.61894 152549 0 -1.55118 0.138132 0
55.0148 4.673 1.73098 0.805642 0.814417 1.8216 116469 0 1.50095 0.137761 1
-58.7013 33.4362 -0.0225745 1.89427 4.63805 1.673 158234 0 2.61266 0.137671 0
17.4226 39.6488 1.27421 2.1167 4.91411 1.92909 167364 0 -1.1934 0.137174 0
57.7868 23.9193 1.42129 2.11067 4.65822 1.64363 144558 0 1.52945 0.136106 0
-8.57288 61.8164 0.95639 1.9459 4.2303 1.52506 200043 0 -1.32397 0.135868 0
32.4712 68.9196 2.2013 2.42399 5.46903 2.00046 210467 0 -3.11571 0.135864 0
-50.7321 -7.87402 1.07717 0.734588 0.709122 1.72911 97887 0 -1.46545 0.135733 1
33.0904 34.172 1.84471 2.06279 4.65242 1.63129 159457 0 -1.57598 0.135608 0
37.9174 28.8752 1.99532 1.99182 4.40825 1.60048 151984 0 1.56505 0.135473 0
16.1042 -9.66542 1.27394 0.830569 0.888522 1.66494 95288 0 1.42366 0.135263 1
-54.0428 -4.34126 0.899649 0.844402 0.956677 1.79679 103025 0 1.49059 0.135155 1
30.5329 58.7733 1.76465 1.82839 4.03666 1.51773 195485 0 -2.74078 0.134973 0
-13.9187 43.6828 1.03008 2.01538 4.51121 1.58325 173350 0 -1.89507 0.134924 0
-51.1383 -6.54066 1.02334 0.727946 0.729498 1.70766 99758 0 1.63788 0.134857 1
-34.7563 -4.23161 1.09888 0.843201 0.86584 1.64591 103085 0 1.66206 0.134689 1
57.4582 31.2069 1.60491 2.18721 4.70285 1.88947 155321 0 1.09917 0.134532 0
-2.04042 38.6855 1.2554 1.71528 3.92267 1.40092 165899 0 -1.2017 0.134013 0
19.0124 74.3749 1.35563 2.22188 5.2557 1.74502 218381 0 0.54417 0.13349 0
-0.832397 -9.67551 0.743655 0.845186 1.01425 1.59674 95235 0 -1.82236 0.133451 1
-33.5149 -6.94843 1.24814 0.864569 0.927059 1.67505 99345 0 0.831774 0.133275 1
-59.3966 34.9797 0.21667 2.10851 4.70378 1.69802 160572 0 -1.0516 0.133258 0
-50.505 -11.9235 1.08708 0.778231 0.764771 1.72628 91804 0 -2.89353 0.132954 1
-57.8755 33.4173 -0.169716 0.859187 0.97258 1.75598 158237 0 1.73033 0.132589 1
-18.7217 32.7281 1.01564 2.18036 4.8219 1.789 157423 0 -1.05329 0.132303 0
-18.6859 32.5535 1.00071 2.13622 4.76908 1.76369 156955 0 0.761142 0.131915 0
55.8692 32.483 2.13107 2.22787 5.12587 1.8926 157188 0 1.51805 0.131495 0
71.1087 4.85422 1.58643 0.859285 1.40976 1.79867 116988 0 -1.71453 0.131427 2
-5.51522 28.7605 1.0832 2.02432 4.48281 1.56287 151380 0 -1.39952 0.13142 0
-52.6657 40.2663 0.363016 1.63466 3.44396 1.47424 168081 0 -1.17258 0.131277 0
-17.1315 32.2292 0.989059 2.10567 4.75571 1.77217 156492 0 -1.3268 0.131191 0
51.9921 6.01936 1.5919 0.859226 0.927028 1.7252 118332 0 0.926469 0.131124 1
33.1133 36.7103 1.80949 2.03433 4.51171 1.64339 163201 0 -1.55252 0.13098 0
-60.986 14.7479 0.455045 2.10462 4.86769 1.61744 131083 0 1.96769 0.130507 0
56.0934 5.3102 1.60369 0.773878 0.795815 1.58937 117409 0 -1.39296 0.130348 1
54.0092 6.7985 1.59716 0.916248 0.95803 1.71778 119742 0 -1.7975 0.129784 1
-9.46111 62.1139 0.939251 2.17255 5.00019 1.55185 200508 0 -1.29557 0.129488 0
-58.4795 -7.29907 0.928669 0.849569 0.928397 1.76137 98799 0 -0.0627592 0.129368 1
-3.66283 33.5368 0.830323 1.7531 3.9215 1.35877 158406 0 -1.24446 0.12904 0
54.8498 5.88132 1.71794 0.826118 0.834017 1.7639 118341 0 -1.64096 0.128898 1
14.4505 26.9508 1.20484 2.06576 4.99292 1.60977 149103 0 -1.46487 0.12848 0
-14.9015 42.7387 1.05899 2.03547 4.55335 1.5918 171943 0 1.17029 0.128414 0
-54.2684 48.8789 0.18196 0.741092 0.772229 1.66991 180712 0 1.25894 0.128338 1
-47.2602 12.5624 0.656783 2.04665 4.56136 1.73422 127850 0 -1.52657 0.128178 0
24.4367 -8.2075 1.77075 0.833288 0.806238 1.72539 97654 0 -1.48911 0.127733 1
58.0421 32.7685 1.96268 2.00213 4.4426 1.61554 157663 0 1.47512 0.127484 0
-50.2826 44.4383 0.184875 0.875816 0.999212 1.76515 174172 0 2.41069 0.127387 1
-73.1471 -2.40263 0.361573 1.97365 4.31081 1.56071 105773 0 -1.18484 0.127307 0
-36.6007 -7.53447 1.28653 1.78471 3.93075 1.54689 98399 0 3.11298 0.127216 0
19.7387 69.6752 1.25572 1.92138 4.29472 1.61169 211363 0 1.59904 0.12713 0
-58.6578 -7.28761 0.913767 0.870208 0.969407 1.75272 98798 0 -0.627414 0.126963 1
32.826 51.797 1.8559 2.12553 4.85231 1.78188 185196 0 -1.45163 0.126849 0
