-8.51789 12.7026 0.780577 2.0893 4.80277 1.48629 127971 0 -1.39288 0.941822 0
4.26943 -5.07951 0.871584 2.25421 5.00539 1.92298 102271 0 -0.0230608 0.934902 0
-9.35493 10.0005 0.976316 2.20789 4.91145 1.8698 124224 0 -1.34638 0.931526 0
-3.06613 11.6624 0.927467 1.89582 4.17041 1.62815 126584 0 1.7645 0.927948 0
-24.1779 11.4535 0.810888 2.23907 4.87282 1.83406 126050 0 -1.34795 0.918921 0
49.793 21.9284 1.72654 2.14601 4.78818 1.78777 141725 0 -1.63653 0.917582 0
-22.8066 16.4643 0.687629 2.0073 4.39449 1.58491 133542 0 1.85884 0.90976 0
32.4764 19.3898 1.68761 1.96292 4.52892 1.65064 137927 0 -1.55228 0.90864 0
-2.65215 15.2813 0.800069 1.98692 4.67598 1.43325 131733 0 -1.32009 0.905903 0
-8.38595 15.3098 1.09174 2.4281 5.82311 1.92592 131715 0 -1.37366 0.905081 0
-16.5853 -2.8421 1.09616 2.21886 5.28089 1.93295 105482 0 2.21604 0.897977 0
19.949 27.1311 1.60175 2.21644 5.09 1.89052 149120 0 1.66439 0.892953 0
20.3278 21.5453 1.56097 2.20201 4.92402 1.82404 141165 0 1.61958 0.892945 0
11.6547 21.5472 1.17335 2.14594 5.31434 1.76054 141138 0 1.75616 0.891792 0
4.38734 4.12084 0.774957 2.03361 4.48833 1.55253 115375 0 1.47728 0.887875 0
9.46462 13.3707 0.870479 2.02222 4.68066 1.4584 128963 0 -1.38904 0.880886 0
-1.08656 20.6567 0.87819 1.95827 4.62824 1.47463 139694 0 1.77752 0.860594 0
-3.91735 -5.52054 0.785339 2.17045 4.99975 1.56399 101309 0 -0.0174093 0.856704 0
20.2377 18.8506 1.6038 2.19405 5.0299 1.87229 136953 0 1.58793 0.855002 0
-1.15759 23.2754 1.07387 1.90279 4.35254 1.71488 143438 0 1.76139 0.853561 0
-0.151199 25.7931 0.905625 1.97599 4.63671 1.45196 147185 0 1.72625 0.845902 0
-5.90108 26.1646 0.862048 2.0368 4.55959 1.47995 147635 0 -1.34523 0.842529 0
-1.35084 -5.71577 0.752401 2.10913 4.68427 1.57399 101317 0 0.00828575 0.840616 0
0.468788 28.5467 1.1346 2.18722 4.97571 1.86954 151399 0 1.77895 0.836506 0
-28.276 15.417 0.768251 2.20836 4.85831 1.85973 132121 0 -1.27133 0.833221 0
12.9179 24.1007 1.25319 2.11717 4.87333 1.77646 144886 0 -1.44606 0.832668 0
-2.08769 17.8453 0.855319 1.98893 4.70534 1.48929 135479 0 1.85724 0.829231 0
14.9404 32.086 1.41428 2.07149 4.71599 1.88624 156592 0 -1.36765 0.819029 0
70.2304 19.7013 1.43954 1.96713 4.34693 1.74044 138513 0 -1.48836 0.816238 0
-29.538 -0.0545044 0.849832 2.12268 4.70598 1.5112 109185 0 -1.61259 0.814977 0
10.7399 18.944 0.939585 1.91889 4.33911 1.49037 137391 0 -1.39502 0.811306 0
14.22 29.3186 1.07329 2.05136 4.77283 1.5356 152378 0 -1.39319 0.807653 0
20.2604 64.153 1.16186 2.09692 4.84187 1.75188 203409 0 1.5541 0.804632 0
-43.7782 -5.01617 1.10882 1.94827 4.37562 1.5014 102121 0 0.0369221 0.804403 0
1.73026 33.829 0.832618 2.0003 4.55558 1.46286 158891 0 -1.34953 0.803116 0
3.08008 39.9402 1.0231 2.0225 4.56127 1.70315 167787 0 1.84532 0.799884 0
1.32879 -5.68015 0.766678 1.97017 4.14561 1.62781 101326 0 -0.0497532 0.799088 0
-42.7208 11.3269 0.811234 2.16192 4.76305 1.91452 125992 0 1.82645 0.797055 0
-29.2323 9.54202 0.702652 2.01001 4.20625 1.55399 123226 0 1.83515 0.795299 0
54.9017 4.63756 1.69262 0.85749 0.886067 1.89487 116469 0 1.52036 0.793683 1
20.278 24.2513 1.34672 2.03257 4.75528 1.54851 144909 0 1.67354 0.790017 0
-59.0453 19.6494 0.650676 2.0522 4.39112 1.6927 138109 0 1.88073 0.785435 0
-40.862 16.3742 0.740046 2.28121 5.06884 2.00621 133486 0 -1.26293 0.783892 0
-1.22591 16.4768 0.890139 0.830491 0.852614 1.69087 133610 0 -2.46195 0.783204 1
37.3391 19.4863 1.87312 2.00167 4.71788 1.85559 137942 0 1.54202 0.781911 0
5.51868 45.5507 0.884431 1.96604 4.55553 1.5188 176219 0 1.82659 0.779615 0
5.60699 48.5361 1.17306 1.95772 4.44477 1.79849 180431 0 1.83164 0.775659 0
-5.33624 28.9034 0.991142 2.10591 4.74228 1.55527 151849 0 -1.37354 0.774525 0
19.7952 15.3213 1.58793 1.97702 4.5701 1.65757 131803 0 1.56294 0.771123 0
70.238 22.6565 1.26554 1.94365 4.35781 1.5476 142725 0 1.60284 0.766122 0
3.01855 36.7309 0.867431 1.81434 4.15004 1.46993 163107 0 1.83503 0.762655 0
-7.8313 18.0622 0.856835 2.10159 4.90488 1.47841 135929 0 -1.34334 0.762404 0
-6.86624 23.7551 0.884178 2.12082 4.8446 1.44951 144356 0 -1.33629 0.755514 0
16.2293 37.323 0.965793 1.97177 4.5532 1.53821 164084 0 -1.27397 0.752341 0
10.6888 15.9456 0.928563 2.00912 4.67961 1.43495 132711 0 -1.43642 0.750218 0
57.4576 21.3139 1.35218 1.89526 4.18805 1.49067 140813 0 1.55079 0.74901 0
57.664 12.8797 1.46555 0.943613 0.935041 1.68469 128646 0 -2.60261 0.741395 1
-7.24966 20.427 0.857206 2.08432 4.77808 1.44431 139207 0 -1.28447 0.737045 0
4.33125 42.4801 0.864408 1.98114 4.57662 1.51583 171535 0 1.76633 0.735682 0
-38.8253 24.2613 0.731798 2.4321 6.01149 2.09177 144724 0 -1.23737 0.725947 0
19.3937 67.0478 1.0979 2.07306 4.79694 1.57763 207618 0 1.60215 0.724666 0
-61.2563 14.4634 0.507282 1.96434 4.43688 1.49146 130614 0 1.96076 0.709621 0
32.1835 49.1495 1.70386 2.01363 4.56216 1.51391 181450 0 -1.65122 0.703217 0
-46.5273 5.49531 0.767247 0.917122 0.939972 1.75503 117556 0 1.5203 0.702252 1
38.2251 22.5896 1.70741 1.91468 4.3997 1.50237 142625 0 1.60161 0.699774 0
16.8554 39.9292 1.16722 1.96152 4.35825 1.84477 167830 0 -1.25074 0.698985 0
-59.9977 17.062 0.444857 1.85041 4.20806 1.47697 134362 0 1.89669 0.698291 0
-46.5686 -4.70179 1.16994 1.94118 4.40237 1.65254 102580 0 0.014203 0.695952 0
-35.135 -3.79922 1.13433 0.849938 0.855897 1.74618 104020 0 1.56402 0.688724 1
-22.4973 19.2946 0.771431 2.08709 4.59227 1.68858 137755 0 -1.24684 0.685234 0
-38.895 0.0568924 0.930529 2.09913 4.59555 1.50352 109624 0 -1.58188 0.674725 0
-20.6683 22.042 0.859136 2.04554 4.48972 1.62241 141505 0 -1.33823 0.672358 0
-7.84699 64.0886 1.08225 2.02134 4.55388 1.56429 203321 0 -1.32011 0.624984 0
32.4544 52.2828 1.84599 2.07515 4.65424 1.72827 186131 0 -1.58162 0.623897 0
-9.76102 61.844 0.876481 2.02404 4.69406 1.49062 200039 0 -1.33494 0.620786 0
32.1662 54.8945 1.65647 1.90539 4.23118 1.54885 189874 0 -1.58885 0.614498 0
-29.5611 59.4098 0.337872 2.01506 4.722 1.60897 196233 0 -1.3841 0.606357 0
-16.7729 53.2321 0.926308 2.07913 4.7299 1.5082 187381 0 -1.08703 0.603997 0
-19.3437 27.1516 1.05149 2.05631 5.20181 1.71242 148997 0 -1.30668 0.601398 0
9.06937 10.6917 0.8222 1.97701 4.67027 1.44474 125218 0 0.630122 0.599486 0
54.4857 5.38321 1.78932 0.854921 0.888935 1.85823 117404 0 1.45974 0.598617 1
-4.92721 31.5176 0.867657 2.01588 4.64707 1.41389 155594 0 -1.36278 0.586427 0
20.3126 30.2629 1.31564 2.07832 4.85318 1.51956 153801 0 1.67784 0.586301 0
8.8719 10.6925 0.846172 1.94132 4.57545 1.45011 125217 0 1.54971 0.570413 0
31.8697 57.4739 1.65091 1.84124 4.15122 1.48789 193617 0 -1.57298 0.56709 0
53.8903 6.59543 1.58857 0.855294 0.914097 1.68461 119274 0 -1.87201 0.563882 1
-49.1787 -4.36736 0.9323 1.97726 4.38312 1.519 103040 0 -0.0153788 0.558668 0
69.8963 26.3593 1.42833 2.15329 4.82596 1.80086 148340 0 -1.54703 0.554536 0
38.2415 25.6842 1.87789 1.9884 4.4272 1.57057 147305 0 1.5874 0.545009 0
-3.99513 33.7982 0.81815 1.98321 4.54605 1.41704 158873 0 -1.29297 0.544131 0
-0.17691 47.1629 1.21839 2.05721 4.68471 1.64098 178541 0 -1.33757 0.543699 0
20.319 69.9477 1.25585 2.10324 4.72887 1.79974 211833 0 1.52328 0.541117 0
-32.0563 -5.37576 1.30533 0.886117 1.03483 1.78183 101689 0 1.61909 0.536345 1
-52.2925 -4.98188 0.902242 1.96029 4.26286 1.65934 102094 0 0.129217 0.524728 0
-51.3803 -6.00468 1.15217 0.749673 0.753668 1.78011 100693 0 1.69941 0.521072 1
-51.7279 -6.66287 1.11668 0.699485 0.708904 1.6885 99756 0 1.69997 0.507624 1
13.7115 8.1386 0.778481 0.708751 0.76386 1.28154 121488 0 -2.38167 0.505415 1
18.3933 45.6612 0.777339 2.0583 4.78678 1.62225 176259 0 -1.26203 0.503265 0
-51.7363 -6.79873 1.07813 0.703486 0.693282 1.68006 99288 0 1.62509 0.500258 1
-10.119 56.8155 1.23729 1.98295 4.49432 1.63129 192550 0 1.78865 0.493047 0
32.8173 22.5577 1.70518 1.97255 4.38648 1.52846 142608 0 -1.59448 0.492399 0
-50.3627 45.8498 0.142337 0.808543 0.80814 1.70326 176512 0 1.88952 0.490018 1
-53.2709 40.5051 0.333806 1.94506 4.28106 1.57907 168547 0 -1.32069 0.485483 0
-63.8673 23.5688 0.390048 1.87347 4.10999 1.48498 143710 0 -1.44842 0.462596 0
-0.47403 46.9323 1.2005 2.07178 4.68846 1.67891 178072 0 -1.28599 0.462461 0
51.662 6.31481 1.60145 0.808435 0.817459 1.6717 118799 0 1.40606 0.446551 1
54.2435 6.30342 1.59128 0.79335 0.850711 1.64997 118807 0 -1.88538 0.436003 1
55.0805 4.67538 1.62232 0.868731 0.868445 1.84574 116470 0 1.49231 0.422557 1
60.0587 4.42807 1.60366 0.938967 1.28947 1.82585 116017 0 -1.74225 0.421485 1
-29.6505 59.5695 0.350059 2.17997 5.06586 1.66508 196701 0 -1.7547 0.418763 0
55.6086 5.69496 1.39819 0.758686 0.789673 1.46874 117875 0 -1.33092 0.418042 1
-18.0874 32.4287 0.9835 2.31425 5.49857 1.72989 156957 0 -1.3158 0.413296 0
-32.0647 -5.47353 1.31116 0.839232 1.30474 1.78205 101221 0 1.64469 0.411154 1
57.0233 6.45934 1.45713 0.790278 0.777261 1.66449 119284 0 -1.65938 0.410493 1
55.156 4.92681 1.61125 0.785103 0.804874 1.76664 116938 0 1.31729 0.409332 1
8.42777 7.54321 1.24605 0.835778 0.928191 1.77886 120536 0 -1.57776 0.408779 1
20.306 30.8158 1.27812 2.02812 4.73989 1.52588 154737 0 1.74814 0.400252 0
54.9248 4.88317 1.68533 0.784984 0.819066 1.8331 116937 0 1.50577 0.396847 1
13.6985 10.698 1.35277 0.784815 0.866704 1.72825 125232 0 -1.44386 0.396512 1
-2.70274 39.1547 1.209 1.93184 4.36066 1.47476 166833 0 -1.27938 0.395105 0
26.8121 -8.10294 1.71183 0.817809 0.778333 1.65166 97661 0 2.3954 0.386606 1
-60.0646 34.1505 0.457096 1.94714 4.3151 1.59029 159166 0 -1.27814 0.379749 0
32.4194 54.6404 1.71128 2.03943 4.53986 1.65789 189407 0 -1.56734 0.377659 0
-54.6058 -4.32944 0.999804 0.790654 0.807708 1.76064 103023 0 1.89161 0.370819 1
60.243 4.53527 1.59003 0.952118 1.61014 1.83628 116486 0 -1.82492 0.366141 2
32.3841 57.4636 1.81815 2.19507 5.10513 1.74679 193619 0 -1.55883 0.358595 0
56.9201 6.33412 1.45216 0.771688 0.765909 1.62311 118815 0 -1.79069 0.357926 1
19.3697 73.1293 1.0976 1.9816 4.48219 1.66177 216510 0 1.53105 0.348456 0
54.1779 6.46815 1.57569 0.857955 0.902017 1.65219 119275 0 -1.88935 0.344214 1
53.8628 6.76688 1.57235 0.835338 0.886921 1.67307 119742 0 -1.84763 0.340134 1
-50.6101 44.6696 0.198753 0.79573 0.783529 1.69697 174639 0 1.89078 0.339039 1
-10.677 57.0698 1.18255 2.27975 5.62416 1.81711 193016 0 1.82087 0.337955 0
54.8986 4.4248 1.64007 0.83051 0.858796 1.79036 116001 0 1.52161 0.334764 1
54.3669 5.48923 1.77711 0.8605 0.908603 1.82872 117871 0 -1.74524 0.32732 1
24.5503 -6.94171 1.56788 0.903286 0.918205 1.66608 99526 0 -1.68585 0.326962 1
-59.041 25.7265 0.733361 2.03824 4.64179 1.76074 147001 0 1.95776 0.321512 0
-37.5968 -7.13138 1.26965 0.743347 0.794092 1.61763 98864 0 -0.21726 0.321375 1
-51.8767 -6.80928 1.08491 0.737711 0.724224 1.70973 99287 0 1.68612 0.32075 1
-51.8764 -6.64474 1.06745 0.728663 0.734612 1.71514 99755 0 1.75606 0.318154 1
55.6073 5.81294 1.39891 0.756807 0.7678 1.41233 118343 0 -1.39599 0.317546 1
26.9262 -8.11099 1.74114 0.862316 0.845423 1.67543 97662 0 2.57171 0.311379 1
-4.35257 31.2925 0.834874 1.9032 4.44471 1.41694 155128 0 -1.36162 0.305762 0
-51.5964 -6.19531 1.16467 0.760444 0.784931 1.7988 100224 0 1.74809 0.303366 1
-51.047 -11.7493 1.12998 0.80297 0.788314 1.72132 92270 0 -1.50265 0.302774 1
17.338 40.0838 1.20045 2.23059 5.19932 1.96777 168300 0 -1.30709 0.301445 0
36.9317 31.2419 1.82973 2.00579 4.53192 1.49285 155257 0 0.977861 0.300509 0
69.6214 26.6514 1.45992 2.00153 4.35192 1.72005 148807 0 -1.64619 0.299781 0
-64.4037 23.553 0.368108 2.15484 4.89761 1.6088 143708 0 -1.63773 0.292799 0
19.7407 30.5331 1.25652 1.99655 4.58069 1.5119 154267 0 1.67438 0.291575 0
53.7377 6.60763 1.55977 0.828175 0.904223 1.69022 119273 0 -1.89041 0.290513 1
19.658 72.8611 1.09004 2.04973 4.64345 1.71941 216043 0 1.59643 0.288902 0
17.825 45.9139 0.746043 1.69318 3.73268 1.45753 176725 0 -1.31536 0.288068 0
37.6349 25.5229 1.91942 1.99959 4.50111 1.61596 146835 0 1.60217 0.288011 0
-58.7896 -7.46935 1.05284 0.758866 0.747 1.71207 98330 0 1.59271 0.283604 1
-5.57828 34.3933 1.04622 2.00884 4.50554 1.41625 159804 0 1.86229 0.283296 0
20.0601 69.6785 1.21254 1.98822 4.46601 1.70838 211364 0 1.55458 0.283264 0
38.8223 25.5123 1.8333 1.98639 4.58817 1.57678 146839 0 1.58463 0.280381 0
38.2182 28.3407 1.85326 2.03398 4.75005 1.71866 151049 0 1.65472 0.277731 0
-51.0521 -11.9088 1.1102 0.797025 0.789695 1.69389 91802 0 -1.4995 0.277523 1
32.1396 37.2524 1.59371 1.95185 4.35225 1.51249 164134 0 -1.69331 0.276955 0
32.5088 22.302 1.68106 1.98993 4.50161 1.49686 142139 0 -1.56416 0.276941 0
32.5162 22.8051 1.70971 1.98977 4.43071 1.50787 143075 0 -1.59903 0.275367 0
18.369 46.1427 0.735512 2.05175 4.70825 1.62352 177195 0 -1.3726 0.271728 0
-1.19538 16.3073 0.903661 0.880328 0.882199 1.67043 133142 0 -2.62325 0.270961 1
-2.7187 41.74 1.09863 1.97501 4.42516 1.62512 170577 0 -1.36889 0.270661 0
-16.5625 53.5155 0.921255 2.12159 4.76535 1.54479 187850 0 -0.858346 0.27039 0
-35.9386 -7.13168 1.27119 0.784905 0.874703 1.59548 98869 0 0.0293139 0.270318 1
70.4741 4.58178 1.60422 0.809486 0.867663 1.73571 116518 0 0.417552 0.268542 1
71.2122 29.2691 1.1394 1.93596 4.25787 1.55668 152556 0 1.52622 0.26779 0
-35.7728 -7.12894 1.27116 0.789637 0.851658 1.60975 98870 0 -0.171741 0.267073 1
5.84076 45.3372 0.883668 1.68717 3.6386 1.49348 175752 0 1.76756 0.266841 0
-51.5693 -5.97348 1.14676 0.827843 0.881789 1.83981 100692 0 1.80393 0.264956 1
-0.77256 46.6174 1.15803 1.98311 4.36475 1.71358 177603 0 -1.25505 0.264138 0
-1.07316 46.9166 1.17221 2.06129 4.55012 1.73805 178070 0 1.05117 0.26383 0
-58.4384 25.4323 0.633415 1.87779 4.11291 1.62283 146535 0 1.92554 0.263487 0
-1.78772 18.6666 0.826419 0.77533 0.893484 1.47116 136884 0 1.0432 0.263454 1
-54.7824 -4.33447 1.01873 0.796901 0.853958 1.75847 103022 0 1.49796 0.26339 1
4.62609 42.192 0.868534 1.67627 3.62144 1.44498 171068 0 1.75978 0.262672 0
54.6902 4.62437 1.68653 0.826454 0.871278 1.84218 116468 0 1.53112 0.261297 1
31.5259 37.272 1.56986 1.97359 4.49459 1.54954 164132 0 1.64895 0.260738 0
-37.6004 -6.97689 1.28162 0.766307 0.844487 1.59267 99332 0 -0.155796 0.259314 1
-4.60627 34.0505 0.905637 2.04947 4.61204 1.41139 159339 0 -1.32615 0.255692 0
32.7717 35.0594 1.72545 2.05632 4.59282 1.70239 160860 0 -1.89873 0.254548 0
-49.3657 -4.86607 0.983765 2.21042 5.17975 1.70318 102103 0 0.0299164 0.254124 0
-54.5554 -8.19664 1.00035 0.79725 0.803876 1.68615 97407 0 -0.719483 0.252804 1
19.063 73.3831 1.10566 1.96068 4.33498 1.63433 216977 0 1.43166 0.252435 0
54.844 5.27492 1.67804 0.783412 0.840093 1.79882 117405 0 -1.45932 0.250628 1
19.0687 72.8634 1.02078 1.69786 3.70794 1.52012 216041 0 1.54393 0.247939 0
44.2369 2.63181 1.71069 0.791499 0.797666 1.60003 113628 0 -1.64066 0.24614 1
-64.1487 23.2817 0.387587 1.94549 4.33985 1.50609 143241 0 -1.63323 0.245327 0
31.8447 37.0057 1.55342 2.00833 4.55531 1.54443 163665 0 -1.50657 0.244907 0
55.4403 4.94183 1.52036 0.756078 0.78151 1.67819 116939 0 -1.45559 0.243575 1
-1.21525 16.6561 0.901794 0.873011 0.930424 1.59775 134078 0 -2.40563 0.243187 1
31.8242 40.1279 1.7436 2.02009 4.51615 1.62549 168345 0 -1.66199 0.241975 0
19.946 73.1243 1.16485 2.29376 5.31575 1.89842 216512 0 1.56684 0.240606 0
5.25735 48.9913 1.17266 2.27452 5.44436 1.93718 181366 0 1.88179 0.239291 0
-63.8708 24.0698 0.337513 2.08224 4.60485 1.56598 144646 0 -1.31705 0.237964 0
-58.7897 -7.28761 1.06242 0.772362 0.759006 1.72504 98798 0 1.4033 0.236483 1
39.1923 28.2685 1.95976 2.15235 4.86931 1.82669 151052 0 1.5928 0.234566 0
-58.929 -7.47141 1.06549 0.758849 0.755612 1.72445 98329 0 -1.37303 0.234394 1
40.1697 28.0265 2.06868 1.98981 4.34782 1.72393 150587 0 -1.5431 0.233864 0
71.5133 29.0016 1.15951 1.90575 4.23081 1.55194 152089 0 1.55745 0.232767 0
-59.2874 25.4716 0.754852 2.09666 4.82728 1.80818 146532 0 1.90391 0.230421 0
-60.7626 14.2701 0.523433 1.58514 3.34815 1.38932 130148 0 1.93154 0.230233 0
-51.0727 -7.85639 1.15796 0.756723 0.75969 1.71849 97886 0 -1.38631 0.228676 1
-58.0884 25.1359 0.571862 1.96898 4.40531 1.61797 146068 0 1.87484 0.228334 0
70.7803 22.8133 1.27664 2.20146 5.2956 1.72618 143195 0 1.57804 0.227632 0
13.7126 29.3658 1.06738 1.64837 3.63542 1.40161 152376 0 -1.38228 0.226731 0
-57.4285 24.8198 0.521994 1.97526 4.49349 1.59683 145602 0 -1.2933 0.226566 0
20.8992 30.5228 1.34392 2.15277 5.10616 1.63334 154271 0 1.68874 0.226151 0
-46.372 5.39703 0.784552 0.88167 0.938737 1.75881 117089 0 1.96222 0.224893 1
-35.9447 -6.95291 1.29668 0.839549 0.962806 1.5727 99337 0 0.0390574 0.224765 1
-52.6476 43.3522 0.388459 2.03836 4.53004 1.7025 172761 0 1.79493 0.22401 0
-3.00084 41.4753 1.01759 1.85242 4.10373 1.54017 170108 0 -1.36982 0.223267 0
-57.4461 25.0997 0.544499 1.96676 4.4909 1.61501 146070 0 1.28977 0.222725 0
-35.768 -6.95709 1.29158 0.844507 0.909744 1.58663 99338 0 -0.0145289 0.222232 1
-39.7865 -0.0996704 1.01974 2.16867 4.69598 1.59236 109153 0 -1.63949 0.22015 0
-46.7833 -5.18066 1.17516 2.25515 5.35642 1.78748 101643 0 0.0643533 0.219927 0
-5.91381 29.1557 1.01711 2.21915 4.98311 1.57086 152315 0 -1.38686 0.219837 0
37.9226 31.525 1.92249 1.98211 4.39377 1.59226 155728 0 0.789175 0.218311 0
-51.3015 -7.89449 1.17904 0.806298 0.813351 1.7658 97885 0 -1.44544 0.218026 1
-8.42328 64.3823 1.041 2.3297 5.72278 1.82783 203787 0 -1.30837 0.21777 0
-8.10147 20.6668 0.8751 2.05435 4.57428 1.41572 139672 0 -1.35988 0.216465 0
-39.4882 24.6954 0.797998 2.88917 7.37724 2.26151 145658 0 -1.2314 0.216305 0
-50.2216 45.8703 0.11903 0.848832 0.887483 1.73416 176513 0 1.83326 0.216074 1
-58.7293 25.1761 0.626179 1.88989 4.17898 1.64587 146066 0 1.87056 0.215987 0
32.4818 37.5686 1.62921 1.95344 4.27011 1.51183 164603 0 -1.85744 0.215749 0
-1.33361 16.2976 0.929222 0.916361 0.905079 1.65682 133141 0 -2.516 0.2152 1
31.8294 67.3065 1.80325 2.14338 4.91315 1.70476 208125 0 1.58113 0.215078 0
68.9499 29.2334 1.34125 1.98289 4.48371 1.69945 152549 0 1.56527 0.214542 0
18.7795 73.1326 1.04433 1.74419 3.85093 1.51514 216508 0 1.44611 0.214174 0
19.9254 67.2524 1.1169 2.32928 5.63661 1.77806 208088 0 1.59741 0.213939 0
37.9655 22.3398 1.69619 1.80509 4.16298 1.49831 142156 0 1.56312 0.213365 0
-3.36898 39.4631 1.24101 2.03393 4.53657 1.53103 167299 0 -1.28922 0.212975 0
38.2174 31.5066 1.93959 2.06044 4.56332 1.66788 155729 0 1.41786 0.212368 0
-51.4591 -6.55215 1.12998 0.735363 0.743815 1.73176 99757 0 1.70469 0.211311 1
-1.36547 16.6806 0.92876 0.871481 0.91562 1.58615 134077 0 -2.28995 0.211273 1
44.1007 2.62945 1.69984 0.780634 0.782106 1.51922 113627 0 -1.92232 0.211191 1
37.5811 31.5315 1.91845 1.98215 4.4075 1.54505 155727 0 1.18354 0.210829 0
-37.3764 -7.16071 1.26894 0.780699 0.872239 1.62693 98865 0 -0.333868 0.210724 1
2.73946 37.1622 0.852002 2.10583 4.95382 1.56658 164042 0 1.89499 0.209428 0
32.5192 35.3165 1.73308 1.98449 4.36379 1.65457 161327 0 -2.01393 0.208569 0
53.9894 6.31995 1.57372 0.823551 0.895201 1.68697 118806 0 -1.89333 0.208564 1
-5.2157 31.302 0.971353 1.92799 4.26312 1.37482 155125 0 -1.39621 0.208024 0
8.86119 10.9018 0.8368 2.00064 4.71456 1.47782 125685 0 -1.26818 0.207664 0
44.1073 6.15085 1.72763 0.787618 0.811472 1.68878 118775 0 1.50952 0.207617 1
70.1903 26.6452 1.40934 2.34802 5.38043 1.90763 148809 0 -1.59776 0.207499 0
-54.5892 -4.57311 0.968759 0.884237 1.04875 1.73757 102555 0 1.1805 0.206671 1
19.1226 66.8323 1.11227 1.8353 4.14105 1.5317 207149 0 1.64484 0.206238 0
37.6744 22.802 1.75521 2.02163 4.63241 1.57812 143091 0 1.61949 0.205989 0
32.1499 39.8864 1.74987 2.03002 4.54619 1.68173 167878 0 -1.58224 0.204488 0
20.017 31.116 1.2702 2.01013 4.61757 1.54299 155204 0 1.77212 0.204162 0
-52.3361 43.07 0.363695 1.9864 4.48346 1.70768 172294 0 -1.85592 0.204001 0
70.4838 4.42312 1.59077 0.853533 0.969601 1.76006 116050 0 -0.0880882 0.201411 1
-51.42 42.9971 0.367138 0.927166 1.1102 1.69715 172297 0 2.49266 0.201359 1
37.61 28.5793 1.90787 2.00384 4.46487 1.61723 151515 0 1.66767 0.201123 0
54.4475 6.2951 1.61787 0.81534 0.849318 1.65459 118808 0 -1.87581 0.200815 1
55.5087 5.28974 1.48632 0.78897 0.839428 1.60993 117407 0 -1.35992 0.200605 1
32.7559 36.9986 1.57719 1.93879 4.24849 1.50669 163668 0 -1.44577 0.199585 0
55.1675 5.18742 1.55931 0.734943 0.78735 1.68183 117406 0 -1.49624 0.198999 1
-0.606949 20.5281 0.925259 1.7506 3.59452 1.44321 139696 0 1.78411 0.198891 0
-54.5907 -4.11535 1.00614 0.803749 0.836418 1.76264 103491 0 1.98194 0.198524 1
31.2303 37.017 1.53964 2.03744 4.59152 1.55494 163663 0 1.52681 0.197722 0
-52.3067 -5.51239 1.02658 2.2432 5.16009 1.8737 101158 0 0.0655731 0.196763 0
-52.5742 -4.72717 0.881598 1.92454 4.17204 1.57781 102561 0 0.111992 0.196645 0
26.8 -7.97395 1.76962 0.906017 0.895493 1.69744 98129 0 2.29433 0.196461 1
-29.0411 59.139 0.391882 1.76989 3.84454 1.55936 195767 0 -1.34304 0.195954 0
12.4362 23.9532 1.29202 1.82957 3.96981 1.69982 144416 0 -1.38489 0.195362 0
32.1796 68.6578 2.19404 2.12395 4.74725 1.72846 209998 0 -3.11349 0.194806 0
-1.081 46.597 1.17548 2.00345 4.35293 1.7182 177602 0 -0.767777 0.194179 0
-57.1488 25.0818 0.52876 1.99396 4.51355 1.61895 146071 0 -1.22559 0.193329 0
-7.81831 24.0695 0.909135 2.09698 4.76404 1.45394 144821 0 1.81853 0.192976 0
31.2279 40.1403 1.80717 2.0404 4.52207 1.62895 168343 0 -2.00723 0.192867 0
36.9899 31.7788 1.85838 1.99692 4.51981 1.52945 156193 0 0.740803 0.192658 0
-53.2721 43.6443 0.450434 2.01792 4.43006 1.75272 173227 0 1.8172 0.192237 0
51.4832 6.30183 1.61401 0.846497 0.884521 1.68704 118798 0 1.40635 0.1919 1
31.8705 22.5615 1.64744 2.03581 4.62762 1.50279 142605 0 -1.58555 0.191831 0
-53.2984 41.0251 0.328009 2.20632 5.00096 1.68575 169483 0 -1.12311 0.191281 0
31.8329 37.5312 1.61974 1.9613 4.35534 1.53803 164601 0 -1.86885 0.19104 0
-46.7906 5.54037 0.742069 0.96976 1.52821 1.77347 117555 0 1.54824 0.190958 1
70.2397 29.2414 1.19123 1.97375 4.3317 1.65177 152553 0 -1.59876 0.190924 0
-0.775925 47.4181 1.20622 2.17354 4.91315 1.69731 179007 0 -1.37112 0.189261 0
-59.4336 17.0805 0.493503 1.48809 2.93623 1.36174 134364 0 1.92208 0.187986 0
-51.9864 43.0418 0.375057 1.92651 4.17111 1.66857 172295 0 -1.56003 0.186668 0
70.3607 4.57655 1.58424 0.831013 0.889977 1.7532 116517 0 1.43958 0.186577 1
-53.5393 40.2628 0.287078 2.01205 4.54504 1.65161 168078 0 -1.40957 0.186208 0
20.326 70.4658 1.22939 2.25857 5.16044 1.9175 212769 0 1.52626 0.186034 0
-51.6316 43.0002 0.366485 1.07233 1.39099 1.69613 172296 0 -1.75225 0.185914 0
31.2273 37.5422 1.59875 2.01067 4.5043 1.55138 164599 0 1.7637 0.18502 0
11.4003 74.1621 0.636668 0.722733 0.781787 1.54121 217889 0 -0.764763 0.184918 1
13.7026 7.99107 0.812662 0.735786 0.780026 1.33462 121020 0 -2.17722 0.184605 1
-58.9301 -7.28535 1.05664 0.791864 0.791885 1.7339 98797 0 -0.600615 0.184598 1
57.9857 21.5166 1.36263 2.25461 5.41707 1.67431 141283 0 1.52367 0.183716 0
-51.3151 -8.06935 1.183 0.748065 0.769235 1.771 97417 0 -1.23122 0.183597 1
-51.1733 -5.98753 1.15789 0.771683 0.777506 1.78171 100694 0 1.62041 0.183258 1
31.9582 52.0855 1.79232 1.80238 3.8658 1.57917 185661 0 -1.55079 0.182573 0
37.9399 31.2477 1.89761 1.94836 4.2845 1.56959 155260 0 -1.01546 0.182512 0
17.4118 47.5197 0.796209 2.00358 4.5524 1.64762 179064 0 -2.87585 0.182468 0
-26.3291 -8.44118 0.756316 0.812278 1.46131 1.66651 97027 0 -1.60314 0.182414 2
-58.7619 26.0115 0.728788 2.0265 4.58521 1.72846 147470 0 1.97395 0.181874 0
36.3794 31.2135 1.79285 1.98286 4.43571 1.50846 155255 0 1.12375 0.18147 0
-54.8715 -4.96596 0.919221 1.99407 4.44443 1.69053 102086 0 0.11483 0.181242 0
-1.3903 46.9109 1.16547 2.04248 4.57904 1.74696 178069 0 1.57685 0.181233 0
57.4472 24.1969 1.7145 2.11967 4.80453 1.71147 145025 0 1.47572 0.180599 0
4.89408 42.1539 0.86544 1.45647 2.86754 1.39673 171069 0 1.76971 0.179717 0
44.2063 6.02101 1.72625 0.831666 0.853221 1.70629 118308 0 1.52118 0.179459 1
31.2206 39.8753 1.8083 2.03002 4.45156 1.62518 167875 0 1.64693 0.179437 0
-59.7078 17.3291 0.427964 1.72111 3.84261 1.43846 134831 0 1.93776 0.178976 0
9.37152 10.5088 0.780427 2.0398 4.93988 1.51518 124751 0 -1.48721 0.178471 0
-0.439941 34.0912 1.1339 0.785545 0.816923 1.68576 159352 0 -1.41302 0.177632 1
32.4683 67.1023 1.83505 2.0299 4.70138 1.61559 207659 0 -1.49303 0.177322 0
-5.31767 34.6303 1.02571 1.94337 4.26472 1.38042 160273 0 1.91429 0.17723 0
-1.84259 38.873 1.12421 1.92591 4.49004 1.52425 166368 0 -1.23292 0.176891 0
32.7642 39.856 1.81126 2.0415 4.53238 1.6932 167880 0 -1.42742 0.176438 0
-49.6579 -4.58836 0.953585 2.15582 5.02942 1.66488 102570 0 0.0206666 0.176111 0
-60.5464 17.0986 0.446703 2.17068 5.19262 1.64885 134360 0 1.88598 0.176073 0
-2.68994 -10.436 0.337054 0.780768 1.70005 1.73473 94293 0 1.45295 0.175296 2
1.73244 34.2643 0.855356 2.1253 4.9527 1.55328 159827 0 -1.28528 0.174489 0
-57.1315 24.5173 0.476775 1.99378 4.33852 1.59313 145135 0 -1.36238 0.174489 0
-54.5627 -4.96015 0.919251 1.89935 4.21434 1.71028 102087 0 0.0987091 0.173913 0
32.1414 57.9816 1.73991 2.12594 4.84174 1.6874 194554 0 -1.61196 0.173774 0
-1.82499 18.3671 0.813673 1.56325 3.08403 1.44516 136416 0 1.66661 0.173695 1
69.9002 29.0256 1.24456 1.86809 4.17493 1.64202 152084 0 -1.57581 0.172951 0
71.5137 29.545 1.20963 2.05049 4.58661 1.62596 153025 0 1.47664 0.172407 0
33.0903 37.298 1.62791 2.04229 4.53162 1.57746 164137 0 -1.67724 0.172402 0
32.1739 34.7611 1.73003 2.01974 4.46513 1.67548 160390 0 -1.79131 0.172161 0
11.3927 74.3116 0.700327 0.794846 0.838837 1.61131 218357 0 -1.46284 0.172041 1
54.5991 4.97791 1.71133 0.779322 0.818522 1.80389 116936 0 1.53945 0.171921 1
38.2632 28.0418 1.82151 1.81394 3.959 1.71545 150581 0 1.64772 0.171055 0
53.7235 6.77585 1.55184 0.876562 0.93676 1.70037 119741 0 -1.87573 0.170411 1
-54.5786 -8.4139 1.01934 0.827174 0.896595 1.70993 96939 0 -0.204092 0.169718 1
-4.2634 33.5708 0.824735 1.8446 4.07099 1.36534 158404 0 -1.27092 0.169284 0
51.4797 6.45898 1.63687 0.861213 0.894625 1.71764 119266 0 1.38858 0.168516 1
-50.8094 -7.80575 1.08668 0.660273 0.643185 1.68251 97887 0 -0.789635 0.168261 1
-16.268 52.9838 0.953783 1.81945 3.83331 1.42709 186915 0 -1.09345 0.166778 0
36.9653 28.3757 1.88035 2.00503 4.48856 1.62202 151045 0 1.59757 0.166481 0
-57.7825 25.3782 0.583479 2.03956 4.5883 1.6302 146537 0 1.89482 0.166365 0
17.3766 39.625 1.2115 2.24252 5.36463 1.95982 167364 0 -1.1757 0.165226 0
8.4172 7.69604 1.24885 0.859622 0.946063 1.76124 121004 0 -1.60977 0.165131 1
57.229 21.0793 1.35384 1.66998 3.76332 1.42935 140344 0 1.60527 0.164892 0
-47.2117 7.20179 0.460571 0.812361 0.866017 1.07529 119894 0 -0.198286 0.164668 1
-0.457336 29.8724 1.1335 0.815577 0.819128 1.72847 153268 0 -1.37887 0.164467 1
18.1582 45.3823 0.757553 1.95874 4.54093 1.5776 175790 0 -1.16371 0.164395 0
-51.1705 -6.15345 1.14988 0.745305 0.743698 1.7455 100226 0 1.64154 0.163885 1
57.7327 24.4677 1.65599 2.00459 4.50941 1.67022 145494 0 1.47186 0.163741 0
36.6703 30.5934 1.81335 1.96839 4.29152 1.5187 154320 0 0.594902 0.163728 0
-54.8488 -8.47407 1.00042 0.84977 0.966446 1.70151 96938 0 -0.139316 0.163081 1
-51.4308 42.8001 0.347215 0.950065 1.18639 1.72375 171829 0 -2.5122 0.162896 1
-52.0158 43.3302 0.362592 1.98142 4.47535 1.67274 172763 0 -1.6632 0.162881 0
9.66644 19.9761 0.943612 0.819809 0.815575 1.62411 138792 0 2.18066 0.162818 1
-37.3781 -6.95742 1.28148 0.813532 0.942961 1.61503 99333 0 -0.195993 0.162805 1
18.945 45.6092 0.90817 2.39065 5.88067 1.94237 176261 0 -1.28713 0.162767 0
-2.0899 18.308 0.804379 1.9942 4.92043 1.47747 136415 0 1.87579 0.162655 0
13.8152 7.9897 0.807515 0.744448 0.784812 1.31129 121021 0 -2.3938 0.16261 1
-51.6332 42.7887 0.361443 1.02295 1.34406 1.7099 171828 0 -1.70657 0.161641 1
-26.3834 -8.7487 0.846522 0.886722 1.82702 1.66974 96559 0 -2.94422 0.161609 2
16.8302 40.359 1.1577 1.96355 4.33264 1.83874 168766 0 -1.3463 0.161547 0
44.2434 2.52487 1.70988 0.807984 1.01197 1.55714 113160 0 -1.23591 0.161442 1
-3.4214 33.5294 0.77399 1.99132 4.59127 1.48959 158407 0 -1.28128 0.161216 0
-53.8383 40.7572 0.324403 2.24881 5.42352 1.76954 169013 0 -1.28053 0.161162 0
-59.9843 16.6183 0.465447 1.93888 4.22765 1.48947 133426 0 1.87733 0.161023 0
-5.53614 31.7688 1.05343 2.04395 4.64628 1.42617 156060 0 -1.35626 0.160759 0
69.5473 16.8492 0.887355 0.801239 0.887282 1.68906 134299 0 1.63083 0.16037 1
17.7717 74.4072 1.19989 2.02581 4.69143 1.55604 218377 0 0.100253 0.160337 0
-46.3639 -4.41033 1.17879 1.675 3.69967 1.57675 103049 0 -0.029427 0.160076 0
-65.1158 19.993 0.421589 1.97769 4.40393 1.51322 138558 0 -1.36265 0.159887 0
-16.5085 52.7577 0.943602 1.83003 4.01974 1.43821 186446 0 -1.22841 0.159736 0
26.9382 -7.9628 1.77816 0.90642 0.893218 1.68375 98130 0 2.48602 0.15917 1
0.364105 25.7374 0.906583 1.67314 3.62004 1.4035 147187 0 1.73343 0.159122 0
19.3568 73.6925 1.13033 2.2037 5.0249 1.80592 217446 0 1.38043 0.15873 0
55.4489 4.68291 1.54908 0.765101 0.772747 1.72756 116471 0 -1.57016 0.158672 1
-52.936 43.1073 0.402299 1.98493 4.30079 1.6982 172292 0 1.74139 0.15828 0
19.3834 72.5586 1.04831 1.77223 3.94575 1.56265 215574 0 1.62145 0.157628 0
-44.3461 26.3954 0.41372 2.04613 4.56738 1.63442 147983 0 -1.25071 0.157456 0
4.28316 42.9152 0.889803 2.13602 4.97458 1.62004 172471 0 1.82894 0.157176 0
2.29144 33.7793 0.735836 1.65763 3.51934 1.33446 158893 0 -1.31536 0.156849 0
-17.7491 40.8367 0.705535 2.06307 4.70004 1.59552 169126 0 1.68273 0.156321 0
-7.53566 24.0412 0.903665 2.11502 4.71975 1.46103 144822 0 -1.63014 0.156321 0
35.6721 -6.97099 1.95228 0.814571 1.47352 1.76971 99561 0 -1.17821 0.155802 2
33.4285 67.0521 2.04351 2.07136 4.77814 1.72541 207662 0 -1.47322 0.155139 0
32.5628 -0.861473 1.88925 0.593368 0.536373 1.7156 108443 0 1.69714 0.155057 1
-54.2598 -5.25833 0.986262 1.99489 4.42144 1.71662 101620 0 -0.051941 0.154701 0
71.8286 28.6726 1.16298 1.95937 4.40159 1.59551 151622 0 1.56214 0.153898 0
40.4644 27.7509 2.04363 2.04418 4.54475 1.76659 150120 0 -1.48372 0.153865 0
31.1761 34.4064 1.79193 2.08996 4.01464 1.66596 159919 0 1.34773 0.153713 0
-54.8221 -4.60029 0.982226 1.05084 1.49097 1.73372 102554 0 0.567731 0.153605 1
-58.3826 24.8542 0.582556 1.99025 4.46206 1.64209 145599 0 1.8466 0.153299 0
37.5988 32.1271 1.95178 2.02987 4.46072 1.56645 156663 0 0.708783 0.153048 0
-54.3495 -8.1881 0.981812 0.789843 0.830513 1.69098 97408 0 -1.85942 0.153005 1
-3.32353 41.7579 1.03058 1.87211 4.16984 1.50422 170575 0 -1.50104 0.152766 0
69.5957 26.9921 1.44279 1.98028 4.31683 1.69521 149275 0 -1.71211 0.152465 0
54.2659 5.94952 1.68889 0.84467 0.896225 1.74995 118339 0 -1.84724 0.15182 1
-41.42 16.6806 0.750285 2.64443 6.30333 2.16282 133952 0 -1.27022 0.150395 0
-51.2411 -11.7381 1.14194 0.841634 0.838672 1.75123 92269 0 -1.55859 0.150354 1
-57.7414 24.5032 0.518373 1.94581 4.41868 1.58815 145133 0 1.43242 0.150032 0
69.3687 26.1802 1.45583 1.93047 4.13375 1.68194 147870 0 -1.49503 0.149541 0
-65.4152 19.6783 0.417287 1.99728 4.49195 1.54926 138089 0 -1.40466 0.149485 0
16.689 37.4886 1.07079 2.20717 5.18724 1.68769 164554 0 -1.3399 0.149434 0
19.76 70.1704 1.2041 1.95335 4.26052 1.73107 212299 0 1.51796 0.149402 0
0.0989914 47.4007 1.23914 2.04025 4.62433 1.64682 179010 0 -1.35554 0.149351 0
32.7428 -0.885277 1.95144 0.621221 0.554241 1.71518 108444 0 1.74309 0.149343 1
18.3774 42.4202 0.956271 2.10019 4.81558 1.65352 171579 0 -1.33767 0.149312 0
32.785 37.883 1.69632 2.06166 4.52338 1.60035 165072 0 -1.93976 0.149087 0
73.7671 19.1189 0.735329 0.766469 1.14478 1.7183 137588 0 -1.62139 0.148745 1
-0.465813 33.8375 1.08786 0.744134 0.743908 1.65341 158884 0 -1.36287 0.148647 1
-3.01518 42.0232 1.08342 1.92597 4.32621 1.58299 171044 0 -1.3985 0.148635 0
-0.796837 46.3152 1.14665 1.89015 4.09142 1.6474 177135 0 -1.32842 0.148401 0
-55.1947 -4.65411 0.921184 1.98741 4.4535 1.72083 102553 0 0.508595 0.148366 0
-4.96906 41.1225 0.700166 1.97785 4.42372 1.50809 169634 0 -2.87459 0.148317 0
-63.5693 23.2839 0.411304 1.74017 3.84501 1.44583 143243 0 -1.51577 0.148206 0
-17.3716 53.2721 0.901265 2.2759 5.48719 1.68925 187379 0 -1.17126 0.148104 0
-2.44777 39.4136 1.20367 1.84388 4.10772 1.4683 167302 0 -1.34695 0.14805 0
-50.6374 44.8362 0.190785 0.864735 1.10936 1.74951 175107 0 1.9645 0.14706 1
55.0935 4.39178 1.59481 0.823516 0.845331 1.77338 116002 0 1.56415 0.146947 1
31.2138 34.6864 1.75172 2.09757 4.56478 1.67294 160387 0 1.61598 0.146688 0
-52.3185 42.7781 0.342409 1.9896 4.34386 1.73808 171826 0 -1.43059 0.146191 0
-50.4928 44.8393 0.201734 0.855019 0.891903 1.74247 175108 0 2.02117 0.14596 1
54.5108 5.86935 1.73979 0.843348 0.892929 1.76272 118340 0 -1.80319 0.145592 1
-8.42147 18.3166 0.884596 2.12367 4.84791 1.51487 136395 0 -1.35031 0.145566 0
13.681 10.5502 1.37368 0.857489 1.04063 1.73113 124764 0 -1.46162 0.145327 1
-4.89811 33.848 0.981807 1.89933 4.15411 1.33776 158870 0 1.43352 0.145078 0
38.4983 31.2271 1.9875 2.12572 4.69073 1.72362 155262 0 1.59216 0.144315 0
31.5147 40.4057 1.81156 2.044 4.581 1.61611 168812 0 -1.70946 0.144288 0
44.0949 2.52478 1.71521 0.82368 0.910643 1.53817 113159 0 0.129714 0.144211 1
60.5557 4.62506 1.55383 0.801157 1.14117 1.71834 116487 0 -1.59426 0.143816 2
-53.5486 43.3922 0.474424 2.09299 4.64607 1.81464 172758 0 1.68877 0.14363 0
-14.2502 42.7312 0.978162 2.04372 4.5849 1.61823 171945 0 -0.717448 0.143242 0
-3.42545 33.9881 0.803327 2.03999 4.71643 1.49919 159343 0 -1.33805 0.143207 0
38.2431 25.2221 1.8526 1.94169 4.37912 1.58496 146369 0 1.58838 0.143174 0
-54.3106 -4.62453 0.961842 1.36965 2.43786 1.71758 102556 0 0.952231 0.142811 0
33.3739 22.3128 1.71309 2.00296 4.56575 1.59986 142142 0 -1.59552 0.14258 0
31.6189 54.9053 1.56773 1.72661 3.75626 1.47505 189872 0 -1.58516 0.142493 0
-2.70101 41.2035 1.08697 1.89911 4.20286 1.5834 169641 0 -1.31917 0.142343 0
70.3441 4.42172 1.60075 0.860066 0.990943 1.76233 116049 0 1.32998 0.14211 1
-51.4871 -6.8321 1.09338 0.722467 0.704487 1.71607 99289 0 1.63662 0.142061 1
20.9087 29.9911 1.39439 2.15762 5.00656 1.66083 153335 0 1.67231 0.141827 0
38.5465 28.5696 1.91371 2.09785 4.34418 1.76207 151518 0 1.62924 0.14177 0
70.4641 26.1476 1.41457 2.42206 5.80124 1.97218 147874 0 -1.52758 0.141522 0
-52.3491 43.6325 0.384731 2.1078 4.67988 1.73027 173230 0 1.77951 0.141497 0
-54.8044 -8.20258 0.983953 0.849907 0.878521 1.69183 97406 0 -0.0924526 0.140707 1
19.7468 30.0158 1.33098 2.01136 4.52547 1.53532 153331 0 1.62505 0.140484 0
57.4406 24.7719 1.7925 2.19343 4.97391 1.80008 145961 0 1.47872 0.140264 0
-51.6836 -7.10151 1.11419 0.746023 0.724937 1.73841 98820 0 1.18324 0.139334 1
35.6613 -7.10847 1.92309 0.807747 1.33631 1.77126 99093 0 -1.48917 0.138876 2
20.8797 70.1936 1.15927 2.19799 5.08215 1.9308 212303 0 1.52238 0.137931 0
17.4789 74.4022 1.21513 2.01177 4.66565 1.56797 218376 0 2.39546 0.137286 0
54.4533 6.45628 1.56564 0.845451 0.884023 1.64996 119276 0 -1.90654 0.137259 1
31.6032 57.2267 1.60011 1.63144 3.55358 1.40117 193148 0 -1.54248 0.137243 0
32.447 68.3922 2.1161 2.00194 4.37925 1.65796 209531 0 -3.10137 0.13693 0
32.1454 40.4013 1.82011 2.08673 4.64962 1.64201 168814 0 -1.74877 0.136167 0
54.7986 5.55252 1.7035 0.844726 0.886962 1.81417 117873 0 -1.65272 0.136099 1
-1.79403 17.5634 0.892679 1.9114 4.09054 1.46556 135012 0 -2.08534 0.135716 0
-52.8882 -4.97229 0.969197 2.04283 4.52715 1.69115 102092 0 0.183057 0.135416 0
-54.3477 -4.33591 0.973421 0.861692 1.0533 1.76026 103024 0 2.26188 0.135401 1
-26.1745 -8.24798 0.72019 0.774176 1.05662 1.69625 97496 0 -1.64664 0.134661 1
-1.07136 47.4314 1.19948 2.20269 5.00925 1.74804 179006 0 -0.706257 0.134648 0
69.9225 25.8775 1.40543 2.25033 5.11534 1.84742 147404 0 -1.47337 0.134251 0
-55.1914 -9.08811 0.986072 1.95015 4.12794 1.64572 96001 0 0.173447 0.134242 0
57.7441 23.8918 1.56627 2.03168 4.49951 1.66039 144558 0 1.50116 0.134163 0
33.0686 35.632 1.68559 2.23977 5.24718 1.75177 161797 0 -2.01626 0.134128 0
25.9898 -6.84245 1.50369 0.875528 1.04256 1.69468 99531 0 -1.80476 0.133847 1
-36.6565 -7.53152 1.28342 1.90443 4.39853 1.55429 98399 0 3.02221 0.133827 0
30.92 40.1468 1.8579 2.0778 4.56866 1.65564 168342 0 1.59039 0.133813 0
-44.6202 26.1009 0.477858 2.13987 4.83776 1.71126 147514 0 -1.28914 0.133721 0
-2.37125 38.6716 1.1684 1.86952 4.10873 1.45591 165898 0 -1.11243 0.133471 0
-55.182 -5.23602 0.957942 2.05878 4.59713 1.72466 101617 0 0.157144 0.133218 0
-55.1854 -8.8 1.00126 1.29374 1.96201 1.64693 96469 0 0.158202 0.133121 0
-23.8265 19.7483 0.73406 1.99201 4.54739 1.71055 138219 0 1.8828 0.132985 0
-10.3217 61.6922 0.832167 1.97395 4.67375 1.50454 199569 0 -1.29598 0.132768 0
-51.2413 -11.9323 1.14 0.828697 0.832638 1.7318 91801 0 -1.69055 0.132722 1
-42.1725 11.1497 0.750985 1.95767 3.59768 1.76736 125526 0 1.79841 0.132712 0
40.7445 28.2567 2.14268 2.22265 5.087 1.87717 151057 0 -1.58888 0.132496 0
-17.4718 41.0879 0.713086 2.03041 4.51999 1.57168 169595 0 1.76001 0.132402 0
-5.86913 25.8946 0.846457 1.87871 3.93069 1.45632 147167 0 -1.35504 0.132115 0
33.0212 52.3025 1.92252 2.38367 5.7426 1.96732 186133 0 -1.57263 0.132017 0
51.8634 6.29488 1.60368 0.864801 0.902965 1.7226 118800 0 1.34341 0.131975 1
-54.8834 -9.09564 0.996211 2.04695 4.47103 1.68189 96002 0 0.0213213 0.131314 0
38.2425 30.9287 1.94881 2.00298 4.43119 1.6365 154793 0 -1.58255 0.131163 0
33.0459 34.7833 1.72175 2.19521 5.00146 1.75581 160393 0 -1.7519 0.130841 0
39.1309 22.5674 1.68914 1.92414 4.45688 1.49607 142628 0 1.58482 0.130755 0
-37.8041 -7.1491 1.26787 0.787851 0.883288 1.63221 98863 0 -1.14182 0.130688 1
-47.2282 6.97248 0.463567 0.879728 1.00124 1.13264 119426 0 -0.376546 0.130493 1
-65.4427 19.0354 0.445268 1.91674 4.27695 1.50548 137153 0 -1.35778 0.130136 0
-52.3208 46.2259 0.52349 2.08023 4.59456 1.75282 176974 0 1.13889 0.12971 0
19.9497 72.5452 1.12209 2.16582 4.96791 1.83906 215576 0 1.61217 0.129303 0
33.3614 22.7976 1.71511 2.03629 4.57251 1.61081 143078 0 -1.60841 0.129102 0
-55.5199 24.4707 0.64429 2.08453 4.6233 1.71658 145140 0 1.73558 0.128974 0
-52.9824 43.9531 0.449613 1.98538 4.31683 1.71311 173696 0 1.9028 0.12897 0
-56.498 24.4984 0.50915 2.04205 4.54003 1.63828 145137 0 -1.32205 0.128963 0
-22.5586 -5.59943 1.03378 2.03917 4.59342 1.61237 101251 0 -1.16426 0.128921 0
17.7547 74.7501 1.24059 2.19849 4.88354 1.62987 218845 0 -0.137433 0.128754 0
38.6093 29.2104 1.93841 0.786523 0.673231 1.72192 152454 0 1.35912 0.128427 1
-50.8414 -11.7379 1.13255 0.834445 0.828391 1.75463 92271 0 -1.49403 0.128252 1
-1.7116 16.4982 0.924301 0.835633 0.850627 1.50102 133608 0 -1.99631 0.127832 1
31.5511 22.3111 1.64707 1.97352 4.45751 1.52427 142136 0 -1.58005 0.127716 0
30.9107 67.3769 1.77984 2.18185 4.92354 1.79873 208122 0 1.61156 0.127288 0
-14.5285 42.7299 0.966137 2.07114 4.77367 1.66031 171944 0 -0.965716 0.127135 0
72.107 29.2716 1.19402 2.08919 4.72567 1.66815 152559 0 1.56894 0.12667 0
-50.6168 45.8856 0.163084 0.956136 1.08652 1.79137 176511 0 1.98343 0.125915 1
32.7013 55.1191 1.75881 2.26279 5.2552 1.80678 190344 0 -1.63376 0.125873 0
