-9.72453 10.0217 0.970578 2.20268 4.93515 1.87006 124223 0 -1.36576 0.953846 0
-17.1236 -2.66864 1.07738 2.29763 5.25935 1.96745 105480 0 2.24674 0.932631 0
-23.1808 16.4886 0.684171 1.95572 4.32858 1.57998 133541 0 1.87112 0.929828 0
-3.02902 15.2891 0.810385 1.97603 4.67182 1.4366 131732 0 -1.32171 0.924417 0
20.0146 21.5238 1.55403 2.26459 5.04712 1.74999 141164 0 1.64695 0.923074 0
-3.41057 11.6495 0.910847 1.90422 4.14771 1.63583 126583 0 1.78457 0.920308 0
32.1167 19.3894 1.74534 1.94692 4.44941 1.56897 137926 0 -1.52675 0.917585 0
-8.77307 15.3305 1.06733 2.40468 5.84761 1.96698 131714 0 -1.38601 0.912887 0
49.4214 21.9029 1.73543 2.15725 4.85808 1.8272 141724 0 -1.63791 0.910285 0
3.6354 4.10715 0.7748 2.01991 4.4141 1.50911 115373 0 1.46864 0.904456 0
9.16893 13.341 0.87513 2.03281 4.73323 1.47254 128962 0 -1.40202 0.898842 0
-24.5813 11.4655 0.802676 2.27504 5.01027 1.85334 126049 0 -1.32579 0.897443 0
19.4442 15.3085 1.54534 2.00986 4.58629 1.67811 131802 0 1.5781 0.883575 0
-1.69506 -5.69846 0.769925 2.07658 4.61214 1.55395 101316 0 -0.000593489 0.878926 0
-28.6269 15.4296 0.756536 2.20299 4.78012 1.82123 132120 0 -1.28393 0.878065 0
-4.24882 -5.38313 0.755183 2.10589 4.80348 1.52246 101776 0 -0.0424577 0.877752 0
19.6143 27.1074 1.61522 2.26663 5.2029 1.93754 149119 0 1.66637 0.877247 0
11.2678 21.515 1.17963 2.16023 5.29 1.70796 141137 0 1.7687 0.872242 0
-2.43005 17.846 0.867306 2.00287 4.58776 1.4794 135478 0 1.84326 0.869193 0
-8.85309 12.7295 0.782339 2.0527 4.74443 1.50613 127970 0 -1.39407 0.8688 0
0.13652 28.5789 1.06066 2.14968 4.9419 1.83602 151398 0 1.80169 0.864297 0
3.80485 -5.07343 0.882712 2.19855 4.89309 1.89946 102269 0 -0.00630031 0.853975 0
-1.51129 23.2956 1.0547 1.9167 4.42834 1.68754 143437 0 1.7573 0.851622 0
-29.5892 9.52076 0.631586 1.99312 4.08281 1.55952 123225 0 1.83184 0.851553 0
-1.4127 20.6483 0.887808 1.9317 4.58712 1.43977 139693 0 1.77692 0.849482 0
19.9279 18.9387 1.59153 2.28145 5.0305 1.84677 137420 0 1.6027 0.839105 0
69.945 19.6384 1.474 2.02313 4.44581 1.83037 138512 0 -1.50551 0.837436 0
-29.8833 -0.0884171 0.867017 2.10485 4.61846 1.52719 109184 0 -1.63873 0.835318 0
12.3782 24.0593 1.29302 2.04696 4.55829 1.7615 144884 0 -1.41342 0.833706 0
-0.478699 25.833 0.904866 1.9433 4.54677 1.4647 147184 0 1.75968 0.832245 0
-39.1942 24.2536 0.677696 2.3964 5.937 2.05986 144723 0 -1.22975 0.820096 0
19.9526 64.1572 1.16062 2.0891 4.78173 1.70864 203408 0 -1.58772 0.819366 0
5.29628 48.5376 1.16073 2.03242 4.72401 1.82153 180430 0 1.84215 0.817857 0
69.9718 22.5704 1.20563 1.95113 4.38394 1.51347 142724 0 1.61361 0.81707 0
-5.66186 28.9003 1.01797 2.09964 4.67222 1.55406 151848 0 -1.35109 0.816955 0
19.7261 24.2617 1.36005 1.96634 4.45646 1.56068 144907 0 1.6789 0.806515 0
10.3927 18.933 0.924922 1.92645 4.40166 1.47051 137390 0 -1.38761 0.805276 0
-6.26093 26.1541 0.858247 2.07426 4.76267 1.43124 147634 0 -1.34744 0.804025 0
14.6183 32.0511 1.44445 2.0681 4.71491 1.9081 156591 0 -1.35942 0.80147 0
37.0185 19.4553 1.89674 1.99659 4.68895 1.77839 137941 0 1.53113 0.799637 0
13.6548 29.2844 1.08832 1.93684 4.43727 1.50763 152376 0 -1.38897 0.797403 0
-41.1803 16.3715 0.728134 2.19616 4.8982 1.89854 133485 0 -1.25841 0.795414 0
-44.1169 -5.00714 1.11972 1.89181 4.29568 1.48497 102120 0 -0.0133542 0.78722 0
-8.20422 18.0768 0.838575 2.00995 4.67254 1.46535 135928 0 -1.38603 0.784007 0
-43.0515 11.2612 0.726885 2.10653 4.60648 1.87665 125991 0 1.78354 0.77798 0
5.00993 45.5925 0.881516 2.03052 4.81838 1.54903 176217 0 1.84326 0.776613 0
57.1713 21.2613 1.32971 1.99575 4.47821 1.56429 140812 0 1.57344 0.77337 0
54.5549 4.65302 1.71186 0.961054 0.993295 1.94978 116468 0 1.53464 0.768249 1
2.77913 39.9057 1.04389 1.97068 4.44194 1.66856 167786 0 1.8978 0.764603 0
2.67504 36.7089 0.882109 1.79725 4.06676 1.42286 163106 0 1.85938 0.758132 0
1.39457 34.0107 0.858288 2.03132 4.60247 1.52851 159358 0 -1.2766 0.757337 0
10.3563 16.0363 0.921775 2.04405 4.7026 1.46383 133178 0 -1.43561 0.757106 0
-59.3748 19.7259 0.595072 2.04181 4.32423 1.63576 138108 0 1.87452 0.753317 0
16.5319 39.908 1.16092 1.98804 4.42897 1.8592 167829 0 -1.24264 0.736954 0
-61.5828 14.4708 0.451598 1.93625 4.40126 1.5286 130613 0 1.92105 0.734677 0
-46.8721 -4.68622 1.15304 1.91922 4.36497 1.63378 102579 0 -0.034998 0.733946 0
19.0924 67.0782 1.12334 2.00565 4.58636 1.56967 207617 0 1.56027 0.733646 0
-46.958 5.55516 0.738693 0.8992 0.933542 1.70191 117555 0 1.52904 0.727875 1
-60.3382 17.1728 0.446158 1.80782 4.09516 1.48095 134361 0 1.83234 0.726166 0
-1.65644 16.4814 0.896874 0.816298 0.826903 1.67182 133608 0 -2.1505 0.716944 1
-20.9995 22.0336 0.855176 1.99622 4.32364 1.64735 141504 0 -1.33287 0.71497 0
0.92601 -5.69041 0.74549 2.00034 4.20676 1.58012 101324 0 -0.0207767 0.714535 0
4.0276 42.476 0.884017 1.9247 4.37053 1.5004 171534 0 1.82387 0.709856 0
-35.5818 -3.7484 1.17327 0.825475 0.812246 1.71846 104018 0 1.55247 0.706988 1
-20.0054 27.3024 1.0198 2.18522 5.0088 1.66055 149463 0 1.78286 0.697266 0
38.2073 22.5417 1.71865 1.95865 4.47333 1.53291 142625 0 1.55786 0.695035 0
31.8591 49.0784 1.79166 2.02704 4.58948 1.57003 181449 0 -1.58056 0.693264 0
-7.56004 20.413 0.847829 1.99376 4.54081 1.45946 139206 0 -1.3362 0.690439 0
-8.12991 64.1177 0.999056 2.05206 4.55567 1.58645 203320 0 -1.32764 0.689726 0
16.1161 37.2258 1.03196 2.12945 4.99154 1.72521 164084 0 -1.28894 0.677661 0
-39.2029 0.0845795 0.914891 2.10228 4.60065 1.47959 109623 0 -1.59708 0.667085 0
-7.18476 23.6251 0.849262 2.02017 4.54114 1.47343 143887 0 -1.34331 0.666307 0
32.1182 52.2876 1.83153 2.16282 4.88975 1.82747 186130 0 -1.55781 0.650888 0
-22.8045 19.3374 0.761881 2.0151 4.38461 1.67148 137754 0 -1.25442 0.645267 0
38.221 25.4929 1.93322 1.95953 4.33887 1.58929 146837 0 1.55077 0.637704 0
19.7147 30.2849 1.33914 1.99084 4.5725 1.51636 153799 0 1.62489 0.635024 0
57.226 12.7363 1.48041 0.942089 0.989426 1.74782 128176 0 -2.24758 0.621956 1
31.7961 57.4685 1.7605 2.04893 4.69381 1.64464 193617 0 -1.53533 0.613932 0
-49.503 -4.35499 0.88243 1.9522 4.33544 1.50413 103039 0 -0.0671639 0.601416 0
-17.1344 52.9657 0.940127 1.99789 4.48307 1.46857 186912 0 -1.2931 0.601397 0
-30.2285 59.5884 0.369792 2.2517 5.49595 1.86616 196699 0 -1.27792 0.597951 0
-10.7739 57.0272 1.10728 2.21847 5.12092 1.74824 193016 0 1.83987 0.588652 0
-18.3989 32.4548 1.02673 2.19424 5.10819 1.62582 156956 0 -1.36438 0.567056 0
69.2974 26.4261 1.5188 1.9974 4.37173 1.71067 148338 0 -1.627 0.564571 0
-9.46198 61.6403 0.74004 1.959 4.42542 1.48144 199572 0 -1.36615 0.561826 0
-64.4508 23.8408 0.289739 2.03684 4.60607 1.51712 144176 0 -1.36042 0.555677 0
-4.99274 31.463 0.814938 2.03073 4.78901 1.43817 155594 0 -1.3059 0.553721 0
31.8238 54.8843 1.64799 1.95028 4.41211 1.55608 189873 0 -1.55407 0.547727 0
51.3084 6.29952 1.65568 0.84099 0.895449 1.68691 118798 0 1.34704 0.547402 1
13.3605 8.08421 0.744156 0.680019 0.718568 1.35306 121487 0 2.80134 0.534627 1
59.708 4.43036 1.60884 0.859956 1.71878 1.78373 116016 0 -1.87465 0.531204 2
-60.4027 34.3361 0.453903 1.96613 4.39748 1.55472 159633 0 -1.11204 0.530088 0
-0.795715 47.1725 1.20324 2.04307 4.65641 1.69823 178539 0 -1.29372 0.496779 0
54.1458 5.38291 1.88595 0.981869 1.04073 1.97563 117403 0 1.39738 0.491241 1
19.9915 69.9028 1.23997 2.02957 4.54538 1.76424 211832 0 1.49785 0.490523 0
13.3471 10.6864 1.2707 0.802316 0.875888 1.71655 125231 0 -1.49718 0.484818 1
53.5591 6.59901 1.62863 0.946901 1.03755 1.76391 119273 0 -1.95598 0.484446 1
59.8883 4.54726 1.61436 0.848043 1.75524 1.79726 116485 0 -1.86747 0.478964 2
-2.68999 38.9129 1.14896 1.89303 4.4238 1.48462 166365 0 -1.21946 0.47527 0
-32.5371 -5.29887 1.34915 0.86032 1.65325 1.7635 101688 0 1.54403 0.46862 2
55.4531 5.64629 1.38275 0.803554 0.857894 1.51519 117875 0 -0.906405 0.455399 1
-4.30331 33.8236 0.841776 1.96201 4.54128 1.4177 158872 0 -1.24395 0.454038 0
-50.7739 45.9815 0.104106 0.821907 0.837637 1.71894 176511 0 2.06381 0.446167 1
-59.1243 -7.23896 1.04906 0.755207 0.749961 1.70929 98797 0 -1.52994 0.445065 1
-52.3801 -4.93916 0.713229 1.94807 4.20895 1.61899 102094 0 0.106682 0.443916 0
24.2091 -6.98351 1.58555 0.865767 0.95548 1.6439 99525 0 -1.66204 0.443771 1
8.79491 10.6731 0.818857 2.02556 4.78162 1.49775 125217 0 -1.45806 0.414388 0
-50.9879 44.7103 0.174856 0.749713 0.729148 1.69073 174638 0 1.99111 0.410865 1
51.3083 6.4443 1.67587 0.875116 0.947464 1.73867 119266 0 1.37908 0.395144 1
55.3162 5.64325 1.44161 0.840473 0.887625 1.58511 117874 0 -0.8727 0.38681 1
-1.0693 46.9155 1.18175 2.07634 4.67545 1.74591 178070 0 -1.24511 0.38609 0
32.4897 22.5724 1.71738 1.92743 4.30307 1.54953 142607 0 -1.56465 0.375946 0
19.047 73.1234 1.14492 1.99226 4.45514 1.64999 216509 0 1.53717 0.375644 0
-52.088 -6.79556 1.02298 0.706341 0.678302 1.69032 99287 0 -1.18544 0.373912 1
69.9621 4.59429 1.57963 0.820275 0.887276 1.77872 116516 0 1.28923 0.373445 1
-52.079 -6.67595 1.05953 0.703023 0.705169 1.74153 99755 0 1.32181 0.372003 1
-24.1359 19.7659 0.75657 2.00765 4.48217 1.70398 138218 0 1.87352 0.364482 0
54.5678 4.87383 1.72409 0.913542 0.981466 1.92487 116936 0 1.51991 0.364027 1
-51.6776 -5.98505 1.11775 0.733761 0.718243 1.84824 100692 0 1.64109 0.363123 1
54.546 4.41032 1.63338 0.870125 0.905658 1.81369 116000 0 1.55626 0.361843 1
36.6337 31.5074 1.92609 1.97102 4.4582 1.48873 155724 0 1.53025 0.36018 0
19.7229 30.7944 1.3168 2.01465 4.60304 1.52392 154735 0 1.71922 0.348265 0
-53.6056 40.7687 0.310228 2.00999 4.50807 1.64757 169014 0 -1.18268 0.348054 0
54.3761 4.64548 1.70513 0.880602 0.930218 1.90705 116467 0 1.54875 0.338561 1
53.4091 6.60903 1.61892 0.931696 1.00804 1.77273 119272 0 -1.97313 0.33766 1
69.0185 26.6714 1.55017 1.78653 3.86019 1.61567 148805 0 -1.70927 0.333532 0
57.1381 24.5068 1.65517 2.19327 5.00748 1.81688 145492 0 1.46315 0.331981 0
-59.1069 -7.41648 1.05617 0.783286 0.752562 1.73219 98329 0 -1.49763 0.328414 1
18.0483 45.5778 0.832851 2.01998 4.65936 1.60189 176258 0 -1.28336 0.31987 0
53.9221 6.29276 1.64468 0.880577 0.970878 1.73029 118806 0 -1.96719 0.319342 1
31.8267 67.0863 1.70996 2.00792 4.53173 1.60611 207657 0 -1.5828 0.316512 0
26.4382 -8.13164 1.80669 0.844461 0.859734 1.60027 97660 0 2.20808 0.31565 1
20.2542 30.5101 1.35442 2.08364 4.81055 1.53846 154269 0 1.69082 0.315187 0
15.6143 37.2714 1.00684 1.71857 3.83472 1.59119 164082 0 -1.27848 0.314109 0
54.0374 5.49072 1.86809 0.926736 1.00232 1.88393 117870 0 1.47072 0.312529 1
-63.9341 23.8148 0.288833 1.82487 3.9703 1.44989 144178 0 -1.29401 0.31248 0
31.3021 57.4446 1.6935 1.77997 3.8639 1.4862 193615 0 -1.54017 0.307171 0
54.7665 4.67828 1.62948 0.942986 0.93925 1.84859 116469 0 1.59234 0.305672 1
19.9939 30.0107 1.37037 2.0047 4.53625 1.52298 153332 0 1.65634 0.304767 0
-52.1947 -6.80749 1.01132 0.71278 0.693379 1.74488 99286 0 -1.38215 0.299626 1
19.3521 72.8592 1.14515 2.04802 4.62867 1.70898 216042 0 1.59676 0.295783 0
56.5734 6.30175 1.50811 0.807663 0.84597 1.66507 118814 0 1.61293 0.291609 1
-37.9522 -7.12746 1.2668 0.747965 0.793617 1.59012 98863 0 2.96503 0.290223 1
-4.91785 34.0885 0.862402 1.99133 4.5077 1.40079 159338 0 -1.28531 0.289556 0
37.9535 25.2094 1.9347 1.92088 4.35065 1.61121 146368 0 1.5714 0.287659 0
-60.0867 17.3472 0.453279 1.69605 3.72941 1.46168 134830 0 1.82818 0.287492 0
53.5381 6.76987 1.63629 0.914681 0.978439 1.7377 119741 0 -1.95457 0.286053 1
13.4641 8.0974 0.747224 0.727274 0.783743 1.33904 121488 0 3.02172 0.285185 1
-59.3672 25.4289 0.603133 1.97005 4.41682 1.65051 146532 0 1.9779 0.283204 0
17.7991 45.3335 0.800043 1.91196 4.38395 1.5566 175789 0 -1.19697 0.283151 0
-0.189568 47.1552 1.2238 1.93904 4.3978 1.65022 178541 0 -1.31164 0.281453 0
-54.9691 -4.23528 0.973805 0.822652 0.897605 1.77638 103022 0 0.733407 0.2813 1
4.30684 42.2029 0.886758 1.65133 3.57628 1.40342 171067 0 1.81002 0.280733 0
-52.1917 -6.65533 1.01936 0.72346 0.71502 1.79392 99754 0 -1.56201 0.278413 1
-51.6842 -6.10904 1.1394 0.724588 0.708421 1.81049 100224 0 1.59988 0.27198 1
31.2232 67.2841 1.70656 2.36799 5.56189 1.85036 208123 0 0.98148 0.269591 0
-37.957 -6.96061 1.29222 0.778042 0.83414 1.57238 99331 0 1.97108 0.269078 1
32.1724 22.8229 1.69792 1.91544 4.25232 1.49936 143074 0 -1.56198 0.26811 0
-39.7892 -0.0664749 0.953649 2.1202 4.64309 1.51989 109153 0 -1.65052 0.266672 0
31.5115 34.722 1.71401 2.02287 4.57399 1.65654 160388 0 -1.89229 0.260703 0
-5.5835 31.7413 0.929189 2.07624 4.72694 1.4356 156060 0 -1.31135 0.260198 0
2.20106 36.9497 0.842966 2.09348 5.09036 1.5533 163572 0 1.87787 0.259709 0
-53.2966 43.6918 0.407268 1.99441 4.37687 1.68748 173227 0 1.91101 0.259228 0
69.8279 26.4278 1.49443 2.29958 5.36072 1.87955 148340 0 -1.6151 0.256795 0
-54.9479 -8.16022 0.859563 0.784 0.831704 1.65332 97406 0 -2.60826 0.256541 1
53.8655 6.48586 1.6215 0.960095 1.02802 1.73795 119274 0 -1.95851 0.256059 1
31.5448 22.5723 1.64789 1.9318 4.53644 1.45677 142604 0 -1.58109 0.25602 0
-50.9886 44.8301 0.172499 0.85783 0.822085 1.7564 175106 0 1.99111 0.255912 1
-29.7026 59.3453 0.4424 1.97158 4.43146 1.63305 196233 0 -1.28705 0.253876 0
5.52322 45.3502 0.8899 1.70356 3.64827 1.47535 175751 0 1.80695 0.253601 0
-54.9652 -4.0901 0.975593 0.798506 0.892075 1.77721 103490 0 0.589209 0.25248 1
37.661 25.6771 1.95465 2.08549 4.70705 1.62066 147303 0 1.58848 0.251101 0
-36.2787 -7.14388 1.23349 0.777193 0.827071 1.56488 98868 0 0.00693038 0.250221 1
56.845 24.798 1.78845 2.38347 5.62751 2.0112 145959 0 1.47343 0.249802 0
-35.4901 -3.87261 1.18402 0.863018 0.853393 1.74429 103551 0 1.56586 0.249377 1
-50.7685 46.1116 0.128499 0.834343 0.864096 1.71707 176979 0 2.05743 0.248825 1
69.2865 26.9744 1.52689 1.9802 4.39871 1.70647 149274 0 -1.7831 0.248642 0
-10.0224 61.8352 0.739404 2.09896 4.91907 1.55265 200038 0 -1.91641 0.248331 0
55.4531 5.79302 1.3712 0.847387 0.903746 1.56397 118343 0 -0.667814 0.247855 1
56.695 6.30827 1.52239 0.823282 0.867477 1.69561 118815 0 0.196076 0.247252 1
9.85895 15.9231 0.901761 1.77145 3.99331 1.41564 132708 0 -1.4208 0.246639 0
-59.6437 25.1422 0.610917 2.02384 4.55518 1.69805 146063 0 1.89846 0.244977 0
32.1491 35.041 1.71776 2.01531 4.47239 1.67715 160858 0 -1.87237 0.244935 0
54.8163 4.89288 1.62929 0.869171 0.914768 1.81867 116937 0 1.65657 0.244661 1
16.1384 36.7615 1.04303 2.20286 5.11782 1.71737 163148 0 -1.23366 0.244217 0
24.372 -7.11037 1.64113 1.00009 1.40529 1.67203 99058 0 -1.60487 0.244173 1
-32.5261 -5.06459 1.31503 0.907226 1.84822 1.76252 102156 0 1.22879 0.242805 2
-50.9092 45.9721 0.120734 0.873203 0.916629 1.76104 176510 0 2.09788 0.241898 1
32.495 37.297 1.66819 1.94724 4.297 1.52474 164135 0 -1.47556 0.240393 0
-55.0913 -4.23325 1.00089 0.817328 0.882252 1.80189 103021 0 0.663268 0.239982 1
-19.1191 27.0446 1.03117 2.38578 5.85086 1.82319 148998 0 -1.29111 0.239676 0
-32.5082 -5.48979 1.35243 0.881925 1.78687 1.79913 101220 0 1.5877 0.239033 2
18.7647 73.3687 1.14873 1.96385 4.3133 1.63275 216976 0 1.43347 0.238629 0
32.1734 22.2885 1.72024 1.92831 4.43867 1.53489 142138 0 -1.54989 0.238164 0
19.6455 73.3865 1.1863 2.36671 5.53171 1.94165 216979 0 1.52008 0.235657 0
32.7995 37.5924 1.77059 1.99624 4.41469 1.5642 164604 0 -1.61358 0.233849 0
-51.4591 -11.6995 1.14858 0.827683 0.863932 1.74414 92269 0 1.9368 0.233751 1
-58.7443 25.1221 0.520207 1.92116 4.32592 1.57805 146066 0 1.93123 0.233314 0
-51.5895 -11.7044 1.13008 0.830313 0.855645 1.74782 92268 0 2.67472 0.233221 1
-60.5747 16.9207 0.432022 2.02198 4.56596 1.55836 133892 0 1.86983 0.231659 0
8.08592 7.55513 1.27003 0.770783 0.798155 1.76543 120535 0 1.32152 0.231257 1
19.5818 67.2557 1.09698 2.33036 5.57613 1.72252 208087 0 1.59161 0.230954 0
31.6262 52.081 1.77053 1.89157 4.07909 1.68722 185660 0 -1.52048 0.230858 0
-3.3242 39.1989 1.18992 1.94009 4.38848 1.49345 166831 0 1.42648 0.230038 0
13.3461 10.5406 1.35111 0.83813 0.982012 1.71914 124763 0 -1.50056 0.228513 1
4.52605 42.3939 0.876598 1.66071 3.46494 1.41456 171536 0 1.86267 0.226996 0
-59.2401 -7.40874 1.06006 0.769345 0.760845 1.75354 98328 0 -1.35765 0.226654 1
-55.0965 -4.08518 1.00663 0.800419 0.854964 1.80133 103489 0 1.04809 0.226208 1
36.9214 31.2792 1.97173 1.95869 4.36042 1.48407 155257 0 1.49319 0.224001 0
-15.8538 42.7324 0.921138 2.09137 4.65779 1.70415 171940 0 0.190534 0.223457 0
-36.2736 -6.9521 1.24258 0.834856 0.869132 1.55304 99336 0 0.0231724 0.222511 1
0.918884 33.8426 0.953613 2.21713 5.28348 1.7141 158888 0 -1.32287 0.220088 0
18.7722 72.8709 1.08002 1.7623 3.8956 1.54524 216040 0 1.57826 0.219941 0
-59.0467 24.836 0.540001 1.84751 4.0568 1.58115 145597 0 1.85663 0.219521 0
-49.6923 -4.8589 0.91758 2.16651 5.02358 1.65406 102102 0 -0.0104572 0.219091 0
-51.6753 43.0179 0.369764 0.899497 0.992733 1.66047 172296 0 2.65244 0.219015 1
37.9021 28.3079 1.96191 2.12254 4.77929 1.66295 151048 0 1.64698 0.218755 0
31.2116 34.4434 1.77038 2.01116 4.67557 1.67677 159919 0 -1.67404 0.217158 0
16.5089 40.3719 1.16334 1.97602 4.40254 1.85686 168765 0 -1.3753 0.216496 0
31.5262 37.2964 1.58548 1.90803 4.27261 1.53782 164132 0 -1.57811 0.215106 0
17.0131 40.0888 1.16021 2.26398 5.30142 2.00447 168299 0 -1.3248 0.214306 0
54.5124 5.22968 1.74924 0.955911 1.05694 1.92486 117404 0 1.46314 0.214098 1
57.404 24.2409 1.50839 2.00993 4.57538 1.70327 145025 0 1.45482 0.213902 0
31.8287 40.1771 1.75625 2.07486 4.58703 1.73443 168345 0 -1.61104 0.213748 0
57.7452 24.7823 1.56959 2.07145 4.74139 1.77862 145962 0 1.53581 0.213651 0
31.2985 54.8957 1.58576 1.68539 3.63589 1.45436 189871 0 -1.55334 0.212042 0
-46.8896 23.1936 0.554328 2.0379 4.48638 1.67956 143295 0 -1.27967 0.210367 0
30.9109 67.0851 1.64738 2.08808 4.77306 1.78926 207654 0 1.55164 0.209977 0
69.9517 4.42346 1.54142 0.868565 1.21532 1.79471 116048 0 1.25417 0.20971 1
36.9438 31.7517 1.99041 2.05606 4.60582 1.54727 156193 0 1.5474 0.209043 0
20.5905 30.2387 1.3877 2.1423 5.04847 1.60756 153802 0 1.65754 0.208749 0
-58.0917 24.8005 0.457815 1.91866 4.26242 1.54629 145600 0 1.90676 0.20843 0
17.7456 74.4113 1.2668 2.0558 4.72715 1.58392 218377 0 0.0854535 0.207809 0
0.044754 25.7588 0.893217 1.63148 3.53217 1.41422 147186 0 1.75866 0.207286 0
25.6733 -6.81 1.59582 0.90223 0.959402 1.60409 99530 0 -1.57894 0.206825 1
57.4218 25.0588 1.70341 2.24172 5.15913 1.91384 146429 0 1.5724 0.206309 0
-49.2439 -4.60712 0.925755 1.98865 4.43725 1.55465 102572 0 -0.0604486 0.205894 0
51.1677 6.45638 1.69527 0.893551 0.971065 1.73079 119265 0 1.37351 0.205772 1
70.1219 4.6041 1.56533 0.865829 1.16076 1.80343 116517 0 -1.54999 0.205082 1
-50.8447 44.7073 0.192182 0.783895 0.814251 1.70679 174639 0 1.92003 0.203804 1
37.5847 31.5173 1.98924 1.98429 4.43095 1.56751 155727 0 1.62837 0.202814 0
-15.1997 41.7615 0.820643 2.13905 4.75045 1.66508 170538 0 1.08031 0.202385 0
57.6772 21.4984 1.33534 2.3559 5.51669 1.77336 141282 0 1.54478 0.201832 0
-32.7824 -7.12711 1.19017 0.786119 0.877332 1.66694 98879 0 0.884104 0.200535 1
-46.6905 -4.42065 1.13189 1.6425 3.50054 1.56806 103048 0 -0.0241098 0.200206 0
-1.52019 16.2855 0.882584 0.858516 0.849425 1.66635 133141 0 -2.12129 0.200159 1
-49.9732 -4.33723 0.844669 2.04255 4.61006 1.55809 103037 0 -0.0150471 0.199448 0
-61.0772 14.2597 0.493714 1.57143 3.12231 1.41116 130147 0 1.91515 0.199296 0
56.5698 6.45396 1.49855 0.847271 0.91192 1.6918 119282 0 1.24862 0.198874 1
-55.1075 -8.16041 0.896935 0.802984 0.859536 1.66869 97405 0 0.157256 0.198801 1
-36.0905 -7.14089 1.22705 0.817768 0.881134 1.59645 98869 0 -0.00944931 0.197399 1
-59.0882 25.7124 0.576482 2.00667 4.46744 1.65559 147001 0 1.99403 0.197237 0
53.3955 6.77802 1.61496 0.969108 1.02225 1.76919 119740 0 -1.93469 0.196464 1
15.9007 45.8278 0.489588 0.823441 1.26097 1.71327 176719 0 -2.76025 0.196332 2
32.4492 67.2827 1.76307 2.11526 4.71313 1.66227 208127 0 -1.60063 0.195506 0
-2.13512 18.6881 0.872918 0.828975 0.969213 1.44419 136883 0 0.798579 0.195146 1
-51.9295 -6.21796 1.11542 0.760643 0.764525 1.86106 100223 0 1.38998 0.194615 1
-1.66549 16.2961 0.930257 0.869295 0.878295 1.67283 133140 0 -2.10096 0.194602 1
-47.5032 23.2308 0.519349 2.04665 4.50276 1.69649 143293 0 -1.31765 0.193831 0
-57.7728 24.7828 0.461869 1.97362 4.38572 1.57161 145601 0 -1.91589 0.193426 0
55.2376 5.32449 1.51317 0.88587 0.966438 1.66708 117406 0 -1.28069 0.19337 1
55.3099 5.79626 1.45112 0.884423 0.943245 1.6228 118342 0 -0.575153 0.193333 1
40.1423 27.9999 2.12045 2.07578 4.63706 1.73287 150587 0 -1.57778 0.193194 0
31.839 37.5792 1.63064 1.97242 4.38179 1.53475 164601 0 -1.63861 0.192903 0
56.9096 21.0489 1.33013 1.74203 3.92363 1.49037 140343 0 1.64434 0.192125 0
55.4714 5.39135 1.42182 0.857973 0.923254 1.58812 117407 0 -1.26507 0.190662 1
-32.786 -6.94793 1.23054 0.819201 0.90748 1.65937 99347 0 2.05953 0.190553 1
-52.6572 43.3673 0.376732 2.03208 4.51269 1.6672 172761 0 1.89422 0.189647 0
53.6521 6.32602 1.63178 0.929249 1.03926 1.78009 118805 0 -2.00167 0.188961 1
-52.8818 -4.95328 0.773956 2.01257 4.44274 1.66478 102092 0 0.155386 0.187172 0
38.8106 25.6984 1.95004 2.07793 4.73621 1.64715 147307 0 1.53108 0.186837 0
-55.5219 -8.83393 0.877201 1.98597 4.44225 1.59507 96468 0 0.130812 0.186828 0
31.852 35.3182 1.73767 1.95114 4.27231 1.60515 161325 0 -2.04474 0.186655 0
-1.69164 16.6666 0.94542 0.840343 0.955619 1.5807 134076 0 -2.24482 0.186019 1
-68.3277 9.19615 2.12077 0.855909 0.99262 1.8279 122636 0 2.43952 0.185721 1
-52.329 43.0458 0.35415 1.93439 4.27376 1.66641 172294 0 -1.39086 0.184925 0
31.2137 37.6012 1.63386 1.94549 4.3834 1.53704 164599 0 -1.72705 0.184852 0
31.2366 34.9842 1.75449 2.00005 4.57214 1.62823 160855 0 -2.11668 0.18484 0
1.99098 33.7955 0.777666 1.59477 3.4016 1.32697 158892 0 -1.26143 0.184694 0
36.9844 28.3434 1.97611 2.01269 4.5086 1.59913 151045 0 1.62265 0.182475 0
-55.2311 -9.116 0.880639 2.02093 4.51232 1.62242 96001 0 0.135226 0.180406 0
-47.1837 22.9103 0.514416 2.00938 4.51702 1.64335 142826 0 -1.2989 0.180235 0
-59.6123 19.4861 0.594617 2.23551 4.85993 1.71693 137639 0 1.79021 0.179738 0
-46.865 22.5754 0.502041 2.02478 4.54202 1.63531 142359 0 -1.29744 0.1797 0
-47.2012 21.9176 0.520478 2.01418 4.51807 1.60277 141422 0 -1.29325 0.179232 0
-15.207 42.0557 0.838369 2.15308 4.73373 1.68793 171006 0 -0.662469 0.179024 0
37.6696 22.3386 1.65531 1.87085 4.36093 1.53153 142155 0 1.53937 0.178875 0
18.4697 73.1273 1.0852 1.79882 4.00077 1.54297 216507 0 1.51078 0.178787 0
-0.787987 34.0857 1.12384 0.807471 0.845892 1.69205 159351 0 -1.56672 0.178627 1
-5.60843 34.3846 1.01198 2.00664 4.53829 1.41337 159804 0 1.83887 0.178565 0
31.535 40.4399 1.80962 2.05157 4.58946 1.68638 168812 0 -1.7206 0.178128 0
32.1658 37.0031 1.59775 1.96134 4.30574 1.54565 163666 0 -1.43258 0.177966 0
-49.7367 -3.74982 0.857934 1.90352 4.34737 1.50827 103974 0 -0.0835388 0.177056 0
15.9246 45.6894 0.446236 0.875587 1.01097 1.72736 176251 0 -2.40745 0.176765 1
-46.8758 22.2348 0.51101 2.0378 4.59317 1.62889 141891 0 -1.30561 0.176215 0
38.2245 28.0184 1.95499 2.0619 4.62333 1.64478 150581 0 1.62038 0.175888 0
54.3135 4.94 1.72242 0.956053 0.99884 1.96015 116935 0 1.51997 0.175863 1
-36.0921 -6.94946 1.24373 0.85904 0.912322 1.59203 99337 0 0.0115341 0.175172 1
30.9263 34.6994 1.74142 2.01277 4.62973 1.63956 160386 0 -1.91678 0.174742 0
-60.862 17.3516 0.462178 2.12143 5.02539 1.66074 134827 0 1.84981 0.174585 0
-59.1043 -6.98438 1.07286 0.791125 0.795383 1.73902 99265 0 -1.48781 0.174561 1
56.7001 6.45356 1.51192 0.859927 0.922793 1.70757 119283 0 -0.00758771 0.174128 1
37.2846 28.5784 1.98607 2.03281 4.46654 1.60154 151514 0 1.66076 0.173821 0
43.9062 2.49606 1.78878 0.774453 0.701431 1.55015 113159 0 3.1412 0.173121 1
-2.38245 17.5833 0.889312 1.97856 4.45903 1.48646 135010 0 -1.68505 0.17304 0
-14.906 41.761 0.85608 2.05707 4.5075 1.59443 170539 0 1.50831 0.17299 0
-51.8971 -5.95585 1.08231 0.779078 0.782562 1.86942 100691 0 1.16931 0.172913 1
-53.0096 43.9541 0.443568 2.0062 4.39193 1.67454 173696 0 1.9722 0.172283 0
-17.6763 53.2344 0.949209 2.26155 5.50019 1.70748 187378 0 -1.25026 0.172158 0
-15.5294 42.0705 0.798956 2.17995 4.91915 1.71389 171005 0 -0.269373 0.172113 0
-57.755 24.4937 0.460642 1.97394 4.33961 1.55429 145133 0 -1.67232 0.17204 0
-38.1315 -6.95512 1.30289 0.783712 0.898154 1.55284 99330 0 2.98295 0.17185 1
26.6121 -8.15349 1.84003 0.876142 0.890897 1.62576 97661 0 2.46895 0.171515 1
-3.06186 -10.4167 0.352516 0.780744 1.6795 1.76032 94292 0 1.39084 0.171348 2
-0.808609 29.9043 1.04072 0.824893 0.825138 1.68912 153267 0 -1.36951 0.171149 1
32.4327 34.7561 1.76097 2.13157 4.76539 1.76928 160391 0 -1.7268 0.17103 0
-1.53647 16.6495 0.901691 0.830469 0.956593 1.52712 134077 0 -2.3409 0.170176 1
-2.37204 18.6736 0.851524 1.03895 1.50093 1.50737 136882 0 1.23063 0.170165 1
-58.3859 24.5129 0.451395 1.93479 4.33663 1.557 145131 0 1.85807 0.170113 0
-9.11704 16.8248 0.986234 0.835588 0.827585 1.59821 134053 0 1.73087 0.170076 1
-51.9551 43.0258 0.388987 1.62766 2.76121 1.61412 172295 0 -1.47036 0.16965 0
-38.1272 -7.13602 1.26375 0.766352 0.852336 1.57597 98862 0 -3.06946 0.168538 1
19.3606 72.5513 1.12999 1.95844 4.38229 1.67343 215574 0 1.6286 0.168108 0
16.0936 45.8659 0.520496 0.896674 1.57526 1.65649 176720 0 -2.56774 0.166316 2
32.7669 37.0136 1.68777 2.00128 4.44243 1.5738 163668 0 -1.38603 0.166167 0
-1.41769 46.599 1.15542 2.09631 4.50282 1.79296 177601 0 -1.29117 0.16601 0
-15.494 41.7763 0.74685 2.15553 4.86498 1.67567 170537 0 0.249853 0.16549 0
31.2211 40.1712 1.73593 2.05881 4.58316 1.69102 168343 0 1.73107 0.165076 0
-3.67561 39.4553 1.20806 2.02411 4.50361 1.52899 167298 0 1.43104 0.16467 0
74.7405 19.6528 1.34313 1.70643 3.93588 1.58109 138527 0 1.48291 0.164612 0
-0.917313 20.4014 0.936722 1.59973 3.40262 1.38582 139227 0 1.77091 0.164504 0
3.95859 42.9168 0.914191 2.13682 4.86745 1.60499 172470 0 1.93311 0.164404 0
-51.479 -5.96262 1.08356 0.772182 0.754456 1.84148 100693 0 1.63278 0.164127 1
-51.6092 -11.8878 1.16665 0.834996 0.864228 1.73347 91800 0 3.00556 0.163838 1
32.3704 54.8851 1.76246 2.24709 5.26401 1.76602 189875 0 -1.56148 0.163686 0
1.4179 33.5693 0.838328 1.9184 4.36501 1.48902 158422 0 -1.32235 0.162275 0
-53.8512 43.6992 0.456255 2.17131 4.86088 1.82524 173225 0 1.83957 0.162237 0
32.5102 37.8677 1.76845 1.94583 4.2501 1.54496 165071 0 -1.6999 0.162076 0
-46.8823 7.47715 0.392257 0.640118 0.674739 0.902215 120363 0 0.542084 0.161959 1
69.6834 22.3682 1.19114 1.69245 3.74245 1.42109 142255 0 1.56601 0.161503 0
-5.51597 31.2971 0.931344 1.93414 4.23192 1.36513 155124 0 -1.36974 0.160666 0
-5.89011 25.1564 0.823687 0.747578 0.739441 1.4729 146231 0 -0.756578 0.160497 1
55.5152 32.1596 2.1056 2.36694 5.62819 2.02528 156719 0 1.48783 0.15989 0
19.0503 73.6975 1.17292 2.19363 4.87509 1.77859 217445 0 1.36704 0.159701 0
11.0432 74.335 0.718226 0.832366 0.999727 1.51106 218356 0 -1.43788 0.15924 1
-46.5698 21.9149 0.549861 2.05719 4.56807 1.65272 141424 0 -1.30388 0.158671 0
-52.6392 46.2368 0.489496 2.03415 4.50478 1.70523 176973 0 1.86079 0.158535 0
13.3629 29.0804 1.09124 1.73294 3.97863 1.43082 151907 0 -1.36218 0.158186 0
55.1229 4.93961 1.55144 0.816177 0.89632 1.6939 116938 0 -1.88021 0.158152 1
-57.7813 25.0813 0.468544 1.99494 4.5129 1.59034 146069 0 2.57294 0.15805 0
31.208 36.9938 1.61054 2.00277 4.41387 1.52648 163663 0 -1.677 0.157947 0
-14.8923 42.0534 0.851503 2.02442 4.42294 1.60281 171007 0 -1.18664 0.157362 0
-32.707 -5.056 1.35546 0.900384 1.7658 1.74924 102155 0 1.43778 0.157222 2
-51.6345 -7.84174 1.10953 0.740676 0.720707 1.76963 97884 0 -0.886906 0.156633 1
-40.0611 24.5325 0.671977 2.55599 6.48952 2.23647 145188 0 -1.27756 0.156523 0
-47.8208 21.9475 0.565405 2.06184 4.56967 1.66411 141420 0 -1.28048 0.156462 0
-59.0357 24.527 0.532532 1.85667 4.08849 1.57152 145129 0 1.77052 0.156358 0
-23.529 19.6122 0.788685 2.10718 4.73752 1.76056 138220 0 1.74152 0.15582 0
-14.8824 43.0394 0.892844 2.13156 4.78057 1.74883 172411 0 -2.72723 0.155392 0
-58.4337 25.3889 0.505855 1.98785 4.38546 1.5834 146535 0 1.96812 0.15533 0
-16.1054 42.4108 0.922785 2.10914 4.68239 1.67312 171471 0 -0.0282118 0.155328 0
-49.6615 -8.1665 1.17462 0.691495 0.645953 1.71167 97422 0 0.258531 0.155196 1
32.765 40.1354 1.86654 2.03961 4.48294 1.69397 168348 0 -1.52721 0.15477 0
32.1617 39.8694 1.81288 2.09496 4.69188 1.77543 167878 0 -1.48314 0.154246 0
-8.73347 64.4042 0.961978 2.37399 5.93912 1.88099 203786 0 -1.32194 0.15403 0
58.0306 24.522 1.44233 1.98418 4.58901 1.71541 145495 0 1.50815 0.15401 0
31.2159 40.4523 1.78087 2.03833 4.54485 1.64154 168811 0 2.50803 0.153751 0
-57.4708 24.7702 0.458875 1.97206 4.47944 1.59043 145602 0 -1.46403 0.153737 0
-1.71984 46.8989 1.2072 2.11104 4.72684 1.80214 178068 0 -0.633352 0.153488 0
17.1314 47.2239 0.831325 1.84926 4.2166 1.55742 178595 0 -2.7696 0.153092 0
7.9735 7.56387 1.24414 0.769595 0.752716 1.729 120534 0 1.18426 0.152779 1
51.5539 6.28659 1.65157 0.90519 0.986715 1.77367 118799 0 1.27485 0.152509 1
37.9015 31.2434 2.0002 1.96449 4.39814 1.55222 155260 0 -1.59206 0.152225 0
-8.54694 61.5218 0.597994 2.01328 4.60865 1.53707 199575 0 -1.35537 0.152185 0
17.4462 74.7334 1.30699 2.20854 4.92857 1.70409 218844 0 -0.18293 0.15204 0
-51.9914 43.3249 0.379791 1.94333 4.03073 1.60751 172763 0 -1.44352 0.151511 0
32.1423 34.4578 1.72309 2.01599 4.50094 1.69619 159922 0 -1.64406 0.151466 0
54.8595 5.21132 1.59523 0.828675 0.942808 1.76038 117405 0 1.44701 0.150793 1
54.1339 6.27279 1.66106 0.872592 0.944676 1.70907 118807 0 -2.12021 0.150668 1
-8.42063 20.6549 0.86725 2.005 4.46611 1.44879 139671 0 -1.40571 0.150513 0
51.3165 6.03481 1.64916 0.887095 0.95155 1.7249 118330 0 1.4273 0.150483 1
-51.9597 42.7701 0.354642 1.70014 3.00577 1.6635 171827 0 -1.37162 0.150428 0
-15.547 43.33 0.918924 2.25925 5.24673 1.87093 172877 0 0.00682993 0.15026 0
56.1485 32.4781 1.94264 2.0863 4.54237 1.75695 157189 0 1.42663 0.150106 0
-54.9459 -7.94688 0.874929 0.796365 0.823482 1.66162 97874 0 3.12825 0.150072 1
-52.3447 43.6653 0.396762 2.03602 4.55114 1.66785 173230 0 -1.11573 0.14989 0
-43.5914 11.1377 0.698787 2.37028 5.60445 1.93397 125521 0 1.69063 0.149708 0
-49.5343 -8.15635 1.18754 0.730018 0.668918 1.68796 97423 0 1.22011 0.149519 1
-10.4284 56.597 1.155 1.8781 4.33393 1.66031 192081 0 1.73952 0.149298 0
19.4396 69.6621 1.19033 1.96992 4.41389 1.71789 211362 0 1.55294 0.149232 0
32.4516 40.4293 1.86931 2.06775 4.58076 1.69479 168815 0 -1.8 0.14905 0
-46.2549 22.5699 0.581096 2.06014 4.54985 1.68154 142361 0 -1.27195 0.14881 0
-17.1757 53.5053 0.998969 2.20136 5.02495 1.60084 187848 0 -1.08155 0.148734 0
57.4002 12.4205 1.47273 0.907595 1.02967 1.71718 127709 0 -2.27237 0.148726 1
-15.2174 43.0402 0.868369 2.19039 5.07143 1.80898 172410 0 -0.721655 0.148527 0
-14.8854 42.7303 0.911942 2.03489 4.56046 1.66492 171943 0 -1.20658 0.148479 0
19.0164 20.5683 1.41167 0.821122 0.869196 1.47201 139757 0 2.84449 0.148457 1
33.075 22.8247 1.72926 1.94983 4.40165 1.56004 143077 0 -1.60247 0.147535 0
31.5344 39.8793 1.75071 2.14483 4.78336 1.75243 167876 0 -1.62315 0.147332 0
-51.4554 -11.8897 1.16617 0.833302 0.869789 1.72478 91801 0 2.50444 0.146463 1
17.4868 45.8558 0.808274 1.63648 3.54677 1.46877 176724 0 -1.34278 0.146405 0
18.0493 74.749 1.21966 2.2168 4.85845 1.70648 218846 0 -0.00579533 0.146204 0
37.889 31.7861 2.00345 2.15952 4.75225 1.66651 156196 0 1.07682 0.145912 0
31.1952 37.8899 1.65666 1.9553 4.40703 1.5647 165067 0 2.71864 0.145758 0
-15.1865 41.4805 0.744266 2.10587 4.67792 1.62284 170070 0 1.55166 0.14455 0
30.9098 37.6035 1.60114 1.97524 4.32541 1.51401 164598 0 1.68967 0.144302 0
-60.8808 34.6309 0.415476 2.24945 5.43422 1.71419 160099 0 -1.09982 0.144031 0
70.1398 4.40619 1.55194 0.915912 1.53533 1.8343 116049 0 -1.37983 0.14394 2
15.8699 46.1832 0.69389 0.77206 1.73074 1.67476 177187 0 -3.08094 0.143582 2
53.9376 5.95172 1.74874 0.931121 1.04541 1.82361 118338 0 -1.96301 0.143469 1
32.7739 39.8594 1.87247 2.07178 4.57583 1.72795 167880 0 -1.25704 0.143447 0
-7.09155 26.393 0.884459 2.11553 5.07588 1.49318 148099 0 -1.37237 0.143325 0
-54.927 -8.40888 0.852415 0.895326 1.04319 1.70276 96938 0 -0.0788384 0.143065 1
19.9857 69.3792 1.19012 1.90327 4.20323 1.63506 210896 0 1.58033 0.142836 0
-53.5762 44.2454 0.450871 2.22749 5.0113 1.8774 174162 0 1.93167 0.142834 0
31.8756 48.5954 1.76285 2.03285 4.60877 1.56905 180513 0 -1.48369 0.142339 0
-61.2861 14.0724 0.472987 1.65315 3.47566 1.43154 129678 0 1.90357 0.14223 0
-50.8295 44.8536 0.174449 0.865692 0.852452 1.75262 175107 0 1.82542 0.142069 1
30.8651 34.135 1.7757 2.06465 4.62103 1.65604 159450 0 -0.355853 0.141954 0
31.5283 66.8057 1.64406 2.09629 4.83225 1.72434 207188 0 -1.56691 0.141763 0
-6.2184 29.1571 1.03028 2.25115 5.01889 1.54184 152314 0 -1.35329 0.141736 0
-68.3237 9.33336 2.04434 0.883319 1.14497 1.82294 123104 0 2.67597 0.141489 2
18.8161 66.8307 1.16128 1.71174 3.70015 1.51855 207148 0 1.58098 0.141221 0
70.4546 22.767 1.23009 2.24024 5.33743 1.71773 143194 0 1.57549 0.14095 0
-51.449 43.0271 0.370914 0.925349 1.0149 1.70578 172297 0 1.79825 0.14058 1
32.3913 57.4858 1.90669 2.3748 5.70555 1.93235 193619 0 -1.55618 0.140332 0
3.34393 5.60538 0.822999 0.810713 0.875788 1.45349 117712 0 0.236337 0.140054 1
54.7727 4.3921 1.58765 0.876468 0.883854 1.77984 116001 0 1.69967 0.139854 1
-62.1416 14.5299 0.498373 2.24386 5.41154 1.70525 130611 0 1.89513 0.139476 0
31.8783 51.7898 1.75872 2.00454 4.52195 1.71416 185193 0 -1.4672 0.139386 0
-52.106 -4.69704 0.698923 1.82836 3.92444 1.50333 102563 0 0.102716 0.139367 0
39.1872 28.031 2.03873 2.06408 4.61314 1.7042 150584 0 1.61097 0.139115 0
-8.10358 23.8827 0.907917 2.05062 4.62629 1.48875 144352 0 -1.46846 0.138858 0
-47.5175 7.2329 0.373752 0.777151 0.808659 1.09316 119893 0 -0.344938 0.138811 1
-47.5029 22.5609 0.49972 2.02652 4.4912 1.6417 142357 0 -1.29419 0.138342 0
-57.1445 24.4797 0.455946 1.9928 4.51524 1.59169 145135 0 -1.48012 0.138159 0
30.5702 34.1104 1.78049 2.11992 4.3571 1.65704 159449 0 1.09409 0.138144 0
-10.161 56.7788 1.16505 2.03094 4.52924 1.66691 192550 0 1.44368 0.137724 0
58.0653 25.0693 1.56665 2.04766 4.58739 1.74895 146431 0 1.67094 0.13744 0
-59.2724 -6.97849 1.08546 0.776909 0.772712 1.74256 99264 0 -1.41282 0.137437 1
-35.6266 -3.46594 1.13696 0.818737 0.85672 1.67438 104486 0 1.56521 0.137285 1
-7.24801 27.3242 1.00076 0.734758 0.681985 1.34441 149503 0 0.125556 0.137064 1
-53.3667 41.0374 0.30521 2.11631 4.58739 1.67573 169483 0 -1.00123 0.137056 0
-58.8313 -7.22507 1.04345 0.777395 0.764458 1.73377 98798 0 -1.48774 0.136793 1
-15.2191 42.7212 0.914774 2.16513 4.76147 1.72457 171942 0 -0.387187 0.13679 0
-15.2149 43.3457 0.91458 2.28477 5.32734 1.87911 172878 0 -2.76179 0.136715 0
-9.71391 61.3958 0.725686 1.98069 4.45059 1.51354 199103 0 -1.39187 0.136608 0
13.328 10.914 1.27036 0.826874 0.966422 1.73663 125699 0 -1.43073 0.136425 1
17.0366 39.6277 1.19909 2.27766 5.41697 2.01436 167363 0 -1.19621 0.136042 0
37.2988 28.0706 1.94779 2.03759 4.56503 1.62633 150578 0 1.63427 0.136017 0
37.6692 22.7763 1.72444 1.96626 4.54272 1.56016 143091 0 1.60004 0.135846 0
38.2897 29.2081 2.03687 0.752854 0.639874 1.65497 152453 0 1.39091 0.135636 1
26.4225 -7.95947 1.83275 0.91838 0.964527 1.64124 98128 0 2.08085 0.135477 1
-3.75597 33.9929 0.836495 2.0823 4.83372 1.50905 159342 0 -1.30374 0.135336 0
-16.5757 52.9031 0.94724 1.83574 3.89212 1.43424 186914 0 -1.29373 0.135312 0
-60.0715 16.9195 0.471904 1.65503 3.63366 1.441 133894 0 1.86513 0.135226 0
16.0622 45.6814 0.467608 0.907729 1.34932 1.67725 176252 0 -2.33132 0.134996 2
-3.39586 39.4261 1.21503 1.97993 4.4412 1.50577 167299 0 1.04801 0.134968 0
36.069 31.2717 1.8629 1.97593 4.50681 1.47022 155254 0 1.40224 0.13495 0
55.2267 32.1483 2.23017 2.35259 5.55279 1.97004 156718 0 -2.2702 0.134895 0
2.97074 36.4384 0.926705 1.56229 3.25409 1.34941 162639 0 1.88963 0.134822 0
31.1902 34.1501 1.76974 2.04771 4.67793 1.68178 159451 0 -1.38401 0.134433 0
68.7398 26.4246 1.54247 1.74049 3.64013 1.58511 148336 0 -1.64516 0.134354 0
-37.6984 -7.16955 1.26634 0.751745 0.877997 1.62558 98864 0 1.21952 0.134346 1
18.3605 74.3879 1.25785 2.1771 5.05569 1.70539 218379 0 0.538208 0.133642 0
-51.6897 42.7972 0.341064 0.957351 1.13525 1.70896 171828 0 2.41455 0.133563 1
-14.5774 42.0632 0.863423 1.95982 4.25411 1.55521 171008 0 -1.533 0.13339 0
5.83558 48.2739 1.16228 1.83241 3.88223 1.709 179964 0 1.80202 0.132627 0
-47.8299 22.9043 0.508265 2.03877 4.58047 1.69307 142824 0 -1.30712 0.132601 0
54.1915 5.88345 1.77334 0.939786 1.08146 1.82935 118339 0 2.77569 0.132513 1
18.3577 45.036 0.893801 2.22587 5.31928 1.75588 175323 0 -1.17687 0.1323 0
19.0574 20.3738 1.41527 0.820814 0.847419 1.44702 139289 0 2.20817 0.131987 1
3.29985 39.6234 1.0869 1.91964 4.16688 1.6191 167320 0 1.91351 0.131945 0
43.7822 2.62766 1.81138 0.783848 0.714734 1.51166 113626 0 3.10348 0.131926 1
-58.0656 24.2164 0.448348 1.99496 4.44002 1.54645 144664 0 1.50034 0.131586 0
17.184 74.4143 1.28318 2.15837 4.968 1.60895 218375 0 -0.100572 0.131551 0
33.0807 22.2946 1.70387 1.88251 4.26815 1.55556 142141 0 -1.59044 0.131388 0
20.2549 73.1221 1.21473 2.48731 6.1371 2.07731 216513 0 1.52469 0.13131 0
-65.0271 23.8414 0.286478 2.28484 5.44412 1.72106 144174 0 -1.30562 0.131145 0
-1.99352 16.4947 0.956887 0.832668 0.896659 1.56099 133607 0 -1.72222 0.130772 1
-52.6125 -4.40415 0.685363 1.87612 3.95084 1.50649 103029 0 0.0834322 0.130415 0
-59.9274 25.7249 0.713818 2.19734 5.08873 1.82597 146998 0 1.98178 0.13029 0
-52.6171 -5.52553 0.885201 2.31723 5.2518 1.90212 101157 0 0.114268 0.130192 0
-6.20448 34.6548 1.08749 2.12361 4.82763 1.48929 160270 0 1.86314 0.129336 0
-6.1385 28.7603 1.01972 1.98293 4.33041 1.5183 151378 0 -1.36316 0.129251 0
-3.73779 33.5277 0.795897 1.97537 4.51809 1.48627 158406 0 -1.2407 0.129242 0
17.4133 47.4966 0.886276 2.08897 4.85289 1.70826 179064 0 -2.88188 0.128923 0
-10.3384 61.869 0.769087 2.11253 5.07112 1.58479 200037 0 1.76408 0.128865 0
8.09135 7.70846 1.24321 0.794246 0.852413 1.75348 121003 0 1.04295 0.128445 1
-47.0831 5.43362 0.749852 1.00355 1.03628 1.72812 117086 0 1.53099 0.12835 1
-1.71553 47.1868 1.23491 2.19469 4.97275 1.78647 178536 0 1.17028 0.12825 0
-48.1396 23.216 0.523071 2.13603 4.7098 1.74244 143291 0 -1.34399 0.12799 0
3.47359 42.7006 0.900543 2.23918 5.40478 1.69248 172000 0 1.83453 0.127351 0
31.223 68.6504 2.06879 2.21806 4.81208 1.82039 209995 0 -2.38431 0.126954 0
11.0496 74.1835 0.692096 0.783572 0.855777 1.50309 217888 0 -1.07398 0.126864 1
25.5364 -6.67946 1.59956 0.864958 0.908017 1.59866 99997 0 -1.77528 0.126392 1
70.4536 22.3621 1.21305 2.20936 5.38505 1.73554 142258 0 1.60011 0.126113 0
-54.1503 40.8131 0.297502 2.23612 5.38987 1.7859 169012 0 -1.2466 0.126112 0
-52.9125 45.9503 0.492897 2.17924 4.89769 1.82933 176504 0 1.72021 0.126047 0
-52.9174 46.5454 0.508374 2.25799 5.21454 1.88761 177440 0 -1.43773 0.125627 0
