-10.0985 10.0414 1.01274 2.18215 4.92314 1.90019 124222 0 -1.35115 0.951539 0
-3.35767 15.261 0.837758 1.97235 4.58413 1.4194 131731 0 -1.29428 0.918433 0
2.78628 4.0355 0.797878 2.01356 4.38308 1.52502 115370 0 1.49921 0.917228 0
-23.5362 16.5342 0.695902 1.95663 4.35766 1.61726 133540 0 1.86153 0.916168 0
-2.0834 -5.69877 0.776134 2.06967 4.5315 1.57962 101315 0 -0.0368675 0.914168 0
19.1026 15.2848 1.67361 1.98089 4.54093 1.67196 131801 0 1.56975 0.913048 0
10.9429 21.5267 1.23454 2.1871 5.39866 1.80629 141136 0 1.78205 0.912479 0
49.1608 21.8195 1.82446 2.23036 5.03119 1.86829 141723 0 -1.63719 0.90817 0
3.46606 -5.05124 0.879351 2.28025 4.95475 1.89673 102268 0 0.000281841 0.908067 0
-3.72954 11.637 0.962501 1.86659 4.01226 1.62116 126582 0 1.75279 0.903649 0
-17.666 -2.48196 1.05831 2.31313 5.33696 1.96341 105946 0 2.26327 0.900325 0
-4.65078 -5.36828 0.78631 2.1014 4.68754 1.57083 101775 0 -0.0494301 0.895847 0
36.6984 19.3857 2.03287 2.01403 4.65006 1.91452 137940 0 1.52774 0.886162 0
-39.5072 24.4153 0.7615 2.54381 6.07472 2.04802 145190 0 -1.22632 0.885921 0
-28.952 15.4549 0.764106 2.19046 4.76174 1.82347 132119 0 -1.26544 0.88492 0
31.7677 19.3441 1.75958 1.96239 4.57382 1.51893 137925 0 -1.50686 0.883363 0
8.80659 13.3568 0.895307 2.0821 4.7871 1.49626 128961 0 -1.39945 0.882707 0
-0.194801 28.5701 1.1555 2.1373 4.90323 1.85742 151397 0 1.79247 0.87886 0
-41.7106 16.4812 0.74115 2.27084 5.25401 1.94487 133483 0 -1.26914 0.874553 0
-1.757 20.606 0.952146 1.93445 4.53131 1.45871 139692 0 1.77571 0.874536 0
19.2817 27.0979 1.67987 2.19383 5.11143 1.95518 149118 0 1.67821 0.868044 0
-9.21506 12.7479 0.802084 2.07194 4.7617 1.50912 127969 0 -1.4021 0.8641 0
19.6891 21.4901 1.55537 2.18772 4.84855 1.72443 141163 0 1.64229 0.863171 0
19.4268 18.8418 1.6862 2.11627 4.80109 1.77971 136950 0 1.6154 0.860383 0
-44.5931 -4.9663 1.04576 1.97408 4.46272 1.54469 102118 0 0.0487007 0.85992 0
-2.01488 23.3113 1.0685 2.02031 4.8471 1.70616 143435 0 1.75614 0.84919 0
-25.0335 11.553 0.824276 2.3329 5.16529 1.83014 126515 0 -1.32781 0.849124 0
-30.2596 -0.0540771 0.822925 2.13701 4.66041 1.50733 109183 0 -1.64324 0.848869 0
-9.05999 15.316 1.08858 2.4306 5.81664 1.96076 131713 0 -1.39442 0.845204 0
69.583 19.6288 1.48621 2.01275 4.48166 1.68056 138511 0 -1.51994 0.840866 0
10.0413 15.9015 0.959805 2.08259 4.80511 1.47711 132709 0 -1.36341 0.839211 0
-0.806595 25.8192 1.00206 1.95688 4.57855 1.45291 147183 0 1.74336 0.834803 0
19.6256 24.2139 1.42279 2.07304 4.87767 1.56741 144907 0 1.68505 0.833025 0
-43.3661 11.3912 0.777699 2.08139 4.54317 1.88396 125990 0 1.79982 0.829645 0
69.6131 22.5422 1.36643 1.97984 4.4841 1.52429 142723 0 1.58935 0.824112 0
14.2931 32.0625 1.51904 2.06788 4.67353 1.84567 156590 0 -1.36639 0.821548 0
2.43517 39.9304 1.12963 1.97828 4.47362 1.67975 167785 0 1.83727 0.82098 0
10.1284 18.825 0.993567 1.92722 4.45609 1.53008 136921 0 -1.34639 0.820852 0
0.558136 -5.83961 0.757816 2.0334 4.47547 1.58051 100855 0 -0.00379749 0.819728 0
19.433 64.1048 1.18198 2.07839 4.68944 1.54926 203406 0 1.55344 0.814457 0
5.00169 48.4824 1.28126 1.99257 4.59684 1.81485 180429 0 1.84924 0.806822 0
3.67701 42.4584 1.02161 1.98889 4.58834 1.49856 171533 0 1.78274 0.806623 0
-29.9434 9.56073 0.680562 2.05255 4.1848 1.55516 123224 0 1.81982 0.803436 0
-2.76882 17.7962 0.900568 2.01494 4.53953 1.49111 135477 0 1.81756 0.802915 0
12.2723 24.0519 1.33277 2.13557 4.88989 1.77071 144884 0 -1.43471 0.799579 0
-59.7335 19.7307 0.642905 2.02772 4.28494 1.63134 138107 0 1.84676 0.794692 0
-8.50151 18.1115 0.86131 2.02061 4.69065 1.48162 135927 0 -1.31208 0.784974 0
-1.96857 16.4841 0.983706 0.876952 0.849075 1.66203 133607 0 -2.49525 0.772718 1
-6.19864 28.9453 1.13891 2.06746 4.63588 1.50128 151846 0 -1.3703 0.772369 0
2.3602 36.7415 0.962135 1.80197 4.13511 1.44775 163105 0 1.85547 0.77089 0
4.87673 45.5228 0.986916 1.98883 4.59072 1.52786 176217 0 1.84051 0.768278 0
13.3528 29.2391 1.16964 1.92612 4.48323 1.50356 152375 0 -1.39512 0.767084 0
56.8173 12.5903 1.59532 0.953867 0.958721 1.67607 128175 0 -1.93077 0.765065 1
-61.8987 14.5085 0.471709 1.91572 4.34761 1.51584 130612 0 1.90794 0.761947 0
1.06717 33.9939 0.961267 2.01943 4.61764 1.47483 159357 0 -1.30686 0.748493 0
19.6852 30.2263 1.42644 2.01231 4.61773 1.47767 153799 0 1.699 0.739448 0
56.8343 21.2354 1.46556 1.98164 4.39765 1.5157 140811 0 1.56045 0.731731 0
15.8085 37.2742 1.16324 2.11844 4.99974 1.6143 164083 0 -1.30517 0.727308 0
-47.4334 5.59216 0.729931 0.938858 0.945047 1.68792 117553 0 1.54653 0.726756 1
-19.7031 27.1281 1.06258 2.31006 5.88933 1.89535 148996 0 -1.28576 0.726727 0
-47.26 -4.65087 1.10054 1.96322 4.42388 1.69638 102578 0 -0.00831564 0.723335 0
31.534 49.0995 1.86462 2.00672 4.50029 1.59822 181448 0 -1.58203 0.723099 0
-6.58955 26.182 0.967366 1.96236 4.59731 1.39228 147633 0 -1.29808 0.722323 0
-8.13589 20.5546 0.902534 2.11195 4.97644 1.46118 139672 0 -1.33061 0.710283 0
-36.0328 -3.66756 1.07358 0.809274 0.793319 1.75108 104017 0 1.55281 0.709265 1
-21.348 22.1329 0.883685 2.08181 4.53703 1.62098 141971 0 -1.29311 0.70675 0
18.7863 67.0394 1.27095 2.05885 4.65807 1.62325 207616 0 1.57251 0.697291 0
-39.5253 0.126068 0.92172 2.12107 4.62788 1.49818 109622 0 -1.59702 0.697038 0
16.4528 39.8997 1.38383 2.1017 4.74795 1.88252 167829 0 -1.26768 0.685025 0
-5.55939 31.5655 0.977177 2.04239 4.68468 1.43814 155592 0 -1.33798 0.674985 0
-7.53133 23.7451 0.937428 2.07697 4.93975 1.43974 144354 0 -1.31314 0.665046 0
-30.2503 59.4494 0.500019 2.08854 4.99013 1.71243 196231 0 -1.32246 0.661609 0
-60.6607 17.179 0.422425 1.76337 4.0502 1.47752 134360 0 1.86539 0.653565 0
31.8211 52.0618 1.87497 2.07018 4.75428 1.62679 185661 0 -1.53628 0.643455 0
-60.9002 34.4185 0.464922 2.07449 4.71593 1.5658 159631 0 -1.25903 0.641091 0
31.5002 57.4553 1.78874 2.04111 4.65268 1.69084 193616 0 -1.55276 0.626618 0
-8.46262 64.1013 1.22142 2.00434 4.51345 1.53652 203319 0 -1.3472 0.617282 0
37.6058 22.4878 1.75883 1.98573 4.63048 1.56527 142623 0 1.56751 0.610164 0
-17.5091 52.9524 1.07518 2.00904 4.46187 1.50506 186911 0 -1.2783 0.608891 0
31.7936 54.8203 1.75105 2.07136 4.70958 1.58857 189873 0 1.55711 0.602077 0
-64.7966 23.8499 0.270695 1.99362 4.5123 1.51262 144175 0 -1.37302 0.588506 0
54.1854 4.57216 1.74472 0.971704 0.956973 1.88436 116467 0 1.50277 0.585599 1
31.8441 22.5878 1.75078 1.89228 4.22707 1.46182 142605 0 -1.57809 0.578287 0
19.6765 69.9491 1.46935 2.09418 4.75975 1.79445 211831 0 1.51606 0.571716 0
17.7323 45.6101 0.99394 2.03005 4.72345 1.54751 176257 0 -1.27909 0.565487 0
59.361 4.3271 1.70425 0.94041 1.06486 1.80611 116015 0 -2.0123 0.564769 1
50.9483 6.22203 1.63359 0.815169 0.843761 1.66029 118797 0 1.2273 0.541053 1
-11.3382 57.0588 1.174 2.35418 5.60052 1.76136 193014 0 1.801 0.536206 0
-1.43574 46.9228 1.33479 1.99499 4.53788 1.60737 178069 0 1.53474 0.526584 0
36.6747 25.4185 1.94806 2.11018 4.82167 1.66902 146832 0 1.61578 0.524906 0
31.5235 66.9906 1.9308 2.03087 4.57106 1.61505 207656 0 -1.56018 0.524371 0
68.9849 26.0851 1.55952 2.02513 4.40988 1.67677 147869 0 -1.57388 0.516829 0
8.17127 10.6858 0.750911 1.97656 4.58123 1.44802 125215 0 -1.44686 0.497154 0
19.0282 73.0969 1.37504 2.17291 4.96399 1.84435 216509 0 1.58054 0.485526 0
-52.0227 -5.99362 1.03391 0.729941 0.734861 1.82264 100691 0 1.73819 0.475361 1
-1.1526 46.9193 1.34846 1.98448 4.56533 1.56936 178070 0 1.23687 0.472298 0
-22.8964 19.3503 0.777351 2.07406 4.63688 1.6867 137754 0 -1.27155 0.466116 0
53.7077 5.28669 1.8011 0.884457 0.919129 1.81729 117401 0 1.34017 0.455876 1
-10.0967 61.6763 1.01014 1.94058 4.43067 1.48131 199570 0 -1.31043 0.455138 0
53.5624 6.21682 1.64324 0.822568 0.847048 1.69867 118805 0 -1.89349 0.450605 1
-18.6883 32.4545 1.09804 2.16668 5.02083 1.60646 156955 0 -1.31395 0.436659 0
53.2449 6.60166 1.6616 0.890613 0.894686 1.7276 119272 0 -1.87485 0.430619 1
13.0003 10.6666 1.39227 0.808661 0.845793 1.72339 125230 0 -1.58013 0.428025 1
-49.8241 -4.33759 0.819829 1.93819 4.31665 1.50717 103038 0 0.000316632 0.424335 0
12.9933 8.10607 0.770403 0.681674 0.756154 1.29136 121486 0 -2.09225 0.423964 1
-52.3805 -6.68041 0.985219 0.716671 0.722379 1.72378 99754 0 -1.42747 0.419061 1
37.5681 31.2348 2.02269 1.99311 4.42607 1.52991 155259 0 -1.52789 0.417772 0
-4.66467 34.0089 0.93399 1.95154 4.51302 1.38995 159339 0 -1.35361 0.415669 0
-51.2655 46.1669 0.309264 0.811452 0.826497 1.73263 176977 0 2.04903 0.400993 1
-51.3804 44.9 0.304889 0.813823 0.81767 1.7312 175105 0 2.16853 0.397013 1
18.7618 72.8732 1.35907 1.89912 4.27806 1.69992 216040 0 1.60552 0.39172 0
0.14888 31.2206 1.03275 1.98808 4.6101 1.49678 155142 0 -1.34292 0.390793 0
-41.816 -4.95354 1.02883 1.97742 4.39235 1.50245 102127 0 -0.0223029 0.390215 0
-61.1934 17.1651 0.443071 2.13995 4.97873 1.62212 134358 0 1.8348 0.389044 0
-52.0238 -6.11143 1.06123 0.723474 0.728328 1.78827 100223 0 1.53297 0.383675 1
-59.3389 -7.15079 0.952821 0.777376 0.847057 1.68172 98796 0 0.351071 0.380594 1
37.5754 25.4095 2.00618 2.05932 4.62258 1.69311 146835 0 1.57797 0.380537 0
-8.12142 23.8721 0.946165 2.00584 4.56169 1.44627 144352 0 -1.43852 0.380258 0
-36.1864 -3.66235 1.07979 0.865163 0.878851 1.75605 104016 0 1.54294 0.370782 1
-3.00387 38.9653 1.2547 1.86815 4.28052 1.4636 166364 0 -1.2477 0.369081 0
-51.1521 46.1718 0.279291 0.806309 0.836403 1.74289 176978 0 1.99497 0.361959 1
-60.3914 17.3784 0.449314 1.59188 3.48838 1.43381 134829 0 1.89774 0.360291 0
23.8125 -7.00169 1.52662 0.876348 1.5158 1.74144 99524 0 -1.45089 0.346211 1
-33.0677 -5.26798 1.26856 0.821826 1.37399 1.76124 101686 0 1.62637 0.34389 1
15.2885 37.3347 1.09642 1.77868 4.04709 1.50336 164081 0 -1.28272 0.340672 0
3.9747 42.1989 1.00039 1.70089 3.71415 1.42729 171066 0 1.7721 0.339693 0
-0.8302 46.9288 1.36325 1.94897 4.47024 1.52561 178071 0 -1.23287 0.336536 0
36.9906 22.2699 1.7943 1.96673 4.5371 1.58855 142153 0 1.58918 0.332124 0
-59.3368 -6.95943 0.95535 0.806084 0.88195 1.70867 99264 0 0.471988 0.331713 1
-59.6791 25.122 0.509315 1.92886 4.30723 1.6042 146063 0 1.88151 0.327909 0
-10.7592 56.8344 1.16958 2.0591 4.65657 1.59188 192548 0 1.62137 0.326258 0
53.2303 6.77581 1.6478 0.822057 0.821004 1.70112 119740 0 -1.85663 0.321413 1
-5.54162 31.3135 0.971474 1.85072 4.07671 1.422 155124 0 -1.36142 0.320381 0
-54.2099 40.7948 0.498384 1.99851 4.57722 1.58251 169012 0 -1.23932 0.317687 0
26.0599 -8.22948 1.60514 0.847276 0.880089 1.64955 97659 0 1.61824 0.313668 1
15.9363 40.1168 1.40715 1.82632 3.90199 1.78446 168295 0 -1.32412 0.309764 0
56.2429 6.23293 1.62113 0.763515 0.732629 1.65503 118813 0 -1.33542 0.303636 1
36.3172 31.446 2.02318 1.98587 4.60454 1.50251 155723 0 1.57394 0.302567 0
56.9817 12.591 1.60812 0.991421 0.995797 1.7135 128176 0 -1.90471 0.301885 1
30.5497 67.0269 1.87079 1.99176 4.64958 1.61005 207653 0 1.56492 0.296483 0
56.79 24.7937 1.87345 2.17383 4.9333 1.85733 145959 0 1.49684 0.295556 0
1.88499 36.9302 0.928066 2.10734 5.16888 1.56884 163571 0 1.84449 0.294441 0
-55.4418 -4.07751 0.920668 0.793888 0.812311 1.82732 103488 0 0.585048 0.292193 1
37.8931 25.1736 2.00864 1.93425 4.36535 1.6788 146368 0 1.58028 0.290253 0
-36.034 -3.49661 1.06332 0.858286 0.853959 1.75855 104485 0 1.55851 0.290124 1
30.9809 57.458 1.74725 1.73142 3.69414 1.50728 193614 0 -1.54405 0.288768 0
31.3003 52.0455 1.91283 1.79168 3.93107 1.51416 185659 0 -1.55293 0.288723 0
59.5771 4.36842 1.67611 0.913651 1.30777 1.78836 116016 0 -1.92043 0.287488 1
-55.4428 -4.22328 0.904024 0.799923 0.814751 1.81721 103020 0 0.44638 0.286461 1
-5.24557 34.101 0.941166 1.89238 4.43622 1.37881 159337 0 1.88402 0.28626 0
-51.2765 46.0292 0.287148 0.838977 0.999284 1.74835 176509 0 2.20281 0.286042 1
-0.52462 47.1462 1.38174 1.86016 4.19756 1.4976 178540 0 -1.34068 0.283242 0
-38.5294 -6.94628 1.17804 0.748642 0.805157 1.62929 99329 0 -1.85107 0.283195 1
-2.02856 46.9176 1.34887 1.99081 4.50353 1.63704 178067 0 1.64837 0.282654 0
32.1313 22.3324 1.81153 1.94258 4.397 1.50845 142138 0 -1.54974 0.281543 0
54.0433 4.41579 1.75106 0.880424 0.883556 1.83081 115998 0 1.50768 0.28043 1
68.7101 26.3742 1.5512 1.83468 3.95262 1.59246 148336 0 -1.64321 0.276775 0
59.3952 4.51125 1.70705 0.975641 1.36185 1.83386 116483 0 -2.3569 0.275601 1
11.7945 23.9337 1.38951 1.85583 3.98996 1.70641 144414 0 -1.39225 0.274948 0
31.573 51.7959 1.88048 1.92325 4.34719 1.5689 185192 0 -1.50947 0.27443 0
50.9589 6.03061 1.62641 0.85826 0.888746 1.6636 118329 0 1.21689 0.272794 1
24.0614 -7.133 1.59367 0.916156 1.9351 1.66359 99057 0 -1.44705 0.271964 2
-59.3918 24.8265 0.507452 1.81194 3.97898 1.5511 145596 0 1.81386 0.271196 0
32.1605 37.2621 1.71474 1.9404 4.219 1.53945 164134 0 -1.49994 0.27076 0
55.216 5.52888 1.42176 0.775713 0.789541 1.4779 117874 0 -1.65303 0.270432 1
-52.5159 -6.6412 0.961988 0.736726 0.737295 1.77271 99753 0 -1.8247 0.26972 1
53.3757 6.26006 1.63153 0.832432 0.867588 1.72057 118804 0 -1.91954 0.268196 1
-52.2425 -6.21088 1.01593 0.76281 0.791182 1.80215 100222 0 -1.43417 0.267237 1
-52.2058 -5.95887 1.00988 0.774163 0.807293 1.83692 100690 0 0.429692 0.267181 1
-52.918 -4.97056 0.784369 2.00658 4.4108 1.69373 102092 0 0.152439 0.26346 0
19.9447 30.4768 1.45774 2.0653 4.77489 1.52493 154268 0 1.7547 0.262504 0
-10.6566 61.6975 0.952797 1.97842 4.59483 1.51918 199568 0 -1.20445 0.261216 0
-59.1484 -7.1567 0.935664 0.827352 0.889254 1.71249 98797 0 0.762077 0.258004 1
-38.5362 -7.11674 1.13791 0.713891 0.744913 1.65302 98861 0 -2.68658 0.257721 1
-40.4335 0.109161 0.986464 2.16845 4.73063 1.61816 109619 0 -1.59726 0.254474 0
12.9945 10.5332 1.43832 0.844598 0.923563 1.73954 124762 0 -1.60803 0.254068 1
-59.144 -6.95178 0.948528 0.831863 0.900411 1.72843 99265 0 1.13278 0.253551 1
-23.502 19.5864 0.799258 2.28258 5.27735 1.78955 138220 0 -1.33455 0.253315 0
54.2407 4.91147 1.6869 0.766017 0.840809 1.74187 116935 0 1.48057 0.251809 1
-47.5071 23.227 0.543043 2.02216 4.49634 1.66834 143293 0 -1.33398 0.249564 0
-60.6731 17.6535 0.425899 1.92149 4.26219 1.58197 135296 0 1.8883 0.249171 0
0.171097 30.9732 1.02692 1.97402 4.52545 1.50782 154674 0 2.29225 0.248394 0
37.5907 28.2796 1.92645 2.15914 5.15053 1.90594 151047 0 1.62356 0.247837 0
-59.4115 25.4042 0.486715 1.89305 4.19557 1.58563 146532 0 1.94715 0.24675 0
-43.9119 11.5822 0.750549 2.36912 5.81032 1.9769 126456 0 1.81577 0.245169 0
-20.5591 27.3614 1.05934 2.09912 4.78825 1.66277 149461 0 1.58615 0.244912 0
7.73337 7.5495 1.33327 0.819581 0.96802 1.77972 120534 0 -0.527822 0.243282 1
68.9523 26.6767 1.5457 1.99921 4.39693 1.65408 148805 0 -1.70947 0.243228 0
-52.5078 -6.79499 0.98255 0.760245 0.737531 1.77823 99285 0 -0.852382 0.243097 1
-55.318 -4.07884 0.899541 0.82497 0.843081 1.83292 103489 0 1.07472 0.240635 1
-65.3524 23.8782 0.274008 2.25575 5.27958 1.67865 144173 0 1.59207 0.238512 0
-55.3177 -4.23084 0.890332 0.828255 0.852184 1.82265 103021 0 0.820644 0.237131 1
53.5839 6.03862 1.6695 0.826565 0.851085 1.69804 118337 0 -1.81171 0.236673 1
23.6158 -6.98349 1.497 0.944682 2.12197 1.76875 99523 0 -1.54532 0.235387 2
-53.6136 43.7028 0.575496 1.93993 4.26203 1.61061 173226 0 1.87772 0.235156 0
-7.42131 26.4306 0.967505 1.97575 4.57946 1.43268 148098 0 -1.39535 0.234742 0
30.8761 37.2846 1.6402 1.997 4.51989 1.61397 164130 0 -2.0109 0.234647 0
37.9969 29.0092 2.00072 0.725486 0.670685 1.79457 151984 0 1.56497 0.232363 1
32.4507 37.001 1.72447 1.98698 4.38574 1.58419 163667 0 -1.4492 0.232033 0
-2.68989 18.669 0.866913 0.745893 0.856593 1.45263 136881 0 0.679635 0.23145 1
38.5288 25.3965 1.9767 1.99815 4.62439 1.73459 146838 0 -1.5823 0.230992 0
-3.61587 39.2176 1.33747 1.91068 4.32025 1.45649 166830 0 -1.31522 0.23008 0
-51.3819 44.7706 0.320758 0.820773 0.855113 1.7536 174637 0 2.14522 0.228561 1
31.5487 55.0791 1.69051 1.93668 4.32677 1.52615 190340 0 1.5567 0.227885 0
31.1811 37.287 1.63923 1.97678 4.4061 1.6058 164131 0 -1.54853 0.226365 0
38.1367 29.0077 1.99448 0.767947 0.698319 1.80124 151985 0 1.44072 0.226227 1
30.8773 35.0169 1.8335 2.02076 4.62987 1.66077 160854 0 -1.61391 0.224871 0
-51.9347 -11.6265 1.11707 0.855771 0.910639 1.76308 92267 0 1.64027 0.224599 1
20.2514 29.9748 1.5165 2.15156 5.0391 1.61158 153333 0 1.71381 0.224462 0
39.514 28.0163 2.10148 2.10432 4.64065 1.8176 150585 0 -1.54964 0.22398 0
71.1914 28.6358 1.35337 1.95372 4.37639 1.58208 151620 0 -1.5982 0.223355 0
-38.3387 -6.92716 1.16221 0.74368 0.807965 1.67179 99330 0 -2.47681 0.222443 1
-36.0247 -3.86945 1.09449 0.866549 0.869506 1.75848 103549 0 1.57042 0.221718 1
59.1611 4.30162 1.69442 0.949333 1.26852 1.79978 116014 0 -2.11936 0.220101 1
11.0303 22.8873 1.28623 0.857239 0.814068 1.72647 143008 0 3.0233 0.219038 1
-33.1493 -6.91996 1.1329 0.85127 0.99593 1.67553 99346 0 0.393023 0.218619 1
-51.144 46.0335 0.231605 0.828837 1.01016 1.74196 176510 0 2.11643 0.217384 1
-47.1889 22.9216 0.554732 1.99605 4.52612 1.64273 142826 0 -1.31458 0.215552 0
-50.0038 -8.10546 1.06855 0.693763 0.633466 1.72384 97421 0 -0.134783 0.214993 1
-6.88622 29.1712 1.16043 2.23148 5.07565 1.54894 152312 0 -1.45223 0.214548 0
50.8318 6.0384 1.63585 0.85505 0.911817 1.6879 118328 0 1.24956 0.214228 1
56.3567 6.23946 1.63249 0.810986 0.788497 1.70991 118814 0 -1.44739 0.21345 1
13.1455 10.6854 1.42265 0.844676 0.901303 1.73803 125231 0 -1.6339 0.213272 1
16.197 40.3698 1.39171 1.99091 4.37866 1.85197 168764 0 -1.38454 0.213055 0
17.2148 45.6472 0.964827 1.70046 3.85622 1.44327 176255 0 -1.23795 0.211267 0
21.3189 43.357 1.44185 0.719243 0.708618 1.6563 172992 0 -1.62029 0.210286 1
70.8932 28.95 1.37005 1.90446 4.19134 1.55951 152087 0 -1.63565 0.209954 0
-1.73412 46.6364 1.34953 1.91237 4.05772 1.61283 177600 0 1.63466 0.208609 0
-53.9568 41.0433 0.49561 2.02532 4.51509 1.60578 169481 0 -1.08029 0.208591 0
31.2464 22.7854 1.70387 2.03236 4.74548 1.4982 143071 0 -1.59721 0.207719 0
31.1921 34.7644 1.83009 2.01161 4.57948 1.62808 160387 0 -1.53659 0.207535 0
-47.454 5.42492 0.724617 0.949392 0.979105 1.69727 117085 0 1.56284 0.206095 1
37.2823 22.0086 1.74196 1.88458 4.29833 1.57124 141686 0 1.5981 0.204839 0
-59.9407 24.827 0.575535 2.05221 4.59032 1.67236 145594 0 1.78092 0.204371 0
-15.8633 41.7634 0.895027 2.10121 4.70951 1.61248 170536 0 1.23896 0.203966 0
30.9205 66.8219 1.89686 1.82536 4.13125 1.54295 207186 0 1.55636 0.203932 0
-53.2945 43.6738 0.561241 2.0372 4.52361 1.62265 173227 0 2.22577 0.203571 0
38.5718 28.0231 2.0622 2.12457 4.81288 1.92513 150582 0 -1.55657 0.203567 0
38.1644 22.3103 1.76684 1.99619 4.66596 1.5937 142157 0 1.50855 0.203199 0
57.0705 24.5308 1.72585 1.9355 4.37037 1.70882 145492 0 1.46536 0.203102 0
30.8728 37.5832 1.63949 1.97988 4.48323 1.62545 164598 0 2.151 0.20285 0
50.9777 6.43856 1.62687 0.873251 0.942612 1.70814 119265 0 1.19343 0.202327 1
-59.0977 25.1002 0.47234 1.85951 4.07611 1.56071 146065 0 1.90711 0.201893 0
-4.33341 33.5253 0.927695 1.72593 3.9477 1.39408 158404 0 -1.27883 0.200674 0
56.6164 12.6162 1.58617 0.982854 1.03386 1.73221 128174 0 -1.8603 0.200437 1
53.0936 6.61576 1.63496 0.852587 0.876198 1.71396 119271 0 -1.8832 0.199898 1
31.3082 54.6522 1.70489 1.85273 4.05795 1.50139 189403 0 1.47718 0.197633 0
-50.3295 -4.32593 0.795475 2.08703 4.80049 1.57878 103036 0 0.000276254 0.197249 0
-24.4974 19.9183 0.789591 2.13584 4.87552 1.77454 138685 0 1.88116 0.196744 0
13.0595 29.0792 1.1611 1.68166 3.87382 1.43526 151906 0 -1.35573 0.196433 0
56.5127 25.0656 2.03652 2.42296 5.75233 2.14999 146426 0 1.51383 0.196025 0
31.8367 37.5867 1.72783 1.93244 4.14652 1.5789 164601 0 -1.6058 0.195533 0
-1.99689 16.657 0.981145 0.884087 0.932688 1.51557 134075 0 -2.4654 0.195097 1
-4.08182 33.7542 0.946861 1.92728 4.62432 1.47999 158873 0 -1.30236 0.194874 0
16.2302 39.64 1.33937 2.00134 4.44551 1.83747 167360 0 -1.17365 0.194803 0
-59.6802 24.5342 0.530558 1.92825 4.28072 1.58404 145127 0 1.69835 0.194749 0
69.5114 4.38322 1.58039 0.790364 0.791957 1.72413 116047 0 -0.496122 0.194691 1
-47.4515 5.80224 0.69424 0.909692 0.9469 1.58111 118021 0 1.63479 0.194244 1
-52.9808 43.3829 0.507184 2.00425 4.54364 1.62249 172760 0 -1.78199 0.193653 0
-1.84483 16.2885 1.00735 0.886932 0.850738 1.66322 133140 0 -2.28978 0.192958 1
19.2627 67.2563 1.28492 2.2685 5.44451 1.75628 208086 0 1.56447 0.192469 0
69.5159 26.3433 1.53724 2.30483 5.32717 1.85405 148339 0 -1.62534 0.19237 0
31.2226 67.2503 1.9368 2.21171 5.02978 1.69205 208123 0 -1.55231 0.192053 0
-50.0381 -4.88277 0.781 2.06222 4.66136 1.58399 102101 0 0.00860283 0.191095 0
-61.3893 14.4646 0.495885 1.6012 3.3051 1.40781 130614 0 1.93334 0.190705 0
37.306 30.9765 2.01215 1.8225 4.03163 1.45484 154790 0 -1.47477 0.19064 0
-26.3686 9.09483 0.0748205 0.782355 0.841357 1.16962 122767 0 1.76433 0.1906 1
43.4209 5.96621 1.79628 0.854835 0.947387 1.73934 118305 0 1.44179 0.190074 1
9.8355 15.653 0.956034 1.92267 4.37873 1.47096 132240 0 -1.35145 0.189858 0
0.412788 31.4412 1.0016 1.95702 4.44946 1.48758 155611 0 -1.33915 0.189714 0
-7.12946 29.0567 1.1214 2.11256 4.91738 1.56971 151843 0 -1.8856 0.189435 0
5.5038 48.2564 1.25983 1.74179 3.784 1.68525 179963 0 1.83854 0.188676 0
37.9888 29.187 2.01625 0.770584 0.67794 1.7847 152452 0 1.37517 0.187993 1
-1.97994 16.3011 1.03222 0.910202 0.872414 1.64456 133139 0 -2.37369 0.187795 1
59.619 4.55139 1.60044 0.89777 1.09846 1.74371 116484 0 -2.17656 0.186706 1
-53.2701 43.3992 0.545737 2.0578 4.62663 1.63195 172759 0 -2.99149 0.186177 0
-68.6856 9.38296 2.07505 0.827531 1.02665 1.80108 123103 0 -1.55797 0.186109 1
-2.47799 18.6852 0.903496 0.7851 0.837478 1.41462 136882 0 0.349871 0.18453 1
36.9729 28.0542 1.88866 2.08169 4.87401 1.79278 150577 0 1.60066 0.184422 0
-52.2645 43.0606 0.438903 0.906406 1.03484 1.62167 172294 0 -1.61405 0.184421 1
31.8243 35.0294 1.79305 2.03771 4.61596 1.60973 160857 0 -1.56248 0.183521 0
-51.5581 44.9365 0.327691 0.868807 1.06745 1.79387 175104 0 2.16008 0.183508 1
70.885 29.263 1.36883 1.98312 4.39895 1.59514 152555 0 1.46043 0.18241 0
-14.8695 42.0651 0.887289 1.90716 4.39857 1.52076 171007 0 -1.74119 0.182321 0
12.9919 7.98306 0.797019 0.719256 0.786826 1.38027 121018 0 -1.49265 0.181921 1
-59.0431 24.5239 0.487154 1.89932 4.24138 1.56544 145129 0 1.71703 0.181826 0
53.9138 5.01472 1.72889 0.821991 0.877068 1.76035 116934 0 1.45746 0.181546 1
-52.0622 43.0745 0.438304 0.830737 0.849487 1.63819 172295 0 1.68888 0.181412 1
53.5245 6.47266 1.65319 0.947187 0.95055 1.74745 119273 0 -1.91475 0.181135 1
39.2068 28.264 2.07718 2.07071 4.48623 1.80084 151052 0 -1.58158 0.181105 0
-64.246 23.583 0.246559 1.73518 3.75236 1.4588 143709 0 -1.36801 0.181073 0
30.5756 37.5888 1.61529 2.00642 4.516 1.62413 164597 0 1.70745 0.180866 0
-47.1919 22.5836 0.528592 1.99305 4.49662 1.62614 142358 0 -1.328 0.180468 0
19.1135 70.1573 1.40984 2.01918 4.44358 1.75027 212297 0 1.52693 0.180169 0
37.6328 27.6846 1.88603 0.886572 1.02584 1.76669 150111 0 1.60282 0.180158 1
59.3213 4.12251 1.70304 0.953117 1.46635 1.80304 115547 0 -2.12003 0.179521 1
-59.9377 19.4936 0.609048 2.19266 4.79302 1.70559 137638 0 1.77248 0.179383 0
69.5261 25.8375 1.57153 2.35117 5.45937 1.89119 147403 0 -1.52415 0.178901 0
-38.3302 -7.13183 1.13604 0.749778 0.821011 1.70624 98862 0 -2.85459 0.178895 1
53.8362 5.49176 1.78087 0.888029 0.944314 1.79567 117870 0 1.09714 0.178766 1
29.9194 35.0165 1.81223 2.07184 4.77101 1.68509 160851 0 1.67333 0.17822 0
-53.2611 46.2358 0.735548 2.18333 4.89664 1.78138 176971 0 1.6161 0.178013 0
-46.5684 22.8945 0.600561 2.01946 4.48771 1.70802 142828 0 -1.30502 0.177988 0
-60.4173 34.1692 0.498842 1.79621 3.85545 1.50049 159165 0 -1.28302 0.177941 0
-18.0046 52.7369 1.07086 2.15493 5.02336 1.59331 186441 0 -1.35189 0.17777 0
-9.50185 61.6367 1.10065 1.93923 4.30913 1.53147 199572 0 -1.3345 0.177631 0
21.8618 69.5284 1.21251 0.665173 0.611489 1.59102 211370 0 0.625753 0.177449 1
-15.192 42.0771 0.925972 1.96475 4.3882 1.54596 171006 0 -1.11228 0.177111 0
-0.396935 31.4811 1.04825 1.98877 4.70465 1.53623 155608 0 -1.35414 0.175485 0
0.604988 33.8536 1.04193 2.14748 5.21786 1.57324 158887 0 -1.36611 0.175431 0
-61.6785 14.741 0.460832 1.87184 4.07258 1.52001 131081 0 1.94731 0.175425 0
56.209 24.515 2.00721 2.33715 5.56364 1.98392 145489 0 1.43382 0.175296 0
57.404 24.8206 1.69202 1.95551 4.38112 1.75547 145961 0 1.5363 0.174504 0
68.643 28.9357 1.38298 1.90837 4.1237 1.59736 152080 0 -1.84317 0.174484 0
55.221 5.3961 1.44249 0.827446 0.838994 1.54178 117406 0 -1.58444 0.174074 1
55.8326 32.4844 1.87633 2.0287 4.50947 1.69493 157188 0 1.41367 0.174061 0
31.5183 57.9838 1.76548 2.19881 5.04624 1.81775 194552 0 -1.57607 0.173055 0
-20.2496 27.1589 1.05057 1.99819 4.75734 1.71435 148994 0 -1.3148 0.173015 0
34.418 -1.47015 2.0555 2.01278 4.32245 1.51256 107513 0 -3.09532 0.172047 0
-4.98336 34.2859 0.931315 1.97012 4.49388 1.38906 159806 0 -1.74305 0.17199 0
-51.8061 -5.97261 1.04222 0.742443 0.737425 1.8367 100692 0 1.68703 0.171495 1
-52.0897 -6.55866 1.01809 0.72224 0.732305 1.75575 99755 0 -0.174724 0.171465 1
70.9102 28.3422 1.36808 1.86535 4.11455 1.54974 151151 0 -1.57414 0.171053 0
-53.6565 40.5311 0.472953 1.72973 3.78668 1.48692 168546 0 -1.28041 0.170563 0
-1.86605 16.6483 0.950664 0.841606 0.971195 1.48782 134076 0 -2.52959 0.170115 1
-33.0927 -5.07336 1.27668 0.882709 1.82006 1.76888 102154 0 1.57524 0.169679 2
-1.43155 47.426 1.37399 2.08959 4.72139 1.62561 179005 0 1.66602 0.169573 0
-0.0975723 30.9821 1.03495 1.98989 4.62527 1.51701 154673 0 -1.60374 0.169395 0
19.6713 30.7886 1.43522 1.95501 4.48777 1.49538 154735 0 1.79062 0.169232 0
56.7757 24.2394 1.78998 2.02222 4.57379 1.69214 145023 0 1.47336 0.169084 0
-48.1382 23.2282 0.571347 2.08772 4.61314 1.71922 143291 0 -1.36933 0.168885 0
-15.205 42.3903 0.947507 2.02805 4.6052 1.55956 171474 0 -1.88817 0.167683 0
68.9464 28.9457 1.39819 1.87482 4.01431 1.60628 152081 0 1.58857 0.167168 0
56.5633 21.4859 1.48693 1.90507 4.11048 1.52663 141278 0 1.49931 0.167123 0
38.1372 29.1801 1.99868 0.799057 0.700003 1.8326 152453 0 1.27642 0.166659 1
-2.74493 18.36 0.842201 1.43179 2.68585 1.46253 136413 0 1.53381 0.166593 1
-0.818413 26.2713 0.971299 2.08442 4.91066 1.51294 148119 0 1.84593 0.166391 0
-17.7496 53.501 1.10427 2.27052 5.31301 1.65857 187846 0 -1.09893 0.165865 0
-59.9491 25.6989 0.558887 2.11333 4.81794 1.70787 146998 0 1.94807 0.165641 0
-35.8161 -3.67688 1.06038 0.849889 0.89211 1.769 104018 0 1.56319 0.165273 1
31.8297 52.51 1.84109 2.15553 4.92997 1.69355 186597 0 -1.60914 0.165203 0
-47.5248 22.2312 0.517085 2.01449 4.5354 1.60304 141889 0 -1.32601 0.164788 0
56.8129 12.8464 1.598 0.959564 1.04339 1.7121 128643 0 -1.74608 0.164621 1
-15.208 41.7634 0.894217 1.94441 4.38422 1.53708 170538 0 1.34428 0.16448 0
19.617 72.8664 1.34939 2.26091 5.36588 1.93807 216043 0 1.6177 0.164379 0
-5.89494 34.3686 1.0286 1.9371 4.39096 1.41383 159803 0 1.86246 0.163803 0
32.1361 39.871 1.86364 2.02994 4.49783 1.74043 167878 0 -1.55075 0.163578 0
18.4562 73.3621 1.36294 2.03166 4.46946 1.73387 216975 0 1.49216 0.16346 0
-9.05683 64.3859 1.20432 2.26144 5.46844 1.70613 203785 0 -1.36523 0.162941 0
32.7953 25.4634 1.83687 2.02776 4.56004 1.64291 146820 0 -1.56487 0.162726 0
-8.72794 24.1102 0.953482 2.14367 5.02672 1.50678 144818 0 1.85332 0.162711 0
37.8981 25.6822 2.0785 2.07197 4.77289 1.73853 147304 0 1.56696 0.162334 0
19.0312 72.5703 1.32643 1.93583 4.46188 1.74597 215573 0 1.64596 0.162306 0
-47.8354 21.9371 0.569553 2.03388 4.53937 1.61738 141420 0 -1.3156 0.161839 0
70.2396 28.9533 1.35771 1.88327 4.12916 1.57438 152085 0 -1.56905 0.161591 0
-15.2148 42.7033 0.997428 2.10192 4.71452 1.5933 171942 0 -2.31203 0.161165 0
-58.7449 24.7745 0.437233 1.92709 4.39299 1.58417 145598 0 1.85123 0.160256 0
-51.9354 -11.4641 1.14654 0.878208 0.966576 1.77293 92735 0 1.67386 0.159928 1
-59.9934 -7.52283 1.00682 2.03002 4.63127 1.67504 98326 0 0.097973 0.15984 0
-59.6317 -7.18258 0.973485 1.02798 1.40927 1.69766 98795 0 0.250664 0.159741 1
-59.3581 -7.44402 0.939381 0.879716 1.0543 1.70776 98328 0 0.167878 0.15964 1
71.2148 28.0347 1.36341 1.93555 4.32276 1.59253 150684 0 -1.57186 0.159194 0
-53.8914 44.2637 0.669762 2.09049 4.6969 1.71888 174161 0 1.96537 0.158535 0
-33.0817 -5.50121 1.29558 0.874264 1.70286 1.78541 101218 0 1.99749 0.158089 2
32.1328 34.7395 1.78122 2.08688 4.73934 1.64289 160390 0 -1.53755 0.157844 0
-2.48519 39.0866 1.26468 1.85054 4.20173 1.49718 166834 0 -1.29151 0.157668 0
-49.8649 -8.10166 1.07688 0.723238 0.646576 1.72999 97422 0 -0.189616 0.156993 1
53.6869 5.46883 1.78438 0.874708 0.909314 1.79025 117869 0 1.09889 0.156839 1
36.3437 28.3018 1.88378 2.10461 4.93378 1.75661 151043 0 1.60835 0.156678 0
74.756 19.3544 1.52085 1.76659 3.7201 1.5548 138059 0 1.60694 0.156103 0
-47.2038 21.9203 0.553845 2.00893 4.49643 1.6187 141422 0 -1.32592 0.155918 0
-8.20918 24.0335 0.973945 2.089 4.75074 1.4649 144820 0 -2.15726 0.155745 0
-15.504 42.3839 0.982429 2.1386 4.83576 1.6123 171473 0 -0.0495524 0.154977 0
32.1348 37.908 1.80445 1.9755 4.2586 1.6195 165070 0 -1.67429 0.154248 0
38.8127 25.1533 1.91832 1.99167 4.61113 1.72492 146371 0 -1.59095 0.154193 0
37.6279 27.4318 1.89774 0.719425 0.707976 1.70836 149643 0 1.597 0.153502 1
-1.232 20.3836 0.993518 1.57938 3.20414 1.38711 139226 0 1.76653 0.153464 0
19.0366 73.6774 1.34867 2.39056 5.58072 1.96736 217445 0 1.41089 0.153138 0
31.8451 40.1254 1.90882 2.06524 4.58713 1.72024 168345 0 -1.58514 0.153018 0
-47.0307 -4.40485 1.08497 1.73731 3.66378 1.62542 103047 0 -0.059019 0.152946 0
68.3134 28.6857 1.41399 1.93299 4.35226 1.59056 151611 0 -1.63396 0.152832 0
-33.1562 -7.10508 1.13862 0.941393 1.18861 1.68192 98878 0 0.171276 0.152791 1
-60.3719 16.9078 0.462841 1.58061 3.41127 1.41116 133893 0 1.89189 0.152754 0
-53.2724 46.5201 0.755565 2.23235 5.09384 1.81841 177439 0 -0.727512 0.152625 0
-51.1558 44.9362 0.325732 0.85658 0.941731 1.75136 175106 0 2.05963 0.152306 1
-46.8768 22.2518 0.547286 2.01696 4.53075 1.65511 141891 0 -1.32032 0.152168 0
-0.557426 25.5717 1.00896 1.74021 3.90774 1.44612 146716 0 1.7273 0.151935 0
-47.8177 22.9192 0.547792 1.99934 4.48971 1.65421 142824 0 -1.35247 0.151934 0
31.8227 54.3603 1.79797 2.11238 4.79911 1.64754 188937 0 1.57783 0.151242 0
20.2575 70.1816 1.41421 2.23168 5.17974 1.9102 212301 0 1.5097 0.151174 0
13.1378 8.11944 0.797091 0.727887 0.862199 1.29517 121487 0 -1.89901 0.151111 1
30.5699 35.2939 1.83527 2.04489 4.57255 1.66786 161321 0 -1.80213 0.150691 0
30.5867 37.0015 1.61031 2.03989 4.58237 1.62351 163661 0 1.82928 0.150463 0
37.8994 22.7671 1.77954 1.99493 4.66197 1.56629 143092 0 1.56358 0.150155 0
-50.0011 -7.94292 1.0803 0.701214 0.630539 1.73851 97889 0 0.155591 0.149087 1
-33.3479 -5.2675 1.27024 0.892391 1.76178 1.8047 101685 0 1.65895 0.149055 2
55.5202 32.1952 1.81479 2.04813 4.45039 1.75496 156719 0 1.42704 0.14902 0
37.8532 27.6924 1.90318 1.08242 1.35795 1.81042 150112 0 1.63483 0.148788 1
69.5973 28.9606 1.38174 1.95896 4.33926 1.61029 152083 0 1.26446 0.148574 0
-52.0413 -5.70235 0.993138 0.807474 0.865971 1.8554 101159 0 1.50695 0.148372 1
54.4766 4.66938 1.67032 0.920689 0.918568 1.77804 116468 0 1.62877 0.148191 1
-0.807457 47.4268 1.40522 1.9062 4.25506 1.51432 179007 0 -1.49922 0.147784 0
19.6125 73.3739 1.38926 2.47773 5.94289 2.03785 216979 0 1.51014 0.14778 0
-2.48092 18.4086 0.8697 1.29885 2.21417 1.42578 136414 0 1.07568 0.147778 1
30.2817 37.287 1.60251 2.0284 4.61948 1.60964 164128 0 1.58448 0.147722 0
31.2085 37.8731 1.69149 1.96739 4.34201 1.63564 165067 0 -1.79024 0.14767 0
-50.05 -3.76263 0.831942 1.92943 4.48025 1.56403 103973 0 -0.0288623 0.147446 0
31.5176 37.0154 1.67043 1.98395 4.36884 1.57425 163664 0 -1.4495 0.147353 0
56.171 30.8773 1.69227 2.3392 5.29411 2.02753 154849 0 1.22615 0.146897 0
3.63851 42.9141 1.03414 2.14438 4.91356 1.58549 172469 0 1.79979 0.146797 0
-59.6856 -7.49641 0.975857 2.02592 4.2629 1.67037 98327 0 0.145584 0.146634 0
34.6911 -1.13539 1.94205 1.90086 4.21409 1.45381 107982 0 3.14033 0.146345 0
-54.1698 43.7041 0.643167 2.08286 4.65469 1.75338 173224 0 1.84609 0.146326 0
56.7833 20.7615 1.40683 1.86391 4.24632 1.47305 139875 0 1.69045 0.146233 0
-46.2465 22.5807 0.608584 2.05321 4.54683 1.71653 142361 0 -1.29217 0.146178 0
69.4068 4.3828 1.60441 0.798746 0.825459 1.74647 116046 0 1.41709 0.146009 1
38.547 24.84 1.92068 1.75259 3.65006 1.64608 145902 0 -1.6081 0.145752 0
-53.5419 46.2423 0.764087 2.30738 5.36152 1.92066 176970 0 -0.988858 0.145582 0
31.5138 35.3033 1.80142 2.01181 4.54455 1.62362 161324 0 -1.63947 0.144794 0
56.1544 32.1872 1.81072 2.06136 4.53822 1.74134 156721 0 1.23914 0.144754 0
18.1526 73.0865 1.34564 1.77148 3.83049 1.57776 216506 0 1.52 0.144624 0
53.077 6.78046 1.62031 0.888884 0.893013 1.72889 119739 0 -1.80645 0.144568 1
-52.9157 -5.52689 0.899345 2.29041 5.26373 1.88933 101156 0 0.151183 0.144499 0
19.1062 69.6865 1.40844 2.01469 4.53341 1.70482 211361 0 1.55931 0.143757 0
74.7601 19.6439 1.61458 1.85278 3.9058 1.57363 138527 0 1.46015 0.143606 0
-41.7841 -4.39124 0.929341 1.76884 3.90074 1.40677 103063 0 0.0218921 0.142892 0
-2.51134 17.9972 0.882051 1.82729 4.02375 1.42178 135946 0 2.94406 0.142808 0
17.7104 46.1385 0.981483 2.0464 4.73122 1.56085 177193 0 -1.42995 0.142608 0
-49.8241 -3.75713 0.859192 1.76434 3.93663 1.51525 103974 0 -0.0113377 0.14255 0
37.8495 27.4223 1.90896 0.730536 0.70409 1.72023 149644 0 1.16415 0.142388 1
53.6869 5.10171 1.71676 0.830184 0.858581 1.7656 116933 0 1.39732 0.142136 1
29.9534 59.0079 1.73749 2.09134 4.75078 1.68291 195951 0 3.11547 0.141475 0
-10.9697 61.6945 0.969691 1.97455 4.56337 1.53749 199567 0 1.47473 0.141102 0
-47.8241 22.5624 0.532918 2.00887 4.46894 1.63118 142356 0 -1.32673 0.14071 0
-54.4936 40.5649 0.511326 2.0749 4.73038 1.62694 168543 0 -1.31165 0.139975 0
-53.23 -4.68759 0.746548 1.96369 4.29895 1.63838 102559 0 0.0802127 0.139974 0
29.6182 34.7625 1.81621 2.06894 4.72726 1.66609 160382 0 1.56881 0.139771 0
56.2207 6.03424 1.62573 0.798627 0.751927 1.68545 118345 0 -1.2872 0.139481 1
70.2571 29.2476 1.35327 1.94186 4.29315 1.57425 152553 0 -0.715666 0.139369 0
69.5216 4.53036 1.5918 0.816673 0.849483 1.7516 116515 0 0.937185 0.139242 1
37.3139 27.7213 1.85201 1.89005 4.13001 1.71304 150110 0 1.60223 0.139188 0
70.1454 22.7703 1.45249 2.32103 5.6434 1.75838 143193 0 1.5282 0.138998 0
37.9138 24.8632 2.00291 1.81275 4.04312 1.66229 145900 0 1.60308 0.137736 0
7.62235 7.71923 1.24478 0.847494 1.04166 1.8055 121001 0 -0.349575 0.137647 1
68.6705 26.9955 1.52345 1.77024 3.84921 1.56065 149272 0 -1.73939 0.137596 0
39.2063 27.7534 2.06459 2.04468 4.46581 1.80893 150116 0 -1.48026 0.137524 0
-61.8933 14.0636 0.452265 1.83236 4.08462 1.48981 129676 0 1.84338 0.137197 0
-58.4155 24.4958 0.454446 1.99396 4.46442 1.6061 145131 0 2.08794 0.135899 0
55.3977 5.54137 1.43476 0.807824 0.858999 1.51583 117875 0 -1.61597 0.135883 1
-52.6916 43.6663 0.495102 1.98241 4.30145 1.59903 173229 0 -1.58131 0.135859 0
25.8696 -8.20086 1.66199 0.918499 1.15877 1.72096 97658 0 1.61948 0.135604 1
31.8601 38.2076 1.79695 1.97968 4.23851 1.65026 165537 0 -1.78292 0.135589 0
69.9335 28.6815 1.36712 1.88419 4.16483 1.6011 151616 0 -1.54423 0.135549 0
-4.31947 39.4896 1.36589 2.03249 4.58563 1.55134 167296 0 -1.29209 0.13545 0
30.8667 36.679 1.70238 2.05541 4.47916 1.63816 163194 0 -2.69331 0.135432 0
36.9603 28.5733 1.9308 2.10619 4.72228 1.77455 151513 0 1.6377 0.135379 0
-52.9792 46.5186 0.730891 2.13484 4.72419 1.71488 177440 0 1.69811 0.134413 0
18.3122 45.5754 1.13383 2.31894 5.71709 1.80405 176259 0 -1.32973 0.134243 0
-23.5209 -4.33234 0.948982 2.08464 4.68436 1.67916 103120 0 -1.22088 0.133849 0
53.8163 6.2027 1.67166 0.849915 0.896558 1.6806 118806 0 -1.9638 0.133632 1
-14.5506 42.3523 0.891293 2.0517 4.69864 1.58543 171476 0 -1.91964 0.133484 0
-32.8738 -5.51836 1.29263 0.880536 1.81444 1.77926 101219 0 1.84408 0.133333 2
68.0171 28.9252 1.40559 1.95212 4.36044 1.59689 152078 0 -1.59245 0.133318 0
30.8738 34.4497 1.87412 2.01542 4.59427 1.64707 159918 0 -1.52184 0.13326 0
-6.49046 28.7546 1.15282 1.87247 4.05804 1.4824 151377 0 -1.40129 0.133196 0
0.728317 31.1739 0.982015 1.94078 4.35786 1.48332 155144 0 -0.856381 0.132968 0
30.6124 22.5624 1.6884 1.99986 4.53626 1.572 142601 0 -1.61697 0.132591 0
-2.98804 18.3248 0.858823 1.91312 4.5883 1.49294 136412 0 1.63111 0.132527 0
19.1254 30.4762 1.39619 1.94923 4.4717 1.49689 154265 0 1.69827 0.132447 0
71.4636 28.9295 1.46279 2.13829 4.78885 1.69877 152089 0 1.52228 0.131841 0
-52.0345 43.2855 0.463039 0.84941 0.866186 1.60608 172763 0 1.63252 0.131763 1
54.4865 4.9175 1.61362 0.792242 0.868589 1.70235 116936 0 2.01908 0.131672 1
-16.4295 41.7175 0.894964 2.08617 4.6454 1.5972 170534 0 1.22792 0.131599 0
13.5864 28.7843 1.1616 2.07446 4.95695 1.60238 151440 0 -1.3141 0.131375 0
-30.5532 59.8607 0.472571 2.40141 5.93875 1.92997 197166 0 -1.32592 0.131315 0
-41.5363 -4.6729 0.982713 1.88978 4.17441 1.44773 102596 0 0.0558052 0.13123 0
17.7626 45.0745 1.00244 2.10936 5.02316 1.68816 175321 0 -1.1313 0.131193 0
-61.2036 17.6647 0.453742 2.1743 5.15752 1.71616 135294 0 1.84569 0.131174 0
-52.9754 43.9529 0.599519 2.06572 4.53012 1.65776 173696 0 -2.51227 0.131113 0
32.1771 36.7039 1.67316 1.94732 4.29177 1.56086 163198 0 -1.34776 0.130904 0
69.2359 26.993 1.4864 2.16005 4.8256 1.73526 149274 0 -1.72318 0.130782 0
-53.5612 46.5352 0.786026 2.34981 5.59472 1.94958 177438 0 -1.26903 0.130767 0
-51.8067 -6.15276 1.0304 0.717458 0.696642 1.79513 100224 0 1.65523 0.13068 1
32.403 22.811 1.79173 2.0111 4.56796 1.55726 143075 0 -1.5641 0.130647 0
-59.6275 -6.93613 0.963537 1.08298 1.41601 1.73302 99263 0 0.289614 0.130163 1
15.2023 34.6795 1.15451 2.13225 4.94857 1.61079 160337 0 -1.34523 0.129005 0
-46.5663 21.9224 0.581065 2.03544 4.49848 1.69433 141424 0 -1.3298 0.128838 0
-33.4354 -7.16317 1.16528 1.6198 2.95943 1.65039 98877 0 -0.0658039 0.128758 0
-33.3884 -6.93042 1.20022 1.0624 1.45394 1.68569 99345 0 -0.0391936 0.12871 1
57.3456 21.0716 1.41531 2.21594 5.39477 1.73165 140345 0 1.59331 0.128412 0
-47.2323 -4.1213 1.09029 1.71077 3.59552 1.60675 103514 0 -0.0072191 0.128075 0
-48.4637 22.2357 0.568745 2.10852 4.70122 1.72145 141886 0 -1.30479 0.127713 0
-4.90129 33.526 0.938123 1.75364 3.89073 1.31812 158402 0 -1.22998 0.127667 0
69.091 22.5179 1.33198 1.68257 3.40393 1.37764 142721 0 1.5534 0.127637 0
-14.5806 41.8173 0.836117 1.93322 4.33944 1.51923 170540 0 -1.60931 0.127331 0
36.953 24.8876 1.89238 1.86137 4.24065 1.57274 145897 0 1.62264 0.126856 0
-51.9894 46.5608 0.527209 1.93855 4.62784 1.64757 177443 0 2.76665 0.126678 0
69.9252 29.2304 1.3478 1.96599 4.38035 1.58578 152552 0 0.839868 0.12587 0
-52.6108 43.0644 0.498393 1.9774 4.16712 1.60984 172293 0 -1.55567 0.12581 0
5.93405 50.7 1.12003 2.08662 4.82049 1.64005 183708 0 1.71501 0.125708 0
