-26.0403 11.7437 1.01099 2.29047 5.00837 1.85533 126512 0 -1.31767 0.954404 0
-11.1273 10.1236 1.0762 2.21537 4.91577 1.87026 124219 0 -1.33667 0.95128 0
0.166054 3.96407 0.794727 2.01797 4.61473 1.53307 115362 0 1.55623 0.949978 0
-19.3842 -1.761 1.14482 2.28463 5.21559 1.95488 106877 0 2.30958 0.934229 0
18.0479 15.1175 1.59454 2.01707 4.51293 1.66196 131798 0 1.57797 0.93397 0
18.4475 18.7212 1.63155 2.15979 4.81805 1.7744 136947 0 1.60961 0.9254 0
-4.38464 15.2444 0.90372 1.95101 4.52373 1.44469 131728 0 -1.32745 0.918447 0
2.32919 -5.05782 0.867141 2.25859 4.85917 1.87045 102265 0 0.026467 0.916894 0
30.8076 19.0931 1.72683 1.97072 4.58011 1.61533 137454 0 -1.5013 0.907502 0
13.6071 31.8401 1.53675 2.15756 5.11243 1.97337 156120 0 -1.35288 0.905065 0
35.7369 19.0949 1.8532 2.03811 4.72318 1.76776 137469 0 1.54813 0.902332 0
48.1648 21.3761 1.57438 2.10551 4.95726 1.7349 140784 0 -1.60382 0.901813 0
-5.87038 -5.36591 0.81197 2.13052 4.74208 1.54154 101771 0 -0.0310043 0.90094 0
-10.0979 15.4321 1.18503 2.46219 5.80408 1.96695 132178 0 -1.39259 0.893443 0
7.81498 13.2502 0.92555 2.07959 4.87123 1.47136 128958 0 -1.37884 0.89274 0
68.6108 18.9958 1.37012 2.04002 4.59138 1.67907 137572 0 -1.51405 0.888846 0
-4.73985 11.6744 1.01868 1.8237 3.98544 1.59818 126579 0 1.75655 0.887543 0
11.0711 23.8563 1.42215 2.03706 4.49586 1.80433 144412 0 -1.41488 0.884038 0
-2.73261 20.6662 0.996609 1.93302 4.59112 1.4424 139689 0 1.80268 0.876984 0
18.4756 21.3164 1.56811 2.08831 4.69807 1.76775 140691 0 1.66864 0.875101 0
9.86828 21.3816 1.28018 2.11474 5.15314 1.73322 140664 0 1.80524 0.874526 0
18.4572 24.1076 1.41208 1.97345 4.48499 1.54596 144903 0 1.63504 0.86948 0
-10.3695 12.8523 0.895046 2.10477 4.93857 1.51271 128433 0 -1.37661 0.868213 0
-1.14119 28.561 1.2729 2.17661 5.02461 1.85549 151394 0 1.79151 0.86751 0
-29.9637 15.7372 0.94781 2.1944 4.72862 1.84531 132584 0 -1.24407 0.862705 0
-3.30739 -5.70996 0.778861 2.06942 4.48575 1.56285 101311 0 -0.00942867 0.859712 0
-1.76709 25.8069 1.05077 1.94984 4.58914 1.44209 147180 0 1.77489 0.858601 0
-31.4755 0.224701 1.01866 2.13855 4.75435 1.52891 109647 0 -1.63759 0.857025 0
9.12081 18.7379 1.00744 1.94999 4.53447 1.48076 136918 0 -1.33418 0.856622 0
-2.78167 23.2842 1.19394 1.90452 4.35108 1.69503 143433 0 1.78016 0.850793 0
-6.94152 28.9718 1.25601 2.06766 4.60636 1.54834 151844 0 -1.37523 0.846109 0
9.04577 15.9138 0.981033 2.03193 4.63431 1.46989 132706 0 -1.42438 0.845115 0
-2.94365 16.487 1.04398 0.791922 0.762645 1.64133 133604 0 -1.92946 0.838879 1
-42.7175 16.8463 0.972923 2.22845 5.19175 1.95001 133948 0 -1.27779 0.82437 0
3.97875 45.5339 1.10525 2.01166 4.71913 1.53631 176214 0 1.83749 0.823852 0
4.29166 48.4342 1.40863 2.01321 4.58929 1.7832 180427 0 1.8558 0.821559 0
18.1512 26.942 1.64187 2.12897 4.78827 1.87844 149114 0 1.63249 0.819036 0
0.105141 34.05 1.15916 2.07185 4.7647 1.55498 159354 0 -1.30061 0.814084 0
-40.4749 24.7444 0.980176 2.50187 5.93499 2.08518 145655 0 -1.24189 0.81041 0
68.5952 21.894 1.17311 1.94243 4.47344 1.47637 141784 0 1.58784 0.799549 0
-30.9408 9.83077 0.792444 2.02378 4.0607 1.65747 123689 0 1.85467 0.797941 0
-0.672668 -5.82344 0.751342 2.02679 4.41595 1.54918 100851 0 -0.00470899 0.792099 0
-60.6887 20.3128 0.945973 2.0246 4.31933 1.63522 139040 0 1.91314 0.775091 0
-44.3266 11.7539 0.980393 2.02936 4.35155 1.82795 126455 0 1.83469 0.775016 0
-24.5069 16.7099 0.896345 1.95375 4.23342 1.61404 134005 0 1.85834 0.77448 0
3.00006 42.4392 1.07734 1.86965 4.2636 1.48198 171531 0 1.80154 0.773342 0
-7.50675 26.1932 1.04069 2.00044 4.65006 1.39192 147630 0 -1.33084 0.767516 0
-9.47932 18.1206 0.958072 2.04077 4.77228 1.46343 135924 0 -1.33511 0.766278 0
-22.5046 22.3176 1.00994 2.10085 4.85027 1.6527 141967 0 -1.31488 0.762427 0
1.45153 36.7341 1.11199 1.83709 4.24928 1.47519 163102 0 1.86799 0.760293 0
-3.71269 17.8417 0.974062 1.96938 4.51846 1.49526 135474 0 -1.43519 0.757486 0
1.47383 40.0707 1.24825 2.08448 4.85938 1.68845 168250 0 1.89903 0.752225 0
55.8485 20.7007 1.27001 1.93653 4.36134 1.46534 139872 0 1.5631 0.747277 0
14.8908 36.9882 1.18766 2.05782 4.79557 1.64897 163612 0 -1.32543 0.73889 0
15.5456 39.8345 1.41451 2.04668 4.61896 1.88281 167826 0 -1.31835 0.738688 0
30.9324 51.9769 1.8986 1.99203 4.49419 1.61042 185658 0 -1.55955 0.734879 0
12.5896 28.9857 1.25115 2.06518 4.83267 1.5759 151905 0 -1.3679 0.733586 0
18.7596 63.8778 1.30322 1.93302 4.33424 1.53955 202936 0 1.60996 0.730144 0
22.5876 -7.22729 1.46779 0.872595 0.907835 1.55247 99052 0 -1.6735 0.713863 1
31.1969 22.2989 1.60579 1.87692 4.29409 1.45086 142135 0 -1.55016 0.713435 0
-61.6542 34.9462 0.830754 2.05789 4.56229 1.63869 160565 0 -1.20796 0.711959 0
-62.872 14.894 0.860371 1.82316 4.07923 1.51777 131077 0 1.93009 0.708411 0
18.4195 66.959 1.35064 2.14923 5.02018 1.66505 207615 0 1.55685 0.704015 0
-48.8689 6.01068 0.948993 0.876959 0.91169 1.69682 118017 0 -1.8499 0.700785 1
30.8971 54.5738 1.75769 2.01038 4.49131 1.53223 189402 0 -1.58977 0.685301 0
55.5771 11.7937 1.43457 0.959577 0.957792 1.67338 126767 0 -1.9238 0.679734 1
-8.47764 23.775 1.01566 2.042 4.6946 1.45332 144351 0 -1.33534 0.6733 0
36.6094 25.0573 1.79574 2.05476 4.64891 1.56819 146364 0 1.53291 0.67078 0
-6.24242 31.517 1.09209 1.97324 4.67198 1.43238 155590 0 -1.3684 0.670149 0
-61.6254 17.7334 0.808107 1.7963 4.01155 1.45709 135293 0 1.90277 0.670095 0
-9.08274 20.6088 1.00897 2.02904 4.735 1.46368 139669 0 -1.33212 0.669294 0
-37.5463 -3.30595 1.19557 0.829743 0.830609 1.815 104480 0 2.19924 0.665347 1
36.6186 22.0042 1.62284 1.94889 4.48293 1.58792 141684 0 1.56927 0.662498 0
-31.2168 59.91 0.85824 2.24154 5.28649 1.84441 197164 0 -1.29694 0.640727 0
18.7612 30.2555 1.42118 1.93565 4.38147 1.47183 153796 0 1.69028 0.622597 0
19.0523 69.866 1.58388 2.16419 4.88337 1.86833 211829 0 1.56787 0.6077 0
30.6122 57.2071 1.70474 1.90723 4.26642 1.53064 193145 0 -1.52809 0.606813 0
-0.525276 31.234 1.14579 1.91764 4.33275 1.51503 155140 0 1.59516 0.602466 0
-45.8786 -4.35416 1.2516 1.96127 4.39766 1.5217 103050 0 -0.0177278 0.592279 0
-19.3991 32.509 1.29034 2.17104 4.69795 1.57489 156953 0 -1.32553 0.563891 0
-48.5081 -4.05287 1.2395 1.93224 4.33402 1.57566 103510 0 0.0237408 0.562561 0
-51.1048 -3.99846 1.15566 2.02682 4.48927 1.55524 103502 0 -0.012995 0.561218 0
-40.7715 0.467064 1.08157 2.05459 4.44941 1.53276 110086 0 -1.65369 0.556475 0
22.1315 -8.2404 1.82532 0.827168 0.827308 1.68468 97647 0 1.66265 0.542738 1
-52.4026 45.5217 0.695429 0.822843 0.828034 1.74214 176038 0 -1.13971 0.536232 1
-3.97841 38.9231 1.37408 1.86752 4.35638 1.46334 166361 0 0.993136 0.530003 0
31.1956 60.3015 1.65442 2.07995 4.72957 1.60509 197827 0 -1.54686 0.525074 0
-9.1142 64.1585 1.55799 1.8875 4.21981 1.52749 203317 0 -1.32647 0.523309 0
-25.4696 20.0317 0.988028 2.06239 4.54507 1.80533 138682 0 1.86307 0.522665 0
-11.6921 57.0435 1.48243 2.2627 5.22532 1.6776 193013 0 1.56743 0.522276 0
-2.05042 47.1774 1.48979 2.11114 4.71675 1.74844 178535 0 -1.23404 0.521646 0
-0.541695 31.4356 1.12049 1.94083 4.34821 1.50809 155608 0 -0.972836 0.51228 0
-20.9297 27.3514 1.2124 2.2593 5.29192 1.85453 149460 0 -1.30291 0.507331 0
-11.392 56.8546 1.51792 2.06429 4.6639 1.62975 192546 0 -1.32668 0.506816 0
30.87 66.7723 1.93379 2.04998 4.63646 1.71087 207186 0 -1.55334 0.504345 0
-52.2131 46.8094 0.708686 0.800208 0.785951 1.72331 177910 0 1.89416 0.490321 1
-11.0623 61.9752 1.22598 1.94264 4.48265 1.478 200035 0 -1.35657 0.481336 0
68.2888 25.4588 1.28877 2.16602 4.91346 1.81146 146931 0 -1.52682 0.479703 0
-37.5498 -3.15698 1.21414 0.790208 0.785336 1.82085 104948 0 1.97674 0.47891 1
-3.70686 38.8995 1.35073 1.86468 4.30217 1.44831 166362 0 -1.0931 0.462783 0
-4.00838 39.1079 1.41841 1.92236 4.41068 1.48837 166829 0 -0.653592 0.454995 0
19.0281 29.9706 1.47111 2.03775 4.70586 1.54716 153329 0 1.69706 0.450745 0
-24.1559 19.592 0.968796 2.17454 4.77722 1.83595 138218 0 -1.29496 0.450113 0
18.4238 72.842 1.48939 2.00692 4.56747 1.6435 216039 0 1.55815 0.433455 0
73.763 25.1139 1.30137 1.91371 4.33298 1.51231 146480 0 1.52531 0.43345 0
-37.4179 -3.30732 1.16352 0.84513 0.882121 1.83554 104481 0 1.91781 0.432102 1
55.8376 24.1465 1.27998 2.05194 4.77373 1.60812 145020 0 1.46781 0.430676 0
-61.8659 17.5359 0.808188 1.94905 4.37873 1.52132 134824 0 1.84488 0.429109 0
-5.61293 34.0535 1.1503 1.98505 4.61649 1.44829 159336 0 -1.30458 0.42653 0
-11.3537 62.1451 1.25884 1.96132 4.43331 1.49639 200502 0 -1.72538 0.420592 0
-53.1615 -5.69099 1.44701 0.794546 0.766664 1.87323 101155 0 -1.39648 0.4197 1
-18.4306 53.5794 1.50823 2.01223 4.37821 1.5244 187844 0 -1.00584 0.412355 0
29.8866 66.7617 1.97966 2.04779 4.68835 1.66257 207183 0 1.58663 0.410324 0
-53.187 -11.1199 1.28558 0.817381 0.949152 1.67223 93199 0 2.49973 0.410218 1
-4.28526 39.1441 1.42213 1.92671 4.37336 1.48959 166828 0 1.51568 0.405573 0
36.6339 27.9741 1.9021 2.10262 4.82104 1.69988 150576 0 1.52962 0.40245 0
-65.7662 24.4619 0.787886 1.91094 4.2767 1.49901 145108 0 -1.31664 0.397065 0
30.8931 49.0969 1.89859 2.06373 4.52506 1.66025 181446 0 -1.56841 0.395235 0
-21.2564 27.4057 1.20106 2.07541 4.76527 1.76068 149459 0 1.02513 0.394207 0
53.019 4.05243 1.5171 0.84614 0.835788 1.83779 115527 0 1.41284 0.389883 1
-34.6887 -4.88809 1.39469 0.827407 1.4606 1.76968 102149 0 -1.55762 0.385125 1
36.3153 30.9288 2.04976 1.94759 4.35292 1.46524 154787 0 -1.52877 0.378176 0
58.3583 3.89294 1.47499 0.924306 1.79594 1.86424 115544 0 -2.01053 0.374904 2
-1.48288 47.1951 1.4909 2.10038 4.76652 1.74658 178537 0 -1.25447 0.374625 0
-66.0556 24.1736 0.792553 1.9879 4.47019 1.51202 144639 0 -1.44552 0.371514 0
-2.05733 46.6165 1.44931 2.05168 4.63984 1.76228 177599 0 -1.23801 0.367083 0
-53.0886 -11.1315 1.27707 0.825023 0.904135 1.69184 93200 0 -2.55618 0.366714 1
-53.3788 -6.48963 1.26834 0.713118 0.697027 1.74161 99751 0 -1.48487 0.36558 1
31.5286 63.2259 1.63742 1.96223 4.47811 1.52504 202040 0 -1.53179 0.360422 0
-51.6962 13.6119 1.05024 1.94505 4.33011 1.75603 129240 0 1.8033 0.357051 0
68.0428 25.7388 1.3132 1.9827 4.3439 1.72036 147398 0 -1.62637 0.35359 0
-53.3759 -6.33667 1.36148 0.726926 0.734522 1.80756 100219 0 -1.44496 0.351547 1
55.7157 11.7714 1.43756 0.921227 0.967491 1.67243 126768 0 -1.76219 0.348293 1
-52.9304 43.4454 0.814703 0.786158 0.816743 1.69073 172760 0 2.81864 0.347913 1
24.7799 -8.48795 1.60418 0.831415 0.851411 1.70097 97187 0 3.01244 0.346521 1
73.7779 18.7533 1.09413 1.84302 4.1142 1.52464 137120 0 1.60911 0.346444 0
-53.071 -5.79456 1.4844 0.784442 0.770203 1.89422 100688 0 -1.44801 0.344687 1
-6.1907 34.1408 1.13212 1.8999 4.45908 1.4082 159334 0 0.928925 0.335137 0
20.3857 -8.87472 1.45989 0.798999 0.81383 1.51357 96705 0 -1.76083 0.325253 1
-53.1979 -11.26 1.26685 0.833619 1.21453 1.67826 92731 0 2.74821 0.324844 1
-52.2229 46.6752 0.687772 0.803899 0.77505 1.73499 177442 0 1.91125 0.323945 1
67.9942 26.3788 1.28869 1.97982 4.33879 1.68945 148334 0 -1.78783 0.322274 0
42.3706 2.07346 1.65102 0.82413 1.21331 1.67645 112686 0 -1.93145 0.31843 1
-52.9083 43.5863 0.809336 0.780801 0.801919 1.66009 173228 0 2.29325 0.31741 1
-6.22966 34.3264 1.18271 1.98688 4.56621 1.4434 159802 0 1.69547 0.314674 0
-11.6553 62.1755 1.28595 1.96046 4.40821 1.51765 200501 0 1.72272 0.31327 0
30.9269 60.5682 1.59679 1.98494 4.51467 1.54557 198294 0 -1.55505 0.313217 0
37.2654 27.7585 2.02248 2.1064 4.68506 1.74341 150110 0 1.51948 0.31249 0
31.2262 63.5005 1.6085 1.86132 4.16198 1.47834 202507 0 -1.57056 0.311805 0
-34.6947 -4.75079 1.41755 0.838592 1.58539 1.7676 102617 0 -0.8503 0.311638 1
-63.1329 14.6543 0.849116 1.94662 4.41888 1.56463 130608 0 1.89731 0.311238 0
-53.0733 -11.2568 1.27712 0.83361 0.991496 1.67127 92732 0 -2.64759 0.30763 1
-6.28618 14.8691 1.06693 0.80093 0.858762 1.70448 131254 0 0.0700494 0.30728 1
56.101 23.8984 1.21201 1.88121 4.33159 1.56025 144553 0 1.47005 0.306562 0
-21.8884 27.6511 1.19989 2.10085 4.65052 1.67865 149925 0 1.85068 0.305338 0
54.622 5.00182 1.15658 0.758564 0.737621 1.62557 116936 0 -1.50063 0.302715 1
-36.0748 -6.64491 1.31231 0.81058 0.794476 1.65787 99805 0 -0.444323 0.300634 1
49.7982 5.83575 1.4951 0.841263 0.901588 1.72741 118325 0 1.26566 0.300344 1
-39.5794 -6.62181 1.30056 0.807205 0.825802 1.68834 99794 0 -1.62193 0.299251 1
18.122 73.0875 1.49867 1.92349 4.32275 1.60415 216506 0 1.46368 0.298748 0
-37.4109 -3.15823 1.18298 0.827797 0.851282 1.83666 104949 0 1.81981 0.298094 1
11.8983 7.94155 0.788507 0.627378 0.689674 1.13847 121015 0 2.24041 0.297625 1
73.4882 25.3996 1.26632 1.79358 4.00669 1.48525 146947 0 1.46713 0.296327 0
-0.74527 30.9812 1.14664 1.98291 4.53308 1.55111 154671 0 1.76288 0.295616 0
-10.7778 61.95 1.26031 1.96065 4.49698 1.48142 200036 0 1.26032 0.293448 0
74.0211 24.8165 1.34297 2.03251 4.67023 1.55221 146013 0 1.5618 0.29095 0
15.2839 39.615 1.39794 1.89304 4.1868 1.78839 167357 0 -1.26218 0.290168 0
74.3915 21.9178 1.59817 1.89381 4.18813 1.56141 141802 0 1.62367 0.289765 0
-18.6726 53.3461 1.50712 1.99144 4.37494 1.52674 187375 0 -1.20627 0.288004 0
31.2004 59.7578 1.68011 2.01582 4.55093 1.60897 196891 0 -1.48761 0.287174 0
20.3845 -9.01681 1.57243 0.847636 0.875793 1.61287 96237 0 -1.71278 0.286117 1
11.9469 10.4748 1.35943 0.775812 0.857778 1.66305 124759 0 -1.22996 0.285432 1
52.3778 6.27716 1.38485 0.821465 0.825795 1.675 118801 0 -1.76328 0.284144 1
-51.0449 13.3169 1.02822 2.08718 4.69402 1.81715 128774 0 1.77426 0.282166 0
52.5161 5.68626 1.38581 0.773559 0.812603 1.72169 117866 0 -1.77258 0.280012 1
7.49845 10.4157 0.640857 2.06512 4.78318 1.51267 124745 0 -1.41644 0.278917 0
-56.541 -3.65814 1.24256 0.717846 0.694411 1.76112 103953 0 0.22296 0.27846 1
30.5848 48.8475 1.8374 2.09715 4.63771 1.67316 180977 0 -1.54052 0.277346 0
-66.3533 23.8473 0.817217 2.13021 4.82237 1.55757 144170 0 -1.83153 0.27593 0
52.434 5.88029 1.41629 0.834696 0.843552 1.71921 118333 0 -1.79326 0.274507 1
-3.96564 38.6581 1.34739 1.79324 4.09197 1.45059 165893 0 0.765175 0.274232 0
-52.7391 43.6162 0.810897 0.786475 0.806825 1.68773 173229 0 1.85106 0.274061 1
19.3023 30.495 1.48933 2.18236 5.05091 1.67383 154266 0 1.70446 0.268403 0
-2.98126 16.6592 1.068 0.8057 0.82538 1.58336 134072 0 -1.94779 0.265993 1
49.8041 5.69794 1.48562 0.85292 0.899986 1.72098 117857 0 1.24296 0.265871 1
31.0984 57.3657 1.75783 2.20461 5.13637 1.70322 193615 0 -1.56609 0.265816 0
-39.5736 -6.78511 1.29546 0.782421 0.801265 1.71837 99326 0 -1.6419 0.265273 1
53.1729 4.06327 1.52626 0.891199 0.871328 1.85778 115528 0 1.33623 0.264931 1
19.2736 64.053 1.34781 2.30038 5.30004 1.72501 203406 0 1.59368 0.264652 0
18.4016 73.3816 1.52774 2.1787 4.94995 1.75678 216975 0 1.44103 0.263932 0
18.9719 72.8345 1.5624 2.31051 5.4425 1.91765 216041 0 1.5813 0.263139 0
22.7375 -7.23228 1.45779 0.92527 1.03504 1.61773 99053 0 -1.67717 0.262348 1
68.2729 26.0518 1.30564 2.21198 4.93625 1.81668 147867 0 -1.71292 0.262211 0
-6.84653 31.7507 1.23191 2.00297 4.46659 1.44532 156056 0 -1.37185 0.261207 0
35.3539 30.9235 1.96101 1.91877 4.33924 1.45639 154784 0 1.52164 0.260118 0
36.098 22.1492 1.5966 1.95862 4.51283 1.55242 142150 0 1.58229 0.259895 0
1.98779 39.8831 1.30252 1.79368 3.89727 1.58177 167784 0 1.76932 0.259658 0
58.1658 3.75792 1.49394 0.908725 1.23328 1.81741 115075 0 -1.80179 0.259547 2
-36.0745 -6.76544 1.31076 0.799168 0.801786 1.66296 99337 0 -0.0115987 0.258724 1
53.2254 4.3122 1.50855 0.835336 0.815802 1.84422 115996 0 1.35813 0.258294 1
-51.5709 -3.9893 1.18855 2.07307 4.60497 1.63691 103500 0 0.0394959 0.258062 0
55.8251 23.598 1.21587 1.95604 4.50669 1.55361 144084 0 1.46586 0.25793 0
-9.09003 23.8974 1.04773 2.03019 4.62665 1.4579 144349 0 -1.47514 0.25659 0
36.0293 27.7519 1.71459 1.9414 4.37016 1.51337 150106 0 1.52521 0.256193 0
-51.9669 13.3284 1.03867 1.97935 4.47407 1.74219 128771 0 1.73134 0.254933 0
-50.1001 13.2496 1.02138 2.06205 4.56246 1.78458 128777 0 -1.47519 0.254882 0
22.0449 -8.34391 1.83186 0.828615 0.802252 1.67476 97178 0 1.67408 0.253914 1
12.1171 29.1994 1.21129 1.80258 4.03514 1.47783 152371 0 -1.41175 0.250306 0
-9.71359 64.4333 1.51704 2.11862 4.95188 1.64228 203783 0 -1.4059 0.24999 0
53.0351 4.25433 1.50867 0.809832 0.81683 1.82788 115995 0 1.31334 0.248826 1
-5.01115 33.7902 1.20289 1.95904 4.53051 1.49155 158870 0 -1.26222 0.247699 0
20.5373 -9.02765 1.57989 0.850119 0.872415 1.64126 96238 0 -1.72143 0.246294 1
-65.8013 23.8915 0.814889 1.7296 3.83629 1.42777 144172 0 -1.57925 0.245578 0
20.5306 -8.87903 1.48685 0.818204 0.83119 1.5776 96706 0 -1.74956 0.243694 1
-50.4003 13.0138 1.02648 2.03378 4.5415 1.78014 128308 0 1.46182 0.243609 0
16.7936 45.3059 1.025 1.9982 4.61178 1.59877 175786 0 -1.29859 0.24343 0
36.0822 24.8999 1.78696 1.94883 4.39134 1.57794 145894 0 1.53096 0.241703 0
-6.45639 14.8849 1.05753 0.806233 0.864955 1.70198 131253 0 0.0797883 0.241119 1
-37.5888 -3.58491 1.17482 0.92489 1.00551 1.79876 104012 0 2.50412 0.240068 1
73.5056 24.8465 1.29504 1.68054 3.76171 1.45731 146011 0 1.53234 0.240046 0
-48.7133 -4.55138 1.29842 2.20938 5.16496 1.74691 102573 0 0.0506744 0.239563 0
-52.7551 43.4482 0.804326 0.787498 0.823961 1.70446 172761 0 2.12031 0.239144 1
-57.1239 -4.02383 1.13267 1.9976 4.4339 1.72082 103483 0 -0.014382 0.238325 0
-65.5117 24.2153 0.818712 1.6723 3.5875 1.44103 144641 0 -1.3563 0.238253 0
36.329 28.2433 1.86397 1.97377 4.39705 1.56507 151043 0 1.53114 0.23804 0
-66.3643 23.537 0.792619 2.09759 4.74093 1.54564 143702 0 -2.1644 0.237912 0
-51.3134 -3.43 1.04679 1.87587 4.09455 1.50553 104437 0 0.0214986 0.237912 0
-37.8946 -6.62174 1.2615 0.850251 0.868982 1.6876 99799 0 -1.37225 0.236883 1
-5.87777 33.8495 1.14309 1.80443 4.20399 1.37948 158867 0 -1.30501 0.23658 0
22.5736 -7.37555 1.45963 0.909196 0.966224 1.55476 98584 0 -1.68019 0.23576 1
-45.9387 -3.40452 1.18379 1.97777 4.48179 1.54888 104454 0 -3.14013 0.235602 0
3.29698 42.1833 1.04667 1.55797 3.33287 1.40326 171064 0 1.80464 0.235564 0
16.0743 39.5954 1.45634 2.34572 5.57422 2.0239 167360 0 -1.28473 0.235232 0
-49.6702 -7.77318 1.35866 0.752624 0.709427 1.68434 97890 0 -1.42262 0.234611 1
67.7655 25.451 1.32172 1.87358 4.06422 1.63654 146929 0 -1.49985 0.234471 0
-51.406 13.8645 1.05706 1.98763 4.35563 1.78826 129709 0 1.89505 0.234409 0
-51.1215 -7.57674 1.39403 0.774121 0.756565 1.72543 98354 0 -0.156715 0.231598 1
-39.7396 -6.60609 1.2935 0.846206 0.858123 1.70537 99793 0 -1.61118 0.231391 1
37.2075 22.1826 1.63524 2.00984 4.68803 1.54269 142154 0 1.53417 0.231243 0
-66.1006 23.5581 0.776089 1.88672 4.22979 1.47562 143703 0 -1.80525 0.229759 0
11.9006 8.02864 0.779825 0.620556 0.704913 1.09626 121483 0 2.7022 0.229457 1
10.0885 22.8724 1.31922 0.872742 0.845941 1.704 143005 0 -2.19248 0.228813 1
-12.0027 57.3316 1.44884 2.44053 5.85961 1.71396 193480 0 1.8359 0.226695 0
-21.2999 27.553 1.226 2.2686 5.12064 1.78654 149927 0 1.62926 0.226095 0
67.3511 28.3466 1.16856 1.92644 4.38963 1.57709 151140 0 -1.65013 0.226017 0
52.6168 4.74243 1.57406 0.892576 0.915487 1.90494 116462 0 -1.45859 0.225928 1
35.7103 27.9907 1.70458 1.96344 4.47209 1.50749 150573 0 1.55776 0.225434 0
58.6162 3.97831 1.4841 0.914353 1.89546 1.78324 115545 0 -2.15973 0.225005 2
69.9077 28.6417 1.10024 2.00953 4.47948 1.63937 151616 0 -1.63261 0.224468 0
14.6463 36.7403 1.18259 1.90742 4.37622 1.58502 163143 0 -1.28873 0.223776 0
-48.9973 6.11504 0.927404 0.956586 1.05373 1.72415 118484 0 -2.03768 0.223112 1
52.6141 4.88908 1.61226 0.898739 0.945018 1.9243 116930 0 -1.65328 0.222141 1
31.8014 62.9353 1.733 2.0418 4.62875 1.59045 201573 0 -1.48609 0.221796 0
-66.3438 24.4514 0.816445 2.24766 5.21399 1.64467 145106 0 -1.43785 0.221274 0
-51.2559 -7.57794 1.37839 0.792768 0.773585 1.74104 98353 0 -0.21857 0.221073 1
36.8839 31.1892 2.09374 2.16476 4.93413 1.65646 155257 0 -1.62146 0.219655 0
31.5009 63.77 1.62197 2.0601 4.67375 1.59103 202976 0 -1.58246 0.21907 0
74.0162 25.4002 1.30369 2.13508 4.93624 1.61414 146949 0 1.49948 0.218939 0
73.7994 24.544 1.32289 1.85961 4.23604 1.50784 145544 0 1.56465 0.218673 0
-50.7549 13.5424 1.02858 2.06938 4.60733 1.81522 129243 0 1.83832 0.21768 0
19.065 69.3897 1.51392 2.13574 4.83921 1.80411 210893 0 1.60498 0.217087 0
-51.1217 -7.74593 1.41487 0.810538 0.777144 1.74489 97886 0 -0.527439 0.216665 1
17.8291 72.8142 1.43581 1.6427 3.61255 1.49539 216037 0 1.49234 0.216414 0
55.1658 5.7003 1.35731 0.782858 0.768256 1.68618 117874 0 -0.954571 0.215864 1
-36.2111 -6.63885 1.29801 0.827117 0.83502 1.69297 99804 0 -0.43798 0.214163 1
11.9408 10.5937 1.33925 0.794154 0.861746 1.67865 125227 0 -1.29634 0.21402 1
-49.5521 -7.76743 1.35865 0.771666 0.715271 1.69763 97891 0 1.39468 0.213951 1
-55.5386 41.7573 0.843522 2.02893 4.53803 1.59808 170412 0 2.25777 0.213902 0
-60.6435 26.0691 1.10491 2.02779 4.56364 1.68428 147464 0 1.9678 0.213737 0
30.5853 66.4999 1.95573 1.76353 3.96144 1.59784 206717 0 -1.55076 0.213089 0
2.53097 42.6447 1.06484 2.16981 5.2058 1.61783 171997 0 1.82961 0.212647 0
52.3585 6.4586 1.32431 0.782008 0.792182 1.61021 119269 0 -1.71513 0.21177 1
18.104 72.5637 1.43477 1.75637 3.85554 1.52642 215570 0 1.55738 0.211639 0
55.1752 5.8252 1.35932 0.798467 0.778034 1.70299 118342 0 -0.99534 0.211515 1
-37.8925 -6.7936 1.25473 0.836823 0.865761 1.69459 99331 0 -1.24753 0.211112 1
74.1153 22.2051 1.55001 1.84754 4.1823 1.51248 142269 0 1.58194 0.210204 0
74.3299 18.7738 1.07797 2.18054 5.03223 1.64089 137122 0 1.64726 0.20984 0
-3.44084 39.0854 1.37514 1.89361 4.31182 1.49257 166831 0 -1.28867 0.207583 0
-62.3459 14.8463 0.858239 1.58068 3.1604 1.40833 131079 0 1.94814 0.202127 0
15.8914 47.236 1.11758 1.94718 4.41485 1.52974 178591 0 -2.84868 0.201962 0
-50.8314 -3.7358 1.08131 1.96532 4.30037 1.52212 103971 0 -0.0302968 0.20163 0
-1.01388 31.4601 1.14632 2.03383 4.88512 1.58708 155606 0 -1.51295 0.200841 0
24.1098 -7.12183 1.52101 0.922124 1.0292 1.76737 99057 0 -1.44861 0.200521 1
42.171 2.0882 1.62124 0.857243 1.0894 1.54181 112685 0 -2.44175 0.199908 1
-43.3783 20.6332 0.934941 2.02998 4.45286 1.75331 139562 0 -1.27243 0.198379 0
-56.8408 -4.30066 1.16403 1.8785 4.25374 1.67695 103016 0 0.0577229 0.197639 0
-53.2534 -11.6117 1.27483 0.833624 1.89421 1.74966 92263 0 1.90445 0.197125 2
-2.94627 16.303 1.05895 0.834037 0.788637 1.65931 133136 0 -1.8608 0.196777 1
19.3343 29.6588 1.50982 2.1043 4.8824 1.67409 152862 0 1.71619 0.196477 0
37.2389 28.2536 1.9844 2.09653 4.38199 1.7139 151046 0 1.47231 0.19618 0
17.7833 20.3387 1.49324 0.797917 0.850701 1.60855 139285 0 -1.68915 0.196047 1
30.6458 22.4499 1.65017 1.99447 4.50026 1.50064 142601 0 -1.59036 0.196032 0
-34.9516 -4.90985 1.41048 0.846211 1.72777 1.7869 102148 0 -1.61358 0.195852 2
67.7399 26.0992 1.33897 1.80118 3.87807 1.62012 147865 0 -1.75057 0.195292 0
-52.5085 45.4082 0.722335 0.834703 0.844533 1.76586 175569 0 -1.16436 0.195081 1
4.53739 45.2464 1.1487 1.60194 3.29078 1.44402 175748 0 1.75217 0.195011 0
-69.8349 9.83283 2.51291 0.843076 1.10494 1.82316 123567 0 -3.00396 0.194974 2
-53.0042 -11.6363 1.2365 0.845093 1.90788 1.75728 92264 0 -3.03609 0.194066 2
53.5458 4.31676 1.47166 0.785983 0.792817 1.77914 115997 0 -1.92759 0.193791 1
37.0151 28.6559 1.96069 0.803237 0.841744 1.61436 151513 0 1.44901 0.193136 1
-18.1742 53.8531 1.46956 1.97222 4.32477 1.53417 188313 0 -0.711276 0.193109 0
-56.5425 -3.44621 1.20917 0.769997 0.752326 1.76683 104421 0 0.163877 0.191549 1
74.1136 21.6467 1.52189 1.8681 4.26158 1.54415 141333 0 1.61684 0.19126 0
-51.2558 -7.74306 1.391 0.811592 0.801371 1.75356 97885 0 -0.201454 0.190229 1
-62.1555 17.9917 0.864364 2.16459 5.10989 1.6939 135759 0 1.95614 0.189811 0
-43.6578 20.3352 0.966115 2.06658 4.5756 1.78073 139093 0 -1.30504 0.18931 0
73.7552 25.709 1.26654 2.05357 4.6751 1.60435 147416 0 1.44392 0.189255 0
31.4245 51.7765 1.95631 2.20427 5.24192 1.75716 185192 0 -1.49974 0.188215 0
-55.2129 42.0606 0.822834 2.02092 4.5717 1.59444 170881 0 2.50777 0.188067 0
-55.8358 41.4688 0.885944 2.02829 4.53119 1.61192 169943 0 2.06037 0.18801 0
19.5842 69.6621 1.54989 2.21177 5.15691 1.92403 211363 0 1.589 0.187955 0
-65.4914 24.7373 0.771145 1.92646 4.25816 1.5127 145577 0 -1.23328 0.186757 0
-56.7528 -3.67543 1.24525 0.931897 1.12017 1.73357 103952 0 0.104447 0.185685 0
-18.0846 53.0464 1.49957 1.98627 4.33207 1.50895 186909 0 -1.26787 0.185346 0
31.2547 62.9428 1.64257 1.77561 3.98255 1.43265 201571 0 -1.49265 0.184473 0
30.8564 56.9145 1.72846 2.06913 4.77192 1.61313 192678 0 -1.46953 0.18443 0
-49.4636 12.9789 1.00838 2.09931 4.74612 1.83878 128311 0 -1.36543 0.184391 0
30.9476 63.2544 1.54947 1.7113 3.80399 1.4339 202038 0 -1.50245 0.184076 0
14.8256 45.6408 0.759781 0.831704 1.10741 1.62434 176248 0 -3.1093 0.18405 1
-39.7362 -6.79164 1.28726 0.816782 0.829004 1.73869 99325 0 -1.56954 0.183854 1
-41.7655 20.6544 0.766069 2.02065 4.4009 1.63802 139567 0 -1.31008 0.183582 0
-36.2143 -6.7697 1.28133 0.812516 0.839644 1.68946 99336 0 0.0193693 0.183474 1
-66.3744 23.2323 0.81005 2.10621 4.73363 1.53984 143234 0 -3.07021 0.181987 0
30.8959 48.5336 1.89643 2.09209 4.60879 1.66813 180510 0 -1.52652 0.180926 0
10.8273 23.641 1.4011 1.85526 3.99971 1.75862 143943 0 -1.34948 0.180255 0
-42.3973 20.6467 0.80503 2.1156 4.63274 1.74725 139565 0 -1.30668 0.180003 0
29.9066 66.4956 1.97167 1.80291 4.06066 1.63449 206715 0 1.62244 0.179349 0
-60.9201 25.7733 1.11827 2.08531 4.71358 1.74969 146995 0 1.94061 0.178691 0
14.8555 37.4847 1.18736 2.05632 4.77931 1.70772 164548 0 -1.38683 0.178503 0
55.2849 23.8792 1.41386 2.22064 5.25372 1.72855 144550 0 1.45492 0.178264 0
59.0577 2.36834 1.67945 1.93596 4.18509 1.75058 113206 0 -0.121717 0.178056 0
14.9879 39.8834 1.40427 1.73232 3.66679 1.74893 167824 0 -1.32228 0.177264 0
31.4547 66.9693 1.89521 2.42424 5.66314 1.98066 207656 0 -1.56955 0.177207 0
-49.6636 -7.61098 1.36092 0.779372 0.74022 1.68129 98358 0 -1.4297 0.176909 1
24.088 -6.95752 1.53796 0.904791 1.01283 1.71049 99525 0 -1.65231 0.176435 1
-45.7103 -4.86216 1.28067 1.93469 4.35912 1.56964 102115 0 -0.036325 0.17599 0
36.5936 30.6422 2.03952 1.98763 4.43479 1.53099 154320 0 -1.4867 0.17549 0
36.3494 31.4264 2.07682 1.98128 4.3998 1.50474 155723 0 -1.52689 0.175328 0
-4.24716 38.65 1.33836 1.79394 3.9938 1.4444 165892 0 1.5488 0.175296 0
16.0602 40.0802 1.44846 2.36091 5.5609 2.04884 168296 0 -1.38201 0.174375 0
-34.9562 -4.72057 1.46565 0.870875 1.71885 1.7969 102616 0 -1.40289 0.173578 2
-41.7598 19.6606 0.74231 1.87199 4.16756 1.54061 138163 0 -1.29239 0.173225 0
-51.9598 14.168 1.10079 2.09952 4.74863 1.81728 130175 0 1.89189 0.172976 0
54.7564 4.99314 1.17483 0.808874 0.836804 1.66406 116937 0 -1.54355 0.172903 1
-2.66792 46.88 1.4593 2.06981 4.63639 1.7362 178065 0 -1.33775 0.172781 0
12.7326 8.88376 0.795684 0.738894 0.816208 1.56286 122421 0 -1.26775 0.17266 1
-10.4718 61.9261 1.32177 1.94997 4.47388 1.47741 200037 0 1.56841 0.17237 0
-37.8218 -3.33939 1.18597 0.851085 1.11546 1.79537 104479 0 -2.69336 0.17148 1
-60.037 25.7594 1.00825 1.93491 4.2658 1.57593 146998 0 1.92177 0.171289 0
-3.46297 17.9789 0.950532 1.83304 4.06654 1.47609 135943 0 -1.68774 0.171094 0
-3.97053 18.296 0.956544 1.97571 4.8348 1.53085 136409 0 1.81352 0.170698 0
-49.5433 -7.61041 1.364 0.779628 0.735107 1.67796 98359 0 1.47613 0.170536 1
-60.3359 25.4672 1.04602 1.90067 4.2032 1.58343 146529 0 1.90839 0.170117 0
-42.729 20.334 0.848808 2.07395 4.54028 1.76865 139096 0 -1.28235 0.170113 0
56.4431 24.4059 1.26585 1.93818 4.33599 1.56174 145490 0 1.53821 0.17008 0
-63.4253 15.1449 0.875141 2.19671 5.25491 1.72307 131543 0 1.91467 0.169523 0
-60.3513 26.3717 1.10096 2.00609 4.48153 1.64292 147933 0 1.95849 0.169246 0
-7.2316 25.1979 1.06255 0.719181 0.662523 1.33756 146227 0 -0.0771381 0.169037 1
14.3283 37.2401 1.13058 1.64696 3.63119 1.50711 164078 0 -1.35255 0.168846 0
23.928 -7.11289 1.51075 0.901578 1.05739 1.7507 99056 0 -0.883639 0.168652 1
-42.3874 19.6809 0.810787 1.99831 4.46538 1.66959 138161 0 -1.2741 0.168643 0
-18.7108 54.1583 1.55434 2.18707 5.12555 1.64955 188779 0 -0.807345 0.168378 0
-41.38 0.242859 1.1365 2.15003 4.63476 1.61436 109616 0 -1.7054 0.166887 0
-66.1168 23.2407 0.778617 1.92876 4.28265 1.48718 143235 0 -2.09354 0.166857 0
-8.24303 64.1066 1.49815 2.15259 4.87193 1.71215 203320 0 -1.33059 0.166764 0
-42.0921 20.3449 0.784235 1.98675 4.41694 1.66807 139098 0 -1.30882 0.166726 0
-4.55629 38.9623 1.38492 1.88871 4.20697 1.47612 166359 0 1.77195 0.1667 0
30.6025 49.3505 1.87869 2.03445 4.42224 1.63732 181913 0 -1.58856 0.165849 0
24.7881 -8.6912 1.59701 0.842344 0.85323 1.70024 96719 0 3.06903 0.165581 1
-51.3619 13.0306 1.02942 2.07843 4.65716 1.7744 128305 0 1.72495 0.165327 0
56.3794 20.8804 1.31218 2.3179 5.41126 1.69404 140342 0 1.50894 0.165113 0
-9.76179 20.881 1.03732 2.02065 4.54114 1.4402 140135 0 -1.29278 0.164988 0
-53.5047 -11.3247 1.25978 0.849366 1.97611 1.72934 92730 0 1.8904 0.1649 2
1.36864 37.1576 1.10334 2.03883 4.6814 1.53511 164038 0 1.92544 0.164422 0
-62.2011 35.2531 0.78411 2.31139 5.734 1.80713 161031 0 -1.22397 0.16339 0
18.487 69.6638 1.52495 2.08061 4.6997 1.76442 211359 0 1.59064 0.163352 0
69.6321 28.3827 1.13067 1.92826 4.27884 1.627 151147 0 -1.59916 0.163316 0
22.9158 -8.40944 1.73945 0.835013 0.850998 1.59651 97181 0 -3.07866 0.163202 1
-53.9106 42.0827 0.883748 2.00447 4.42518 1.61839 170885 0 0.216884 0.163165 0
16.8372 74.3771 1.50314 2.08715 4.78299 1.58453 218374 0 3.02296 0.163125 0
37.0041 28.8662 1.98081 0.781478 0.744577 1.63025 151981 0 1.40613 0.162696 1
8.61819 18.7681 1.02006 1.67628 3.40902 1.46292 136916 0 -1.34354 0.162212 0
-24.5057 19.8756 0.998888 2.23938 4.92987 1.86362 138685 0 2.31092 0.161695 0
-2.3877 46.2952 1.44935 1.93731 4.07979 1.68997 177130 0 -1.34082 0.161002 0
24.603 -8.49183 1.57405 0.873303 0.888541 1.72538 97186 0 2.95994 0.160921 1
-58.7141 25.7554 0.958265 1.99214 4.46091 1.58777 147002 0 -1.34861 0.160687 0
37.1788 28.639 1.97788 0.862351 0.880484 1.65436 151514 0 1.48122 0.160413 1
29.3724 66.9552 1.94976 2.32983 5.47622 1.85738 207649 0 1.58644 0.159547 0
18.7484 30.7817 1.42214 1.94375 4.40939 1.52552 154732 0 1.73964 0.159236 0
-53.1994 43.3909 0.848046 0.865841 0.966482 1.70662 172759 0 3.07053 0.159062 1
23.9387 -6.95589 1.53449 0.867489 0.993123 1.70317 99524 0 -1.39762 0.158959 1
-55.2264 41.451 0.824635 1.94091 4.39527 1.5561 169945 0 1.93167 0.158888 0
-69.6867 9.97858 2.52014 0.858335 1.36485 1.85288 124036 0 -2.54665 0.158823 2
-54.9001 41.7611 0.828297 1.90269 4.2125 1.52859 170414 0 2.02698 0.158777 0
-54.5623 42.0868 0.826676 1.92418 4.21122 1.5482 170883 0 0.655227 0.158263 0
17.0834 74.3718 1.55613 2.18035 5.06116 1.63335 218375 0 0.190663 0.15782 0
31.442 48.8298 2.02488 2.07093 4.56479 1.67819 180980 0 -1.51773 0.157783 0
-43.0597 20.9351 0.865299 2.05012 4.47747 1.74 140031 0 -1.2658 0.157324 0
-69.8291 9.97102 2.45899 0.864819 1.50572 1.82988 124035 0 3.05796 0.156932 2
30.6498 60.3311 1.57615 1.80171 3.97347 1.49245 197825 0 -1.54411 0.15669 0
30.3503 54.5552 1.7383 1.77689 3.77256 1.43697 189400 0 -1.75867 0.156501 0
42.639 2.0646 1.71759 0.896784 1.91268 1.71404 112687 0 -2.24938 0.15601 1
30.6416 -1.20684 1.75113 0.646678 0.602758 1.68473 107969 0 1.7084 0.155817 1
74.0383 18.4856 1.11823 1.9576 4.42075 1.57226 136653 0 1.6937 0.155775 0
-56.5257 -3.9809 1.18603 1.68841 3.65602 1.71804 103485 0 0.088948 0.155703 0
-2.81467 16.2766 1.03719 0.831671 0.770959 1.65236 133137 0 -1.91187 0.155655 1
-37.3817 -3.58576 1.15616 0.904992 1.02167 1.79641 104013 0 2.2185 0.155613 1
31.4242 54.7884 1.75863 2.21578 5.16519 1.70192 189872 0 -1.59321 0.154716 0
-41.4392 20.3406 0.741591 1.92952 4.33343 1.57608 139100 0 -1.29368 0.154399 0
22.3708 -7.22286 1.49124 0.939488 1.06759 1.55928 99051 0 -1.73339 0.153923 1
-3.26309 16.5027 1.08659 0.826519 0.813278 1.59145 133603 0 -1.73271 0.15283 1
-69.7027 9.84319 2.55334 0.847799 1.1475 1.85118 123568 0 -2.23698 0.152745 2
18.0845 73.719 1.5278 2.1304 4.7615 1.70912 217442 0 1.18049 0.152576 0
36.9223 25.3315 1.83419 2.10499 4.8248 1.57509 146833 0 1.50695 0.152505 0
-43.7587 11.6225 0.95051 1.89601 3.37055 1.7221 126457 0 1.85273 0.152401 0
67.0512 28.0623 1.22131 1.88431 4.2613 1.589 150671 0 -1.68495 0.152328 0
-42.0886 19.9901 0.773565 1.93587 4.34354 1.63625 138630 0 -1.28632 0.151674 0
20.3626 43.3241 1.41535 0.89522 1.01297 1.78708 172989 0 -1.64479 0.151636 1
69.6376 28.8953 1.11563 2.00499 4.42131 1.62018 152083 0 -1.64429 0.151633 0
31.7614 60.0493 1.85103 2.26825 5.2801 1.7908 197361 0 -1.54369 0.15067 0
36.3275 21.7302 1.59456 1.84659 4.20019 1.56942 141215 0 1.57334 0.150504 0
54.6292 5.14533 1.15553 0.805088 0.8171 1.64962 117404 0 -1.48318 0.150355 1
74.3867 22.4977 1.59973 1.92025 4.34422 1.55314 142738 0 1.56848 0.150114 0
-52.2306 13.8756 1.12992 2.12708 4.95771 1.82861 129706 0 1.80145 0.149758 0
-6.25967 14.6636 1.08388 0.825627 0.879747 1.68682 130786 0 0.0399096 0.149576 1
-43.0489 20.0316 0.871678 2.01625 4.40076 1.72589 138627 0 -1.28987 0.149343 0
17.0589 45.5593 1.09089 2.10596 4.90195 1.67406 176255 0 -1.48106 0.149244 0
-6.57449 34.6167 1.30066 1.96973 4.50185 1.45505 160269 0 1.80059 0.149178 0
37.2059 24.8888 1.80159 2.04875 4.64314 1.57766 145898 0 1.55714 0.148759 0
1.73748 36.4612 1.13273 1.6159 3.44007 1.43072 162635 0 1.84216 0.148512 0
55.5976 20.4368 1.25535 1.684 3.75324 1.39867 139403 0 1.63163 0.148409 0
-4.93229 39.467 1.4219 2.09199 4.65065 1.58622 167294 0 1.60227 0.14832 0
-59.0252 25.7632 0.944068 1.9904 4.4354 1.57748 147001 0 -1.61552 0.14826 0
-4.34109 39.4185 1.45284 1.97869 4.50318 1.52229 167296 0 0.809963 0.148245 0
67.7103 26.6472 1.3184 1.79174 3.93556 1.57347 148801 0 -1.75772 0.147759 0
-51.0778 -3.10043 1.02917 1.91915 4.29399 1.49759 104906 0 0.0364871 0.147526 0
74.7175 22.2123 1.59468 2.01531 4.54456 1.66848 142271 0 1.5591 0.147316 0
-5.34277 34.2908 1.22408 2.02806 4.7172 1.50728 159805 0 -1.34317 0.147289 0
-58.3959 25.457 0.923387 1.97852 4.49671 1.59616 146535 0 -1.27431 0.147193 0
25.422 -9.67654 1.9651 0.8414 0.827532 1.77413 95317 0 3.10727 0.147163 1
-34.5157 -4.73743 1.41653 0.835234 1.70761 1.77551 102618 0 -0.52502 0.146967 1
-59.3644 25.1144 0.92356 1.95925 4.39901 1.56565 146064 0 1.76575 0.146844 0
31.1863 60.8795 1.66541 2.1044 4.84767 1.63315 198763 0 -1.55869 0.146462 0
15.8858 47.4337 1.15268 2.00706 4.63277 1.57327 179059 0 -1.74162 0.146244 0
18.3795 66.5131 1.36376 2.04442 4.7785 1.67658 206679 0 1.60935 0.145676 0
22.9181 -8.24234 1.6462 0.851582 0.868778 1.52393 97649 0 -2.03302 0.145359 1
55.3218 11.9324 1.42193 0.946537 1.10749 1.7444 127234 0 -2.26214 0.145304 1
-59.6915 25.4405 0.943562 1.96259 4.37345 1.57056 146531 0 1.90341 0.145222 0
-66.6665 23.8446 0.86833 2.32168 5.40907 1.69851 144169 0 1.89757 0.144964 0
53.2405 4.54337 1.48134 0.731816 0.759565 1.79673 116464 0 -1.98446 0.144885 1
-41.4516 19.9938 0.712819 1.9192 4.3299 1.55091 138632 0 -1.29823 0.144562 0
-9.70602 24.1226 1.03863 2.15396 5.09613 1.51043 144815 0 1.82759 0.144525 0
-40.2293 0.282143 1.1006 2.05069 4.39809 1.53914 109620 0 -1.65669 0.144301 0
68.0602 3.75777 1.37021 0.812166 0.846174 1.71428 115106 0 -1.72605 0.143978 1
-57.3773 -3.71277 1.09547 2.12748 4.79356 1.79532 103950 0 -0.0640415 0.14385 0
36.6399 22.4483 1.6815 1.9777 4.48393 1.54695 142620 0 1.59541 0.143591 0
-58.7286 25.1394 0.892037 1.94947 4.383 1.55534 146066 0 -1.42974 0.143472 0
0.379936 34.2843 1.11455 2.01509 4.52341 1.51596 159823 0 -1.26624 0.143472 0
-57.1204 -3.39954 1.11582 2.05694 4.54056 1.73041 104419 0 0.0956846 0.143245 0
52.9288 4.62036 1.55137 0.786238 0.836515 1.83076 116463 0 -1.7043 0.143107 1
74.405 21.3534 1.58394 1.93244 4.25089 1.58987 140866 0 1.71495 0.142255 0
-63.1668 15.4144 0.839532 2.16609 5.0831 1.70274 132012 0 1.95971 0.141929 0
-41.148 20.6171 0.772381 1.97486 4.26955 1.60102 139569 0 -1.2826 0.141614 0
30.9233 63.7776 1.56294 1.79102 3.95816 1.45851 202974 0 -1.58766 0.141089 0
-37.7019 -6.61841 1.28274 0.865127 0.870005 1.69982 99800 0 -0.646132 0.141045 1
-53.914 43.688 0.836171 2.05798 4.52379 1.65658 173225 0 2.51118 0.140308 0
68.2821 28.3731 1.1514 1.85712 4.04643 1.59551 151143 0 -1.63148 0.14029 0
-59.052 24.8091 0.886584 1.96419 4.40495 1.55677 145597 0 -1.19971 0.140066 0
37.8553 27.9592 2.04967 2.18868 4.99004 1.76647 150580 0 1.54135 0.139757 0
36.337 27.4303 1.80984 1.95773 4.30408 1.57923 149639 0 1.4948 0.139455 0
-59.3625 25.7578 0.968717 1.97385 4.34836 1.57452 147000 0 1.81811 0.138986 0
22.5546 -8.21568 1.80372 0.901414 1.00211 1.64495 97648 0 -2.52789 0.138939 1
22.5734 -6.99748 1.46647 0.893373 0.945455 1.59091 99520 0 -1.691 0.13884 1
-56.7597 -3.43034 1.21973 1.30919 1.88006 1.72059 104420 0 0.124349 0.138285 0
1.72742 39.6574 1.28789 1.82901 4.09545 1.62138 167315 0 1.85039 0.13828 0
73.2131 25.1437 1.26922 1.61188 3.52488 1.45881 146478 0 1.52204 0.13806 0
49.9468 5.83873 1.50277 0.874688 0.93187 1.74331 118326 0 1.236 0.138037 1
18.703 73.6887 1.56021 2.42671 5.77318 1.98094 217444 0 1.40394 0.137699 0
69.921 3.03909 1.68029 2.00445 4.46748 1.69926 114176 0 -1.38221 0.137655 0
5.30676 50.7222 1.20595 2.11424 4.91005 1.67073 183706 0 -1.29447 0.137422 0
-37.9042 -2.74174 1.18843 1.64238 3.52749 1.75532 105415 0 -1.89069 0.137387 0
14.6721 45.651 0.746302 0.860811 1.43193 1.68839 176247 0 -3.12964 0.137286 2
-17.7701 41.7512 1.19757 2.02081 4.54661 1.60337 170530 0 1.53193 0.137112 0
67.9749 28.5698 1.11317 1.91531 4.17619 1.55478 151610 0 -1.62488 0.136992 0
-51.3332 -4.52739 1.18334 2.2942 5.28411 1.80278 102565 0 -0.00259951 0.136753 0
-48.2691 -3.73814 1.25376 1.81379 4.04768 1.55456 103979 0 0.0083547 0.136639 0
-9.14649 24.0472 1.07225 2.11801 4.80404 1.4739 144817 0 -1.88156 0.136477 0
-12.2965 62.4665 1.29729 2.04658 4.62855 1.60934 200967 0 1.79339 0.136276 0
55.3274 11.7801 1.42442 0.987239 1.12115 1.75194 126766 0 -2.17869 0.136076 1
-53.9001 43.372 0.846547 2.10679 4.54611 1.69188 172757 0 -2.95657 0.136019 0
39.2075 1.46741 1.44567 0.912467 1.55715 1.27899 111740 0 1.62828 0.135742 0
-53.63 42.3813 0.900405 2.11156 4.54525 1.70717 171354 0 0.0936062 0.135641 0
25.0111 -8.51129 1.65072 0.893858 0.916504 1.7327 97188 0 3.00264 0.135432 1
-1.50285 46.6104 1.46791 2.04667 4.7167 1.70577 177601 0 -1.25511 0.135121 0
25.4267 -9.52032 1.91487 0.841703 0.813522 1.76428 95785 0 3.05076 0.135066 1
-2.20689 20.5293 1.06454 1.5681 3.29005 1.38528 139691 0 1.81952 0.135058 0
-61.3537 17.9615 0.830165 1.72263 3.72953 1.45672 135762 0 1.95989 0.135046 0
73.4838 18.4747 1.12121 1.50943 3.26072 1.43233 136651 0 1.64135 0.134795 0
-54.5587 42.3663 0.869509 2.0167 4.42986 1.61364 171351 0 2.14014 0.134477 0
35.3801 28.2523 1.76177 2.00026 4.51842 1.52788 151040 0 1.58931 0.134003 0
