-19.9661 -1.49685 1.21062 2.26486 5.13517 1.96176 107343 0 2.34143 0.926706 0
47.853 21.2032 1.5697 2.24073 4.95644 1.88302 140783 0 -1.62899 0.926549 0
-26.4008 11.8739 1.01517 2.30768 5.13996 1.8459 126979 0 -1.3179 0.918839 0
-0.699867 3.96134 0.79271 2.0302 4.69075 1.53414 115359 0 1.54447 0.917507 0
9.66426 21.3305 1.20613 2.14091 5.27564 1.76244 140664 0 1.7631 0.912344 0
-10.6798 12.9073 0.881584 2.1589 5.009 1.53252 128432 0 -1.39157 0.909276 0
-1.07555 -5.82804 0.75366 2.02271 4.43324 1.61394 100850 0 0.0190687 0.908568 0
-10.3978 15.4788 1.14415 2.45658 5.86604 1.95258 132177 0 -1.38597 0.905476 0
-11.4608 10.1852 1.07011 2.22825 4.89968 1.8526 124218 0 -1.33577 0.903395 0
13.3234 31.8484 1.3825 2.15527 5.14696 1.95643 156119 0 -1.34531 0.902826 0
-6.26799 -5.35142 0.808453 2.06233 4.7067 1.53614 101770 0 -0.0262091 0.900905 0
-5.20792 11.758 0.960636 1.91013 4.31524 1.54475 126577 0 1.80109 0.89956 0
-3.06128 20.6587 0.979897 1.95949 4.6157 1.48096 139688 0 1.77624 0.898691 0
-24.8666 16.8313 0.859936 1.94843 4.35532 1.57959 134004 0 1.88709 0.89782 0
18.1266 18.6194 1.56226 2.19246 4.85154 1.76498 136946 0 1.61176 0.897715 0
7.48915 13.2697 0.895468 2.08248 4.90431 1.46913 128957 0 -1.38835 0.896003 0
-4.68945 15.2885 0.874013 1.97183 4.50853 1.40448 131727 0 -1.29873 0.890627 0
17.7406 15.0027 1.53511 1.96601 4.52929 1.67715 131329 0 1.57361 0.883738 0
-30.2344 15.828 0.976338 2.18514 4.69415 1.8392 132583 0 -1.25587 0.881861 0
18.3927 21.192 1.4944 2.22597 4.91126 1.81709 140691 0 1.64176 0.875153 0
-3.69237 -5.69881 0.776779 2.0713 4.5578 1.58091 101310 0 -0.0195145 0.87307 0
-3.08647 23.2939 1.14494 1.94915 4.49336 1.72126 143432 0 1.77494 0.872135 0
35.362 18.9349 1.83617 2.06089 4.73224 1.72051 137468 0 1.54715 0.871128 0
1.85626 -5.03538 0.878309 2.28085 4.83539 1.90567 102263 0 0.0439293 0.869603 0
10.9828 23.8407 1.3106 2.13857 4.8333 1.81103 144412 0 -1.42165 0.868821 0
8.73437 15.873 0.941465 2.05083 4.75245 1.47113 132705 0 -1.40746 0.86819 0
-1.43881 28.5634 1.15973 2.16905 5.09556 1.90535 151393 0 1.77188 0.866345 0
30.4995 18.9562 1.61128 1.98449 4.59237 1.53502 137453 0 -1.50438 0.864405 0
-7.21951 28.999 1.17499 2.07293 4.50252 1.573 151843 0 -1.38 0.854371 0
18.0699 26.8367 1.58957 2.17599 5.14281 1.91905 148646 0 1.67038 0.852681 0
-2.07391 25.8438 0.98433 1.99103 4.7185 1.47517 147179 0 1.76394 0.85067 0
8.80267 18.7134 1.00278 1.91405 4.48641 1.483 136917 0 -1.38686 0.84728 0
-31.8218 0.376999 1.04937 2.09732 4.59654 1.52784 110114 0 -1.60425 0.845712 0
68.2773 18.7297 1.20686 2.03381 4.48981 1.75337 137103 0 -1.52222 0.841753 0
-43.0446 17.0601 0.99984 2.2899 5.24822 1.93803 134415 0 -1.26812 0.839809 0
-7.85807 26.3094 0.953025 2.04466 4.71338 1.43793 148097 0 -1.33397 0.826936 0
18.3994 24.077 1.3822 2.07916 4.80806 1.54703 144903 0 1.63083 0.826237 0
18.4029 63.8709 1.2422 1.98147 4.38438 1.58738 202935 0 1.60148 0.810442 0
2.7392 42.4349 0.984007 1.94949 4.46079 1.48098 171530 0 1.8004 0.80735 0
-22.5593 22.3145 1.02129 2.01982 4.41498 1.68105 141967 0 -1.29598 0.804825 0
4.0164 48.4239 1.27452 2.04363 4.72981 1.82602 180426 0 1.83805 0.804047 0
-44.7126 11.9424 1.04231 2.07842 4.42859 1.84541 126922 0 1.87135 0.803449 0
-31.4796 10.025 0.816193 2.04827 4.47825 1.61319 124155 0 1.88109 0.802775 0
-0.22187 34.0092 1.01177 2.10068 4.85598 1.48984 159353 0 -1.32548 0.798082 0
30.613 22.2826 1.58941 1.8514 4.19188 1.44254 142133 0 -1.55615 0.797288 0
-49.3918 6.23079 1.06387 0.890695 0.9217 1.6923 118483 0 1.64553 0.795957 1
-4.08928 18.0219 0.902426 2.02871 4.74307 1.44888 135941 0 1.81503 0.790928 0
68.3889 21.5708 1.04433 2.00045 4.49089 1.53487 141315 0 1.57845 0.789547 0
30.9021 51.9849 1.77643 2.05316 4.72947 1.61142 185658 0 -1.58473 0.776902 0
-9.8065 18.1558 0.936227 2.05193 4.78257 1.48687 135923 0 -1.32308 0.772042 0
-40.7535 24.8935 0.974917 2.39759 6.05752 2.06943 145654 0 -1.22817 0.771989 0
3.67982 45.5134 0.974219 2.11098 4.96502 1.58255 176213 0 1.83053 0.770885 0
-61.0192 20.6201 0.964828 2.10081 4.49048 1.75889 139507 0 1.91369 0.770876 0
1.38871 39.9188 1.17716 1.979 4.47361 1.70957 167782 0 1.86033 0.762448 0
1.13799 36.741 0.983567 1.86439 4.3888 1.47677 163101 0 1.86531 0.761264 0
-8.77495 23.832 0.971665 2.10236 4.97996 1.49415 144350 0 -1.32279 0.757206 0
-3.25915 16.4687 1.01636 0.830777 0.806606 1.63875 133603 0 2.96827 0.740991 1
55.5292 20.3883 1.15288 1.95205 4.39777 1.51989 139403 0 1.60165 0.726551 0
-61.9442 35.2728 0.868121 2.14694 4.90953 1.62538 161032 0 -1.20879 0.725401 0
18.1021 66.7793 1.19617 2.0739 4.77562 1.56084 207146 0 1.59765 0.69806 0
-9.40133 20.6645 0.967093 2.0305 4.72177 1.49887 139668 0 -1.34022 0.686758 0
14.5677 36.9706 1.11386 2.05159 4.76141 1.70091 163611 0 -1.32119 0.685673 0
55.1311 11.4802 1.24845 0.947956 0.947271 1.69048 126298 0 0.888644 0.68277 1
35.9966 21.9405 1.63847 1.89731 4.30749 1.49484 141682 0 1.58151 0.678941 0
18.3979 29.9245 1.31458 2.0138 4.67479 1.49474 153327 0 1.64218 0.668228 0
12.2934 28.9586 1.17307 2.02342 4.7052 1.6152 151904 0 -1.38036 0.667347 0
30.5984 54.5433 1.48267 1.91049 4.2857 1.46444 189401 0 -1.59981 0.657722 0
52.677 3.88557 1.46818 0.985073 0.987144 1.8864 115526 0 -1.66154 0.657469 1
-31.2126 60.0551 0.868972 2.15409 5.22828 1.73884 197164 0 -1.26953 0.648413 0
15.2123 39.813 1.28823 1.99842 4.5007 1.89265 167825 0 -1.33483 0.647596 0
-6.5584 31.5373 0.97284 2.02998 4.71634 1.50032 155589 0 -1.3747 0.647002 0
-63.2073 15.2424 0.919373 1.79128 4.03455 1.4979 131544 0 1.92786 0.624529 0
30.8398 60.298 1.50562 2.03661 4.64587 1.53002 197826 0 1.52674 0.622866 0
52.2667 4.64204 1.56249 0.887989 0.977332 1.95784 116461 0 -1.73376 0.61635 1
21.6699 -8.39423 1.74997 0.873329 0.881192 1.72163 97177 0 -2.81165 0.609113 1
-21.2725 27.5912 1.17364 2.36135 5.4039 1.83586 149927 0 -1.34127 0.60735 0
30.5648 57.197 1.61058 1.98176 4.42168 1.58333 193145 0 -1.58167 0.60381 0
36.3231 25.0488 1.77821 2.02206 4.486 1.59026 146363 0 1.53825 0.600599 0
52.0839 5.5247 1.35867 0.740852 0.768572 1.65074 117864 0 -1.59457 0.591118 1
19.039 69.6646 1.37923 2.06424 4.67115 1.73122 211361 0 1.61337 0.575615 0
-61.932 18.0676 0.820952 1.82129 4.0982 1.50544 135760 0 1.95694 0.574238 0
22.177 -7.30438 1.40698 0.91001 0.952848 1.65998 99051 0 -1.55286 0.567414 1
16.5159 45.2807 0.910731 1.88906 4.28673 1.55049 175785 0 -1.25778 0.530172 0
-0.816101 31.2112 1.00172 1.98381 4.53311 1.52253 155139 0 2.03862 0.530094 0
30.8938 66.6291 1.7294 2.10889 4.69943 1.66231 207186 0 -1.60392 0.526518 0
-41.1066 0.715202 1.17404 2.08828 4.56885 1.5742 110553 0 -1.59057 0.515058 0
-46.2426 -4.30195 1.35997 1.9735 4.39126 1.54199 103049 0 0.0275119 0.511182 0
18.6995 72.8105 1.30846 2.21438 5.01724 1.85296 216040 0 1.59727 0.507359 0
52.2206 6.03712 1.37062 0.823623 0.859598 1.64142 118333 0 -1.62633 0.496891 1
-3.96776 38.9172 1.3126 1.84269 4.25015 1.46376 166361 0 -1.16816 0.494884 0
-2.07095 46.9067 1.3537 1.98286 4.44052 1.68415 178067 0 -1.25045 0.493621 0
-10.0934 64.4536 1.51371 2.01473 4.57973 1.67001 203782 0 1.80746 0.491861 0
-38.0151 -3.10509 1.2907 0.784665 0.77221 1.76519 104947 0 -1.36435 0.487912 1
3.02522 42.2044 1.00314 1.66262 3.69243 1.40899 171063 0 1.78945 0.482082 0
-1.07281 31.2154 1.02413 2.03798 4.7271 1.56111 155138 0 -2.18278 0.465373 0
-48.8793 -4.30902 1.47336 1.9396 4.22022 1.7324 103041 0 0.00107633 0.445542 0
-19.6834 32.5692 1.23453 2.19426 4.79268 1.57759 156952 0 -1.3317 0.43638 0
57.8102 3.57573 1.32443 0.910572 1.2438 1.87678 115074 0 -1.84905 0.435784 1
31.2326 63.2092 1.4792 1.87969 4.25405 1.49244 202039 0 -1.63289 0.435699 0
36.0018 30.8991 1.91193 1.90075 4.24605 1.43957 154786 0 -1.57177 0.433147 0
-0.82975 31.448 0.9725 1.96143 4.45286 1.50715 155607 0 -1.72628 0.431769 0
-53.6446 -10.9926 1.52715 0.774858 0.775711 1.53725 93198 0 0.211878 0.425153 1
-46.2536 -3.72406 1.32208 2.01262 4.50464 1.56007 103985 0 1.97574 0.423485 0
37.2911 27.9631 1.90166 2.12051 4.63545 1.76823 150578 0 1.55145 0.407701 0
73.7438 18.3908 1.01372 2.01228 4.49261 1.55959 136652 0 1.66624 0.405976 0
-52.6944 45.8306 0.611964 0.850515 0.81542 1.70666 176505 0 2.11341 0.405379 1
54.3539 4.71648 1.25768 0.770658 0.761081 1.60387 116467 0 1.35873 0.40356 1
52.0953 5.38453 1.37422 0.753181 0.79715 1.7224 117396 0 -1.59536 0.402149 1
-38.0087 -3.26276 1.30361 0.832503 0.864226 1.76338 104479 0 -1.52783 0.399476 1
-62.2039 17.8437 0.819544 1.98606 4.43485 1.56646 135291 0 1.90671 0.39604 0
-1.77373 47.1355 1.37222 1.96219 4.41811 1.65974 178536 0 -1.30076 0.392704 0
21.7962 -8.41268 1.76896 0.960988 0.991827 1.76662 97178 0 -2.68568 0.392033 1
-25.7398 20.074 0.951923 2.04548 4.58142 1.80858 138681 0 1.88171 0.3911 0
-53.5474 -5.56893 1.60024 0.816527 0.834168 1.82145 101154 0 -0.859026 0.385997 1
-24.1995 19.6053 0.940252 2.09241 4.60239 1.76833 138218 0 -1.26791 0.384012 0
14.9477 39.5852 1.26535 1.82939 4.04064 1.81506 167356 0 -1.26732 0.383614 0
-4.24946 38.959 1.33446 1.90191 4.35776 1.46032 166360 0 -0.513567 0.382749 0
-35.2849 -4.67273 1.50032 0.839343 1.54126 1.73763 102615 0 -1.63422 0.382607 2
-53.826 -6.26521 1.34866 0.744289 0.752714 1.78738 100217 0 -0.257471 0.377185 1
-11.3918 56.8501 1.14639 1.99589 4.62225 1.53986 192546 0 1.71752 0.370924 0
-51.6478 -3.66779 1.30683 2.04786 4.53696 1.62247 103968 0 -0.0197227 0.369778 0
52.2103 5.34236 1.40637 0.720442 0.792271 1.74265 117397 0 -1.57608 0.361003 1
31.5015 62.9193 1.54065 1.96724 4.45816 1.54432 201572 0 -1.59384 0.359637 0
-5.94049 34.0701 0.955377 1.97001 4.53471 1.41899 159335 0 -1.30885 0.355429 0
52.1411 6.12808 1.31726 0.796848 0.837142 1.61919 118800 0 -1.65333 0.35492 1
-9.1345 64.1974 1.43072 1.97186 4.46956 1.62299 203317 0 -1.35517 0.354035 0
16.7549 45.5249 0.967998 2.02763 4.64081 1.60543 176254 0 -1.33287 0.352264 0
-66.4381 24.1665 0.748037 1.91952 4.29222 1.50556 144638 0 1.82853 0.346795 0
-51.6511 -7.50819 1.4711 0.74321 0.748053 1.63775 98352 0 0.0602073 0.346193 1
30.8686 25.138 1.64687 2.06158 4.65143 1.64642 146346 0 -1.62078 0.343334 0
49.4697 5.582 1.38814 0.81984 0.87556 1.6647 117856 0 1.35073 0.342945 1
55.0165 11.5663 1.26395 0.950051 0.967351 1.70097 126765 0 0.679993 0.342729 1
18.687 30.1847 1.31959 2.1024 5.00599 1.55142 153796 0 1.69321 0.330532 0
-66.6974 23.8553 0.78797 2.04667 4.59502 1.55768 144169 0 1.85106 0.325822 0
54.8357 5.53571 1.31611 0.76786 0.741777 1.74111 117873 0 -1.44714 0.322932 1
-62.9616 15.4248 0.904615 1.69887 3.69253 1.48095 132013 0 2.00153 0.322075 0
-0.560555 31.1943 1.01276 1.94599 4.37808 1.51901 155140 0 1.68012 0.320029 0
24.3791 -8.70116 1.54563 0.917894 0.963225 1.71974 96718 0 1.43673 0.318103 1
52.8734 3.96039 1.42396 0.973481 0.955965 1.85647 115527 0 -1.80059 0.317569 1
-11.677 62.178 1.07901 2.03072 4.61121 1.611 200501 0 1.77616 0.316568 0
-46.2462 -3.40852 1.29945 2.01651 4.49459 1.5613 104453 0 -3.13729 0.315701 0
-57.0624 -3.4094 1.29101 0.805161 0.788053 1.79167 104419 0 0.514579 0.312077 1
52.2638 4.87379 1.50828 0.799841 0.880471 1.88401 116929 0 -1.75845 0.310479 1
-1.07494 30.9548 1.05977 2.01345 4.60463 1.58081 154670 0 3.00863 0.30762 0
31.5296 27.6802 1.77491 1.95944 4.35117 1.58153 150092 0 -1.64733 0.30759 0
-52.5833 46.9568 0.665261 0.79917 0.804871 1.70179 177909 0 1.82938 0.304909 1
-53.7084 -6.2704 1.42897 0.76225 0.790745 1.75088 100218 0 -0.568697 0.304415 1
18.1475 29.6835 1.32765 1.92064 4.31885 1.49157 152858 0 1.64898 0.304236 0
54.3547 4.83963 1.27265 0.744271 0.738725 1.61551 116935 0 1.25691 0.302496 1
52.9254 4.29855 1.38486 0.707239 0.763113 1.72903 115995 0 -1.87801 0.29984 1
18.9859 29.6462 1.38807 2.10915 4.93274 1.66613 152861 0 1.70277 0.298949 0
15.4698 40.0662 1.2776 2.19453 4.97866 1.9723 168294 0 -1.38156 0.297637 0
-2.69669 46.9067 1.38118 2.01103 4.54785 1.71257 178065 0 -1.17436 0.296867 0
35.0404 30.8624 1.81254 1.94328 4.51942 1.44911 154783 0 1.54016 0.295915 0
-63.7571 15.2415 0.976393 2.13909 4.93845 1.66386 131542 0 1.90412 0.294263 0
52.6626 4.33595 1.44108 0.759105 0.844264 1.80861 115994 0 -1.76721 0.29296 1
14.3225 36.7104 1.08727 1.92136 4.36746 1.64038 163142 0 -1.27354 0.284941 0
52.2844 4.42653 1.45856 0.829375 0.890794 1.86147 115993 0 -1.67163 0.282409 1
-70.1297 10.1597 2.52425 0.847006 0.915748 1.80501 124034 0 1.82985 0.282334 1
36.3139 27.7422 1.79072 2.07118 4.81287 1.65505 150107 0 1.51368 0.281751 0
-46.0238 -4.61247 1.34034 1.85672 4.04818 1.51251 102582 0 -0.0250224 0.280861 0
-49.0552 -3.72066 1.43415 2.11456 4.57997 1.75678 103976 0 0.0624202 0.278909 0
73.4555 24.7985 1.20072 1.90825 4.29829 1.57551 146011 0 1.54143 0.277823 0
73.4632 18.1451 1.0285 1.7534 3.95914 1.45322 136183 0 1.70991 0.276399 0
-6.51433 34.1194 0.939124 1.92941 4.52623 1.41015 159333 0 -1.22427 0.275167 0
-52.582 47.1061 0.705869 0.855005 0.887998 1.72273 178377 0 1.74898 0.271193 1
18.405 30.4815 1.28959 2.06484 4.8132 1.52993 154263 0 1.72357 0.267048 0
67.3468 25.1394 1.1712 2.11173 4.66064 1.80671 146460 0 -1.61045 0.26673 0
52.5873 4.61961 1.50569 0.770049 0.855208 1.80883 116462 0 -1.82491 0.266014 1
-4.60372 39.1804 1.3628 1.92221 4.2827 1.44946 166827 0 1.45148 0.263755 0
21.803 -8.27659 1.75179 0.983955 1.11452 1.76192 97646 0 -2.45972 0.262789 1
-25.1615 19.9485 0.979985 2.13942 4.69451 1.81761 138683 0 1.75922 0.262103 0
30.5718 27.6872 1.66597 1.91459 4.33636 1.52574 150089 0 -1.62455 0.260346 0
-35.3099 -4.85164 1.50596 0.842886 1.67492 1.75485 102147 0 -1.75443 0.259554 2
-53.6412 -10.8425 1.53087 0.824539 0.815165 1.5914 93666 0 1.52018 0.258827 1
11.5978 7.89455 0.820397 0.630781 0.673818 1.1679 121014 0 -2.40792 0.258822 1
-11.0545 61.976 1.0296 1.95067 4.48586 1.54024 200035 0 1.75187 0.256814 0
11.6169 10.4618 1.36921 0.805978 0.881815 1.70233 124758 0 -1.44429 0.25629 1
30.3304 66.4422 1.76755 1.74236 3.73338 1.56916 206716 0 -1.61104 0.255862 0
73.1969 18.4003 1.01983 1.65528 3.60325 1.43095 136650 0 1.65884 0.255615 0
-41.7144 0.548752 1.20012 2.15369 4.71359 1.61901 110083 0 -1.62696 0.255561 0
-53.5526 -5.39137 1.58695 0.85796 0.861148 1.82868 101622 0 -0.812578 0.255497 1
-30.9647 9.83298 0.864673 1.87856 3.25271 1.56795 123689 0 1.84681 0.255359 0
52.83 3.7925 1.40886 1.00896 0.974058 1.84225 115059 0 -1.7443 0.254268 1
-12.2959 57.0947 1.1806 2.15057 5.10984 1.62193 193011 0 1.72749 0.253268 0
36.5975 22.13 1.65648 2.02364 4.76999 1.5016 142152 0 1.57726 0.252671 0
36.5611 30.9286 1.91977 2.13768 4.88953 1.59317 154788 0 -1.5712 0.252335 0
30.8793 27.9689 1.72785 1.96461 4.3917 1.56003 150558 0 -1.6094 0.249261 0
-49.395 6.05453 1.05788 0.935945 0.950791 1.70553 118015 0 1.67511 0.248652 1
17.0495 45.026 1.06346 2.23737 5.30758 1.80488 175319 0 -1.23459 0.248507 0
31.8298 27.9546 1.8014 1.99121 4.45683 1.60037 150561 0 -1.653 0.24736 0
-66.4555 23.552 0.755095 1.89602 4.22354 1.50423 143702 0 1.87467 0.247057 0
15.4832 39.3011 1.31182 2.20363 5.04027 1.95916 166890 0 -1.22885 0.246195 0
-52.8882 45.8686 0.60084 0.944729 0.986237 1.76401 176504 0 2.12514 0.244785 1
35.7076 21.7022 1.66273 1.80673 4.16527 1.49239 141213 0 1.56327 0.241079 0
-53.8419 -6.46845 1.38156 0.799998 0.850007 1.79906 99749 0 0.106408 0.237946 1
73.7509 24.5042 1.23171 2.03977 4.62747 1.6049 145544 0 1.59202 0.237803 0
-61.6522 18.2959 0.840699 1.72869 3.76685 1.48164 136229 0 1.98921 0.237496 0
-66.4048 24.7494 0.714454 2.05754 4.62217 1.56564 145574 0 1.84163 0.235581 0
30.8824 27.3832 1.71283 1.94572 4.38983 1.56153 149622 0 -1.66306 0.232824 0
31.2373 62.6253 1.49019 1.78095 3.97259 1.47312 201103 0 -1.56386 0.231647 0
-46.023 -3.72124 1.30398 1.93459 4.39034 1.53323 103986 0 0.824679 0.230767 0
15.8253 47.1976 0.888793 2.00949 4.56877 1.56347 178591 0 -2.81176 0.230501 0
67.0584 25.4148 1.18289 2.19566 5.03394 1.86918 146927 0 -1.67585 0.230402 0
67.6771 24.8507 1.17907 2.04808 4.5015 1.7421 145993 0 -1.56995 0.227284 0
-53.6151 -5.86017 1.58076 0.853936 0.949022 1.84842 100686 0 -0.689596 0.22643 1
12.2831 -9.86838 1.1134 0.791291 0.832659 1.67783 95276 0 1.37583 0.226184 1
-51.9173 -3.38238 1.26011 2.0379 4.54786 1.60335 104435 0 -0.00912742 0.225215 0
-51.4202 -3.07929 1.21734 2.01557 4.46878 1.57233 104905 0 0.0243226 0.224922 0
30.9627 63.4685 1.45299 1.81025 4.01266 1.4873 202506 0 -1.66636 0.224618 0
52.0876 4.88767 1.44469 0.79212 0.85003 1.79935 116928 0 -1.70372 0.224272 1
-57.084 -3.60845 1.27286 0.862426 0.959568 1.78847 103951 0 0.291724 0.223551 1
-53.7935 -11 1.55952 0.826806 0.828895 1.54188 93197 0 0.65809 0.221435 1
-56.9162 -3.40994 1.29159 0.812637 0.795744 1.80085 104420 0 0.90672 0.221327 1
-2.9951 46.9027 1.40075 2.04525 4.61061 1.72229 178064 0 1.18541 0.220915 0
-57.7339 -4.02576 1.24269 2.04668 4.51696 1.72904 103481 0 0.0608146 0.220907 0
18.1504 72.5595 1.3199 1.80002 3.96331 1.64948 215570 0 1.60088 0.219914 0
-6.54093 34.3224 0.931972 1.97256 4.59851 1.42823 159801 0 -3.0961 0.216935 0
-6.80966 31.3139 1.01004 1.88041 4.09845 1.43322 155120 0 -1.40258 0.216772 0
-63.4928 15.7276 0.927373 2.13131 4.95638 1.66635 132479 0 1.97436 0.216529 0
-53.402 -5.56007 1.57964 0.847002 0.849706 1.84587 101155 0 -1.10001 0.216389 1
8.56243 18.5317 0.990654 1.75336 3.96577 1.4704 136448 0 -1.34167 0.215891 0
54.8236 5.40308 1.35246 0.743504 0.723266 1.71198 117405 0 -1.51122 0.215341 1
-21.8622 27.6399 1.17628 2.05831 4.51369 1.64976 149925 0 1.69723 0.214333 0
55.524 23.8531 1.34405 2.12609 4.84798 1.77176 144551 0 1.48105 0.213562 0
-46.4538 -4.93613 1.37177 2.03531 4.40329 1.60845 102112 0 0.0720247 0.213199 0
72.5092 21.5899 1.11621 2.01079 4.51385 1.58446 141328 0 1.62585 0.211413 0
-7.45544 31.7889 1.1672 2.0304 4.51818 1.47898 156054 0 -1.41178 0.21078 0
73.1593 25.082 1.1858 1.83683 4.06469 1.53827 146478 0 1.51814 0.210599 0
-62.4835 18.3168 0.881956 2.18135 5.10579 1.74886 136226 0 1.95407 0.209801 0
-3.26505 16.293 1.05642 0.880544 0.848954 1.64051 133135 0 2.6224 0.209594 1
-49.4103 6.42918 1.04146 0.950517 1.03956 1.7262 118951 0 1.7383 0.207592 1
30.953 62.9177 1.45893 1.70528 3.76443 1.46515 201570 0 -1.59814 0.207058 0
35.7101 27.9766 1.69825 1.94203 4.44631 1.49243 150573 0 1.52959 0.206866 0
-3.4622 38.8404 1.27979 1.81844 4.25753 1.48651 166363 0 -1.17817 0.206816 0
-62.9407 14.9748 0.977687 1.6113 3.2738 1.40038 131077 0 1.94511 0.206463 0
29.9298 27.9917 1.63397 1.93773 4.43144 1.53709 150555 0 1.90529 0.206057 0
35.7116 30.6696 1.89527 1.75491 3.82754 1.39711 154317 0 -1.53168 0.205645 0
37.2272 25.0881 1.82326 2.11765 4.82169 1.69934 146366 0 -1.60334 0.204885 0
69.2864 28.0214 0.954644 1.97103 4.37345 1.58115 150678 0 1.5775 0.204564 0
31.8223 27.4196 1.79923 1.99549 4.45275 1.62606 149625 0 -1.63835 0.204492 0
57.9669 3.48161 1.35101 0.970803 1.7304 1.86161 114607 0 -1.81759 0.203264 2
37.5976 28.2322 1.97031 2.0846 4.58014 1.73556 151047 0 1.49855 0.203202 0
-40.5527 0.578751 1.17636 2.17319 4.73393 1.59881 110087 0 -1.63028 0.202659 0
18.7802 69.375 1.33495 2.01995 4.58257 1.6641 210892 0 1.64996 0.202529 0
-51.4837 -7.5092 1.49398 0.762897 0.747999 1.66381 98353 0 0.563786 0.20241 1
67.8076 18.7211 1.21453 1.79168 3.40903 1.64265 137101 0 -1.49746 0.202292 0
-9.4129 24.0676 1.02452 2.17522 4.99025 1.49848 144816 0 -1.45022 0.202234 0
16.2473 45.0405 0.910743 1.82174 4.1038 1.53935 175316 0 -1.15399 0.202044 0
-57.4731 -4.31205 1.27305 1.97263 4.35127 1.68787 103014 0 0.0259508 0.20084 0
-53.6992 -6.46069 1.41843 0.784774 0.793429 1.75082 99750 0 -0.00416756 0.200378 1
36.6136 27.082 1.8284 0.839772 0.912884 1.66279 149172 0 1.44292 0.200344 1
-12.9497 57.1474 1.1319 1.93763 4.40009 1.54951 193009 0 1.71218 0.198561 0
-51.6568 -7.30933 1.49767 0.785307 0.776932 1.68616 98820 0 0.0600904 0.198408 1
73.7198 25.074 1.19725 2.12974 4.88068 1.67817 146480 0 1.55807 0.198362 0
31.7692 63.466 1.56041 2.16293 5.01671 1.67534 202509 0 -1.63804 0.19821 0
18.4336 29.3948 1.36627 1.96563 4.45611 1.56591 152391 0 1.68674 0.197981 0
11.8002 28.995 1.13406 1.71305 3.84471 1.48698 151902 0 -1.38331 0.197749 0
-48.5745 -4.04728 1.42011 1.91473 4.09522 1.72405 103510 0 -0.17123 0.196646 0
73.7662 17.8103 1.02093 1.97443 4.53612 1.54623 135716 0 1.72625 0.196546 0
-53.6842 -8.4385 1.56373 0.797099 0.771872 1.6578 96942 0 -1.50826 0.196022 1
19.0404 70.1369 1.31837 2.16534 4.92419 1.83205 212297 0 1.55803 0.195406 0
18.4848 69.8414 1.34891 2.0891 4.75529 1.76791 211827 0 1.58025 0.195398 0
-52.8817 45.7053 0.596702 0.926877 0.959337 1.75427 176036 0 1.8735 0.194625 1
-5.34613 33.7857 1.03963 1.91763 4.36854 1.47871 158869 0 -1.28493 0.194026 0
22.0448 -7.39171 1.41067 1.01591 1.10781 1.64942 98582 0 -1.66311 0.193673 1
29.9303 27.7027 1.61084 1.91612 4.40433 1.49361 150087 0 -1.67775 0.19307 0
31.2227 63.7634 1.44796 1.98481 4.50199 1.54821 202975 0 -1.6648 0.190795 0
-3.29401 16.6805 1.04587 0.835103 0.867545 1.53136 134071 0 3.12715 0.189846 1
-4.56339 38.9828 1.34591 1.89503 4.22403 1.45681 166359 0 1.15711 0.189091 0
19.2972 73.0419 1.37246 2.57239 6.22213 2.11567 216510 0 1.54073 0.188896 0
19.2999 29.9137 1.39633 2.2034 5.15095 1.70612 153330 0 1.69176 0.188711 0
-10.6766 64.7296 1.44577 2.30855 5.4117 1.89039 204248 0 1.81819 0.18848 0
-57.7592 -4.95558 1.35335 2.01784 4.44174 1.73022 102077 0 0.11042 0.187564 0
30.3716 60.3043 1.466 1.74218 3.77521 1.45016 197824 0 1.53269 0.187084 0
19.3113 72.5583 1.29679 2.47737 5.96725 2.044 215574 0 1.61836 0.186662 0
30.574 27.0799 1.64068 1.9386 4.35303 1.54074 149153 0 -1.67601 0.186633 0
18.9609 64.0572 1.26418 2.29259 5.27929 1.74444 203405 0 1.58779 0.185939 0
67.3511 25.7351 1.21517 2.04662 4.51515 1.80751 147396 0 -1.73504 0.185352 0
14.5304 37.4901 1.07817 2.01647 4.64226 1.72865 164547 0 -1.37527 0.185289 0
-6.83702 34.1401 0.976687 1.87766 4.43552 1.41244 159332 0 1.63717 0.184871 0
55.8286 24.1513 1.30399 2.03519 4.66678 1.77198 145020 0 1.56547 0.182369 0
-10.4259 61.909 1.1744 1.92926 4.3516 1.49866 200037 0 0.189992 0.181544 0
-5.6894 31.465 0.961295 2.04079 4.88069 1.5581 155592 0 -1.38313 0.181392 0
53.1891 4.28584 1.3701 0.7455 0.810405 1.65667 115996 0 -2.14753 0.181272 1
30.8546 59.7741 1.49932 2.03947 4.63627 1.55009 196890 0 1.64034 0.181029 0
11.6195 10.5869 1.33018 0.818394 0.879921 1.70558 125226 0 -1.67704 0.18042 1
74.0113 18.641 1.03137 2.23401 5.13364 1.69063 137121 0 1.57554 0.180151 0
-40.0949 -6.54586 1.42642 0.783076 0.823452 1.66858 99792 0 -1.58483 0.179891 1
-51.6667 -7.71772 1.52311 0.790535 0.778609 1.68769 97884 0 0.139155 0.179227 1
35.3915 31.1022 1.87766 2.01057 4.49983 1.44397 155252 0 1.55955 0.179156 0
49.4636 5.39647 1.39869 0.856723 0.900981 1.69438 117388 0 1.36073 0.17909 1
14.8383 36.4171 1.18759 2.23929 5.33724 1.79263 162676 0 -1.30327 0.177357 0
49.6242 5.58546 1.41735 0.87474 0.957382 1.7175 117857 0 1.35565 0.177304 1
-20.9466 27.1721 1.18043 2.33897 5.69799 2.01394 148992 0 -1.22095 0.176892 0
31.2076 41.0891 2.19051 2.20311 4.97574 1.79176 169747 0 -2.71548 0.176294 0
-51.6757 -2.74954 1.16665 2.01941 4.45271 1.54032 105372 0 -0.0215675 0.175947 0
37.87 27.7525 1.9114 2.18325 4.92981 1.79557 150112 0 1.55717 0.175915 0
-66.7005 23.2692 0.782509 2.08799 4.66195 1.57502 143233 0 1.86895 0.1755 0
67.0297 28.0214 1.16568 2.02352 4.55631 1.67217 150671 0 1.52361 0.175126 0
-70.1445 10.2706 2.47996 0.858072 1.20575 1.82816 124502 0 1.85285 0.175117 1
36.3439 27.3764 1.78604 1.85344 3.75615 1.63362 149639 0 1.48415 0.17499 0
-66.1532 23.8629 0.760942 1.80793 3.95718 1.48134 144171 0 1.84203 0.174888 0
-50.0676 -7.50874 1.56568 0.77707 0.741812 1.64191 98357 0 -1.6176 0.174687 1
-52.4402 46.9561 0.638494 0.834651 0.869071 1.73862 177910 0 1.86713 0.173667 1
67.9721 25.4223 1.24037 2.20707 4.90623 1.86763 146930 0 -1.63812 0.173492 0
-12.5928 62.2695 1.12162 2.05166 4.64991 1.63474 200498 0 1.74139 0.173387 0
-5.61209 33.517 0.968791 1.82661 4.17199 1.4305 158400 0 -1.2755 0.173147 0
24.2697 -8.60162 1.53832 0.916872 1.01539 1.72093 97185 0 1.50208 0.173076 1
-49.6535 6.24905 1.04797 0.96521 1.38567 1.75768 118482 0 1.63344 0.173059 1
54.6862 5.53792 1.33717 0.764136 0.741256 1.75185 117872 0 -1.45708 0.172454 1
55.5464 20.8559 1.18297 2.14338 4.81291 1.62618 140339 0 1.52476 0.172403 0
30.3258 54.756 1.47495 1.77553 3.90302 1.4278 189868 0 -1.6342 0.17211 0
-6.50381 33.8123 0.95834 1.7873 4.08958 1.37911 158865 0 -1.20149 0.171346 0
12.2893 29.4804 1.18236 1.98867 4.56453 1.64373 152840 0 -1.40775 0.170976 0
30.5516 28.2683 1.74943 1.95587 4.42454 1.56473 151025 0 -1.58013 0.170224 0
14.0125 37.2515 1.02127 1.75526 3.93942 1.58122 164077 0 -1.30113 0.168884 0
29.6172 27.9909 1.66842 1.95838 4.44568 1.55184 150554 0 -1.90818 0.168882 0
-3.13743 16.2791 1.02518 0.87003 0.846996 1.66659 133136 0 -2.77322 0.168708 1
-53.8268 -8.43577 1.54984 0.791264 0.801398 1.63378 96941 0 -1.4917 0.168707 1
0.389534 33.8008 0.91105 1.66722 3.66493 1.38418 158887 0 -1.34809 0.168553 0
30.8228 56.9115 1.59751 2.16482 4.98067 1.68816 192678 0 -1.52725 0.168228 0
36.6338 25.3329 1.81288 2.17325 4.75618 1.6557 146832 0 1.55496 0.167944 0
-38.1951 -2.7821 1.32132 1.42005 2.56094 1.77452 105414 0 -1.44608 0.167322 0
52.8943 3.3552 1.35217 0.839604 0.85535 1.70455 114591 0 -1.83486 0.166953 1
-52.4298 47.1137 0.685266 0.866012 0.904952 1.74188 178378 0 1.78871 0.166899 1
4.21896 45.2818 0.973795 1.7607 3.81541 1.51405 175747 0 1.77384 0.165388 0
31.7809 62.634 1.61803 2.05828 4.69121 1.62442 201105 0 -1.55483 0.165298 0
31.109 54.7744 1.49125 2.19379 5.13744 1.63675 189871 0 -1.62917 0.165145 0
-35.3107 -4.42908 1.51571 0.846473 1.76034 1.731 103083 0 -1.60144 0.164766 2
-5.64961 34.3074 1.01477 1.99581 4.54516 1.45915 159804 0 -1.33632 0.163831 0
-53.8656 -5.97495 1.47234 0.854731 1.16636 1.84701 100685 0 -0.439156 0.162462 1
30.5896 66.2092 1.73224 1.67341 3.85411 1.57288 206249 0 -1.5056 0.162452 0
11.4946 7.88421 0.817031 0.633985 0.690649 1.16955 121013 0 -2.64706 0.162412 1
-56.9007 -3.61654 1.27161 0.857861 0.920275 1.7735 103952 0 0.823513 0.162009 1
-7.19261 34.386 1.02923 1.94949 4.46657 1.44756 159799 0 1.80096 0.161812 0
31.5278 28.2607 1.77918 1.94931 4.34734 1.57491 151028 0 -1.65144 0.161151 0
59.0272 24.1458 1.12497 2.03244 4.42131 1.70756 145030 0 1.49729 0.160878 0
-26.0979 20.5399 0.918653 2.23478 5.03501 1.88369 139616 0 1.92665 0.160235 0
-58.0429 -4.63988 1.33804 1.99893 4.40296 1.70787 102544 0 0.166417 0.159845 0
-6.21873 33.5136 0.922648 1.71678 3.82998 1.35994 158398 0 -1.26628 0.158993 0
12.3096 28.4448 1.19415 2.04532 4.83767 1.65239 150968 0 -1.31885 0.158895 0
73.1648 24.5324 1.20521 1.79341 3.95642 1.54107 145542 0 1.55761 0.158583 0
3.70933 45.0711 0.968863 1.9554 4.69654 1.59193 175277 0 1.74925 0.158344 0
52.6899 3.38927 1.37044 0.855402 0.865809 1.71508 114590 0 -1.80819 0.158306 1
-57.1481 -4.00776 1.20322 1.72715 3.83887 1.69272 103483 0 0.107404 0.157298 0
-49.3186 -4.32653 1.48575 2.19083 4.90577 1.80884 103039 0 0.0787515 0.157224 0
-53.3838 -5.37563 1.5562 0.843189 0.842292 1.83505 101623 0 -1.13226 0.157158 1
31.0907 54.3397 1.57176 2.15239 5.02575 1.64162 188935 0 -1.54856 0.15673 0
56.0563 20.5553 1.16492 2.30981 5.53466 1.76658 139873 0 1.55071 0.156579 0
-1.36559 30.9432 1.12927 2.06148 4.82507 1.61317 154669 0 -2.79136 0.156469 0
36.329 31.4251 1.90869 2.1232 4.75725 1.58705 155723 0 -1.679 0.155611 0
18.6276 66.9567 1.15508 2.3199 5.53949 1.66897 207616 0 1.61223 0.155484 0
31.1469 24.8806 1.64067 2.00592 4.56631 1.60786 145879 0 -1.61473 0.155061 0
36.0004 28.2344 1.76058 1.93082 4.32929 1.50779 151042 0 1.55398 0.154832 0
-1.48832 46.6098 1.36934 1.89555 4.35864 1.61028 177601 0 -1.24507 0.154274 0
54.2895 4.40931 1.29071 0.802292 0.838009 1.65093 115999 0 1.25705 0.153806 1
55.5237 24.438 1.4441 2.2458 5.2322 1.93342 145487 0 1.61267 0.153408 0
-57.4535 -5.2718 1.40401 2.05083 4.55886 1.7243 101610 0 0.053802 0.152645 0
-13.5752 57.4036 1.06611 1.96576 4.46762 1.59082 193475 0 1.77626 0.152542 0
17.8782 30.1773 1.28839 1.83855 4.10106 1.46446 153793 0 1.58241 0.152013 0
69.5963 27.7309 0.93801 1.96393 4.34689 1.55966 150211 0 1.57163 0.151562 0
52.4574 3.92366 1.4499 0.926998 0.949407 1.84765 115525 0 -1.63872 0.150898 1
-0.917892 28.376 1.18343 1.8939 4.00426 1.79092 150927 0 1.77266 0.150875 0
30.5572 39.5504 1.77752 2.04386 4.52298 1.67493 167405 0 -1.31525 0.150048 0
1.62977 36.6077 1.02255 1.54728 3.24003 1.39474 163103 0 1.88234 0.150015 0
-53.6834 -8.23883 1.56436 0.807941 0.809478 1.69585 97410 0 -1.5194 0.149906 1
-53.2859 45.9249 0.673504 2.03204 5.12571 1.76054 176503 0 0.806919 0.149772 0
20.3325 43.3262 1.22114 0.82151 0.905065 1.67013 172989 0 -1.81171 0.149547 1
30.3555 51.9368 1.76251 1.81587 3.95744 1.54075 185656 0 -1.60586 0.148136 0
53.1888 4.04518 1.3759 0.811413 0.903634 1.71928 115528 0 -1.94952 0.14752 1
67.6678 26.0514 1.2446 2.05313 4.48972 1.80286 147865 0 -1.73899 0.147143 0
68.9821 28.2505 1.0289 2.05537 4.56988 1.61249 151145 0 1.52878 0.147107 0
13.2267 39.8517 1.24885 0.88253 0.980266 1.81804 167819 0 -1.65749 0.146569 1
-37.976 -2.80405 1.25838 1.11451 1.85727 1.74799 105415 0 -1.40156 0.145628 0
-3.29879 46.8943 1.41693 2.10879 4.77207 1.73063 178063 0 1.44544 0.145192 0
54.6502 5.32626 1.33795 0.761351 0.776263 1.71008 117404 0 -1.50906 0.145094 1
73.4857 24.2077 1.21877 1.88346 4.21383 1.55606 145075 0 1.60355 0.144599 0
-61.8775 34.8469 0.820592 1.83846 4.40787 1.56772 160096 0 -1.29139 0.143982 0
-11.6535 56.5743 1.14633 2.03386 4.57151 1.55394 192077 0 1.68099 0.143824 0
-21.8253 27.4633 1.13269 1.89464 4.23509 1.65116 149457 0 -1.01023 0.143699 0
-10.7329 61.6944 1.13024 1.93891 4.42127 1.4793 199568 0 -1.1688 0.143345 0
31.0881 22.4687 1.57984 2.10319 5.06898 1.58353 142603 0 1.52214 0.143212 0
47.8412 23.8499 1.37284 2.04439 4.67401 1.64986 144527 0 -1.51941 0.143128 0
55.8088 23.5654 1.20122 1.95449 4.41711 1.67146 144084 0 1.46811 0.143036 0
52.1165 4.44511 1.44739 0.837644 0.906756 1.81266 115992 0 -1.66794 0.142994 1
30.5678 39.8153 1.79446 2.05089 4.56144 1.62711 167873 0 -2.42879 0.142348 0
-3.61486 16.5176 1.05138 0.829357 0.859786 1.54494 133602 0 -3.0912 0.14194 1
16.7786 44.7394 1.01389 2.14822 5.03544 1.7741 174850 0 -1.10279 0.140745 0
52.9003 4.53729 1.41098 0.727053 0.787307 1.72862 116463 0 -1.96262 0.139969 1
-0.150368 33.5808 1.01631 1.99164 4.47457 1.48382 158417 0 -1.38434 0.139769 0
-61.8547 14.2857 0.575627 0.827079 1.92332 1.71437 130144 0 0.947386 0.13968 2
-38.5442 -2.7125 1.31577 1.97576 4.41242 1.75708 105413 0 -1.52196 0.139555 0
22.5331 43.0387 1.64849 2.16553 4.85339 1.81742 172528 0 -1.43945 0.139343 0
6.21362 7.43214 1.27552 0.788258 0.88013 1.76813 120529 0 -0.502041 0.139107 1
37.2814 27.4501 1.90348 2.04772 4.54684 1.74892 149642 0 1.55856 0.138984 0
-3.67638 16.7732 1.03731 0.769077 0.806046 1.45978 134070 0 -2.20786 0.138564 1
-51.4346 -4.25959 1.29308 2.20592 5.00746 1.75071 103033 0 -0.0129771 0.13853 0
49.4568 5.80781 1.41945 0.908941 0.973917 1.73576 118324 0 1.42165 0.13832 1
-8.09664 29.2309 1.23286 2.31482 5.33283 1.56799 152308 0 -1.38105 0.137659 0
52.5789 4.88734 1.48885 0.75456 0.79335 1.7412 116930 0 -1.7847 0.137512 1
18.1707 73.0183 1.33713 2.12483 4.54461 1.80149 216506 0 1.54974 0.137369 0
-49.0845 -4.85837 1.5054 2.24903 5.2351 1.88347 102104 0 0.0532186 0.137335 0
58.7473 23.8812 1.10282 1.95996 4.24854 1.68042 144561 0 1.56235 0.137186 0
15.1134 36.6887 1.20009 2.27867 5.44826 1.84344 163145 0 -1.32747 0.137181 0
73.7494 17.4644 0.992666 2.05314 4.61036 1.59134 135248 0 1.7091 0.137145 0
56.1497 24.4492 1.2658 1.97313 4.42919 1.77752 145489 0 1.73199 0.136611 0
35.3929 27.7174 1.67254 1.95893 4.42944 1.53957 150104 0 1.52843 0.136475 0
-3.13678 16.698 1.00081 0.820916 0.899146 1.51481 134072 0 -2.9769 0.135675 1
30.5861 57.642 1.56857 2.06003 4.6777 1.6327 194081 0 -1.67594 0.135627 0
-53.8467 -8.21793 1.55018 0.852873 0.909539 1.69559 97409 0 -1.44917 0.135204 1
-0.826294 31.7303 0.944447 1.96672 4.39018 1.52129 156075 0 -1.48768 0.135166 0
-2.07829 47.4239 1.38162 1.99403 4.47466 1.67327 179003 0 -1.35378 0.135097 0
-4.95835 39.4426 1.36805 1.96432 4.34788 1.49662 167294 0 1.7039 0.1349 0
67.5991 3.44359 1.21219 0.796058 0.831041 1.70658 114637 0 1.39013 0.134841 1
-51.8765 -7.51316 1.51592 0.803119 0.81366 1.71183 98351 0 -0.0536981 0.134791 1
72.2032 21.3402 1.04537 1.95502 4.32977 1.54556 140859 0 1.63741 0.13456 0
-57.0887 -3.13329 1.26728 0.907385 0.957349 1.80233 104887 0 0.288234 0.134196 1
-66.9426 24.4426 0.793885 2.2878 5.27899 1.75511 145104 0 1.85444 0.134148 0
67.3352 28.2662 1.12288 1.99345 4.42372 1.64052 151140 0 1.57732 0.133931 0
-41.4229 0.263412 1.19278 2.10372 4.53654 1.58678 109616 0 -1.48836 0.133849 0
-39.934 -6.54791 1.4395 0.798121 0.846073 1.67704 99793 0 -1.5878 0.133486 1
-57.1728 -4.61855 1.27789 1.93232 4.29839 1.66779 102547 0 0.0379041 0.133303 0
30.0294 57.342 1.60307 1.7102 3.5499 1.48664 193611 0 -1.63808 0.133217 0
-53.8302 -5.58114 1.52779 0.990686 1.47615 1.9015 101153 0 -0.55851 0.133179 1
54.4924 4.4052 1.29446 0.79441 0.813146 1.71253 116000 0 1.02471 0.133088 1
-57.4229 -3.40179 1.26025 2.00489 3.93949 1.74285 104418 0 0.0526772 0.132738 0
58.3701 3.93978 1.25207 0.76841 0.881562 1.66314 115544 0 -2.60743 0.131808 1
-46.4775 -3.07727 1.28684 2.09271 4.63426 1.58694 104920 0 3.13682 0.131726 0
1.17178 36.44 0.994932 1.79884 4.11488 1.46946 162633 0 1.81646 0.131631 0
56.4737 24.1617 1.23286 1.95632 4.40926 1.72912 145022 0 1.64392 0.131582 0
2.48122 42.2082 1.00217 1.96901 4.63512 1.51538 171061 0 1.75294 0.131384 0
66.7377 27.727 1.21603 2.07067 4.66443 1.72115 150202 0 1.49387 0.131139 0
73.4391 25.3611 1.13838 2.02778 4.57497 1.63741 146947 0 1.51994 0.131122 0
18.4081 23.6565 1.38165 2.06745 4.79938 1.54578 143967 0 1.73432 0.130288 0
29.3004 27.9763 1.72764 1.99124 4.50875 1.59315 150553 0 -1.64626 0.130268 0
-26.3268 20.0835 0.880037 2.16288 5.01968 1.8762 138679 0 1.86356 0.129998 0
-20.2986 33.0074 1.23381 2.50803 5.99652 1.78922 157886 0 -1.27468 0.129941 0
30.5651 -1.48677 1.75339 0.643102 0.591706 1.68917 107501 0 1.82206 0.129566 1
-46.0124 -3.09347 1.25238 1.98483 4.46667 1.5436 104922 0 -3.12713 0.128932 0
66.4183 25.1356 1.15348 2.13855 4.58231 1.82847 146457 0 -1.5361 0.128801 0
-1.55682 25.7567 0.980966 1.71431 3.71661 1.4492 147181 0 1.77361 0.128719 0
-52.6408 44.3812 0.517248 0.779032 0.839462 1.69003 174165 0 2.86582 0.128575 1
55.2787 20.1167 1.1379 1.75254 3.80259 1.43626 138934 0 1.67929 0.128521 0
30.28 39.5305 1.75362 2.049 4.53405 1.67962 167404 0 1.52869 0.128001 0
-53.632 -11.2432 1.54748 0.837629 0.907067 1.55682 92730 0 -0.0891242 0.127833 1
22.2708 42.7373 1.59193 2.05803 4.60766 1.73972 172059 0 -1.29506 0.127692 0
-4.51154 17.8584 0.913048 2.07734 5.18344 1.54154 135471 0 1.79571 0.12753 0
36.3869 27.0897 1.82097 0.901563 1.06956 1.64156 149171 0 1.45673 0.127408 1
17.845 66.5209 1.22111 1.88231 4.16847 1.53467 206677 0 1.59981 0.127348 0
-54.5207 -6.89561 1.56443 2.13776 4.77776 1.81662 99279 0 0.0395399 0.127328 0
67.9927 28.0353 1.07487 2.05426 4.55493 1.65484 150674 0 1.5689 0.127115 0
-10.0436 20.8943 0.987103 2.01617 4.53105 1.47512 140134 0 -1.40224 0.126878 0
31.0926 57.3734 1.62723 2.26815 5.31293 1.77113 193615 0 -1.62178 0.126738 0
30.2697 39.2191 1.73315 2.10258 4.66819 1.73872 166936 0 0.487324 0.12671 0
-11.0234 61.6924 1.05596 1.9291 4.35447 1.52433 199567 0 -0.0100743 0.126706 0
16.0937 46.9218 0.880205 2.02136 4.55535 1.58999 178124 0 -2.73409 0.12667 0
-66.4708 11.102 0.730135 0.712929 0.775749 1.15876 125450 0 1.80452 0.126449 1
67.5873 3.5863 1.16549 0.802546 0.838626 1.71157 115105 0 1.5719 0.126443 1
-10.1189 61.8813 1.21496 1.95466 4.38959 1.52568 200038 0 -1.246 0.125753 0
-57.7354 -3.40057 1.21507 2.06837 4.60046 1.74128 104417 0 -0.066175 0.125473 0
47.8559 24.484 1.31703 2.08959 4.78196 1.645 145463 0 -1.6066 0.125402 0
-53.2931 46.2114 0.709052 2.00168 5.53027 1.75716 176971 0 0.187062 0.125025 0
30.2968 25.3792 1.65885 2.11712 4.7544 1.69507 146812 0 -1.61103 0.124972 0
31.4658 40.843 2.16838 2.12825 4.73344 1.72839 169280 0 -2.50676 0.124794 0
52.4664 3.75483 1.45361 0.898801 0.930488 1.7981 115057 0 -1.68373 0.124402 1
57.4015 23.4586 1.06815 0.872559 1.12148 1.77996 144089 0 1.49957 0.124389 1
30.2934 24.8822 1.62474 2.10919 4.83733 1.68748 145876 0 -1.6128 0.124388 0
16.4952 45.8176 0.922443 1.89597 4.25446 1.53706 176721 0 -1.40966 0.124323 0
55.4155 11.435 1.24914 0.969598 1.11901 1.73111 126299 0 -1.1489 0.124163 1
58.3305 3.71384 1.27856 0.789354 1.07452 1.73171 115076 0 -1.67405 0.123769 1
30.867 60.8741 1.5116 2.07717 4.87215 1.5784 198762 0 1.50412 0.12347 0
30.894 40.498 1.91793 2.01135 4.39207 1.61066 168810 0 -2.6427 0.122996 0
-62.7817 18.0882 0.930214 2.30273 5.55237 1.86081 135757 0 1.9219 0.12283 0
-35.5733 -4.65542 1.50982 0.877084 1.73164 1.7922 102614 0 -1.61568 0.122712 2
-66.125 25.0584 0.700607 2.0279 4.4991 1.5695 146043 0 1.85853 0.122688 0
22.2782 43.3492 1.58027 1.99044 4.4031 1.72182 172995 0 -1.64635 0.122435 0
57.402 23.2871 1.0373 0.799995 0.932276 1.73845 143621 0 1.3844 0.122315 1
18.7076 30.8004 1.35972 2.12551 4.99395 1.59955 154732 0 1.76926 0.121973 0
15.9171 45.5695 0.902436 1.71864 3.75371 1.45937 176251 0 -1.28233 0.121833 0
45.5057 2.45576 0.890559 0.798614 0.859316 1.6697 113164 0 1.98049 0.121776 1
72.773 21.8467 1.20401 2.09715 4.78229 1.66476 141797 0 1.5989 0.120846 0
-53.804 -10.8246 1.57784 0.881511 0.887995 1.59943 93665 0 1.50633 0.120827 1
-38.508 -3.04033 1.31101 1.73318 3.46584 1.76669 104945 0 -1.50136 0.120725 0
11.0903 31.5957 1.15944 0.836349 0.811223 1.63724 155644 0 -1.66624 0.120202 1
23.5241 -7.18788 1.48856 0.879526 0.986116 1.70163 99055 0 -1.57746 0.120168 1
-53.5441 45.9167 0.730064 2.09972 4.8722 1.72265 176502 0 0.00293827 0.120129 0
-64.5284 23.758 0.41065 0.787456 0.882878 1.68721 144176 0 -1.08996 0.120092 1
31.4184 51.777 1.89922 2.25557 5.4133 1.80437 185192 0 -1.52736 0.119803 0
29.6213 27.3904 1.63685 1.94138 4.46022 1.52412 149618 0 -1.63742 0.119795 0
-41.4139 0.998283 1.15815 2.05608 4.50908 1.60288 111020 0 -1.5169 0.119737 0
-10.6276 18.3692 0.990881 2.05519 4.78853 1.50684 136388 0 -1.36548 0.119405 0
-38.2493 -2.41607 1.29114 1.90392 4.37082 1.74905 105882 0 -1.45774 0.119209 0
67.4634 3.45019 1.17646 0.782491 0.846735 1.70688 114636 0 1.35203 0.118488 1
30.5303 39.2391 1.77663 2.07869 4.60329 1.72758 166937 0 -0.549425 0.118404 0
48.1234 24.1765 1.27626 2.02897 4.60821 1.62459 144996 0 -1.57976 0.118324 0
31.1757 39.5201 1.83291 2.01715 4.54582 1.66639 167407 0 -1.45266 0.118175 0
30.2563 26.7665 1.61594 1.94634 4.32754 1.54307 148684 0 -1.67563 0.118013 0
-11.6958 57.3306 1.23456 2.23768 5.22442 1.62677 193481 0 1.74168 0.11775 0
-22.5614 27.9258 1.06248 2.23125 5.08376 1.67583 150391 0 1.82412 0.117622 0
