-26.6779 11.9714 0.926121 2.2849 4.96798 1.84565 126978 0 -1.32051 0.95057 0
-11.0172 12.9781 0.809572 2.11266 4.93562 1.51745 128431 0 -1.36176 0.932002 0
17.4673 14.9387 1.48261 1.98811 4.56399 1.72369 131328 0 1.5716 0.931766 0
-1.50249 3.9342 0.787237 2.01223 4.59571 1.55544 115357 0 1.5547 0.929272 0
9.37646 21.3307 1.12444 2.17339 5.28461 1.70527 140663 0 1.81489 0.927832 0
47.5932 20.973 1.45436 2.18754 4.9948 1.86549 140314 0 -1.58965 0.921502 0
-10.762 15.512 1.06958 2.40554 5.72899 1.93326 132176 0 -1.36926 0.915721 0
-20.559 -1.1796 1.1581 2.27448 5.06681 1.94176 107809 0 2.33532 0.913591 0
17.8329 18.5215 1.43571 2.15563 4.85129 1.76773 136477 0 1.62505 0.909551 0
-6.67431 -5.3208 0.845698 2.06762 4.73094 1.53723 101769 0 -0.042508 0.907922 0
17.7783 26.7711 1.47436 2.19141 5.05477 1.94702 148645 0 1.67236 0.907638 0
-1.45645 -5.81989 0.76191 2.05117 4.47349 1.64552 100849 0 0.00702555 0.906728 0
-5.52429 11.7564 0.909996 1.92754 4.25031 1.58371 126576 0 1.78462 0.900918 0
-4.11141 -5.65952 0.812673 2.05347 4.49643 1.60826 101309 0 -0.0178219 0.900483 0
18.1145 21.1822 1.42043 2.21063 4.94784 1.82022 140690 0 1.64037 0.893703 0
1.53687 -5.06971 0.887822 2.24254 4.82325 1.8931 102262 0 0.00457012 0.890792 0
68.0014 18.3548 1.1015 2.04834 4.53964 1.71816 136634 0 -1.51498 0.888072 0
7.18956 13.2083 0.820906 2.10443 4.93657 1.48402 128956 0 -1.35582 0.883502 0
-11.7842 10.2071 1.02263 2.21729 4.94518 1.90327 124217 0 -1.33398 0.88095 0
35.1146 18.7911 1.65053 2.0529 4.81954 1.77713 136999 0 1.54741 0.877803 0
8.49282 18.6849 0.89559 1.92494 4.46524 1.48435 136916 0 -1.33677 0.871877 0
30.1709 18.8286 1.50539 1.95613 4.6289 1.55986 136984 0 -1.5318 0.870943 0
-1.71699 28.5848 1.07038 2.19181 5.09069 1.90381 151392 0 1.77991 0.862163 0
-5.08086 15.4092 0.79713 2.04634 4.68681 1.4211 132194 0 -1.27779 0.858726 0
-25.1759 16.9098 0.752269 1.84559 4.16771 1.55996 134003 0 1.87348 0.854908 0
-3.32117 20.7094 0.837913 1.94052 4.61216 1.45734 139687 0 1.79602 0.840304 0
8.24194 15.8077 0.856827 2.00578 4.6161 1.43828 132703 0 -1.43595 0.839191 0
-32.1965 0.558365 1.00515 2.11165 4.4774 1.53916 110113 0 -1.62335 0.833284 0
10.6701 23.776 1.20374 2.14311 4.72858 1.78589 144411 0 -1.40785 0.832922 0
1.13048 39.9453 0.945213 2.0084 4.57533 1.69916 167781 0 1.89132 0.830045 0
-30.5779 15.9343 0.866511 2.18621 4.5777 1.81976 132582 0 -1.26949 0.829587 0
-43.3358 17.2052 0.875886 2.19723 5.20211 1.96908 134414 0 -1.28679 0.827956 0
-31.7787 10.1777 0.741021 2.01223 4.29087 1.59348 124154 0 1.88625 0.826688 0
-3.44257 23.4162 1.00535 1.98545 4.60481 1.6883 143899 0 1.79808 0.825661 0
30.5438 21.9791 1.43752 1.89593 4.42979 1.41313 141665 0 -1.52103 0.820577 0
18.0431 23.9404 1.25705 2.11553 4.90283 1.55259 144434 0 1.71384 0.82044 0
-7.49384 29.0538 1.02034 2.00738 4.45803 1.56137 151842 0 -1.39065 0.818339 0
13.18 31.7465 1.27385 2.21073 5.17637 2.03242 156119 0 -1.301 0.816064 0
-8.14127 26.3662 0.884474 1.98523 4.6657 1.43156 148096 0 -1.35657 0.813147 0
-9.46107 20.6607 0.836907 2.01687 4.63751 1.45997 139668 0 -1.33527 0.811836 0
-41.0298 25.0667 0.852167 2.42695 6.05063 2.12195 146121 0 -1.24776 0.810838 0
-61.3107 20.8943 0.864763 2.03946 4.38789 1.68609 139974 0 1.92104 0.809914 0
3.62331 45.5205 0.783235 2.04926 4.7688 1.58351 176213 0 1.86327 0.80576 0
55.2399 20.2475 1.13368 1.95252 4.38758 1.52947 139402 0 1.5821 0.805628 0
-0.430534 34.0248 0.882789 2.1573 4.9768 1.56952 159352 0 -1.30616 0.80514 0
-22.8735 22.4555 0.869313 2.08666 4.52826 1.60622 142434 0 -1.3221 0.796912 0
36.0112 21.8572 1.51128 1.98886 4.53464 1.53023 141682 0 1.62223 0.796354 0
3.94009 48.4308 1.0366 1.99388 4.46957 1.8138 180426 0 1.8721 0.7947 0
2.45057 42.4608 0.782786 2.00732 4.6362 1.49339 171529 0 1.80976 0.792633 0
-3.5974 16.4948 0.895216 0.853037 0.839727 1.63598 133602 0 -1.67112 0.787894 1
-2.36981 25.8526 0.880408 1.99018 4.73101 1.46284 147178 0 1.74905 0.774383 0
68.0018 21.2709 0.914306 1.95486 4.4483 1.45431 140846 0 1.60827 0.772954 0
0.806923 36.8712 0.797205 2.01761 4.74925 1.51673 163568 0 1.89244 0.770653 0
52.2846 3.62635 1.4357 0.956005 1.02015 1.92674 115057 0 1.517 0.769209 1
-4.36919 17.8358 0.829538 1.98482 4.51103 1.49378 135472 0 1.84598 0.756203 0
-45.224 12.089 1.00329 2.18601 4.79785 1.9338 126920 0 1.78376 0.754156 0
-49.8248 6.46098 0.962672 0.856679 0.941644 1.74426 118950 0 -2.3308 0.742667 1
11.99 28.9544 1.00983 1.98969 4.59117 1.53297 151903 0 -1.3635 0.735063 0
18.466 63.7687 0.935558 1.9738 4.44285 1.54477 202935 0 1.63819 0.72041 0
18.093 66.7573 0.949954 2.01695 4.68154 1.61505 207146 0 1.57003 0.704717 0
-9.08055 23.8472 0.866587 2.05428 4.7784 1.4677 144349 0 -1.32682 0.701302 0
-10.3843 18.3088 0.853047 2.05783 4.8542 1.4644 136389 0 -1.30313 0.688114 0
-62.1914 35.4487 0.554935 2.04709 4.68717 1.72013 161031 0 -1.23967 0.673425 0
-6.86783 31.5625 0.823866 2.01454 4.62879 1.44847 155588 0 -1.40095 0.672647 0
15.1687 39.5417 1.07862 2.14626 4.89328 1.96867 167357 0 -1.29765 0.666771 0
18.3781 29.5879 1.22068 2.07208 4.80267 1.57753 152859 0 1.76399 0.648742 0
-63.5106 15.5068 0.780659 1.84895 4.13027 1.517 132011 0 1.87005 0.63868 0
35.974 24.8251 1.61097 2.06576 4.63883 1.57625 145894 0 1.62517 0.637477 0
57.4398 3.27697 1.31433 0.927268 1.08656 1.85605 114605 0 -1.69026 0.618215 1
54.2261 4.40312 1.11398 0.759502 0.754228 1.52509 115999 0 -1.55537 0.609127 1
30.6169 66.3688 1.50309 1.94383 4.36509 1.60706 206717 0 -1.56375 0.603226 0
30.2776 57.0581 1.31372 1.87378 4.20739 1.48392 193144 0 -1.59465 0.596782 0
30.6008 60.0293 1.19355 1.89876 4.28574 1.46919 197357 0 -1.58753 0.580224 0
-41.4489 0.832199 1.09008 2.16104 4.64184 1.55875 110552 0 -1.63115 0.574499 0
-46.5929 -3.98887 1.31416 1.98814 4.37731 1.55684 103516 0 -0.0381525 0.562401 0
54.669 11.2425 1.30374 0.977458 0.957599 1.69553 126296 0 0.336958 0.559743 1
30.6055 51.671 1.5594 1.99588 4.43528 1.65199 185189 0 -1.50681 0.556759 0
-21.294 27.6459 1.00762 2.39811 5.72452 1.9358 149927 0 -1.33316 0.550777 0
-1.12807 31.2252 0.934117 1.97178 4.49389 1.55909 155138 0 -1.44406 0.547521 0
-31.4697 60.2152 0.508833 2.19183 5.35071 1.67488 197631 0 -1.26936 0.547234 0
21.2263 -8.49736 1.78724 0.841539 0.7904 1.69737 97176 0 3.06786 0.545161 1
-62.5323 18.132 0.712592 1.94175 4.39288 1.52828 135758 0 1.84816 0.542904 0
14.2526 36.936 1.03396 2.01618 4.65761 1.73415 163610 0 -1.27583 0.541535 0
31.213 63.1855 1.23824 1.96743 4.4867 1.4952 202039 0 -1.60936 0.541021 0
49.0922 5.30379 1.36326 0.839256 0.911402 1.72195 117387 0 1.41268 0.531153 1
30.5453 54.3165 1.37045 1.94379 4.42975 1.50399 188933 0 -1.51385 0.530101 0
18.9988 69.639 1.09573 2.10875 4.77718 1.74605 211361 0 1.5427 0.528407 0
-20.2746 32.8111 0.968874 2.36218 5.48668 1.74068 157418 0 -1.30507 0.514643 0
-38.5291 -2.9594 1.27357 0.82414 0.841604 1.79939 104945 0 -1.56859 0.506904 1
-49.1892 -3.99298 1.39677 2.01485 4.33243 1.63482 103508 0 -0.00345 0.497676 0
51.7369 5.30962 1.31098 0.785216 0.842517 1.75669 117395 0 1.63765 0.495037 1
-62.2802 18.3391 0.70778 1.81307 4.09584 1.47657 136227 0 1.90841 0.494357 0
21.6907 -7.43613 1.47939 0.881183 0.964719 1.65471 98581 0 -1.63811 0.480944 1
-38.5268 -2.81261 1.27981 0.792014 0.815338 1.77169 105413 0 -1.51515 0.470163 1
54.4483 5.23348 1.26139 0.80023 0.793381 1.73967 117404 0 -1.4909 0.465948 1
-26.1248 20.2811 0.861235 1.98872 4.35607 1.7465 139148 0 1.88946 0.458197 0
-9.41461 64.223 1.06265 1.92486 4.33705 1.59218 203316 0 -1.33111 0.44963 0
35.0321 30.6324 1.73505 1.87337 4.1557 1.40098 154315 0 1.59172 0.4444 0
-2.37475 47.2033 1.13359 2.09082 4.60092 1.79418 178534 0 -1.17181 0.444055 0
-4.3121 39.1264 1.1242 1.92672 4.38473 1.46409 166828 0 -1.26215 0.443387 0
18.116 29.8838 1.16509 2.01496 4.61037 1.5134 153326 0 1.71753 0.43898 0
-22.2294 27.9049 0.995306 2.13437 4.55373 1.68227 150392 0 1.79375 0.428082 0
-11.354 61.9821 0.748636 1.95466 4.43171 1.4684 200034 0 -1.3042 0.419006 0
-35.7603 -4.56773 1.44815 0.848587 1.42857 1.76697 102614 0 -1.6171 0.418304 2
-6.26487 34.3608 0.871809 1.99055 4.50539 1.42713 159802 0 -1.36115 0.414157 0
-24.4949 19.7237 0.820986 2.0881 4.72803 1.73749 138217 0 -1.25823 0.412059 0
16.4809 45.2467 0.709765 1.93177 4.39784 1.59244 175785 0 -1.30045 0.409184 0
-46.6314 -3.07411 1.24508 2.0217 4.41921 1.55065 104920 0 3.10948 0.406157 0
30.5495 48.476 1.62698 2.09276 4.7287 1.68218 180509 0 -1.43643 0.40478 0
-49.9523 6.47062 0.954748 0.893744 0.973727 1.76175 118949 0 -2.58733 0.40361 1
2.71198 42.2089 0.77529 1.75152 3.88782 1.44839 171062 0 1.79736 0.398678 0
11.2604 10.4189 1.15284 0.809252 0.911116 1.74902 124757 0 -1.41674 0.396813 1
51.9225 4.36895 1.52519 0.968406 1.03588 2.01342 115992 0 1.52884 0.387752 1
73.1148 18.0759 0.992521 1.79413 4.04805 1.45956 136182 0 1.6417 0.386659 0
-10.0605 64.4537 1.08987 2.07046 4.73578 1.63335 203782 0 1.78188 0.385 0
-6.55627 34.1185 0.858543 1.93546 4.48942 1.3993 159333 0 -1.33324 0.37958 0
-12.0133 57.1554 0.869797 2.14121 4.90123 1.77265 193012 0 1.83469 0.371632 0
35.3547 30.6258 1.75318 1.8756 4.16716 1.4202 154316 0 -1.01911 0.366629 0
-63.2615 15.2936 0.799666 1.58988 3.36631 1.40305 131544 0 1.89399 0.366358 0
18.3888 72.8315 1.05998 2.10178 4.78896 1.75495 216039 0 1.53948 0.360554 0
-11.6477 62.0022 0.738211 1.96869 4.46295 1.48357 200033 0 1.51086 0.357875 0
-52.9434 46.158 0.438279 0.887454 0.843967 1.72209 176972 0 -1.37422 0.355889 1
36.5751 28.363 1.68736 0.758968 0.703046 1.73477 151044 0 1.36569 0.349539 1
14.94 39.3034 1.06336 1.99969 4.46204 1.87733 166888 0 -1.23727 0.347701 0
-2.10559 47.4582 1.1336 2.06317 4.60892 1.74828 179003 0 -1.21326 0.345062 0
35.6583 30.7943 1.74362 1.94711 4.31087 1.44507 154785 0 -1.5213 0.344891 0
31.2011 63.4258 1.25162 2.02913 4.61625 1.52992 202507 0 2.44954 0.340023 0
51.9144 5.85942 1.27027 0.825947 0.853952 1.66781 118332 0 1.58104 0.339927 1
57.421 3.17437 1.3085 0.953408 1.35475 1.87493 114137 0 -1.67329 0.339777 1
-61.9138 14.823 0.414346 0.833401 1.82964 1.74281 131080 0 0.597291 0.338588 2
23.8651 -8.73099 1.54017 0.921005 0.995541 1.67187 96716 0 1.54084 0.337856 1
52.3708 3.9714 1.37558 0.796234 0.907163 1.84664 115525 0 1.55658 0.337003 1
16.2253 44.9959 0.710797 1.83759 4.15742 1.54611 175316 0 -1.20916 0.331755 0
-35.767 -4.42937 1.50064 0.867105 1.61532 1.76221 103082 0 -1.56127 0.325736 2
-1.86632 25.7696 0.854807 1.74524 3.80769 1.41004 147180 0 1.76438 0.3251 0
-8.0994 29.2326 1.04261 2.21287 5.05241 1.59832 152308 0 -1.40862 0.324197 0
51.7726 5.58985 1.32366 0.934538 0.942795 1.77214 117863 0 1.60306 0.323636 1
-11.7061 57.1042 0.894804 2.14699 4.85064 1.78697 193013 0 1.57391 0.320528 0
-0.871475 31.4484 0.864434 1.84524 4.0668 1.49553 155607 0 -1.39908 0.316077 0
13.9916 36.6885 1.00552 1.89927 4.32843 1.65891 163141 0 -1.24072 0.31375 0
11.2647 7.84019 0.783481 0.641129 0.696767 1.13053 121013 0 -3.02972 0.309931 1
-11.0867 62.1359 0.775002 1.95827 4.41611 1.46093 200503 0 1.58336 0.306326 0
36.3303 26.9999 1.65957 0.732634 0.740916 1.76075 149171 0 1.76381 0.302867 1
-66.3922 25.0851 0.589477 1.98361 4.47178 1.48003 146042 0 -0.71612 0.298487 0
30.2808 48.2103 1.61252 2.07518 4.64902 1.65057 180040 0 -1.37946 0.298334 0
17.8002 72.7967 1.01803 1.8256 4.0234 1.59985 216037 0 1.50511 0.297851 0
-11.9838 62.2005 0.729683 2.01005 4.54731 1.54004 200500 0 1.77404 0.297287 0
57.6963 3.33673 1.28538 0.968389 1.07196 1.83201 114606 0 -1.64372 0.297045 1
-38.3511 -2.97334 1.23727 0.853675 0.944507 1.8114 104946 0 -1.56396 0.293194 1
-57.7833 -3.99328 1.23165 2.06002 4.56145 1.70961 103481 0 -0.016351 0.29069 0
51.8889 5.65357 1.3305 0.953015 0.937725 1.7402 117864 0 1.59051 0.287308 1
21.1014 -8.48646 1.77039 0.894777 0.843453 1.70997 97175 0 -2.68047 0.28721 1
-3.63451 16.6707 0.929929 0.888619 0.911192 1.56183 134070 0 -1.92973 0.287168 1
55.4885 20.5299 1.15046 2.171 4.97666 1.62767 139871 0 1.58193 0.286299 0
14.638 39.7859 1.08055 1.77893 3.88518 1.81168 167823 0 -1.31934 0.284596 0
15.1747 40.0731 1.05065 2.1485 4.91284 1.96291 168293 0 -1.39659 0.283948 0
-10.7789 61.9311 0.796418 1.9732 4.42405 1.46764 200036 0 -1.25432 0.282127 0
-6.85623 31.3143 0.833381 1.80707 3.89809 1.42427 155120 0 -1.40712 0.281693 0
52.553 3.98177 1.32586 0.783394 0.857309 1.75077 115526 0 1.57622 0.281361 1
-40.4584 -6.30556 1.36157 0.790458 0.826384 1.62271 100259 0 -1.60528 0.281214 1
0.0585861 34.0145 0.780424 1.86759 4.07499 1.44769 159354 0 -1.26676 0.281158 0
-19.0469 53.9169 1.06805 2.00324 4.52715 1.5672 188310 0 -1.09944 0.280314 0
18.0788 72.5419 0.998859 1.81629 4.08005 1.60817 215570 0 1.56408 0.280285 0
30.947 62.9451 1.21376 1.72656 3.85212 1.43528 201570 0 -1.57682 0.279012 0
34.4711 30.8144 1.68074 1.97042 4.45676 1.45779 154781 0 1.66945 0.276444 0
-2.66619 46.9128 1.11456 2.08503 4.62523 1.79119 178065 0 -1.15704 0.273896 0
73.3921 18.3364 1.02226 2.06702 4.65728 1.61229 136651 0 1.55156 0.273383 0
-58.0552 -3.38476 1.15303 2.04839 4.69218 1.75342 104416 0 -0.138888 0.272645 0
-63.7868 15.2869 0.804451 1.99884 4.49804 1.56165 131542 0 1.91848 0.271533 0
54.3509 5.07422 1.16484 0.814644 0.829929 1.68667 116935 0 -1.57836 0.270488 1
11.1634 7.83608 0.793352 0.621328 0.688955 1.156 121012 0 2.6701 0.27034 1
-66.4069 24.8435 0.597174 1.90047 4.26299 1.45484 145574 0 1.66297 0.270133 0
18.7157 64.0383 0.956747 2.2161 5.04482 1.66373 203404 0 1.62384 0.268065 0
-66.1257 25.0754 0.599732 1.8942 4.2072 1.45735 146043 0 -1.36176 0.265453 0
-54.0092 -10.6716 1.42853 0.795241 0.817647 1.64877 93665 0 -1.72633 0.263938 1
-7.46305 31.7611 0.944592 2.02384 4.47464 1.44051 156054 0 -1.41803 0.262203 0
49.0964 5.47051 1.37494 0.871634 0.938078 1.74613 117855 0 1.43615 0.261969 1
-0.853966 30.9657 0.955335 1.86188 4.08988 1.54738 154671 0 -1.47687 0.261936 0
73.4296 21.5994 1.15778 1.88198 4.19766 1.49877 141331 0 1.60297 0.261167 0
-53.9354 -5.33781 1.70916 0.841476 0.865394 1.82827 101621 0 -1.0822 0.260505 1
66.707 27.7052 1.01304 1.96957 4.45208 1.61687 150202 0 1.47741 0.258753 0
-7.17204 34.4033 0.876812 1.94653 4.52655 1.42189 159799 0 -1.00968 0.258681 0
18.3818 30.1765 1.16645 2.13574 5.10279 1.56646 153795 0 1.71394 0.258149 0
52.5339 3.70007 1.38255 0.917125 0.951695 1.83678 115058 0 1.52598 0.255449 1
-25.086 19.9641 0.875901 2.17124 4.87076 1.80749 138683 0 -1.38725 0.254551 0
36.2978 27.6539 1.69799 2.13891 5.15707 1.8989 150107 0 1.63799 0.253236 0
73.4368 20.9627 1.15048 1.87424 4.20022 1.48839 140395 0 1.56314 0.25114 0
-19.3167 53.9303 1.05736 2.02236 4.64181 1.57798 188309 0 1.67479 0.250286 0
-38.3473 -2.80456 1.25071 0.849245 0.942563 1.81188 105414 0 -1.56568 0.249405 1
-49.3791 -3.41452 1.30421 2.1314 4.75062 1.66769 104443 0 0.103722 0.248816 0
-60.9893 26.7189 0.796417 1.96401 4.39124 1.67692 148399 0 1.96106 0.24867 0
14.8162 36.656 1.1092 2.26346 5.375 1.8402 163144 0 -1.29188 0.248634 0
-42.3482 0.823212 1.16542 2.19116 4.7001 1.66143 110549 0 -1.62436 0.247792 0
-12.95 57.432 0.85136 2.09199 4.66007 1.69998 193477 0 1.89363 0.247659 0
-58.0533 -4.31173 1.3179 2.07284 4.62864 1.70058 103012 0 0.073565 0.245361 0
67.669 24.8252 1.08115 2.09657 4.62165 1.80804 145993 0 -1.62217 0.244944 0
48.924 5.29021 1.37539 0.874352 0.957348 1.71911 117386 0 1.4366 0.244223 1
1.31783 36.6379 0.853075 1.64878 3.4266 1.40415 163102 0 1.85394 0.243397 0
-1.38129 30.9607 0.994255 2.00672 4.60716 1.62664 154669 0 -1.67132 0.241943 0
14.5284 36.3886 1.11291 2.20289 5.15773 1.7806 162675 0 -1.24964 0.24174 0
36.3401 26.8106 1.67622 0.709136 0.636658 1.69743 148703 0 -1.30486 0.240445 1
30.8749 27.6778 1.62377 1.96617 4.37264 1.55399 150090 0 -1.55176 0.239859 0
23.8637 -8.58543 1.52646 0.908676 0.979909 1.66388 97184 0 2.16989 0.239084 1
36.6294 27.626 1.68547 2.19474 5.17492 1.90761 150108 0 -2.62096 0.238111 0
51.9207 4.53595 1.52765 0.891104 0.966127 1.96732 116460 0 1.5359 0.237469 1
31.1166 51.452 1.61311 2.2749 5.29788 1.83026 184723 0 -1.44736 0.234357 0
73.3843 17.8208 0.973961 1.91271 4.37535 1.51151 135715 0 1.70611 0.233904 0
30.5242 57.3261 1.26416 2.08353 4.77456 1.58288 193613 0 -1.62559 0.23353 0
-46.3325 -3.70541 1.28897 2.00988 4.50739 1.52873 103985 0 -0.208329 0.232997 0
17.8195 66.5161 0.975292 1.77086 3.92538 1.56331 206677 0 1.55837 0.23202 0
-2.85506 20.5495 0.882448 1.61854 3.44012 1.38658 139689 0 1.80902 0.231748 0
-61.2648 26.4259 0.832938 1.99678 4.49429 1.71007 147930 0 1.89996 0.23129 0
21.2485 -8.66266 1.81231 0.844952 0.827086 1.68071 96708 0 -2.72482 0.230836 1
-11.0661 56.8691 0.77054 2.35318 5.65603 1.98276 192547 0 -1.27785 0.230624 0
8.23788 18.5362 0.906999 1.73482 3.80751 1.46398 136447 0 -1.32612 0.229764 0
41.4938 1.72785 1.54195 0.794153 0.866257 1.4553 112215 0 -3.13468 0.22925 1
67.3485 25.0983 1.11382 2.17665 4.8562 1.85147 146460 0 -1.63428 0.228999 0
66.7129 25.1408 1.11688 2.32497 5.46105 1.91127 146458 0 1.41937 0.228208 0
14.5057 37.1937 1.06923 2.12977 4.97387 1.79903 164079 0 -1.31415 0.227863 0
21.8025 -7.32855 1.48014 0.907786 1.07022 1.69076 99050 0 -1.60834 0.22642 1
-6.5726 33.8167 0.854131 1.75682 3.90987 1.35989 158865 0 -1.33901 0.226146 0
-62.1295 14.5932 0.412242 0.847414 1.94534 1.72117 130611 0 0.74612 0.224018 2
29.9657 48.7476 1.5807 1.97114 4.32186 1.57319 180975 0 -1.4819 0.222612 0
-63.2837 15.7157 0.767735 1.76738 3.85738 1.48659 132480 0 1.93702 0.221328 0
72.814 24.7983 1.02803 1.7986 4.01649 1.55418 146009 0 1.54502 0.21983 0
30.9425 63.4313 1.2023 1.8651 4.18488 1.47944 202506 0 1.63268 0.219437 0
18.4899 69.8353 1.08301 2.03006 4.51004 1.72081 211827 0 1.53908 0.218701 0
30.572 27.3807 1.59178 1.94191 4.28742 1.53826 149621 0 -1.56632 0.217964 0
23.1423 -7.25361 1.38332 0.850753 0.998681 1.62382 99054 0 -1.64296 0.217749 1
36.2485 30.5935 1.75384 2.09907 4.75284 1.59774 154319 0 -1.48318 0.217709 0
-4.61078 18.3051 0.774113 1.94953 4.7505 1.5158 136407 0 1.8792 0.21755 0
36.576 28.5368 1.72972 0.79228 0.726316 1.73969 151512 0 1.25153 0.217411 1
73.7553 21.2806 1.17519 1.90162 4.22068 1.52968 140864 0 1.59875 0.217101 0
24.0528 -8.73711 1.57907 0.902455 0.960072 1.69937 96717 0 1.66311 0.214694 1
-9.72433 24.0833 0.900324 2.13404 4.92121 1.46984 144815 0 -1.40879 0.21469 0
30.5696 27.9856 1.60143 1.94613 4.3193 1.52688 150557 0 -1.54379 0.213606 0
-3.6011 16.2955 0.904428 0.898886 0.880925 1.65188 133134 0 -1.44512 0.212606 1
-7.15016 34.1335 0.877091 1.86589 4.3173 1.38043 159331 0 -1.31577 0.210968 0
-54.0101 -10.4958 1.45855 0.837438 0.882185 1.67391 94133 0 -1.68153 0.210528 1
-11.6742 56.8904 0.833791 2.07015 4.80951 1.79011 192545 0 -1.06589 0.210225 0
16.7493 44.7091 0.867104 2.19324 5.18097 1.83478 174850 0 -1.19233 0.208567 0
36.4242 28.3494 1.70468 0.74282 0.724525 1.75192 151043 0 1.50755 0.20756 1
10.2072 23.6248 1.22708 1.86053 3.91467 1.7348 143941 0 -1.33172 0.207426 0
35.3636 27.7047 1.52914 2.01519 4.76746 1.64143 150104 0 1.64721 0.206644 0
52.2981 4.26757 1.44139 0.826606 0.913259 1.84005 115993 0 1.61241 0.205685 1
-17.1306 40.7634 0.638807 2.02379 4.53179 1.53103 169128 0 1.95325 0.204978 0
54.0627 4.39508 1.14283 0.805298 0.834547 1.62168 115998 0 -1.55204 0.204913 1
-40.4497 -6.45415 1.38364 0.815604 0.832201 1.64859 99791 0 -1.56209 0.204399 1
68.9618 27.962 0.782947 2.00174 4.40809 1.5563 150677 0 1.49421 0.203009 0
-49.3664 -4.5584 1.35852 2.01435 4.39658 1.59263 102571 0 -0.0188732 0.201763 0
73.1438 20.6979 1.10073 1.86657 4.18891 1.49577 139926 0 1.57251 0.201716 0
-57.4847 -4.30992 1.2862 1.9863 4.36108 1.63421 103014 0 -0.03787 0.20085 0
16.2047 45.5422 0.700761 1.792 4.04612 1.50544 176252 0 -1.3528 0.200643 0
29.6384 48.4831 1.53107 2.0448 4.63653 1.61944 180506 0 -1.40793 0.200149 0
-57.7842 -3.08479 1.14642 2.01695 4.43634 1.71418 104885 0 -0.201313 0.199148 0
16.7325 45.5362 0.819827 2.08566 4.79702 1.68838 176254 0 -1.37262 0.198816 0
55.1758 19.791 1.10377 1.74261 4.07607 1.4889 138466 0 1.68745 0.198383 0
30.0031 54.4683 1.31694 1.61356 3.39916 1.35606 189399 0 -1.5911 0.19619 0
67.4836 21.2484 0.873351 1.71632 3.5589 1.32496 140844 0 1.54565 0.195563 0
30.317 66.1932 1.45155 1.63016 3.5671 1.57211 206248 0 -1.55774 0.195498 0
72.8151 24.5029 1.03731 1.73426 3.8758 1.52263 145541 0 1.55975 0.195448 0
58.0167 3.61304 1.17452 0.722233 0.783978 1.52227 115075 0 -2.09664 0.195416 1
-18.3922 53.3201 0.97708 1.9729 4.55625 1.58237 187376 0 -1.13769 0.193106 0
18.4787 69.36 1.02567 1.99655 4.53586 1.66845 210891 0 1.55452 0.192869 0
-57.4606 -3.08316 1.18008 1.2419 1.80373 1.69184 104886 0 -0.446202 0.192869 1
73.7485 21.8823 1.21586 1.9809 4.41953 1.56243 141800 0 1.56088 0.192471 0
54.4185 4.39279 1.14577 0.807623 0.82827 1.55696 116000 0 -1.59306 0.19186 1
18.4078 73.359 1.10336 2.33337 5.36049 1.94218 216975 0 1.42436 0.190934 0
69.2727 27.7144 0.73308 1.95672 4.2801 1.53461 150210 0 1.54946 0.190779 0
-17.4021 40.4979 0.710818 2.04226 4.59501 1.54412 168659 0 1.86023 0.190766 0
-7.48045 34.4145 0.910491 1.95518 4.47349 1.4365 159798 0 1.738 0.190749 0
51.723 5.0554 1.33579 0.785422 0.843917 1.80666 116927 0 1.56503 0.19062 1
-60.3283 26.4103 0.731128 1.99459 4.49429 1.61301 147933 0 1.90971 0.190377 0
-51.9602 -4.62081 1.20321 2.09001 4.71044 1.64299 102563 0 -0.0442488 0.189315 0
-3.92005 16.5089 0.939033 0.859231 0.86543 1.5903 133601 0 -1.90659 0.1878 1
49.0888 5.07103 1.36691 0.892032 0.970502 1.73913 116919 0 1.39814 0.186934 1
18.6281 66.9457 0.929006 2.29652 5.54729 1.75968 207616 0 1.59437 0.1869 0
31.1051 60.2419 1.21861 2.18892 5.08916 1.60159 197827 0 -1.6218 0.186717 0
-66.384 25.3547 0.574069 2.08387 4.73861 1.53291 146510 0 -1.00566 0.183361 0
72.8807 17.8229 0.949206 1.48182 3.27958 1.35077 135713 0 1.70378 0.182537 0
35.0337 27.971 1.5762 1.98942 4.58162 1.6065 150571 0 1.67247 0.182119 0
13.0226 31.3275 1.2857 2.07454 5.03698 2.01757 155182 0 -1.28987 0.181579 0
-64.0874 15.7619 0.839527 2.19508 5.26656 1.71278 132477 0 1.86571 0.180601 0
-48.8712 -3.71434 1.3406 2.06431 4.71343 1.71772 103977 0 0.690995 0.180043 0
11.2659 10.5784 1.163 0.828602 0.997015 1.7627 125225 0 -1.44295 0.179704 1
-46.345 -3.3962 1.23522 1.99646 4.57054 1.53409 104453 0 -2.65063 0.179621 0
-3.77317 39.0879 1.07785 1.88362 4.41291 1.50282 166830 0 -1.27001 0.179111 0
30.7728 56.8818 1.32841 2.16446 5.08412 1.6366 192678 0 -1.52534 0.17876 0
12.0072 28.4362 1.05389 2.05462 4.8454 1.6106 150967 0 -1.31991 0.178129 0
-6.83777 33.8025 0.879604 1.0638 1.95154 1.36366 158864 0 -1.35606 0.177765 0
-58.3169 -4.00342 1.26997 2.07727 4.63212 1.71352 103479 0 0.127715 0.177239 0
30.244 28.3019 1.59599 1.93204 4.37592 1.52639 151024 0 -1.5244 0.176583 0
73.1276 23.8397 1.08814 1.85758 4.14786 1.55257 144606 0 1.54812 0.175937 0
-59.6911 26.3983 0.703381 2.00758 4.50914 1.61545 147935 0 1.61998 0.175351 0
-26.6563 20.5808 0.803298 2.18535 5.07644 1.83722 139614 0 1.88871 0.175215 0
-54.5428 43.388 0.756411 2.12132 4.7299 1.6744 172755 0 -2.4608 0.175056 0
37.2654 27.3904 1.74692 2.12735 4.93164 1.8706 149642 0 -1.52214 0.174858 0
57.235 3.27317 1.31757 0.931226 1.37909 1.8733 114604 0 -1.66257 0.173726 1
-66.6971 24.5321 0.597775 1.98279 4.4518 1.48135 145105 0 1.74324 0.173705 0
-10.4269 18.592 0.868233 1.8781 4.11261 1.3952 136857 0 -1.31083 0.173406 0
36.941 24.8315 1.67158 2.0045 4.4701 1.64195 145897 0 -1.55411 0.173159 0
66.0918 25.1381 1.07225 2.15234 4.85326 1.7823 146456 0 1.53326 0.173142 0
18.1151 30.4843 1.13223 2.07053 4.78133 1.56649 154262 0 1.71061 0.172966 0
31.1173 51.9038 1.52774 2.30654 5.32616 1.81608 185659 0 -1.5978 0.172584 0
-60.6581 26.1196 0.757709 1.94322 4.28324 1.5978 147464 0 1.91666 0.1724 0
-48.1839 -3.94218 1.39311 2.07347 4.49494 1.74102 103511 0 -1.52278 0.171931 0
-5.64557 34.1126 0.898944 1.99572 4.51378 1.49105 159336 0 -1.34135 0.171316 0
-3.01728 46.5495 1.10625 1.91056 3.89088 1.74226 177596 0 -1.25659 0.170431 0
-48.8919 -4.28314 1.37469 1.9893 4.29607 1.64743 103041 0 -0.203784 0.170398 0
-60.6875 27.0135 0.777387 1.98878 4.37179 1.67879 148868 0 1.98205 0.170179 0
17.0457 44.9708 0.951968 2.28717 5.52534 1.91614 175319 0 -1.28416 0.169724 0
31.2157 62.655 1.23461 1.84716 4.16913 1.47771 201103 0 -1.5505 0.168831 0
52.1195 3.46475 1.3968 0.895433 0.973956 1.8657 114588 0 1.52185 0.168826 1
35.6967 27.4293 1.55965 2.02452 4.6695 1.68642 149637 0 1.61442 0.168754 0
-5.9527 33.8172 0.842141 1.93381 4.41671 1.43229 158867 0 -1.3149 0.168047 0
-57.7705 -4.90672 1.39345 2.06571 4.63199 1.68371 102077 0 0.0653871 0.167806 0
54.4383 4.59126 1.14833 0.788636 0.815065 1.62281 116468 0 -1.65572 0.167401 1
-4.33921 17.5388 0.846902 1.82161 3.69422 1.51088 135004 0 1.82754 0.167198 0
-5.95972 34.6228 0.920267 1.97736 4.40962 1.46113 160271 0 -1.3838 0.166752 0
31.7492 62.9489 1.35125 2.17292 5.00481 1.64147 201573 0 -1.57002 0.16671 0
-53.9375 -5.48861 1.71965 0.873521 0.90353 1.82824 101153 0 -0.606353 0.165836 1
21.2369 -8.26961 1.7422 0.88491 0.969506 1.68421 97644 0 -2.63955 0.164955 1
-47.1229 -3.95649 1.34839 2.0067 4.2759 1.57943 103514 0 -0.717969 0.164803 0
30.5502 49.0263 1.59368 2.06357 4.6887 1.67919 181445 0 -1.54592 0.164306 0
51.9747 4.05482 1.38339 0.857891 0.968706 1.92603 115524 0 1.54953 0.163583 1
24.0631 -8.56972 1.58186 0.913047 0.988287 1.70143 97185 0 2.9303 0.163444 1
-46.3341 -4.57869 1.2632 1.98489 4.33244 1.5656 102581 0 -0.149479 0.162744 0
5.70995 7.2086 1.67553 0.93277 1.01893 1.80021 120059 0 -1.29281 0.162631 1
41.6341 1.71501 1.56848 0.773718 0.953246 1.43939 112216 0 3.05789 0.162527 1
30.3099 21.7325 1.46723 1.6616 3.79252 1.37162 141196 0 -1.49062 0.162433 0
-57.1223 42.7313 0.802846 2.01452 4.50418 1.65386 171811 0 1.99163 0.162337 0
-17.4556 52.9293 0.996083 2.07059 4.81116 1.719 186911 0 -1.1056 0.162147 0
36.4309 28.5471 1.74916 0.747501 0.675843 1.73364 151511 0 1.37377 0.161558 1
19.2761 69.3695 1.05832 2.03399 4.60734 1.71282 210894 0 1.55262 0.161544 0
-59.3718 26.3874 0.687433 2.00771 4.47316 1.63413 147936 0 -1.27772 0.161315 0
57.6703 3.14023 1.30743 0.982837 1.40334 1.85261 114138 0 -1.77255 0.161113 1
-54.8552 44.9575 0.628325 2.06023 4.69878 1.60861 175094 0 1.7778 0.161093 0
-61.6545 18.1101 0.769934 1.67168 3.47865 1.40716 135761 0 1.9186 0.160958 0
18.9835 29.8908 1.25748 2.15785 5.09242 1.65299 153329 0 1.72716 0.160948 0
66.4142 27.4384 1.04152 2.02928 4.63461 1.6883 149733 0 1.44318 0.160937 0
-58.3279 -3.07114 1.17674 2.10355 4.74386 1.72693 104883 0 -0.331892 0.160749 0
-45.3017 12.502 0.975918 2.29029 5.16027 1.98084 127856 0 1.89036 0.160545 0
30.3412 59.7853 1.21661 1.71583 3.77409 1.43386 196888 0 -1.55815 0.159851 0
31.4978 27.3979 1.62326 1.99904 4.45922 1.60213 149624 0 -1.56476 0.159557 0
-7.18163 34.6204 0.930701 1.99443 4.48023 1.44248 160267 0 0.0562477 0.158192 0
-8.55328 64.1437 0.98485 2.15163 4.88946 1.7734 203319 0 -1.31757 0.158087 0
-57.4912 -3.69609 1.14506 1.96012 4.40233 1.69203 103950 0 -0.133511 0.157993 0
-62.5487 35.8773 0.556242 2.41328 5.80851 1.90482 161966 0 -1.21487 0.157544 0
31.502 27.9629 1.62317 1.99678 4.46186 1.58016 150560 0 -1.54922 0.15691 0
51.9237 4.96634 1.37264 0.774149 0.853137 1.80758 116928 0 1.59754 0.156878 1
30.8689 25.0934 1.46919 2.13977 4.88295 1.63189 146346 0 -1.53415 0.156806 0
-56.1627 42.7364 0.680416 2.02264 4.50391 1.58764 171814 0 2.02228 0.156511 0
18.9677 73.0932 1.12134 2.43946 5.90816 2.0195 216509 0 1.50559 0.156359 0
-62.1174 14.7779 0.441221 0.913715 1.92335 1.7085 131079 0 0.873352 0.156046 2
-72.4668 -1.09383 0.405436 1.96331 4.40913 1.57503 107647 0 -1.29566 0.155713 0
-38.5625 -2.44896 1.27687 1.44734 3.03965 1.73636 105881 0 -1.60886 0.155692 0
30.8371 47.9116 1.73148 2.21316 5.07469 1.77608 179574 0 -1.35838 0.155367 0
68.339 27.7377 0.794217 1.96614 4.32335 1.55851 150207 0 1.54071 0.155253 0
57.9917 3.41035 1.18178 0.755567 0.829757 1.62027 114607 0 -1.4506 0.154963 1
30.5762 24.8322 1.49061 2.09051 4.80035 1.60216 145877 0 -1.54832 0.154379 0
29.9481 27.7032 1.50769 1.85668 4.26294 1.46733 150087 0 -1.52241 0.153965 0
-3.45418 16.2802 0.880974 0.901434 0.865551 1.63827 133135 0 -1.37183 0.153899 1
-6.85984 34.6221 0.896296 2.01138 4.62181 1.43549 160268 0 -1.37818 0.153161 0
19.023 70.1404 1.07575 2.215 5.06922 1.83925 212297 0 1.52327 0.153066 0
-13.5344 57.4932 0.78194 1.99391 4.51366 1.64679 193475 0 1.88491 0.152675 0
-35.476 -4.6216 1.42429 0.883285 1.76999 1.7813 102615 0 -1.53411 0.152489 2
35.9825 30.3232 1.73788 1.95283 4.37434 1.50869 153850 0 -1.46757 0.151938 0
-35.6962 -4.85917 1.41558 0.875316 1.77754 1.8002 102146 0 -1.60857 0.151701 2
24.207 -10.1031 1.75061 0.848654 0.846018 1.65766 94845 0 2.80618 0.151632 1
47.8199 23.5086 1.33486 2.11324 4.97935 1.65457 144059 0 -1.54605 0.151505 0
55.8411 23.8393 1.30832 2.02246 4.62608 1.72174 144552 0 1.62503 0.151299 0
73.1122 17.5177 0.902729 1.66907 3.83479 1.41683 135246 0 1.68655 0.150876 0
3.38878 70.2462 0.878676 2.13063 4.7516 1.7295 212248 0 0.120345 0.150532 0
73.4123 24.1468 1.13729 2.00528 4.58958 1.66513 145075 0 1.56846 0.150343 0
-60.0263 26.6701 0.734158 2.05327 4.59085 1.64297 148402 0 1.7702 0.150225 0
58.0767 23.8295 1.04894 2.046 4.56041 1.68878 144559 0 1.57419 0.150091 0
-38.7873 -2.99159 1.27801 1.04052 1.51947 1.79658 104944 0 -1.6243 0.14999 1
-4.95658 39.4189 1.21223 1.94807 4.25562 1.46171 167294 0 -1.2729 0.149733 0
-38.8098 -2.75935 1.31751 1.20223 1.95386 1.77911 105412 0 -1.57972 0.149663 1
30.3041 54.036 1.35182 1.70117 3.67726 1.42736 188464 0 -1.51927 0.149391 0
17.8408 30.1751 1.15117 1.90827 4.29985 1.49482 153793 0 1.61051 0.149241 0
-38.871 -2.41874 1.30447 1.8887 4.44863 1.72656 105880 0 -1.59946 0.148679 0
-16.8191 43.3635 0.738294 2.02636 4.49547 1.65044 172873 0 1.85026 0.148655 0
-49.6353 -3.9829 1.33512 2.11613 4.58776 1.5935 103506 0 -0.0371896 0.148504 0
69.5964 27.3872 0.740707 1.95263 4.32925 1.52306 149743 0 1.57248 0.148491 0
74.0629 20.6866 1.26881 1.97856 4.53851 1.62371 139929 0 1.59999 0.148207 0
-62.8122 18.6198 0.753416 2.17029 5.11523 1.72579 136693 0 1.90478 0.14768 0
30.6615 63.1913 1.19536 1.63946 3.63467 1.43018 202037 0 -1.81708 0.147673 0
-65.7993 24.8219 0.656053 1.88109 4.11932 1.45321 145576 0 -1.3832 0.147552 0
16.4683 45.8586 0.725427 1.9841 4.47664 1.59606 176721 0 -1.52142 0.1469 0
72.8376 21.2867 1.08349 1.85642 4.25593 1.50596 140861 0 1.62028 0.146124 0
3.68117 70.547 0.916241 2.11253 4.75328 1.71606 212717 0 0.0883147 0.145942 0
29.6265 28.0279 1.47924 1.86984 4.24622 1.47352 150554 0 -1.56954 0.145886 0
36.5489 26.775 1.67338 0.765329 0.703962 1.72494 148704 0 -1.40581 0.145861 1
51.7746 4.10177 1.36686 0.828874 0.911767 1.84912 115523 0 1.54466 0.145513 1
34.7547 30.3596 1.73703 1.81616 3.95997 1.43007 153846 0 1.62932 0.145475 0
-61.9713 17.8687 0.749225 1.60474 3.36266 1.38706 135292 0 1.87174 0.14542 0
30.8536 60.5305 1.16439 2.10276 4.9493 1.56733 198294 0 -1.64334 0.144779 0
21.5014 -8.49574 1.83758 0.907337 0.909209 1.73137 97177 0 2.92584 0.144778 1
11.4653 29.214 0.964773 1.81152 4.08064 1.47961 152369 0 -1.35263 0.144351 0
35.4438 25.0115 1.62815 2.17128 4.76398 1.64594 146360 0 1.6617 0.144313 0
-19.6463 53.6305 1.03538 1.9836 4.57799 1.55847 187840 0 1.76653 0.14405 0
30.2601 27.088 1.52218 1.9087 4.29241 1.51888 149152 0 -1.59137 0.143837 0
72.8168 24.1588 1.0377 1.69892 3.74343 1.51022 145073 0 1.58528 0.143718 0
54.0587 4.53184 1.13774 0.830272 0.869316 1.6526 116466 0 -1.59224 0.14367 1
54.2338 4.11525 1.16229 0.819081 0.838772 1.59453 115531 0 -1.66174 0.143653 1
30.8165 54.0331 1.38547 2.07799 4.7916 1.61052 188466 0 -1.48793 0.143084 0
29.9607 47.9067 1.60009 2.04288 4.6021 1.62854 179571 0 -1.33968 0.142897 0
-6.29193 31.3119 0.784199 1.9694 4.61987 1.49221 155122 0 -1.38517 0.142321 0
-73.111 -0.803413 0.430203 1.93715 4.24792 1.58333 108113 0 -1.32621 0.142071 0
18.0735 72.2399 0.982914 1.73319 3.84816 1.5513 215102 0 1.58236 0.141625 0
-54.259 43.0688 0.740168 2.10594 4.70011 1.67374 172288 0 -2.69234 0.140986 0
-2.66059 34.1193 1.09181 0.780446 0.830502 1.66838 159345 0 -1.38032 0.14068 1
-18.8034 54.1742 1.12462 2.12372 4.80577 1.64917 188779 0 -0.823413 0.140008 0
67.3822 24.5606 1.07109 1.99897 4.35276 1.75836 145524 0 -1.59961 0.139856 0
49.3051 5.30826 1.3685 0.902047 1.01144 1.77377 117388 0 1.36141 0.139422 1
3.35323 69.2849 0.83915 2.07279 4.71729 1.69218 210844 0 -0.0385536 0.139091 0
36.5697 27.0418 1.66493 1.36611 2.03884 1.78468 149172 0 -1.52727 0.138959 1
-3.96147 16.7394 0.949164 0.836905 0.88284 1.53127 134069 0 -1.94242 0.138906 1
23.6089 -8.78631 1.52642 0.967484 1.09421 1.59388 96715 0 1.56266 0.138524 1
30.5551 54.7568 1.31452 1.97541 4.483 1.55111 189869 0 1.62246 0.138454 0
-72.1698 -0.835289 0.261902 1.87967 4.2875 1.54197 108116 0 -1.27431 0.137668 0
16.8105 74.3658 1.10798 2.22785 5.06397 1.69707 218374 0 -0.00465484 0.137591 0
13.6727 37.2404 0.938684 1.7368 3.91018 1.60445 164076 0 -1.25725 0.137526 0
57.8034 3.58648 1.23424 0.855906 0.966517 1.73919 115074 0 -1.93626 0.137025 1
15.5297 47.2138 0.74742 1.99528 4.48687 1.59025 178590 0 -0.0129455 0.137017 0
73.0887 25.0578 1.06754 2.05574 4.70736 1.68094 146478 0 1.5318 0.136823 0
-9.09327 63.9343 1.05508 1.85737 3.92049 1.62197 202849 0 -1.32458 0.136325 0
-60.0044 25.7717 0.706006 1.93279 4.3586 1.56569 146998 0 1.85073 0.136234 0
17.5169 72.5402 0.939245 1.66982 3.79637 1.52783 215568 0 1.54884 0.136121 0
67.6502 25.4064 1.11407 2.19411 4.84299 1.82283 146929 0 -1.6553 0.135768 0
-54.8332 43.641 0.775423 2.14291 4.75842 1.68777 173222 0 -2.34567 0.135741 0
-70.4924 10.4999 2.3909 0.824282 0.931482 1.75349 124501 0 -1.29384 0.135625 1
5.8529 7.41626 1.40196 0.840316 0.939473 1.75275 120528 0 -1.67484 0.135447 1
55.2066 23.8262 1.42235 2.29142 5.38267 1.89818 144550 0 1.54129 0.135424 0
-15.8446 42.7168 0.529106 2.02503 4.60317 1.62991 171940 0 0.947636 0.135143 0
-38.5487 -3.27612 1.24404 0.937994 1.38431 1.80042 104477 0 -1.67097 0.134731 0
73.3864 24.7823 1.11319 2.09676 4.87224 1.7326 146011 0 1.55906 0.133789 0
18.4091 29.0724 1.33371 2.11072 4.75741 1.71515 151923 0 1.78964 0.133511 0
-7.47823 28.7703 1.00605 1.85082 4.11485 1.52836 151374 0 -1.38787 0.133109 0
-2.45898 34.3567 1.13453 0.81385 0.891707 1.69162 159814 0 -1.36682 0.132997 1
-19.4548 32.5447 1.00731 2.28563 4.8995 1.62764 156953 0 -1.31657 0.132868 0
31.1889 28.2828 1.63622 1.96806 4.40718 1.56298 151027 0 -1.53263 0.132731 0
-64.0746 15.2796 0.849926 2.15096 5.00087 1.65701 131541 0 2.33143 0.132501 0
22.0027 -8.4979 1.69603 0.833817 0.851473 1.59254 97178 0 2.22112 0.132461 1
-41.0316 24.6132 0.845432 2.29273 6.22056 2.1567 145185 0 -1.27195 0.132416 0
-46.8476 -2.48898 1.18194 2.06227 4.63142 1.63409 105855 0 3.07868 0.132403 0
72.5189 20.9618 1.08642 1.7659 3.97784 1.49566 140392 0 1.61024 0.131458 0
-54.5766 45.2524 0.626878 2.01229 4.52545 1.60116 175563 0 1.63973 0.131449 0
-6.32671 31.715 0.795645 2.07878 4.93523 1.53993 156058 0 -1.41772 0.131401 0
-59.3733 25.7739 0.70158 1.79217 3.78545 1.59072 147000 0 -1.5644 0.131308 0
36.3377 27.9942 1.73552 1.88628 3.54227 1.81232 150575 0 1.60592 0.130969 0
-32.4504 7.31066 0.0530105 0.820864 0.975762 1.7343 119940 0 1.79752 0.130965 1
11.9871 29.4797 0.991331 1.98545 4.52677 1.58657 152839 0 -1.37404 0.130395 0
-47.0805 -3.03937 1.29023 2.04676 4.4208 1.60968 104918 0 -3.11932 0.129875 0
74.3565 20.9461 1.37854 2.0514 4.66243 1.68792 140398 0 1.5914 0.129773 0
-0.461296 33.5776 0.868867 2.10844 4.83241 1.55631 158416 0 -1.38501 0.129594 0
-1.66212 31.4679 0.949576 2.04884 4.8572 1.62502 155604 0 -1.39179 0.12946 0
-54.186 -6.19283 1.42739 0.795599 0.873239 1.76604 100216 0 0.0259963 0.129322 1
-1.13222 31.7266 0.853141 1.92388 4.40547 1.53332 156074 0 -1.34188 0.129293 0
-10.3412 64.2671 1.06965 1.88116 4.08853 1.60859 203313 0 1.8931 0.129152 0
-46.7647 -4.56374 1.29331 2.02317 4.38738 1.58828 102579 0 -0.0129861 0.129134 0
-49.5668 6.51968 0.962853 0.92315 1.04856 1.77734 118951 0 -2.24674 0.12912 1
-15.8451 43.0235 0.514528 2.02937 4.6084 1.6308 172408 0 1.51849 0.128859 0
3.98785 70.2796 0.851377 2.08729 4.68753 1.70882 212250 0 -0.00361816 0.128715 0
-52.0322 -7.19784 1.21763 0.75163 0.709488 1.7051 98819 0 -1.12528 0.128703 1
-61.5559 26.1069 0.894969 2.08129 4.72852 1.78639 147461 0 1.8351 0.12847 0
-63.1873 24.4722 0.710772 2.02742 4.52543 1.63452 145116 0 1.78103 0.128413 0
-60.6423 25.7972 0.759852 1.9488 4.35093 1.58777 146996 0 1.87799 0.128326 0
6.86687 10.4006 0.769586 1.92799 4.6067 1.50647 124743 0 -1.3985 0.127882 0
19.6027 69.8532 1.03009 2.18051 5.05663 1.81732 211831 0 1.52548 0.127644 0
-59.701 26.6564 0.725258 2.08418 4.65414 1.65835 148403 0 1.19949 0.127482 0
-16.5194 40.4544 0.620449 1.92399 4.26381 1.47764 168662 0 1.91835 0.127383 0
-17.1063 43.0659 0.788544 2.11607 4.69318 1.72249 172404 0 1.667 0.127179 0
-15.8378 42.416 0.557966 2.02535 4.59044 1.62505 171472 0 0.544181 0.126943 0
67.3265 27.9262 0.963495 2.00674 4.42135 1.62021 150672 0 1.51657 0.126643 0
24.3961 -10.0869 1.79326 0.850268 0.863131 1.67583 94846 0 3.03219 0.12662 1
-6.86568 33.531 0.897665 0.810894 1.32914 1.36278 158396 0 -1.29495 0.126547 0
-10.0229 24.1224 0.935351 2.10454 4.78723 1.47866 144814 0 -2.11527 0.126544 0
-2.97623 47.5034 1.13654 2.20994 4.88466 1.81299 179000 0 -1.2401 0.126485 0
-3.03461 46.2634 1.12042 1.06668 1.51171 1.69524 177128 0 -1.30407 0.126221 1
55.5164 23.5604 1.29113 2.06679 4.74536 1.72948 144083 0 1.52456 0.126204 0
-52.8877 47.2425 0.470556 0.80276 0.814651 1.72545 178376 0 2.78666 0.126151 1
23.8246 -9.04267 1.60989 0.990585 1.0776 1.70697 96248 0 1.4331 0.126015 1
-61.5408 26.9973 0.912857 2.18131 5.07872 1.86104 148865 0 1.96965 0.125997 0
-7.13046 33.7895 0.916608 1.36827 2.75476 1.36725 158863 0 -1.29189 0.125621 0
57.7618 23.5812 1.0809 2.00305 4.7141 1.68469 144090 0 1.62477 0.125353 0
-54.8753 47.5194 0.762093 2.12048 4.72636 1.75014 178838 0 1.8953 0.125251 0
-10.6646 64.727 1.08263 2.20673 5.08449 1.77477 204248 0 1.77201 0.124922 0
31.759 63.4391 1.37296 2.24468 5.3099 1.69899 202509 0 -1.61109 0.124729 0
31.7897 27.6921 1.61351 2.06556 4.66779 1.63229 150093 0 -1.55417 0.124511 0
-11.6367 61.6984 0.743138 1.99453 4.45872 1.51398 199565 0 -0.916331 0.12409 0
17.5359 26.5253 1.47285 1.97648 4.45679 1.87578 148176 0 1.71004 0.124002 0
-55.25 42.0754 0.643252 0.91118 1.02373 1.65318 170881 0 -1.64941 0.12372 1
-48.5028 -3.71226 1.38153 2.12542 4.84469 1.76311 103978 0 -1.2349 0.123717 0
-40.8587 1.00623 1.08472 2.1247 4.59739 1.62891 111022 0 -1.60192 0.123706 0
-2.41107 46.3156 1.08702 1.97531 4.50277 1.71096 177130 0 -1.18872 0.12356 0
19.0198 30.5099 1.26172 2.0926 4.90811 1.61842 154265 0 1.76004 0.123322 0
-48.5053 -3.95767 1.40773 2.11975 4.69085 1.7404 103510 0 -0.742291 0.123312 0
-56.8007 43.3229 0.790226 2.01972 4.51771 1.64718 172748 0 2.09282 0.123298 0
