-2.37619 3.96233 0.764105 2.01174 4.56647 1.55473 115354 0 1.56447 0.949939 0
17.1249 14.8765 1.47873 2.0177 4.56212 1.68043 131327 0 1.5909 0.945148 0
-27.0423 12.1222 0.786327 2.26529 5.01607 1.8211 126977 0 -1.32194 0.936975 0
-7.15929 -5.32456 0.788892 2.13851 4.78142 1.53451 101767 0 0.000399133 0.932468 0
17.5543 18.467 1.47484 2.20777 4.92214 1.7386 136476 0 1.64046 0.931795 0
-11.0726 15.575 0.969039 2.40374 5.67595 1.94553 132175 0 -1.37239 0.928115 0
47.2655 20.7161 1.52593 2.1581 4.96974 1.82602 139845 0 -1.58508 0.924926 0
-12.2216 10.3216 0.921054 2.25751 4.95998 1.8669 124683 0 -1.32562 0.923545 0
-4.58488 -5.65494 0.803826 2.06262 4.55533 1.57723 101307 0 0.0163913 0.922334 0
-25.4895 17.0696 0.602007 1.95631 4.33083 1.53997 134470 0 1.89681 0.916285 0
1.10413 -5.21956 0.925658 2.26705 5.09102 1.85497 101793 0 -0.00390333 0.913949 0
29.8714 18.6917 1.57229 1.98517 4.60335 1.58637 136983 0 -1.49993 0.909641 0
34.7445 18.6352 1.75402 2.07646 4.7913 1.75156 136998 0 1.5759 0.903991 0
6.8584 13.1936 0.806993 2.13182 5.00852 1.46694 128955 0 -1.37473 0.900234 0
9.09737 21.2798 1.09934 2.14184 5.22204 1.74584 140662 0 1.76986 0.88987 0
-11.3196 13.0261 0.700985 2.1289 4.89763 1.53836 128430 0 -1.35122 0.889638 0
-21.1771 -0.848892 1.09755 2.28181 5.08901 1.97164 108275 0 2.34432 0.888835 0
17.7685 21.0256 1.43941 2.18021 4.82886 1.77409 140221 0 1.6795 0.888235 0
7.89663 15.7874 0.837773 2.05013 4.61933 1.45311 132702 0 -1.38663 0.871878 0
8.17708 18.662 0.892815 1.91781 4.46169 1.46028 136915 0 -1.34404 0.870163 0
67.6796 18.058 1.3902 2.05548 4.53392 1.81002 136165 0 -1.54548 0.868365 0
-5.37724 15.4312 0.714711 2.04898 4.74977 1.44463 132193 0 -1.25953 0.865875 0
17.4814 26.6992 1.42994 2.16724 5.07807 1.86778 148644 0 1.70272 0.865796 0
-0.525581 34.0762 0.66221 2.09253 4.76771 1.48384 159352 0 -1.2708 0.860351 0
-3.67236 20.6867 0.774516 1.98569 4.66145 1.49942 139686 0 1.76988 0.857327 0
-5.85593 11.7792 0.852628 1.87852 4.13749 1.65944 126575 0 1.79983 0.856579 0
-23.2111 22.6155 0.721946 2.13975 4.85531 1.60675 142433 0 -1.29619 0.855072 0
-1.82507 28.5711 0.967654 2.12731 4.79922 1.85006 151392 0 1.80832 0.854546 0
12.8768 31.6051 1.24963 2.14213 5.03881 1.96774 155650 0 -1.32717 0.854157 0
-30.9284 16.1229 0.666287 2.20194 4.75426 1.81315 133049 0 -1.26696 0.853575 0
17.7676 23.8027 1.25343 2.03138 4.68356 1.51524 144433 0 1.67858 0.852282 0
-32.1521 10.3318 0.584749 2.03384 4.40656 1.59442 124621 0 1.90036 0.850816 0
-43.6554 17.4261 0.650367 2.23073 5.19537 1.90744 134881 0 -1.28058 0.828822 0
-4.67597 18.0338 0.739337 2.01068 4.77296 1.47746 135939 0 1.82797 0.821539 0
-3.70633 23.412 0.9385 2.01828 4.62227 1.76694 143898 0 1.80956 0.821438 0
3.70995 48.4419 0.948717 2.00619 4.66199 1.78498 180425 0 1.8374 0.821092 0
-8.19839 26.3653 0.762726 1.99388 4.58637 1.43722 148096 0 -1.33238 0.811584 0
-3.90598 16.4682 0.815598 0.859522 0.81133 1.6413 133601 0 -1.64798 0.811269 1
2.35641 42.3753 0.687256 1.95191 4.48306 1.52156 171529 0 1.85528 0.809571 0
10.1514 23.7269 1.21744 2.01469 4.28785 1.73165 144409 0 -1.39011 0.800159 0
-9.80013 20.6619 0.73581 2.02501 4.58044 1.4788 139667 0 -1.31572 0.799165 0
-7.79528 29.0523 0.860733 2.04699 4.50383 1.58427 151841 0 -1.3721 0.795802 0
-45.5777 12.3893 0.734184 2.18392 4.79573 1.87292 127387 0 1.82439 0.795563 0
51.9227 3.33789 1.73296 0.870857 0.868286 1.80326 114588 0 1.61703 0.792461 1
-1.95466 -5.82193 0.776005 2.06144 4.462 1.56109 100847 0 -0.00768007 0.789425 0
54.9258 19.9081 1.26707 1.96153 4.31316 1.47097 138933 0 1.59956 0.787191 0
30.2593 21.8607 1.5491 1.96198 4.56377 1.46291 141664 0 -1.52003 0.785535 0
-2.68996 25.8523 0.760818 1.99441 4.7347 1.45174 147177 0 1.74345 0.782442 0
-32.7501 0.748283 0.87651 2.11419 4.7579 1.52792 110579 0 -1.5906 0.781763 0
0.878716 39.9407 0.830433 2.0509 4.71217 1.7228 167780 0 1.88791 0.774229 0
0.729698 36.8597 0.719742 1.96752 4.5014 1.52377 163568 0 1.91939 0.770663 0
-10.4152 18.1621 0.717614 2.07118 4.75612 1.47112 135921 0 -1.35781 0.76974 0
-9.39542 23.9031 0.765545 2.09282 4.84361 1.48104 144348 0 -1.34197 0.76864 0
-61.6304 21.2346 0.574068 2.07363 4.46676 1.73779 140441 0 1.94527 0.7664 0
-63.8607 15.8879 0.519088 1.84234 4.1006 1.49102 132478 0 1.94801 0.728004 0
3.40034 45.3721 0.658563 1.99825 4.72867 1.54641 175744 0 1.81098 0.726943 0
18.4201 63.5378 0.74556 1.95241 4.44212 1.52829 202467 0 1.67888 0.726536 0
67.6849 20.982 1.28651 1.96888 4.41659 1.62702 140377 0 1.5267 0.72357 0
30.581 51.631 1.54389 2.06353 4.63218 1.73151 185189 0 -1.54993 0.721943 0
54.2411 10.8349 1.48621 1.03891 0.943393 1.68591 125359 0 0.403124 0.700442 1
-41.334 25.226 0.599468 2.31834 5.94911 2.07631 146120 0 -1.22045 0.696303 0
21.2659 -7.54272 1.7054 0.855211 0.916181 1.42097 98580 0 -1.68529 0.694804 1
18.0799 29.5917 1.21415 2.05171 4.75718 1.55236 152858 0 1.74441 0.690076 0
-50.3121 6.6778 0.743231 0.833267 0.899081 1.64554 118948 0 2.4487 0.689125 1
-1.41192 31.2337 0.758236 1.99574 4.48644 1.55362 155137 0 1.81127 0.675656 0
-31.5562 60.3092 0.389304 2.21574 5.40213 1.77448 197631 0 -1.27347 0.672603 0
-47.1332 -3.99414 1.16001 1.97175 4.34371 1.59333 103514 0 -0.00941716 0.668588 0
51.4672 4.07122 1.84933 0.800119 0.834992 1.77075 115522 0 1.67081 0.667864 1
51.367 5.0187 1.60254 0.682118 0.716181 1.51568 116926 0 -1.35246 0.663128 1
-62.5023 35.7214 0.277449 1.92349 4.33285 1.70162 161498 0 -1.22231 0.657619 0
30.5217 54.2577 1.26012 2.09768 4.78878 1.58663 188933 0 0.505141 0.656389 0
30.2995 54.254 1.23114 1.96017 4.35215 1.52054 188932 0 1.61907 0.655754 0
18.0516 66.6682 0.830828 2.08095 4.84477 1.61119 207146 0 1.62474 0.652016 0
-22.853 27.99 0.774758 2.04664 4.54206 1.59967 150390 0 1.84176 0.637263 0
30.6412 66.3004 1.30183 2.10093 4.64511 1.74635 206717 0 -1.59371 0.631204 0
30.2645 56.8799 1.30196 1.97236 4.41143 1.56831 192676 0 -1.56813 0.627714 0
11.6882 28.9572 1.0178 1.9936 4.55255 1.59659 151902 0 -1.33711 0.627247 0
20.7491 -8.58044 1.99626 0.876675 0.865751 1.62154 97174 0 -3.11045 0.626988 1
-50.3109 6.74998 0.741504 0.844882 0.897089 1.64857 119416 0 -2.88467 0.624035 1
-62.8535 18.6684 0.37611 2.00499 4.56158 1.61779 136693 0 1.91938 0.623095 0
57.0729 3.00165 1.61473 1.0617 1.04193 1.86349 114136 0 -1.56244 0.621864 1
30.581 60.0008 1.12639 1.95882 4.4393 1.49002 197357 0 -1.59585 0.61356 0
-49.7685 -3.70598 1.17557 1.88688 4.15548 1.5447 103974 0 0.00950146 0.594453 0
35.665 21.6359 1.56961 1.97855 4.6328 1.60269 141213 0 1.60726 0.58984 0
-41.7538 1.14139 0.904929 2.0747 4.5196 1.55156 111019 0 -1.58897 0.583866 0
-6.89248 31.5466 0.655613 1.9758 4.58307 1.47804 155588 0 -1.31121 0.58319 0
51.6803 5.59901 1.56186 0.811001 0.808505 1.6339 117863 0 -1.2509 0.57354 1
30.9269 62.905 1.11994 1.89518 4.29033 1.46475 201570 0 1.54795 0.56231 0
-2.09473 47.1931 0.986995 2.03518 4.62864 1.67021 178535 0 -1.33894 0.558266 0
19.0044 69.5304 1.01918 2.1129 4.78748 1.76143 211361 0 1.63415 0.545841 0
48.7207 5.1758 1.57513 0.835225 0.897704 1.70604 117386 0 1.24741 0.543052 1
35.7104 24.7758 1.73586 2.01025 4.55921 1.65427 145893 0 1.58747 0.523946 0
-9.77323 64.5088 0.827514 2.12755 4.86961 1.66421 203783 0 -1.52632 0.517029 0
-20.2729 32.8308 0.835498 2.25179 4.91597 1.66093 157418 0 -1.29512 0.512661 0
55.1989 23.5168 1.38722 2.0436 4.66028 1.6436 144082 0 1.55635 0.509212 0
54.0017 5.01542 1.52531 0.724111 0.700994 1.62768 116934 0 1.33585 0.498228 1
-53.2095 46.4464 -0.0840012 0.811463 0.837422 1.72746 177439 0 -1.45722 0.497128 1
51.9202 3.12621 1.68847 0.809278 0.814974 1.7219 114120 0 1.64358 0.491461 1
18.4097 72.5071 0.895205 2.10441 4.79067 1.76016 215571 0 1.63562 0.473201 0
-26.0775 20.3104 0.703229 2.05766 4.44995 1.69611 139148 0 1.91458 0.464202 0
20.83 -8.66983 1.99639 0.839629 0.856318 1.62655 96707 0 3.13123 0.45859 1
54.0284 4.24316 1.40661 0.728678 0.720294 1.52473 115998 0 -1.60865 0.453101 1
73.0948 17.7293 1.24612 2.06943 4.66372 1.57901 135714 0 1.64673 0.451361 0
51.382 5.1721 1.6172 0.760575 0.785919 1.59921 117394 0 -1.36336 0.451209 1
-36.3502 -4.30992 1.28467 0.854701 1.18165 1.76505 103080 0 1.85776 0.451053 1
51.9958 3.65594 1.72551 0.741518 0.76773 1.72149 115056 0 1.65371 0.436445 1
-11.6798 62.2514 0.508574 1.93527 4.36174 1.51266 200501 0 1.81576 0.432127 0
17.7857 29.868 1.16932 1.95484 4.43699 1.50031 153325 0 1.70685 0.427165 0
-50.2149 6.67472 0.751934 0.837073 0.896074 1.66102 118949 0 2.98014 0.425665 1
-38.9702 -2.66655 1.10075 0.797872 0.818851 1.76296 105412 0 -1.51162 0.425066 1
-1.68155 31.4821 0.778618 2.08965 4.84114 1.59319 155604 0 2.13039 0.417557 0
-4.64943 39.1266 1.01687 1.90751 4.33744 1.45393 166827 0 -1.22605 0.416978 0
-1.20598 31.4311 0.720741 1.90676 4.21641 1.49215 155606 0 -1.0845 0.39517 0
29.937 24.8297 1.59711 2.05181 4.62883 1.56251 145875 0 -1.56611 0.392466 0
22.8087 -7.29262 1.68865 0.867458 0.966928 1.63017 99053 0 -1.72547 0.390746 1
-7.47655 31.78 0.709829 2.04985 4.61854 1.46911 156054 0 -1.36186 0.390027 0
-10.349 64.5684 0.82487 2.02268 4.6097 1.64033 203781 0 1.81631 0.388628 0
-24.7686 19.7681 0.671681 2.10407 4.68264 1.69338 138216 0 -1.25364 0.386049 0
19.0112 72.7577 0.905854 2.45562 5.83623 2.01102 216041 0 1.59596 0.385254 0
-2.3793 46.9742 0.981121 2.07883 4.6865 1.72386 178066 0 -1.2949 0.377965 0
22.6504 -7.2911 1.65777 0.814989 0.905113 1.57807 99052 0 -1.72227 0.373091 1
10.8243 7.80505 0.801024 0.676498 0.739068 1.20667 121011 0 2.68265 0.3679 1
14.5827 39.8441 0.898814 2.03776 4.656 1.75249 167823 0 -1.33095 0.366109 0
52.2997 3.69054 1.59457 0.667607 0.69617 1.58189 115057 0 1.70053 0.364274 1
22.651 -7.42239 1.68393 0.852793 0.966541 1.58571 98584 0 -1.71601 0.363095 1
65.77 24.5479 1.3182 2.06738 4.54775 1.57665 145519 0 1.48408 0.355564 0
-21.9212 27.7454 0.857146 2.11542 4.79394 1.68147 149925 0 1.57574 0.353873 0
-13.2907 57.462 0.478574 1.9947 4.4588 1.65466 193476 0 1.82918 0.351009 0
-25.4264 20.0538 0.686431 2.11396 4.72116 1.70132 138682 0 1.71509 0.350736 0
12.6446 39.8005 0.705098 0.803293 0.829919 1.67142 167817 0 1.65187 0.348574 1
-21.6175 27.688 0.850476 2.18885 4.95819 1.74384 149926 0 -1.26674 0.345978 0
23.4247 -8.80033 1.70028 0.874878 0.88092 1.4948 96715 0 1.64162 0.339371 1
48.6071 5.04875 1.62223 0.887699 0.989166 1.72973 116917 0 1.26299 0.335027 1
73.0996 23.5139 1.28374 2.05557 4.56385 1.7005 144138 0 1.52046 0.334031 0
11.9216 29.2068 1.0383 2.05357 4.6466 1.6534 152371 0 -1.36541 0.328838 0
35.98 30.6146 1.89705 2.03587 4.52797 1.57005 154318 0 -1.56287 0.322314 0
35.3662 21.38 1.58659 1.8311 4.28928 1.58251 140744 0 1.60718 0.312506 0
10.8458 10.375 1.24601 0.81639 0.920509 1.74612 124755 0 -1.40252 0.311508 1
-3.91225 16.297 0.806967 0.902147 0.83168 1.64032 133133 0 -1.66211 0.311408 1
54.0257 4.1184 1.41061 0.755375 0.758998 1.53768 115530 0 -1.56283 0.310347 1
54.1061 5.0027 1.50371 0.74016 0.71388 1.65726 116935 0 -1.24763 0.306234 1
-2.1811 25.758 0.750839 1.75705 3.8482 1.41691 147179 0 1.76384 0.306046 0
-26.6905 20.6108 0.668299 2.11446 4.74284 1.73537 139614 0 1.88201 0.302236 0
-38.9733 -2.49641 1.12363 0.783286 0.844189 1.74921 105880 0 -1.49514 0.300272 1
55.4415 23.262 1.36792 1.8735 4.27109 1.60433 143615 0 1.51075 0.299455 0
51.6166 5.35865 1.62953 0.81286 0.815047 1.59547 117395 0 -1.25387 0.296274 1
18.4824 69.3243 0.984727 2.00361 4.55774 1.69972 210891 0 1.67946 0.295658 0
53.9994 5.16573 1.57629 0.788641 0.750582 1.64964 117402 0 1.52328 0.294822 1
21.2551 -7.71423 1.67051 0.822257 0.896912 1.20533 98112 0 -1.65921 0.293837 1
36.6427 27.3843 1.81604 2.0352 4.57081 1.70565 149640 0 1.60676 0.291326 0
11.4352 28.6911 1.01259 1.96672 4.47697 1.57117 151433 0 -1.32477 0.28999 0
55.4857 23.7859 1.35447 2.0146 4.58312 1.61067 144551 0 1.63589 0.288338 0
57.6775 3.32164 1.48995 0.757771 0.789724 1.65343 114606 0 1.21797 0.287325 1
-62.3094 18.4394 0.472555 1.59104 3.44742 1.447 136227 0 1.95156 0.286552 0
66.3878 24.7447 1.33838 2.04455 4.51686 1.60187 145989 0 1.44235 0.285319 0
55.1707 22.9571 1.39891 1.92875 4.4004 1.62913 143146 0 1.48808 0.283662 0
36.2655 24.5663 1.73247 2.00563 4.5769 1.69787 145427 0 1.57442 0.282036 0
57.0431 2.83842 1.59927 1.00656 0.988956 1.82301 113668 0 -1.60974 0.280749 1
14.8418 40.1153 0.927445 2.14974 4.97358 1.82442 168292 0 -1.40119 0.276298 0
-9.16916 64.4012 0.773305 2.1315 4.66877 1.69732 203785 0 -1.34336 0.27411 0
54.4417 10.7909 1.49825 0.988678 1.00168 1.69878 125360 0 0.487896 0.270413 1
-6.85625 31.3063 0.660701 1.81394 3.96358 1.46431 155120 0 -1.29054 0.269315 0
51.5722 4.18638 1.83821 0.775486 0.814732 1.77013 115991 0 1.68338 0.266879 1
30.6479 63.1514 1.10633 1.76385 3.90986 1.44631 202037 0 1.51135 0.26609 0
51.495 5.57883 1.563 0.775755 0.818053 1.63121 117862 0 -1.29406 0.265717 1
30.2414 24.5449 1.5488 1.98028 4.49227 1.51471 145408 0 -1.56278 0.26526 0
-5.24914 39.2365 1.04087 1.94426 4.28202 1.45986 166825 0 -1.29678 0.265142 0
-3.93154 16.6806 0.832075 0.877581 0.851615 1.59 134069 0 -1.75128 0.264206 1
72.8335 23.7863 1.21323 1.88672 4.20061 1.62268 144605 0 1.5313 0.263277 0
18.1269 72.2431 0.904278 1.78587 4.08567 1.5948 215102 0 1.6515 0.26034 0
-12.6578 57.4099 0.567083 2.0926 4.75262 1.72563 193478 0 1.78905 0.257894 0
-36.5298 -4.30847 1.31371 0.88616 1.48497 1.7862 103079 0 2.46938 0.256024 2
57.4078 3.10524 1.55354 0.945392 0.929241 1.78232 114137 0 -1.54266 0.256002 1
-11.0281 62.0131 0.499908 1.88173 4.34291 1.45517 200035 0 -0.791183 0.255444 0
-13.8884 57.7268 0.453128 2.12993 4.81604 1.71369 193942 0 1.85959 0.250627 0
-10.7786 62.144 0.535792 1.9253 4.28034 1.47043 200504 0 1.71577 0.248357 0
57.4754 3.2972 1.53579 0.863596 0.880763 1.73484 114605 0 -1.46571 0.248233 1
52.2658 3.42934 1.63073 0.780197 0.785936 1.66754 114589 0 1.67822 0.246928 1
21.6486 -8.71259 1.83853 0.779207 0.829943 1.3507 96709 0 -3.11296 0.24573 1
-11.3465 62.032 0.461372 1.87358 4.2792 1.47531 200034 0 1.57516 0.245724 0
-53.0921 46.3538 -0.0812864 0.849655 0.901964 1.74488 176972 0 -1.56807 0.245637 1
73.1171 17.2101 1.17985 1.96862 4.51696 1.55538 134778 0 1.70547 0.245568 0
-23.765 22.8231 0.678997 2.37035 5.79097 1.71297 142899 0 1.69137 0.245041 0
51.7223 5.82473 1.50226 0.817976 0.815904 1.54412 118331 0 -1.20879 0.244938 1
-1.50652 47.1762 0.982123 1.98016 4.61049 1.64878 178537 0 -1.31036 0.243679 0
30.8378 24.8073 1.55647 1.99621 4.53863 1.54269 145878 0 -1.56403 0.243504 0
30.8004 54.4653 1.28045 2.23341 5.25618 1.69193 189402 0 -1.6008 0.241481 0
30.5328 25.0495 1.58981 2.03419 4.60534 1.59043 146345 0 -1.56742 0.241033 0
51.7235 3.6619 1.74202 0.761553 0.800806 1.75336 115055 0 1.6318 0.237389 1
51.9886 3.92787 1.71617 0.674905 0.740497 1.66153 115524 0 1.68495 0.235974 1
37.5619 27.3882 1.86926 2.11946 4.76648 1.7185 149643 0 -1.57991 0.235467 0
18.1288 63.2969 0.705847 1.62077 3.77866 1.41118 201998 0 1.69152 0.23326 0
73.4523 20.6487 1.37738 1.93163 4.26835 1.59825 139927 0 1.60342 0.230551 0
17.7194 25.7943 1.46984 0.914079 1.08518 1.81914 147241 0 2.86438 0.228647 1
-54.3282 -5.02859 1.41144 0.844011 0.908817 1.78078 102088 0 -0.691815 0.226977 1
-36.3616 -4.10829 1.32956 0.898298 1.76227 1.75652 103548 0 1.86886 0.22692 2
51.8777 5.62936 1.55486 0.861656 0.853124 1.63796 117864 0 -1.12207 0.226237 1
-12.2753 62.4923 0.510322 1.99525 4.38742 1.59212 200967 0 1.8361 0.226229 0
34.3901 30.5502 1.7336 1.96075 4.51291 1.49313 154313 0 1.54286 0.224569 0
-64.3817 15.8953 0.505342 2.16671 5.05585 1.62763 132476 0 1.90651 0.224056 0
-49.9911 -4.24652 1.19857 2.02437 4.52689 1.59882 103037 0 0.0331039 0.223299 0
-54.9098 45.2567 0.104717 1.94947 4.39225 1.55033 175562 0 2.01375 0.221788 0
21.6635 -8.56812 1.80821 0.805672 0.863275 1.27275 97177 0 -3.00876 0.220583 1
19.0105 69.0674 1.02601 2.01254 4.54332 1.71022 210425 0 1.69185 0.219632 0
-43.0393 20.9901 0.493331 2.04041 4.59275 1.6428 140031 0 -1.33111 0.219279 0
21.1076 -7.55187 1.72483 0.900135 0.986033 1.46301 98579 0 -1.7181 0.218992 1
-5.87233 39.5024 1.02294 2.10299 4.74187 1.56151 167291 0 1.37019 0.218433 0
35.3938 30.8068 1.88077 1.95368 4.25311 1.53038 154784 0 -1.58738 0.218036 0
14.2946 39.5597 0.85144 1.9726 4.47902 1.70704 167354 0 -1.28995 0.21566 0
54.0514 10.9669 1.48183 0.978636 1.02356 1.693 125826 0 0.482033 0.215272 1
3.66914 45.0879 0.649343 1.77356 3.93357 1.48827 175277 0 1.79447 0.214556 0
67.3483 24.8042 1.37775 2.03693 4.47707 1.72634 145992 0 -1.6276 0.214519 0
-67.0219 25.1036 0.266338 1.97795 4.47485 1.53556 146040 0 1.791 0.213935 0
17.5112 25.8092 1.45934 0.863414 1.02987 1.791 147240 0 2.25851 0.212862 1
73.1397 20.9401 1.33633 1.8886 4.19016 1.57358 140394 0 1.54683 0.210024 0
21.4693 -7.53864 1.70117 0.912331 0.983389 1.39208 98581 0 -1.66156 0.209543 1
73.3829 23.7953 1.3433 2.22844 5.10013 1.81746 144607 0 1.50958 0.209485 0
-11.6959 57.152 0.628047 2.09146 4.7124 1.81557 193013 0 0.897731 0.209289 0
-62.5718 18.1988 0.42802 1.71166 3.85169 1.47662 135758 0 1.92544 0.209085 0
72.5487 23.5164 1.17938 1.77832 3.91763 1.58527 144136 0 1.58844 0.209041 0
-12.0151 57.1718 0.616833 2.03719 4.64222 1.79684 193012 0 1.68955 0.208378 0
73.7626 20.9492 1.43658 2.01885 4.50341 1.65629 140396 0 1.61199 0.207635 0
-9.72696 64.2804 0.824608 2.0012 4.58663 1.66977 203315 0 -1.82737 0.20721 0
35.6894 27.3986 1.73242 2.07145 4.77789 1.67899 149637 0 1.56944 0.20603 0
-46.988 -3.43993 1.10915 2.00555 4.55499 1.6185 104451 0 -0.00789696 0.205089 0
-3.76413 38.8665 0.973527 1.93348 4.44663 1.52707 166362 0 -1.21419 0.204791 0
12.6461 39.6375 0.721951 0.788381 0.829079 1.66083 167349 0 0.980243 0.204565 1
73.1043 24.1095 1.23732 2.09799 4.71535 1.72447 145074 0 1.50555 0.204556 0
52.2679 3.88549 1.61468 0.694305 0.749449 1.60443 115525 0 1.72681 0.204533 1
54.0617 10.8289 1.50843 1.06437 1.0579 1.71617 125358 0 0.467104 0.20323 1
34.8225 21.5853 1.55962 1.94622 4.57082 1.57648 141210 0 1.60179 0.202713 0
54.6439 23.2473 1.48729 2.2302 5.20956 1.79278 143612 0 1.49713 0.202528 0
-42.4089 20.9723 0.458928 2.01158 4.44773 1.64583 140033 0 -1.3167 0.20207 0
51.5493 5.00377 1.59757 0.701272 0.741348 1.49029 116927 0 -1.39765 0.201822 1
-42.6569 1.1102 0.936439 2.17471 4.6866 1.65162 111016 0 -1.57326 0.201473 0
23.1402 -7.26405 1.6445 0.805387 0.871804 1.5986 99054 0 -1.71467 0.200228 1
31.4318 63.1325 1.16704 2.2017 5.13921 1.63924 202040 0 1.54972 0.200227 0
55.146 20.1948 1.30132 2.19896 4.93095 1.5844 139402 0 1.54146 0.19885 0
23.1338 -7.46996 1.68245 0.82536 0.881686 1.56728 98586 0 -1.56786 0.198795 1
14.8643 39.2649 0.932485 2.1589 4.9689 1.79816 166888 0 -1.28338 0.198533 0
-44.3314 20.9725 0.579206 2.00132 4.42207 1.68775 140027 0 -1.33278 0.197918 0
-36.3394 -4.52341 1.32146 0.886991 1.54349 1.78234 102612 0 -2.21972 0.197874 2
19.0063 72.2478 0.88643 2.35196 5.69443 1.93585 215105 0 1.65006 0.197721 0
13.9393 40.1398 0.824508 1.92171 4.33163 1.68665 168289 0 -1.35224 0.197452 0
72.5613 17.7694 1.21147 1.75323 3.92001 1.47773 135712 0 1.64097 0.196999 0
15.1217 39.5425 0.956782 2.24488 5.29747 1.88979 167357 0 -1.31316 0.195414 0
57.6688 3.12846 1.49016 0.778568 0.815535 1.6903 114138 0 -0.00486534 0.194641 1
30.9117 63.4263 1.1069 2.02209 4.60295 1.53356 202506 0 1.51445 0.193691 0
36.2848 25.0218 1.76985 2.10964 4.8741 1.68541 146363 0 1.59041 0.193533 0
-3.16826 20.5627 0.811101 1.77428 3.61013 1.46767 139688 0 1.78073 0.193183 0
18.045 30.1457 1.19095 2.09278 4.93439 1.58383 153794 0 1.7108 0.193135 0
29.3506 -1.70747 1.86241 0.611095 0.599146 1.54433 107029 0 1.79503 0.193058 1
72.4985 20.6293 1.23758 1.89308 4.37652 1.54316 139924 0 1.54484 0.192757 0
-1.46714 31.7283 0.736244 2.01978 4.60253 1.53437 156073 0 -1.40531 0.191139 0
23.2791 -9.01417 1.76639 0.857262 0.895792 1.42885 96246 0 1.75459 0.18928 1
-55.1602 45.0096 0.151751 2.02194 4.6001 1.58052 175093 0 1.89679 0.189145 0
18.6384 29.3406 1.33338 2.18918 5.10395 1.71006 152392 0 1.74851 0.187723 0
72.7999 20.3667 1.34283 1.8964 4.23158 1.57637 139457 0 1.56348 0.187688 0
53.986 4.64611 1.48478 0.790544 0.789786 1.61793 116466 0 -1.60912 0.187398 1
54.6376 23.7879 1.48629 2.31814 5.50727 1.8918 144548 0 1.56323 0.184085 0
-54.5307 -10.3642 1.36046 0.797072 0.81529 1.60462 94131 0 1.57317 0.184021 1
-67.308 24.7992 0.245671 2.06122 4.68756 1.56667 145571 0 1.84621 0.183793 0
-46.9684 -4.54179 1.12886 1.84136 3.97246 1.55871 102579 0 -0.0360893 0.183255 0
-1.68014 30.9745 0.842093 2.08732 4.77658 1.66234 154668 0 1.96511 0.183043 0
-11.3819 57.1289 0.621384 2.14902 4.89688 1.86976 193014 0 -1.29091 0.18266 0
30.7668 57.053 1.27185 2.25656 5.27378 1.74128 193146 0 -1.61543 0.182478 0
57.1054 3.26096 1.59183 0.907808 0.912866 1.78237 114604 0 -1.52345 0.182153 1
11.1245 29.2292 0.950879 1.88564 4.2218 1.5477 152368 0 -1.32441 0.182135 0
-10.9749 64.8235 0.782722 2.17697 5.02152 1.80976 204247 0 1.80287 0.181933 0
55.2142 24.075 1.40398 2.18297 5.02473 1.73853 145018 0 1.70101 0.181263 0
-44.0239 21.2723 0.564849 2.00114 4.38765 1.69556 140496 0 -1.29968 0.179809 0
-43.0475 20.6701 0.484812 1.94605 4.3827 1.61572 139563 0 -1.33701 0.17891 0
52.5241 3.65672 1.54812 0.724699 0.724627 1.46284 115058 0 1.76921 0.17882 1
6.25275 10.4392 0.749257 1.95504 4.68876 1.50608 124741 0 -1.37879 0.178782 0
18.4498 73.0195 0.972693 2.37321 5.26272 1.90849 216507 0 1.53222 0.17874 0
12.8708 39.8154 0.709127 0.86844 1.00402 1.71004 167818 0 -0.398214 0.178561 1
73.358 18.0024 1.30652 2.24411 5.21143 1.72137 136183 0 1.56497 0.177636 0
-13.57 57.2083 0.400518 1.96466 4.47674 1.62521 193007 0 1.8078 0.177049 0
-36.1057 -4.3222 1.27459 0.899437 1.68395 1.76704 103081 0 -1.95139 0.176418 2
4.20837 48.2169 0.915128 1.78392 3.86127 1.63986 179959 0 1.82595 0.176328 0
-62.6214 18.9258 0.40393 1.98372 4.34181 1.66246 137162 0 1.96406 0.176039 0
-2.96075 47.1973 0.965901 2.25505 5.1738 1.82356 178532 0 -1.4014 0.175941 0
17.8288 72.4715 0.909428 1.83112 3.96029 1.62124 215569 0 1.61379 0.17485 0
14.5703 40.4216 0.902663 2.05544 4.64054 1.78111 168759 0 -1.48821 0.174685 0
23.4239 -9.00421 1.71979 0.877921 0.87344 1.48464 96247 0 1.723 0.174666 1
35.6898 30.3218 1.87354 1.92535 4.35002 1.47796 153849 0 -1.53329 0.173671 0
12.4335 39.8123 0.769945 0.82305 0.8937 1.70429 167816 0 1.67355 0.173652 1
29.7221 21.8465 1.58525 1.75445 3.79046 1.41094 141662 0 -1.52975 0.173439 0
51.1684 5.0022 1.60882 0.767868 0.80969 1.54581 116925 0 -1.2929 0.173084 1
-5.86238 39.2775 1.00723 2.08892 4.64885 1.54608 166823 0 -1.1804 0.172519 0
-39.1921 33.4482 -0.143797 2.0431 4.60489 1.63948 158295 0 1.76583 0.172056 0
47.509 23.2403 1.37199 2.07313 4.75551 1.61322 143590 0 -1.53517 0.171569 0
-1.71255 31.7385 0.772769 2.08025 4.84497 1.58592 156072 0 -2.19513 0.171235 0
51.3637 4.70844 1.71372 0.735703 0.757162 1.64842 116458 0 0.635707 0.170045 1
0.0712585 34.0217 0.579629 1.75766 3.54586 1.4009 159354 0 -1.20982 0.169253 0
72.5061 24.1315 1.15183 1.69598 3.73768 1.55138 145072 0 1.59981 0.169113 0
10.8213 7.66489 0.78247 0.691994 0.763716 1.22128 120543 0 2.64173 0.16851 1
-42.0872 20.6664 0.465289 1.94822 4.3922 1.62096 139566 0 -1.3204 0.168353 0
36.0023 31.111 1.90867 2.10034 4.67271 1.63094 155254 0 -1.58515 0.167324 0
-61.3746 -5.3056 0.976426 0.783748 0.80714 1.68611 101598 0 2.46758 0.167071 1
-61.537 -5.30651 0.950837 0.789833 0.845541 1.68928 101597 0 2.80327 0.166468 1
-43.6738 20.9747 0.513411 1.99951 4.3883 1.6786 140029 0 -1.33103 0.165826 0
-17.7649 53.2566 0.533341 2.08081 4.77004 1.64811 187378 0 1.82009 0.165324 0
21.2709 -7.32373 1.76185 0.862257 0.926732 1.54627 99048 0 -1.68382 0.165182 1
-58.0652 -7.22232 1.07547 0.778566 0.77256 1.62049 98800 0 0.541157 0.164302 1
7.63126 18.7234 0.890358 1.66934 3.35483 1.40464 136913 0 -1.37274 0.164205 0
17.5566 66.6408 0.864823 1.79342 3.9235 1.54287 207144 0 1.61753 0.164092 0
23.8239 -10.3875 1.97172 0.824386 0.81094 1.67735 94376 0 1.11085 0.163966 1
-54.3211 -5.19302 1.42992 0.859814 0.990574 1.79106 101620 0 -0.763294 0.163313 1
54.1094 5.1656 1.55763 0.789392 0.738255 1.6604 117403 0 -0.432522 0.162818 1
72.7989 24.4532 1.19345 1.95148 4.38868 1.65534 145541 0 1.56336 0.162774 0
67.0296 24.5493 1.3683 2.02315 4.40964 1.67264 145523 0 -1.52404 0.162691 0
-8.44923 32.1227 0.865699 2.10905 4.74159 1.51788 156519 0 -1.32813 0.162543 0
30.6561 62.6408 1.08955 1.69921 3.78239 1.42404 201101 0 1.59609 0.162063 0
-47.3902 -3.72231 1.12806 2.04848 4.52018 1.60706 103981 0 0.00458447 0.161994 0
73.4659 21.2325 1.37973 1.91901 4.21152 1.60767 140863 0 1.56714 0.160493 0
-3.67879 18.6984 0.7359 0.796436 0.822531 1.60101 136878 0 0.551857 0.160306 1
36.9586 27.1341 1.86073 2.00054 4.44249 1.6662 149173 0 -1.52113 0.15937 0
-19.375 41.4564 0.595884 2.01515 4.53511 1.62017 170057 0 1.74765 0.158661 0
2.60725 42.602 0.637169 1.92571 4.20816 1.53415 171998 0 1.93063 0.158432 0
-42.4107 20.3347 0.421058 1.95776 4.37767 1.58464 139097 0 -1.34137 0.158017 0
30.5134 56.6027 1.29676 2.08363 4.76281 1.6581 192209 0 -1.50958 0.157413 0
35.6976 24.2483 1.69924 1.9029 4.27379 1.63258 144957 0 1.59466 0.156628 0
55.1745 22.627 1.41503 1.91554 4.31334 1.63092 142678 0 1.53238 0.156335 0
21.8191 -8.54762 1.79096 0.810068 0.867831 1.30449 97178 0 3.07811 0.155475 1
6.9028 9.71523 0.768682 0.791748 1.78794 1.68214 123807 0 -1.6292 0.155304 2
29.7056 56.8655 1.32277 1.65791 3.46047 1.44121 192674 0 -1.58395 0.155074 0
17.4989 30.1429 1.16915 1.85719 4.08348 1.48833 153792 0 1.6536 0.154982 0
67.0541 25.0594 1.3642 1.99661 4.35888 1.65936 146459 0 1.50483 0.154869 0
36.2664 21.7999 1.61874 2.05572 4.74842 1.58249 141683 0 1.60834 0.154348 0
30.0139 54.0235 1.26281 1.77852 3.85911 1.4554 188463 0 -1.54146 0.153937 0
57.6998 3.57496 1.52208 0.80651 0.865539 1.72984 115074 0 2.65737 0.153212 1
36.0201 26.755 1.79254 0.795204 0.835592 1.69339 148702 0 1.49464 0.153152 1
-44.0187 20.6777 0.537325 1.94952 4.26809 1.65119 139560 0 -1.34176 0.152802 0
21.8078 -8.70542 1.82166 0.807188 0.857008 1.35201 96710 0 3.07367 0.152674 1
51.9167 5.89814 1.44331 0.780745 0.780441 1.52727 118332 0 -1.0457 0.1524 1
36.9272 24.7883 1.772 2.10424 4.9269 1.73841 145897 0 -1.5682 0.152265 0
-11.9361 62.0383 0.470992 1.91379 4.27254 1.51656 200032 0 1.79922 0.152112 0
-8.87168 23.6363 0.699723 1.93672 4.60078 1.49759 143882 0 -1.31606 0.15188 0
-44.5974 20.6733 0.572741 2.07613 4.60283 1.70439 139558 0 -1.36089 0.1518 0
18.9317 63.7416 0.867522 2.30217 5.41222 1.75517 202937 0 1.64816 0.151363 0
30.0014 54.4488 1.20034 1.80779 3.97845 1.4467 189399 0 -1.69262 0.151312 0
-49.9721 -3.11916 1.16188 2.12024 4.68384 1.602 104909 0 -0.00854665 0.150625 0
30.7918 54.0318 1.30924 2.18531 5.05825 1.6869 188466 0 -1.54116 0.150554 0
-52.97 44.8865 0.139639 0.765109 2.02093 1.73548 175100 0 -0.179227 0.150462 2
-43.0357 20.332 0.465065 1.89129 4.21617 1.5966 139095 0 -1.31621 0.150128 0
31.4439 62.6475 1.14978 2.13235 4.89567 1.60458 201104 0 1.59139 0.149312 0
-49.5555 -4.23411 1.16784 1.83444 4.1531 1.5556 103039 0 -0.0734047 0.14873 0
-38.5527 -3.68998 1.28049 2.30301 5.25356 2.01168 104009 0 -1.54659 0.148405 0
-66.7458 25.3931 0.292652 1.94522 4.38931 1.52613 146509 0 1.79981 0.146976 0
-3.77737 16.7055 0.823707 0.814276 0.847115 1.5437 134070 0 -2.15841 0.146704 1
30.2954 57.3223 1.23481 2.0261 4.57299 1.63864 193612 0 -1.66951 0.146457 0
-19.6615 53.8946 0.739962 2.02517 4.56617 1.64675 188308 0 1.89767 0.145972 0
-67.3339 24.1839 0.269913 2.01337 4.53297 1.54463 144635 0 1.86649 0.145852 0
36.3183 27.0861 1.8292 1.87872 3.68114 1.70646 149171 0 1.58643 0.144287 0
29.5178 -1.72097 1.95444 0.662567 0.633813 1.68553 107030 0 1.69643 0.144028 1
-11.6795 56.8697 0.530575 2.06203 4.62044 1.82711 192545 0 -0.914214 0.142628 0
-42.7051 20.0338 0.452178 1.89349 4.19282 1.55538 138628 0 -1.33357 0.142602 0
73.1208 22.9492 1.35396 2.14323 4.7471 1.74078 143202 0 1.61133 0.142454 0
-38.9061 -2.95695 1.11392 1.01143 1.22449 1.86686 104944 0 -1.47922 0.141559 1
68.2098 21.0275 1.32286 2.26164 5.57092 1.8299 140379 0 1.54434 0.141212 0
57.4772 3.58759 1.52181 0.820671 0.889058 1.73407 115073 0 -1.51973 0.140806 1
-38.9099 33.7539 -0.241788 1.99391 4.51278 1.59782 158764 0 1.80891 0.139551 0
-53.0322 44.6767 0.360949 0.796449 1.92107 1.72339 174632 0 -2.90954 0.138852 2
17.1168 -10.1105 1.3412 0.861065 0.896635 1.70135 94823 0 1.47432 0.138769 1
-63.0948 36 0.245502 2.21688 5.45401 1.84255 161964 0 -1.25177 0.137805 0
72.783 24.7761 1.19329 2.04892 4.58775 1.71264 146009 0 1.54398 0.137323 0
35.0398 27.6557 1.67736 2.06625 4.71646 1.60144 150103 0 1.61457 0.137217 0
21.2824 -8.52757 1.90651 0.789984 0.8543 1.33862 97176 0 -2.82369 0.137148 1
2.92847 42.1127 0.609701 1.51688 3.13874 1.39241 171063 0 1.89264 0.136983 0
12.647 40.05 0.740317 0.877284 1.05158 1.69846 168285 0 -2.16268 0.13696 1
-17.4414 43.0299 0.714714 2.06654 4.59737 1.74322 172403 0 -0.305259 0.136749 0
17.3583 -10.1136 1.31117 0.951766 1.11069 1.78952 94824 0 1.44221 0.136508 1
48.7621 5.49427 1.57326 0.872407 0.974661 1.73678 117854 0 1.13446 0.136094 1
-17.4382 42.7282 0.705913 1.99012 4.45523 1.69169 171935 0 0.00492215 0.13531 0
-41.7901 20.9268 0.50963 2.02767 4.42121 1.66741 140035 0 -1.32351 0.135309 0
-33.3657 0.571701 0.914364 2.28919 5.37647 1.58838 110109 0 -1.64386 0.135174 0
-19.069 41.7432 0.592557 2.03233 4.53961 1.63657 170526 0 1.73492 0.134579 0
-54.4431 -5.21252 1.43006 0.871967 1.24211 1.80933 101619 0 -0.514161 0.133642 1
23.8429 -10.1101 2.03404 0.927907 0.899236 1.76972 94844 0 1.72263 0.133268 1
-18.3632 53.3119 0.484102 1.97544 4.49053 1.62223 187376 0 1.89535 0.133124 0
-39.476 33.7375 -0.133784 2.19412 5.14212 1.74954 158762 0 1.60527 0.132834 0
67.1625 20.9476 1.22897 1.66346 3.41747 1.40923 140375 0 1.51432 0.132588 0
72.1767 24.4708 1.11647 1.67313 3.70003 1.54991 145539 0 1.55801 0.132276 0
54.8795 19.4926 1.24694 1.80494 3.8891 1.45098 137997 0 1.6981 0.132008 0
-2.08099 46.6403 0.963231 2.01242 4.58871 1.69853 177599 0 -1.23685 0.131986 0
-6.31359 31.2934 0.641619 1.94751 4.55128 1.52171 155122 0 -1.30289 0.131857 0
13.6419 39.8874 0.785392 1.95574 4.4302 1.63304 167820 0 -1.2861 0.131783 0
23.2764 -8.58923 1.67205 0.91894 0.981723 1.48625 97182 0 1.61176 0.131624 1
67.1666 18.0702 1.39484 1.7873 3.46274 1.6927 136163 0 -1.53237 0.130861 0
30.5842 51.1656 1.47559 2.01629 4.60967 1.73319 184253 0 -1.45285 0.130333 0
-25.3851 19.8007 0.678096 2.13429 4.7528 1.72582 138214 0 1.3708 0.130251 0
55.8074 24.0965 1.32732 1.95585 4.37852 1.60077 145020 0 1.86399 0.13025 0
18.1291 29.0768 1.30414 2.06811 4.60966 1.65559 151922 0 1.76635 0.12996 0
51.164 5.2034 1.58335 0.782764 0.833234 1.584 117393 0 -1.36261 0.129237 1
66.1001 25.0301 1.32329 2.01518 4.48127 1.58502 146456 0 1.44903 0.12914 0
-43.7072 21.5632 0.549069 2.03048 4.43771 1.69669 140965 0 -1.26334 0.128813 0
-7.31835 29.1566 0.80023 2.14079 4.99742 1.69644 152311 0 -1.34775 0.128712 0
23.4679 -8.58902 1.68242 0.893516 0.911593 1.54606 97183 0 1.70704 0.128034 1
56.0999 23.8016 1.33104 1.93708 4.36688 1.57249 144553 0 1.75479 0.127914 0
-18.0849 53.5379 0.535293 2.06894 4.65967 1.64629 187845 0 2.13296 0.127595 0
-39.1423 -2.95589 1.13291 1.15308 1.60014 1.8187 104943 0 -1.43402 0.127543 1
54.1439 4.61777 1.43975 0.790354 0.803146 1.63777 116467 0 -1.57497 0.126936 1
-12.0251 59.9674 0.546196 2.03029 4.43817 1.52486 197224 0 1.82427 0.126733 0
-3.97019 18.7155 0.72471 0.812469 0.911646 1.56789 136877 0 0.75704 0.126687 1
-38.8626 -3.38877 1.14033 2.28739 5.16403 1.99361 104476 0 -1.47709 0.126289 0
-46.653 -3.99348 1.14309 1.94175 4.26465 1.59172 103516 0 -0.103003 0.12623 0
-10.4677 62.1404 0.562374 1.96028 4.33257 1.49473 200505 0 1.39149 0.125553 0
-19.0554 53.6091 0.648976 1.97912 4.39075 1.57481 187842 0 1.89674 0.125192 0
-61.5364 -5.51843 0.969496 0.772048 0.824472 1.69117 101129 0 0.208032 0.125141 1
-40.8749 1.12552 0.915824 2.14258 4.52465 1.63798 111022 0 -1.59255 0.125109 0
-16.7997 41.4472 0.55999 2.05324 4.56607 1.58947 170065 0 -1.17403 0.12497 0
66.0636 24.2682 1.32336 2.06973 4.42966 1.61378 145052 0 1.4901 0.12493 0
51.4203 3.76833 1.75786 0.75108 0.799476 1.70784 115054 0 1.67206 0.124883 1
-61.3616 -5.52714 0.968225 0.783997 0.798862 1.69392 101130 0 0.519494 0.124858 1
11.3817 -9.85728 1.36696 0.822577 0.877918 1.63876 95273 0 1.36458 0.124473 1
65.1801 24.7157 1.34864 2.106 4.62264 1.63757 145985 0 1.50842 0.124301 0
72.1772 23.8326 1.10401 1.62392 3.70108 1.56015 144603 0 1.61991 0.124263 0
-39.5386 -2.06002 1.19733 1.93149 4.3145 1.71084 106346 0 -1.65478 0.124242 0
-1.97672 31.5066 0.822462 2.1274 5.06624 1.64998 155603 0 -2.70549 0.12421 0
15.8393 49.1192 0.675848 2.04393 4.58204 1.6085 181399 0 -0.0616413 0.124101 0
11.9333 28.4147 1.11773 2.11026 4.98845 1.66093 150967 0 -1.31249 0.12409 0
1.4243 39.6291 0.868452 1.86225 3.94534 1.64441 167314 0 1.76285 0.123766 0
71.8573 24.1411 1.08598 1.59141 3.95026 1.56451 145070 0 1.55089 0.123567 0
18.6407 29.852 1.25842 2.2125 5.26857 1.67926 153328 0 1.68317 0.123471 0
-6.31983 31.7372 0.665733 2.0924 4.8614 1.58163 156058 0 -1.36619 0.123355 0
-18.3717 52.5977 0.507056 0.809821 1.01862 1.70235 186440 0 2.91474 0.122959 1
-17.1191 41.7682 0.594869 2.04794 4.59506 1.63861 170532 0 -0.763742 0.12281 0
6.59904 9.73933 0.762919 0.727226 1.64419 1.65951 123806 0 -1.5155 0.122758 2
-5.8942 39.7523 1.04872 2.15252 4.92701 1.60779 167759 0 -0.814724 0.122688 0
-17.7457 42.0899 0.638866 2.03354 4.46483 1.63907 170998 0 0.421787 0.122561 0
11.4003 29.4964 0.961114 1.8973 4.20003 1.55883 152837 0 -1.33495 0.12229 0
-41.7691 20.3463 0.468201 1.9671 4.32607 1.64016 139099 0 -1.30747 0.121986 0
-70.8728 10.8063 2.04824 0.779177 0.878733 1.77451 124968 0 -2.29354 0.121916 1
-39.4754 33.1687 0.00145902 2.1406 4.94838 1.71092 157826 0 1.72779 0.121479 0
-42.0866 20.0258 0.437553 1.91871 4.34573 1.61353 138630 0 -1.34434 0.121187 0
10.9272 7.66283 0.772672 0.697728 0.761408 1.18349 120544 0 2.79365 0.120775 1
23.5921 -10.4001 1.98105 0.827817 0.818514 1.6746 94375 0 1.48784 0.120473 1
38.2034 27.6469 1.94957 2.2244 5.11108 1.82431 150113 0 -1.59443 0.120385 0
30.5819 59.4697 1.1291 1.99543 4.51515 1.53545 196421 0 -1.5395 0.120208 0
-36.5583 -4.53707 1.34085 0.897367 1.81435 1.79663 102611 0 -2.27626 0.120043 2
18.4024 71.9448 0.881003 1.85973 4.31948 1.65401 214635 0 1.67657 0.119778 0
7.11761 9.68794 0.755122 0.78409 1.54617 1.63582 123808 0 1.76225 0.11944 2
-67.068 23.8804 0.312378 1.92741 4.27427 1.5225 144168 0 1.83087 0.118935 0
20.923 -8.22966 1.90017 0.84781 1.08748 1.49655 97643 0 -2.48665 0.1187 1
30.9158 62.3361 1.06425 1.82819 4.08617 1.45603 200634 0 1.65316 0.11857 0
-58.0656 -7.4189 1.08582 0.801451 0.811909 1.67845 98332 0 0.71383 0.118417 1
-49.5445 -3.10449 1.13339 1.89336 4.36659 1.57042 104911 0 0.0999552 0.118363 0
29.3325 25.0559 1.6435 2.08676 4.73191 1.6405 146341 0 -1.55745 0.118217 0
10.8286 10.203 1.26713 0.912818 1.24113 1.77347 124287 0 -1.40702 0.117958 1
-36.0884 -4.54889 1.28831 0.901019 1.75646 1.7741 102613 0 -1.68392 0.117886 2
-52.9779 45.5839 0.229425 0.975679 2.48172 1.66741 176036 0 0.115551 0.117876 2
-0.891884 30.9753 0.730363 1.80014 3.80936 1.46919 154671 0 1.76306 0.11758 0
-55.1967 -3.99057 1.39926 2.20727 5.00771 1.86956 103489 0 0.0708798 0.117325 0
-19.9658 53.6214 0.74053 2.04707 4.61066 1.65447 187839 0 1.7902 0.117239 0
-19.3703 42.0445 0.626603 2.06508 4.63643 1.65991 170993 0 1.78519 0.117049 0
-43.655 20.3695 0.520801 2.01723 4.43191 1.6691 139093 0 -1.31167 0.116999 0
13.6162 40.4333 0.828087 2.00234 4.57318 1.6776 168756 0 -1.49974 0.116961 0
41.7588 1.42747 1.8565 0.838025 2.06218 1.43645 111748 0 -3.04844 0.116933 0
-18.7462 41.4629 0.521321 2.08634 4.76867 1.64628 170059 0 1.63224 0.116709 0
19.6163 72.5282 0.971361 2.59481 6.44011 2.13543 215575 0 1.58061 0.116692 0
-13.633 57.983 0.562022 2.11416 4.79227 1.72864 194411 0 1.89544 0.116583 0
-38.2677 -3.9666 1.34987 2.02411 4.44471 1.79905 103542 0 -1.51558 0.116428 0
52.003 2.8086 1.57137 0.797219 0.802756 1.6129 113652 0 1.71539 0.116358 1
-57.8535 -7.23006 1.04897 0.766564 0.761313 1.65732 98801 0 0.997678 0.116356 1
-1.97639 31.2365 0.87228 2.18156 5.27085 1.71657 155135 0 3.06952 0.11633 0
-4.23039 16.4995 0.81287 0.861615 0.85448 1.63638 133600 0 -1.52038 0.116256 1
-17.7227 42.3972 0.673281 2.05645 4.4543 1.66853 171466 0 0.0916774 0.116247 0
-17.7155 43.0379 0.765826 2.13863 4.70752 1.76759 172402 0 -0.640191 0.116232 0
-52.6219 -3.991 0.878036 2.01591 4.49976 1.59527 103497 0 -0.0260169 0.116174 0
58.3961 23.8086 1.32751 2.07153 4.57534 1.6692 144560 0 1.50166 0.116148 0
-19.9577 53.8997 0.76212 2.12871 4.84142 1.72266 188307 0 0.804379 0.115863 0
-25.1737 20.1935 0.689209 2.1392 4.80167 1.71222 139151 0 -1.9081 0.115722 0
-12.3523 57.6508 0.684948 2.18229 4.94811 1.78278 193947 0 1.77059 0.115649 0
18.313 26.6572 1.40898 2.4005 5.79288 1.95086 148647 0 1.68481 0.115488 0
-18.3955 41.7626 0.581496 2.05401 4.58094 1.6372 170528 0 1.3372 0.114945 0
54.2225 3.74545 1.42178 0.757965 0.785852 1.52918 115063 0 -1.62529 0.11493 1
-2.72635 29.9027 1.12951 0.822209 0.837097 1.72904 153261 0 -1.26416 0.114669 1
-39.1832 -2.12211 1.16106 1.57644 3.22782 1.72738 106347 0 -1.64313 0.114482 0
37.8943 27.1101 1.88228 2.09636 4.67906 1.74697 149176 0 -1.51118 0.114409 0
-5.62995 39.7432 1.07905 2.05931 4.60796 1.54786 167760 0 -1.16009 0.114156 0
20.0416 44.3573 0.820804 0.821573 0.811501 1.7696 174392 0 -1.81635 0.113968 1
29.332 -1.53615 1.85835 0.649617 0.644434 1.52237 107497 0 1.89863 0.113866 1
-2.74204 26.2664 0.745324 2.09935 4.93364 1.52315 148113 0 1.83237 0.113857 0
-40.7948 20.3279 0.554693 2.02396 4.49525 1.71811 139102 0 -1.28333 0.113849 0
-16.8112 42.7288 0.705713 2.04848 4.40399 1.68443 171937 0 0.0402397 0.113623 0
-3.18502 23.2448 0.961673 1.75277 3.54622 1.66455 143432 0 1.76916 0.113166 0
-2.68029 46.641 0.938915 2.06333 4.49972 1.77234 177597 0 -1.26954 0.112917 0
-19.6782 41.1695 0.590637 2.07195 4.62934 1.62944 169588 0 1.74599 0.112727 0
29.3723 -3.95604 1.27396 0.676475 0.69963 1.53763 103753 0 1.55575 0.112413 1
72.1926 24.7715 1.12285 1.81138 3.99763 1.58374 146007 0 1.47509 0.1124 0
-6.15629 39.5143 0.977412 2.18607 4.94338 1.60111 167290 0 1.70815 0.112322 0
-19.9374 41.7321 0.493254 2.22137 5.14715 1.76394 170523 0 1.73088 0.112236 0
-23.4427 28.2301 0.676304 2.30709 5.2754 1.61852 150856 0 1.89222 0.112145 0
-8.89487 24.0273 0.720047 1.94033 4.54329 1.52582 144818 0 -1.33661 0.112059 0
30.0313 59.9906 1.10418 1.64978 3.48507 1.4104 197355 0 -1.60458 0.112049 0
72.1952 20.9232 1.18309 1.92085 4.43759 1.53366 140391 0 1.56036 0.111983 0
35.3752 27.1202 1.7119 1.96781 4.42428 1.61589 149168 0 1.55667 0.111804 0
63.8286 24.4908 1.36907 2.07853 4.51688 1.69054 145513 0 1.52344 0.111738 0
-66.7791 24.5219 0.304173 1.78476 3.90911 1.48788 145105 0 1.85948 0.111455 0
