-1.17321 -5.18867 0.859629 2.32241 5.10491 1.90688 101786 0 0.0290901 0.950851 0
16.2055 17.8464 1.5757 2.22448 4.92664 1.81336 135536 0 1.6474 0.937564 0
15.5787 14.2599 1.5699 2.02885 4.5476 1.65042 130386 0 1.64243 0.936049 0
5.33932 12.8874 0.846661 2.15948 5.13838 1.50803 128482 0 -1.29782 0.933014 0
45.9814 19.0166 1.6986 2.21029 4.99637 1.86456 137501 0 -1.58976 0.93035 0
-13.8552 10.8122 0.941119 2.21928 4.90369 1.88083 125146 0 -1.3071 0.928596 0
-9.40234 -5.01186 0.769586 2.12165 4.81414 1.58282 102228 0 0.0154499 0.92066 0
7.77025 20.9659 1.14963 2.15347 5.25066 1.76529 140190 0 1.85448 0.920256 0
-6.60818 4.21358 0.771588 2.03053 4.65097 1.53297 115809 0 1.61801 0.91344 0
16.4387 26.0658 1.60695 2.24335 5.12709 1.94055 147705 0 1.73204 0.910806 0
-28.6598 13.176 0.723852 2.30894 5.04388 1.84684 128844 0 -1.27503 0.91024 0
6.87919 18.3775 0.955996 2.0183 4.6911 1.54684 136443 0 -1.28735 0.908465 0
-6.85152 15.6273 0.742224 1.93794 4.6081 1.42569 132188 0 -1.26532 0.90279 0
-7.4323 12.042 0.874395 1.87812 4.02508 1.61541 127038 0 1.82425 0.897867 0
-24.2406 1.12648 1.01576 2.208 5.07484 1.94583 111074 0 2.37308 0.892748 0
-6.86034 -5.39519 0.774379 2.07073 4.39832 1.61826 101768 0 0.0586475 0.891659 0
6.57622 15.5074 0.889451 2.06299 4.74973 1.44222 132230 0 -1.3265 0.891654 0
66.1583 15.5469 1.47376 1.99464 4.39846 1.70012 132416 0 -1.49495 0.885328 0
16.5299 20.4244 1.54343 2.1872 4.92014 1.76267 139281 0 1.71969 0.884341 0
-4.22359 -5.64984 0.742167 2.02536 4.3852 1.60989 101308 0 0.0516876 0.881534 0
-2.80347 28.6404 1.04257 2.07936 4.71199 1.84091 151389 0 1.83977 0.870574 0
16.5316 23.2287 1.38055 1.97994 4.54098 1.51592 143493 0 1.69428 0.869596 0
-5.9818 18.111 0.806283 1.93625 4.34353 1.48281 135935 0 1.83635 0.86152 0
-4.92242 23.5566 0.992591 2.01605 4.7164 1.75824 143894 0 1.83713 0.860071 0
33.4517 17.3666 1.93393 2.06064 4.7847 1.81455 135122 0 1.61108 0.858382 0
12.0086 31.1514 1.35267 2.17054 5.04296 1.95596 155179 0 -1.26114 0.854598 0
-3.67667 26.1311 0.836539 1.96269 4.57531 1.4645 147642 0 1.86441 0.853965 0
-12.8649 13.3974 0.725577 2.0864 4.84099 1.52356 128893 0 -1.32203 0.845626 0
-1.1993 34.0318 0.778678 1.99825 4.46069 1.43582 159350 0 -1.2405 0.844586 0
-12.6963 16.0742 1.02399 2.47984 5.73026 1.99582 133106 0 -1.33358 0.843115 0
34.4077 20.3126 1.67516 1.97827 4.63617 1.56187 139337 0 1.68033 0.836974 0
66.3971 18.4476 1.35223 1.92448 4.44121 1.49308 136629 0 1.62472 0.834623 0
-4.9876 20.8726 0.831768 1.97619 4.64017 1.47682 140150 0 1.82903 0.829146 0
-33.7566 11.5605 0.576321 2.00736 4.28475 1.6004 126488 0 1.93687 0.825851 0
9.06223 23.2867 1.2623 2.0484 4.58497 1.7267 143470 0 -1.26554 0.824811 0
-32.5032 17.3815 0.676393 2.25479 4.93514 1.95071 134916 0 -1.20265 0.823844 0
3.07005 45.3446 0.761408 1.99867 4.78981 1.61271 175743 0 1.89838 0.821248 0
3.61333 48.2104 0.985773 1.93977 4.3012 1.79715 179957 0 1.9283 0.820522 0
28.939 20.7457 1.58501 1.93004 4.62258 1.50938 139788 0 -1.49287 0.807066 0
-39.2683 -2.66373 1.26063 0.826121 1.79822 1.67732 105411 0 1.7088 0.801482 2
53.6108 17.7871 1.41933 1.95862 4.38409 1.53594 135653 0 1.60813 0.80062 0
-10.4161 24.2137 0.76073 2.02137 4.76314 1.46564 144813 0 -1.29333 0.797292 0
-44.9611 19.0888 0.611802 2.21821 5.14816 1.99279 137217 0 -1.24241 0.794183 0
-24.7966 23.6184 0.70338 2.1559 5.32134 1.83129 143832 0 -1.20653 0.792701 0
0.403763 39.9006 0.955665 1.9905 4.45759 1.70416 167779 0 1.93018 0.789197 0
28.4283 17.5679 1.66451 1.91089 4.45292 1.57974 135106 0 -1.45264 0.784504 0
-9.44185 26.712 0.820368 1.9338 4.47122 1.45851 148560 0 -1.25555 0.782484 0
1.77473 42.4143 0.79634 1.98365 4.60296 1.49615 171527 0 1.87676 0.772359 0
-26.1316 20.8928 0.686461 2.09963 4.65134 1.75285 140084 0 -1.20784 0.769042 0
31.1501 65.1151 1.61489 2.11654 4.83294 1.68749 204847 0 -1.48417 0.766301 0
-49.2187 -2.35157 1.01041 1.97271 4.42194 1.45941 105848 0 0.0505671 0.764206 0
-11.3523 21.1737 0.803298 2.02449 4.72868 1.42585 140598 0 -1.30244 0.756494 0
-0.123512 36.8862 0.790118 2.03376 4.80396 1.52942 163565 0 1.93174 0.748225 0
52.257 8.49332 1.55391 1.04182 1.04595 1.67583 122077 0 -2.93839 0.74283 1
-11.9779 18.7635 0.782804 2.05132 4.69141 1.46011 136852 0 -1.35193 0.738511 0
-2.38009 47.2419 1.11238 2.04859 4.62978 1.66415 178534 0 -1.26868 0.734009 0
-47.1677 14.0204 0.693035 2.1818 4.80588 1.93612 129722 0 1.79802 0.729501 0
-62.8608 23.5451 0.507817 2.04646 4.37117 1.69496 143713 0 1.93563 0.728317 0
-2.36438 31.5076 0.836474 2.04519 4.6421 1.53317 155602 0 -1.29484 0.721677 0
-52.5815 8.70036 0.674224 0.884478 0.903455 1.61633 122217 0 2.18303 0.715568 1
17.1034 28.9844 1.37832 2.1565 4.97754 1.69157 151919 0 1.76268 0.706076 0
-42.462 26.9614 0.564906 2.40849 5.77853 2.02933 148925 0 -1.19608 0.704733 0
18.4564 65.8412 0.985815 2.03946 4.72593 1.61047 205743 0 1.71355 0.70457 0
-31.2274 61.5551 0.376846 2.21012 5.28465 1.77337 199504 0 -1.24458 0.690777 0
-8.74424 29.3784 0.908129 2.03164 4.55295 1.58064 152306 0 -1.32569 0.690572 0
-5.37426 16.7015 0.880974 0.831982 0.804536 1.64075 134065 0 1.89357 0.688524 1
49.9914 1.44904 1.78657 0.940452 0.948528 1.76733 111774 0 1.5531 0.679202 1
-41.4533 -1.00574 1.07283 0.804637 0.863192 1.66727 107744 0 1.70951 0.670986 1
18.3762 -9.34908 1.91465 0.839483 0.824575 1.66803 95763 0 -1.98153 0.670067 1
-27.0086 18.1252 0.54996 1.98506 4.49861 1.69766 135869 0 -2.30771 0.651184 0
-21.6616 33.7789 0.884598 2.30744 5.60765 1.8197 158818 0 -1.24497 0.644376 0
-26.7442 18.0915 0.52991 2.08152 4.81242 1.71086 135870 0 -1.35569 0.637592 0
10.3525 25.7747 1.15176 2.01065 4.60953 1.54696 147218 0 -1.35551 0.611073 0
34.3712 23.2657 1.7856 2.01651 4.66402 1.64876 143549 0 1.65215 0.605712 0
29.3178 23.5272 1.66304 1.95358 4.37591 1.58454 144001 0 -1.50803 0.578459 0
-11.6262 62.6269 0.611983 2.00157 4.56942 1.55827 200969 0 1.9299 0.570593 0
55.1186 0.870071 1.70598 0.967353 1.06377 1.82967 110854 0 -1.60727 0.567993 1
-65.1558 18.6692 0.449055 1.93358 4.29815 1.54899 136686 0 1.95604 0.552266 0
71.5522 21.2715 1.4251 1.84562 4.1133 1.49536 140857 0 1.61974 0.539941 0
19.0314 71.8204 1.10251 2.01421 4.60133 1.58823 214637 0 -1.43365 0.525993 0
71.52 15.1156 1.40382 2.01564 4.51635 1.52892 131965 0 1.66075 0.525409 0
30.2352 53.2242 1.58896 1.91644 4.27283 1.4968 187528 0 -1.6176 0.523805 0
-55.5112 46.9037 0.104493 2.02333 4.54141 1.61612 177900 0 1.90469 0.518097 0
30.2508 55.8223 1.78119 1.91891 4.23741 1.53425 191272 0 -1.53862 0.504328 0
35.0201 29.2823 1.88971 2.0519 4.59612 1.57591 152443 0 -1.48095 0.502506 0
-9.74899 64.8794 0.908964 2.0662 4.64308 1.68858 204251 0 1.87707 0.499635 0
-52.0135 -2.39626 1.11871 1.94407 4.27665 1.5863 105839 0 0.0204811 0.495866 0
71.8243 18.3958 1.53144 2.01176 4.56317 1.51467 136646 0 1.61327 0.493047 0
19.3461 68.6283 1.18349 2.04606 4.60719 1.68596 209958 0 1.77427 0.484163 0
4.93347 10.1092 0.888429 1.96261 4.66789 1.5704 124269 0 -1.3164 0.484151 0
30.2423 50.4488 1.86932 2.02739 4.52628 1.65534 183316 0 -1.59356 0.468655 0
-63.8337 20.977 0.369842 1.84956 4.23571 1.50302 139966 0 1.92169 0.46607 0
-27.2772 18.1632 0.557241 1.82748 4.07391 1.66287 135868 0 1.87149 0.458514 0
9.18951 10.0016 1.2752 0.803024 0.872951 1.72421 124282 0 -1.43382 0.449114 1
53.6279 21.5927 1.73412 2.15429 4.92329 1.82252 141269 0 1.60745 0.447968 0
71.8284 21.0184 1.45415 1.98553 4.47843 1.57001 140390 0 1.64495 0.440639 0
50.3157 3.34322 1.74093 0.790112 0.785865 1.6377 114583 0 -0.208416 0.437445 1
52.2595 8.66753 1.57596 1.05984 1.1016 1.69303 122545 0 -2.62272 0.418572 1
66.0853 21.9235 1.52951 2.0779 4.53095 1.79867 141776 0 -1.49652 0.416892 0
18.9305 -8.26902 1.57935 0.91801 0.990309 1.66194 97637 0 -1.70221 0.413096 1
-7.84874 31.8729 0.776373 1.98708 4.42612 1.50103 156053 0 -1.26027 0.412489 0
49.5245 2.15702 1.88047 0.829473 0.856315 1.84569 112708 0 -1.63631 0.411671 1
53.1634 2.04484 1.42403 0.747081 0.688984 1.55271 112720 0 -1.69316 0.399642 1
-62.5723 28.6506 0.518173 1.96922 4.39057 1.67839 151202 0 1.85548 0.396693 0
49.4974 3.08345 1.7028 0.780934 0.791165 1.68296 114112 0 -1.52504 0.390667 1
-21.9385 28.3439 0.958475 2.10547 4.66639 1.67735 150861 0 -1.25375 0.378575 0
50.0834 1.71521 1.74614 0.815646 0.846485 1.69564 112242 0 1.78272 0.372686 1
-5.59129 39.5115 1.0806 1.9808 4.52196 1.51549 167292 0 1.82237 0.367572 0
71.5406 18.1485 1.53282 1.99694 4.46448 1.55224 136177 0 1.63348 0.366849 0
71.5228 18.6394 1.51505 1.9759 4.38737 1.52056 137113 0 1.61821 0.364778 0
-5.2505 39.2749 1.03924 1.91738 4.53292 1.50662 166825 0 -1.11601 0.362616 0
-8.45937 32.1527 0.787406 2.03596 4.46306 1.4914 156519 0 -1.27637 0.354459 0
30.8689 58.6986 1.67616 2.01673 4.59972 1.58983 195486 0 -1.57581 0.352071 0
-5.46526 16.6057 0.872706 0.859018 0.845898 1.62775 133596 0 1.93121 0.350707 1
-57.119 -2.71501 1.33699 2.27795 5.08553 1.94633 105355 0 0.0302092 0.346055 0
18.7691 71.6042 1.04605 1.78241 4.08172 1.49298 214168 0 -1.43522 0.344045 0
18.429 71.8477 1.07139 1.70148 3.72877 1.46883 214635 0 1.62797 0.339834 0
35.3613 26.0957 1.88825 2.16954 4.91041 1.83776 147764 0 1.56015 0.339438 0
-52.4596 8.71066 0.660295 0.904 0.918001 1.57443 122218 0 2.52043 0.336579 1
18.943 65.9929 1.02363 2.30783 5.68447 1.82822 206213 0 1.68401 0.334968 0
-44.3149 22.2266 0.448279 1.86063 4.18775 1.55249 141899 0 -1.28144 0.334369 0
50.1853 3.34501 1.73317 0.798388 0.794434 1.65179 114582 0 -0.34085 0.333561 1
-52.274 -2.10715 1.14768 1.95152 4.27476 1.60048 106306 0 0.0621014 0.329947 0
71.809 21.5507 1.42334 2.05511 4.66554 1.61623 141326 0 1.62093 0.327205 0
-43.9797 21.9472 0.429578 1.64529 3.66624 1.47487 141432 0 -1.28591 0.318751 0
20.9798 -9.66481 1.67014 0.792175 0.783302 1.47546 95303 0 2.4003 0.311842 1
-6.22893 39.7952 1.06293 1.97596 4.33648 1.53709 167758 0 1.87949 0.310536 0
30.5964 58.4309 1.6868 1.95945 4.40814 1.5527 195017 0 -1.53649 0.307767 0
46.8035 3.30728 1.76605 0.823381 0.902417 1.63881 114572 0 1.402 0.301156 1
-51.7504 -2.1012 1.08584 1.94554 4.26608 1.54779 106308 0 0.00213162 0.299302 0
-63.1664 38.2212 0.193673 2.17164 4.94201 1.76798 165240 0 -1.0912 0.297764 0
35.0095 25.4218 1.92671 0.846199 0.903944 1.75662 146827 0 -0.344917 0.289841 1
-4.44186 20.6512 0.854947 1.68601 3.24698 1.42197 139684 0 1.80643 0.289224 0
49.6753 2.12482 1.84985 0.781296 0.820541 1.76796 112709 0 -1.91563 0.288516 1
-11.7481 15.8179 1.02805 2.27064 4.95462 1.91795 132641 0 -1.31409 0.283292 0
-43.3846 21.9123 0.415896 1.66425 3.67426 1.50789 141434 0 -1.26987 0.282575 0
20.2852 -8.18734 1.42226 0.832614 0.940856 1.61614 97641 0 -1.35511 0.281931 1
19.3086 72.0803 1.15125 2.20797 5.11754 1.72699 215106 0 -1.52849 0.27896 0
49.5207 2.28874 1.91574 0.807991 0.844898 1.85426 113176 0 -1.76455 0.274556 1
-63.5742 21.1894 0.372895 1.8805 4.22746 1.53547 140435 0 1.9398 0.273828 0
-43.7138 22.1698 0.418915 1.73187 3.82194 1.49197 141901 0 -1.23928 0.27253 0
34.7419 26.3833 1.86704 2.14224 5.00294 1.76133 148230 0 1.64475 0.268101 0
-64.4409 21.253 0.38568 2.02172 4.56749 1.61536 140432 0 1.91694 0.266761 0
35.3218 23.2371 1.84447 2.1021 4.80284 1.74194 143552 0 -1.5104 0.265858 0
-41.629 -1.03403 1.10016 0.855084 0.989573 1.67112 107743 0 1.68179 0.26511 1
-43.9897 2.68075 0.851403 2.01712 4.50947 1.55578 113352 0 -1.07711 0.262082 0
55.7412 1.11982 1.55148 0.692275 0.721868 1.54441 111324 0 -1.9748 0.261283 1
-56.9054 -8.18784 1.09159 0.777652 0.815901 1.6136 97400 0 1.68916 0.260663 1
-62.2807 28.8882 0.530392 2.07507 4.53686 1.72793 151671 0 1.87989 0.259513 0
18.2237 -9.35376 1.98552 0.942807 1.00279 1.73102 95762 0 -1.87363 0.256418 1
19.6274 68.8913 1.20284 2.18379 4.96868 1.7759 210427 0 1.68009 0.255939 0
49.6614 3.08382 1.72356 0.794353 0.816822 1.70149 114113 0 -1.30455 0.253869 1
3.63705 7.17673 1.34661 0.796671 0.906013 1.74694 120053 0 -1.31817 0.253846 1
11.4019 31.4577 1.31759 2.42899 6.08297 2.17769 155645 0 -1.34052 0.253063 0
34.0859 29.3238 1.89367 1.96304 4.30285 1.5085 152440 0 1.58319 0.252751 0
50.3345 1.71581 1.67945 0.770094 0.798309 1.63023 112243 0 2.1474 0.252146 1
-43.9837 2.44225 0.869557 2.04837 4.58026 1.57234 112884 0 -0.64521 0.251172 0
18.8233 -8.35423 1.58767 0.920014 0.98062 1.66298 97168 0 -1.75704 0.250602 1
-65.6623 18.693 0.480217 2.1715 5.05169 1.68946 136684 0 1.90833 0.249315 0
55.5502 1.10265 1.58081 0.810313 0.855853 1.71987 111323 0 -2.02019 0.247689 1
-43.3897 3.07176 0.894509 0.90043 1.07859 1.61336 113822 0 -1.44125 0.244179 1
-63.4866 37.9217 0.174159 2.11069 4.72581 1.73235 164771 0 -0.910909 0.243832 0
66.3505 22.1934 1.53554 2.18665 4.81405 1.85422 142245 0 -1.55508 0.243363 0
-19.0449 54.25 0.829634 2.02391 4.57773 1.6446 188778 0 -1.15129 0.243125 0
-44.6023 21.9534 0.471056 1.92828 4.36301 1.60351 141430 0 -1.39493 0.242787 0
49.9656 1.21496 1.74963 0.863055 0.899161 1.72724 111306 0 1.62077 0.242111 1
-65.1395 18.172 0.463539 1.71209 3.79565 1.4873 135750 0 1.90525 0.24189 0
-19.6846 54.5593 0.880609 2.00321 4.53043 1.64413 189244 0 -1.2125 0.240101 0
53.1778 1.8826 1.46063 0.789586 0.748142 1.57501 112252 0 -1.68886 0.239935 1
50.3463 1.51173 1.72088 0.81671 0.836009 1.64874 111775 0 1.81217 0.239095 1
52.2923 8.2838 1.54719 0.998458 1.16261 1.72694 121609 0 -2.88006 0.238131 1
52.0813 2.9892 1.6933 0.761094 0.729456 1.64778 114120 0 -1.45851 0.236029 1
0.354652 36.6653 0.853579 1.68659 3.68011 1.43954 163099 0 1.93213 0.236026 0
30.876 58.1415 1.69182 1.97064 4.46595 1.56947 194550 0 -1.48891 0.235026 0
28.9995 23.7654 1.66696 1.96855 4.39242 1.5849 144468 0 -1.525 0.234691 0
-8.81371 64.7176 0.910986 2.10431 4.69829 1.7373 204254 0 1.79536 0.234458 0
54.9779 0.992447 1.71425 0.977514 0.996368 1.84419 111321 0 -1.60827 0.234339 1
-62.8372 28.38 0.4622 1.97572 4.4918 1.65709 150733 0 1.8275 0.233079 0
71.2807 21.5658 1.40098 1.75784 3.83483 1.45135 141324 0 1.62875 0.233069 0
-64.0967 20.7071 0.356684 1.8647 4.29356 1.50177 139497 0 1.92098 0.232496 0
71.5329 21.8607 1.44083 1.95191 4.33482 1.53695 141793 0 1.58969 0.232328 0
29.6371 50.6517 1.78377 2.01332 4.44935 1.64232 183782 0 -1.61658 0.228932 0
-56.2381 -3.29633 1.32299 0.83271 0.829105 1.76728 104422 0 1.28558 0.228743 1
-44.2916 2.70657 0.87549 2.04049 4.48509 1.57389 113351 0 1.18461 0.227796 0
53.3579 17.5623 1.3749 1.6941 3.70914 1.42733 135184 0 1.68416 0.226769 0
-39.3944 -2.53591 1.27586 0.852035 1.84445 1.76988 105878 0 1.71208 0.224533 2
18.782 68.8928 1.14267 1.87402 4.06082 1.59825 210424 0 1.75453 0.224122 0
-52.6421 15.8381 0.547368 2.00936 4.61281 1.56025 132513 0 -1.35152 0.222492 0
49.5003 3.24397 1.70332 0.803482 0.823619 1.68444 114580 0 -1.38827 0.222181 1
-11.2674 24.465 0.83273 2.06826 4.68242 1.42964 145278 0 -1.3917 0.220794 0
-45.2904 2.73434 0.943482 2.0431 4.51851 1.68745 113348 0 1.53319 0.220588 0
17.6797 29.211 1.4533 2.41742 5.87219 1.98347 152389 0 1.74654 0.220176 0
-8.49299 64.5598 0.886797 2.02966 4.45337 1.72863 203787 0 -2.68347 0.2198 0
30.5957 58.9887 1.70976 1.97474 4.43243 1.54007 195953 0 -1.59634 0.219157 0
-63.1352 28.9211 0.517655 2.15874 4.84766 1.75495 151668 0 1.89273 0.218765 0
50.3151 3.16442 1.73273 0.852265 0.848858 1.67241 114115 0 -0.0476792 0.21787 1
-2.66685 46.996 1.10666 2.00953 4.59817 1.68653 178065 0 -1.25831 0.217728 0
-41.6346 -0.888802 1.07232 0.85525 1.10635 1.66397 108211 0 1.75601 0.217223 1
35.3649 25.8298 1.91758 2.10956 4.6927 1.84196 147296 0 -1.32282 0.216265 0
28.3511 23.5623 1.5815 1.9599 4.45424 1.51263 143998 0 -1.52129 0.216153 0
-62.6182 38.1817 0.178119 2.12519 4.79879 1.7068 165242 0 -1.07501 0.214865 0
-43.0518 21.642 0.475851 1.69891 3.746 1.53313 140967 0 -1.28055 0.214685 0
2.30874 42.1414 0.755435 1.57435 3.33693 1.41151 171061 0 1.88203 0.214396 0
10.6243 26.0217 1.14677 1.96208 4.5077 1.51676 147687 0 -1.35288 0.213996 0
16.5817 29.2048 1.31098 1.86199 4.14557 1.53005 152385 0 1.74757 0.213213 0
66.3779 23.2304 1.47791 2.32392 5.29809 1.90201 143649 0 -1.71115 0.213135 0
-1.84379 31.2687 0.821729 1.85479 3.99922 1.44621 155136 0 -1.30393 0.212995 0
-63.2345 20.6874 0.348354 1.77296 4.01503 1.48743 139500 0 1.94979 0.212484 0
-53.934 17.4364 0.607702 1.9873 4.41935 1.6218 134849 0 1.84701 0.212432 0
-60.3387 -2.42039 1.14951 2.15592 4.9153 1.76963 105813 0 0.134943 0.211901 0
29.9303 50.1605 1.82304 2.06814 4.58583 1.68284 182847 0 -1.52485 0.21182 0
-26.9719 17.8894 0.532094 1.81454 4.27946 1.67667 135401 0 -1.51018 0.208338 0
35.0434 25.7709 1.89215 1.89852 3.74576 1.8051 147295 0 1.63744 0.20787 0
54.1861 21.8452 1.62354 2.00003 4.45966 1.70193 141739 0 1.74769 0.206331 0
-56.8717 -3.03303 1.32023 1.97761 4.25418 1.83747 104888 0 0.103467 0.206132 0
3.5562 45.1955 0.801108 1.79325 3.73669 1.52632 175745 0 1.93135 0.205752 0
19.5964 71.5616 1.10227 2.26383 5.39406 1.77633 214171 0 -1.37283 0.205297 0
-52.0074 -1.4925 1.07334 1.94525 4.38388 1.54732 107243 0 0.00577416 0.20509 0
50.3348 3.56081 1.75602 0.846769 0.849122 1.68234 115051 0 -0.417857 0.203856 1
-44.2741 2.43751 0.884037 2.03052 4.46205 1.57469 112883 0 0.771899 0.202541 0
-44.0376 22.477 0.451887 1.92224 4.22416 1.56035 142368 0 -1.22433 0.20205 0
-43.6753 21.6666 0.399022 1.67659 3.78477 1.49318 140965 0 -1.26918 0.201145 0
-11.6628 58.7004 0.910249 2.20757 5.02356 1.79085 195353 0 1.81771 0.1991 0
-11.0604 62.3418 0.633072 1.81022 3.98373 1.46633 200503 0 1.86123 0.198579 0
71.29 21.0407 1.41905 1.78523 3.92753 1.47642 140388 0 1.64246 0.198524 0
-62.8771 37.661 0.228626 1.85168 4.07916 1.61033 164305 0 -0.995529 0.197402 0
49.6543 2.29048 1.87425 0.841649 0.887335 1.83273 113177 0 -1.81333 0.196814 1
65.8103 21.669 1.48067 2.026 4.38802 1.72374 141307 0 -1.44318 0.196487 0
52.5125 8.46365 1.57029 1.02436 1.18164 1.70854 122078 0 -2.38837 0.19378 1
66.0853 23.4743 1.51161 2.03014 4.52215 1.76752 144116 0 -1.68282 0.192769 0
-44.633 2.72469 0.88526 1.93453 4.26169 1.57118 113350 0 1.4309 0.192674 0
30.7891 55.8276 1.82691 2.25228 5.19471 1.76302 191274 0 -1.5448 0.192591 0
53.5902 21.038 1.68621 2.08078 4.6968 1.75525 140333 0 1.51598 0.190902 0
-38.9913 -2.70454 1.27509 0.873637 1.79538 1.70836 105412 0 1.72377 0.187769 2
-25.4037 21.5858 0.602967 0.872373 0.93475 1.68975 141022 0 -1.10574 0.186956 1
30.7989 53.2394 1.66533 2.16579 4.96227 1.66269 187530 0 -1.60632 0.186882 0
-63.8338 37.5874 0.202656 2.10245 4.59567 1.7154 164302 0 -0.797129 0.185339 0
-11.3797 59.0212 0.908651 2.20949 4.94186 1.76227 195822 0 1.85768 0.184921 0
-9.08061 32.4438 0.859155 2.00831 4.437 1.51912 156985 0 -1.27327 0.184059 0
-56.2439 -3.14432 1.29653 0.84712 0.863645 1.77229 104890 0 0.880071 0.183566 1
34.4215 26.1158 1.85001 2.10236 4.76605 1.73138 147761 0 1.63817 0.183082 0
-10.6468 65.1788 0.848745 2.19199 5.07233 1.87842 204716 0 1.85461 0.182908 0
-42.7682 21.8704 0.491214 1.86419 4.12944 1.57925 141436 0 -1.28543 0.182155 0
-61.946 28.3618 0.497972 1.95346 4.34233 1.68125 150736 0 1.84729 0.181613 0
-52.6093 9.02592 0.610602 0.787634 0.857173 1.3796 122685 0 2.22657 0.181018 1
-4.95815 41.7889 1.02304 2.02153 4.60216 1.62489 170570 0 -1.25207 0.181017 0
-7.27523 31.8315 0.787563 2.01703 4.56414 1.53993 156055 0 -1.27196 0.180967 0
46.8143 3.15175 1.75291 0.84517 0.906376 1.6281 114104 0 1.57105 0.180938 1
-43.3868 3.27316 0.909748 0.901225 1.04915 1.63268 114290 0 -0.482508 0.180406 1
33.4563 29.5083 1.80568 2.03501 4.6413 1.53597 152906 0 1.59731 0.180245 0
50.0449 1.98911 1.73951 0.727236 0.803032 1.66937 112710 0 3.05307 0.179797 1
-64.4743 37.2691 0.192925 2.11601 4.59551 1.76041 163832 0 -1.02814 0.179035 0
29.5677 38.5751 1.69472 2.06741 4.65181 1.77376 165998 0 -2.54085 0.177743 0
-60.3305 -0.813133 0.862113 1.96054 4.44402 1.61484 108153 0 0.0255329 0.177743 0
29.8307 23.7686 1.71198 2.05917 4.71613 1.67083 144471 0 -1.52223 0.177457 0
29.2919 38.5707 1.69222 2.08354 4.71797 1.79106 165997 0 -2.8548 0.177392 0
18.5739 -9.37517 1.94003 0.885373 0.935629 1.66114 95764 0 -2.0703 0.177278 1
-11.9752 58.3948 0.867836 2.21329 5.1168 1.83377 194884 0 1.80674 0.177087 0
-8.21402 64.528 0.8883 2.19679 5.00502 1.81513 203788 0 -1.23055 0.17708 0
-54.195 17.1176 0.609805 2.04581 4.62519 1.65075 134380 0 1.83652 0.177034 0
19.6612 68.1028 1.18619 2.12169 4.82766 1.75055 209023 0 1.84044 0.176809 0
55.4709 0.885475 1.62944 0.914364 1.2105 1.79611 110855 0 -1.71993 0.176467 1
-53.953 16.8173 0.57667 1.93569 4.27763 1.58519 133913 0 1.84838 0.176212 0
-43.9891 2.98866 0.84885 2.03267 4.54144 1.57686 113820 0 -1.33423 0.175631 0
18.1051 72.0845 1.0922 1.77298 3.87739 1.50561 215102 0 1.66425 0.175587 0
29.9647 53.4991 1.56917 1.80062 3.91733 1.44791 187995 0 -1.63767 0.175519 0
49.8401 1.7081 1.76234 0.805663 0.829998 1.73113 112241 0 1.65039 0.174606 1
28.4415 20.7205 1.61512 1.679 3.54993 1.48799 139786 0 -1.50086 0.173984 0
-64.789 36.9606 0.175893 2.08243 4.60744 1.74982 163363 0 -1.09618 0.173317 0
32.4557 45.2543 1.95661 0.803326 0.772061 1.73914 175835 0 0.943324 0.173022 1
55.7684 1.3307 1.57459 0.74422 0.797724 1.69739 111792 0 -2.88803 0.172881 1
-19.9754 54.8309 0.919294 2.08908 4.79964 1.68556 189711 0 -0.772552 0.17236 0
-65.1102 36.3156 0.136077 2.05193 4.59737 1.70994 162426 0 -1.07643 0.172207 0
-4.7194 39.1862 1.0468 1.98004 4.52929 1.51518 166827 0 -1.17807 0.17185 0
30.7965 50.6477 1.92146 2.18823 5.04773 1.78606 183786 0 -1.63982 0.171837 0
52.2032 2.99626 1.71472 0.807258 0.768324 1.71276 114121 0 -1.49309 0.171831 1
35.0179 25.2189 1.92342 0.85784 0.822425 1.75627 146359 0 -0.621133 0.171829 1
19.896 68.6075 1.26251 2.26895 5.20793 1.87067 209960 0 -2.12672 0.171566 0
66.1499 18.2219 1.36055 1.69424 3.78827 1.40008 136160 0 1.59599 0.170657 0
-44.3115 2.9925 0.857808 2.04183 4.57014 1.60509 113819 0 1.49791 0.170612 0
-51.3662 17.1479 0.493917 2.00342 4.45661 1.57906 134389 0 -1.32112 0.170221 0
29.5891 39.805 1.62882 2.13139 4.74365 1.71239 167870 0 -2.99064 0.169816 0
-44.9005 22.2464 0.501713 2.13506 4.90611 1.74858 141897 0 -1.325 0.169611 0
30.5274 53.5021 1.59831 2.02397 4.59001 1.57972 187997 0 -1.65017 0.169565 0
-41.2497 -1.02926 1.05585 0.845362 0.990675 1.70349 107745 0 1.75856 0.169312 1
-56.4033 -3.29683 1.3132 0.964377 1.06889 1.78926 104421 0 0.590018 0.168887 1
-48.9353 -2.37436 1.00295 1.81307 4.11152 1.4626 105849 0 0.0168115 0.168637 0
72.4182 18.1165 1.56248 2.17956 4.98947 1.67914 136180 0 1.6405 0.168576 0
-45.0048 3.01358 0.892953 1.90688 4.17225 1.60797 113817 0 1.6053 0.168308 0
19.0762 71.3007 1.06023 1.98095 4.57216 1.59083 213701 0 -1.34409 0.168139 0
-8.16202 31.5786 0.761251 1.13969 1.7887 1.50966 155584 0 -1.28603 0.167485 0
-44.2993 21.6633 0.443887 1.69987 3.79881 1.49499 140963 0 -1.33536 0.167287 0
17.1034 29.4885 1.35814 2.15437 5.02259 1.70205 152855 0 1.75646 0.167235 0
34.4174 26.6884 1.84116 2.10238 4.80696 1.68666 148697 0 1.64906 0.166836 0
9.87586 8.36767 0.890108 0.799709 0.858732 1.68484 121944 0 -1.77275 0.166062 1
18.8038 68.4002 1.10856 1.90452 4.24369 1.58331 209488 0 1.81902 0.165652 0
3.47961 7.19148 1.29425 0.808594 0.901163 1.73385 120052 0 -1.29165 0.165563 1
-22.81 28.6526 0.956503 2.32724 5.45798 1.7856 151326 0 -1.26835 0.164262 0
-8.27049 29.4799 0.851188 2.20371 5.22702 1.66319 152776 0 -1.31965 0.164217 0
-52.8267 8.75414 0.658093 0.933508 0.984535 1.51231 122216 0 1.85605 0.163972 1
29.0181 23.2826 1.64558 1.91878 4.2359 1.57404 143532 0 -1.50068 0.163936 0
54.174 21.3784 1.55039 1.86726 4.16758 1.67562 140803 0 1.59138 0.163564 0
-60.6127 -1.11079 0.92117 1.99646 4.53446 1.65336 107684 0 0.00290659 0.163416 0
-52.3184 16.1297 0.528747 1.95354 4.38742 1.51947 132982 0 -1.33707 0.163408 0
29.8976 39.515 1.64907 2.05231 4.55848 1.68085 167403 0 -2.72028 0.162659 0
34.458 29.0635 1.90561 1.84174 3.98943 1.49959 151973 0 -1.48601 0.162568 0
-27.6127 18.3573 0.535482 1.91633 4.04137 1.6983 136335 0 1.54483 0.162056 0
-63.4112 23.5885 0.51215 2.32182 5.47267 1.86663 143711 0 1.90558 0.161893 0
65.2112 12.7164 1.03541 0.82918 0.905676 1.79211 128201 0 1.60916 0.161475 1
-52.5572 -2.36882 1.1532 2.03034 4.54618 1.67525 105837 0 0.11865 0.161437 0
-62.9394 20.8992 0.352327 1.84553 4.17297 1.521 139969 0 1.94338 0.161415 0
-12.2654 18.5101 0.798403 2.02841 4.46649 1.47267 136383 0 -1.38556 0.160513 0
38.2526 0.167969 1.74485 0.835803 2.14882 1.2639 109865 0 2.84508 0.16015 0
-10.7304 62.322 0.670425 1.91482 4.29733 1.48396 200504 0 2.17065 0.159636 0
-56.8649 -2.1216 1.25135 2.31038 5.44253 1.9734 106292 0 0.0884048 0.159344 0
20.1332 -8.17908 1.45834 0.867476 1.03265 1.62308 97640 0 -1.34453 0.158796 1
19.353 69.1996 1.16876 2.07248 4.64829 1.70849 210894 0 1.71232 0.158522 0
67.9849 23.8413 1.28547 2.06518 4.66534 1.64666 144590 0 1.55142 0.158365 0
-8.74012 31.9245 0.802197 2.00564 4.29881 1.45845 156050 0 -1.31979 0.157962 0
-63.5318 20.4029 0.357231 1.82672 4.12414 1.48106 139031 0 1.96869 0.157734 0
-62.2136 26.1036 0.289555 1.97818 4.40422 1.55405 147459 0 1.94051 0.157249 0
55.5632 1.333 1.56182 0.756788 0.893249 1.72172 111791 0 -2.87148 0.157167 1
-18.4372 54.1843 0.858179 2.08048 4.64912 1.70572 188780 0 -1.22254 0.156909 0
34.8006 25.4339 1.93292 0.902889 1.0182 1.75385 146826 0 1.57836 0.156891 1
52.0657 2.82214 1.69007 0.764703 0.724586 1.65244 113652 0 -1.53439 0.156753 1
-10.4511 62.2879 0.68 2.02261 4.5205 1.52659 200505 0 -1.25665 0.156199 0
-53.9433 16.4936 0.56918 1.9181 4.26039 1.57952 133445 0 1.81437 0.155917 0
-53.6394 17.7507 0.597104 1.98675 4.39315 1.61625 135318 0 1.85206 0.154914 0
50.1422 3.1423 1.75471 0.825935 0.832228 1.67654 114114 0 -0.584639 0.154659 1
-43.9869 2.13161 0.884136 2.06555 4.46428 1.59753 112416 0 -0.163148 0.15427 0
-57.1116 -3.65002 1.22055 2.26673 5.11537 1.90733 103951 0 0.0458909 0.15423 0
35.9794 26.3427 1.90807 2.17711 4.87907 1.82177 148234 0 -1.53871 0.153522 0
-11.4383 18.4926 0.745291 1.99452 4.67706 1.52195 136386 0 -1.33017 0.152709 0
29.8872 38.5783 1.69414 2.02172 4.5088 1.75285 165999 0 -2.1858 0.152676 0
-48.8122 26.0867 0.396062 1.99107 4.40869 1.56437 147501 0 1.30131 0.152524 0
-12.323 58.0784 0.850098 2.17801 5.06744 1.82699 194415 0 1.85682 0.152257 0
-40.4488 34.7186 -0.0705818 2.14826 4.92334 1.74596 160163 0 1.57112 0.151843 0
-12.6428 57.7682 0.888938 2.13875 4.75189 1.78645 193946 0 1.90157 0.151605 0
-19.3333 53.9801 0.79583 1.96419 4.40361 1.60767 188309 0 -1.23452 0.151146 0
-62.5819 28.0678 0.455907 1.90514 4.29831 1.6325 150266 0 1.84363 0.150747 0
-7.88776 32.3652 0.827149 2.08898 4.667 1.57425 156989 0 -1.27816 0.150124 0
-52.0419 15.8339 0.538913 1.99099 4.41934 1.53538 132515 0 -1.33338 0.148915 0
-60.6004 -2.11395 1.11544 2.07293 4.65438 1.71186 106280 0 0.134629 0.148664 0
-11.1319 62.7755 0.644138 1.94526 4.24739 1.50673 201439 0 1.92942 0.148389 0
27.1035 -4.98632 1.34903 0.773833 0.852283 1.6778 102342 0 -1.79227 0.148365 1
71.8467 17.85 1.54719 2.03422 4.55237 1.61245 135710 0 1.64058 0.148064 0
-48.8211 26.3984 0.384016 1.98757 4.39381 1.56997 147969 0 -1.00823 0.14806 0
-7.1545 -9.37963 0.60223 0.737554 0.854312 1.42084 95683 0 -1.66979 0.147999 1
55.1441 0.561432 1.68801 0.926993 1.24301 1.78828 110386 0 -1.61863 0.147349 1
37.9129 0.18811 1.68648 0.848291 2.08645 1.28011 109864 0 2.8543 0.147321 0
30.6672 64.9172 1.6083 1.72624 3.75949 1.60313 204377 0 -1.4865 0.146825 0
-43.6086 3.03259 0.891958 1.22693 1.84997 1.58538 113821 0 -1.37818 0.146742 1
29.9598 58.7123 1.65857 1.97794 4.47006 1.55156 195483 0 -1.55905 0.146468 0
-61.3134 28.6503 0.485124 1.97514 4.4424 1.65042 151206 0 -1.45662 0.146464 0
-44.9883 2.44263 0.901997 1.99845 4.39262 1.62156 112881 0 1.39231 0.14611 0
-62.8773 29.1952 0.526333 2.1986 4.87228 1.77931 152137 0 1.94105 0.145949 0
17.8312 71.8779 1.00384 1.72295 4.00486 1.49124 214633 0 1.72347 0.145748 0
-53.6505 17.1427 0.555194 1.91751 4.23425 1.57291 134382 0 1.83009 0.145639 0
-51.982 17.4046 0.500802 2.02446 4.48779 1.57185 134855 0 -1.3359 0.145617 0
-40.156 35.0169 -0.114785 2.05741 4.6597 1.65445 160632 0 1.81967 0.145596 0
29.8281 23.2782 1.69642 2.02032 4.59642 1.6377 143535 0 -1.4629 0.14553 0
-59.3598 34.4013 -0.168115 1.93751 4.34881 1.53834 159636 0 1.71876 0.145515 0
71.5707 20.7479 1.46742 1.87645 4.15236 1.51173 139921 0 1.65625 0.145398 0
-26.1229 17.8584 0.530859 2.09662 5.1076 1.71678 135404 0 -1.22963 0.145369 0
-58.4028 35.681 -0.324163 1.92631 4.26229 1.5248 161511 0 1.98647 0.144826 0
30.2277 38.5804 1.73693 1.99787 4.38536 1.73689 166000 0 -1.90955 0.144559 0
30.2239 39.1951 1.70562 2.03201 4.53042 1.68333 166936 0 -2.32423 0.144182 0
-63.2068 -8.84667 1.21915 0.835452 0.89593 1.71028 96444 0 2.988 0.143937 1
-54.9817 46.8184 0.120747 1.84211 3.85618 1.5251 177902 0 1.98043 0.142972 0
-19.962 54.2947 0.847315 1.95502 4.44432 1.60117 188775 0 2.85139 0.142853 0
-63.8214 38.2511 0.148888 2.40228 5.59045 1.92927 165238 0 -1.07919 0.142796 0
21.143 -9.68699 1.70482 0.815362 0.831503 1.43781 95304 0 2.60637 0.142665 1
-43.4006 2.74793 0.84746 2.00497 4.13184 1.56498 113354 0 -1.34877 0.142101 0
20.0695 -4.89287 1.66117 0.861855 0.927885 1.58192 102320 0 -1.7464 0.141567 1
9.29866 9.87544 1.24356 0.824928 0.862704 1.6907 123815 0 -1.33205 0.141169 1
-7.22149 58.0924 0.801756 2.09789 4.79779 1.68853 194431 0 -1.33033 0.141072 0
66.0902 22.5238 1.52363 2.10504 4.4893 1.83783 142712 0 -1.63024 0.141009 0
-2.37141 31.0088 0.91429 1.99387 4.43853 1.56371 154666 0 -1.41169 0.14047 0
18.3975 63.2089 0.915962 2.03719 4.61706 1.58068 201999 0 1.74713 0.140136 0
35.9537 25.8377 1.91392 2.20749 5.0408 1.82683 147298 0 -1.50739 0.140111 0
38.5554 0.144173 1.79066 0.786615 1.92003 1.31979 109866 0 -2.63858 0.140102 0
53.6305 22.1394 1.73885 2.27588 5.34431 1.94351 142205 0 1.72417 0.139842 0
-53.26 16.1526 0.549548 1.99356 4.55245 1.57183 132979 0 1.18946 0.13909 0
-57.764 35.373 -0.429925 1.93408 4.30616 1.51588 161045 0 1.85531 0.138853 0
-5.55811 41.7771 0.983093 1.98317 4.50932 1.59333 170568 0 -1.27768 0.138843 0
-61.6252 28.8974 0.506098 2.07047 4.54113 1.68641 151673 0 1.89521 0.138373 0
-60.2931 -4.87431 0.704986 0.796774 0.821728 1.74656 102069 0 1.67151 0.138368 1
29.3041 39.1894 1.61132 2.078 4.5448 1.72314 166933 0 -3.05995 0.138292 0
65.4553 22.2324 1.48288 2.20281 4.79479 1.83305 142242 0 -1.58336 0.138105 0
-57.3666 -2.13982 1.29714 2.43854 5.82325 2.0474 106290 0 -0.0307637 0.137579 0
49.6908 3.25829 1.71061 0.785992 0.80891 1.67973 114581 0 -1.02383 0.137511 1
-61.9579 26.3623 0.337781 2.003 4.42827 1.59567 147928 0 1.95265 0.137274 0
30.2556 50.9285 1.84343 1.96753 4.38337 1.64191 184252 0 -1.67703 0.136054 0
-60.0416 -1.12478 0.882576 2.00531 4.40909 1.61608 107686 0 -0.0830495 0.13603 0
29.0248 50.432 1.74454 2.04137 4.6648 1.62338 183312 0 -1.58079 0.135872 0
-61.2929 28.3173 0.469347 1.909 4.29102 1.62924 150738 0 -1.26387 0.135858 0
-48.8042 25.8004 0.398018 2.01266 4.44575 1.56168 147033 0 1.70354 0.135685 0
55.773 0.884407 1.57818 0.803817 0.885903 1.65701 110856 0 -1.52901 0.135595 1
29.677 53.0353 1.56468 1.92023 4.25189 1.46774 187058 0 -1.55373 0.13553 0
-21.007 28.0566 0.833287 2.14217 4.80574 1.69896 150396 0 -1.25432 0.135529 0
-43.0188 21.3331 0.489227 1.74547 3.68799 1.54609 140499 0 -1.29241 0.135476 0
-53.6057 16.1808 0.543253 1.88854 4.25807 1.54071 132978 0 1.70657 0.135447 0
-60.0207 -0.494446 0.872513 1.23137 1.95518 1.60792 108622 0 -0.107561 0.135059 1
34.1223 23.0049 1.79142 1.89775 4.34135 1.60202 143080 0 1.64106 0.135037 0
-65.0969 21.3165 0.447218 2.00236 4.49584 1.66743 140430 0 1.93448 0.134963 0
28.9977 38.5546 1.6956 2.10365 4.75319 1.796 165996 0 2.79813 0.134951 0
3.02815 65.1578 0.781434 0.92572 1.19975 1.62877 204759 0 0.0182987 0.134616 1
-71.8717 -3.96826 1.06986 0.669469 0.560752 1.69451 103437 0 -1.73349 0.134241 1
-51.304 -0.801476 0.985239 0.655571 0.702413 1.59909 108181 0 0.0649675 0.134181 1
-45.2951 3.30081 0.919521 2.01048 4.45463 1.67693 114284 0 1.65726 0.134124 0
-42.9389 26.8311 0.55434 2.28888 6.19017 2.13871 148455 0 -1.20605 0.133785 0
-3.39895 46.5482 1.05427 0.950245 1.15287 1.71013 177595 0 -1.31437 0.133485 1
65.889 18.4077 1.334 1.61165 3.28913 1.2623 136627 0 1.54936 0.133432 0
18.9619 65.5509 0.987394 2.29977 5.73457 1.85741 205277 0 1.79139 0.132701 0
39.1738 0.100204 1.85441 0.768121 1.06339 1.51984 109868 0 2.94083 0.132563 1
30.2674 52.7615 1.68027 1.98292 4.35076 1.5751 186592 0 -1.48744 0.132322 0
-11.0529 59.3547 0.889481 2.14558 4.8247 1.69091 196291 0 1.90593 0.132283 0
33.9782 14.5514 1.66698 0.801819 0.84133 1.69402 130912 0 -1.58131 0.132175 1
-8.24168 64.6955 0.865825 2.24392 5.13636 1.85039 204256 0 1.51302 0.131985 0
66.0791 22.8962 1.51177 2.13417 4.60753 1.83902 143180 0 -1.7147 0.131947 0
-11.994 57.4542 0.874532 2.19883 5.07291 1.84557 193480 0 1.87609 0.131302 0
5.58739 9.84554 0.879044 1.86987 4.3647 1.51731 123803 0 -1.30157 0.130741 0
29.6865 55.8161 1.77925 1.6429 3.26712 1.36431 191270 0 -1.57377 0.13064 0
-56.8916 -8.36128 1.06817 0.811501 1.04607 1.66846 96932 0 1.57015 0.130626 1
-42.099 21.6115 0.56226 1.87934 4.10857 1.67471 140970 0 -1.28261 0.130052 0
30.8583 59.3007 1.74831 2.03735 4.66999 1.60594 196422 0 -1.56975 0.129772 0
50.1722 3.56544 1.75133 0.848194 0.850402 1.66425 115050 0 -0.473986 0.129679 1
43.6533 -1.14752 1.87499 1.92496 4.29888 1.52546 108010 0 2.96536 0.129586 0
19.6695 42.6909 1.04484 0.849391 1.0877 1.74504 172051 0 0.184854 0.129418 1
-56.4415 -3.10896 1.30594 1.06872 1.28923 1.82114 104889 0 0.385608 0.129039 1
-63.7826 17.5332 0.239075 0.790469 1.63325 1.47194 134818 0 1.74986 0.129 2
-46.8044 26.3394 0.203182 0.832143 0.978408 1.67954 147975 0 -1.28432 0.12878 1
-11.6903 57.7653 0.882116 2.19245 4.92165 1.81291 193949 0 1.819 0.128568 0
20.2426 -4.8706 1.66905 0.88557 0.959801 1.5306 102321 0 -1.75591 0.128056 1
72.4221 18.6548 1.54145 2.1652 4.96554 1.63684 137116 0 1.5809 0.127687 0
67.6879 23.5829 1.29906 2.03185 4.49373 1.59408 144121 0 -1.73553 0.127042 0
52.113 8.27428 1.5562 1.02409 1.279 1.76155 121608 0 -2.82066 0.126503 1
-52.2812 16.4584 0.520492 1.34708 2.43921 1.54538 133450 0 -1.39287 0.126289 0
29.8924 38.2689 1.71401 2.03945 4.55802 1.7778 165531 0 -1.64768 0.126246 0
-50.7361 17.1371 0.531847 2.06345 4.63736 1.60717 134391 0 -1.35018 0.12611 0
-63.2176 37.3273 0.243209 1.84143 3.85925 1.56434 163836 0 -0.72093 0.125951 0
-5.35861 39.7274 1.08416 1.92486 4.38052 1.51822 167761 0 -2.14943 0.125737 0
-40.1695 34.4464 -0.0556275 2.02779 4.55516 1.64768 159696 0 1.79141 0.125217 0
34.4217 25.8147 1.86668 2.00263 4.30464 1.7073 147293 0 1.63904 0.125023 0
-3.60639 46.5246 1.05769 0.92681 1.06811 1.74259 177594 0 -1.37252 0.124882 1
-1.83647 46.9889 1.08547 1.78288 4.27281 1.577 178068 0 -1.2362 0.124721 0
-52.2944 17.1488 0.53604 1.96352 4.35664 1.55656 134386 0 -1.27325 0.124309 0
54.1332 17.9716 1.44424 2.25983 5.39222 1.8222 136123 0 1.56617 0.124136 0
-9.68432 29.6514 0.951489 2.14918 4.81327 1.55916 152771 0 -1.45309 0.12412 0
-57.1113 35.0639 -0.357047 1.92297 4.28439 1.50417 160579 0 1.76557 0.124031 0
19.0253 72.4024 1.1556 2.16552 4.87327 1.72424 215573 0 -1.44552 0.123899 0
-59.0551 34.7085 -0.26613 1.91465 4.2753 1.50194 160105 0 1.76262 0.123443 0
50.3351 1.97489 1.69286 0.773228 0.844582 1.65796 112711 0 2.92993 0.123408 1
18.4552 66.2831 0.991019 2.21908 4.95569 1.67795 206679 0 1.58405 0.123291 0
72.1108 20.7284 1.52269 2.12922 4.86154 1.67878 139923 0 1.66951 0.122819 0
-61.5883 28.0354 0.485908 1.87771 4.20084 1.64221 150269 0 -1.04613 0.122467 0
20.2893 -8.34634 1.48949 0.920598 1.09967 1.61312 97173 0 -1.00037 0.122159 1
-60.2884 -4.74223 0.695787 0.808618 0.7909 1.74901 102537 0 1.69801 0.12199 1
-5.86011 39.3026 1.07014 1.93232 4.3228 1.52914 166823 0 1.77742 0.121542 0
2.71895 66.0859 0.813715 2.0873 4.68953 1.65768 206162 0 -0.0275176 0.121526 0
70.9574 18.4354 1.50797 1.9541 4.40512 1.54407 136643 0 1.64064 0.121442 0
-51.7199 -1.1578 1.00629 1.86057 4.21435 1.52002 107712 0 0.0273337 0.121431 0
-11.0248 20.081 0.689455 0.767328 0.763494 1.40661 138727 0 -0.611368 0.120794 1
4.11426 10.396 0.824493 1.90054 4.44636 1.56037 124734 0 -1.34113 0.120701 0
2.39721 65.4393 0.788154 2.01263 4.60786 1.62652 205225 0 -0.129049 0.12056 0
-53.3045 17.4485 0.553917 1.99103 4.44967 1.58808 134851 0 1.77863 0.120528 0
-58.7122 35.3859 -0.351066 1.88994 4.18772 1.50728 161042 0 1.94599 0.120332 0
-43.9818 21.3673 0.406093 1.64667 3.56654 1.4774 140496 0 -1.25858 0.120046 0
-48.5328 26.0836 0.354885 1.84457 4.07707 1.51076 147502 0 0.155317 0.120008 0
53.2147 2.28975 1.44704 0.800318 0.912497 1.66406 113188 0 -1.84698 0.11989 1
-64.1574 21.4966 0.403426 2.03957 4.59242 1.63297 140901 0 1.93359 0.119715 0
46.8829 24.1528 1.68817 2.17006 5.13562 1.71358 144992 0 -1.57266 0.119629 0
-42.4011 21.327 0.563631 1.82033 4.016 1.63661 140501 0 -1.3108 0.119575 0
29.2947 40.1042 1.58382 2.16925 4.85279 1.74982 168337 0 -3.10513 0.119531 0
-62.3733 23.4235 0.535349 1.78666 3.37925 1.54865 143715 0 1.96147 0.119233 0
19.1072 68.0975 1.12646 1.91908 4.27077 1.5819 209021 0 1.89314 0.118945 0
-10.111 65.3283 0.872743 2.30934 5.08898 1.87831 205186 0 1.90855 0.118847 0
-52.6202 16.4342 0.529609 1.94067 4.30245 1.54558 133449 0 -1.05254 0.118799 0
-52.2785 16.7743 0.549186 1.65455 3.19709 1.55739 133918 0 -1.19433 0.118688 0
-64.1483 37.9002 0.176197 2.33941 5.33654 1.88784 164769 0 -0.97416 0.118497 0
-44.2868 2.12217 0.894789 2.04137 4.39519 1.58955 112415 0 0.532711 0.118394 0
-26.6094 20.7548 0.650656 2.4137 5.71481 1.96015 139614 0 -1.23022 0.118333 0
67.0167 23.5485 1.33978 2.11472 4.69026 1.65866 144119 0 -1.59825 0.118302 0
-8.39727 31.5669 0.777099 1.07026 1.56527 1.51257 155583 0 -1.29991 0.118143 1
-3.2725 47.2571 1.07995 2.26889 5.15901 1.82044 178531 0 -1.31479 0.118051 0
38.2117 0.414406 1.75459 0.855604 2.05931 1.31298 110333 0 2.29021 0.117883 0
-51.6853 15.5197 0.572544 1.99656 4.47736 1.55624 132048 0 -1.33958 0.117684 0
3.36469 66.0814 0.821893 2.085 4.69179 1.64851 206164 0 -0.180387 0.117656 0
-46.6259 26.3633 0.206785 0.809762 0.954287 1.66742 147976 0 -1.38931 0.117612 1
65.3257 12.8674 1.05245 0.838474 0.978473 1.76416 128670 0 -1.76683 0.117275 1
-37.8957 -4.85812 1.24675 0.71459 0.723497 1.59231 102139 0 -1.83794 0.11724 1
-60.0408 -1.76614 1.01165 2.07081 4.63123 1.68822 106750 0 0.116912 0.117179 0
21.615 -10.7827 2.25123 0.813412 0.765442 1.71049 93901 0 1.36601 0.117152 1
-60.9078 -0.812004 0.915312 2.02437 4.57527 1.65922 108151 0 0.110083 0.117115 0
-2.72093 47.7181 1.0958 2.2647 5.17367 1.76258 179469 0 -1.22927 0.117044 0
19.9043 68.9021 1.25688 2.31869 5.34405 1.88865 210428 0 -1.74158 0.116987 0
28.9809 38.2787 1.71531 2.20767 4.5984 1.81267 165528 0 1.81252 0.116913 0
-43.285 27.316 0.619738 2.75198 7.13669 2.30054 149390 0 -1.20899 0.116894 0
65.2056 12.8581 1.05767 0.846391 0.938133 1.79282 128669 0 1.72812 0.116765 1
47.171 23.8669 1.64703 2.15624 5.00757 1.67793 144525 0 -1.57294 0.116493 0
