-14.2154 10.9455 0.842675 2.2422 4.99377 1.86922 125613 0 -1.28539 0.933366 0
16.2138 20.3138 1.52111 2.18901 4.91942 1.76452 139280 0 1.69123 0.928575 0
15.2625 14.16 1.57017 2.00273 4.51444 1.58706 130385 0 1.62778 0.921094 0
4.99641 12.8503 0.829096 2.12196 5.05917 1.48357 128481 0 -1.25913 0.919994 0
15.8818 17.7204 1.56072 2.19973 4.82503 1.79489 135535 0 1.63705 0.91928 0
-7.43172 4.28828 0.726789 2.02225 4.5951 1.53203 115806 0 1.62313 0.918783 0
-1.64465 -5.1934 0.883201 2.37709 5.24 1.92472 101784 0 0.0537607 0.915543 0
-9.86026 -4.97107 0.754771 2.09928 4.85116 1.60519 102227 0 0.00501042 0.904991 0
45.6421 18.5299 1.79587 2.12866 4.92652 1.88193 136564 0 -1.52691 0.900607 0
-4.69246 -5.63145 0.747261 2.03523 4.42379 1.63426 101307 0 0.0669476 0.89965 0
-7.30717 -5.35303 0.776809 2.06123 4.40654 1.59785 101767 0 0.0282401 0.898993 0
-24.8785 1.54333 0.940274 2.21694 5.03094 1.9645 111540 0 2.39109 0.894942 0
6.61539 18.3095 0.930138 2.00447 4.6528 1.51481 136442 0 -1.29017 0.891438 0
33.1444 17.0557 1.92542 2.06174 4.77184 1.7791 134653 0 1.61718 0.888861 0
-3.039 28.6678 0.934559 2.08983 4.8056 1.84153 151388 0 1.84889 0.885069 0
-29.008 13.4653 0.570557 2.36038 5.15086 1.88936 129311 0 -1.27655 0.881002 0
7.56177 20.8985 1.10103 2.15991 5.19705 1.72063 140189 0 1.83607 0.879304 0
65.8261 14.9103 1.65883 1.9874 4.35633 1.75107 131479 0 -1.46169 0.879024 0
9.01727 23.2098 1.19428 2.08225 4.67824 1.78692 143470 0 -1.33285 0.878339 0
-6.27858 18.1374 0.698198 1.97573 4.38799 1.50183 135934 0 1.8102 0.877975 0
-34.0905 11.9061 0.439883 2.0071 4.3229 1.56301 126955 0 1.96643 0.876494 0
28.2391 17.3303 1.65463 2.00329 4.62799 1.572 135106 0 -1.46284 0.867988 0
-13.2132 13.5609 0.629479 2.12124 4.84344 1.57393 129360 0 -1.30557 0.866225 0
16.2139 25.9621 1.54175 2.19194 5.04833 1.86933 147704 0 1.74095 0.85986 0
-12.9389 16.1553 0.891542 2.37801 5.43864 1.90879 133105 0 -1.32952 0.855137 0
6.29295 15.4635 0.902635 2.06425 4.76297 1.4633 132229 0 -1.29024 0.852347 0
28.6604 20.5745 1.62436 1.97066 4.48136 1.53489 139787 0 -1.52382 0.845911 0
-5.02112 23.5368 0.91882 1.94376 4.36831 1.73284 143894 0 1.82851 0.838969 0
-1.41636 34.0504 0.629434 2.05051 4.67653 1.45739 159349 0 -1.24798 0.833583 0
3.04022 45.307 0.663548 2.01892 4.78562 1.57252 175743 0 1.91274 0.829948 0
-7.12584 15.6572 0.658921 1.95066 4.63037 1.43387 132187 0 -1.24909 0.829224 0
3.62519 48.1999 0.885982 1.95998 4.4068 1.76427 179957 0 1.93306 0.828641 0
-49.7092 -1.80035 0.843695 2.08535 4.73628 1.53143 106782 0 0.0790237 0.82486 0
-11.4112 21.2175 0.661505 2.04284 4.7251 1.4392 140598 0 -1.25263 0.822832 0
-7.7484 12.1088 0.812414 1.83639 4.02593 1.66952 127037 0 1.81488 0.814362 0
16.2461 23.1224 1.35075 1.96838 4.46774 1.48952 143492 0 1.67578 0.814358 0
-9.4675 26.779 0.707888 1.93761 4.51992 1.44734 148560 0 -1.23793 0.812688 0
11.9298 31.1036 1.38816 2.18203 4.9683 1.9444 155179 0 -1.24604 0.805539 0
-3.94981 26.1377 0.690039 2.01762 4.75127 1.47569 147641 0 1.84755 0.799735 0
-5.2252 20.924 0.72578 1.96491 4.71001 1.48299 140149 0 1.82371 0.799151 0
66.1194 17.8585 1.49143 1.96185 4.46957 1.53446 135692 0 1.42968 0.799002 0
-32.7966 17.6773 0.466819 2.32444 5.04228 1.89449 135383 0 -1.20511 0.795876 0
-2.43433 31.4927 0.691214 1.98399 4.47299 1.4847 155602 0 -1.29361 0.791238 0
0.229576 39.934 0.816016 2.06478 4.72871 1.71298 167778 0 1.92401 0.790333 0
53.301 17.3858 1.49077 1.93729 4.30608 1.5195 135184 0 1.68465 0.785478 0
1.77881 42.3671 0.690251 1.9861 4.59848 1.53597 171527 0 1.8993 0.783816 0
31.2358 64.8561 1.41645 2.09029 4.75364 1.77346 204379 0 -1.52203 0.782966 0
-47.4678 14.5818 0.499129 2.15195 4.77071 1.89428 130657 0 1.87825 0.774836 0
-0.150391 36.8775 0.710106 2.00599 4.69497 1.54084 163565 0 1.94618 0.765639 0
10.078 25.7557 1.14347 2.07347 4.81453 1.56413 147217 0 -1.32952 0.762162 0
-8.83251 29.4885 0.774687 2.14638 4.80573 1.60011 152774 0 -1.3086 0.754478 0
16.8208 28.676 1.34003 2.06602 4.76964 1.56621 151450 0 1.72962 0.752383 0
-5.66212 16.722 0.788442 0.892862 0.902208 1.65653 134064 0 2.2809 0.749575 1
-53.0411 9.15978 0.422945 0.885651 0.934334 1.62984 122684 0 1.5701 0.738189 1
-39.8573 -2.26518 1.13084 0.820812 1.85214 1.63189 105877 0 1.75738 0.737957 2
-42.6618 27.3564 0.30431 2.40416 5.86557 2.04484 149392 0 -1.2088 0.722533 0
34.3696 20.0503 1.70226 2.00235 4.73338 1.49366 138869 0 1.65682 0.71489 0
-10.4399 24.2559 0.644146 2.00528 4.67626 1.48673 144813 0 -1.25947 0.713958 0
-41.9696 -0.566757 0.931739 0.914949 0.941285 1.65961 108678 0 1.75174 0.713034 1
-26.4423 21.0452 0.56484 2.08814 4.62226 1.6522 140083 0 -1.27326 0.704469 0
51.7739 7.89802 1.69485 0.999704 0.968755 1.76436 121139 0 0.0225933 0.70241 1
-45.5681 19.6237 0.442791 2.3086 5.66758 2.05772 138151 0 -1.23407 0.695459 0
-25.0575 23.885 0.535919 2.20411 5.3565 1.77641 144299 0 -1.22493 0.661418 0
-65.4717 19.0671 0.105708 1.88313 4.26591 1.49604 137153 0 2.00077 0.659381 0
-52.3261 -1.44218 0.934501 1.8775 4.11744 1.57107 107242 0 0.0768292 0.653085 0
-2.35654 47.2581 0.884202 2.04715 4.69767 1.68193 178534 0 -1.2754 0.629533 0
18.3652 -8.41679 1.67221 0.883197 0.979072 1.61094 97167 0 -1.6627 0.626241 1
-55.5269 47.2296 -0.317723 1.94518 4.42899 1.55677 178368 0 1.92456 0.620694 0
-11.9962 18.8149 0.654285 2.01173 4.53934 1.47697 136852 0 -1.34594 0.616905 0
34.1007 22.9625 1.82206 2.01871 4.62295 1.6377 143080 0 1.66456 0.616299 0
54.6009 0.384087 1.87267 0.887791 0.872574 1.79248 110384 0 -1.54998 0.613835 1
71.1941 14.5029 1.60618 1.96777 4.47342 1.51873 131028 0 1.67869 0.595477 0
-31.4262 61.8508 -0.0106954 2.12488 5.1407 1.65512 199971 0 1.93533 0.592893 0
-62.9344 24.1783 0.16768 1.94977 4.21187 1.57976 144649 0 1.98381 0.590598 0
-27.0468 18.3891 0.385283 2.02597 4.55735 1.58225 136337 0 -1.24945 0.585432 0
17.8494 -9.53111 2.00624 0.851586 0.866549 1.64115 95761 0 -2.48106 0.571406 1
-21.8512 34.0063 0.704449 2.32451 5.52131 1.84995 159285 0 -1.253 0.563624 0
71.5287 17.7678 1.72643 1.95432 4.48775 1.54071 135709 0 1.62818 0.562628 0
30.2789 55.492 1.51424 1.95036 4.22045 1.61043 190804 0 -1.55127 0.56037 0
71.5007 20.9327 1.57866 2.02905 4.63034 1.57066 140389 0 1.63349 0.52855 0
34.3973 28.9371 1.99154 1.93557 4.26757 1.51202 151973 0 -1.44081 0.511127 0
29.2683 23.4712 1.72209 2.02398 4.54343 1.57491 144001 0 -1.51266 0.50401 0
18.7046 65.4537 0.898894 2.10072 4.84978 1.64276 205276 0 1.52782 0.495379 0
-9.75976 65.0764 0.697509 2.17002 4.98774 1.79496 204719 0 1.74364 0.476301 0
50.0249 2.9325 1.81921 0.823486 0.810758 1.70935 114114 0 -0.59414 0.462186 1
-11.9819 57.7666 0.707924 2.2764 5.34846 1.8341 193948 0 1.85206 0.453168 0
49.4654 0.911964 1.90962 0.87492 0.887763 1.79929 110836 0 1.59808 0.448969 1
49.1359 1.76425 2.0291 0.837584 0.875197 1.81196 112239 0 -1.59508 0.447069 1
-5.57513 39.4872 0.926641 1.95774 4.46114 1.50155 167292 0 1.47096 0.440832 0
-64.1846 21.6087 0.0397338 1.89298 4.27364 1.52663 140901 0 2.00421 0.440289 0
18.46 65.4658 0.87357 1.92456 4.33679 1.5514 205275 0 1.80756 0.43762 0
-8.4687 32.1712 0.679253 1.98704 4.47593 1.45835 156519 0 -1.30094 0.431774 0
50.0105 2.80278 1.82436 0.832975 0.836782 1.6732 113646 0 -0.487846 0.430031 1
-5.25879 39.28 0.911306 1.90743 4.3751 1.4796 166825 0 -1.02367 0.428994 0
52.8956 1.5407 1.47056 0.732226 0.688087 1.40385 111783 0 1.15476 0.421116 1
54.7918 0.418892 1.82923 0.925108 1.05376 1.81763 110385 0 -1.63249 0.420123 1
66.0657 21.6057 1.68845 2.13849 4.72588 1.90354 141308 0 -1.48136 0.407574 0
18.9805 65.4406 0.927729 2.24319 5.29699 1.75605 205277 0 -1.26806 0.394709 0
-4.72675 20.7025 0.769577 1.63229 3.51575 1.40557 139683 0 1.82091 0.388591 0
-11.3587 62.8193 0.439569 1.98454 4.52875 1.50883 201438 0 1.91687 0.377232 0
19.3395 71.5303 0.875023 2.11032 4.85651 1.6526 214170 0 -1.40479 0.373145 0
49.14 2.68077 1.77566 0.799867 0.823633 1.67439 113643 0 -1.38588 0.369726 1
-65.7155 18.8042 0.108218 1.94873 4.44438 1.5382 136684 0 1.96658 0.368929 0
53.603 20.9606 1.77056 2.11253 4.84429 1.78335 140333 0 1.61403 0.367766 0
-5.78632 16.7444 0.795855 0.896679 0.942025 1.6657 134063 0 1.94974 0.360884 1
51.7053 2.49689 1.81707 0.733196 0.682022 1.59741 113183 0 1.5662 0.358472 1
-9.70525 64.9149 0.688534 2.08705 4.80368 1.73653 204251 0 2.72516 0.357494 0
30.9024 58.0996 1.43364 1.95505 4.39985 1.54579 194550 0 -1.52996 0.354601 0
30.8082 55.5034 1.48264 2.23751 5.09393 1.78362 190806 0 -1.51354 0.350231 0
52.886 1.63477 1.47256 0.77088 0.715593 1.43816 112251 0 0.318364 0.348481 1
55.2314 0.718704 1.64926 0.711144 0.728021 1.63434 110854 0 -2.68969 0.34548 1
-5.54491 39.2944 0.905161 1.95321 4.41106 1.49248 166824 0 0.062156 0.34514 0
46.2458 21.5968 1.69028 2.0032 4.46671 1.60065 141246 0 -1.5714 0.339947 0
-41.8905 -0.66333 0.929245 0.935873 0.953954 1.65748 108211 0 1.77197 0.333462 1
-10.7334 62.5689 0.471861 1.89596 4.30512 1.46741 200972 0 -2.18871 0.330241 0
28.6717 23.2473 1.69668 1.96385 4.36012 1.51399 143531 0 -1.5198 0.330197 0
-53.0208 9.31126 0.416742 0.906451 0.953779 1.61137 123152 0 1.56674 0.329208 1
-5.02793 39.4164 0.926383 1.86889 4.27289 1.47883 167294 0 -1.34071 0.324227 0
19.9772 68.3061 0.967867 2.16886 4.97224 1.7902 209492 0 -1.31473 0.318552 0
46.5674 21.3015 1.65296 1.9872 4.46009 1.59128 140779 0 -1.51904 0.317549 0
-54.5345 17.1009 0.400241 2.06768 4.6076 1.80623 134379 0 1.87407 0.317483 0
-5.2632 41.7461 0.80287 1.9917 4.46726 1.58879 170569 0 -1.31709 0.311064 0
-27.6149 18.4865 0.371499 1.88541 4.26101 1.57543 136335 0 -1.32475 0.309895 0
34.7116 25.7906 1.9355 2.10479 4.83273 1.784 147294 0 1.64937 0.30785 0
-65.1481 36.6089 -0.328546 1.91717 4.306 1.5848 162894 0 1.96364 0.30655 0
-65.4175 36.3297 -0.316221 2.07897 4.71694 1.68607 162425 0 1.8057 0.304008 0
-44.6666 22.5499 0.219835 1.88977 4.21276 1.63558 142366 0 -1.30464 0.302983 0
-8.46269 31.9032 0.678554 1.73222 3.73693 1.44102 156051 0 -1.31959 0.301355 0
51.7041 2.61086 1.81349 0.762649 0.729373 1.62002 113651 0 1.55401 0.301016 1
-2.98439 47.2799 0.869796 2.19353 4.99663 1.79772 178532 0 -1.33049 0.298933 0
31.1863 52.6697 1.51067 2.09767 4.74907 1.62925 186595 0 -1.52084 0.297985 0
34.6618 23.0992 1.88368 2.1289 4.86908 1.70529 143550 0 1.60684 0.295038 0
31.1612 58.3725 1.4763 2.06103 4.66461 1.62779 195019 0 -1.54959 0.293362 0
66.7247 24.7856 1.30133 2.04786 4.57225 1.60229 145990 0 -1.642 0.292358 0
-64.4264 21.3633 0.090984 1.9992 4.53112 1.57726 140432 0 1.95179 0.292161 0
-64.8337 28.9767 0.0904446 1.90271 4.23867 1.55756 151663 0 1.92427 0.287718 0
-21.9158 28.5837 0.7705 2.08154 4.54157 1.63004 151329 0 -1.27009 0.287534 0
51.8645 8.02312 1.67842 1.04383 1.05984 1.80023 121608 0 -0.109766 0.287166 1
-65.2222 19.2753 0.104393 1.88774 4.11869 1.49205 137622 0 2.07178 0.285356 0
-7.84537 31.9086 0.639865 1.93976 4.43519 1.49279 156053 0 -1.27219 0.28505 0
49.6962 1.11911 1.88947 0.896504 0.890282 1.77231 111305 0 1.86968 0.282742 1
49.8458 2.76399 1.81308 0.784804 0.797502 1.65189 113645 0 -0.771527 0.280486 1
-22.5638 28.6759 0.810426 2.21671 4.9501 1.65495 151327 0 1.61768 0.277942 0
28.3429 23.4968 1.64277 1.94553 4.36822 1.49777 143998 0 -1.53045 0.277439 0
65.0188 12.2297 1.19008 0.827952 0.926802 1.77907 127733 0 -1.45256 0.276322 1
65.0198 12.0843 1.26128 0.823958 0.920004 1.77808 127265 0 -1.46518 0.275476 1
-52.6424 16.1988 0.382799 2.09526 4.84345 1.78104 132981 0 -1.40851 0.27342 0
-57.461 -7.61685 0.929965 0.823181 0.8522 1.70128 98334 0 1.5378 0.272352 1
53.8961 21.2319 1.7787 2.09255 4.79078 1.78366 140802 0 1.71143 0.27218 0
2.2899 42.1089 0.683625 1.58765 3.3697 1.43766 171061 0 1.91819 0.271926 0
55.2138 0.556786 1.69011 0.726206 0.787807 1.67172 110386 0 -2.00505 0.271724 1
51.9425 7.61895 1.66211 0.893095 0.961473 1.73779 120672 0 0.235965 0.271613 1
34.7399 25.1149 1.90052 0.744352 0.773544 1.71255 146358 0 1.65343 0.270828 1
19.3836 68.3439 0.934827 1.93847 4.39232 1.66744 209490 0 1.77362 0.270688 0
35.3593 22.9145 1.88139 1.94521 4.30992 1.67497 143084 0 -1.49383 0.270553 0
-9.08737 32.4545 0.70581 2.01998 4.46617 1.51068 156985 0 -1.29617 0.265859 0
16.81 29.1932 1.27677 2.02957 4.73461 1.5565 152386 0 1.71027 0.263169 0
53.873 20.6825 1.69951 1.93132 4.29582 1.69972 139866 0 1.60316 0.262331 0
19.7179 68.0364 0.951123 2.02695 4.57079 1.69335 209023 0 -1.35743 0.259733 0
53.5307 17.6436 1.5027 2.13597 4.80802 1.62107 135653 0 1.6777 0.25947 0
-10.4283 62.5157 0.481048 1.9579 4.41952 1.4844 200973 0 -1.33144 0.259369 0
49.8675 2.94823 1.82484 0.831681 0.826064 1.70631 114113 0 -0.671657 0.258985 1
66.4168 24.4969 1.30886 2.04797 4.665 1.62365 145521 0 -1.60457 0.258747 0
-49.4116 12.3566 -0.198775 0.900066 1.8881 1.73819 127375 0 -1.77026 0.258433 2
65.878 17.9571 1.4782 1.92072 4.11843 1.48817 136159 0 -1.41814 0.258376 0
71.5287 20.4073 1.63357 1.96833 4.45283 1.55832 139453 0 1.68915 0.257298 0
15.8381 38.253 1.15304 2.11414 4.75346 1.89 165487 0 -1.25927 0.251102 0
20.5465 -9.8354 1.83654 0.867444 0.930664 1.49061 95302 0 3.04084 0.250302 1
18.7697 71.5413 0.883934 1.81086 3.98566 1.49306 214168 0 1.77371 0.250178 0
-63.9121 21.8466 -0.00677037 1.86443 4.11974 1.51505 141370 0 2.03386 0.249631 0
-44.3495 22.2743 0.189469 1.73637 3.83349 1.56512 141899 0 -1.27708 0.248139 0
18.0557 73.1168 0.926363 2.06014 4.57695 1.6396 216506 0 0.165071 0.24621 0
34.6979 29.1758 1.9828 2.08868 4.55248 1.60503 152442 0 -1.46749 0.245319 0
-44.9198 22.2847 0.250239 1.95022 4.35908 1.66087 141897 0 1.7342 0.245202 0
71.2338 21.21 1.59515 1.96124 4.3695 1.54238 140856 0 1.58338 0.244387 0
-64.8025 29.5695 0.0956147 1.99478 4.46624 1.6077 152599 0 1.9777 0.243854 0
31.1721 57.8289 1.44563 2.02296 4.53069 1.636 194083 0 -1.50797 0.243774 0
30.8869 58.6756 1.42643 2.00134 4.52055 1.56048 195486 0 -1.57532 0.243071 0
35.341 25.7462 1.96825 2.16684 4.92938 1.84343 147296 0 1.44065 0.241892 0
52.77 1.53139 1.52208 0.763175 0.743056 1.48099 111782 0 1.41154 0.241809 1
33.4577 29.0159 1.91807 1.94131 4.50917 1.49203 151970 0 1.58839 0.240766 0
-63.4148 24.4003 0.203395 2.24629 5.26835 1.75777 145115 0 2.00737 0.240695 0
-54.2709 16.5233 0.395951 1.98175 4.32403 1.74406 133444 0 1.74311 0.24041 0
-19.9958 55.1903 0.644609 2.08378 4.68744 1.65068 190179 0 -0.930222 0.235488 0
46.5379 21.8771 1.66352 2.01652 4.52552 1.59643 141715 0 -1.58402 0.234741 0
-5.79031 16.6025 0.788199 0.904105 0.951544 1.63562 133595 0 1.75274 0.234014 1
72.128 17.5209 1.82503 2.06916 4.72719 1.65596 135243 0 1.61151 0.233731 0
53.5779 20.3818 1.69337 1.98267 4.50331 1.6873 139397 0 1.55248 0.233151 0
18.6888 66.0043 0.893289 2.15116 4.93632 1.675 206212 0 1.59445 0.232428 0
-8.81852 64.798 0.652304 2.08523 4.69437 1.74318 204254 0 -1.33748 0.230813 0
49.7606 1.3933 1.81579 0.735929 0.788905 1.63553 111773 0 -1.97104 0.230107 1
-11.9893 58.3165 0.726443 2.33239 5.64304 1.855 194884 0 1.8961 0.230007 0
-22.8704 28.9087 0.817812 2.24553 4.97231 1.68189 151794 0 1.89507 0.229998 0
-68.0844 14.1699 0.472542 0.783385 0.790482 1.7926 130125 0 -1.42393 0.229503 1
19.0571 68.6348 0.945986 1.86553 4.16929 1.64577 209957 0 1.813 0.228846 0
-10.3396 65.1768 0.715977 1.99439 4.55977 1.77152 204717 0 1.86018 0.227679 0
-65.1136 28.6862 0.128395 1.98129 4.43965 1.5952 151194 0 1.8966 0.227577 0
30.5748 52.926 1.42702 2.01349 4.5054 1.56134 187061 0 -1.55584 0.226067 0
19.0622 72.097 0.928018 2.05605 4.59096 1.64467 215105 0 1.44582 0.225745 0
-55.7648 46.9858 -0.292183 2.02257 4.70948 1.60538 177899 0 1.79043 0.22434 0
-60.6925 -4.07141 0.579756 0.907253 0.960817 1.71471 103472 0 1.53372 0.22417 1
55.4134 0.730095 1.68111 0.73556 0.757672 1.6218 110855 0 -3.06835 0.223136 1
54.7636 0.276749 1.84517 0.923383 1.2186 1.83832 109917 0 -1.51601 0.22249 1
30.2609 58.3953 1.45938 1.9751 4.41512 1.55064 195016 0 -1.54291 0.221612 0
19.7621 -8.37051 1.67869 0.862607 0.992861 1.58673 97171 0 -1.68579 0.219946 1
-11.435 57.4737 0.70035 1.98001 4.38606 1.65354 193482 0 1.86814 0.218946 0
15.2125 38.5627 1.1201 2.09177 4.93249 1.92018 165953 0 -1.29567 0.218364 0
49.4014 2.68671 1.79176 0.817778 0.832123 1.69625 113644 0 -1.12289 0.216931 1
18.1327 65.7155 0.878837 1.69329 3.68436 1.46549 205742 0 1.8615 0.215824 0
46.3069 2.80518 1.88388 0.890865 0.969147 1.78484 113634 0 1.4368 0.214185 1
46.3148 2.95378 1.91377 0.860673 0.94357 1.77627 114102 0 1.45551 0.211644 1
-53.9673 16.8044 0.367881 1.99495 4.39786 1.79506 133913 0 1.84837 0.211438 0
-4.70803 41.75 0.947105 2.06239 4.69961 1.63734 170571 0 -1.27138 0.210777 0
-60.3656 -0.128441 0.71833 0.797537 0.940956 1.70965 109089 0 -0.869973 0.210691 1
67.0307 24.1857 1.32702 2.08431 4.60374 1.66056 145055 0 -1.5744 0.209808 0
-12.0825 15.8761 0.92779 2.17317 4.7953 1.84809 132640 0 -1.34461 0.207508 0
-6.18542 39.5861 0.886789 1.98507 4.35486 1.52103 167290 0 1.75076 0.20586 0
-11.6923 57.2029 0.746642 2.08252 4.69324 1.73269 193013 0 1.83625 0.204459 0
19.6697 68.9108 0.939586 2.0775 4.71039 1.71268 210427 0 -1.51389 0.204007 0
67.002 25.0693 1.38463 2.18063 4.85477 1.71111 146459 0 -1.65404 0.203417 0
-5.88593 41.7615 0.685608 1.92704 4.347 1.49899 170567 0 -1.3059 0.203215 0
-0.90612 33.8443 0.612194 1.78994 3.38852 1.26745 158883 0 -1.27902 0.202814 0
17.8072 72.8629 0.891217 1.84278 4.02559 1.55014 216037 0 0.0509702 0.202323 0
4.62611 10.0509 0.722993 1.95829 4.6944 1.49163 124268 0 -1.32212 0.201943 0
-60.3686 0.083313 0.721828 0.774679 0.811549 1.73734 109557 0 -0.859407 0.201526 1
-20.0074 42.7077 0.267035 2.05999 4.62196 1.60694 171927 0 1.7825 0.201094 0
34.7171 25.4571 1.92082 1.69884 3.22336 1.74777 146826 0 1.70492 0.200261 0
-64.8548 36.938 -0.301556 1.76805 3.93118 1.53787 163363 0 2.11573 0.199614 0
-44.042 22.5179 0.163005 1.82901 4.0265 1.58197 142368 0 -1.2337 0.19933 0
-19.362 54.5876 0.542598 2.0256 4.65673 1.63664 189245 0 -0.860638 0.199148 0
-64.8675 36.3493 -0.349905 1.74762 3.86607 1.51984 162427 0 1.8082 0.197298 0
-52.3585 16.4627 0.420704 1.99016 4.41856 1.72058 133450 0 -1.37362 0.196958 0
73.4055 17.4669 1.8996 2.08401 4.68707 1.69876 135247 0 1.65496 0.19659 0
-54.2833 17.3876 0.412994 1.9995 4.4083 1.74443 134848 0 1.94336 0.196477 0
-60.6973 -4.22953 0.551319 0.893628 0.951353 1.73217 103004 0 1.72119 0.196384 1
3.58901 44.9948 0.674452 1.63319 3.27265 1.47296 175277 0 1.93491 0.196006 0
-11.253 24.5134 0.699523 2.0863 4.84881 1.45781 145278 0 -1.3541 0.19533 0
-21.3492 28.5697 0.696655 2.05758 4.55486 1.64979 151331 0 -1.30923 0.19481 0
16.4712 37.9427 1.27789 2.06724 4.63507 1.83291 165021 0 -1.22731 0.193989 0
-56.7225 -2.82983 1.02582 0.807548 0.818437 1.809 105356 0 -1.25608 0.192861 1
-28.3014 18.7441 0.369017 1.84283 4.024 1.55782 136801 0 -1.24633 0.192597 0
71.7716 21.2032 1.57198 2.26683 5.31746 1.77028 140858 0 1.60048 0.191619 0
-65.9817 19.2989 0.146355 2.20761 5.1655 1.68248 137619 0 2.01296 0.191588 0
70.9537 20.7004 1.58461 1.85708 4.18393 1.46201 139919 0 1.64918 0.190181 0
-64.5119 28.6717 0.0605151 1.89981 4.14193 1.5394 151196 0 1.97347 0.190077 0
-54.9753 47.1286 -0.336111 1.65053 3.43392 1.44206 178370 0 1.99431 0.189479 0
30.8993 52.3865 1.48962 2.07752 4.70432 1.61837 186126 0 -1.4423 0.188624 0
-72.1381 -3.35468 0.927269 0.647323 0.530899 1.70118 104372 0 -1.64885 0.188598 1
30.2599 52.6827 1.43595 2.03228 4.55449 1.57144 186592 0 -1.51333 0.188335 0
38.6108 -0.386688 1.93879 0.80183 1.04887 1.52609 108930 0 1.16443 0.188146 1
46.2666 21.0185 1.68138 2.00126 4.54532 1.64232 140310 0 -1.45716 0.187824 0
-64.7183 21.8613 0.112556 2.12708 4.99989 1.70867 141367 0 2.01821 0.187761 0
-7.89487 32.3697 0.683117 2.06122 4.72961 1.57601 156989 0 -1.31394 0.187644 0
-43.354 22.2261 0.177323 1.82962 4.01969 1.60741 141902 0 -1.24717 0.186954 0
-54.7835 16.8258 0.410786 2.18586 4.99258 1.86202 133910 0 1.80023 0.185631 0
45.649 21.3336 1.78792 2.03057 4.67093 1.66392 140776 0 -1.50395 0.185298 0
0.357109 36.6184 0.735232 1.69156 3.5788 1.46084 163099 0 1.94141 0.185201 0
-20.2997 42.4224 0.356057 2.1124 4.75491 1.62733 171458 0 1.77747 0.185075 0
65.453 21.8651 1.61351 2.07958 4.47476 1.83959 141774 0 -1.57684 0.183002 0
-60.9694 -0.479187 0.78092 1.96993 4.35617 1.66617 108619 0 -0.301282 0.182613 0
19.9173 -8.38666 1.7306 0.915786 1.06726 1.58664 97172 0 -1.63609 0.182504 1
-64.1903 29.2772 0.0353927 1.90377 4.17364 1.54276 152133 0 1.98011 0.182286 0
-49.212 12.4031 -0.21139 0.901479 1.63168 1.74214 127376 0 -1.5328 0.182229 1
-64.4993 29.8956 0.1175 1.99966 4.44117 1.60546 153068 0 2.02404 0.182148 0
-7.53429 56.1974 0.740304 2.15325 5.00564 1.71101 191622 0 -1.35305 0.182057 0
14.5622 38.5655 1.13507 2.17916 4.98566 1.95523 165951 0 -1.30232 0.181573 0
16.794 38.2131 1.28998 2.08246 4.65736 1.85111 165490 0 -1.26592 0.180673 0
34.7374 24.9029 1.91094 0.754019 0.703287 1.69707 145890 0 1.50792 0.180316 1
55.42 0.565544 1.68677 0.747787 0.797836 1.62556 110387 0 -2.71807 0.180305 1
37.9548 -0.173264 1.87444 0.825867 2.15113 1.22587 109396 0 3.10123 0.180069 0
55.2509 20.046 1.32632 0.836493 1.71178 1.79813 138934 0 1.77895 0.180024 1
-53.2597 16.453 0.348012 2.16169 4.92797 1.83375 133447 0 -2.35577 0.179805 0
34.3664 22.6772 1.85022 1.9804 4.54443 1.6848 142613 0 1.64986 0.179319 0
5.28329 9.81441 0.830485 1.86566 4.29433 1.4892 123802 0 -1.31927 0.178333 0
16.1205 38.5071 1.21038 2.11961 4.82092 1.89155 165956 0 -1.27804 0.178295 0
-2.71787 47.7354 0.826988 2.14031 4.91057 1.74488 179469 0 -1.22489 0.178065 0
-45.2029 22.5654 0.242745 2.19777 4.96206 1.80254 142364 0 0.0203097 0.177203 0
-39.629 -2.22876 1.12144 0.837338 1.75391 1.62891 106346 0 1.75915 0.177017 2
-33.7627 0.454308 0.642578 1.98868 4.49104 1.55288 110108 0 1.69615 0.176901 0
-60.6113 -0.153313 0.770946 1.68595 3.25203 1.64817 109088 0 -0.652125 0.176733 0
29.2851 58.4251 1.48855 1.91888 4.4028 1.57577 195013 0 -1.51162 0.176431 0
8.06861 20.6964 1.16565 1.95246 4.38509 1.65251 139723 0 -1.58659 0.176175 0
-65.3692 29.24 0.162296 2.14346 4.97283 1.70859 152129 0 1.91657 0.176089 0
38.2202 -0.202713 1.92473 0.82716 1.77873 1.349 109397 0 2.04726 0.175706 0
36.6413 37.6233 1.92965 2.00256 4.60136 1.60481 164616 0 1.62971 0.175052 0
-64.8318 37.2729 -0.248346 1.89496 4.24402 1.59731 163831 0 2.20939 0.174638 0
34.1143 26.039 1.87675 2.05921 4.62053 1.61004 147760 0 1.67251 0.174438 0
29.5978 58.6855 1.44845 1.9807 4.48258 1.57306 195482 0 -1.50136 0.17407 0
-60.6602 -0.467766 0.751482 1.92275 4.27871 1.62065 108620 0 -0.544055 0.173719 0
18.6042 -8.43385 1.65091 0.937567 1.12465 1.64317 97168 0 -1.61934 0.173625 1
49.1113 2.53101 1.81066 0.78056 0.817756 1.68564 113175 0 -1.5023 0.173522 1
21.0562 -11.0775 2.60011 0.824822 0.798474 1.73011 93431 0 2.88728 0.172726 1
-20.6161 55.5436 0.774149 2.07087 4.64451 1.67584 190645 0 -0.834472 0.172637 0
-60.9583 -2.10284 1.07572 2.1655 4.95116 1.75714 106279 0 0.130742 0.172092 0
17.365 28.9 1.36641 2.25894 5.31776 1.78137 151920 0 1.7293 0.17171 0
30.5393 54.9785 1.50143 2.07406 4.70778 1.67972 189869 0 -1.36372 0.171198 0
67.2959 24.486 1.34896 2.15397 4.75421 1.70617 145524 0 -1.58813 0.171163 0
-2.1876 31.734 0.635305 1.87865 4.13416 1.44678 156071 0 -1.27935 0.17105 0
-5.84755 39.2931 0.884714 1.97905 4.37952 1.52772 166823 0 1.2173 0.170488 0
34.9529 25.132 1.89298 0.830763 0.90576 1.77733 146359 0 -1.57096 0.170483 1
-2.3886 49.7653 1.07541 2.04134 4.63988 1.69365 182278 0 -1.26764 0.169743 0
-46.9615 14.36 0.479211 1.90599 3.84716 1.77356 130191 0 1.85308 0.169135 0
-44.3783 22.8161 0.185877 1.95132 4.26421 1.63004 142835 0 -1.21664 0.169054 0
49.63 0.91053 1.87517 0.929759 0.920404 1.79243 110837 0 1.62358 0.168424 1
-72.1683 -3.13563 0.868543 0.615036 0.512513 1.58042 104840 0 -1.63785 0.168399 1
15.538 37.9758 1.17835 2.10821 4.69533 1.84576 165018 0 -1.32822 0.167959 0
28.6614 23.7535 1.7338 1.93722 4.32935 1.54291 144467 0 -1.51497 0.167931 0
51.7726 7.64083 1.68696 0.935924 0.979418 1.73728 120671 0 -0.194927 0.167848 1
29.9954 55.7314 1.53375 1.87056 3.98697 1.58034 191271 0 -1.64829 0.167491 0
8.8592 9.82879 1.30507 0.810422 0.875496 1.71552 123813 0 -1.56798 0.167018 1
29.9473 58.1318 1.48068 1.95172 4.39047 1.56195 194547 0 -1.52607 0.166992 0
53.3059 21.5353 1.92371 2.41683 5.93105 2.13276 141268 0 1.70949 0.164516 0
46.556 23.5198 1.76226 2.15811 4.93466 1.65869 144055 0 -1.53815 0.164258 0
3.99479 65.7563 0.596602 2.0652 4.6752 1.63793 205698 0 -0.254271 0.164045 0
18.347 73.3974 0.970702 2.3301 5.31544 1.8239 216975 0 0.268418 0.16386 0
65.4501 24.4519 1.30185 2.03487 4.61209 1.6239 145518 0 -1.60898 0.163707 0
-2.41572 31.0235 0.707117 1.97976 4.40468 1.5239 154666 0 -1.36337 0.163114 0
-42.0689 -1.01163 0.865721 0.705659 0.776929 1.22615 107742 0 1.81293 0.162884 1
38.8019 -0.409874 1.97865 0.800526 1.23815 1.61578 108931 0 0.873319 0.162476 1
-23.7917 29.007 0.904475 2.28678 5.1796 1.72913 151791 0 1.9018 0.161946 0
-45.2505 19.1656 0.428585 2.04559 4.7477 1.91686 137216 0 -1.25396 0.160818 0
4.00108 65.4466 0.583466 2.02868 4.61373 1.62969 205230 0 0.0236307 0.159866 0
15.5042 38.8001 1.17371 2.14533 4.85261 1.91818 166422 0 -1.24677 0.159207 0
49.9843 1.17714 1.80076 0.744522 0.762981 1.60763 111306 0 1.10986 0.159002 1
3.99439 66.074 0.635472 2.09315 4.76055 1.66638 206166 0 -2.86991 0.158679 0
20.246 68.5915 1.00971 2.29949 5.37802 1.89537 209961 0 -1.31105 0.158483 0
71.4594 14.7509 1.59794 2.17331 5.00413 1.65579 131497 0 1.64313 0.158451 0
-20.3438 55.815 0.789843 2.0834 4.56731 1.70425 191114 0 -0.797294 0.158393 0
28.9843 22.9818 1.7038 1.94141 4.32688 1.55116 143064 0 -1.50438 0.157856 0
38.5961 -0.261505 1.95728 0.792418 0.983179 1.51262 109398 0 1.56813 0.157831 1
-60.8738 -4.25655 0.574629 0.9619 1.05664 1.74141 103003 0 1.1138 0.157815 1
-10.7234 59.6835 0.747072 1.99539 4.52772 1.578 196760 0 1.96263 0.157234 0
48.9296 1.76012 1.99718 0.87165 0.915938 1.80678 112238 0 -1.60117 0.157135 1
-64.8239 28.3741 0.111377 1.92015 4.23593 1.56329 150727 0 1.92202 0.157134 0
66.1059 24.2064 1.34787 2.00702 4.53784 1.66358 145052 0 -1.55574 0.157077 0
-7.26363 31.8658 0.654955 1.96002 4.47763 1.5461 156055 0 -1.29238 0.156887 0
49.1281 1.54203 1.90715 0.798484 0.832418 1.73639 111771 0 -1.56517 0.156858 1
72.7983 17.7171 1.90864 2.05267 4.59853 1.69986 135713 0 1.58953 0.156429 0
3.32172 7.13172 1.43068 0.774617 0.845318 1.74094 120052 0 0.0367984 0.155857 1
-9.6778 29.6651 0.815353 2.0982 4.69286 1.55729 152771 0 -1.33961 0.155603 0
19.3724 70.9621 0.855663 2.13091 4.88867 1.71498 213234 0 1.78716 0.155364 0
51.8697 2.47875 1.8269 0.783237 0.725911 1.64703 113184 0 -0.355386 0.155083 1
35.668 25.526 1.96174 2.22562 5.10191 1.87165 146829 0 -1.48293 0.155073 0
18.3648 72.8459 0.948343 2.03748 4.45995 1.62987 216039 0 0.417927 0.154871 0
-48.833 26.7342 0.0949618 1.97851 4.36811 1.60135 148437 0 -1.24384 0.154736 0
18.4005 -8.68574 1.70278 0.872365 1.36214 1.52963 96699 0 -1.62385 0.154351 1
0.744232 39.6192 0.85228 1.8267 3.8693 1.62844 167312 0 1.8448 0.154294 0
3.6989 66.0819 0.606779 2.07417 4.70353 1.63912 206165 0 3.05374 0.154186 0
45.6483 21.8495 1.72084 2.04047 4.57317 1.62683 141712 0 -1.54834 0.153861 0
-22.5366 28.4185 0.788699 2.21394 4.80617 1.70055 150859 0 1.30585 0.153438 0
54.5189 20.9873 1.67694 2.02801 4.53435 1.76476 140336 0 1.77319 0.153232 0
9.50119 8.23389 1.04515 0.78195 0.87052 1.62675 121475 0 -1.47986 0.15284 1
-60.9752 0.126595 0.757832 1.96333 4.40616 1.69328 109555 0 -0.2323 0.15269 0
-11.9765 18.5024 0.666703 1.91609 4.20423 1.48641 136384 0 -1.32639 0.152494 0
-5.98609 17.8846 0.733893 1.87935 3.62697 1.48298 135467 0 1.82337 0.152143 0
66.605 17.9832 1.48764 2.20448 5.27607 1.69546 136162 0 1.58763 0.151844 0
-51.4338 11.0337 0.124742 0.620842 0.612147 0.916657 125497 0 1.79975 0.151593 1
-61.2416 -0.179039 0.758844 2.02408 4.52225 1.71193 109086 0 -0.0941853 0.15111 0
49.988 1.3905 1.78561 0.767558 0.782769 1.60212 111774 0 -2.20345 0.150526 1
-46.5916 -1.04733 0.673531 0.806787 1.39839 1.45669 107728 0 0.257819 0.150403 1
-73.1265 -2.78381 0.928607 0.685209 0.594303 1.72394 105305 0 -1.53144 0.150247 1
45.3279 21.6013 1.74508 2.05453 4.64549 1.64323 141243 0 -1.52248 0.14963 0
49.344 1.73698 1.94579 0.80637 0.858263 1.7418 112240 0 -1.65146 0.149441 1
19.9319 71.2243 0.834157 2.31648 5.49867 1.82165 213704 0 -1.34181 0.149251 0
39.5445 -0.765663 2.21504 0.779618 0.788468 1.63215 108465 0 0.728395 0.149238 1
-6.9241 19.1066 0.67428 0.824297 0.914376 1.55086 137336 0 0.0815805 0.149073 1
-53.0246 8.91757 0.423581 0.902957 1.05328 1.5972 122216 0 1.94618 0.148636 1
-53.6031 16.4964 0.34332 2.16123 4.90036 1.83743 133446 0 1.8141 0.148517 0
35.0456 26.6533 2.00884 0.676998 0.611259 1.69073 148699 0 -1.1404 0.148291 1
-44.6457 22.0054 0.255853 1.75265 3.8965 1.56394 141430 0 -1.12544 0.148119 0
49.1284 2.94523 1.77297 0.837369 0.881662 1.68584 114111 0 -1.31723 0.147629 1
-6.50297 39.8144 0.860579 2.0687 4.63219 1.55823 167757 0 -3.10182 0.147597 0
19.6202 72.0886 0.912434 2.29501 5.44657 1.8244 215107 0 -1.28013 0.1467 0
-56.8602 -4.36286 0.570982 0.663754 0.633628 1.6668 103016 0 -0.328717 0.146671 1
65.1135 24.2024 1.3564 2.0039 4.51625 1.64892 145049 0 -1.63721 0.146234 0
46.2544 22.1947 1.69496 2.0039 4.48623 1.59533 142182 0 -1.5999 0.145727 0
-63.2472 21.2862 -0.0912428 1.88584 4.34241 1.48561 140436 0 2.02064 0.145599 0
-64.1661 37.922 -0.21424 1.99796 4.41846 1.63209 164769 0 0.470708 0.1455 0
67.3135 23.8494 1.33084 2.11553 4.62049 1.69329 144588 0 -1.54483 0.145497 0
-7.56502 -9.38806 0.693282 0.71003 0.738844 1.28732 95682 0 -1.65312 0.145265 1
65.4751 21.3742 1.64406 2.1361 4.65094 1.87387 140838 0 -1.45346 0.145215 0
67.0566 23.5326 1.35166 2.05323 4.51167 1.68411 144119 0 -1.52607 0.144693 0
50.2869 2.99547 1.81416 0.881381 0.909562 1.74345 114115 0 -0.654716 0.143969 1
-25.7028 21.6391 0.466345 0.980653 1.22286 1.67327 141021 0 -0.068352 0.143113 1
-64.4774 37.9142 -0.198789 2.04788 4.55259 1.68063 164768 0 1.71837 0.143018 0
16.4795 24.8392 1.61302 0.855022 0.914419 1.75635 145833 0 0.868224 0.142955 1
-17.742 42.4184 0.024095 2.02582 4.66825 1.66419 171466 0 -1.32396 0.142764 0
55.2391 20.2283 1.35269 0.81984 1.53843 1.81424 139402 0 1.78616 0.142575 2
18.7447 68.9154 0.954095 1.89743 4.24008 1.6234 210424 0 1.79137 0.142531 0
-63.8339 21.0414 0.0425546 1.91797 4.21429 1.50661 139966 0 2.00626 0.142295 0
66.0781 22.1862 1.62247 2.08546 4.59817 1.85482 142244 0 -1.60521 0.142076 0
-19.7345 55.4852 0.639019 2.10209 4.69126 1.69493 190648 0 -0.650123 0.142033 0
18.7706 68.375 0.927096 1.95884 4.47234 1.66734 209488 0 1.90263 0.142002 0
3.71511 65.7705 0.560851 2.04877 4.68571 1.6204 205697 0 2.49831 0.141973 0
-33.6566 18.0409 0.44617 2.54416 6.19825 2.02114 135848 0 -1.23877 0.141435 0
18.0795 31.1793 1.33265 2.01886 4.62937 1.64027 155198 0 1.78645 0.141289 0
18.7141 64.8956 0.901961 2.17601 5.08759 1.72251 204340 0 1.31081 0.14114 0
-64.0763 18.0453 -0.338347 0.854948 1.78711 1.7743 135753 0 1.87154 0.141049 2
-12.2668 21.5344 0.677135 2.0822 4.72897 1.43553 141063 0 -1.31723 0.14095 0
72.1079 17.9943 1.81119 2.08444 4.7986 1.654 136179 0 1.60784 0.140803 0
-42.7403 21.9646 0.312364 1.84868 3.9668 1.67566 141436 0 -1.29828 0.140692 0
-5.32798 39.7256 0.960578 1.8984 4.28814 1.4983 167761 0 -1.42927 0.140633 0
11.4696 30.9776 1.36367 2.24984 5.66557 2.07605 154709 0 -1.26395 0.140569 0
-19.7102 43.0092 0.272078 2.04606 4.58531 1.62032 172396 0 1.80445 0.140457 0
-12.9275 58.0778 0.781427 2.16844 4.98734 1.81323 194413 0 1.84421 0.140107 0
-63.83 37.9213 -0.249583 1.92423 4.28073 1.59368 164770 0 -0.204504 0.139833 0
-52.528 -0.874222 0.892193 2.06614 4.65171 1.63692 108177 0 0.0640865 0.139828 0
11.977 30.6916 1.37363 1.92895 4.56587 1.87815 154243 0 -1.27596 0.139528 0
-7.21488 58.384 0.607998 2.07087 4.69311 1.68138 194899 0 -1.32255 0.139448 0
19.0339 72.4524 0.943107 2.14796 4.79445 1.73334 215573 0 1.09784 0.139078 0
49.1197 1.94711 1.95812 0.824117 0.861234 1.77666 112707 0 -1.63599 0.138849 1
20.4375 -9.95039 1.83862 0.844987 0.910394 1.50722 94833 0 3.05026 0.138755 1
38.2269 -0.422234 1.9007 0.859048 1.84365 1.32549 108929 0 1.71187 0.138593 0
30.8861 53.2088 1.43377 1.98964 4.48719 1.58786 187530 0 -1.63327 0.138587 0
-2.0843 50.0713 1.10546 2.00246 4.60477 1.6976 182747 0 -1.2314 0.138383 0
30.5873 58.9983 1.47286 1.95601 4.38245 1.52435 195953 0 -1.58582 0.138177 0
37.9634 -0.436584 1.81736 0.835528 1.95899 1.24168 108928 0 2.85551 0.138152 0
-63.5155 28.006 -0.0404071 1.95971 4.3539 1.52859 150263 0 1.9847 0.137983 0
35.9854 37.8727 2.05949 1.98069 4.46136 1.62648 165082 0 1.67808 0.13771 0
-18.7043 8.77114 0.536844 2.10272 4.71488 1.52979 122323 0 -1.21791 0.137607 0
-63.5256 38.2304 -0.322741 2.01248 4.54373 1.63568 165239 0 0.329739 0.13751 0
64.831 21.6088 1.57516 2.31449 5.41231 1.95662 141304 0 -1.56993 0.137266 0
37.5719 37.6199 2.062 2.03051 4.59453 1.64198 164619 0 1.65067 0.137182 0
53.2399 16.9271 1.45478 1.71751 3.91456 1.50071 134248 0 1.80401 0.136997 0
-60.8806 -4.04874 0.581803 1.06772 1.20203 1.74275 103471 0 0.856683 0.136984 1
18.4565 71.8037 0.916274 1.80088 3.84797 1.48918 214635 0 1.54325 0.136971 0
-6.90921 19.2595 0.705478 0.774964 0.782014 1.57296 137804 0 -0.40955 0.136932 1
37.6232 -0.158241 1.85958 0.854073 2.04653 1.23907 109395 0 2.89577 0.136639 0
-65.6912 36.0556 -0.303343 2.2585 5.21102 1.84449 161956 0 1.7188 0.136401 0
-5.42341 16.7334 0.791428 0.837674 0.951498 1.60469 134065 0 -1.75347 0.136253 1
46.257 23.2264 1.78463 2.18205 4.90833 1.68155 143586 0 -1.55194 0.136022 0
-11.4491 18.951 0.620922 1.89629 4.45182 1.50257 137322 0 -1.35711 0.13559 0
-7.23117 56.4501 0.691627 2.30527 5.52522 1.84033 192091 0 -1.38205 0.135563 0
-64.1621 28.3351 0.0163906 1.9958 4.45661 1.56091 150729 0 1.99967 0.135116 0
3.70582 65.1232 0.54002 2.0216 4.46759 1.59938 204761 0 0.123556 0.135089 0
-63.1971 38.2403 -0.390861 1.93318 4.35824 1.61252 165240 0 0.387401 0.134632 0
-20.607 55.2618 0.701753 2.00026 4.48318 1.63675 190177 0 0.869858 0.134565 0
47.1306 21.5722 1.63704 2.03338 4.66955 1.60386 141249 0 -1.56937 0.134447 0
37.2651 38.9194 2.15371 2.00767 4.44198 1.60893 166490 0 -3.02971 0.134186 0
-64.4566 22.136 0.103267 2.04506 4.75578 1.66109 141836 0 2.04573 0.133872 0
36.9513 37.8454 2.00505 2.09579 4.76045 1.65408 165085 0 1.86253 0.133764 0
20.2664 67.738 1.07571 2.27771 5.27741 1.90142 208557 0 -1.25977 0.13373 0
-28.9318 19.0345 0.402707 2.01137 4.35474 1.62961 137267 0 -1.23074 0.133446 0
-63.8367 38.2241 -0.263268 2.10317 4.65419 1.66377 165238 0 0.07814 0.133339 0
-26.9221 21.0573 0.486569 2.38398 5.79194 1.8381 140081 0 -1.23379 0.133318 0
-55.5505 47.7238 -0.28946 2.16235 4.84034 1.68508 179304 0 2.08888 0.133227 0
-63.5101 28.6394 -0.0822163 1.90535 4.22748 1.55092 151199 0 2.00145 0.133197 0
-19.3896 42.7187 0.132143 2.00737 4.46675 1.60506 171929 0 1.78824 0.133194 0
48.9216 2.68037 1.78785 0.838682 0.881246 1.69024 113642 0 -1.53743 0.133169 1
66.7307 25.3722 1.38637 2.16063 4.84323 1.69424 146926 0 -1.69737 0.133122 0
53.3033 20.0598 1.74095 2.10018 4.7351 1.73892 138928 0 1.55981 0.133061 0
3.02843 65.4313 0.530277 2.00942 4.61888 1.60193 205227 0 0.256252 0.133037 0
-57.0864 -3.66698 0.832435 0.807018 0.935467 1.87893 103951 0 0.1434 0.132247 1
35.6738 37.6392 2.06613 1.98155 4.54289 1.63037 164613 0 1.60522 0.132196 0
-54.5373 16.2337 0.391501 2.15605 4.76818 1.79527 132975 0 1.64185 0.131996 0
-18.0875 42.0955 0.0796677 0.982469 1.45863 1.71565 170997 0 -1.26926 0.131804 1
-52.5913 16.7369 0.429918 1.33772 2.32385 1.73113 133917 0 -1.3555 0.131635 1
70.6681 14.5258 1.60695 1.72261 3.88486 1.45746 131026 0 1.67641 0.131614 0
-20.9022 55.5462 0.797903 2.12189 4.80459 1.71212 190644 0 -0.31032 0.13161 0
64.4721 24.4425 1.26471 2.00106 4.4943 1.59658 145515 0 -1.6066 0.131312 0
-2.99506 48.7606 0.815245 0.809916 0.831843 1.65281 180872 0 -1.4622 0.130784 1
-60.3569 -0.451813 0.704835 1.95851 4.32058 1.66263 108621 0 -0.890946 0.130635 0
-64.8644 36.0542 -0.358856 1.82631 4.05332 1.54411 161959 0 1.70052 0.130432 0
18.6989 30.9007 1.36577 2.04648 4.58695 1.63958 154732 0 1.78664 0.129546 0
-34.032 0.188522 0.671132 2.05951 4.72991 1.61014 109639 0 1.66632 0.129493 0
-49.0716 26.4328 0.150954 2.1113 4.72277 1.66057 147968 0 -1.31957 0.12927 0
-63.1957 28.9584 -0.0641198 1.91559 4.37977 1.56138 151668 0 1.953 0.129208 0
-54.9237 -7.2152 0.433992 0.756582 0.762706 1.61307 98810 0 -1.30962 0.128918 1
15.2202 37.9818 1.17467 1.60134 3.0551 1.88233 165017 0 -1.34221 0.128869 0
51.8727 2.62567 1.80886 0.829545 0.798342 1.66277 113652 0 0.314886 0.128435 1
-64.1616 38.2219 -0.209239 2.13761 4.78939 1.70715 165237 0 1.09347 0.128312 0
-33.468 0.775414 0.594648 1.96785 4.32463 1.54264 110577 0 1.74976 0.128243 0
33.8158 28.7592 1.96636 1.79586 3.91322 1.46651 151503 0 -1.39042 0.128219 0
38.7855 -0.272804 1.98482 0.824379 1.33204 1.60263 109399 0 1.77054 0.128211 1
72.0655 20.6517 1.6134 2.25801 5.3737 1.79131 139923 0 1.67499 0.128168 0
-10.9854 62.3517 0.440243 1.83132 4.06341 1.4397 200503 0 1.79843 0.128148 0
16.1704 37.6748 1.2557 2.04666 4.525 1.81782 164552 0 -1.24534 0.128116 0
32.5118 43.9952 2.73947 0.830286 1.22612 1.81045 173963 0 0.181368 0.12807 1
8.86009 9.96935 1.37115 0.808162 0.848392 1.73297 124281 0 -1.52881 0.127664 1
49.7467 2.47898 1.78236 0.762148 0.785168 1.62515 113177 0 -1.16024 0.127661 1
-53.22 8.90659 0.422833 0.853238 1.03612 1.53239 122215 0 2.48621 0.127641 1
-20.2587 54.9437 0.613167 2.01646 4.52998 1.60665 189710 0 -0.323476 0.127606 0
3.37024 65.4424 0.51956 2.0153 4.52421 1.60981 205228 0 0.231823 0.1276 0
-68.0679 14.0513 0.475005 0.832222 0.872863 1.79909 129657 0 -1.4019 0.127578 1
-8.17641 64.5486 0.655244 2.13803 4.79579 1.77408 203788 0 -1.29521 0.127267 0
-45.2252 22.8462 0.24398 2.25167 5.17587 1.85965 142832 0 -1.29226 0.127083 0
-64.533 36.6311 -0.330081 1.6828 3.55394 1.46458 162896 0 1.97155 0.126588 0
-44.0045 21.9794 0.186888 1.79336 4.08181 1.57703 141432 0 -1.26562 0.126563 0
19.0075 64.8924 0.95837 2.33678 5.61352 1.84027 204341 0 -1.11858 0.126454 0
-3.006 46.9642 0.889284 2.01099 4.55822 1.74944 178064 0 -1.31137 0.125906 0
-73.3352 -2.77927 0.835129 0.679674 0.617445 1.66801 105304 0 -1.44398 0.125677 1
-64.7714 37.9009 -0.185972 2.14534 4.84569 1.74693 164767 0 2.03237 0.125521 0
38.2288 -0.742348 1.90013 1.15715 2.85849 1.31108 108461 0 0.670902 0.125512 0
10.433 28.6059 1.13616 2.07754 4.79667 1.63699 151430 0 -1.32234 0.125422 0
51.4692 8.12112 1.66011 0.9283 1.04481 1.79061 121606 0 0.472294 0.125381 1
-1.85121 46.9896 0.871211 1.82362 4.47119 1.58515 178068 0 -1.22489 0.124932 0
18.6941 72.8097 0.961989 2.18206 4.83562 1.73025 216040 0 0.629164 0.124922 0
14.898 37.967 1.16306 2.11512 4.74034 1.87361 165016 0 -1.2974 0.124917 0
49.4614 1.45379 1.87294 0.736205 0.788674 1.6847 111772 0 -1.66486 0.124675 1
-2.69075 49.4902 0.947268 1.98583 4.33209 1.62474 181809 0 -1.33674 0.124184 0
