-14.518 11.0778 0.843644 2.20857 4.93774 1.85102 125612 0 -1.26788 0.950931 0
-2.13022 -5.16068 0.922604 2.2961 5.15985 1.92261 101783 0 0.0396934 0.931816 0
-7.77856 -5.27249 0.792134 2.05034 4.50481 1.58857 101765 0 0.0441178 0.923528 0
-8.22269 4.39552 0.718093 2.0135 4.60016 1.5289 115804 0 1.62642 0.920874 0
27.9655 17.083 1.56309 1.98655 4.61826 1.53251 134637 0 -1.45565 0.920146 0
-29.216 13.7142 0.617145 2.27168 4.97202 1.86293 129310 0 -1.27207 0.917061 0
8.76011 23.1521 1.09669 2.08045 4.65309 1.74925 143469 0 -1.29606 0.912018 0
4.69356 12.7379 0.809752 2.10423 5.02135 1.4963 128012 0 -1.20636 0.909454 0
-25.664 2.1099 0.978699 2.29544 5.24768 1.97766 112473 0 2.3749 0.906335 0
45.5085 18.1154 1.70491 2.24565 5.14731 1.83421 136096 0 -1.53471 0.898313 0
15.7762 17.5123 1.47185 2.23712 5.07713 1.84786 135067 0 1.67093 0.895066 0
14.9981 13.975 1.48016 2.00447 4.51144 1.68887 129916 0 1.65687 0.892499 0
-13.3827 13.6558 0.619174 2.05192 4.57435 1.50773 129360 0 -1.3228 0.892002 0
16.0595 25.7596 1.47958 2.21787 5.1548 1.87645 147236 0 1.74031 0.880482 0
32.8517 16.7168 1.87641 2.04305 4.72891 1.78113 134184 0 1.62335 0.87724 0
16.1541 22.911 1.26018 2.03088 4.72693 1.50944 143024 0 1.73661 0.87324 0
28.3611 20.2778 1.54258 1.92283 4.40837 1.44678 139318 0 -1.52342 0.871279 0
-10.4198 -4.87987 0.784328 2.14772 4.97406 1.59387 102225 0 0.0396171 0.869931 0
11.7274 30.952 1.24608 2.14745 5.01248 1.95882 154710 0 -1.25588 0.869219 0
16.1066 20.0985 1.41569 2.24549 5.14537 1.8298 138812 0 1.7493 0.863792 0
-3.29469 28.721 0.864052 2.1578 5.03305 1.83139 151387 0 1.83671 0.86347 0
-5.3113 20.9405 0.680221 1.8953 4.41802 1.46913 140149 0 1.83573 0.862241 0
-7.45366 15.7931 0.630046 2.02869 4.79332 1.43736 132654 0 -1.21143 0.861173 0
-12.9902 16.2596 0.898897 2.34343 5.23372 1.86883 133105 0 -1.29257 0.85989 0
-1.42979 34.0692 0.58773 2.01573 4.56184 1.47916 159349 0 -1.19481 0.857004 0
7.41733 20.7571 1.06104 2.07881 5.0168 1.72309 139721 0 1.83737 0.855472 0
65.8121 17.0991 1.3311 1.92091 4.36129 1.49018 134755 0 1.67838 0.854884 0
-6.52673 18.1765 0.657547 2.02317 4.5823 1.48341 135933 0 1.81512 0.851592 0
65.5079 14.2257 1.45741 1.94917 4.30716 1.7184 130542 0 -1.43904 0.85032 0
-5.04718 -5.61398 0.756215 1.98782 4.39254 1.61629 101306 0 0.00348193 0.847026 0
-34.3473 12.2258 0.493877 1.98478 4.28929 1.59842 127422 0 1.95255 0.842641 0
3.06073 45.2942 0.524064 2.0182 4.8017 1.56329 175743 0 1.93427 0.841145 0
-4.01991 26.1549 0.669704 1.96834 4.58516 1.51482 147641 0 1.83864 0.84047 0
-5.24807 23.6191 0.841257 1.94326 4.48113 1.76132 143893 0 1.83743 0.835618 0
-42.4401 -0.104614 1.04435 0.898937 0.908614 1.61746 109145 0 1.77881 0.835082 1
-50.1213 -1.2169 1.0042 2.02181 4.67247 1.49958 107717 0 0.116299 0.834505 0
6.33019 18.1927 0.852973 2.01408 4.79326 1.47448 135973 0 -1.25255 0.832608 0
6.1798 15.2982 0.850691 1.95582 4.3958 1.45224 131761 0 -1.27609 0.831541 0
-5.86919 16.7409 0.724882 0.867159 0.858483 1.64932 134063 0 1.80212 0.806931 1
3.61801 48.1531 0.749432 1.97016 4.38353 1.82106 179957 0 1.94103 0.805661 0
-33.0894 18.0471 0.514934 2.30947 5.10724 1.89163 135850 0 -1.17807 0.80453 0
-0.118347 36.7403 0.596647 1.88539 4.38816 1.50424 163097 0 1.95958 0.801039 0
53.2065 16.8065 1.37559 2.00615 4.64047 1.55217 134248 0 1.63199 0.793727 0
-45.5653 20.0717 0.447674 2.30468 5.46963 2.00883 138619 0 -1.17528 0.787298 0
-10.7348 24.4319 0.638802 1.97649 4.52677 1.41324 145280 0 -1.26852 0.784118 0
-9.08408 29.6079 0.701131 2.0973 4.74057 1.59696 152773 0 -1.26455 0.783761 0
-53.5114 9.74149 0.520002 0.883534 0.909362 1.66188 123618 0 1.68852 0.775524 1
0.22126 39.9094 0.684709 1.99796 4.58171 1.68129 167778 0 1.91117 0.773773 0
-11.6408 21.3655 0.624637 2.05771 4.77399 1.45326 140597 0 -1.25967 0.772506 0
-7.9455 12.1172 0.828276 1.78703 3.76148 1.66124 127037 0 1.85045 0.770163 0
-26.6642 21.378 0.576944 2.14173 4.6631 1.73036 140550 0 -1.19492 0.766992 0
34.0598 19.6948 1.60435 2.02152 4.74457 1.51793 138400 0 1.69553 0.760707 0
-12.3226 18.9826 0.637246 2.06793 4.74258 1.48989 137319 0 -1.29523 0.759212 0
-63.2765 24.7236 0.32556 2.07973 4.46443 1.70685 145584 0 1.9609 0.755027 0
1.72784 42.323 0.506731 1.98556 4.5544 1.51223 171527 0 1.89503 0.739395 0
31.4902 64.545 1.27654 2.08185 4.76545 1.67809 203912 0 -1.48397 0.739306 0
49.1094 0.47451 1.85652 0.927153 0.958823 1.86335 110367 0 1.54419 0.739174 1
-9.76819 26.9356 0.63772 2.00106 4.6368 1.45687 149027 0 -1.20014 0.734963 0
-2.65974 31.5185 0.693259 2.05183 4.65628 1.54331 155601 0 -1.28722 0.731338 0
-47.5825 15.1065 0.503447 2.09519 4.56103 1.8979 131593 0 1.93976 0.70731 0
51.3905 7.30772 1.59051 1.00394 0.99091 1.74013 120202 0 -1.92538 0.705246 1
-25.3992 24.2095 0.557577 2.11821 5.05846 1.76985 144766 0 -1.2264 0.700755 0
16.7974 28.6513 1.2309 2.07025 4.75344 1.63002 151450 0 1.75599 0.695377 0
-40.399 -1.83614 1.3139 0.814996 1.74392 1.57835 106811 0 1.71605 0.68331 2
-42.7048 27.7274 0.31986 2.35055 5.87826 2.07146 149860 0 1.93961 0.680869 0
-2.09315 47.2625 0.794103 2.01944 4.65443 1.70903 178535 0 -1.23938 0.655302 0
28.3098 23.1648 1.4579 1.96865 4.59994 1.5359 143530 0 -1.50779 0.651078 0
34.0866 22.6646 1.73971 2.00971 4.54552 1.66814 142612 0 1.64892 0.635571 0
10.035 25.7208 1.02835 2.03407 4.68561 1.5403 147217 0 -1.30184 0.627065 0
54.1618 -0.123535 1.78525 0.867102 0.859504 1.83328 109447 0 -1.61968 0.606811 1
30.5967 55.2238 1.4375 1.99283 4.45244 1.5328 190337 0 -1.52198 0.576357 0
17.322 -9.70383 2.06945 0.848396 0.854914 1.68425 95292 0 -1.99241 0.576165 1
-52.7155 -0.822708 1.02042 1.97283 4.29448 1.54204 108177 0 0.0354435 0.575786 0
-21.8703 34.3092 0.572869 2.39713 5.57889 1.88993 159753 0 -1.24019 0.541024 0
70.9016 13.6554 1.29507 1.90613 4.23101 1.5159 129623 0 1.66319 0.530472 0
-31.4597 62.2804 0.0653887 1.97907 4.6304 1.56402 200439 0 -1.2053 0.50878 0
14.8836 38.562 0.961262 2.21911 5.29917 1.97239 165952 0 -1.23097 0.500008 0
-5.86227 16.6078 0.726955 0.88453 0.905421 1.64963 133595 0 1.82413 0.494887 1
45.931 20.9776 1.40166 2.03482 4.60227 1.58388 140309 0 -1.56371 0.482052 0
71.2018 19.9533 1.40031 1.88631 4.21883 1.58118 138984 0 1.61518 0.476128 0
17.8367 -8.66911 1.70082 0.907203 0.936985 1.59977 96697 0 -1.63301 0.468598 1
-11.6862 57.7773 0.594516 2.12953 4.93634 1.79699 193949 0 1.65938 0.428737 0
-22.5307 28.9635 0.74473 2.24873 5.04455 1.68067 151795 0 -1.25492 0.424901 0
28.3372 25.7884 1.5599 2.01725 4.55296 1.62974 147274 0 -1.55483 0.412863 0
-40.2292 -1.93464 1.28193 0.847623 1.74806 1.64016 106344 0 1.78079 0.399201 2
-5.59403 39.4722 0.812906 1.96013 4.43564 1.55099 167292 0 1.66359 0.397848 0
-9.44084 65.1369 0.539606 2.02107 4.60538 1.73236 204720 0 -1.37924 0.395989 0
71.2089 16.8069 1.46303 1.97836 4.42978 1.57038 134304 0 1.62789 0.392301 0
-42.586 -0.113922 1.0504 0.933306 0.972151 1.6144 109144 0 1.74418 0.388245 1
15.1945 38.2728 1.04322 1.93687 4.0632 1.91856 165485 0 -1.15779 0.386769 0
49.7597 2.38235 1.6924 0.831709 0.866085 1.67211 113177 0 -0.442169 0.385733 1
-11.9854 58.0555 0.559324 2.26188 5.48678 1.88784 194416 0 1.83564 0.385316 0
-52.9492 17.133 0.441097 1.95557 4.44002 1.52434 134384 0 -1.25805 0.384824 0
-5.59542 39.2676 0.815696 1.98007 4.48811 1.55289 166824 0 1.33131 0.38378 0
-49.0948 27.0698 0.186199 2.08127 4.66745 1.61689 148904 0 -1.25154 0.379679 0
46.2177 21.2373 1.39667 2.06635 4.62953 1.63368 140778 0 -1.62571 0.375968 0
65.448 20.6101 1.45848 2.0147 4.39717 1.76257 139902 0 -1.52404 0.375619 0
15.1846 37.917 1.08499 0.976505 1.29213 1.8248 165017 0 1.48912 0.372519 1
-48.8449 27.3259 0.149761 1.97462 4.38525 1.5716 149373 0 -1.16551 0.366837 0
17.0534 28.9126 1.23695 2.17139 5.08138 1.71692 151919 0 1.73925 0.366003 0
30.8931 58.1045 1.34962 1.98111 4.49422 1.53078 194550 0 -1.52918 0.365527 0
-5.30054 39.4643 0.827164 1.94537 4.38788 1.53915 167293 0 0.620358 0.361228 0
-55.5284 47.8009 -0.219742 2.01748 4.56227 1.62645 179304 0 1.96473 0.360143 0
53.2725 20.3182 1.64021 2.12668 4.93069 1.78555 139396 0 1.53805 0.359679 0
52.6503 0.908455 1.37787 0.717197 0.680148 1.44791 110846 0 1.66517 0.359617 1
-5.29061 41.7412 0.647472 2.0235 4.55268 1.5879 170569 0 -1.32553 0.35413 0
28.0211 26.0539 1.55723 1.99206 4.49137 1.60378 147741 0 -1.58043 0.353069 0
34.3971 28.6722 1.86502 1.92793 4.27639 1.52941 151505 0 -1.5663 0.352344 0
-5.28768 39.2655 0.829167 1.95063 4.43069 1.53918 166825 0 -0.231198 0.345291 0
-11.9943 63.2259 0.345987 1.9608 4.3294 1.56514 201904 0 1.87424 0.342605 0
-27.3557 18.7096 0.290452 1.91961 4.24856 1.47455 136804 0 -1.21879 0.341774 0
-44.9488 22.8802 0.277569 1.8929 4.22441 1.54926 142833 0 2.12989 0.341315 0
49.345 0.532143 1.82075 0.897134 0.913004 1.78999 110368 0 1.56339 0.338859 1
-52.9013 -1.36424 1.11503 2.03873 4.47881 1.62206 107240 0 0.0783892 0.337674 0
49.0888 0.264511 1.80511 0.889445 0.927773 1.79275 109899 0 1.56439 0.335834 1
51.5603 7.28226 1.58776 0.994549 1.04217 1.75085 120203 0 -1.96292 0.335098 1
-65.7847 19.6817 0.271385 1.85861 4.19581 1.51043 138088 0 1.92855 0.335009 0
-8.7911 32.4807 0.582592 1.98819 4.40562 1.50227 156986 0 -1.25973 0.334378 0
-11.0322 62.8818 0.30605 1.87863 4.26261 1.47378 201439 0 1.84014 0.326068 0
-66.0522 19.6687 0.258189 2.02627 4.62529 1.57573 138087 0 -1.51318 0.322465 0
52.9735 20.0404 1.6452 2.14196 4.98837 1.75605 138927 0 1.50907 0.322363 0
-44.6532 22.838 0.250649 1.76841 3.88427 1.51492 142834 0 -1.3421 0.322194 0
49.4193 0.783005 1.80922 0.806131 0.834812 1.7317 110836 0 1.56368 0.321631 1
49.1467 0.741173 1.84971 0.815489 0.870434 1.78597 110835 0 1.52535 0.320691 1
48.9357 0.464836 1.85165 0.87532 0.92183 1.8448 110366 0 1.561 0.320583 1
20.0111 -10.1262 1.83018 0.821807 0.843833 1.54373 94832 0 2.60308 0.317562 1
-8.16519 32.1802 0.518921 1.97708 4.43489 1.50576 156520 0 -1.22663 0.316545 0
54.8217 0.113045 1.57264 0.681599 0.686311 1.61062 109917 0 -1.97873 0.315223 1
18.3891 72.852 0.600369 1.94464 4.33589 1.61806 216039 0 -2.95025 0.314729 0
48.7268 1.24103 1.93465 0.889264 0.940054 1.87874 111302 0 1.41056 0.313314 1
70.8884 17.0977 1.44426 1.96499 4.45923 1.54134 134771 0 1.63707 0.312112 0
-44.3253 22.5916 0.238682 1.6985 3.79105 1.47523 142367 0 -1.24009 0.309999 0
-5.00893 39.4463 0.835295 1.92568 4.31988 1.51965 167294 0 -1.24944 0.303038 0
4.02723 10.0926 0.7493 1.95473 4.71416 1.48625 124266 0 -1.30734 0.302824 0
51.3229 2.03464 1.65117 0.771658 0.738934 1.67572 112714 0 -1.52343 0.301771 1
-52.6669 17.4039 0.396824 1.98897 4.48978 1.52337 134853 0 -1.25125 0.301545 0
17.3369 -9.56338 2.06352 0.925312 0.996087 1.7072 95760 0 -1.94868 0.299311 1
33.1232 28.6398 1.67239 1.91954 4.41058 1.52927 151501 0 1.53706 0.295046 0
15.8055 38.2852 1.05451 2.14277 4.64503 1.82192 165487 0 -1.22384 0.294701 0
46.236 20.7067 1.405 2.00405 4.52921 1.57547 139842 0 -1.4998 0.293104 0
31.1483 58.367 1.38445 2.0804 4.74786 1.60191 195019 0 -1.53589 0.29161 0
14.603 38.3191 0.971456 2.1575 4.89739 1.94554 165483 0 -1.24135 0.290138 0
34.6277 24.7508 1.89037 0.703006 0.66184 1.72026 145890 0 1.64151 0.289001 1
-28.3263 19.0225 0.319603 1.99094 4.42125 1.54877 137269 0 -1.2052 0.287903 0
-11.4304 58.0205 0.626998 2.09894 4.74297 1.77161 194418 0 1.23717 0.285623 0
-5.57539 41.5092 0.610576 1.90536 4.27625 1.51758 170100 0 -1.33331 0.285435 0
-10.0539 65.4056 0.54627 2.07738 4.71338 1.75425 205186 0 1.78793 0.283611 0
28.6105 25.5082 1.55341 2.0061 4.52702 1.61225 146807 0 -1.5313 0.280902 0
49.6779 0.784363 1.80576 0.799803 0.814832 1.69255 110837 0 1.50186 0.280712 1
-29.2546 19.3703 0.362947 1.90666 4.1522 1.6505 137734 0 -1.15628 0.278646 0
-57.9868 -7.16197 1.2034 0.795863 0.853279 1.60196 98800 0 1.66075 0.278412 1
71.5301 16.555 1.50219 2.01118 4.48147 1.66063 133837 0 1.63924 0.270291 0
54.2006 0.0262299 1.77866 0.875305 0.882704 1.81866 109915 0 -1.61088 0.267947 1
-8.83678 65.0422 0.499654 2.16705 4.93083 1.78835 204722 0 -1.28606 0.2677 0
-52.6521 18.3629 0.398901 2.01057 4.50147 1.60875 136257 0 -1.22551 0.266301 0
34.6422 22.7942 1.74855 2.14897 4.98488 1.67905 143082 0 1.6695 0.264055 0
34.4903 24.7539 1.87439 0.726614 0.686111 1.68784 145889 0 1.64104 0.260444 1
17.9536 -8.60276 1.6773 0.926885 0.986781 1.61313 97166 0 -1.62926 0.259645 1
-11.9565 57.5023 0.58387 2.21615 5.2064 1.88436 193480 0 1.62194 0.258955 0
30.9892 64.48 1.2997 1.79215 3.80743 1.58 203910 0 -1.50937 0.25784 0
71.1645 20.27 1.37053 1.93346 4.38307 1.61443 139452 0 1.62911 0.254429 0
-53.5271 9.57962 0.515855 0.90201 0.957682 1.66668 123150 0 1.66941 0.254354 1
45.9736 2.44946 1.78682 0.818317 0.876449 1.62446 113165 0 1.50339 0.250299 1
-65.1365 37.6112 -0.144606 1.90478 4.24963 1.57435 164298 0 -0.94624 0.249669 0
-52.3531 16.8177 0.451996 1.95673 4.40275 1.55252 133918 0 -1.25952 0.247956 0
-2.95786 47.5166 0.732253 2.30657 5.27459 1.87293 179000 0 -1.2831 0.24785 0
-44.926 22.6298 0.270656 1.8198 4.05483 1.52408 142365 0 1.69674 0.246243 0
66.0687 23.8102 1.24677 2.01413 4.50083 1.62877 144584 0 1.52957 0.244185 0
54.554 -0.0594482 1.71374 0.830443 0.976202 1.81527 109448 0 -1.62675 0.243206 1
65.746 23.5818 1.23214 1.8931 4.30274 1.6073 144115 0 -1.51962 0.24196 0
28.8939 22.9729 1.50206 1.89876 4.31488 1.58218 143064 0 -1.50104 0.241862 0
49.743 2.17192 1.71665 0.828647 0.865448 1.66956 112709 0 -0.371037 0.241583 1
-61.3041 -0.164223 0.99213 1.97701 4.45673 1.6108 109086 0 0.0589284 0.240196 0
34.4082 25.4756 1.8621 1.98961 4.58122 1.70941 146825 0 1.64335 0.239579 0
-21.6441 28.6718 0.691192 2.16609 4.71883 1.71407 151330 0 -1.30466 0.238172 0
30.8774 58.6641 1.33822 2.02511 4.59067 1.56159 195486 0 -1.56913 0.236844 0
-11.3087 24.6988 0.676943 2.08941 4.76669 1.39877 145746 0 -1.30662 0.235151 0
16.5372 29.2101 1.163 1.89618 4.39301 1.50485 152385 0 1.73373 0.234513 0
-29.8863 19.6848 0.156205 2.12143 4.67777 1.82753 138200 0 -1.1019 0.234052 0
54.8399 -0.0412979 1.62121 0.738998 0.750375 1.6892 109449 0 -1.6146 0.233492 1
71.1893 17.391 1.42844 1.87877 4.20139 1.5507 135240 0 1.61327 0.232129 0
54.6407 0.115326 1.63418 0.777244 0.796991 1.73835 109916 0 -1.79332 0.231972 1
-2.93788 31.2793 0.772915 2.13128 4.95275 1.66085 155132 0 -1.33312 0.231266 0
-43.7277 22.5276 0.221027 1.80781 4.06665 1.50826 142369 0 -1.21965 0.229826 0
31.1609 57.8293 1.37269 2.05221 4.65997 1.60193 194083 0 -1.48174 0.2288 0
-66.3383 19.3755 0.274923 2.11614 4.90589 1.64292 137618 0 -1.30623 0.227498 0
2.28945 42.0597 0.492844 1.58901 3.33156 1.41001 171061 0 1.90408 0.227359 0
71.8188 17.0843 1.4998 2.05851 4.67924 1.65766 134774 0 1.62398 0.226481 0
2.96305 7.12451 1.465 0.809481 0.912781 1.72811 120051 0 -1.54145 0.224641 1
-60.7297 0.495552 0.884225 0.744455 0.750736 1.71419 110024 0 0.0835887 0.223052 1
-61.565 -0.483192 1.10865 2.02207 4.49806 1.63059 108617 0 0.142324 0.222826 0
41.7581 -0.468185 1.20123 0.79158 0.857373 1.66106 108940 0 -2.13651 0.220952 1
-10.7123 62.6638 0.309178 1.82796 4.20792 1.47324 200972 0 -0.825653 0.220764 0
-52.6439 17.7564 0.356238 2.03139 4.58503 1.55284 135321 0 -1.26176 0.219591 0
-63.4521 36.9559 -0.734987 0.811245 1.10335 1.75765 163367 0 2.81367 0.217987 1
-2.17986 31.2831 0.612215 1.84149 3.96272 1.44045 155135 0 -1.33383 0.217861 0
-53.5663 17.4171 0.444917 1.97693 4.56638 1.56581 134850 0 -1.21381 0.216375 0
28.3053 26.3259 1.55999 2.09365 4.76917 1.71088 148210 0 -1.55336 0.215811 0
66.3896 23.5695 1.22085 1.87728 4.19604 1.53904 144117 0 1.68141 0.215391 0
-12.5681 63.4815 0.383769 2.20996 4.93916 1.71056 202370 0 1.87479 0.213735 0
-10.4117 62.6425 0.339035 1.87209 4.26839 1.48067 200973 0 -1.20865 0.213123 0
-8.19226 64.7906 0.534626 2.02934 4.37139 1.73117 204256 0 -1.26232 0.212305 0
-48.0629 14.9886 0.530577 2.3186 5.43624 1.98551 131123 0 1.85232 0.210212 0
65.1283 20.8906 1.42312 2.12003 4.57742 1.78239 140369 0 -1.5611 0.208835 0
45.3201 21.1977 1.45738 2.13197 4.84103 1.62565 140775 0 -1.57839 0.206465 0
14.9728 37.9384 1.08303 1.04469 1.49246 1.83933 165016 0 0.730658 0.205142 1
10.0592 25.2465 1.03245 1.99977 4.53532 1.57841 146281 0 -1.3248 0.203813 0
-64.8523 37.9117 -0.152586 1.85399 4.11287 1.54348 164767 0 -0.630563 0.202757 0
-61.3207 -1.12389 1.21932 2.06211 4.67382 1.65796 107682 0 0.122324 0.201733 0
49.3989 1.0156 1.81757 0.790552 0.853912 1.73736 111304 0 1.66154 0.201101 1
15.1766 37.7317 1.08705 0.945374 1.2096 1.78869 164549 0 1.77257 0.201076 1
-6.1343 16.8176 0.744922 0.904141 0.967125 1.68204 134062 0 1.64992 0.200509 1
37.2706 -0.436913 1.76423 0.790018 1.77662 1.09315 108926 0 -3.13841 0.200413 0
65.4684 20.093 1.45086 1.98301 4.37446 1.72691 138966 0 -1.45033 0.196958 0
31.111 55.4383 1.49305 2.32903 5.45567 1.82717 190807 0 -1.5681 0.196941 0
70.9043 20.613 1.38188 1.82741 4.09697 1.51916 139919 0 1.59438 0.196756 0
19.2998 -8.54523 1.63133 0.849141 0.933449 1.55381 97170 0 -1.58692 0.196555 1
28.8881 26.0292 1.59829 2.17073 5.06236 1.73689 147744 0 -1.54812 0.196265 0
-52.9221 18.095 0.383752 2.00205 4.5498 1.54652 135788 0 -1.28537 0.195696 0
-53.2282 16.8894 0.475026 2.01071 4.57802 1.58528 133915 0 -1.24786 0.195069 0
49.7798 2.61986 1.69549 0.85704 0.879212 1.6955 113645 0 -0.728675 0.19479 1
49.1042 1.09221 1.89227 0.801062 0.885458 1.79252 111303 0 1.39181 0.194324 1
70.9058 20.928 1.36299 1.92334 4.33246 1.56572 140387 0 1.51919 0.193792 0
-44.0151 22.3185 0.234067 1.71317 3.99833 1.48594 141900 0 -1.22115 0.19361 0
-44.6923 23.1224 0.251777 1.91522 4.22562 1.56407 143302 0 -1.40426 0.193207 0
-9.06659 32.2349 0.564529 1.93652 4.25432 1.46006 156517 0 -1.28181 0.192668 0
-53.2534 17.7238 0.376848 1.97191 4.45323 1.55102 135319 0 -1.26311 0.192533 0
51.3169 1.87238 1.6462 0.79378 0.755641 1.69701 112246 0 -1.49918 0.192332 1
36.9398 -0.410088 1.75997 0.792568 1.55567 1.13936 108925 0 3.0144 0.192296 0
51.1736 7.28719 1.57847 1.0177 1.08045 1.73959 120201 0 -1.91314 0.191772 1
38.2748 -0.71656 1.87874 0.788929 0.821423 1.52715 108461 0 0.0870019 0.191482 1
-19.0586 54.8496 0.507279 1.9946 4.49207 1.5832 189714 0 2.25208 0.190936 0
-6.27026 17.8966 0.678101 1.88815 3.87261 1.46972 135466 0 1.78618 0.190507 0
72.1079 16.7873 1.53039 2.19652 5.06002 1.8037 134307 0 1.63778 0.190454 0
2.81632 6.95191 2.01283 0.811601 0.893883 1.70056 119582 0 -1.38748 0.19025 1
20.0056 -10.2513 1.84261 0.822354 0.838582 1.57219 94364 0 2.52369 0.190113 1
28.5843 23.4224 1.4655 1.9479 4.48936 1.55694 143999 0 -1.51871 0.189362 0
-12.6316 58.3542 0.582247 2.09139 4.80398 1.7697 194882 0 1.86938 0.189118 0
27.398 25.81 1.50125 1.96315 4.48804 1.57156 147271 0 -1.54752 0.188937 0
-9.39989 32.7497 0.697946 2.06609 4.64312 1.55109 157452 0 -1.28837 0.188158 0
-65.5149 19.9339 0.233787 1.85453 4.12886 1.48996 138557 0 2.04871 0.186877 0
3.58017 44.9876 0.530114 1.66572 3.4332 1.47806 175277 0 1.94092 0.186377 0
-47.7905 -1.12391 0.92475 1.86474 4.08711 1.42932 107724 0 0.102375 0.186151 0
19.6768 71.1997 0.610713 2.05885 4.71655 1.6486 213703 0 -1.39007 0.185636 0
37.6089 -0.483856 1.81915 0.801495 1.86686 1.20441 108927 0 -2.36211 0.185034 0
8.51488 9.77052 1.17522 0.800032 0.893682 1.74441 123812 0 -0.825727 0.184811 1
-53.5402 9.96796 0.50768 0.853958 0.919199 1.64686 124086 0 1.60543 0.184136 1
-65.4183 37.3284 -0.126158 2.02537 4.49078 1.64853 163829 0 -1.16861 0.183628 0
-10.9837 62.6755 0.289468 1.84967 4.26221 1.47493 200971 0 1.50681 0.183358 0
-7.90574 32.4005 0.556765 2.03871 4.6229 1.5684 156989 0 -1.24254 0.183268 0
27.754 23.4074 1.43631 2.08178 4.82779 1.57748 143996 0 -1.56008 0.182632 0
71.7568 19.7162 1.37156 2.16432 5.03521 1.78561 138518 0 1.61996 0.182006 0
-42.4341 -0.352142 1.01875 0.82664 0.876566 1.47271 108677 0 1.77712 0.181774 1
-4.98986 42.0051 0.653542 2.06066 4.66976 1.62369 171038 0 -1.2777 0.181567 0
-64.2323 18.6155 -0.194649 0.866694 0.99765 1.77329 136689 0 1.87444 0.181319 1
34.9693 26.1273 1.82292 0.741069 0.721612 1.6711 147763 0 1.59596 0.180799 1
-5.9247 39.7397 0.804265 1.96486 4.34532 1.54696 167759 0 1.71087 0.179761 0
1.80639 41.892 0.467046 1.83108 4.05931 1.49006 170591 0 1.78284 0.17966 0
48.7482 2.15591 1.73139 0.838191 0.874777 1.72347 112706 0 -1.54089 0.179548 1
48.7345 2.31456 1.73762 0.854522 0.893652 1.71848 113174 0 -1.48523 0.179109 1
-65.5093 19.4191 0.262424 1.63396 3.4982 1.42418 137621 0 1.88063 0.178548 0
-42.1342 27.4285 0.340922 2.33234 5.98152 2.13707 149394 0 1.68372 0.177676 0
-60.9175 0.484764 0.920411 0.936316 1.10201 1.71135 110023 0 0.139797 0.177671 1
-2.43266 47.7294 0.753731 2.11175 4.70781 1.74021 179470 0 -1.18084 0.17745 0
-8.46798 31.8983 0.514474 1.98156 4.30182 1.47202 156051 0 -1.25686 0.176808 0
34.6406 24.583 1.88941 0.785193 0.718428 1.71185 145422 0 1.63465 0.176607 1
-53.2487 18.3987 0.429774 2.00718 4.51317 1.60258 136255 0 -1.28414 0.175756 0
45.9691 21.5273 1.43239 2.07514 4.62197 1.61923 141245 0 -1.66403 0.174876 0
-5.58965 38.9489 0.814168 2.02952 4.54862 1.566 166356 0 0.741389 0.17439 0
-18.089 43.021 0.0989054 2.05326 4.65578 1.62835 172401 0 1.28585 0.172954 0
-6.18639 39.2578 0.790652 1.96104 4.35308 1.55332 166822 0 1.43578 0.172904 0
39.2495 -1.08571 2.01861 0.785474 0.786127 1.51766 107996 0 0.235575 0.172739 1
55.115 0.121506 1.65521 0.740739 0.757489 1.69049 109918 0 -2.1884 0.172266 1
-55.5242 45.277 -0.0709669 2.01507 4.53166 1.67646 175560 0 -1.20891 0.172077 0
51.1687 7.44147 1.58091 0.979063 1.06537 1.75394 120669 0 -1.66591 0.17174 1
34.4695 24.5802 1.88864 0.765979 0.708238 1.69345 145421 0 1.65628 0.171329 1
-27.6181 18.4909 0.279715 1.74128 3.86571 1.44762 136335 0 -1.14222 0.171244 0
33.7645 28.863 1.79337 1.96256 4.2943 1.56805 151971 0 1.5589 0.170361 0
45.324 20.7255 1.50091 1.98376 4.58513 1.56573 139839 0 -1.50071 0.170238 0
-60.9811 0.171463 0.91741 1.94613 4.22935 1.61192 109555 0 0.0027874 0.170172 0
18.1449 72.5496 0.561032 1.71753 3.65251 1.50525 215570 0 -2.9903 0.168919 0
-19.3259 54.5927 0.453975 1.95677 4.40917 1.5699 189245 0 2.33543 0.168642 0
-54.9701 47.5404 -0.193303 1.67705 3.55662 1.46197 178838 0 2.00729 0.1683 0
16.8228 28.1129 1.30091 2.1006 4.75237 1.72171 150514 0 1.79539 0.168111 0
-18.7229 43.024 0.171334 2.04625 4.57164 1.63122 172399 0 1.76138 0.167693 0
-34.7337 0.806816 0.718956 1.96226 4.34558 1.52597 110573 0 1.57048 0.167538 0
67 23.821 1.28861 2.13299 4.81583 1.6523 144587 0 1.57606 0.167067 0
13.3067 58.7828 0.0710072 1.20406 1.30614 1.94084 195431 0 -0.571366 0.166823 1
-17.7809 43.0188 0.0951029 2.04593 4.72574 1.63199 172402 0 0.950105 0.16657 0
-61.559 0.458908 0.886865 2.02031 4.6424 1.68821 110021 0 0.00264821 0.166388 0
65.5471 16.905 1.31714 1.67108 3.68558 1.38486 134286 0 1.70791 0.166079 0
-26.7956 18.6735 0.354514 2.13898 4.82647 1.56572 136806 0 -1.21874 0.165669 0
0.171669 36.4594 0.616915 1.69732 3.57062 1.45286 162630 0 1.952 0.165625 0
30.3013 58.3802 1.33089 1.92633 4.2611 1.53179 195016 0 -1.54691 0.165357 0
64.4819 23.5644 1.31831 2.05901 4.66595 1.73804 144111 0 1.57475 0.164819 0
16.2584 28.9289 1.13805 1.85072 4.11359 1.48116 151916 0 1.74385 0.164564 0
-49.3668 26.778 0.235068 2.21483 5.01446 1.70142 148435 0 -1.29731 0.164453 0
9.55525 25.5233 1.05176 2.19387 5.15431 1.70075 146747 0 -1.31873 0.162912 0
-55.5195 47.2794 -0.201296 1.96339 4.31396 1.59125 178368 0 1.86785 0.16238 0
-5.89095 41.993 0.566864 1.91463 4.28903 1.49342 171035 0 -1.34275 0.161539 0
45.9648 2.6022 1.80693 0.8516 0.929206 1.6788 113633 0 1.51733 0.161433 1
34.0763 23.0878 1.76708 2.05997 4.5075 1.65802 143548 0 1.68286 0.161346 0
-58.0968 45.9248 0.113601 2.00097 4.44967 1.67542 176488 0 2.03852 0.161238 0
-19.0247 42.7552 0.161761 2.1107 4.76379 1.63587 171930 0 1.79322 0.161167 0
-23.1709 29.239 0.785242 2.35909 5.34241 1.74456 152261 0 -1.36909 0.161066 0
53.221 19.7556 1.50265 1.98596 4.58025 1.68727 138460 0 1.51753 0.160963 0
38.2668 -0.558731 1.90929 0.744276 0.836114 1.46507 108929 0 -2.69677 0.160856 1
30.3321 54.991 1.39494 1.86466 4.04994 1.48007 189868 0 -1.44161 0.160824 0
-8.52549 32.6954 0.631999 2.06541 4.67054 1.54531 157455 0 -1.24685 0.160417 0
70.6027 16.5459 1.42306 1.9228 4.34424 1.54615 133834 0 1.63172 0.160415 0
27.7604 22.9979 1.43415 1.9186 4.40995 1.55305 143060 0 -1.51904 0.160114 0
71.4224 13.8399 1.27047 2.24319 5.27422 1.74308 130093 0 1.66431 0.16008 0
-66.0912 19.1134 0.236281 1.93554 4.33885 1.52825 137151 0 1.04676 0.159588 0
66.4073 24.0919 1.27904 2.11186 4.73369 1.66847 145053 0 1.51655 0.159352 0
16.7893 29.5203 1.19373 2.05244 4.86434 1.64017 152854 0 1.76154 0.159042 0
54.1786 -0.385551 1.73069 0.889732 0.935714 1.81255 108979 0 -1.74888 0.158631 1
46.2518 23.208 1.53327 2.10882 4.73532 1.62632 143586 0 -1.5149 0.158607 0
27.0639 26.073 1.46149 1.94949 4.46432 1.57773 147738 0 -1.56938 0.158366 0
0.743179 39.6132 0.733932 1.76485 3.72867 1.59906 167312 0 1.90583 0.158252 0
-56.0755 47.8385 -0.0921847 2.33612 5.48752 1.89662 179302 0 1.92158 0.157666 0
63.8378 23.8099 1.31995 1.99719 4.45477 1.69971 144577 0 1.53919 0.157483 0
55.1421 -0.103584 1.67285 0.749215 0.752155 1.69641 109450 0 -1.89611 0.157482 1
-55.8279 44.9762 -0.0996933 2.02935 4.63957 1.70236 175091 0 -1.33595 0.157324 0
-4.97574 38.9551 0.798241 1.97145 4.43935 1.53835 166358 0 -0.518478 0.157234 0
65.1283 23.7854 1.31406 2.01641 4.43775 1.64423 144581 0 1.57608 0.157092 0
-7.56717 31.8722 0.530368 2.03505 4.63601 1.5782 156054 0 -1.20236 0.156926 0
-61.8582 -0.801773 1.17862 2.01459 4.52602 1.64563 108148 0 0.189383 0.156607 0
-44.6004 22.3251 0.260336 1.67293 3.65502 1.48947 141898 0 -1.27631 0.156537 0
-9.81247 62.5518 0.354382 2.03673 4.51996 1.55595 200975 0 -1.26146 0.156273 0
10.3134 25.9954 1.01782 2.03208 4.69332 1.53177 147686 0 -1.28736 0.156252 0
54.0279 0.0262527 1.81454 0.882993 0.850537 1.8276 109914 0 -1.5774 0.155291 1
37.2465 -0.161026 1.81345 0.742893 1.85759 1.10467 109394 0 3.05324 0.155263 0
-57.1797 -2.40749 1.35106 0.832251 0.856913 1.8031 105823 0 -1.41101 0.154973 1
48.6021 1.34132 1.90808 0.874624 0.935714 1.83801 111769 0 -1.60655 0.154916 1
-47.5487 -0.82608 0.850531 1.73893 3.81095 1.35149 108193 0 0.0431608 0.154847 0
-18.0839 54.2528 0.438343 1.95304 4.46561 1.56049 188781 0 1.95023 0.154069 0
-32.8679 0.542892 0.569569 0.814564 1.76832 1.65076 110111 0 3.05003 0.154001 2
-57.4637 45.9105 0.0139947 2.00611 4.4724 1.64409 176490 0 2.07732 0.153993 0
54.8457 0.35627 1.57883 0.706116 0.772135 1.71467 110385 0 2.91677 0.153931 1
-2.06001 50.0865 0.890208 2.00641 4.60798 1.67142 182747 0 -1.2323 0.153363 0
52.8336 0.8871 1.39212 0.774285 0.772617 1.5608 110847 0 1.62505 0.153298 1
-55.2762 48.077 -0.217336 1.98978 4.39695 1.61373 179773 0 2.13166 0.153244 0
5.93219 15.6995 0.831392 2.0629 4.88406 1.50913 132696 0 -1.23569 0.153198 0
-52.4513 -1.06987 1.01301 1.87572 4.15571 1.5693 107710 0 0.00359553 0.152424 0
49.9639 2.39808 1.68217 0.863518 0.898057 1.69718 113178 0 -0.573635 0.152421 1
-52.8706 -0.229439 0.961435 2.088 4.73385 1.58312 109112 0 0.0235603 0.152282 0
34.9648 28.902 1.90452 2.24013 5.15974 1.74884 151975 0 -1.57448 0.151665 0
-5.91886 17.0066 0.74465 0.907009 1.0146 1.62097 134531 0 2.01099 0.151619 1
-57.4028 -3.02237 1.18866 0.783985 0.860052 1.72113 104886 0 -1.47865 0.151413 1
-2.43882 31.0182 0.668951 1.92163 4.22736 1.5242 154666 0 -1.383 0.15138 0
-66.3373 19.9287 0.257693 2.2122 5.29865 1.75921 138554 0 -1.31541 0.151291 0
17.3597 28.3628 1.30687 2.22566 5.12296 1.7898 150984 0 1.78141 0.150828 0
-49.3846 27.6143 0.187669 2.19714 5.10045 1.69886 149839 0 -1.1839 0.15048 0
48.9157 0.252708 1.81877 0.841846 0.901531 1.78657 109898 0 1.56358 0.150061 1
-43.0607 22.2546 0.287579 1.74971 3.88054 1.53974 141903 0 -1.22746 0.149332 0
66.0673 22.2438 1.34058 2.13844 4.57839 1.71263 142244 0 -1.5761 0.149215 0
34.9503 26.3189 1.84095 0.748089 0.699622 1.68153 148231 0 1.58902 0.148727 1
-58.0255 -1.75677 1.34111 2.26199 5.11818 1.85435 106756 0 0.0742081 0.148491 0
65.9973 20.366 1.48997 2.17312 5.01584 1.88478 139436 0 -1.50671 0.148246 0
-52.0281 16.4984 0.451043 1.99379 4.44625 1.5664 133451 0 -1.25354 0.148211 0
-6.21503 17.0417 0.726749 0.864247 1.02179 1.61307 134530 0 1.97516 0.147997 1
-10.7771 63.0832 0.368229 1.9128 4.21902 1.47428 201908 0 1.91805 0.147985 0
46.7979 20.9543 1.35387 2.08543 4.77842 1.64481 140312 0 -1.56881 0.147624 0
-17.4753 42.7035 0.0868793 1.99534 4.58535 1.58827 171935 0 -0.701008 0.147261 0
34.6963 25.7303 1.85507 1.93164 4.00774 1.69397 147294 0 1.65019 0.147245 0
-52.6095 16.554 0.448517 1.99566 4.47402 1.58061 133449 0 -1.25372 0.146803 0
30.5713 55.7368 1.4223 2.12487 4.82444 1.62758 191273 0 -1.54676 0.146802 0
-11.6881 57.1983 0.626628 2.08926 4.70875 1.76108 193013 0 1.62149 0.146656 0
49.68 0.564438 1.80381 0.818322 0.839414 1.70079 110369 0 1.19978 0.146384 1
36.9424 -0.170967 1.78504 0.713269 1.41753 1.19041 109393 0 2.6107 0.145616 0
-2.34279 47.0024 0.786937 2.02046 4.63723 1.74805 178066 0 -1.24288 0.145342 0
34.1128 28.4292 1.82723 1.81308 3.99327 1.47673 151036 0 -1.52054 0.14489 0
19.0454 -5.25185 1.79448 0.929499 1.03509 1.53526 101849 0 -1.91811 0.144823 1
66.7158 22.5672 1.24942 1.97304 4.33907 1.52789 142714 0 -1.55943 0.144606 0
-56.4729 45.2723 -0.110677 2.07247 4.67859 1.70856 175557 0 1.89284 0.144556 0
13.5866 38.8951 1.00602 2.11667 4.74855 1.89752 166416 0 1.49007 0.144356 0
-6.19336 41.7573 0.502679 1.84166 4.16354 1.42169 170566 0 -1.38113 0.144169 0
-17.1204 43.6979 0.116844 1.99621 4.53772 1.60222 173340 0 -2.38903 0.144074 0
-42.5963 0.0287476 1.04579 0.98851 1.04539 1.65854 109612 0 1.78947 0.143723 1
-12.5879 57.8131 0.550348 2.23723 5.21661 1.92292 193946 0 1.76074 0.143703 0
49.5479 2.36983 1.71747 0.831842 0.862249 1.6734 113176 0 -0.645637 0.143251 1
37.6004 -0.170235 1.85625 0.79395 2.07188 1.18853 109395 0 -2.17133 0.142864 0
-12.9208 58.1301 0.531185 2.09028 4.70699 1.81361 194413 0 1.78815 0.142575 0
-13.2701 58.4221 0.578073 2.01632 4.48056 1.7126 194880 0 1.84505 0.142518 0
18.668 72.5729 0.624134 1.92211 4.19132 1.59989 215572 0 -2.79776 0.142434 0
18.3869 73.3388 0.706986 2.27784 5.19014 1.83726 216975 0 -3.0646 0.142297 0
-19.6878 43.0347 0.253929 2.08834 4.67699 1.65845 172396 0 1.77471 0.142177 0
-64.4974 38.2636 -0.164442 1.91832 4.2371 1.54559 165236 0 -0.228886 0.141787 0
71.2401 19.4778 1.44199 1.87954 4.18762 1.56637 138048 0 1.64424 0.141503 0
-48.5298 26.788 0.164472 1.83717 3.97737 1.5362 148438 0 -1.24053 0.141405 0
-18.7206 54.275 0.440234 1.95936 4.53023 1.56442 188779 0 2.32892 0.141363 0
-57.4492 45.2925 -0.00353047 2.03289 4.58499 1.63674 175554 0 2.02361 0.14122 0
51.1556 2.03157 1.65919 0.800937 0.783148 1.71091 112713 0 -1.60308 0.14108 1
38.4727 -0.539612 1.93922 0.801326 1.58753 1.40784 108930 0 3.06168 0.140787 0
45.9384 20.4023 1.45857 2.01345 4.57628 1.5652 139373 0 -1.45774 0.140697 0
-58.0082 -6.99817 1.20056 0.837411 0.93743 1.6295 99268 0 1.70669 0.140241 1
-20.0047 42.7373 0.243295 2.06918 4.58266 1.60773 171927 0 1.78102 0.139797 0
-61.0261 -0.785164 1.08369 2.01336 4.48033 1.60596 108151 0 0.016169 0.139105 0
-5.8951 38.9472 0.830423 2.01844 4.53009 1.58315 166355 0 1.20846 0.139063 0
49.7058 1.04743 1.82225 0.8254 0.861132 1.76079 111305 0 -0.96256 0.138958 1
-11.1206 57.7558 0.64146 1.97122 4.40193 1.67102 193951 0 -1.29155 0.138923 0
34.3682 22.332 1.7301 1.98775 4.43603 1.70444 142145 0 1.61871 0.138693 0
19.4052 71.4934 0.610871 1.9552 4.35649 1.59957 214170 0 -1.61013 0.13862 0
37.6074 -0.807098 1.73246 0.784055 1.60997 1.20426 108459 0 -2.55247 0.13827 0
46.2411 21.856 1.4642 2.14336 4.80144 1.68793 141714 0 -1.65899 0.138176 0
39.4593 -1.10197 2.08432 0.793802 0.796673 1.59337 107997 0 0.155513 0.137983 1
34.4428 25.1202 1.88919 1.55192 3.00526 1.69374 146357 0 1.63684 0.137328 0
38.4805 -0.76133 1.94636 0.811285 1.3548 1.4393 108462 0 0.398319 0.137116 0
15.4587 37.9619 1.06215 1.40912 2.51365 1.79534 165018 0 -1.15915 0.136925 0
48.5871 2.3225 1.74681 0.858786 0.914384 1.71026 113173 0 -1.58382 0.136883 1
13.9662 38.6077 0.968602 2.14232 4.98797 1.94457 165949 0 -0.50708 0.136593 0
51.3988 6.98753 1.58312 0.904066 1.01375 1.68336 119734 0 -1.84196 0.136402 1
-52.0542 18.3508 0.422068 2.04481 4.48804 1.67941 136259 0 -1.23138 0.136132 0
-3.05007 -9.7656 0.796692 0.771509 0.8958 1.65689 95228 0 -2.17343 0.135919 1
-33.0554 0.772049 0.596844 0.81187 1.80216 1.60203 110578 0 2.97191 0.135474 2
-8.75318 31.8865 0.53037 1.69702 3.26214 1.46122 156050 0 -1.29063 0.135335 0
46.5421 22.9091 1.46774 2.0759 4.63746 1.61667 143119 0 -1.52715 0.135268 0
13.9238 38.8652 0.971182 2.12328 4.83598 1.94076 166417 0 0.825429 0.135256 0
-28.5741 18.8299 0.339689 1.71613 3.82775 1.55468 136800 0 -1.14867 0.135207 0
-61.8581 -0.17408 1.07242 1.97383 4.38321 1.62554 109084 0 0.190822 0.135183 0
-1.77662 50.3895 0.799783 1.94723 4.4892 1.6524 183216 0 -1.18956 0.134724 0
51.3763 7.74557 1.59644 0.948374 1.17489 1.73048 121138 0 -2.29496 0.13472 1
70.2963 16.8274 1.39337 1.84744 4.17712 1.5106 134301 0 1.64711 0.134679 0
32.5415 43.6783 2.54507 0.850279 0.946523 1.80559 173495 0 0.12635 0.13464 1
52.834 1.02777 1.41354 0.804143 0.817212 1.58304 111315 0 2.26576 0.134586 1
-55.5376 45.5578 -0.0711414 2.12376 4.75285 1.71644 176028 0 -1.439 0.134521 0
37.9562 -0.509888 1.90674 0.768711 1.46221 1.36925 108928 0 -2.17932 0.134448 0
-58.3854 45.6325 0.164464 2.05482 4.617 1.70729 176019 0 1.96864 0.134106 0
-44.9686 23.4376 0.278654 2.15325 4.79603 1.66291 143769 0 -2.40698 0.133996 0
-19.6542 55.1826 0.484448 2.03172 4.56763 1.62916 190180 0 2.18225 0.13392 0
-35.007 1.06866 0.761832 2.08933 4.68945 1.58388 111040 0 -1.50448 0.133872 0
-72.4277 -2.74973 1.19711 0.687216 0.58912 1.75582 105307 0 -2.09209 0.133523 1
31.1124 54.9729 1.49071 2.30322 5.38348 1.80951 189871 0 -1.46114 0.133425 0
7.90614 23.4545 1.1044 2.21685 5.07428 1.83942 143934 0 -1.28027 0.133255 0
-4.78223 23.502 0.862372 1.71607 3.41011 1.65866 143895 0 1.81735 0.133125 0
-56.4738 44.9717 -0.104478 2.068 4.81852 1.70219 175089 0 1.44107 0.132589 0
-6.50657 39.5287 0.792554 1.95653 4.38584 1.56205 167289 0 1.70461 0.13253 0
15.4679 38.7574 1.00092 2.25368 5.15781 1.94503 166422 0 -1.13066 0.131959 0
-48.5512 27.6228 0.121812 1.90029 4.2031 1.54479 149842 0 -1.11981 0.131475 0
-6.51645 17.1128 0.67519 0.882467 0.969798 1.61351 134529 0 1.69662 0.131365 1
70.6451 13.3768 1.30377 1.63792 3.67233 1.42461 129154 0 1.69878 0.131199 0
-17.7531 43.3249 0.118928 2.09846 4.80452 1.6474 172870 0 0.416087 0.131046 0
38.8691 -0.814934 1.98207 0.823133 1.82882 1.39318 108463 0 1.1497 0.130842 0
18.1328 -9.74733 1.91309 0.776179 0.868111 1.47602 95294 0 2.88284 0.130296 1
70.2741 17.4032 1.41334 1.93655 4.3024 1.55775 135237 0 1.63469 0.129969 0
-53.5912 18.0799 0.432014 1.98693 4.49274 1.58541 135786 0 -1.21198 0.129196 0
-17.125 43.3765 0.0913215 1.9769 4.44662 1.58999 172872 0 -1.36466 0.12902 0
-7.20356 19.2983 0.660317 0.765449 0.796524 1.57737 137803 0 -0.744222 0.128885 1
70.6631 20.3243 1.38025 1.64336 3.56606 1.45409 139450 0 1.65398 0.128562 0
48.592 2.15701 1.7398 0.83157 0.882087 1.71752 112705 0 -1.64645 0.128518 1
-17.4483 43.3606 0.108466 2.00858 4.61527 1.60929 172871 0 -0.748932 0.128486 0
-60.7208 0.704086 0.875702 0.913351 1.04365 1.72406 110492 0 0.108269 0.128281 1
-53.8873 17.7427 0.431681 2.01138 4.5727 1.61035 135317 0 -0.702071 0.128202 0
-65.4107 38.1928 -0.176556 2.29138 5.3222 1.84376 165233 0 -0.836883 0.127783 0
37.3228 -0.784485 1.71592 0.858131 1.98996 1.13232 108458 0 -3.12067 0.127563 0
4.60938 9.83579 0.774463 1.89794 4.35197 1.49187 123800 0 -1.26587 0.127244 0
-63.3196 36.9484 -0.763307 0.816118 1.25657 1.74814 163368 0 2.9033 0.127143 1
-19.037 43.3279 0.238894 2.11059 4.72555 1.6669 172866 0 1.8409 0.126907 0
20.1811 -10.1077 1.84958 0.87075 0.913031 1.58712 94833 0 2.71736 0.126838 1
-61.1961 -3.61643 0.860612 0.804655 0.852114 1.65875 103938 0 0.272222 0.126468 1
-48.1056 15.4052 0.591846 2.44667 5.94141 2.08013 132059 0 1.91701 0.126455 0
37.9599 -0.76355 1.86098 0.811099 1.36079 1.38634 108460 0 -1.31905 0.126174 0
52.4458 0.873436 1.40791 0.765795 0.773531 1.49999 110845 0 1.6547 0.12617 1
48.8747 0.78756 1.84227 0.833471 0.883311 1.81513 110834 0 1.55399 0.126109 1
-17.4339 42.4494 0.103374 2.00512 4.62654 1.58963 171467 0 -0.970413 0.1258 0
-20.9985 28.6066 0.597494 2.16706 4.84184 1.69761 151332 0 -1.29728 0.125755 0
-43.3596 21.9681 0.256532 1.73754 3.98118 1.52364 141434 0 -1.2441 0.12558 0
49.989 0.787064 1.84778 0.87854 0.924003 1.7645 110838 0 -1.02158 0.124967 1
15.5223 -10.0418 2.09783 0.763853 0.827285 1.59232 94818 0 -1.64935 0.124914 1
65.7741 22.5301 1.31954 2.03223 4.51904 1.65108 142711 0 -1.57061 0.124835 0
19.3289 -8.66294 1.64334 0.92287 1.08627 1.51025 96702 0 -1.60855 0.1247 1
32.4927 44.6391 1.77165 0.824746 0.833193 1.72195 174899 0 -2.30715 0.124582 1
52.7024 20.5664 1.80684 2.32809 5.50718 1.95042 139862 0 1.54242 0.124523 0
66.7084 23.2287 1.21059 1.92965 4.36729 1.51085 143650 0 -1.47834 0.124407 0
-11.6339 21.0891 0.604749 1.88339 4.07895 1.47113 140129 0 -1.24866 0.124339 0
52.9592 19.4176 1.52703 2.05148 4.70541 1.6644 137991 0 1.54537 0.124193 0
-64.7895 38.521 -0.190033 2.12728 4.79536 1.69171 165703 0 -0.399088 0.123694 0
17.3773 29.2213 1.29587 2.24429 5.31448 1.83175 152388 0 1.7643 0.123534 0
-56.7934 44.971 -0.066727 2.01915 4.63108 1.65075 175088 0 1.70991 0.12324 0
71.1666 21.2395 1.31333 2.14766 4.90257 1.70257 140856 0 1.48721 0.123098 0
-5.26973 41.2132 0.733975 1.91685 4.26068 1.5606 169633 0 -1.26717 0.123008 0
-25.1551 8.7592 0.833813 0.813521 1.61764 1.71544 122303 0 -0.991662 0.122152 1
-4.25748 25.8907 0.680232 1.99383 4.81976 1.56549 147172 0 1.781 0.121911 0
-11.4147 58.3203 0.633715 2.28965 5.37522 1.82508 194886 0 1.79208 0.121859 0
-33.0429 0.542068 0.575251 0.839312 1.82583 1.64654 110110 0 3.10127 0.121546 2
49.5108 2.11871 1.72328 0.803008 0.851069 1.65621 112708 0 -0.879834 0.121201 1
8.40038 7.26456 0.797482 0.602633 0.681176 1.1146 120068 0 1.8495 0.120946 1
-56.478 45.5714 -0.127561 2.04909 4.64444 1.69709 176025 0 2.30712 0.120693 0
-0.907333 33.8337 0.575098 1.70868 3.14915 1.30513 158883 0 -1.23742 0.120613 0
-9.7039 64.9145 0.554833 1.88015 4.18433 1.64573 204251 0 -2.94548 0.120502 0
27.3898 26.3282 1.5061 2.00116 4.52184 1.6092 148207 0 -1.5836 0.119718 0
33.7861 25.7271 1.75806 2.06106 4.65878 1.58957 147291 0 1.66201 0.119681 0
19.4208 70.9212 0.601323 1.89854 4.36469 1.58311 213234 0 0.987019 0.119562 0
-53.8522 17.1708 0.481457 2.01317 4.57055 1.62424 134381 0 -1.25524 0.118998 0
-52.0546 17.7844 0.388236 2.0063 4.4721 1.61167 135323 0 -1.20885 0.118949 0
64.5171 20.6808 1.36936 2.10383 4.73771 1.74434 139899 0 -1.43563 0.118532 0
-2.69721 32.0297 0.665917 2.10536 4.84026 1.57078 156537 0 -1.23747 0.118184 0
-52.0791 17.095 0.426701 1.96078 4.39229 1.5924 134387 0 -1.23986 0.118017 0
63.8445 21.2594 1.38669 1.31891 1.66991 1.71229 140833 0 1.56581 0.117903 1
49.1891 22.013 1.43989 0.792635 0.800839 1.73156 141723 0 2.5836 0.117484 1
