-3.091 -5.17893 1.01187 2.29815 5.18612 1.88206 101780 0 0.0727405 0.942571 0
-15.1228 11.4167 1.22541 2.19361 4.90082 1.89382 126078 0 -1.23498 0.941423 0
15.2157 17.1662 1.2081 2.21294 5.03781 1.76966 134597 0 1.72561 0.940761 0
27.4218 16.4762 1.03484 1.9329 4.46756 1.55749 133699 0 -1.43046 0.930292 0
14.47 13.6542 1.19718 2.01147 4.6146 1.63137 129447 0 1.67105 0.928467 0
-29.6601 14.2694 1.3371 2.23246 4.71404 1.7616 130245 0 -1.25733 0.92663 0
44.9717 17.1725 0.727767 2.11063 4.91459 1.83604 134690 0 -1.53025 0.922466 0
-7.85016 15.8957 0.869133 1.9663 4.51529 1.4673 132653 0 -1.21128 0.922239 0
-13.9857 13.9644 0.989619 2.08098 4.67302 1.50627 129826 0 -1.28684 0.917133 0
-51.0107 -0.19812 2.09007 2.09376 4.76442 1.61836 109118 0 0.142244 0.91651 0
-11.2998 -4.63995 1.11605 2.1302 4.87308 1.54929 102690 0 0.0629427 0.912023 0
4.12171 12.6527 0.792152 2.08023 4.94294 1.47929 128010 0 -1.20084 0.908511 0
-27.0134 3.15592 1.58808 2.27376 5.13399 1.91045 113873 0 2.36273 0.908081 0
15.5555 19.7715 1.18138 2.21779 4.99872 1.81496 138342 0 1.77958 0.904066 0
-9.97777 4.6843 0.989312 2.05656 4.71787 1.51384 116266 0 1.65981 0.903742 0
5.94144 18.0492 0.781848 1.99616 4.63942 1.47594 135972 0 -1.22423 0.901724 0
8.39767 22.938 0.985089 2.05102 4.60128 1.77806 143000 0 -1.24792 0.899688 0
5.5436 15.1668 0.802104 1.98341 4.49197 1.45411 131759 0 -1.28595 0.898935 0
-8.55553 12.3172 1.04645 1.82559 3.78857 1.63734 127503 0 1.85519 0.89354 0
65.0939 12.9181 0.0871065 2.06715 4.58052 1.66847 128669 0 -1.4467 0.883836 0
-5.65635 23.7693 1.04458 1.96446 4.51158 1.72235 144360 0 1.87602 0.87668 0
-8.74895 -5.19722 1.05821 2.08358 4.68481 1.55224 101762 0 0.0475598 0.875792 0
15.766 25.4067 1.1981 2.20267 5.17051 1.88101 146767 0 1.7536 0.872121 0
15.8059 22.5696 0.964166 2.06513 4.79987 1.51891 142555 0 1.77203 0.868574 0
-27.009 21.9729 1.23086 2.10469 4.5519 1.69155 141485 0 -1.13639 0.862366 0
-33.4494 18.677 1.3245 2.25979 4.91634 1.79546 136785 0 -1.18781 0.861496 0
-7.18085 18.3564 0.860351 2.03178 4.76887 1.47336 136399 0 1.8642 0.851674 0
-4.324 26.1843 0.789855 1.9416 4.51554 1.48996 147640 0 1.83761 0.84115 0
-3.42808 28.8544 1.02268 2.12932 4.85409 1.84704 151855 0 1.88639 0.839784 0
11.5938 30.7774 1.0866 2.21551 5.07078 1.92873 154710 0 -1.24254 0.837469 0
-43.4031 0.874199 1.99915 0.919662 0.932572 1.62171 110546 0 1.75034 0.836264 1
6.94151 20.6771 0.954086 2.14709 5.09704 1.76132 139719 0 1.91795 0.832821 0
3.69814 48.1877 0.769903 2.01672 4.55658 1.86505 179957 0 1.94855 0.831648 0
28.0105 19.6165 0.942655 1.92999 4.4709 1.49406 138381 0 -1.43107 0.826257 0
-34.9773 12.9195 1.33369 1.97599 4.32967 1.54566 128356 0 1.9539 0.822763 0
-5.66314 21.024 0.886069 1.83872 4.24664 1.46124 140148 0 1.83567 0.816679 0
-1.70721 34.057 0.680006 2.01374 4.64641 1.49659 159348 0 -1.24278 0.81522 0
33.4239 18.954 0.906683 2.04836 4.72172 1.67811 137462 0 1.70122 0.807808 0
-12.0242 21.5917 1.00117 1.97499 4.69046 1.46513 141064 0 -1.22131 0.79995 0
3.08093 45.277 0.545565 2.0597 4.87753 1.5966 175743 0 1.94613 0.794173 0
32.3912 16.0366 1.05228 2.07433 4.72573 1.86439 133247 0 1.63236 0.792308 0
-2.73198 31.5295 0.73533 1.95659 4.34929 1.46252 155601 0 -1.26186 0.789971 0
-63.5938 26.0283 1.72298 2.09647 4.48574 1.76072 147455 0 1.95364 0.7897 0
52.6212 15.8185 0.308482 2.02642 4.60541 1.52776 132842 0 1.65359 0.787855 0
-13.6134 16.5622 1.24309 2.3391 5.42862 1.93321 133571 0 -1.29401 0.781631 0
-0.231461 36.8632 0.673684 1.94494 4.4589 1.53997 163565 0 1.96293 0.775881 0
48.2103 -0.546082 0.849054 0.89913 0.972272 1.88885 108960 0 1.55194 0.770565 1
-53.6628 0.440254 2.19258 1.94348 4.35261 1.63014 110046 0 0.160914 0.765505 0
14.9446 38.3188 0.838485 2.13777 5.04712 1.87584 165484 0 -1.14267 0.763712 0
70.2702 12.3527 -0.160012 1.89495 4.32539 1.52674 127749 0 1.70162 0.759339 0
9.46317 25.4204 0.865406 2.09447 4.90116 1.59788 146747 0 -1.24627 0.758594 0
0.221672 39.9309 0.789784 1.99001 4.53048 1.72026 167778 0 1.93145 0.757782 0
-10.0357 27.141 0.919315 1.98027 4.55799 1.48908 149026 0 -1.18525 0.749654 0
-6.13467 -5.36275 0.955002 1.98404 4.19832 1.58474 101770 0 0.0774287 0.745882 0
-9.39301 29.8506 1.02598 2.12009 4.79043 1.60121 153240 0 -1.27522 0.739776 0
-48.1558 16.1112 1.68371 2.09554 4.71216 1.86747 132995 0 1.94753 0.732577 0
65.433 15.7983 -0.0687218 1.99451 4.56961 1.52532 132882 0 -1.47316 0.73016 0
-6.44698 16.8814 0.922914 0.902675 0.879966 1.65439 134061 0 2.69892 0.728001 1
-2.08727 47.4602 0.987043 2.14325 4.81845 1.76017 179003 0 -1.18893 0.716249 0
1.73051 42.3142 0.529302 2.01044 4.63908 1.55819 171527 0 1.92017 0.706602 0
-11.3152 24.7784 0.983564 2.06487 4.84379 1.47336 145746 0 -1.24795 0.705608 0
-12.9707 19.2832 1.01671 2.04018 4.7641 1.4631 137785 0 -1.25983 0.704629 0
16.2534 -10.0837 1.60483 0.819374 0.818735 1.66949 94820 0 -1.63337 0.702809 1
10.4004 28.3662 0.851708 1.9187 4.42326 1.48613 150962 0 -1.28365 0.702511 0
-45.9292 20.9066 1.53183 2.19483 4.95567 1.85424 140022 0 -1.18675 0.691917 0
47.9017 0.240273 0.913329 0.903706 1.01333 1.9645 109895 0 1.61885 0.669969 1
33.7395 21.9873 1.10008 2.0036 4.47361 1.69492 141675 0 1.68555 0.666016 0
27.9809 22.562 0.904795 1.90576 4.40094 1.508 142593 0 -1.44694 0.660419 0
16.4644 28.0469 1.00629 2.10339 4.8759 1.67836 150513 0 1.79419 0.638033 0
-54.4472 10.8164 1.77098 0.899853 0.931369 1.71195 125019 0 2.76017 0.623402 1
-21.9444 34.6922 1.25388 2.43332 5.65802 1.84973 160221 0 -1.22657 0.6139 0
-43.0636 28.629 1.46275 2.37952 5.58598 1.93727 151263 0 -1.13542 0.609184 0
-25.7227 24.7874 1.14436 2.16751 5.03421 1.71084 145701 0 -1.19993 0.607307 0
48.3698 -0.509674 0.839292 0.966842 0.994224 1.89109 108961 0 1.52355 0.562416 1
31.8707 63.9112 0.618965 2.04256 4.65797 1.84098 202977 0 -1.467 0.558258 0
-41.2249 -1.02579 2.09366 0.884862 0.950188 1.75122 107745 0 1.67304 0.546731 1
53.3454 -1.33224 0.655603 0.921753 1.98265 1.78257 107572 0 -1.84374 0.53381 2
-49.3982 28.0299 1.36649 2.17923 4.84318 1.73114 150307 0 -1.27545 0.53377 0
-56.4361 0.450508 2.02647 1.99095 4.25102 1.56457 110037 0 0.157459 0.522144 0
52.6259 19.3853 0.52952 2.28386 5.41879 1.93672 137990 0 1.60095 0.513161 0
-66.3954 21.0102 1.81003 2.0182 4.55583 1.75525 139958 0 -1.25354 0.508696 0
50.5089 6.1464 0.522107 0.96658 0.995688 1.73945 118795 0 -1.57697 0.505787 1
65.1494 19.6554 -0.00714418 2.01865 4.47932 1.78065 138497 0 -1.5183 0.479224 0
-11.0796 58.0981 0.905748 2.05988 4.70097 1.61695 194419 0 1.82829 0.477181 0
28.3227 25.4021 0.940938 1.9694 4.55007 1.52709 146806 0 -1.51769 0.473731 0
-45.2665 23.5476 1.31822 1.85045 4.17452 1.51998 143768 0 -1.26279 0.468693 0
34.111 27.9107 1.06768 2.04154 4.52429 1.51084 150568 0 -1.43766 0.46756 0
34.6138 25.4535 1.03761 0.730827 0.665119 1.71834 146826 0 -1.10582 0.462909 1
-41.3747 -0.923088 2.11581 0.838748 0.996917 1.71523 108212 0 1.72562 0.445959 1
70.59 15.8013 -0.00536397 1.9472 4.27785 1.53772 132898 0 1.66273 0.445372 0
-63.1993 31.2116 1.64566 1.95647 4.31273 1.78302 154944 0 1.75131 0.418111 0
16.7525 28.2844 0.97957 2.16643 5.06916 1.69915 150982 0 1.76906 0.413892 0
-8.78654 65.1835 0.909497 1.98359 4.56514 1.62401 204722 0 2.01297 0.410705 0
-10.7226 63.1717 0.63908 1.94302 4.38005 1.5164 201908 0 1.90835 0.402836 0
-22.8785 29.3325 1.27676 2.13811 4.61825 1.63024 152262 0 -1.25823 0.399459 0
-5.27457 39.5332 1.01746 1.95499 4.44222 1.58085 167293 0 1.50297 0.39378 0
7.87823 9.68365 1.035 0.822284 0.943547 1.72602 123810 0 -1.27719 0.393503 1
-8.50533 65.1341 0.886141 2.01873 4.62434 1.63278 204723 0 -1.52678 0.392874 0
-6.36875 17.001 0.917325 0.871068 0.907486 1.64032 134530 0 2.83653 0.391312 1
45.5993 20.0073 0.378454 1.97758 4.41826 1.53735 138904 0 -1.51965 0.381396 0
34.5265 25.4534 1.03966 0.71154 0.666468 1.72849 146825 0 0.924898 0.37722 1
45.2045 1.47907 0.750609 0.821203 0.880389 1.70201 111759 0 1.49652 0.366401 1
-5.57082 39.5584 1.00507 1.94272 4.469 1.56828 167292 0 1.80218 0.351481 0
49.141 1.18824 0.714994 0.856136 0.892455 1.6706 111303 0 2.07299 0.348587 1
-18.704 55.1744 1.02422 2.07996 4.67422 1.65836 190183 0 -1.24508 0.344791 0
47.8842 1.17195 0.725973 0.796146 0.895681 1.71531 111299 0 1.60481 0.344613 1
-11.6443 58.3376 0.840786 2.31319 5.52918 1.77591 194885 0 1.91025 0.343217 0
-31.1527 62.9149 0.962239 2.05676 4.70445 1.74616 201376 0 1.9461 0.338812 0
30.8885 54.8509 0.834248 2.0317 4.51835 1.61178 189870 0 -1.60109 0.338654 0
-9.39908 65.4541 0.859402 2.00085 4.56319 1.67236 205188 0 1.91974 0.336394 0
-44.6823 23.503 1.26014 1.67129 3.66684 1.44566 143770 0 -1.23809 0.327103 0
31.5021 57.4378 0.713544 2.04263 4.59753 1.64637 193616 0 -1.54954 0.326571 0
-36.6173 2.39866 1.67106 1.98061 4.4362 1.63807 112907 0 1.6669 0.325794 0
-5.02248 39.5146 0.996723 1.97593 4.50829 1.59489 167294 0 -0.979982 0.323564 0
34.3257 24.1254 1.10759 0.736529 0.751352 1.65755 144953 0 1.62131 0.320888 1
16.8691 -8.91188 1.31071 0.90954 0.950835 1.65932 96694 0 -1.54544 0.318909 1
17.1632 -10.1354 1.43799 0.850182 0.840961 1.46863 94823 0 2.98794 0.31726 1
16.2199 28.5537 0.895122 1.88713 4.30301 1.49442 151448 0 1.73955 0.317203 0
64.8385 19.4092 0.00880216 2.03822 4.51209 1.77628 138028 0 -1.48791 0.312623 0
52.2664 -0.151497 0.630986 0.727635 0.775263 1.49797 109441 0 1.57666 0.310733 1
-48.8848 28.0201 1.36323 1.89282 4.06737 1.55945 150309 0 -1.21642 0.308612 0
-10.7875 58.0453 0.914264 2.02186 4.46687 1.59422 194420 0 0.948991 0.30208 0
-9.79417 62.9011 0.656152 1.93052 4.39099 1.4786 201443 0 -1.25418 0.301184 0
65.4423 19.9467 -0.00210527 2.06143 4.57922 1.77251 138966 0 -1.50927 0.297179 0
2.28742 42.0056 0.528239 1.63552 3.3257 1.45638 171061 0 1.93382 0.295363 0
-10.3762 62.9811 0.625413 1.87216 4.29396 1.47141 201441 0 1.64267 0.293932 0
-58.718 -0.168579 2.53455 2.17014 4.73748 1.85751 109094 0 0.190022 0.289389 0
53.238 19.3868 0.438284 1.9595 4.49597 1.772 137992 0 1.65458 0.288806 0
71.1531 15.545 -0.0368964 2.10489 4.6656 1.65606 132432 0 1.68084 0.287492 0
52.0421 19.0979 0.549903 2.38222 5.66566 1.99989 137520 0 1.5633 0.28632 0
7.88557 9.52567 1.1052 0.846681 1.10065 1.70202 123342 0 -1.26955 0.283618 1
-44.0089 29.008 1.55107 2.03767 4.57213 1.80292 151728 0 1.89802 0.282003 0
-6.23656 39.8578 0.921371 1.89251 4.17431 1.53919 167758 0 1.8647 0.281995 0
35.9919 36.5828 1.18099 2.04698 4.67563 1.59465 163210 0 1.57916 0.276256 0
48.4645 -0.200874 0.78878 0.827536 0.886491 1.7781 109429 0 1.50427 0.275773 1
64.9218 15.824 -0.112711 1.75141 3.77859 1.38837 132880 0 -1.44893 0.275471 0
31.2374 57.7264 0.691591 1.96652 4.36809 1.56118 194083 0 -1.57862 0.275215 0
45.3144 20.2617 0.365517 1.91984 4.24015 1.53739 139371 0 -1.5636 0.274674 0
-52.3732 12.6649 1.34008 0.634408 0.645994 1.08378 127834 0 2.45761 0.274512 1
-8.21355 65.0647 0.86689 2.05818 4.61687 1.66095 204724 0 -1.25402 0.274097 0
28.9068 25.1904 0.924453 1.95347 4.53575 1.51822 146340 0 -1.49604 0.273228 0
-63.4812 30.9426 1.60265 2.11117 4.77865 1.87188 154475 0 1.77653 0.273071 0
52.0591 19.6279 0.655855 2.50473 6.16287 2.1935 138456 0 1.63563 0.271556 0
-10.1232 63.104 0.629922 1.97115 4.3867 1.48764 201910 0 -3.01828 0.271519 0
47.8831 1.33871 0.723989 0.823105 0.907143 1.7241 111767 0 2.01792 0.271339 1
33.1009 27.9879 1.03439 2.08088 4.785 1.53078 150565 0 1.71817 0.271058 0
-18.1295 55.163 1.03033 2.06476 4.65883 1.68494 190185 0 -1.31076 0.270907 0
-44.9606 23.2788 1.31091 1.6785 3.69465 1.43933 143301 0 -1.28754 0.269946 0
34.6312 25.6417 1.0792 0.790276 0.731889 1.75799 147294 0 -1.37969 0.268914 1
-62.922 31.4608 1.67824 1.9029 4.08542 1.75989 155413 0 1.75616 0.266759 0
50.4538 1.03931 0.662061 0.790248 0.837649 1.60506 111307 0 1.85701 0.263758 1
-66.4253 21.5016 1.85345 2.21875 5.09295 1.87029 140894 0 -1.17016 0.26355 0
-66.6948 20.6833 1.85423 2.14518 4.91571 1.81566 139489 0 -1.25584 0.263479 0
-62.8989 30.9543 1.63849 1.71706 3.71973 1.68612 154477 0 1.79965 0.263113 0
48.7104 -0.180008 0.751877 0.789939 0.822625 1.6985 109430 0 1.54125 0.259755 1
-49.4192 28.559 1.33088 2.18104 5.04003 1.78694 151243 0 -1.11927 0.259339 0
-52.6494 18.0776 1.62593 2.0497 4.68899 1.74403 135789 0 -1.29568 0.257088 0
50.4553 0.898033 0.65421 0.807278 0.836443 1.61667 110839 0 1.74174 0.25631 1
-66.9792 21.2797 1.94816 2.36294 5.81622 2.03121 140424 0 -1.21145 0.25606 0
-21.9332 29.0209 1.16621 2.19179 4.76475 1.72758 151797 0 -1.23099 0.255141 0
70.8744 15.2646 -0.0641361 2.01572 4.44372 1.61746 131963 0 1.66881 0.254748 0
9.84079 28.3933 0.90406 1.94703 4.38426 1.51267 150960 0 -1.28681 0.254692 0
-58.1782 -1.81128 2.50638 0.772236 0.770149 1.86442 106756 0 -2.86581 0.253522 1
29.8948 55.8314 0.804856 1.96536 4.29791 1.50388 191271 0 0.177921 0.2529 0
7.42728 20.5325 0.98526 2.00834 4.31679 1.72849 139721 0 2.46479 0.251836 0
70.5611 18.3741 -0.0959986 1.97552 4.43454 1.636 136642 0 1.73572 0.251595 0
-42.448 28.2684 1.43163 2.15756 4.76702 1.84378 150797 0 -1.14722 0.250812 0
34.4025 24.7655 1.13941 1.90555 4.52927 1.69776 145889 0 1.72929 0.250373 0
-65.8304 20.9823 1.79934 1.78207 3.71914 1.60629 139960 0 -1.25713 0.248379 0
69.2687 28.0389 0.837783 0.853824 0.969653 1.78185 150678 0 1.25915 0.248082 1
-5.27062 39.2714 1.01583 1.96196 4.37166 1.55773 166825 0 -0.138718 0.247764 0
70.3002 15.5619 -0.0139228 1.9008 4.21546 1.52774 132429 0 1.67471 0.245276 0
-12.4123 19.2435 0.985989 1.88673 4.33596 1.47421 137787 0 -1.29033 0.244867 0
27.7347 25.188 0.934328 1.91409 4.43666 1.51043 146336 0 -1.5057 0.244781 0
-53.2781 18.07 1.6739 2.05451 4.68749 1.7356 135787 0 -1.27723 0.243644 0
52.9123 19.117 0.424682 2.03158 4.69897 1.81495 137523 0 1.5673 0.242601 0
14.9431 38.0236 0.865652 1.95036 4.54624 1.85232 165016 0 -1.17287 0.24225 0
-62.6235 31.1921 1.66319 1.76285 3.7378 1.71228 154946 0 1.76946 0.240483 0
7.61288 7.13449 0.752425 0.625896 0.701868 1.09515 120065 0 -2.08305 0.240425 1
31.2515 57.1661 0.696752 1.96922 4.35139 1.57491 193147 0 -1.46 0.239504 0
7.46333 20.4105 0.992006 1.90045 4.144 1.66083 139253 0 -1.43937 0.239406 0
-45.5538 23.2663 1.34061 1.93263 4.35194 1.58815 143299 0 -1.32489 0.2393 0
66.0838 21.9197 -0.247033 1.87622 4.11695 1.53842 141776 0 -1.44374 0.239251 0
-23.4781 29.5899 1.2416 2.39967 5.5968 1.74782 152728 0 -1.27984 0.238736 0
-36.3695 2.65342 1.6649 1.89231 4.1815 1.57156 113376 0 1.70497 0.238624 0
34.181 24.1254 1.1282 0.7406 0.741362 1.64095 144952 0 1.64547 0.23847 1
45.8884 19.7349 0.374564 1.98911 4.43359 1.53845 138437 0 -1.46851 0.237858 0
-43.665 28.9305 1.57133 2.15314 4.84238 1.84242 151729 0 0.0897382 0.237808 0
-58.7402 -2.34338 2.45238 0.777684 0.726923 1.8056 105818 0 2.67233 0.236618 1
-58.0473 -1.20084 2.45155 0.713155 0.69346 1.79822 107692 0 -2.53259 0.236325 1
52.6352 19.9145 0.611493 2.47007 6.13696 2.1695 138926 0 1.72703 0.234548 0
48.038 0.352631 0.897675 0.953132 1.02254 1.92568 110364 0 1.57732 0.233736 1
-3.32422 46.591 0.979887 0.806271 0.795969 1.78264 177595 0 -1.24691 0.23371 1
65.6728 19.4035 0.00417598 2.21365 5.14467 1.9094 138031 0 -1.47017 0.232144 0
-36.3479 2.15157 1.64755 1.80993 4.05947 1.5321 112440 0 1.64732 0.231939 0
-52.9523 18.3769 1.63513 1.84131 3.88474 1.70329 136256 0 -1.29779 0.229996 0
32.3944 64.0503 0.609005 2.40875 5.80506 2.00968 203447 0 -1.45737 0.229322 0
66.3897 21.6005 -0.292531 1.92316 4.27224 1.58198 141309 0 -1.43077 0.229279 0
-66.1195 20.7234 1.80753 1.75885 3.88884 1.6128 139491 0 -1.33999 0.228735 0
34.5058 25.6491 1.07768 0.787004 0.726895 1.75091 147293 0 -1.3091 0.227833 1
70.8664 16.0815 -0.0295266 2.05605 4.5149 1.59839 133367 0 1.68899 0.227483 0
-58.0665 -1.41203 2.50327 0.772662 0.771503 1.88767 107224 0 -2.82242 0.226789 1
49.1347 1.31092 0.697282 0.879843 0.922609 1.70039 111771 0 -2.71621 0.225771 1
-63.7811 31.488 1.69184 2.35417 5.51452 1.99798 155410 0 1.7889 0.225721 0
-1.20731 33.8347 0.673018 1.73328 3.39173 1.40492 158882 0 -1.24787 0.221961 0
27.7323 22.3341 0.890777 1.80595 4.23587 1.46918 142124 0 -1.43486 0.221565 0
65.1436 19.1109 -0.0198704 2.06187 4.59219 1.78909 137561 0 -1.42893 0.221166 0
-36.0555 2.37847 1.65593 1.78376 3.89651 1.51564 112909 0 1.67889 0.220789 0
65.7739 22.2321 -0.190632 1.87463 4.10881 1.52504 142243 0 -1.51653 0.219912 0
49.3259 1.17313 0.741331 0.873318 0.89354 1.68113 111304 0 2.48891 0.21959 1
27.4213 22.7693 0.917045 1.98144 4.56477 1.51295 143059 0 -1.46195 0.218627 0
-44.3414 23.2343 1.25078 1.76725 3.96832 1.53167 143303 0 -1.22836 0.217516 0
-45.8411 23.8055 1.37545 2.17593 5.07606 1.75499 144234 0 -1.27449 0.215792 0
-10.7394 57.8475 0.909503 1.87153 4.10931 1.5606 193952 0 1.43595 0.2151 0
48.0382 1.16287 0.743155 0.839277 0.929524 1.74236 111300 0 1.69742 0.215053 1
52.1066 -0.144928 0.672076 0.737172 0.795766 1.45246 109440 0 1.59923 0.21479 1
28.0208 25.6528 1.00291 1.98833 4.60224 1.547 147273 0 -1.49426 0.214163 0
66.0926 21.3064 -0.236531 1.92343 4.22987 1.60998 140840 0 -1.41597 0.212331 0
16.2291 -9.90264 1.60306 0.907206 0.969344 1.67618 95288 0 -1.65838 0.211435 1
-61.5717 1.81378 2.18289 0.721578 0.724418 1.74444 111893 0 1.29929 0.2101 1
34.3839 24.4842 1.15991 1.6362 3.39688 1.68179 145421 0 1.76032 0.209795 0
-19.002 54.9449 1.00622 2.06407 4.6863 1.66731 189714 0 -1.09945 0.208177 0
8.80757 69.915 0.307047 2.05649 4.67777 1.65197 211797 0 -2.32549 0.206905 0
-43.6984 23.1489 1.2871 1.82247 4.01078 1.67246 143305 0 -1.19463 0.206542 0
-45.2977 24.0699 1.28139 2.09173 4.69811 1.63637 144704 0 -1.19111 0.206207 0
-55.9541 0.479836 1.96523 1.90085 4.08018 1.49976 110039 0 0.143382 0.20585 0
27.4211 25.4324 0.992416 1.96594 4.44145 1.54726 146803 0 -1.50272 0.205467 0
53.0688 -1.20519 0.675639 1.00437 2.29765 1.83158 108039 0 -1.69032 0.203852 2
48.3571 -0.671173 0.827331 0.953508 0.973198 1.85107 108493 0 1.54887 0.201823 1
65.7722 22.5321 -0.160173 1.88933 4.08869 1.52729 142711 0 0.504551 0.201301 0
48.0655 1.36536 0.73507 0.885913 0.967234 1.74455 111768 0 -2.32668 0.200866 1
-8.29774 12.273 1.05165 1.7867 3.65728 1.70304 127504 0 2.18823 0.200326 0
34.0444 21.7219 1.11874 1.94016 4.1933 1.67905 141208 0 1.67993 0.200225 0
66.0657 22.5303 -0.193101 1.89663 4.1621 1.53795 142712 0 1.29535 0.199887 0
52.2689 0.0593872 0.635989 0.806659 0.884192 1.61257 109909 0 2.10125 0.199879 1
-63.2145 31.7697 1.70679 2.18672 4.78448 1.9005 155880 0 1.78997 0.199362 0
9.10125 69.615 0.267883 2.0289 4.62474 1.6307 211330 0 -2.07563 0.199332 0
34.3245 23.9396 1.11881 0.790043 0.770895 1.66798 144485 0 1.52972 0.199044 1
16.2403 -10.2456 1.63603 0.880236 0.927584 1.66382 94352 0 -1.6144 0.197018 1
31.299 63.8576 0.625447 1.77793 3.77179 1.73903 202975 0 -1.51247 0.196871 0
-52.9549 18.6992 1.65572 1.99685 4.50951 1.68331 136724 0 -1.30716 0.196087 0
8.02269 9.69645 1.01456 0.831522 0.997834 1.73442 123811 0 -1.38239 0.194754 1
-43.4172 0.57933 2.0065 0.823913 0.841251 1.41343 110078 0 1.7499 0.194565 1
10.1516 28.0972 0.866462 1.84747 4.28275 1.47551 150493 0 -1.23372 0.194497 0
10.9436 28.3598 0.851904 1.94225 4.59434 1.55388 150964 0 -1.29591 0.193916 0
3.58751 44.9925 0.504029 1.74362 3.67146 1.51643 175277 0 1.94515 0.193666 0
-49.6734 27.7403 1.42348 2.3713 5.37229 1.86106 149838 0 -1.37223 0.193472 0
64.1831 19.6685 0.0065611 2.02623 4.52693 1.71844 138494 0 -1.51733 0.192366 0
-58.2966 -1.82723 2.49107 0.770099 0.7544 1.87766 106755 0 -2.95055 0.191838 1
7.73926 7.14931 0.769335 0.651946 0.787024 1.06128 120066 0 -1.8384 0.191488 1
28.3194 24.8747 0.915942 1.90671 4.366 1.45191 145870 0 -1.48342 0.190926 0
52.1148 15.7907 0.274052 1.76643 3.87815 1.45716 132840 0 1.67774 0.190057 0
-52.3538 18.3948 1.6294 2.09221 4.75987 1.74524 136258 0 -1.27529 0.189802 0
8.52461 7.92804 0.8772 0.782423 0.947614 1.63953 121004 0 -1.58902 0.189685 1
50.6085 1.03907 0.67827 0.83291 0.87269 1.61432 111308 0 2.58298 0.189421 1
70.2586 18.6847 -0.15067 1.83282 4.08913 1.57084 137109 0 1.76651 0.188953 0
-4.22765 -9.79325 0.884457 0.796116 0.847762 1.49929 95224 0 -2.18926 0.187396 1
29.2146 25.4163 0.956758 1.98819 4.56352 1.53806 146809 0 -1.51843 0.186526 0
52.3276 18.7939 0.474502 2.2644 5.29492 1.89062 137053 0 1.56665 0.18622 0
14.8475 38.7466 0.813401 2.40577 5.66305 1.97671 166420 0 -1.01897 0.183944 0
48.4613 0.0747604 0.817679 0.845571 0.940828 1.78493 109897 0 1.55104 0.182952 1
8.55501 8.04779 0.975278 0.787964 0.926722 1.71765 121472 0 -1.55882 0.182543 1
71.4643 15.803 -0.0255303 2.28193 5.29571 1.7958 132901 0 1.67091 0.181676 0
-47.619 15.8916 1.63139 1.80281 3.58861 1.69449 132529 0 1.94392 0.181329 0
65.4485 22.5312 -0.146382 1.9406 4.2328 1.5531 142710 0 -1.32191 0.181072 0
-4.08321 -9.7887 0.846251 0.775147 0.818596 1.39262 95225 0 -2.64764 0.18102 1
31.1485 55.1215 0.856369 2.2262 5.09697 1.74215 190339 0 -1.60699 0.180906 0
-19.3441 55.4741 1.00836 2.09112 4.78711 1.70058 190649 0 -1.34561 0.178522 0
36.5921 36.4039 1.14885 1.93563 4.50412 1.60055 162744 0 -1.54605 0.177052 0
-58.998 0.107437 2.43139 2.25726 5.04849 1.86342 109561 0 0.1331 0.176908 0
35.4056 36.4147 1.11734 2.03028 4.67201 1.59961 162740 0 1.58299 0.176341 0
45.2014 1.63787 0.748957 0.886341 0.946261 1.76279 112227 0 1.50751 0.175824 1
1.8245 41.8926 0.508974 1.84465 4.13281 1.52977 170591 0 1.82361 0.175364 0
-66.7121 20.3568 1.85181 2.05221 4.62463 1.7781 139021 0 -1.23711 0.175221 0
-55.8363 46.2596 0.964404 2.05719 4.63201 1.69106 176963 0 1.63837 0.174778 0
48.1876 -0.196335 0.810362 0.836102 0.924421 1.82389 109428 0 1.54956 0.174672 1
4.19975 47.8926 0.749301 1.71998 3.32985 1.71205 179491 0 1.94465 0.174071 0
-6.84737 17.1372 0.951648 0.850654 0.867684 1.54082 134528 0 3.02514 0.173747 1
-6.66582 18.1307 0.893524 1.82553 3.52821 1.44173 135933 0 1.80465 0.173384 0
17.0653 28.5828 0.983869 2.22998 5.24994 1.73577 151451 0 1.7705 0.172952 0
48.89 1.17248 0.726447 0.880345 0.905424 1.70527 111302 0 2.01196 0.172593 1
70.2951 18.1136 -0.0826826 1.88613 4.20029 1.5717 136173 0 1.73935 0.171723 0
63.5055 19.9823 0.0217727 2.05727 4.51941 1.64667 138960 0 1.58705 0.171135 0
31.4875 58.0104 0.738643 2.08885 4.76774 1.66442 194552 0 -1.5669 0.170051 0
17.1452 -10.265 1.47437 0.863363 0.871544 1.47479 94355 0 2.98126 0.169079 1
66.3812 20.9997 -0.279967 1.98226 4.36899 1.63678 140373 0 -1.43277 0.16901 0
52.2752 -0.367844 0.642519 0.785502 0.829973 1.64163 108973 0 1.52856 0.16873 1
70.846 18.6727 -0.17451 2.16925 4.94201 1.7863 137111 0 1.70035 0.168422 0
-44.5657 29.2909 1.52003 2.23994 5.32964 1.91589 152194 0 1.98251 0.168107 0
-41.6732 -0.866028 2.09217 0.820773 1.46874 1.64979 108211 0 1.65401 0.167384 2
47.8606 0.844849 0.835812 0.859049 0.970757 1.81356 110831 0 1.58095 0.166816 1
-6.82592 25.6868 0.936839 0.760342 0.756797 1.58714 147164 0 -0.526653 0.165982 1
34.382 27.4669 1.06943 2.00141 4.71125 1.53871 149633 0 -1.40111 0.164451 0
28.575 22.3154 0.902202 1.94562 4.60222 1.55571 142127 0 -1.42685 0.164285 0
65.7344 20.2875 -0.0367981 2.10162 4.66591 1.73857 139435 0 -1.4856 0.164036 0
14.9332 37.6665 0.897408 1.19856 2.13376 1.81291 164548 0 -1.36069 0.163529 1
34.6405 25.2044 1.04725 0.837064 0.880158 1.75454 146358 0 1.44943 0.16329 1
-43.5502 0.99015 1.98087 0.923336 0.962872 1.59437 111013 0 1.79102 0.16237 1
9.948 25.4463 0.813367 1.84392 4.33895 1.49332 146749 0 -1.21605 0.162274 0
-24.8761 24.4722 1.17134 2.29485 5.31497 1.80526 145236 0 -1.18708 0.162251 0
-6.83891 25.5016 0.957531 0.762274 0.745831 1.58515 146696 0 -0.522193 0.162219 1
-45.6041 20.4407 1.55946 1.8693 4.09915 1.74757 139087 0 -1.23988 0.161858 0
-8.73646 64.8933 0.928623 1.89106 4.15086 1.60542 204254 0 -2.83862 0.161493 0
16.4884 28.8746 0.908597 1.98125 4.62771 1.56229 151917 0 1.76618 0.161472 0
49.1273 0.907936 0.755283 0.856722 0.909603 1.70835 110835 0 1.48245 0.160289 1
-6.81488 39.9043 0.818207 1.96695 4.56144 1.5703 167756 0 1.83358 0.15994 0
-61.5782 2.00089 2.20944 0.874053 0.957994 1.7502 112361 0 1.16745 0.159262 1
50.6081 0.895905 0.671956 0.834567 0.863643 1.63473 110840 0 2.03935 0.159205 1
-53.8955 18.0962 1.74449 2.12459 4.80297 1.79168 135785 0 -0.280013 0.159079 0
32.907 18.8131 0.902022 1.92146 4.53014 1.72355 136992 0 1.66133 0.15901 0
-1.75151 50.1086 1.03186 2.00204 4.52962 1.73233 182748 0 -1.19996 0.15894 0
15.9634 28.2981 0.931385 1.8366 4.06194 1.49384 150979 0 1.80571 0.158848 0
2.32975 7.11602 1.14782 0.808473 0.92032 1.76871 120049 0 -1.56443 0.158745 1
17.379 28.0275 1.03613 2.22175 5.08075 1.7987 150516 0 1.78071 0.157716 0
-54.5737 18.3985 1.79966 2.02097 4.58905 1.77216 136251 0 1.7885 0.15679 0
-56.1252 46.2596 1.00311 2.25223 5.21749 1.85777 176962 0 0.957427 0.156702 0
64.494 19.9459 0.00757802 2.05612 4.55824 1.70983 138963 0 -1.58808 0.156529 0
45.5976 20.5723 0.329811 1.97219 4.42738 1.58144 139840 0 -1.62402 0.155637 0
-61.2961 30.8993 1.7998 0.873719 1.46772 1.69895 154482 0 -1.92812 0.155637 2
-53.2742 19.029 1.6903 2.03747 4.55123 1.69653 137191 0 -1.31115 0.155612 0
31.5092 56.8735 0.728412 2.03448 4.48624 1.63954 192680 0 -1.40781 0.155123 0
-3.1444 46.5641 0.928541 0.806237 0.791979 1.77372 177596 0 -1.17628 0.154974 1
-49.1468 27.4135 1.3153 2.07657 4.47437 1.61546 149372 0 -0.841056 0.154703 0
-53.9096 18.3739 1.71794 2.12224 4.83599 1.77642 136253 0 -0.645398 0.154582 0
70.5534 19.0108 -0.156869 2.03635 4.58079 1.70148 137578 0 1.71102 0.154215 0
8.48319 70.1988 0.330042 2.13229 4.89221 1.70382 212264 0 -2.59832 0.15415 0
-10.4461 57.8116 0.882109 1.90523 4.20388 1.54635 193953 0 -1.27704 0.153893 0
49.3427 1.34032 0.725213 0.870506 0.89724 1.68318 111772 0 -2.55929 0.153749 1
-10.8064 58.304 0.953316 2.18084 4.92153 1.64549 194888 0 -0.330026 0.152855 0
71.5066 23.8766 0.0127672 0.90483 1.01867 1.74989 144601 0 1.30493 0.152512 1
-4.73817 39.4997 0.977222 2.02281 4.6749 1.65988 167295 0 -1.24671 0.152465 0
32.7067 43.0626 2.02408 0.819761 1.5113 1.76996 172560 0 0.0693503 0.152409 2
-53.5697 17.8197 1.73948 2.09895 4.69164 1.77958 135318 0 -1.29723 0.152201 0
70.8568 17.8265 -0.0029079 2.13411 4.77378 1.71706 135707 0 1.71334 0.152004 0
-63.8179 30.5867 1.53761 2.26824 5.36986 1.96976 154006 0 1.80115 0.151651 0
-64.1174 31.2109 1.64008 2.37735 5.71896 2.02577 154941 0 1.81282 0.150866 0
-43.9895 22.9297 1.31273 1.8242 4.02933 1.66075 142836 0 -1.23935 0.150858 0
47.6518 0.201675 0.828873 0.864586 0.960553 1.88864 109894 0 1.6159 0.150503 1
-53.0122 12.5681 1.30679 0.606632 0.626228 1.00626 127832 0 -2.67083 0.149895 1
-55.5099 49.1054 1.13828 2.10537 4.81379 1.71467 181176 0 1.90741 0.149861 0
-56.1343 46.5212 1.03547 2.27309 5.3095 1.864 177430 0 -0.304914 0.149706 0
28.9227 25.669 1.0004 2.00665 4.60356 1.56375 147276 0 -1.51379 0.149379 0
65.7882 20.9685 -0.135069 2.03368 4.51554 1.69604 140371 0 -1.4368 0.149043 0
34.676 21.9086 1.09664 2.04858 4.61233 1.695 141678 0 1.50593 0.148382 0
-63.2219 30.6234 1.59938 1.91366 4.32091 1.74115 154008 0 1.7582 0.148285 0
16.4099 -10.2684 1.62646 0.858046 0.883348 1.57653 94353 0 -1.64947 0.147461 1
65.7768 22.831 -0.146376 1.90305 4.19655 1.52011 143179 0 1.34584 0.146915 0
8.16681 70.2052 0.316837 2.09533 4.72133 1.65776 212263 0 -2.81846 0.146593 0
-61.5619 30.88 1.68727 1.39238 2.85926 1.72451 154481 0 2.61222 0.145944 2
53.2374 19.9192 0.477474 2.18961 4.99021 1.9133 138928 0 1.82066 0.145558 0
-10.0155 65.7666 0.777912 2.24322 5.34106 1.85438 205654 0 1.89698 0.145553 0
65.6732 16.035 0.0216 2.15829 5.15543 1.6581 133351 0 -1.44791 0.144895 0
7.60601 7.00342 0.750258 0.662132 0.727857 1.11261 119597 0 -1.4982 0.144689 1
69.2594 28.2183 0.833845 0.894776 1.31823 1.7981 151146 0 1.20632 0.144489 1
-58.3411 -1.99861 2.48734 0.803662 0.78403 1.8453 106287 0 -3.10175 0.14445 1
-52.6663 18.9924 1.66888 2.02942 4.60106 1.6841 137193 0 -1.23748 0.144332 0
-53.588 18.6982 1.71493 2.05173 4.6239 1.73436 136722 0 -1.30527 0.143867 0
34.1924 23.9415 1.12949 0.781054 0.776762 1.64871 144484 0 1.62277 0.143782 1
27.466 19.6674 0.977363 1.66187 3.13553 1.44375 138379 0 -1.46494 0.143518 0
-64.0711 26.3131 1.8018 2.38788 5.64613 1.95889 147921 0 1.94993 0.143468 0
48.7169 -0.419868 0.803021 0.845046 0.894808 1.75745 108962 0 1.53925 0.142005 1
71.8256 24.7544 0.139391 2.09211 4.61547 1.67605 146006 0 1.32571 0.141946 0
71.1286 18.1044 -0.0915966 2.27985 5.2457 1.83832 136176 0 1.70791 0.141263 0
-56.1803 1.0618 1.89705 1.97955 4.30259 1.48581 110974 0 0.12974 0.140753 0
-54.857 18.7164 1.83174 2.10901 4.79468 1.82797 136718 0 1.83767 0.140646 0
-6.89297 17.4047 0.911765 0.90028 1.05238 1.50137 134996 0 2.31668 0.140604 1
48.7388 21.0055 0.405253 0.851928 0.865852 1.75078 140318 0 -0.199662 0.14047 1
-56.2306 -0.0628967 2.08929 2.07782 4.64531 1.64358 109102 0 0.110231 0.140371 0
-58.7436 -2.1662 2.4596 0.757759 0.745761 1.80324 106286 0 -3.11001 0.140193 1
16.9841 -9.00014 1.27858 0.977767 1.06136 1.65136 96227 0 -1.54151 0.140079 1
-41.4177 -1.35559 2.15812 0.868454 1.38127 1.67351 107276 0 1.6191 0.139428 1
-2.76295 32.0289 0.729102 2.0666 4.68829 1.51161 156537 0 -1.2258 0.139347 0
30.887 54.3326 0.811592 2.1431 4.70353 1.67381 188934 0 -1.57857 0.139107 0
-52.6314 17.4948 1.71691 2.10396 4.72406 1.80974 134853 0 -1.26858 0.138833 0
66.0539 20.6568 -0.162895 2.04622 4.51644 1.68694 139904 0 -1.43999 0.138793 0
70.575 14.941 -0.0334255 1.93186 4.23263 1.60864 131494 0 1.67559 0.138745 0
-42.9863 28.0931 1.41628 2.20334 5.07839 1.94753 150327 0 -1.08865 0.138504 0
30.9291 58.0306 0.679384 1.85738 4.12514 1.51029 194550 0 -1.58778 0.138427 0
-1.476 50.3986 1.01082 1.93558 4.36423 1.72811 183217 0 -1.17366 0.138234 0
65.4928 21.6176 -0.234681 1.9759 4.48409 1.60709 141306 0 -1.40286 0.138107 0
9.40593 69.3036 0.244524 2.03863 4.68831 1.63997 210863 0 -1.85888 0.137578 0
-43.0801 22.8833 1.25471 1.84005 3.93452 1.70881 142839 0 -1.22344 0.137346 0
-7.78786 19.3956 0.89784 0.733868 0.785259 1.52996 137801 0 0.233946 0.137044 1
-2.97091 47.838 0.957324 2.34944 5.4187 1.91564 179468 0 -1.22106 0.136859 0
7.85658 70.2156 0.292641 2.03813 4.6035 1.62793 212262 0 -3.04591 0.13685 0
9.70737 25.9686 0.869789 2.1025 5.1048 1.62686 147684 0 -1.23961 0.136705 0
48.8692 1.36208 0.699124 0.881343 0.91741 1.71432 111770 0 -2.06077 0.136587 1
15.9068 -10.111 1.63453 0.88846 1.07065 1.6571 94819 0 -1.65373 0.136456 1
11.6817 73.3332 -0.147964 0.784194 0.820795 1.69744 216954 0 -2.71442 0.13622 1
63.863 19.4108 0.00166292 2.08472 4.63365 1.74509 138025 0 -1.42847 0.135395 0
-56.7204 0.725296 1.98723 1.96596 4.28062 1.55389 110504 0 0.174164 0.134862 0
-41.6764 -1.03761 2.1474 0.884262 1.59874 1.70849 107743 0 1.5166 0.134719 2
64.5007 19.1119 -0.0102084 2.0675 4.4837 1.76718 137559 0 -1.43758 0.134679 0
30.6091 55.1419 0.854495 1.93668 4.275 1.54339 190337 0 -1.40807 0.13451 0
-54.5827 19.0325 1.78305 2.04205 4.59739 1.7677 137187 0 1.89004 0.134502 0
69.9837 18.4123 -0.204561 1.81016 4.0168 1.55703 136640 0 1.77884 0.134132 0
52.9974 -0.853943 0.667951 1.11819 2.53175 1.79792 108507 0 -1.72066 0.134069 2
-58.1867 -1.96407 2.44624 0.779981 0.758519 1.82763 106288 0 -2.91537 0.13366 1
17.3201 -10.1136 1.41467 0.875908 0.929669 1.44212 94824 0 3.01017 0.133426 1
30.5976 57.4594 0.640069 1.95561 4.38283 1.55005 193613 0 -1.55947 0.132773 0
-65.435 38.2472 0.897486 2.04908 4.58837 1.7064 165233 0 1.61212 0.132708 0
-52.5335 12.6454 1.37803 0.706453 0.76856 1.13709 127833 0 2.23189 0.13263 1
-54.8571 18.1032 1.8485 2.10395 4.76796 1.82961 135782 0 1.71429 0.132222 0
7.89218 68.1069 -0.0779851 0.816607 0.938186 1.60944 208986 0 -1.56415 0.132058 1
34.0366 -1.73851 1.01589 0.838977 1.43179 1.23909 107044 0 1.60332 0.131892 0
-30.5976 62.6555 0.972026 2.23265 5.34764 1.87794 200910 0 1.80482 0.131723 0
53.5301 19.6243 0.416343 1.91822 4.26412 1.75255 138461 0 1.79308 0.131683 0
-62.2755 31.4795 1.65261 1.91793 4.28324 1.72123 155415 0 1.76312 0.131653 0
-5.87701 39.2704 0.934459 1.95305 4.43879 1.59078 166823 0 1.71194 0.131617 0
66.667 22.2051 -0.241037 2.05744 4.62239 1.64489 142246 0 -1.51678 0.1314 0
-34.9782 1.77805 1.42473 0.97886 2.11929 1.42522 111976 0 2.33252 0.131197 0
-47.2013 26.4017 1.18978 1.96215 4.3917 1.5431 147974 0 -0.732408 0.131163 0
-63.5371 2.39922 2.50517 2.06862 4.52545 1.70942 112823 0 -1.34322 0.131146 0
64.8165 22.5285 -0.189092 1.96523 4.39313 1.57326 142708 0 1.48713 0.130758 0
-54.238 18.1088 1.77976 2.07485 4.70733 1.79267 135784 0 1.57642 0.130097 0
45.2276 1.22648 0.777549 0.842574 0.926993 1.72618 111291 0 1.54244 0.129514 1
63.1872 22.2867 -0.0774182 1.92196 4.3134 1.55617 142235 0 1.56364 0.128984 0
68.4219 -2.29468 1.45668 0.821515 0.758349 1.76661 106215 0 -1.55002 0.128846 1
-63.7976 2.08969 2.49326 2.19049 4.81848 1.78555 112354 0 -1.35799 0.12852 0
-62.2356 2.07405 2.28609 2.07057 4.69779 1.68688 112359 0 0.589337 0.128024 0
52.1129 0.0532227 0.678571 0.798349 0.853063 1.54864 109908 0 1.84037 0.127661 1
-48.7261 16.4011 1.74751 2.37531 5.82269 2.07465 133461 0 1.91849 0.127504 0
46.1853 20.2719 0.436058 2.12146 4.88315 1.66393 139374 0 -1.58538 0.12689 0
-34.7197 1.78021 1.35094 0.8487 1.79889 1.43182 111977 0 2.81558 0.126687 0
72.1496 24.5049 0.135742 2.05214 4.51823 1.65996 145539 0 1.36463 0.126472 0
34.4611 25.1725 1.09328 0.862789 1.00091 1.75936 146357 0 1.61544 0.125863 1
-65.1532 38.557 0.784226 1.96075 4.31631 1.64008 165702 0 1.66911 0.125682 0
-4.06327 30.225 1.1322 0.831327 0.848768 1.71789 153725 0 -0.453207 0.125478 1
-17.1673 44.295 1.14927 0.813893 0.853059 1.63009 174276 0 0.216386 0.125362 1
-52.0469 17.7578 1.66464 2.09683 4.74375 1.79954 135323 0 -1.26715 0.124819 0
-10.0292 30.1535 1.052 2.25276 5.1123 1.61594 153706 0 -1.25806 0.124344 0
-49.1271 27.0924 1.32609 2.12396 4.5735 1.639 148904 0 1.31837 0.124315 0
64.5204 21.6275 -0.342791 0.75591 0.766038 1.60519 141303 0 -1.62283 0.124242 1
63.8292 20.2758 -0.0163851 2.01008 4.47761 1.65251 139429 0 1.64392 0.124168 0
-10.46 63.3966 0.665784 2.0106 4.41359 1.5592 202377 0 1.90516 0.124082 0
7.51995 70.2132 0.265436 2.09177 4.69677 1.64235 212261 0 3.03102 0.123625 0
63.2346 19.7231 0.0337021 2.11775 4.67932 1.72501 138491 0 1.58138 0.123582 0
37.6881 2.068 1.02027 0.781795 0.795894 1.65452 112671 0 1.68552 0.123109 1
30.1612 56.1255 0.776922 2.21318 4.9772 1.64057 191740 0 0.0168837 0.12255 0
-34.0421 -5.02141 1.29231 0.873259 1.26268 1.69564 102151 0 -2.1459 0.122366 1
7.89836 68.2222 -0.008266 0.856092 0.988822 1.57295 209454 0 -1.95412 0.122309 1
71.2145 24.4974 0.078642 2.03052 4.47508 1.64575 145536 0 1.33971 0.122234 0
-4.25098 -10.0288 0.959927 0.898722 1.0232 1.60829 94756 0 -1.43258 0.122149 1
-63.5182 30.2765 1.51361 1.91581 3.77699 1.85051 153539 0 1.73548 0.121951 0
16.8535 -10.1136 1.58664 0.881638 0.94438 1.6033 94822 0 -2.44869 0.121831 1
-34.9923 2.06425 1.41452 1.16264 2.35997 1.44531 112444 0 1.87852 0.121761 0
30.1834 55.546 0.832942 1.95382 4.23894 1.52296 190804 0 -0.177153 0.121707 0
30.3179 54.8496 0.864869 1.70549 3.58339 1.46817 189868 0 -1.42163 0.121391 0
-41.157 -1.33266 2.10956 0.864143 1.12655 1.68737 107277 0 1.66951 0.121015 1
52.0852 -0.371681 0.686789 0.789122 0.861188 1.5893 108972 0 1.50422 0.120869 1
-48.8874 28.5639 1.35314 1.992 4.47265 1.68533 151245 0 -1.03878 0.120654 0
8.05294 68.2472 -0.00764975 0.854473 1.06365 1.56911 209455 0 -1.91199 0.120433 2
17.0723 27.7666 1.06399 2.25952 5.13508 1.83974 150047 0 1.78944 0.120122 0
-3.34643 46.7814 1.035 0.899745 1.0103 1.81572 178063 0 -1.32935 0.120079 1
70.0109 12.1031 -0.162625 1.59047 3.66766 1.44154 127280 0 1.71903 0.120053 0
-34.7013 2.06178 1.3372 0.816067 1.38896 1.42082 112445 0 2.15029 0.11983 0
-56.7203 -0.0771408 2.21063 2.15737 4.90776 1.75063 109100 0 0.151233 0.119578 0
-55.5794 46.5241 0.956558 1.95144 4.32192 1.60864 177432 0 1.60931 0.119564 0
10.0774 28.8223 0.909866 1.9933 4.40998 1.55817 151897 0 -1.25627 0.119515 0
-4.25792 30.2122 1.15664 0.834543 0.848552 1.72578 153724 0 -0.71169 0.119376 1
-53.3975 0.237427 2.19347 1.87143 4.38572 1.6314 109579 0 0.154612 0.119267 0
-54.2605 18.6993 1.75541 2.0048 4.50146 1.75486 136720 0 1.7671 0.119265 0
34.9874 24.527 1.17491 2.01948 4.70137 1.6845 145423 0 1.68712 0.118828 0
-55.7883 48.8118 1.19115 2.17424 5.0237 1.78859 180707 0 1.78135 0.118589 0
-53.1782 12.5639 1.27109 0.648041 0.676187 1.08436 127831 0 -2.32398 0.118407 1
45.625 19.4569 0.437497 1.92044 4.30728 1.51031 137968 0 -1.40525 0.118141 0
16.786 29.2206 0.971468 2.09022 4.90749 1.65286 152386 0 1.80348 0.11813 0
6.19654 -5.01787 1.83743 0.740875 0.776634 1.74229 102277 0 2.47715 0.118001 1
69.9421 18.996 -0.213038 1.80602 3.93813 1.55955 137576 0 1.75639 0.117972 0
48.0863 0.840271 0.826789 0.869923 0.978094 1.80556 110832 0 1.60194 0.117837 1
-19.6363 55.2602 0.995884 1.98992 4.51063 1.61909 190180 0 1.57456 0.117664 0
-50.1088 13.951 1.03355 0.79539 1.00183 1.52954 129713 0 -1.12804 0.117497 1
-7.78828 19.5864 0.941162 0.757432 0.776408 1.54868 138269 0 -0.160203 0.11718 1
-58.963 -2.34605 2.47839 0.874651 0.901092 1.8548 105817 0 0.302297 0.116957 1
66.3713 22.8394 -0.177297 2.00579 4.50847 1.60617 143181 0 1.4228 0.116772 0
-19.3639 42.7303 1.11643 2.10704 4.75913 1.57902 171929 0 1.91074 0.116721 0
-52.0266 18.7014 1.66347 2.09116 4.64587 1.74954 136727 0 -1.26281 0.116592 0
-67.0955 -3.69641 3.38372 0.8553 0.89751 1.76821 103920 0 0.919547 0.116052 1
14.9353 37.3849 0.945271 0.998156 1.48842 1.77955 164080 0 -2.21064 0.115556 1
-7.60014 19.3962 0.909674 0.786679 0.864551 1.54132 137802 0 0.52686 0.115555 1
-53.0213 12.4131 1.30984 0.652654 0.67817 1.03289 127364 0 -2.89855 0.115378 1
-63.8492 29.9291 1.5288 2.35709 5.54608 2.00936 153070 0 1.81316 0.115141 0
-55.2151 49.4082 1.15463 2.09613 4.75438 1.69737 181645 0 2.09515 0.115072 0
31.439 54.6191 0.849614 2.38272 5.59798 1.89308 189404 0 -1.57802 0.115063 0
-11.6122 63.5166 0.667918 2.10395 4.74238 1.65609 202373 0 1.91286 0.114851 0
-62.2494 1.43905 2.29355 2.0865 4.51625 1.68727 111423 0 0.355455 0.114527 0
-57.8787 -1.20499 2.40175 0.726891 0.725579 1.79998 107693 0 -1.50748 0.114523 1
-0.106735 36.4444 0.697252 1.72923 3.87921 1.50175 162629 0 1.89985 0.114429 0
70.7837 12.5257 -0.176551 2.23482 5.18548 1.7369 128219 0 1.71152 0.114288 0
-62.2766 30.9094 1.56028 1.87076 4.18871 1.74188 154479 0 1.83071 0.114176 0
48.7304 0.083046 0.785403 0.840903 0.882249 1.73244 109898 0 1.63351 0.113884 1
-19.9582 55.5473 1.05985 1.93821 4.3943 1.59369 190647 0 1.92379 0.113644 0
64.4808 22.289 -0.275302 1.98817 4.28536 1.56869 142239 0 1.63909 0.113288 0
-58.9792 -0.755714 2.58783 2.18354 4.72731 1.86843 108157 0 0.0356448 0.113271 0
65.1598 15.3159 -0.0669046 1.7278 3.87118 1.48291 131945 0 -1.37858 0.113214 0
-11.9511 25.052 1.02307 2.08628 4.8231 1.48445 146212 0 -1.40536 0.113148 0
73.1258 24.8122 0.406905 2.00283 4.42772 1.61585 146010 0 1.36911 0.113113 0
-2.64069 47.3095 0.982242 2.09049 4.58735 1.82615 178533 0 -1.19944 0.112735 0
-36.6187 2.94897 1.68275 2.09023 4.62059 1.70457 113843 0 1.73821 0.112619 0
71.5018 24.1183 0.0374018 1.08145 1.40092 1.73418 145069 0 1.30303 0.112529 0
