-30.5244 6.24313 2.52463 2.23813 5.24891 1.90224 118542 0 2.26782 0.941844 0
-15.2842 14.8338 1.45036 2.08643 4.73545 1.55981 131226 0 -1.25088 0.929906 0
-14.0001 5.66174 1.45541 2.03947 4.75764 1.54927 117658 0 1.72072 0.925515 0
-16.5281 12.3176 1.69255 2.21228 4.81425 1.87484 127478 0 -1.18238 0.925457 0
43.6946 14.6213 -0.560475 2.1346 4.94112 1.845 130942 0 -1.45503 0.922263 0
4.90005 17.8012 0.605889 2.08355 4.62815 1.49666 135501 0 -1.16795 0.921089 0
26.393 14.9357 0.238675 2.05164 4.83608 1.61076 131356 0 -1.37506 0.92049 0
13.9753 16.4057 0.747751 2.20091 4.798 1.775 133657 0 1.71947 0.920407 0
7.56218 22.566 0.735398 2.08287 4.70166 1.71935 142529 0 -1.1732 0.915055 0
2.74037 12.522 0.676637 2.10013 4.95282 1.46973 128006 0 -1.16214 0.911578 0
-11.1216 -4.63113 1.41762 2.08586 4.6478 1.58026 102691 0 0.0818038 0.911247 0
-9.09664 16.3968 1.11302 1.97163 4.55797 1.47672 133585 0 -1.16213 0.906391 0
-10.0458 12.9364 1.30623 1.88152 4.15006 1.64189 128434 0 1.92911 0.906054 0
-30.9109 16.0549 2.21715 2.25355 4.81054 1.8394 133049 0 -1.19366 0.905987 0
-8.14203 18.8005 1.04349 1.98002 4.65954 1.5135 136864 0 1.90536 0.896165 0
-5.49161 -4.85578 1.26114 2.31932 5.15495 1.84917 102240 0 0.106667 0.88902 0
4.32377 14.88 0.624793 1.92235 4.32015 1.47421 131287 0 -1.20122 0.888035 0
13.0645 12.8903 0.803894 2.03069 4.52455 1.59719 128506 0 1.71997 0.88219 0
14.5161 18.9521 0.665063 2.16447 4.85366 1.83682 137403 0 1.78539 0.875392 0
-27.7681 23.5196 2.0128 2.13073 4.52152 1.60208 143823 0 -1.07776 0.872235 0
-13.6423 -3.7431 1.52855 2.0076 4.56401 1.55159 104087 0 0.124266 0.87097 0
-34.4051 20.6543 2.27206 2.2316 4.86169 1.82526 139590 0 -1.14114 0.855444 0
14.9515 24.5691 0.666713 2.14397 4.97887 1.78126 145360 0 1.82423 0.853821 0
-3.73756 28.978 0.970934 2.02468 4.48818 1.8374 151854 0 1.94512 0.853463 0
-4.97403 26.4469 0.859726 1.97044 4.61955 1.5054 148106 0 1.87315 0.842654 0
6.14893 20.2907 0.70373 2.14201 4.86494 1.72121 139249 0 1.93904 0.842298 0
-6.32478 24.1077 1.14914 2.00876 4.50012 1.73069 144826 0 1.94911 0.837081 0
-14.7999 17.4429 1.66032 2.47724 5.86122 2.02783 134971 0 -1.21768 0.835387 0
27.0086 18.0504 0.0961279 2.00188 4.61873 1.52095 136038 0 -1.39404 0.830758 0
14.861 21.6962 0.435469 2.0871 4.81574 1.54572 141148 0 1.85743 0.82753 0
4.34133 47.8188 0.411228 2.0013 4.50337 1.89605 179491 0 1.99118 0.822142 0
11.2826 30.0094 0.672618 2.10416 4.8129 1.86763 153305 0 -1.14628 0.81716 0
-36.2653 14.9809 2.41106 2.04962 4.42519 1.67594 131160 0 2.01597 0.815332 0
14.9483 37.3193 0.36201 2.09095 4.81805 1.80282 164080 0 -1.1048 0.813602 0
-6.81633 21.5322 1.00071 2.03332 4.87128 1.52481 141080 0 1.95293 0.810043 0
3.65763 45.0082 0.290352 2.06446 4.8319 1.65355 175277 0 1.97752 0.80844 0
-12.9281 22.3254 1.33518 2.06563 4.77138 1.50622 141997 0 -1.14046 0.79814 0
9.07531 24.7634 0.43492 1.92161 4.41207 1.48884 145810 0 -1.16912 0.781896 0
-10.466 27.6842 1.12002 1.95807 4.46454 1.54093 149961 0 -1.15611 0.778768 0
31.1679 14.2057 0.111702 1.97284 4.61429 1.65681 130435 0 1.75256 0.771188 0
-9.68205 30.3293 1.24881 2.05524 4.68409 1.68109 153707 0 -1.21463 0.764494 0
-13.8898 20.0605 1.41788 2.07819 4.77389 1.51251 138718 0 -1.20891 0.758478 0
27.0177 21.0146 0.0287571 1.95023 4.47975 1.55823 140250 0 -1.38573 0.755068 0
-7.61867 17.2431 1.12637 0.870925 0.829326 1.66802 134526 0 1.92003 0.75429 1
-0.166397 36.6953 0.5387 1.84616 4.25511 1.50189 163097 0 1.97384 0.754124 0
-8.41338 -5.20212 1.30518 2.06947 4.61413 1.55756 101763 0 0.112365 0.75095 0
-49.159 18.7874 3.13629 2.04466 4.48783 1.79302 136736 0 1.96976 0.750651 0
9.80234 27.3872 0.464767 1.88215 4.27604 1.47814 149556 0 -1.20979 0.747964 0
32.1797 17.0571 -0.106707 2.0112 4.48264 1.53657 134650 0 1.74835 0.745063 0
-37.9316 5.59815 2.79349 2.10256 4.47914 1.61362 117583 0 -1.27088 0.740562 0
2.34033 42.0513 0.296369 1.84933 4.08097 1.50998 171061 0 1.95518 0.735576 0
-23.1609 30.5879 1.90782 2.10748 4.72532 1.63183 154133 0 -1.17105 0.73315 0
-11.9503 25.4474 1.28727 2.04057 4.70949 1.49577 146680 0 -1.18422 0.732525 0
-55.5579 3.72406 3.84795 1.95417 4.31579 1.5218 114720 0 0.189794 0.730758 0
-52.9722 2.78445 3.71418 2.06886 4.82995 1.68655 113324 0 0.200038 0.72936 0
-26.3846 26.3032 1.97923 2.17366 5.09601 1.71345 148039 0 -1.1395 0.714129 0
63.5118 9.36198 -1.74879 1.98245 4.43964 1.57155 123516 0 -1.408 0.707237 0
0.414703 39.8818 0.555871 2.0189 4.52497 1.77442 167779 0 1.9982 0.692463 0
44.3082 17.4474 -0.860164 1.89101 4.21363 1.44959 135156 0 -1.43289 0.678613 0
15.8613 27.3112 0.561937 2.0464 4.67741 1.58942 149575 0 1.91952 0.677542 0
51.318 12.6896 -1.43122 2.00026 4.58556 1.59717 128158 0 1.68391 0.668139 0
51.0498 -4.26663 -0.812296 0.957522 1.01776 1.80369 103353 0 -1.58854 0.66353 1
-45.6822 3.70564 3.35831 0.928473 0.973224 1.67747 114751 0 1.97788 0.631907 1
48.2747 2.94169 -0.837988 0.94761 1.00024 1.78229 114108 0 -1.37895 0.629285 1
32.7807 20.0755 0.0372054 2.08318 4.67933 1.77626 138864 0 1.71965 0.623444 0
-64.1397 29.8359 3.69519 2.07867 4.66514 1.75067 153069 0 2.02802 0.618457 0
12.6207 32.4372 0.456659 2.08778 4.70915 1.62286 157053 0 -1.15736 0.610499 0
45.9828 -3.27378 -0.550496 0.948951 0.974451 1.88891 104741 0 1.99153 0.60173 1
27.3713 23.8079 0.0219011 1.90288 4.26982 1.50107 144463 0 -1.43685 0.595961 0
-56.2235 14.1259 3.48955 0.840905 0.838282 1.64585 130162 0 -1.58319 0.571813 1
64.1634 12.028 -1.87657 1.923 4.31775 1.54455 127262 0 -1.34903 0.562235 0
47.6198 -1.96969 -0.767871 0.880123 0.953449 1.81336 106618 0 -0.766751 0.559121 1
-21.8966 35.9334 1.8151 2.33109 5.76302 1.77319 162093 0 -1.17487 0.558155 0
34.3876 67.9507 -0.490702 2.09847 4.81585 1.71074 209069 0 -1.48922 0.536966 0
-63.234 35.0352 3.48348 2.00215 4.45096 1.67259 160560 0 2.00923 0.527994 0
-1.74622 34.1119 0.621227 1.97601 4.47324 1.57928 159348 0 -1.16829 0.516589 0
33.1421 61.9916 -0.475386 1.88261 4.22267 1.59967 200173 0 -1.42981 0.506479 0
48.3648 2.8483 -0.879092 0.96626 1.01444 1.77867 113641 0 -0.986236 0.4823 1
47.7397 -1.87885 -0.76734 0.910409 0.980117 1.84625 107087 0 -0.719904 0.467359 1
-45.9383 26.3715 2.68562 1.91763 4.28109 1.62131 147978 0 1.91668 0.45319 0
-58.0854 4.34693 3.9 2.01272 4.42166 1.54398 115648 0 0.154172 0.448764 0
-43.7617 1.7319 3.42689 0.856278 1.43138 1.71343 111949 0 -1.34046 0.447154 1
-53.8388 50.0951 2.30564 2.03836 4.40441 1.71365 182585 0 0.0566865 0.44247 0
8.14128 68.9812 -0.244419 2.00794 4.50704 1.54813 210391 0 -1.12803 0.441065 0
46.1311 -3.26515 -0.549469 0.984137 1.01163 1.90206 104742 0 2.1882 0.431666 1
4.00257 44.7342 0.30125 1.84777 4.08798 1.62294 174810 0 -2.43996 0.421214 0
-49.6879 19.0069 3.19013 2.35257 5.72062 2.05603 137202 0 1.96226 0.417364 0
-48.1465 24.1707 3.08017 2.11809 4.77921 1.8072 144695 0 1.92788 0.415854 0
-2.03957 33.2125 0.683178 0.820756 0.793471 1.62379 157943 0 0.420802 0.414401 1
6.84151 64.8128 -0.187514 1.94965 4.37916 1.53114 204303 0 -1.10376 0.412959 0
-7.51758 65.7825 1.02027 1.98016 4.43235 1.58642 205662 0 1.89052 0.408756 0
33.1324 22.9143 0.0534563 1.95171 4.54295 1.73758 143077 0 1.73311 0.39039 0
28.625 29.5588 0.175664 1.98462 4.52085 1.57789 152891 0 -1.45148 0.387419 0
-3.01508 31.5606 0.726978 1.93881 4.28323 1.52989 155600 0 1.52298 0.386609 0
-2.74725 31.5347 0.676424 1.93954 4.21701 1.49403 155601 0 -0.411128 0.379212 0
-44.312 31.5098 2.85562 2.08394 4.61254 1.82037 155471 0 1.84067 0.375302 0
-11.6716 59.6627 1.08308 2.08259 4.63999 1.70162 196757 0 2.03162 0.369859 0
-46.1949 26.1351 2.68353 1.90648 4.31277 1.61597 147509 0 1.82795 0.366675 0
-18.376 56.4976 1.46624 2.07947 4.77634 1.61403 192056 0 2.16176 0.361634 0
32.4576 26.0839 -0.0190917 2.01253 4.67231 1.62292 147755 0 1.71187 0.361072 0
-2.02671 33.3301 0.658475 0.834947 0.910809 1.65133 158411 0 -1.11661 0.359719 1
44.5675 17.7018 -0.792251 2.02891 4.62888 1.53534 135625 0 -1.52993 0.358273 0
43.0312 -1.0777 -0.513036 0.817547 0.876205 1.67279 108008 0 1.63029 0.356885 1
27.7181 29.6434 0.214762 1.92641 4.39712 1.56922 152888 0 1.49703 0.347876 0
-2.08093 47.5084 0.735779 2.05916 4.49951 1.75309 179003 0 -1.20652 0.343355 0
33.756 26.0205 -0.0562316 2.09194 4.70034 1.73284 147759 0 -1.4421 0.341374 0
-65.4375 27.3254 3.59407 1.9801 4.43436 1.65333 149321 0 2.02104 0.339595 0
45.672 -1.5107 -0.686724 0.78993 0.796391 1.7151 107548 0 1.2671 0.338889 1
2.67612 41.8528 0.298802 1.66882 3.09955 1.47214 170594 0 1.96918 0.336671 0
-56.3386 14.0353 3.47443 0.848009 0.806264 1.6608 129693 0 -1.52425 0.334317 1
68.6243 24.0984 -1.2709 0.837622 0.879563 1.76022 145060 0 1.59726 0.3342 1
35.3399 34.4466 -0.0976833 2.02919 4.79407 1.65683 159932 0 1.67584 0.333792 0
-1.4612 33.8489 0.5824 1.67309 3.6926 1.44278 158881 0 -1.17842 0.333484 0
51.7032 16.1987 -1.12025 2.06935 4.92282 1.67514 133307 0 1.57342 0.333405 0
6.58577 64.5368 -0.179758 2.05337 4.66255 1.58929 203834 0 -1.25135 0.333258 0
51.2605 -4.24799 -0.852483 0.960534 1.09895 1.82363 103354 0 -1.66725 0.32535 1
-6.91319 65.6788 1.00802 2.07294 4.68237 1.5921 205664 0 1.61961 0.324694 0
44.0712 17.2084 -0.876297 1.7351 3.85748 1.41871 134687 0 -1.35655 0.323667 0
64.1671 15.836 -1.61568 1.99384 4.4079 1.6785 132878 0 -1.35447 0.321152 0
-63.488 34.7974 3.40506 1.97823 4.56887 1.66395 160091 0 1.96049 0.319484 0
-49.7761 30.877 3.03645 2.12134 4.6997 1.73234 154518 0 -1.33248 0.317312 0
-3.03364 31.7505 0.723629 1.96704 4.36036 1.55717 156068 0 -0.782491 0.316922 0
-58.3298 4.60376 3.99902 2.06563 4.55899 1.59495 116115 0 0.214114 0.315861 0
64.4214 12.2535 -1.76484 1.99228 4.46641 1.6132 127731 0 -1.39363 0.312085 0
45.6946 -2.4398 -0.486176 0.922719 0.982169 1.86878 106144 0 1.73679 0.310037 1
-43.6811 31.2097 2.7338 2.05013 4.56151 1.77182 155005 0 1.83814 0.30969 0
27.6869 29.8481 0.195384 2.02824 4.56043 1.61585 153356 0 -1.30638 0.303862 0
46.1683 -3.12738 -0.530807 0.970317 0.992052 1.88871 105210 0 2.47984 0.30153 1
16.4077 27.3405 0.516856 2.18936 4.98673 1.72663 149577 0 1.84707 0.301107 0
-18.0925 56.2288 1.47224 1.9268 4.25969 1.5524 191589 0 1.71263 0.298851 0
51.0886 12.4355 -1.47034 1.91659 4.31732 1.56506 127689 0 1.74708 0.29853 0
35.126 -3.6162 -5.3823e-05 0.876684 0.894159 1.66788 104239 0 1.01459 0.298423 1
-47.8948 24.4134 3.02191 2.05237 4.56419 1.77846 145164 0 2.00276 0.297342 0
9.48106 69.6194 -0.14107 2.02789 4.46425 1.58441 211331 0 0.11995 0.295511 0
46.5495 -3.05042 -0.603489 0.875992 0.891094 1.81025 105211 0 2.37042 0.288488 1
-55.1789 49.476 2.329 2.10183 4.59283 1.70336 181645 0 -1.18064 0.287059 0
-10.4123 59.0402 1.14384 2.01992 4.67099 1.69118 195825 0 1.96771 0.285647 0
-7.51999 35.6906 0.780593 2.00825 4.59049 1.5689 161670 0 -1.21644 0.282021 0
-2.76714 31.7432 0.6734 1.94517 4.28739 1.50824 156069 0 -1.22342 0.276708 0
5.88271 6.66773 0.621736 0.596486 0.651884 1.0393 119124 0 -1.46342 0.275926 1
-62.2133 5.61635 4.23079 2.12498 4.73968 1.79861 117507 0 -1.40948 0.275209 0
48.1524 -1.82165 -0.83682 0.832826 0.873341 1.77956 107088 0 0.284913 0.275027 1
-7.21188 35.9699 0.78095 2.0309 4.55169 1.5818 162139 0 -1.22516 0.273185 0
-5.59739 40.4677 1.01458 1.99575 4.50477 1.67027 168696 0 -1.20259 0.273146 0
33.832 67.7598 -0.509552 1.70214 3.85459 1.55064 208599 0 -1.49915 0.269227 0
8.41748 69.2398 -0.255662 2.04962 4.49946 1.56721 210860 0 -0.888661 0.268214 0
4.2617 44.6399 0.319265 1.72307 3.42645 1.57544 174811 0 -1.94216 0.266162 0
1.86229 42.3098 0.289345 2.16853 5.08995 1.65468 171527 0 1.93606 0.265662 0
6.29054 9.20782 0.869098 0.850693 1.02924 1.71458 122869 0 -1.24462 0.264635 1
-43.7037 1.54999 3.4503 0.867831 1.1066 1.71832 111481 0 -1.34406 0.264631 1
36.3089 34.4196 -0.0998257 2.06401 4.77179 1.70124 159935 0 -1.50341 0.264386 0
48.1213 -2.00777 -0.824283 0.836491 0.880625 1.78829 106620 0 0.195818 0.263799 1
-57.1997 16.2046 3.46257 0.807106 0.794556 1.64596 132967 0 -1.16035 0.261757 1
63.9106 11.7674 -1.90935 1.87812 4.1508 1.55392 126793 0 -1.34008 0.259319 0
35.2739 -3.64457 0.014297 0.883005 0.946492 1.70586 104240 0 0.345827 0.258408 1
-5.60291 39.5162 1.01335 1.99175 4.59028 1.62517 167292 0 -1.07775 0.256843 0
39.2139 -4.99731 -0.424398 1.90376 4.16946 1.52907 102380 0 -3.09502 0.255953 0
33.4524 22.6366 0.0776968 1.97206 4.51705 1.79267 142610 0 1.72336 0.255504 0
51.3143 -4.0806 -0.934458 0.955569 1.03792 1.82109 103822 0 -1.79534 0.25482 1
-7.82328 35.378 0.822409 1.98943 4.55739 1.54869 161201 0 -1.16247 0.252645 0
-53.6304 50.6812 2.37336 2.41428 5.53553 2.03767 183522 0 0.236641 0.251798 0
-44.589 31.2496 2.90176 2.10402 4.73057 1.83379 155002 0 1.77672 0.251752 0
-1.88858 33.2154 0.652132 0.838519 0.890098 1.62047 157944 0 -1.398 0.251625 1
-17.7852 56.1795 1.49053 1.91399 4.23878 1.56393 191590 0 -1.04558 0.251592 0
1.78151 10.0181 0.705176 2.01834 4.58712 1.49074 124259 0 -1.27681 0.251479 0
-62.9569 35.2829 3.61656 2.01784 4.36113 1.69869 161029 0 2.09793 0.251162 0
-43.0747 31.1566 2.662 2.13166 4.87467 1.77943 155007 0 1.93316 0.248688 0
-45.6665 3.87267 3.34574 0.863459 0.952355 1.64948 115219 0 2.27414 0.248551 1
-63.7714 35.303 3.75018 2.36343 5.49422 1.9517 161026 0 1.97994 0.247794 0
6.28178 9.34027 0.853044 0.812445 0.938546 1.71348 123337 0 -1.27924 0.245766 1
29.2576 29.3391 0.129323 1.95993 4.44487 1.57916 152425 0 -1.45403 0.244866 0
9.72252 69.8548 -0.081978 2.1392 4.96233 1.7018 211800 0 0.349783 0.243875 0
63.5428 8.90752 -1.6472 2.09394 4.62734 1.6315 122580 0 -1.28637 0.242684 0
-3.30055 31.7704 0.75548 2.03364 4.63118 1.59067 156067 0 1.31271 0.242111 0
68.6352 23.954 -1.28227 0.853864 0.921412 1.79535 144592 0 1.65093 0.241548 1
-66.741 24.7913 3.69147 1.99857 4.42643 1.65732 145573 0 1.97056 0.240807 0
27.412 29.8792 0.161827 2.10296 4.83453 1.69456 153355 0 1.51441 0.239814 0
5.88158 6.77261 0.592869 0.59869 0.679793 1.01653 119592 0 -1.55031 0.239777 1
-50.3734 30.8809 3.14944 2.50028 5.87915 2.18537 154516 0 -1.34977 0.239192 0
27.9324 23.6285 -0.0191633 1.89491 4.3454 1.5266 143997 0 -1.40493 0.238997 0
-6.58594 65.4859 0.970915 2.01867 4.64573 1.58064 205197 0 -1.28146 0.237953 0
-45.9051 25.8353 2.59991 1.67855 3.68179 1.4902 147042 0 1.80838 0.236481 0
-48.7682 29.2556 2.86012 2.03537 4.50435 1.65186 152181 0 -2.90895 0.235504 0
50.8505 -4.28986 -0.792768 0.978363 1.01826 1.82258 103352 0 -1.5629 0.235185 1
12.6467 31.9596 0.458996 2.09655 4.67672 1.66224 156117 0 -1.16551 0.234582 0
-46.8634 6.8914 3.39859 0.960874 1.06873 1.79711 119427 0 -1.26318 0.233601 1
50.827 12.8917 -1.41993 1.74443 3.79868 1.48209 128624 0 1.66136 0.231253 0
7.89146 68.7296 -0.255788 2.04687 4.66878 1.57846 209922 0 -1.28924 0.225985 0
-8.10742 66.0788 0.983446 2.23453 5.23833 1.7893 206128 0 1.87415 0.225905 0
63.5542 12.285 -1.99462 1.90665 4.19909 1.5454 127728 0 -1.39134 0.225587 0
46.8028 -3.03568 -0.632156 0.905661 0.92939 1.82139 105212 0 2.2223 0.225389 1
-11.0988 59.6026 1.13932 2.11407 4.68691 1.68026 196759 0 2.03862 0.225051 0
-54.9291 49.6996 2.33014 2.20965 4.7364 1.75184 182114 0 -0.923938 0.224775 0
-67.3647 23.5314 3.83555 2.01542 4.45713 1.67739 143699 0 -1.28568 0.224375 0
35.3016 67.9857 -0.407425 2.45465 6.18543 2.04566 209072 0 -1.49427 0.223429 0
-5.90366 40.1683 1.02247 2.01528 4.57245 1.64365 168227 0 -1.10411 0.222506 0
-17.8395 56.4162 1.50671 1.9949 4.36817 1.58917 192058 0 -2.62423 0.22126 0
-1.47631 47.4907 0.719025 1.91147 4.35052 1.71103 179005 0 -1.1454 0.22012 0
-11.0196 59.1007 1.12867 2.10458 4.69789 1.68724 195823 0 2.0105 0.220109 0
33.6712 62.1576 -0.438583 2.20422 5.13735 1.76831 200643 0 -1.43073 0.219533 0
-4.95203 39.8232 1.00562 0.830195 0.9291 1.65923 167762 0 -1.01984 0.218778 1
-52.9498 51.3908 2.4787 0.827314 0.794103 1.74965 184460 0 -0.719503 0.217885 1
-57.3267 16.1923 3.51463 0.806881 0.797225 1.66055 132966 0 -1.25045 0.216441 1
26.5079 21.0197 0.0383251 1.65277 3.36972 1.47534 140248 0 -1.41717 0.216029 0
-55.1994 21.5997 3.73216 2.117 4.60786 1.84172 140929 0 1.94548 0.215078 0
-67.0309 24.4932 3.7438 1.98062 4.36229 1.65491 145104 0 1.934 0.214073 0
34.0387 22.8336 0.0751314 2.06326 4.74891 1.79038 143080 0 1.72776 0.213599 0
-48.4187 23.9075 3.10569 2.19976 5.07961 1.8684 144226 0 1.88889 0.212787 0
-44.0417 31.7762 2.87849 2.04093 4.4006 1.77512 155940 0 1.98612 0.211983 0
-6.91255 35.3931 0.776692 1.96761 4.46561 1.55934 161204 0 -1.2055 0.211965 0
-2.71826 31.3108 0.677023 1.84354 3.93954 1.47499 155133 0 1.7689 0.211686 0
46.5213 -3.285 -0.592232 0.886883 0.918407 1.79935 104743 0 2.31288 0.211471 1
-1.21252 34.0221 0.545904 1.65225 3.44598 1.40386 159350 0 -1.10416 0.211171 0
-2.67535 47.5546 0.719099 2.17092 4.7116 1.79225 179001 0 -1.24945 0.210402 0
-67.6418 23.5309 3.91032 2.15439 4.80708 1.77679 143698 0 -1.60336 0.209895 0
9.74852 69.352 -0.093177 1.85998 4.03684 1.49318 210864 0 -0.201023 0.209322 0
14.8973 74.3791 -0.47736 2.07628 5.08985 1.51676 218368 0 0.112224 0.20831 0
53.6 17.4404 -1.24713 2.01276 4.53305 1.59492 135185 0 -3.07456 0.208249 0
-60.9558 4.29836 4.04658 1.89888 4.224 1.57317 115639 0 0.164503 0.208103 0
-5.89217 39.2252 1.04772 2.03437 4.5561 1.60778 166823 0 -1.12481 0.208069 0
28.0301 29.3546 0.188686 1.89006 4.36156 1.52287 152421 0 -1.49365 0.207042 0
-6.85184 -9.16591 0.993092 0.71073 0.735932 1.14835 96152 0 -3.09253 0.206737 1
-5.28094 39.8328 1.01622 1.76008 3.60708 1.63973 167761 0 -1.09869 0.205638 0
27.648 24.0254 0.0287094 1.98289 4.44764 1.54362 144932 0 -1.42695 0.203573 0
27.725 29.3602 0.17852 1.87967 4.32545 1.54927 152420 0 1.00257 0.2034 0
-54.1668 50.0681 2.30418 2.08301 4.498 1.7274 182584 0 -0.183722 0.202164 0
32.5602 61.9948 -0.405397 1.59797 3.3251 1.55837 200171 0 -1.45762 0.201583 0
-67.6429 23.8286 3.91011 2.17775 4.86447 1.78561 144166 0 -2.30382 0.200978 0
64.4392 16.1013 -1.55977 2.06309 4.59529 1.75409 133347 0 -1.37811 0.200089 0
-57.8561 4.90482 3.77884 1.90284 4.10469 1.49767 116585 0 0.157009 0.200067 0
51.3436 13.1861 -1.38888 2.10777 4.77293 1.6378 129094 0 1.57722 0.199362 0
-6.34997 21.3345 1.00552 1.72764 3.77145 1.50774 140614 0 1.9374 0.198311 0
-46.5838 6.59234 3.38942 0.861757 1.01124 1.75431 118960 0 -1.23821 0.198228 1
-18.6803 56.2018 1.47379 2.04982 4.71529 1.58718 191587 0 2.15691 0.197915 0
26.7739 20.7734 0.0414365 1.74623 3.87776 1.5119 139781 0 -1.3643 0.196787 0
-67.3414 24.1445 3.83781 2.02926 4.46881 1.694 144635 0 1.77497 0.196551 0
-1.8531 33.3802 0.629668 0.975754 1.29356 1.59016 158412 0 -1.40911 0.196022 1
46.5584 -2.80264 -0.683059 0.901089 0.935544 1.81777 105679 0 2.08191 0.195358 1
11.0256 30.4236 0.691067 2.42373 5.67768 1.98771 154240 0 -1.13507 0.194722 0
-11.9315 59.4338 0.991434 2.07518 4.67403 1.69845 196288 0 2.02441 0.194457 0
-47.2276 23.8278 2.86901 2.21316 5.14774 1.88103 144230 0 1.95255 0.19319 0
-57.8527 4.05581 3.91488 1.93811 4.18948 1.55798 115181 0 0.0937701 0.192909 0
38.9214 -5.27239 -0.384067 1.98277 4.38787 1.58959 101911 0 -3.00322 0.191642 0
45.7999 -1.5092 -0.665092 0.841719 0.871212 1.76636 107549 0 -1.35193 0.191618 1
52.255 16.4095 -1.23398 1.91075 4.31012 1.56197 133777 0 1.67254 0.191421 0
7.12982 65.0891 -0.202174 1.91746 4.29912 1.49548 204772 0 -0.845316 0.190935 0
-7.48606 26.0558 1.03708 0.769195 0.757731 1.56664 147630 0 -0.45098 0.190787 1
-58.3688 3.73375 4.02794 2.07942 4.63267 1.68085 114711 0 0.212507 0.190271 0
32.5177 23.1396 0.0613553 1.86616 4.27208 1.59718 143543 0 1.74604 0.190263 0
24.743 -11.9451 0.790976 0.785333 1.09295 1.72849 92039 0 2.10315 0.189419 1
-45.6664 26.6549 2.69416 1.97213 4.31829 1.63522 148447 0 2.16086 0.189257 0
-23.7478 30.8849 1.86476 2.27707 5.55287 1.7073 154599 0 -1.2488 0.189017 0
64.753 15.5274 -1.37034 2.28287 5.39783 1.93807 132412 0 -1.32371 0.188996 0
62.9937 9.36632 -1.61684 1.63337 3.4521 1.44185 123514 0 -1.35474 0.188951 0
33.4404 22.0093 0.0852225 0.844857 0.975939 1.73806 141674 0 1.68913 0.188661 1
28.6365 29.0164 0.189031 1.85329 4.14948 1.48655 151955 0 -1.44488 0.188037 0
48.3793 -1.80793 -0.843818 0.850538 0.897448 1.76006 107089 0 -2.99449 0.187916 1
-65.1151 26.7932 3.65163 1.9413 4.26126 1.61931 148386 0 2.00965 0.18737 0
62.9133 12.3211 -2.09839 1.89997 4.18865 1.54302 127726 0 -1.41771 0.186564 0
43.753 17.6729 -0.790028 1.88476 4.06848 1.47822 135622 0 -1.45182 0.186461 0
8.4502 65.4723 -0.228068 1.96832 4.44658 1.50606 205244 0 0.423513 0.186405 0
63.2412 12.0572 -2.0452 1.8922 4.1866 1.56419 127259 0 -1.39904 0.186294 0
32.5216 19.7951 0.00836125 2.09163 4.75462 1.79379 138395 0 1.69659 0.186166 0
35.1058 -3.47546 -0.0265849 0.919392 0.923541 1.6788 104707 0 1.38642 0.186153 1
33.8069 23.4885 0.0744228 0.847699 0.943498 1.7017 144015 0 1.74826 0.185173 1
-19.0039 9.38632 0.744997 0.817251 1.48924 1.69899 123258 0 1.36007 0.185167 2
69.2844 11.3833 -2.03321 1.93698 4.2834 1.55181 126342 0 1.43368 0.184428 0
-43.9765 30.9593 2.72405 1.96446 4.41914 1.73108 154536 0 1.78243 0.183774 0
-4.72971 39.8326 0.99999 0.790003 0.777831 1.69731 167763 0 -0.862228 0.183629 1
-44.6238 27.08 2.59201 1.96121 4.27598 1.5998 148918 0 -2.97628 0.183538 0
43.0335 -0.927429 -0.476534 0.827567 0.902902 1.68569 108476 0 1.43186 0.183502 1
-10.1467 59.3072 1.18627 2.0929 4.86485 1.67975 196294 0 2.04646 0.183044 0
-53.8723 51.0137 2.48296 2.48819 5.75846 2.11708 183989 0 0.0337195 0.182757 0
-46.6121 6.87054 3.38909 0.953476 1.13578 1.81983 119428 0 -1.19651 0.18258 1
-43.0266 32.4764 3.08466 2.13188 4.6646 1.78771 156879 0 -3.07189 0.18243 0
12.8867 32.7234 0.445301 2.07232 4.65349 1.65398 157522 0 -1.13421 0.181943 0
-64.8644 27.29 3.54941 1.91389 4.1995 1.59985 149323 0 2.06175 0.181931 0
50.7248 -3.08762 -1.08944 0.870605 0.903541 1.73167 105224 0 -1.51309 0.1814 1
-49.4858 30.5922 2.97035 1.93604 4.19423 1.57977 154051 0 -1.43862 0.180596 0
63.9076 15.5817 -1.65952 1.96746 4.32431 1.64274 132409 0 -1.33365 0.180549 0
63.5419 16.1326 -1.6449 1.97041 4.4057 1.63832 133344 0 -1.32188 0.180071 0
-54.9112 21.8957 3.73508 2.11382 4.59049 1.83238 141398 0 1.96732 0.180052 0
10.0075 69.5942 -0.0402064 2.06214 4.66953 1.6255 211333 0 0.384179 0.179935 0
45.6833 -2.59003 -0.480008 0.879717 0.923496 1.82787 105676 0 1.99602 0.179838 1
-44.0055 1.94749 3.38366 0.814699 1.47444 1.58751 112416 0 -1.26753 0.179493 1
-5.02238 40.4627 0.957332 1.98351 4.48414 1.70072 168698 0 -1.17498 0.179489 0
51.6068 -4.02643 -1.03862 0.80044 0.898907 1.72667 103823 0 -2.20539 0.179362 1
-68.0098 19.3684 3.80491 0.846788 0.831563 1.63212 137613 0 -1.73307 0.179078 1
-22.3295 30.2516 1.83193 2.09577 4.71057 1.63221 153668 0 -1.16383 0.179 0
-2.01457 33.8047 0.660888 1.83985 3.89148 1.68247 158879 0 -1.28189 0.178738 0
14.2011 -9.76911 0.827645 0.819396 1.13833 1.71047 95282 0 -1.66739 0.178576 1
50.7277 -3.32552 -1.05718 0.856026 0.9061 1.72166 104756 0 -1.67456 0.178566 1
15.8655 26.8516 0.600698 2.07992 4.66293 1.67895 148639 0 1.93614 0.178461 0
-45.3456 26.0718 2.6128 1.66579 3.57685 1.46996 147512 0 1.91566 0.178399 0
-67.0478 24.1659 3.70577 1.95255 4.26128 1.62479 144636 0 -1.93529 0.177229 0
26.5103 18.0966 0.121269 1.75607 3.64649 1.46375 136036 0 -1.37828 0.1771 0
-2.319 34.1242 0.663235 2.18612 5.08656 1.73978 159346 0 -1.21128 0.176925 0
-63.6294 29.591 3.68596 1.89689 3.72576 1.56345 152603 0 2.05613 0.176645 0
-8.80003 36.0051 1.08475 2.05023 4.56634 1.5913 162134 0 -0.990707 0.175563 0
-19.3345 9.39332 0.757991 0.810017 1.20482 1.68667 123257 0 0.922259 0.175292 2
33.1437 25.8708 -0.0225695 1.86971 4.16923 1.61311 147289 0 1.33294 0.175065 0
-8.47751 35.9971 1.02002 2.07214 4.64434 1.60071 162135 0 -1.22722 0.174637 0
33.3693 20.2133 0.0240451 2.34896 5.42863 1.91045 139334 0 1.71652 0.173522 0
-43.0261 30.6141 2.67142 2.05457 4.58715 1.70361 154071 0 1.9276 0.173475 0
69.5803 11.6641 -1.98845 1.94836 4.31834 1.5611 126811 0 1.66648 0.173239 0
-47.8332 23.5995 2.93971 2.04077 4.56179 1.74729 143760 0 1.9445 0.172857 0
15.1349 74.3843 -0.412178 2.137 5.25904 1.55792 218369 0 0.540014 0.171234 0
33.4424 22.2345 0.059518 0.980921 1.35075 1.76625 142142 0 1.70551 0.171158 1
-9.24123 30.4518 1.12585 2.19902 5.33081 1.79959 154177 0 -1.20156 0.170478 0
-55.4901 21.3131 3.70823 2.22434 4.9618 1.91636 140460 0 1.87045 0.170213 0
45.6652 -1.63428 -0.588209 0.799486 0.83156 1.73469 107080 0 1.46455 0.169917 1
62.882 16.1758 -1.7774 1.96586 4.36311 1.62565 133342 0 1.46718 0.169151 0
-67.0719 23.8468 3.71782 1.95238 4.26587 1.63036 144168 0 -1.42712 0.168792 0
-4.98106 40.1344 0.978073 1.65029 2.92526 1.67156 168230 0 -1.12469 0.168668 0
-46.864 6.61226 3.41712 0.889679 0.988163 1.74315 118959 0 -1.28075 0.168501 1
-42.4271 31.171 2.68213 2.09663 4.81189 1.7688 155009 0 -1.74964 0.167964 0
-63.5349 34.453 3.34917 1.90346 3.96148 1.62936 159623 0 1.93758 0.166872 0
-57.1848 16.3759 3.44613 0.80141 0.778515 1.67722 133435 0 -1.22268 0.165882 1
-18.7876 9.36774 0.644603 0.777275 0.93018 1.66909 123259 0 1.38658 0.165627 1
-46.8746 7.14921 3.31357 1.03205 1.28891 1.79909 119895 0 -1.19322 0.163882 1
-44.9081 31.7996 2.98341 2.30381 5.31385 2.01666 155937 0 1.85124 0.163269 0
-18.0719 55.895 1.4337 1.85889 4.08264 1.52648 191121 0 -0.345553 0.16241 0
-16.1303 45.3039 1.40416 0.838493 0.948018 1.62516 175683 0 -1.08283 0.162307 1
8.22231 65.461 -0.206768 1.98664 4.45417 1.51089 205243 0 0.137087 0.162197 0
-52.9601 51.6111 2.51656 0.990672 1.09436 1.78804 184928 0 -1.14844 0.161523 1
32.489 -4.04374 0.0617241 0.847808 0.82912 1.29612 103763 0 1.72079 0.161049 1
8.75602 69.2812 -0.230605 1.95678 4.21053 1.5423 210861 0 -0.621129 0.160563 0
-54.5706 21.2781 3.4941 2.14964 4.71403 1.86885 140463 0 1.89961 0.160545 0
51.3918 15.9076 -1.09323 2.15344 5.18434 1.76304 132838 0 1.55814 0.159567 0
45.3615 9.02618 1.50959 0.780138 0.838585 1.73689 122991 0 2.88482 0.159128 1
35.6609 34.1815 -0.0430213 1.86721 4.33194 1.63001 159465 0 1.60942 0.158984 0
-55.7528 4.21551 3.9514 1.83593 4.0121 1.50114 115655 0 0.230903 0.158849 0
-53.3858 50.131 2.31522 2.13821 4.61181 1.78306 182587 0 0.368101 0.158811 0
-2.28686 33.1765 0.706057 0.817413 0.825316 1.64873 157942 0 -0.182328 0.158425 1
-18.4166 55.8827 1.45794 1.89881 4.25838 1.53951 191120 0 1.39145 0.157802 0
-48.4304 30.5626 2.87214 2.03868 4.63573 1.58062 154054 0 0.0447991 0.157337 0
-49.5017 31.1608 2.99854 2.00677 4.35394 1.62729 154987 0 -1.12535 0.157134 0
-6.62348 35.959 0.78636 2.02573 4.58974 1.60897 162141 0 -1.20578 0.157059 0
64.4814 15.2569 -1.45183 2.1882 5.05935 1.84432 131943 0 -1.31281 0.156236 0
45.7156 -3.3183 -0.558709 0.900245 0.95667 1.8316 104740 0 2.58673 0.156233 1
33.737 23.1472 0.0902688 1.97647 4.13372 1.71785 143547 0 1.716 0.155991 0
-54.575 49.7299 2.30913 2.0325 4.32534 1.66371 182115 0 -0.67052 0.155713 0
69.8911 11.3796 -1.91834 1.98389 4.41313 1.58689 126344 0 1.59468 0.155598 0
39.4805 -4.69804 -0.520245 1.88406 4.09124 1.51301 102849 0 3.02577 0.15547 0
33.514 67.965 -0.479299 1.89865 4.23002 1.60026 209066 0 -1.5125 0.154894 0
32.1807 16.5994 -0.109406 1.9488 4.32107 1.55214 133714 0 1.75944 0.154599 0
8.59642 24.5632 0.451467 2.11655 4.95057 1.5755 145340 0 -1.24861 0.154272 0
34.0039 23.4997 0.0922379 0.896543 0.994616 1.70002 144016 0 1.69384 0.154144 1
31.4896 -3.62691 0.174724 0.847207 0.831219 1.31874 104228 0 1.65758 0.154116 1
-54.8975 22.5462 3.73558 2.16217 4.74017 1.82567 142334 0 1.9712 0.153888 0
-63.8466 29.3918 3.63118 1.98685 4.10618 1.62084 152134 0 1.98058 0.153825 0
9.17898 69.8645 -0.160382 2.20033 5.0226 1.71418 211798 0 -0.00558297 0.153617 0
42.84 -1.08902 -0.494997 0.853143 0.902333 1.68998 108007 0 1.77448 0.152838 1
64.0437 9.14729 -1.63009 2.28587 5.43135 1.81765 123050 0 -1.35228 0.152593 0
24.7506 -11.7595 0.784228 0.787472 1.05021 1.71619 92507 0 2.3741 0.152521 1
-18.7229 55.8583 1.47098 1.97834 4.44638 1.54985 191119 0 1.85143 0.152369 0
48.3785 -2.01049 -0.826235 0.853668 0.906424 1.7781 106621 0 -2.62442 0.152315 1
-48.1833 31.1896 2.78252 1.99778 4.6614 1.60068 154991 0 0.121334 0.152231 0
-8.79671 36.2828 1.12034 2.07575 4.64422 1.63661 162602 0 0.959342 0.151675 0
-49.3719 18.521 3.10937 2.13718 4.77952 1.85459 136267 0 1.89835 0.151647 0
69.278 11.0746 -1.9718 1.97898 4.30265 1.57337 125874 0 1.13701 0.15163 0
-60.6482 4.60944 3.93437 1.88713 4.11429 1.5268 116108 0 -0.0548639 0.151561 0
-9.0746 36.0013 1.15659 2.09752 4.74367 1.63188 162133 0 1.63655 0.150602 0
-67.0657 23.2256 3.76445 1.9725 4.30974 1.66365 143232 0 -1.22855 0.150445 0
68.4481 24.1194 -1.26986 0.864143 0.96549 1.80806 145059 0 1.61973 0.149872 1
-58.6336 4.02354 4.07115 2.09625 4.71794 1.69695 115178 0 0.25254 0.149743 0
-60.6801 4.02569 4.03167 2.01689 4.50652 1.67565 115172 0 0.0709127 0.149697 0
26.7991 23.6208 0.0710883 1.70777 3.77902 1.45598 143993 0 -1.41967 0.149685 0
12.1035 32.4637 0.503117 2.21587 5.2219 1.73394 157051 0 -1.15092 0.149247 0
63.8449 12.5476 -1.98342 1.94537 4.29556 1.56903 128197 0 -1.37402 0.149017 0
-8.25148 -4.76401 1.33381 1.86715 3.80217 1.56127 102700 0 0.00303698 0.148951 0
-8.16031 36.275 0.982184 2.07068 4.63739 1.61631 162604 0 -1.19074 0.148687 0
-28.9683 64.4355 1.56023 2.4037 5.57712 1.98224 203723 0 -1.11827 0.148211 0
46.8043 -3.2814 -0.588615 0.911084 0.942653 1.79941 104744 0 2.24516 0.148053 1
51.3782 -3.77263 -1.01983 0.86492 1.03611 1.75124 104290 0 -2.0837 0.147106 1
69.2598 7.5248 -1.69393 1.93304 4.28314 1.63315 120726 0 1.60671 0.146966 0
-8.11115 35.1038 0.917278 1.96809 4.39392 1.53349 160732 0 -1.13338 0.146958 0
7.59829 69.2467 -0.178498 2.29041 5.53988 1.78317 210857 0 -1.13978 0.146925 0
-62.6389 34.7553 3.53971 1.73496 3.66632 1.52481 160094 0 2.02959 0.146222 0
-55.8226 21.8979 3.78572 2.43176 5.7615 2.17297 141395 0 1.94572 0.146004 0
69.282 11.9427 -2.02558 1.96471 4.29743 1.60129 127278 0 1.79041 0.14589 0
-61.6222 5.3403 4.10603 1.97522 4.31404 1.66901 117041 0 -1.43334 0.145628 0
63.2582 9.62357 -1.70302 1.84581 3.97495 1.51285 123983 0 -1.4159 0.145596 0
3.79996 48.1221 0.459582 2.23463 5.5602 2.03733 179957 0 1.95377 0.1455 0
15.4112 37.0635 0.380072 1.78525 3.82323 1.63284 163614 0 -1.04208 0.145493 0
-66.4549 25.0561 3.73319 2.00071 4.38445 1.65906 146042 0 2.02212 0.145449 0
63.2111 12.5799 -2.01869 1.94687 4.31027 1.56087 128195 0 -1.36254 0.145107 0
13.6271 -11.1268 1.19817 0.812885 0.789951 1.78392 93408 0 -1.54826 0.144894 1
33.0318 41.0794 0.846641 0.788836 0.848611 1.74244 169753 0 1.10744 0.144395 1
62.5744 16.4399 -1.83456 1.98061 4.30502 1.61984 133809 0 1.66302 0.144303 0
16.1632 27.9284 0.540029 2.06973 4.73917 1.62962 150512 0 1.87198 0.144257 0
-45.3178 25.7895 2.56851 1.51821 3.31953 1.45899 147044 0 1.83161 0.143476 0
-62.9201 34.4782 3.46758 1.69001 3.64412 1.5154 159625 0 2.00085 0.14347 0
-9.81886 58.7385 1.11924 2.04696 4.78392 1.71483 195359 0 1.87525 0.143188 0
-45.7959 3.87849 3.31922 0.893292 0.967254 1.64759 115218 0 2.71523 0.143139 1
-2.29975 33.3621 0.694068 0.870112 0.950991 1.66945 158410 0 -1.05 0.14305 1
68.9557 7.82604 -1.59648 1.88176 4.12246 1.6394 121193 0 1.58849 0.142663 0
45.8469 -2.64581 -0.519555 0.877348 0.939977 1.83371 105677 0 2.18071 0.142261 1
-65.7076 23.5341 3.56684 0.875183 0.966602 1.74255 143704 0 2.18726 0.141864 1
69.2793 10.7388 -1.86287 1.96257 4.22378 1.58332 125406 0 0.690658 0.14075 0
-53.5953 52.008 2.59646 2.11498 4.59135 1.8072 185394 0 -1.04135 0.140644 0
9.33528 25.0097 0.431411 1.92888 4.37725 1.5159 146279 0 -1.14136 0.140071 0
69.2907 10.0869 -1.68366 1.99425 4.35872 1.63408 124470 0 0.355425 0.139824 0
64.1675 16.4067 -1.67337 1.98428 4.3919 1.67756 133814 0 -1.3873 0.139759 0
-6.52876 40.5132 0.911029 1.94136 4.3602 1.58274 168693 0 -0.838238 0.139374 0
-2.71234 48.0999 0.725171 2.23346 4.96325 1.83848 179937 0 -1.1234 0.139202 0
28.0336 29.0153 0.191651 1.78575 4.02608 1.46707 151953 0 -1.51605 0.139125 0
45.9292 -3.59559 -0.575933 0.909369 0.956422 1.83524 104273 0 1.93158 0.138985 1
-2.14822 31.4654 0.57066 1.82539 3.9543 1.39318 155603 0 -0.935127 0.138827 0
-18.7383 55.5608 1.47101 1.92567 4.20982 1.52604 190651 0 1.19167 0.1383 0
-48.4829 7.21577 3.59112 2.12455 4.5852 1.82489 119890 0 1.84586 0.138203 0
46.8241 -2.78798 -0.755002 0.897504 0.945832 1.82689 105680 0 2.11355 0.138195 1
62.2774 16.1584 -1.76408 1.97099 4.38076 1.64304 133340 0 1.60421 0.13802 0
-6.24622 40.7416 0.959256 1.94684 4.35123 1.62797 169162 0 -1.08297 0.137931 0
-64.4976 26.7435 3.45273 1.96222 4.35023 1.63965 148388 0 2.04578 0.137579 0
-8.71669 19.9283 1.03566 0.762482 0.789504 1.5363 138734 0 -0.402829 0.137302 1
-53.5997 51.6586 2.55932 2.14677 4.69958 1.87976 184926 0 -0.572043 0.137276 0
63.2178 15.893 -1.70386 2.04935 4.65531 1.63777 132875 0 -1.21861 0.13723 0
32.8942 41.0821 0.868677 0.788751 0.894878 1.74019 169752 0 1.14494 0.137218 1
-61.2894 5.58359 3.92124 1.89451 4.31012 1.60305 117510 0 -1.08536 0.137136 0
63.1795 16.4389 -1.703 2.0091 4.48103 1.63165 133811 0 -1.30252 0.136846 0
-6.55666 40.7627 0.92497 1.97653 4.47328 1.61183 169161 0 -0.186874 0.136412 0
-1.75391 46.942 0.714477 1.90898 4.23707 1.66719 178068 0 -1.21577 0.136233 0
14.5414 -10.9701 0.846144 0.847015 0.908497 1.70694 93411 0 -1.15029 0.136115 1
46.2387 -2.80038 -0.570122 0.841842 0.918725 1.79322 105678 0 2.21835 0.135724 1
-42.7439 30.6075 2.70639 2.02214 4.35092 1.69235 154072 0 1.22946 0.135723 0
-67.3435 22.9183 3.90325 2.0273 4.49076 1.71966 142763 0 -1.19385 0.135246 0
8.81854 69.5731 -0.206797 2.14488 4.74272 1.63453 211329 0 -0.39289 0.135203 0
-43.4589 1.49741 3.34966 0.811523 1.10202 1.57011 111482 0 -1.22532 0.134892 1
51.0839 16.4297 -0.774992 2.38065 5.84046 2.05483 133773 0 1.57483 0.13488 0
63.7597 9.64983 -1.7211 2.15399 4.94378 1.68856 123985 0 -1.42306 0.134816 0
-44.1833 1.81541 3.34751 0.900597 1.26185 1.58791 111947 0 -1.36917 0.13443 1
-54.8814 21.0121 3.59047 2.16906 4.77019 1.84636 139994 0 1.85931 0.134366 0
6.45245 9.36327 0.85066 0.823056 1.27641 1.76091 123338 0 -1.30205 0.13422 1
15.1223 74.118 -0.383558 1.99445 4.52544 1.51716 217901 0 -0.338632 0.134199 0
-58.0642 5.21658 3.84749 2.00689 4.35131 1.5831 117052 0 0.122301 0.134174 0
-49.7663 30.3128 2.99674 2.15767 4.65038 1.72282 153582 0 -1.63834 0.134116 0
-43.0802 31.4372 2.70933 2.17502 4.81773 1.79263 155475 0 2.21089 0.134116 0
-6.2253 38.8941 1.03173 2.03713 4.55366 1.61245 166354 0 -1.17204 0.133757 0
-1.1533 46.5689 0.697818 0.720454 0.76006 1.71973 177602 0 -1.01275 0.133717 1
45.3563 8.90195 1.46239 0.776495 0.775824 1.75194 122523 0 0.666248 0.133282 1
-15.8879 45.3079 1.41446 1.10704 1.48238 1.62681 175684 0 -0.871815 0.133151 1
19.353 34.0476 0.509574 2.09291 4.62923 1.82214 159414 0 2.11325 0.133123 0
-43.6404 30.6211 2.65494 2.00331 4.33084 1.71517 154069 0 1.89237 0.13306 0
-43.7778 1.96474 3.40237 0.845486 1.42475 1.62031 112417 0 -1.3415 0.13266 1
18.9829 33.1388 0.754788 0.811517 0.798493 1.89517 158009 0 1.94615 0.132483 1
39.773 -4.97122 -0.479534 1.92297 4.24773 1.54227 102382 0 2.89165 0.132365 0
28.6283 28.7067 0.159835 1.77765 3.93437 1.41878 151487 0 -1.43866 0.132271 0
13.5885 35.0008 0.248271 2.07257 4.77488 1.72003 160800 0 -1.10746 0.132177 0
24.5806 -11.9478 0.827091 0.816065 1.35573 1.73227 92038 0 2.95331 0.132118 1
-8.56256 19.7403 1.06346 0.904918 1.05929 1.54551 138267 0 0.171502 0.132039 1
68.6897 11.6713 -2.00007 1.99868 4.45044 1.6271 126808 0 1.60886 0.13202 0
-56.0415 3.69058 3.97428 2.13125 4.76679 1.6821 114718 0 0.263191 0.131535 0
-42.7465 32.1993 2.91149 2.04075 4.35782 1.69639 156412 0 -3.02547 0.131509 0
-1.41008 46.5729 0.706915 0.754757 0.864916 1.69117 177601 0 -1.11139 0.131495 1
45.4937 9.02061 1.72749 0.749633 0.788814 1.74495 122992 0 3.0359 0.131213 1
-67.626 24.4564 3.98726 2.23063 5.10037 1.8825 145102 0 1.97593 0.130895 0
-52.7398 51.3976 2.49148 0.823107 0.800542 1.77632 184461 0 -0.87166 0.130327 1
32.4195 17.3116 -0.103012 2.2195 4.99933 1.64058 135119 0 1.74576 0.130277 0
-47.1714 7.17104 3.32539 1.31745 1.80641 1.80392 119894 0 -1.40299 0.12998 0
35.6575 -3.74209 0.0225784 0.83679 1.01821 1.69256 104241 0 0.0529243 0.129797 1
54.8635 16.1346 -1.25915 2.07555 4.53815 1.64137 133317 0 1.58292 0.129641 0
-43.6933 -0.539482 3.43847 0.817877 0.864813 1.71845 108673 0 -0.546782 0.129621 1
-7.77618 65.5499 1.00826 1.95274 4.41188 1.61759 205193 0 1.84575 0.129494 0
-29.6164 64.7705 1.5464 2.19776 4.82977 1.85024 204189 0 1.6801 0.129396 0
14.875 74.7314 -0.299404 2.22161 5.61996 1.67541 218836 0 -0.369857 0.129391 0
-55.8104 3.11915 3.92937 2.20053 4.97433 1.8138 113783 0 0.226493 0.129368 0
68.857 24.1243 -1.25253 0.862643 1.31604 1.79899 145061 0 1.86989 0.129294 1
-2.1014 31.2496 0.552449 1.69273 3.83101 1.34382 155135 0 1.89016 0.128891 0
-67.9554 23.8297 3.97111 2.30083 5.30465 1.93982 144165 0 -1.72208 0.128879 0
28.9042 29.8037 0.140531 2.1544 4.81181 1.64625 153360 0 -1.41918 0.128683 0
-66.008 27.3822 3.74588 2.2031 5.0676 1.85791 149319 0 1.98353 0.128495 0
68.325 7.50681 -1.47955 1.91443 4.14361 1.65527 120723 0 1.65091 0.128367 0
-45.5765 25.5208 2.54274 1.28721 2.88831 1.4595 146575 0 1.78127 0.128256 0
62.559 -3.99821 -2.95757 2.03087 4.53482 1.74815 103857 0 -1.59256 0.128207 0
-53.2925 52.3167 2.62804 2.11582 4.73723 1.79035 185863 0 -1.12207 0.12798 0
-47.1523 6.89941 3.39546 1.12366 1.38098 1.80644 119426 0 -1.31893 0.127955 1
50.9863 -3.34553 -1.05698 0.884192 0.981588 1.73029 104757 0 -2.07825 0.127704 1
-66.4206 24.1971 3.53231 1.9982 4.3458 1.64201 144638 0 1.96808 0.127404 0
-67.3193 25.0622 3.90511 2.23936 5.1934 1.89479 146039 0 2.00822 0.12732 0
-0.159904 9.99228 0.646764 0.74601 1.31221 1.40651 124253 0 -1.20044 0.127255 2
45.5011 8.89933 1.46903 0.757037 0.745516 1.76654 122524 0 0.115795 0.127058 1
-44.912 27.3155 2.73016 2.18849 4.82346 1.72672 149385 0 -3.10596 0.126943 0
-44.6399 2.07116 3.21885 0.789443 0.859698 1.26693 112414 0 -1.26629 0.126687 1
16.7436 27.6403 0.507152 2.20356 5.02034 1.77505 150046 0 1.83973 0.126651 0
-61.2532 4.60743 4.11349 1.88285 4.13836 1.57744 116106 0 0.373626 0.126314 0
0.360748 36.5672 0.557033 1.58932 2.98381 1.47297 163099 0 2.04469 0.12627 0
43.2352 -1.08249 -0.494269 0.855436 0.931308 1.7244 108009 0 1.24491 0.126259 1
35.7084 -3.93017 0.0289732 0.851984 0.927822 1.72186 103773 0 0.0914242 0.126175 1
-57.337 16.3826 3.50049 0.817958 0.806982 1.69643 133434 0 -1.20859 0.125879 1
-47.8402 7.2051 3.44797 2.08468 4.37862 1.73411 119892 0 2.14958 0.125771 0
64.7338 11.739 -1.75041 2.06717 4.74686 1.67579 126796 0 -1.33712 0.125705 0
-47.4951 7.1925 3.3125 1.95043 3.52629 1.76814 119893 0 -1.86163 0.125664 0
33.8089 -2.97014 -0.158057 0.834267 0.860449 1.20253 105171 0 1.68132 0.125519 1
63.5265 17.7613 -1.58302 2.0708 4.66629 1.70681 135684 0 0.268692 0.125518 0
32.2126 22.9369 0.0100986 1.86701 4.2632 1.58419 143074 0 1.75378 0.12538 0
-49.7948 3.43991 3.79726 0.874778 0.931589 1.65641 114270 0 0.662857 0.125244 1
-66.7509 23.8488 3.61789 1.97909 4.33342 1.64561 144169 0 -1.73983 0.125223 0
-9.07729 35.7083 1.13531 2.06834 4.64378 1.61759 161665 0 1.20204 0.125096 0
-45.648 3.48325 3.44984 0.915806 0.965855 1.63714 114283 0 1.96684 0.125086 1
