-6.91113 -4.6631 1.24288 2.29168 5.13289 1.9034 102704 0 0.188056 0.952356 0
-17.3871 12.8953 1.8809 2.23825 4.90536 1.85208 128411 0 -1.16815 0.933036 0
13.2466 15.8869 0.839039 2.18243 4.82862 1.82482 132719 0 1.75313 0.931746 0
-32.74 8.12751 2.72906 2.2742 5.39623 1.89886 121343 0 2.21154 0.930902 0
-9.78915 16.7285 1.30476 1.96344 4.48663 1.49816 134051 0 -1.13043 0.926778 0
12.2704 12.4194 0.824728 2.04033 4.64503 1.5667 127568 0 1.75194 0.924645 0
-28.2798 24.5025 2.28151 2.10992 4.47975 1.71185 145225 0 -1.0685 0.903959 0
-31.5968 17.129 2.4662 2.27382 4.7348 1.90311 134451 0 -1.17389 0.901082 0
4.22675 17.6727 0.736793 2.08458 4.57202 1.51588 135499 0 -1.16505 0.892053 0
1.87969 12.4403 0.757709 2.11336 4.97849 1.47544 127535 0 -1.13663 0.890199 0
25.4697 14.0391 0.116958 1.96415 4.62098 1.56915 129949 0 -1.33999 0.881827 0
7.10987 22.2374 0.880203 2.00127 4.51428 1.74684 142060 0 -1.15487 0.880641 0
-14.9815 -3.38084 1.56597 2.08867 4.75768 1.57333 104551 0 0.123309 0.878544 0
13.8904 18.3933 0.768745 2.18092 4.8925 1.81926 136465 0 1.81551 0.878363 0
-10.9533 13.368 1.44571 1.93576 4.41387 1.63666 128899 0 1.96156 0.876652 0
-0.210953 36.9039 0.807835 1.97879 4.51708 1.56892 163565 0 2.08148 0.85903 0
-6.87721 24.3991 1.32603 2.07693 4.82721 1.74956 145292 0 1.97586 0.853054 0
-16.434 6.47324 1.63723 2.1601 4.97605 1.57131 119054 0 1.76812 0.84533 0
10.9829 29.6721 0.815286 2.15505 4.91545 1.92167 152836 0 -1.09338 0.844313 0
-8.76669 19.155 1.26933 1.99821 4.73896 1.51756 137330 0 1.98247 0.843676 0
-7.22291 21.7203 1.20619 1.97079 4.5855 1.52051 141079 0 1.99745 0.839417 0
3.96024 44.9053 0.62023 2.03053 4.71352 1.53652 175278 0 2.05172 0.833831 0
-16.0825 15.4014 1.62199 2.0836 4.77646 1.55247 132159 0 -1.22021 0.831582 0
-12.5486 -4.24886 1.46272 2.07235 4.63923 1.58534 103154 0 0.149162 0.830816 0
-36.995 16.2743 2.7013 2.01961 4.36498 1.69678 133030 0 2.06851 0.829596 0
14.5585 24.0783 0.81523 2.22277 5.0102 1.83592 144891 0 1.85612 0.82879 0
-4.0909 29.1867 1.23254 2.15906 4.77803 1.83996 152321 0 2.00151 0.826437 0
30.2015 13.185 0.102613 2.05029 4.69681 1.81286 129028 0 1.76842 0.826054 0
14.3191 21.2269 0.567023 2.02358 4.66764 1.51998 140678 0 1.84455 0.825887 0
3.59682 14.7678 0.753594 1.96575 4.39376 1.49345 131285 0 -1.17721 0.822956 0
8.74202 24.5242 0.592914 1.87148 4.33707 1.45669 145341 0 -1.08604 0.820943 0
-5.25925 26.7177 1.09926 2.01018 4.7423 1.50746 148573 0 1.96826 0.819657 0
-15.2721 17.8602 1.86605 2.35124 5.56042 1.93937 135438 0 -1.23788 0.819612 0
42.8049 13.1646 -0.710361 2.16445 4.73353 1.85931 129067 0 -1.43795 0.815256 0
5.55727 20.0731 0.896268 2.10014 4.81467 1.74594 138779 0 1.74525 0.809617 0
-9.79418 -4.73344 1.3461 1.94869 4.22127 1.61053 102695 0 0.130044 0.803779 0
-10.7542 28.0588 1.40108 2.0567 4.72225 1.56175 150428 0 -1.09413 0.799071 0
-38.813 6.96445 3.01575 2.02991 4.45881 1.55848 119452 0 -1.24033 0.798127 0
9.46229 27.0934 0.647344 1.86073 4.25208 1.46545 149087 0 -1.11497 0.782361 0
2.37656 42.0729 0.61478 1.94717 4.38112 1.51029 171061 0 2.03549 0.781671 0
-13.3318 22.7932 1.53358 1.95272 4.4815 1.52746 142932 0 -1.10872 0.780489 0
0.479225 39.9318 0.882241 2.02605 4.51964 1.8433 167779 0 2.06049 0.777645 0
-2.05337 34.3116 0.966673 2.12076 4.96564 1.64857 159815 0 -1.12934 0.750314 0
26.3545 17.1245 0.0759915 2.0219 4.69757 1.57278 134632 0 -1.3499 0.744766 0
-8.40339 17.6517 1.3232 0.826336 0.783538 1.66701 135459 0 2.08465 0.744448 1
-14.5414 20.5946 1.59819 2.00211 4.44636 1.54068 139652 0 -1.16314 0.742677 0
26.736 22.8644 0.0678012 1.95053 4.39345 1.49442 143057 0 -1.43096 0.734465 0
4.67962 47.7964 0.895803 2.04755 4.73656 1.80048 179492 0 2.03926 0.732041 0
14.8687 36.8888 0.499004 2.16656 5.04733 1.88648 163612 0 -1.0514 0.721307 0
-3.33067 31.869 0.891735 1.97928 4.50726 1.46844 156067 0 -1.21863 0.718772 0
31.5156 16.0726 -0.113637 2.09195 4.70011 1.63335 133244 0 1.79544 0.715639 0
-34.7771 21.6473 2.57346 2.06261 4.35787 1.72556 140993 0 -1.15438 0.715451 0
-9.76684 30.6387 1.51629 2.06352 4.75263 1.72574 154175 0 -1.1715 0.709983 0
46.8687 1.04794 -1.04932 0.8919 0.940636 1.70404 111296 0 -1.47564 0.708607 1
12.3167 32.0976 0.52769 2.11504 4.82854 1.6038 156584 0 -1.09141 0.702891 0
-49.7209 20.6442 3.4483 2.0746 4.62999 1.72252 139542 0 2.06919 0.700552 0
26.4074 20.0994 0.043048 1.9149 4.42836 1.53151 138844 0 -1.35325 0.699099 0
-23.507 31.4893 2.19549 2.34471 5.36339 1.81094 155536 0 -1.17781 0.696668 0
46.4874 -3.88377 -1.14733 0.823765 0.93147 1.77026 103807 0 2.62822 0.693659 1
-12.2637 25.829 1.5008 1.98785 4.56118 1.51679 147147 0 -1.15754 0.683818 0
62.541 7.13012 -1.85551 1.98839 4.40412 1.63634 120237 0 -1.39306 0.678618 0
-21.9338 36.6617 2.07327 2.36726 5.80939 1.79761 163029 0 -1.12396 0.669395 0
50.4141 11.0046 -1.57831 1.96442 4.40683 1.56176 125815 0 1.69389 0.63945 0
-26.4095 27.0697 2.17352 2.20269 5.19708 1.80838 148975 0 -1.13807 0.631446 0
28.6146 28.6235 0.255101 2.07431 4.63685 1.64518 151487 0 -1.36093 0.625898 0
34.3798 60.9344 -0.0738109 2.09088 4.72851 1.68279 198773 0 -1.38841 0.596557 0
31.8339 19.0273 -0.00323349 2.0673 4.5632 1.77497 137457 0 1.78608 0.573695 0
-5.63044 65.7715 1.4592 2.09238 4.76299 1.63282 205668 0 -1.16658 0.558299 0
44.5543 -4.85072 -0.840188 0.935046 0.998214 1.89198 102397 0 2.27932 0.555554 1
46.8876 0.913162 -1.04648 0.893231 0.927648 1.70925 110828 0 -1.72122 0.545271 1
-43.3625 32.5005 2.99701 2.34394 5.56942 2.05018 156878 0 -1.17214 0.541023 0
-64.1606 31.8463 3.93205 1.95759 4.31427 1.63863 155877 0 2.08046 0.539312 0
7.83537 64.4815 0.337838 1.9972 4.52938 1.52911 203838 0 -1.20194 0.520324 0
49.6711 -6.0072 -1.16099 0.951077 1.26508 1.83024 101009 0 -1.43657 0.519128 1
44.5733 -4.75806 -0.834074 0.944439 0.998605 1.89534 102865 0 3.09417 0.510529 1
35.0725 66.7393 -0.174589 1.93185 4.45043 1.57587 207199 0 -1.43666 0.492836 0
-2.43301 46.8841 1.19737 0.796561 0.705141 1.80081 178066 0 -2.42724 0.49253 1
32.491 21.9288 0.0795064 1.98913 4.64944 1.62589 141671 0 1.80063 0.474202 0
46.9192 -3.48012 -1.23831 0.787719 0.876593 1.72853 104744 0 2.82571 0.469173 1
-2.16477 33.4144 1.03626 0.810399 0.862245 1.71822 158411 0 -1.40229 0.467739 1
-26.7275 27.2746 2.1663 2.21772 5.16635 1.74001 149442 0 -1.36955 0.464789 0
-2.31191 33.4002 1.06885 0.768693 0.777072 1.70248 158410 0 -1.04752 0.453788 1
-4.22998 47.3099 1.15617 0.830224 0.811778 1.79016 178528 0 2.8087 0.45294 1
9.40463 68.3381 0.13001 1.89803 4.26972 1.53181 209459 0 -1.26538 0.452743 0
13.3215 34.4227 0.449915 2.09652 4.66931 1.64653 159863 0 -1.10295 0.444642 0
46.361 -3.9159 -1.12627 0.838723 0.911304 1.75061 103806 0 2.63645 0.440395 1
43.3593 16.1621 -1.05693 1.9307 4.325 1.5247 133281 0 -1.45668 0.417782 0
-1.45017 47.8245 1.16331 2.14997 4.75652 1.8182 179473 0 -1.05848 0.40655 0
27.6967 25.8109 0.0825325 1.91079 4.33112 1.44035 147272 0 -1.42702 0.401814 0
-56.8239 5.90584 3.97625 1.90889 4.26049 1.59765 117992 0 0.28455 0.400888 0
-54.187 4.68404 4.00761 2.14182 4.96369 1.73063 116128 0 0.275575 0.399514 0
-29.2928 21.9484 2.31017 1.91567 4.28648 1.56631 141478 0 2.09113 0.396384 0
32.431 18.7717 -0.0327155 2.18102 4.87088 1.83872 136991 0 1.75291 0.395192 0
-46.9713 5.48069 3.77835 0.884332 0.986737 1.69312 117555 0 -1.23214 0.379983 1
-28.6686 65.4585 2.22202 2.03779 4.62382 1.67097 205128 0 2.20122 0.378422 0
35.0708 33.2071 -0.0403085 2.03438 4.7974 1.64561 158059 0 1.73171 0.376405 0
44.3147 -4.0131 -0.710994 0.924222 1.00931 1.8832 103800 0 -1.98569 0.374561 1
8.1026 64.7509 0.307457 1.96984 4.41686 1.51197 204307 0 -0.955077 0.371577 0
74.3966 -10.4271 -1.20039 2.01753 4.54169 1.64969 94534 0 -1.4545 0.370687 0
33.1372 24.806 0.0345903 2.03583 4.54324 1.68202 145885 0 -1.53745 0.36968 0
-65.7413 29.6195 3.92881 2.04362 4.5216 1.72379 152596 0 2.06517 0.367284 0
-45.3026 3.40957 3.53656 0.896613 1.66764 1.82429 114284 0 -1.2074 0.361659 2
41.6937 -2.48399 -0.802493 0.814199 0.88088 1.65462 106132 0 1.45378 0.360025 1
7.55968 64.2091 0.34615 2.08269 4.77964 1.60331 203369 0 -1.38028 0.354808 0
32.8221 24.8419 0.0369236 2.01406 4.48021 1.68934 145884 0 3.12368 0.353828 0
-4.11171 47.3123 1.13557 0.834596 0.822089 1.78917 178529 0 2.41914 0.351117 1
28.3726 28.4247 0.269437 1.81906 4.11427 1.56542 151018 0 -1.35754 0.348842 0
4.85123 6.51971 0.582083 0.623312 0.660296 1.10718 119121 0 -1.49748 0.345292 1
31.5776 18.7817 -0.0339809 2.07659 4.6584 1.79284 136988 0 1.76291 0.337994 0
-42.7596 32.2326 2.99959 2.02376 4.35226 1.79726 156412 0 -1.17624 0.337401 0
-63.7667 36.3173 3.74524 0.88033 0.901657 1.7591 162430 0 -0.839828 0.332796 1
-16.8081 56.7751 1.87565 2.02563 4.46611 1.64541 192529 0 -1.17806 0.330593 0
32.4907 24.8867 0.0372538 2.01421 4.5391 1.66853 145883 0 1.71726 0.330514 0
44.3028 -3.05081 -0.873184 0.771678 0.821323 1.70614 105204 0 1.11951 0.322113 1
50.173 10.7768 -1.6191 1.85426 4.09685 1.53759 125346 0 1.52279 0.321049 0
-17.4464 57.101 1.90763 2.12687 4.8195 1.65813 192995 0 0.202833 0.317103 0
18.7806 32.4907 0.733164 0.720478 0.641133 1.81664 157072 0 2.62616 0.311009 1
-2.05155 47.8985 1.1968 2.22139 4.93323 1.93196 179471 0 -1.15379 0.310173 0
-46.2354 28.2898 3.09988 2.26872 4.88066 1.81898 150785 0 -1.18779 0.307712 0
32.116 19.2662 -0.00333056 2.20587 4.86938 1.84265 137926 0 1.78786 0.304894 0
-28.359 65.4283 2.2291 2.17624 5.0247 1.7505 205129 0 -1.21151 0.304374 0
-43.6744 33.028 3.16149 2.6493 6.61236 2.32698 157813 0 -1.03345 0.302871 0
49.6922 -6.1167 -1.14859 0.954066 1.50757 1.84238 100541 0 -1.44615 0.297536 1
-2.61063 46.8775 1.19964 0.825231 0.741654 1.79318 178065 0 -2.46362 0.29229 1
32.7507 22.1526 0.10004 1.9315 4.45812 1.64359 142140 0 1.74444 0.29226 0
-38.2013 13.6744 1.92969 0.826713 1.56769 1.85709 129282 0 2.36751 0.292237 2
12.3815 -10.1938 0.720585 0.831216 1.85047 1.71467 94808 0 -1.64111 0.291631 2
-8.30061 17.564 1.3022 0.858195 0.850016 1.69949 134992 0 2.10788 0.289028 1
5.15462 47.5429 0.874679 1.79613 3.78094 1.62697 179026 0 2.06791 0.286395 0
33.7328 -4.75671 -0.201622 0.907421 0.975431 1.71516 102831 0 -1.00662 0.284121 1
44.9454 -4.62749 -0.905016 0.873532 0.925931 1.82117 102866 0 2.87322 0.282114 1
12.561 -10.2728 0.72572 0.826421 1.77259 1.74107 94341 0 -1.7015 0.280975 2
27.0798 26.0536 0.0774094 1.96643 4.55231 1.46226 147738 0 -1.42931 0.280975 0
49.5306 -6.11387 -1.10158 0.993655 1.06616 1.8102 100540 0 -1.51184 0.278289 1
43.6192 15.8882 -0.982913 1.94718 4.44613 1.54945 132814 0 -1.4022 0.274005 0
33.078 21.6616 0.108639 2.0679 4.79572 1.7855 141205 0 1.80643 0.272604 0
34.3315 -1.34919 -0.236558 0.843858 0.937208 1.65035 107513 0 1.62983 0.267604 1
-17.7187 57.1649 1.90037 2.16242 4.99463 1.70151 192994 0 1.88691 0.26668 0
-29.0194 21.9178 2.2698 1.79972 4.06323 1.51201 141479 0 -2.49992 0.266312 0
46.8427 1.35542 -1.10878 0.856915 0.933502 1.69058 111764 0 -1.30811 0.259521 1
62.017 7.15032 -1.74542 1.59604 3.29593 1.40301 120235 0 -1.39533 0.257895 0
-57.0802 6.18039 4.07358 1.93386 4.32079 1.58985 118459 0 0.408326 0.255706 0
62.5616 6.67058 -1.81622 2.08738 4.66614 1.69501 119301 0 -1.22046 0.255288 0
-17.3952 56.8875 1.90775 2.04389 4.5801 1.63858 192527 0 -0.813773 0.254145 0
-55.1928 23.2119 3.83072 2.03074 4.44244 1.6933 143269 0 1.99847 0.253916 0
32.7654 25.0096 0.0350456 2.14874 4.84218 1.74983 146352 0 -1.80629 0.253767 0
-65.4969 29.8642 3.9281 1.96217 4.32871 1.67324 153065 0 2.14049 0.252795 0
-38.2139 13.8144 1.94521 0.819791 1.89307 1.85129 129750 0 2.30262 0.251306 2
12.362 31.6502 0.484201 1.99681 4.4379 1.58803 155648 0 -1.12392 0.249157 0
-29.0307 22.2146 2.24978 1.80528 4.07116 1.52148 141947 0 2.38143 0.2481 0
50.6633 11.2653 -1.64486 2.12622 4.87349 1.68059 126284 0 1.67835 0.247224 0
43.6169 16.4426 -0.993336 2.05836 4.65288 1.62636 133750 0 -1.56244 0.246178 0
27.3797 28.8948 0.301088 2.06665 4.76998 1.67003 151951 0 -1.41471 0.245725 0
44.2999 -4.20617 -0.772108 0.842117 0.920499 1.81653 103332 0 -2.04342 0.244383 1
-47.0727 5.38361 3.70565 0.88814 0.969863 1.67548 117086 0 -1.68171 0.241102 1
46.6961 1.08135 -1.05422 0.921624 0.956015 1.70986 111295 0 -1.54757 0.240838 1
25.8634 17.1698 0.0948972 1.79136 3.55396 1.50884 134630 0 -1.35098 0.239604 0
31.8512 18.4546 -0.028476 1.9833 4.40211 1.76285 136521 0 1.7375 0.237182 0
44.9674 -4.39331 -0.928981 0.809616 0.859682 1.78346 103334 0 -3.05111 0.231588 1
35.6127 66.9655 -0.129424 2.26989 5.46165 1.82438 207669 0 -1.46686 0.229936 0
12.7273 -11.5957 0.772414 0.828998 1.18779 1.71514 92469 0 -1.83291 0.227978 2
-2.72562 44.9811 0.72326 1.89103 4.27714 1.57203 175257 0 -1.19091 0.227561 0
15.192 36.4387 0.538627 1.83365 4.08719 1.73098 162677 0 -1.07414 0.227082 0
-2.42543 47.0969 1.20808 0.863954 0.843954 1.88791 178534 0 -2.00973 0.226978 1
31.9009 21.9573 -0.0612147 1.89016 4.25868 1.55993 141669 0 1.80639 0.225112 0
18.9322 32.4908 0.708827 0.789813 0.71389 1.84234 157073 0 2.50221 0.224555 1
-10.3086 30.6648 1.58348 2.07065 4.7026 1.66784 154173 0 -1.16165 0.224249 0
-54.3213 17.5636 3.59774 0.766002 0.734762 1.57403 134848 0 -2.74251 0.224234 1
13.8292 34.354 0.46726 2.04385 4.43419 1.66246 159865 0 -1.08096 0.223309 0
-40.7916 11.0801 2.87375 1.98263 4.37116 1.55855 125530 0 -1.12412 0.223124 0
-63.6446 36.3184 3.66829 0.878003 0.971434 1.71897 162431 0 -0.797708 0.222922 1
-2.16043 33.2429 1.05582 0.80677 0.789911 1.7191 157943 0 -1.31544 0.222607 1
47.088 0.870071 -1.09396 0.913868 0.992572 1.74214 110829 0 -1.89787 0.220969 1
-29.2811 22.4733 2.29939 2.01075 4.58919 1.62034 142414 0 2.02867 0.220875 0
68.3216 9.44263 -2.41212 2.07234 4.72824 1.72799 123531 0 1.67095 0.219682 0
47.0843 -3.46444 -1.2044 0.864594 0.954186 1.77383 104745 0 2.7898 0.219294 1
27.4016 28.7322 0.30653 1.95194 4.52881 1.60534 151483 0 0.498286 0.217528 0
2.94334 41.7349 0.639539 1.69902 2.89438 1.45954 170595 0 2.04622 0.217088 0
63.0986 6.9162 -1.81106 2.34921 5.60211 1.94283 119771 0 -1.35912 0.216742 0
-54.9127 23.4971 3.83925 2.05015 4.46815 1.69392 143738 0 2.05638 0.216408 0
47.078 1.05133 -1.06904 0.948124 1.05356 1.75954 111297 0 -1.54382 0.216287 1
-64.422 31.6035 4.01059 2.08858 4.6658 1.72731 155408 0 1.93896 0.215292 0
-1.55419 34.0828 0.89752 1.85142 3.88505 1.53394 159349 0 -1.11942 0.213393 0
-5.27386 39.8313 1.33731 2.10142 4.79824 1.72868 167761 0 -1.09891 0.212137 0
-10.1015 31.0773 1.51555 2.34414 5.4389 1.7467 155110 0 -1.19789 0.211375 0
35.9806 33.1176 -0.0414814 2.03973 4.75312 1.67879 158062 0 1.70947 0.210839 0
-2.79585 31.6108 0.7849 1.75753 3.79811 1.33725 155601 0 -1.24804 0.209893 0
28.59 25.7374 0.122642 1.99992 4.55454 1.52345 147275 0 -1.41054 0.209852 0
-54.2526 22.8765 3.61701 1.89666 4.18869 1.63467 142804 0 1.99088 0.209828 0
53.9324 13.9349 -1.66454 1.94183 4.24922 1.56568 130038 0 1.81134 0.209291 0
31.6031 25.0981 0.0808177 2.09278 4.78907 1.68256 146348 0 1.70784 0.208545 0
41.5584 -2.61628 -0.768581 0.849437 0.897033 1.66996 105663 0 1.41979 0.206488 1
-28.3828 65.6863 2.23578 2.19053 4.98997 1.75059 205597 0 -1.53538 0.20636 0
-47.2067 8.79344 3.57035 2.00636 4.42937 1.64902 122234 0 -1.14653 0.205539 0
-5.60542 39.8401 1.37072 2.16224 4.87421 1.7629 167760 0 -0.393482 0.204473 0
-48.1108 31.4338 2.93931 0.831071 0.868119 1.77214 155459 0 -1.17111 0.2038 1
53.6105 14.2113 -1.65336 1.94927 4.27645 1.5486 130505 0 1.73579 0.203121 0
68.0688 21.671 -1.15678 0.810505 0.883114 1.68855 141314 0 1.48698 0.202672 1
-66.0378 29.3368 3.94481 2.18467 4.95015 1.85356 152127 0 2.022 0.201309 0
-57.176 16.1593 3.89684 0.877161 0.888537 1.71165 132967 0 -1.55274 0.200338 1
33.4046 24.5985 0.0342491 2.08623 4.83607 1.70738 145418 0 -2.32813 0.197561 0
5.30659 9.09644 0.982594 0.819014 1.08212 1.68311 122866 0 -1.34542 0.197007 1
-2.31343 33.2442 1.08088 0.791711 0.789194 1.69896 157942 0 -1.06764 0.196451 1
34.4169 -4.98055 -0.244489 0.831904 0.898234 1.71503 102365 0 0.0478059 0.195847 1
-45.6195 27.7152 2.89348 2.12393 4.67622 1.73359 149851 0 -1.15013 0.195345 0
45.1923 -4.61359 -0.955307 0.860052 0.898775 1.76038 102867 0 2.77885 0.193958 1
28.003 25.5388 0.0611548 1.94821 4.46154 1.46094 146805 0 -1.41053 0.193945 0
-45.0921 3.34407 3.53583 0.879953 1.18505 1.78491 114285 0 -1.03357 0.191831 1
12.7226 -11.4774 0.76503 0.827961 1.40067 1.69102 92937 0 -2.11246 0.191717 2
-50.006 20.4075 3.45546 2.13434 4.90721 1.77824 139073 0 1.94655 0.190071 0
-55.479 22.9285 3.82961 2.07952 4.57835 1.74582 142800 0 1.92945 0.18912 0
-2.42267 46.696 1.1418 0.774316 0.675744 1.78215 177598 0 -2.45831 0.188852 1
8.90621 68.6238 0.129441 2.18038 5.21722 1.70961 209925 0 -1.27185 0.18762 0
-2.07269 48.4092 1.1549 2.20354 4.93229 1.85545 180407 0 -1.0657 0.187029 0
-17.5023 57.3629 1.91335 2.31624 5.37997 1.76077 193463 0 2.17756 0.186821 0
54.2087 14.2219 -1.64875 2.05691 4.63714 1.6293 130507 0 1.66575 0.186561 0
33.8596 60.7289 -0.0667963 1.8515 4.03215 1.53899 198303 0 -1.27904 0.186516 0
-5.9115 39.8592 1.39009 2.23466 4.95926 1.81376 167759 0 1.57888 0.184948 0
33.1502 24.6 0.03677 1.97184 4.45739 1.66269 145417 0 2.04214 0.184432 0
-3.69644 49.1206 1.27053 2.07168 4.56426 1.7278 181338 0 -2.59508 0.183581 0
44.1438 -4.03566 -0.781541 0.880856 0.941196 1.82017 103799 0 -1.79992 0.183309 1
50.3855 10.5031 -1.61097 1.97218 4.47365 1.61853 124879 0 1.71627 0.183259 0
-56.5642 5.64812 4.0042 1.95592 4.34708 1.67337 117525 0 0.203285 0.183036 0
12.5553 32.3768 0.540564 2.11725 4.83221 1.59593 157053 0 -1.0547 0.183022 0
-2.21298 46.8912 1.17237 0.783594 0.68838 1.81015 178067 0 -2.14381 0.182228 1
35.6138 66.4835 -0.140762 2.12074 5.28629 1.75456 206733 0 -1.33631 0.181975 0
34.7946 66.4973 -0.18867 1.64098 3.80065 1.48207 206730 0 -1.39307 0.179946 0
50.0079 -5.96583 -1.28002 0.885115 0.980333 1.78134 101010 0 -1.39898 0.178942 1
26.7731 25.827 0.121629 2.02462 4.63117 1.4856 147269 0 -1.42313 0.178358 0
68.2367 21.669 -1.17897 0.828664 0.911793 1.6964 141315 0 1.42926 0.177569 1
-47.8032 8.83829 3.64087 1.99601 4.33614 1.6258 122232 0 -1.13419 0.177447 0
63.5183 13.9068 -1.83687 2.0153 4.48738 1.74686 130068 0 -1.31207 0.177159 0
74.7075 -10.1417 -0.838683 2.25685 5.38602 1.84756 95003 0 -1.51929 0.177053 0
-44.2497 32.8201 3.38593 2.76578 7.32833 2.59258 157343 0 -1.19716 0.171692 0
-64.7332 32.1057 4.05399 2.3772 5.68081 2.07397 156343 0 2.04172 0.170873 0
-28.6382 21.6133 2.24049 1.87771 4.31598 1.50412 141012 0 -1.13256 0.170495 0
-22.6539 31.1266 2.18921 2.15847 4.42248 1.68972 155071 0 -1.18794 0.169895 0
68.6214 9.16681 -2.38778 2.01597 4.50582 1.67675 123064 0 1.63882 0.169738 0
-28.8769 65.1993 2.26924 1.91918 4.35172 1.62204 204659 0 2.32378 0.169469 0
-54.4216 17.5383 3.5824 0.78504 0.794318 1.59552 134847 0 -2.90059 0.16941 1
-6.24778 40.1607 1.41717 2.17645 4.88572 1.82318 168226 0 2.00256 0.169003 0
33.5471 -4.7462 -0.184477 0.891469 1.01259 1.71193 102830 0 -0.900669 0.16887 1
46.788 -3.89913 -1.15752 0.867451 0.991827 1.80526 103808 0 2.67033 0.167371 1
8.43932 65.102 0.297352 2.00436 4.47223 1.52337 204776 0 -0.57062 0.167144 0
35.3537 32.9077 -0.0250234 1.88734 4.43069 1.60166 157592 0 1.73354 0.166737 0
-10.7304 27.0726 1.32122 0.75032 0.767842 1.59716 149024 0 -1.472 0.1664 1
-45.9613 28.5906 2.98094 2.24551 4.75643 1.75213 151254 0 -1.1844 0.166084 0
50.9332 10.7906 -1.74131 2.17468 5.18816 1.75266 125349 0 1.75279 0.165971 0
-49.4481 32.7775 3.49774 1.99585 4.42874 1.67532 157327 0 -1.14809 0.165888 0
-54.8806 22.6297 3.72925 1.93695 4.19749 1.62308 142334 0 1.88942 0.165824 0
18.7621 32.6883 0.737625 0.78147 0.724241 1.85202 157540 0 2.59359 0.165564 1
31.5429 15.6381 -0.120585 1.94962 4.37069 1.61324 132308 0 1.85962 0.164935 0
25.8589 20.2339 0.100055 1.77065 3.40204 1.48348 139310 0 -1.39887 0.163677 0
41.1049 16.5119 -0.820083 1.84583 4.04425 1.5337 133742 0 -1.37085 0.163525 0
45.2208 -4.37976 -0.993682 0.862915 0.900869 1.78059 103335 0 2.88655 0.163191 1
32.8249 21.3474 0.109281 2.02539 4.74403 1.82576 140736 0 1.78211 0.162574 0
-63.1795 7.8608 4.17457 2.07861 4.63564 1.76154 120780 0 -1.34632 0.162506 0
-66.3434 29.8923 3.93989 2.40354 5.71703 2.07594 153062 0 2.06081 0.162082 0
-2.39409 44.6658 0.696694 1.84501 4.34523 1.48477 174790 0 -1.18555 0.16099 0
-57.0883 5.34848 4.10785 2.22209 5.11701 1.91575 117055 0 0.255728 0.160854 0
31.2972 19.2929 0.0794389 2.18392 5.0489 1.84339 137923 0 1.79581 0.160852 0
-3.34226 44.9975 0.744861 1.92727 4.29075 1.59055 175255 0 -1.17511 0.16052 0
-62.2642 6.53273 3.94351 1.89365 4.22157 1.61245 118911 0 0.313129 0.160173 0
-28.6637 21.891 2.23989 1.79739 4.12761 1.5002 141480 0 -1.36022 0.159688 0
53.9304 14.5217 -1.63339 2.02212 4.44308 1.62102 130974 0 1.54254 0.159542 0
-49.2379 20.605 3.46192 1.91055 3.86034 1.61579 139544 0 2.25521 0.157105 0
5.104 20.2588 0.903986 2.25205 5.63349 1.8329 139245 0 1.9727 0.157019 0
-49.7501 32.4658 3.60209 2.01153 4.5007 1.68777 156858 0 -1.14428 0.157014 0
-40.5168 11.3024 2.82947 1.94236 4.29756 1.53558 125999 0 -1.10696 0.156631 0
68.0634 21.8322 -1.15453 0.82522 0.885035 1.68797 141782 0 1.40065 0.156126 1
-57.3711 5.62749 4.16722 2.21994 5.19697 1.88647 117522 0 0.358244 0.155928 0
-45.4858 3.59128 3.44534 0.88666 1.58381 1.77118 114751 0 -1.15067 0.15576 2
27.3538 26.2918 0.080625 1.88076 4.10705 1.44231 148207 0 -1.43216 0.155488 0
-2.03168 47.6003 1.24171 1.94376 3.83126 1.91788 179003 0 -1.18826 0.154002 0
53.3049 13.9522 -1.73454 1.96663 4.30626 1.57745 130036 0 1.81364 0.153872 0
33.8178 61.1647 -0.0475153 1.91486 4.04229 1.56077 199239 0 -1.39467 0.152939 0
14.6224 -11.7522 0.76846 0.866234 0.955463 1.6849 92475 0 1.6566 0.152834 1
5.8698 19.8033 0.902652 1.94797 4.10027 1.68791 138312 0 -1.29115 0.152776 0
-16.2424 56.7303 1.81524 2.27302 5.18272 1.76917 192531 0 -1.19808 0.152565 0
33.5397 -4.85255 -0.118591 0.898963 0.951588 1.66007 102362 0 -0.402047 0.152039 1
27.3764 25.5389 0.0898661 1.86772 4.29199 1.44089 146803 0 -1.46054 0.151544 0
44.6101 -4.30658 -0.863276 0.800839 0.882908 1.80792 103333 0 -2.48944 0.151541 1
63.2208 13.6203 -1.867 2.02813 4.55494 1.7093 129599 0 -1.3527 0.151471 0
-4.6959 39.8276 1.30512 2.0517 4.65282 1.70452 167763 0 -1.08113 0.151444 0
-55.7939 23.5071 3.8796 2.25078 5.04319 1.92482 143735 0 2.00583 0.15132 0
-55.1915 24.1233 3.9147 2.09956 4.62541 1.79536 144673 0 2.13932 0.151291 0
4.32232 44.4279 0.623094 1.60095 3.41856 1.45382 174343 0 2.04539 0.151151 0
34.1987 -1.22011 -0.222579 0.84141 0.926986 1.62579 107980 0 1.62304 0.151078 1
34.4896 66.7402 -0.209467 1.63417 3.69681 1.47554 207197 0 -1.42377 0.15087 0
-5.90168 39.5615 1.39087 2.19515 4.82107 1.79071 167291 0 1.11087 0.150843 0
12.8622 -11.4493 0.843775 0.79759 1.43601 1.64643 92938 0 -2.34308 0.150769 2
7.27224 63.9019 0.353629 2.18367 5.11214 1.71471 202900 0 -1.48455 0.150406 0
-0.866829 47.5411 1.17414 1.97357 4.48159 1.7086 179007 0 -1.03463 0.149957 0
-39.8483 10.7461 2.78988 2.02212 4.41585 1.55103 125065 0 -1.0692 0.149939 0
-4.95308 25.5275 1.05274 0.694387 0.743047 1.518 146702 0 -1.0795 0.149726 1
-3.98917 49.3954 1.31065 2.14838 4.82834 1.75639 181805 0 -2.74026 0.149482 0
-46.8717 9.78596 3.47905 2.01956 4.44476 1.65018 123639 0 -1.15597 0.149379 0
34.9615 60.7076 0.064169 2.36163 5.73092 1.94235 198307 0 -1.35842 0.149266 0
2.36465 -5.35277 1.80513 0.749096 0.812292 1.7708 101797 0 -1.86694 0.149244 1
34.0273 -4.89695 -0.160863 0.873885 1.01683 1.75619 102364 0 -0.367635 0.149193 1
34.0659 68.3276 -0.144213 2.06174 4.65211 1.64133 209536 0 -3.04039 0.14889 0
-2.43591 45.2056 0.818229 1.89255 4.22318 1.58425 175726 0 -1.1611 0.148301 0
54.2165 13.6368 -1.63809 2.00054 4.49084 1.61591 129571 0 2.06042 0.148291 0
43.3774 15.6144 -1.0767 1.81647 4.10337 1.53372 132345 0 -1.3608 0.148085 0
-43.0157 31.9419 2.9889 2.20692 4.7781 1.90324 155943 0 -1.22183 0.147643 0
33.7054 24.5816 0.0355485 2.22896 5.24645 1.77807 145419 0 -1.7736 0.147521 0
69.2703 9.42133 -2.21314 1.99096 4.43164 1.67214 123534 0 1.61875 0.14742 0
44.3373 -3.7888 -0.736861 0.876955 0.960187 1.84709 104268 0 -2.07615 0.146908 1
17.7405 -15.5519 1.06771 1.87148 4.20908 1.52701 86869 0 0.15939 0.146737 0
44.3591 7.43911 1.14025 0.771335 0.805186 1.75317 120648 0 3.07855 0.14647 1
17.3771 32.214 0.935674 0.74231 0.677208 1.83846 156600 0 2.08054 0.146054 1
-50.7666 5.3168 4.16307 0.839826 0.907566 1.6721 117075 0 0.679807 0.145318 1
-42.1527 32.1273 2.82957 2.0404 4.52611 1.84738 156414 0 -1.13908 0.145255 0
68.615 9.70306 -2.40168 2.13259 4.8172 1.79201 124000 0 1.67081 0.145191 0
34.7286 -5.24938 -0.25372 0.848842 0.87922 1.72678 101898 0 0.0679511 0.145062 1
-29.542 21.6883 2.34112 2.07802 4.65313 1.67081 141009 0 1.99705 0.144649 0
-1.7644 33.8628 0.959934 1.64442 3.04727 1.65592 158880 0 -1.22294 0.144327 0
-66.0588 30.1627 3.98138 2.29738 5.32826 1.98409 153531 0 2.09387 0.144209 0
-35.05 22.1171 2.55887 2.34859 5.29246 1.91914 141928 0 -1.04698 0.143033 0
-53.6356 22.5551 3.62221 1.92855 4.23174 1.66809 142338 0 1.93567 0.142781 0
50.1364 10.4799 -1.62016 1.86393 4.1762 1.57262 124878 0 -0.973539 0.142415 0
-6.23287 66.2847 1.49064 2.48383 5.98806 1.85283 206602 0 -1.14878 0.142016 0
-4.943 25.6999 1.04845 0.73509 0.874662 1.4791 147170 0 -0.183884 0.141958 1
-38.4742 13.8915 2.04926 0.872266 1.80177 1.77693 129749 0 2.0425 0.141686 2
33.6878 25.0102 0.0496135 2.30814 5.31219 1.80603 146355 0 -1.48162 0.141412 0
43.388 16.7173 -1.071 2.04334 4.48453 1.62385 134217 0 -1.53933 0.141399 0
62.8073 7.41207 -1.89669 2.2108 5.01878 1.79627 120706 0 -1.44644 0.141093 0
46.6539 1.3828 -1.12864 0.869407 0.896044 1.61701 111763 0 -1.38777 0.141003 1
-46.8299 28.3389 3.1787 2.26137 5.2051 1.86278 150783 0 -1.20893 0.140649 0
-50.049 32.1527 3.71585 2.06481 4.57857 1.73715 156389 0 -1.14803 0.140342 0
-63.7799 36.1215 3.87864 0.894038 0.942125 1.73576 161962 0 -0.843908 0.140205 1
-54.42 17.6639 3.60773 0.827678 0.84806 1.58604 135315 0 -2.84082 0.139683 1
62.9024 13.9159 -1.89326 2.00869 4.51368 1.68949 130066 0 -1.13941 0.139404 0
27.5789 22.8718 0.0472367 2.15293 5.01188 1.64021 143060 0 -1.43121 0.138932 0
-35.5947 21.9443 2.50374 2.32648 5.65295 1.91526 141458 0 -1.204 0.138923 0
-47.8277 10.0829 3.58079 1.9812 4.35787 1.67144 124104 0 -1.02258 0.138864 0
18.9677 32.7133 0.711749 0.852255 0.852854 1.85765 157541 0 2.49117 0.138743 1
12.8294 31.8459 0.482412 1.87436 4.04161 1.54486 156118 0 -1.07145 0.137438 0
44.9048 -4.86975 -0.89876 0.906919 0.96685 1.84534 102398 0 2.74914 0.137401 1
-11.3681 28.5212 1.43356 2.12259 4.76007 1.50068 151362 0 -1.14578 0.137377 0
-6.57144 40.7543 1.42235 2.11605 4.70078 1.79624 169161 0 2.04654 0.137222 0
63.208 14.2162 -1.94155 2.00933 4.47865 1.70272 130535 0 -1.25899 0.137033 0
-28.6828 22.2034 2.24151 1.75354 3.92812 1.49555 141948 0 -1.57493 0.137027 0
-15.1197 20.8955 1.60228 2.09984 5.14753 1.51407 140118 0 -1.23393 0.136594 0
-4.54761 47.2576 1.11454 0.878866 0.965503 1.81096 178527 0 3.07517 0.13658 1
52.9892 14.2381 -1.63811 2.03189 4.39294 1.50898 130503 0 1.78534 0.136314 0
26.0926 26.1281 0.21163 2.05728 4.63774 1.51808 147735 0 -1.42614 0.136176 0
-46.5827 8.50764 3.49358 2.01144 4.38324 1.64423 121768 0 -1.22464 0.136121 0
51.3557 14.5559 -1.33376 2.09096 4.75817 1.66956 130966 0 1.65656 0.134887 0
-8.8428 19.5407 1.24851 2.0505 4.94399 1.57059 138266 0 2.00643 0.134808 0
10.7124 28.3671 0.740387 0.820565 0.807202 1.71083 150963 0 -1.60368 0.134602 1
-4.73956 26.4547 1.02541 1.69905 3.57206 1.40377 148107 0 1.94594 0.134555 0
9.36958 68.8707 0.162043 2.24653 4.90511 1.64043 210395 0 -1.07781 0.134511 0
-62.5614 6.83843 4.03086 1.87958 4.14993 1.57543 119378 0 0.4593 0.134489 0
68.233 21.8281 -1.17716 0.857422 0.933542 1.70799 141783 0 1.39427 0.134133 1
-47.832 9.42941 3.55648 1.93722 4.23104 1.62431 123168 0 -1.0092 0.134069 0
-1.44683 47.2846 1.17603 2.16932 4.2961 1.83531 178537 0 -1.00018 0.134004 0
31.5537 18.1591 -0.0518112 1.95659 4.31052 1.70329 136052 0 1.73538 0.133746 0
-28.055 21.5814 2.20428 1.87942 4.39877 1.51068 141014 0 -1.1518 0.133627 0
9.95368 26.9881 0.64873 1.76996 3.88034 1.49182 149089 0 -1.08392 0.133576 0
-1.2112 48.0729 1.18974 2.00692 4.28702 1.70171 179942 0 -0.959676 0.133389 0
8.76743 65.143 0.285466 1.9856 4.33027 1.51894 204777 0 -0.265597 0.133348 0
-54.2906 23.4971 3.68418 1.95344 4.35801 1.663 143740 0 2.05953 0.132975 0
10.7226 28.5794 0.795735 0.870727 1.03209 1.7739 151431 0 -1.32261 0.132943 1
32.1475 46.5546 0.0532788 2.0565 4.55975 1.77362 177706 0 -0.427807 0.132928 0
8.91888 27.3492 0.66696 2.10532 5.05557 1.56932 149553 0 -1.15312 0.132716 0
26.7213 26.3142 0.137516 2.02928 4.55744 1.49623 148205 0 -1.39253 0.132707 0
32.4632 45.9267 0.103842 2.16926 4.87628 1.80949 176771 0 -0.49091 0.132486 0
-46.9081 9.09176 3.52498 1.9521 4.2447 1.62675 122703 0 -1.16388 0.132452 0
44.1311 -3.05299 -0.822911 0.813033 0.854084 1.71462 105203 0 1.15541 0.132409 1
4.85999 6.37503 0.625734 0.655907 0.690457 1.15719 118653 0 -0.865119 0.132372 1
-61.5619 37.8918 3.92999 1.99412 4.44327 1.69821 164777 0 -2.83303 0.131851 0
57.0404 -7.86913 -1.59764 0.801445 0.803983 1.76931 98224 0 2.82183 0.131816 1
17.2022 32.1874 0.961329 0.756477 0.711096 1.82599 156599 0 2.12652 0.131776 1
-4.61694 49.1426 1.42574 2.00181 4.43317 1.66971 181335 0 -2.90147 0.131683 0
-6.85063 40.1822 1.52324 2.16025 4.86501 1.81658 168224 0 1.92222 0.131608 0
44.0065 18.3811 -0.995247 2.06513 4.70453 1.68168 136559 0 -1.38836 0.131491 0
13.0546 34.1678 0.456257 2.09774 4.72 1.68808 159394 0 -1.15768 0.131385 0
-65.1773 29.3232 3.89041 1.90012 4.03057 1.59489 152130 0 2.11336 0.13038 0
-63.5093 37.2778 3.84963 2.08803 4.60817 1.73081 163835 0 2.01798 0.129967 0
16.5046 61.6126 0.423764 2.07119 4.57255 1.76193 199653 0 -1.84261 0.129829 0
31.8221 19.6109 0.0500733 2.16207 4.85394 1.83833 138393 0 1.79709 0.129566 0
16.797 64.7776 0.268142 2.06547 4.67388 1.67523 204334 0 -1.1703 0.129561 0
-47.9578 31.4534 3.0024 0.839382 0.865294 1.80601 155460 0 -1.23668 0.128869 1
17.7507 41.7595 0.318815 2.1617 5.00855 1.79473 170641 0 -1.09384 0.128552 0
-38.0358 13.8313 1.99437 0.828574 1.77975 1.81472 129751 0 2.30512 0.128328 2
-43.9274 32.2421 3.12388 2.57501 6.38618 2.29223 156408 0 -1.23626 0.128191 0
23.8715 13.6666 0.0703803 0.671051 0.687093 1.43683 129476 0 -2.57127 0.127691 1
44.093 -4.23345 -0.743863 0.859407 0.924224 1.79275 103331 0 -1.7702 0.127618 1
53.6293 13.6462 -1.68842 1.92088 4.23608 1.54865 129569 0 1.87951 0.127217 0
-28.9793 65.9871 2.27447 2.2146 5.12072 1.7923 206063 0 2.04199 0.127168 0
-2.63049 47.1091 1.22037 0.877323 0.845761 1.8341 178533 0 -2.17916 0.126917 1
16.789 64.5043 0.274564 2.05316 4.39681 1.62441 203866 0 -0.87042 0.126872 0
-29.8341 22.23 2.37558 2.19121 5.2214 1.77116 141944 0 2.30556 0.126622 0
18.7524 32.2731 0.707801 0.729687 0.696571 1.8404 156604 0 2.4736 0.126497 1
-2.06303 44.3282 0.712281 0.738373 0.793272 1.45455 174323 0 -1.38477 0.126424 1
-45.264 30.2407 2.6591 1.93476 4.29909 1.541 153596 0 -1.14368 0.12605 0
-47.2044 9.43176 3.51772 1.95284 4.32766 1.64306 123170 0 -1.07976 0.125759 0
35.3342 21.2495 0.0234296 2.2183 4.91069 1.93769 140744 0 -1.41613 0.125687 0
32.4556 46.2314 0.104779 2.17527 4.86691 1.82947 177239 0 -0.916273 0.125641 0
-61.9541 6.25262 3.93274 2.00162 4.45792 1.68924 118444 0 0.183688 0.125546 0
63.8086 13.3122 -1.79866 2.21122 5.181 1.88246 129133 0 -1.2907 0.124729 0
-5.27805 39.2706 1.35012 2.12829 4.82854 1.74099 166825 0 -1.11352 0.124571 0
-50.3301 20.9292 3.55611 2.48818 6.19662 2.19618 140008 0 1.98546 0.124367 0
8.40173 64.2249 0.332956 1.65732 3.49794 1.43254 203372 0 -1.17072 0.124327 0
-47.5374 10.3787 3.57131 2.02837 4.391 1.68232 124573 0 -1.08487 0.124196 0
-46.5923 10.0306 3.44242 2.05894 4.51357 1.69544 124108 0 -1.15099 0.123508 0
63.5172 14.5327 -1.91726 2.0124 4.44637 1.7281 131004 0 -1.27095 0.12292 0
-63.7948 36.5232 3.82454 0.999495 1.37795 1.78348 162898 0 2.21368 0.122914 1
11.3435 63.4958 0.322283 2.10295 4.89306 1.62793 202445 0 1.7585 0.12274 0
44.2924 18.0859 -0.950888 2.02336 4.56071 1.68574 136092 0 -1.37417 0.12249 0
-3.91678 27.0165 1.09946 0.772034 0.736637 1.61398 149045 0 -1.04858 0.122109 1
44.3183 -3.27094 -0.7838 0.833186 0.890922 1.76573 104736 0 -0.384705 0.121713 1
22.9516 -12.7033 0.618366 0.800946 0.98595 1.70915 91097 0 -1.83157 0.120949 1
-2.65631 47.8956 1.17588 2.21788 4.79835 1.89122 179469 0 -1.22245 0.120912 0
-28.0207 65.6919 2.24896 2.32247 5.37454 1.84542 205598 0 -1.28363 0.120902 0
-28.333 64.868 2.23653 2.20723 5.22522 1.79328 204193 0 -0.881099 0.120697 0
62.5652 15.1999 -2.0095 2.02259 4.53797 1.69365 131937 0 0.543651 0.120602 0
-43.0999 33.0447 3.0081 2.46096 5.71186 2.08307 157815 0 -0.974257 0.120474 0
69.6045 9.13856 -2.24486 1.98097 4.40668 1.64616 123067 0 1.62223 0.120399 0
-3.57851 31.632 0.92185 1.99729 4.65782 1.54298 155598 0 -1.25052 0.120377 0
14.8327 60.7055 0.28729 0.86856 0.963795 1.77851 198244 0 1.58905 0.120283 1
-61.2916 37.6486 3.87222 1.93367 4.3184 1.65323 164310 0 -2.68138 0.120253 0
62.8865 14.5561 -1.92746 2.00426 4.4702 1.6912 131002 0 -0.97909 0.119509 0
-3.36879 32.3515 0.958077 2.0583 4.89442 1.54304 157003 0 -1.13839 0.11941 0
-55.1002 17.4843 3.66312 0.820306 0.830543 1.68297 134845 0 -1.93226 0.11907 1
34.662 -5.03872 -0.275851 0.8301 0.852799 1.6808 102366 0 0.0949029 0.119018 1
33.9924 -4.74316 -0.201331 0.907898 1.02508 1.75292 102832 0 -0.562583 0.118889 1
62.5495 10.0656 -2.02531 1.94929 4.33387 1.6297 124449 0 -1.39753 0.118455 0
-62.8369 6.56581 4.04383 2.0436 4.55521 1.73482 118909 0 0.728106 0.118326 0
-46.1866 27.7626 3.01929 1.99635 4.59517 1.71239 149849 0 -1.1696 0.118183 0
-53.647 22.846 3.6325 1.86529 3.77277 1.66518 142806 0 1.93274 0.118167 0
-27.7312 65.4179 2.24732 2.42386 5.66743 1.92994 205131 0 -1.0473 0.118133 0
61.9001 14.5522 -2.01654 0.980079 1.28748 1.73616 130999 0 1.21119 0.118099 1
73.8507 -10.4176 -1.31176 1.74162 3.75038 1.55941 94532 0 -1.40132 0.117997 0
62.8718 14.8863 -1.99225 2.01313 4.46754 1.69626 131470 0 -0.6932 0.117994 0
4.7589 6.38521 0.639053 0.645159 0.673744 1.16734 118652 0 -0.139983 0.117945 1
46.6733 0.877419 -1.04506 0.914871 0.955747 1.73146 110827 0 -1.73968 0.117821 1
-3.41008 48.8403 1.19846 2.10635 4.61983 1.76221 180871 0 -2.38155 0.117441 0
-62.9113 7.54405 4.09158 1.9693 4.37225 1.66644 120313 0 -1.38177 0.117359 0
34.3962 60.4274 -0.0529612 2.13782 4.92277 1.76862 197837 0 -1.26517 0.117055 0
-1.05932 46.5163 1.06807 0.643494 0.601697 1.64515 177602 0 -0.938713 0.117049 1
26.1281 23.079 0.0861854 1.98697 4.42318 1.52065 143523 0 -1.42531 0.116986 0
-62.906 37.2655 3.87623 1.86226 4.13298 1.642 163837 0 2.10178 0.116948 0
-0.850136 46.5589 1.07977 0.636605 0.599289 1.66289 177603 0 -0.0858533 0.116787 1
-17.1802 57.3594 1.90364 2.28378 5.1285 1.77813 193464 0 -1.37322 0.116764 0
-62.9116 8.1296 4.1132 2.0067 4.45215 1.7291 121249 0 -1.22787 0.116375 0
-3.34863 45.5318 0.782335 2.02457 4.54408 1.66787 176191 0 -1.13053 0.116354 0
29.2997 25.4787 0.158229 2.04306 4.60243 1.60686 146809 0 -1.40878 0.116111 0
62.8653 9.77669 -2.03972 1.88854 4.15362 1.63329 123982 0 -1.38599 0.115901 0
31.881 46.2516 -0.0533511 2.11102 4.6605 1.80187 177237 0 -0.720398 0.115722 0
32.1465 18.1809 -0.0360409 2.02316 4.45658 1.76743 136054 0 1.74961 0.115594 0
-15.3692 -3.41132 1.61791 2.1676 4.98197 1.61789 104549 0 0.220029 0.115328 0
-2.64411 46.6624 1.13062 0.809924 0.746671 1.80132 177597 0 -2.40053 0.115223 1
62.5788 13.9076 -1.94198 1.99419 4.51601 1.66244 130065 0 0.0848299 0.115097 0
-54.9026 24.4553 3.88308 2.12066 4.67693 1.76695 145142 0 2.15317 0.115083 0
-64.8104 37.573 3.97705 1.91689 4.23357 1.64508 164299 0 -1.72693 0.11497 0
-57.3183 16.1555 3.9273 0.850562 0.828104 1.72536 132966 0 -1.48135 0.114649 1
-1.06919 46.3193 0.992404 0.639315 0.58183 1.59218 177134 0 -1.06354 0.114517 1
34.9556 61.2001 0.0201082 2.37636 5.71904 1.94342 199243 0 -1.46278 0.114444 0
53.2924 14.4994 -1.62261 1.96416 4.21252 1.54193 130972 0 1.64671 0.114308 0
66.7017 -9.74081 -1.49384 2.20311 5.15131 1.83381 95446 0 -1.38878 0.113992 0
-54.948 17.4978 3.60136 0.790373 0.803548 1.6213 134846 0 -2.31099 0.113969 1
52.9582 15.5256 -1.58971 1.99407 4.44185 1.55816 132375 0 3.03299 0.11386 0
32.1747 45.6065 0.008642 2.0953 4.69971 1.78803 176302 0 -0.17888 0.113769 0
-3.73242 27.0077 1.10572 0.764953 0.751204 1.62386 149046 0 -1.05618 0.113746 1
-50.0864 31.5471 3.74012 2.04142 4.49381 1.72409 155453 0 -1.1699 0.113728 0
50.0144 -6.18402 -1.30652 0.873081 0.980497 1.80073 100542 0 -1.38677 0.113714 1
-48.448 9.13695 3.66239 2.06351 4.41791 1.70801 122698 0 -1.10461 0.113702 0
-4.56987 47.4804 1.1353 0.943133 1.19886 1.84065 178995 0 2.99037 0.113585 1
-56.5492 6.50599 3.88126 1.85073 4.04897 1.58791 118929 0 0.281852 0.11338 0
44.5254 -4.01184 -0.80372 0.906973 0.991803 1.86175 103801 0 -2.31565 0.113293 1
14.6319 60.7141 0.282411 0.811856 0.873734 1.78223 198243 0 1.84231 0.113209 1
13.3282 19.6219 0.699969 0.793764 0.835425 1.63276 138335 0 -0.522504 0.113121 1
63.8098 14.2146 -1.89845 2.08336 4.68253 1.80766 130537 0 -1.28477 0.113048 0
-8.785 -8.82232 1.16643 0.697245 0.729444 1.26178 96614 0 -2.89196 0.112991 1
51.052 14.2871 -1.25923 2.13085 4.97406 1.75696 130497 0 1.58124 0.112639 0
-50.9726 5.26441 4.21248 0.863866 0.929084 1.7226 117074 0 0.817823 0.112581 1
16.8153 65.0928 0.289028 2.13266 4.88264 1.69997 204802 0 -1.53869 0.112467 0
62.8667 15.2004 -2.00217 2.01758 4.46415 1.69964 131938 0 -0.322861 0.111889 0
-0.822647 -9.11633 0.862273 0.806862 0.916938 1.71064 96171 0 -2.00043 0.111814 1
-57.4082 6.52631 4.19109 1.9809 4.48528 1.64123 118926 0 0.689979 0.111561 0
-5.58318 39.2674 1.39428 2.10699 4.63849 1.72616 166824 0 -0.820994 0.111477 0
62.2521 14.8893 -2.06072 2.00873 4.34909 1.7039 131468 0 0.985652 0.111442 0
16.794 61.3081 0.431751 2.14306 4.74048 1.80749 199186 0 -1.76553 0.111419 0
-6.21263 39.5639 1.43563 2.17933 4.82955 1.77406 167290 0 1.63433 0.111344 0
9.10682 65.3972 0.23695 2.11057 4.63496 1.59272 205246 0 -0.0320416 0.111222 0
-64.8119 37.3297 3.89748 1.91215 4.20236 1.64018 163831 0 0.363751 0.11104 0
15.4927 61.2737 0.337966 2.07591 4.65589 1.71861 199182 0 -1.30597 0.110932 0
-51.0306 5.03171 4.26054 0.840472 0.886091 1.72092 116606 0 1.16333 0.110653 1
62.9021 13.3142 -1.88693 2.02148 4.49317 1.6686 129130 0 -1.12428 0.110339 0
38.2275 -6.56474 -0.792995 1.99523 4.42628 1.60357 100037 0 2.86692 0.110333 0
-63.1871 7.2364 4.17211 2.04917 4.56352 1.73024 119844 0 -1.51533 0.110274 0
54.4983 13.9284 -1.64107 2.09736 4.74706 1.70844 130040 0 1.82167 0.110207 0
30.9906 15.9122 -0.108698 1.92279 4.43766 1.59672 132774 0 1.81928 0.11017 0
50.0589 -5.6781 -1.30242 0.888274 1.07884 1.78888 101478 0 -1.54325 0.11013 1
-27.2554 27.3644 2.19644 2.1463 5.2852 1.75531 149440 0 2.0005 0.109931 0
-29.8303 21.9722 2.38135 2.19988 5.1661 1.78613 141476 0 2.60916 0.109749 0
-57.807 18.332 3.77945 0.837108 0.852924 1.63324 136241 0 -0.885891 0.109661 1
62.5823 14.2293 -1.97852 2.0095 4.44526 1.67896 130533 0 -0.247754 0.109585 0
