11.9724 12.2746 0.791873 2.06336 4.56983 1.56387 127567 0 1.76519 0.947015 0
-15.5447 18.1016 1.81567 2.43681 5.80607 1.95918 135905 0 -1.20508 0.93762 0
3.9743 17.679 0.746072 2.14801 4.86271 1.52573 135498 0 -1.12089 0.932298 0
-7.43586 -4.61676 1.22466 2.31882 5.17285 1.90792 102702 0 0.192828 0.931913 0
-16.2405 15.5592 1.63163 2.03699 4.64844 1.55002 132159 0 -1.20436 0.926787 0
-10.0184 16.8564 1.3102 1.97101 4.58374 1.51587 134050 0 -1.13459 0.924078 0
-33.4574 8.71146 2.82663 2.24847 5.31774 1.93614 122277 0 2.19475 0.924009 0
13.009 15.7542 0.79045 2.23329 4.88675 1.84037 132718 0 1.78689 0.923197 0
-13.0373 -3.98252 1.42635 2.07515 4.54825 1.61825 103621 0 0.178072 0.914976 0
13.6174 18.2849 0.750472 2.18471 4.86167 1.81671 136464 0 1.82433 0.896648 0
6.87748 22.1896 0.857896 2.07454 4.67626 1.77893 142059 0 -1.16164 0.896253 0
1.64476 12.4257 0.770631 2.14431 4.97397 1.4785 127535 0 -1.12303 0.890726 0
42.4917 12.583 -0.794038 2.03867 4.62602 1.81597 128130 0 -1.42996 0.886069 0
-4.26984 29.2561 1.26489 2.16118 4.99249 1.86269 152320 0 1.976 0.882967 0
-17.1212 6.67273 1.7403 2.04853 4.79333 1.59607 119052 0 1.76931 0.880556 0
-15.5233 -3.12024 1.55693 2.07873 4.66986 1.6272 105017 0 0.184486 0.877828 0
-31.8116 17.513 2.45936 2.24164 4.80839 1.80049 134918 0 -1.13762 0.876329 0
-5.33817 26.7103 1.163 1.91786 4.49466 1.48682 148573 0 1.96596 0.874569 0
25.1692 13.7083 0.18081 1.93938 4.52562 1.5232 129480 0 -1.3376 0.866996 0
-8.70556 17.7795 1.32902 0.82477 0.792847 1.69083 135458 0 2.19472 0.864492 1
3.99355 44.9127 0.681989 2.08292 4.85479 1.56837 175278 0 2.06555 0.853974 0
3.36211 14.6675 0.753303 1.88298 4.20019 1.48492 130816 0 -1.17064 0.853824 0
10.7993 29.6145 0.829876 2.22384 5.21089 1.96886 152835 0 -1.10566 0.849615 0
-6.93889 24.4479 1.37574 1.97455 4.60025 1.64606 145292 0 1.98503 0.843489 0
-7.46719 21.8734 1.25481 2.04768 4.83551 1.50427 141546 0 2.00329 0.843017 0
-8.90314 19.2778 1.27997 2.00788 4.62385 1.48472 137798 0 2.00804 0.84276 0
-2.04974 34.3437 1.05347 2.11213 4.84333 1.70099 159815 0 -1.09639 0.841838 0
-17.6655 13.1525 1.92027 2.23292 4.93586 1.86723 128878 0 -1.15322 0.840627 0
14.4683 23.8987 0.768533 2.17791 5.0681 1.84153 144423 0 1.8772 0.839716 0
26.1033 16.8403 0.0503878 1.98321 4.52603 1.57134 134163 0 -1.35136 0.835129 0
-37.0618 16.7038 2.68552 1.97585 4.23017 1.66118 133966 0 2.10248 0.834386 0
-0.229904 36.8871 0.83685 1.98513 4.4667 1.56503 163565 0 2.09601 0.832088 0
-10.3519 -4.66205 1.28138 2.02588 4.38925 1.61571 102693 0 0.157195 0.827451 0
-28.4083 24.8315 2.34677 2.12549 4.42918 1.68536 145693 0 -1.04843 0.8251 0
-11.0731 13.3997 1.48247 1.84101 3.9788 1.71164 128899 0 1.98332 0.824061 0
2.40306 42.0916 0.641043 1.95083 4.43034 1.52147 171061 0 2.04644 0.822392 0
14.2333 20.9673 0.459015 2.058 4.72723 1.53978 140210 0 1.85695 0.816456 0
-39.1872 7.44548 3.06645 2.09914 4.53789 1.62118 120387 0 -1.26315 0.804303 0
-14.5621 20.709 1.6369 1.97875 4.34692 1.60033 139652 0 -1.14132 0.79961 0
5.3338 20.0051 0.883225 2.13447 4.9629 1.80972 138778 0 -1.18844 0.79449 0
-10.0328 30.8521 1.57643 2.07261 4.81993 1.71449 154642 0 -1.14293 0.783228 0
-3.35168 31.8942 0.922261 1.94818 4.44761 1.43629 156067 0 -1.21809 0.778376 0
9.3923 26.9562 0.639457 1.94985 4.33808 1.52735 149087 0 -1.10954 0.777393 0
8.46021 24.3882 0.580458 1.97579 4.58908 1.50891 145340 0 -1.14312 0.77346 0
-13.5501 22.9651 1.59214 1.94782 4.52499 1.55424 142931 0 -1.08815 0.763929 0
29.9169 12.8588 0.104285 2.06589 4.77991 1.75703 128559 0 1.78994 0.757013 0
-10.9986 28.2707 1.48992 2.04668 4.73869 1.51104 150895 0 -1.07006 0.756725 0
-23.1462 31.5867 2.27683 2.11567 4.66583 1.69036 155537 0 -1.15055 0.754335 0
4.9569 47.6005 0.917363 1.89408 4.19863 1.72363 179025 0 2.05369 0.750612 0
-12.3522 25.99 1.51379 2.04649 4.70701 1.52218 147615 0 -1.11621 0.748935 0
31.5052 15.5611 -0.162853 2.02904 4.51293 1.56962 132308 0 1.78403 0.744031 0
14.8835 36.6743 0.592826 2.14128 4.89872 1.8439 163144 0 -1.06316 0.739753 0
26.4353 22.5885 0.0768005 1.85597 4.10287 1.44492 142588 0 -1.40083 0.738564 0
-35.0805 22.2247 2.68818 2.14678 4.68488 1.84771 141928 0 -1.06166 0.737308 0
62.2399 6.25871 -2.14126 2.05399 4.51394 1.75226 118832 0 -1.33058 0.733754 0
-2.32956 33.3929 1.10488 0.769676 0.763702 1.72283 158410 0 -1.18871 0.730326 1
0.520607 39.9346 0.885302 2.07581 4.57299 1.83733 167779 0 2.08663 0.729524 0
49.0626 -6.59477 -1.10257 0.901625 1.03541 1.75481 100071 0 -1.68263 0.715462 1
12.3119 31.8424 0.5843 2.10177 4.75965 1.62763 156116 0 -1.11857 0.714715 0
50.1004 10.4171 -1.43075 2.0263 4.58501 1.66321 124878 0 1.73497 0.707955 0
-26.4676 27.3184 2.32733 2.10086 4.83437 1.68579 149443 0 -1.08475 0.704139 0
44.0348 -5.32014 -0.922783 0.933235 0.975821 1.96647 101927 0 1.73893 0.701406 1
26.3616 19.7728 0.000461459 2.03199 4.72686 1.55526 138376 0 -1.33642 0.695971 0
46.3409 0.417473 -1.08236 0.953263 1.00812 1.76089 110358 0 -0.987024 0.688775 1
-21.8973 36.9285 2.17127 2.31808 5.85399 1.8713 163497 0 -1.12327 0.685919 0
-49.8127 21.213 3.52046 1.99019 4.35257 1.64365 140478 0 2.05441 0.668917 0
43.091 15.2559 -1.01278 1.87863 4.28211 1.48737 131876 0 -1.30596 0.647232 0
46.2217 -4.35899 -1.16835 0.932806 0.991477 1.84303 103338 0 1.94594 0.625215 1
13.5629 34.3759 0.493152 2.0675 4.55142 1.67572 159864 0 -1.09303 0.612748 0
28.3282 28.2805 0.273758 2.0781 4.6633 1.60264 151018 0 -1.35368 0.589116 0
8.15432 64.5284 0.40131 1.97535 4.41721 1.51843 203839 0 -1.05155 0.554426 0
-2.20241 33.4045 1.05829 0.814745 0.869335 1.75005 158411 0 -1.3402 0.529546 1
32.1636 18.4391 -0.062328 2.23668 4.91361 1.8177 136522 0 1.77067 0.528489 0
35.6611 66.3329 -0.139044 2.05047 4.63151 1.5845 206733 0 1.67738 0.52073 0
9.7182 68.6417 0.438358 1.97646 4.47398 1.59571 209928 0 -1.03002 0.518906 0
-43.0477 32.7833 3.14304 2.13719 4.72704 1.80089 157347 0 -1.25546 0.51262 0
43.7955 -4.54973 -0.816889 0.949491 1.01932 1.91297 102862 0 -1.53961 0.493135 1
15.507 26.7147 0.657258 2.08984 4.80026 1.64267 148638 0 1.91909 0.488548 0
-45.8697 4.01913 3.68734 0.873155 1.71216 1.81003 115218 0 -1.18881 0.488112 2
-9.79685 59.9485 1.6713 2.13223 4.86036 1.68936 197231 0 1.90362 0.448115 0
-4.10046 47.3036 1.20831 0.836538 0.85567 1.74194 178529 0 3.02824 0.447077 1
44.2266 -5.29367 -0.926519 0.958642 1.01907 2.01911 101928 0 1.74237 0.434168 1
32.4964 21.3289 -0.0113403 1.94657 4.54745 1.72139 140735 0 1.75353 0.429143 0
-1.40446 47.8543 1.21714 2.2206 5.04582 1.94286 179473 0 -1.04791 0.425225 0
-7.53353 35.3894 1.239 2.04005 4.86746 1.50001 161202 0 -1.15557 0.423104 0
27.3799 25.4552 0.103433 1.86225 4.26897 1.44849 146803 0 -1.41606 0.41667 0
33.1916 -5.193 -0.213432 0.882944 0.941036 1.61971 101893 0 0.768279 0.404804 1
46.1809 -4.5185 -1.14996 0.912766 0.975779 1.83381 102870 0 1.93169 0.404575 1
-29.5652 22.5457 2.33296 2.04028 4.56224 1.61525 142413 0 2.36577 0.404217 0
-2.3194 46.9245 1.27775 0.81542 0.768945 1.78593 178066 0 -2.26349 0.398321 1
-8.72288 17.9534 1.34233 0.840874 0.868665 1.63032 135926 0 2.30517 0.391801 1
-2.33552 33.255 1.10361 0.799643 0.789501 1.71582 157942 0 -0.970292 0.388097 1
-5.24268 65.8113 1.54907 1.9953 4.63342 1.5858 205669 0 -1.16536 0.38616 0
25.8528 19.778 0.00761582 1.74302 3.68814 1.46736 138374 0 -1.35329 0.380493 0
-64.1649 32.484 3.8041 1.97551 4.32204 1.6606 156813 0 -1.25124 0.379578 0
32.1758 21.5874 -0.0647896 1.82249 4.11269 1.65323 141202 0 1.75785 0.375783 0
15.2608 26.4698 0.662902 2.02805 4.57781 1.62161 148169 0 1.93807 0.355163 0
27.9764 25.4532 0.115895 1.893 4.40809 1.47461 146805 0 -1.3978 0.355142 0
-4.21425 47.4023 1.21979 0.829752 0.888836 1.7678 178996 0 2.54318 0.351731 1
-29.2931 22.2969 2.28885 1.89195 4.20057 1.5133 141946 0 -1.28491 0.347225 0
13.0557 34.4159 0.522301 2.18311 4.96722 1.73991 159862 0 -1.11496 0.343176 0
32.7966 24.4783 0.0492948 1.98207 4.39739 1.62565 145416 0 -1.43365 0.342318 0
-10.3748 59.9979 1.60757 2.01727 4.52942 1.64615 197229 0 1.97276 0.335223 0
46.4532 0.293953 -1.16014 0.959726 1.07254 1.77009 109891 0 -0.717537 0.333986 1
31.8447 24.5686 0.0778944 1.89204 4.25243 1.55542 145413 0 1.7538 0.333907 0
44.0217 -5.47982 -0.981224 0.931899 1.00861 1.95007 101459 0 1.71725 0.333592 1
-2.20005 46.9283 1.2599 0.804506 0.738227 1.81498 178067 0 -2.04017 0.331357 1
35.1046 66.1446 -0.201907 1.65894 3.87392 1.46469 206263 0 1.70343 0.324163 0
-28.0312 66.407 2.24612 2.0624 4.6474 1.6518 206534 0 -1.37379 0.322517 0
-63.6051 37.1897 3.45849 0.856451 0.856426 1.728 163835 0 -0.47864 0.320735 1
49.345 -6.55088 -1.18304 0.927921 1.13484 1.75838 100072 0 -1.74367 0.318368 1
43.8916 -4.41811 -0.786229 0.913088 1.01211 1.92408 103331 0 -1.50017 0.315088 1
-9.10996 36.0322 1.66294 2.02065 4.46633 1.55972 162133 0 -1.20876 0.310138 0
35.0639 32.8375 -0.0573638 2.06486 4.83745 1.65879 157591 0 1.75429 0.303831 0
-45.7064 3.96387 3.7086 0.86246 1.50095 1.78173 115219 0 -0.971654 0.300152 2
62.8969 12.9713 -2.01025 1.95257 4.28653 1.66209 128662 0 -1.40375 0.293304 0
31.2892 18.4416 -0.118632 2.15511 4.91596 1.77817 136519 0 1.74946 0.291995 0
4.4493 47.8695 0.939907 2.17254 5.3212 1.83255 179491 0 2.03444 0.291911 0
44.0037 6.84646 1.14097 0.73511 0.760875 1.73045 119711 0 0.073581 0.289115 1
50.708 13.6599 -1.16118 2.13504 5.12714 1.76135 129560 0 1.59476 0.285705 0
-8.10606 35.4423 1.34329 2.04397 4.68271 1.47749 161200 0 -1.17362 0.285044 0
49.0389 -6.73318 -1.09405 0.97567 1.06936 1.80288 99603 0 -1.751 0.284255 1
33.3388 -5.22527 -0.251017 0.881754 1.20465 1.70253 101894 0 0.319446 0.282035 1
27.6708 25.2013 0.0990036 1.86318 4.26059 1.47454 146336 0 -1.4078 0.280875 0
46.0467 -4.40583 -1.1512 0.918643 0.973575 1.8184 103337 0 2.36798 0.279171 1
-54.5079 5.25058 4.09624 2.12788 4.86451 1.74312 117063 0 -0.111079 0.276745 0
63.1753 13.2507 -1.99883 2.04182 4.4957 1.72529 129131 0 -1.47798 0.273816 0
27.0534 28.5885 0.329749 2.0471 4.78614 1.61976 151482 0 1.74397 0.267638 0
-57.1002 6.26195 4.16355 2.03002 4.49547 1.63859 118459 0 0.267348 0.264513 0
-0.850647 47.5233 1.22214 2.00533 4.63347 1.86095 179007 0 -1.02722 0.263667 0
-29.0119 22.5227 2.26339 1.80631 3.94286 1.44352 142415 0 -1.26923 0.26366 0
43.0588 15.7355 -1.00472 1.92075 4.22521 1.52551 132812 0 -1.46855 0.261558 0
62.7974 6.21829 -2.12268 2.43543 5.79031 2.08191 118834 0 -1.35561 0.260609 0
63.1801 12.6532 -1.97857 2.06115 4.59946 1.75867 128195 0 -1.33771 0.260139 0
-50.2916 21.2787 3.51394 2.24158 5.32549 1.86086 140476 0 1.96843 0.255477 0
-63.8971 32.7634 3.79505 1.98714 4.29422 1.62513 157282 0 -0.764177 0.253233 0
9.20535 68.9661 0.384072 2.24884 5.54234 1.83968 210394 0 -1.05499 0.253066 0
-43.6258 33.0875 3.22222 2.45119 5.8741 2.06035 157813 0 -1.22107 0.248594 0
31.8777 21.333 -0.101747 1.83217 4.15852 1.61392 140733 0 1.74613 0.247636 0
28.6087 25.4385 0.12287 1.91459 4.33535 1.51634 146807 0 -1.42393 0.246408 0
-3.68079 35.3333 1.21465 0.812922 0.826522 1.70151 161214 0 -1.10986 0.246004 1
-29.8463 22.5533 2.39266 2.10925 4.91504 1.71266 142412 0 -1.75823 0.244964 0
-64.4403 32.2126 3.83725 2.06733 4.57937 1.73999 156344 0 -1.39798 0.244577 0
15.7706 26.9951 0.669602 2.14206 4.9138 1.68304 149107 0 1.88771 0.24221 0
46.4706 -4.07281 -1.28134 0.836118 0.917318 1.78188 103807 0 1.90995 0.241491 1
0.200516 10.1084 0.760064 1.96742 4.51354 1.49807 124254 0 -1.23602 0.24046 0
12.2097 -11.6568 0.745754 0.856617 0.983111 1.67406 92468 0 -2.9449 0.239457 1
32.7791 21.0208 0.0149151 1.97264 4.52802 1.74064 140268 0 1.72769 0.239297 0
46.0317 -4.54057 -1.12701 0.891094 0.940615 1.79839 102869 0 2.56833 0.238927 1
31.8599 21.8679 -0.095228 1.77395 3.98268 1.56017 141669 0 1.7639 0.238668 0
46.3093 -4.10061 -1.24235 0.846413 0.902229 1.76756 103806 0 2.06131 0.237787 1
-65.7339 30.2289 3.83384 2.07087 4.58023 1.73656 153532 0 1.94587 0.23619 0
4.99174 9.03184 0.897728 0.824934 1.09643 1.65085 122865 0 -1.42742 0.234322 1
31.5798 21.6156 -0.139828 1.8516 4.18512 1.59018 141200 0 1.75824 0.233787 0
33.1597 39.5573 1.04999 0.852342 1.97875 1.79039 167413 0 0.126667 0.233774 2
44.597 -5.25639 -0.989667 0.864879 0.936658 1.89932 101929 0 1.70529 0.232222 1
-2.19753 33.2532 1.05742 0.803202 0.804931 1.71962 157943 0 -1.17553 0.231371 1
44.6118 -5.02676 -1.02897 0.87383 0.941081 1.89782 102397 0 1.78751 0.230158 1
61.6006 13.2654 -2.16736 2.01344 4.4396 1.69508 129126 0 1.64318 0.228507 0
53.5841 13.5677 -1.61395 2.05679 4.54482 1.60244 129569 0 1.70184 0.228447 0
43.9986 -5.02025 -0.898609 0.940081 0.973001 1.93747 102395 0 -1.73433 0.224852 1
46.4577 -4.26638 -1.19955 0.888239 0.964333 1.81687 103339 0 1.86916 0.22479 1
-13.8692 10.2947 1.30371 0.787106 0.862539 1.70901 124678 0 -0.745816 0.223916 1
61.7065 6.28954 -2.05346 1.75086 3.70559 1.58423 118830 0 -1.28466 0.223377 0
31.8416 18.186 -0.100561 2.16085 4.74869 1.76316 136053 0 1.76163 0.223079 0
27.0898 25.191 0.0736555 1.79813 4.11821 1.4366 146334 0 -1.41194 0.222261 0
32.4487 21.8594 -0.0435959 1.87364 4.34042 1.63889 141671 0 1.74281 0.221904 0
-29.3114 22.7969 2.3141 1.90154 4.2914 1.59103 142882 0 2.18808 0.221222 0
67.9894 20.906 -1.65186 0.819316 0.872829 1.76259 140378 0 1.46077 0.220132 1
-3.36672 32.3434 0.957747 2.01716 4.91894 1.5036 157003 0 -1.11875 0.219282 0
28.2762 25.6939 0.121241 1.93052 4.37662 1.49282 147274 0 -1.40537 0.218721 0
12.0078 -10.3754 0.631243 0.826662 1.36696 1.74428 94339 0 -1.52732 0.218594 2
-8.56937 17.9923 1.30187 0.764196 0.807669 1.5145 135927 0 2.17976 0.21705 1
-8.85886 36.2679 1.63356 2.03158 4.48037 1.54722 162602 0 -1.17618 0.215811 0
-7.86149 35.8983 1.36191 2.10314 4.77356 1.49572 162137 0 -1.19798 0.215761 0
-63.7207 37.0788 3.46012 0.868773 0.875139 1.76994 163366 0 0.00988175 0.21544 1
-2.61172 33.4084 1.13637 0.806726 0.819594 1.70231 158409 0 -1.06391 0.214263 1
-54.5347 5.03459 4.06688 2.12561 4.78595 1.74737 116595 0 -2.91883 0.211664 0
62.8973 12.3583 -2.01513 1.97543 4.38072 1.69416 127726 0 -1.32499 0.210242 0
63.4894 12.323 -1.9194 2.24238 5.23341 1.91144 127728 0 -1.29838 0.207945 0
-5.83144 66.1374 1.55829 2.27607 5.72701 1.8131 206135 0 -1.15387 0.207477 0
-47.2046 9.1507 3.59888 2.07619 4.40989 1.67274 122702 0 -1.14979 0.207377 0
74.0347 -11.3841 -1.29005 2.17377 5.02217 1.93297 93129 0 -1.41342 0.207245 0
-2.32758 47.0793 1.28111 0.869497 0.869801 1.82868 178534 0 -2.27075 0.206971 1
27.325 28.5597 0.349576 2.01899 4.6063 1.59232 151483 0 -1.05807 0.206537 0
8.14134 65.014 0.417713 2.13353 4.95291 1.60944 204775 0 -0.89637 0.205315 0
53.3099 13.3298 -1.61377 2.01208 4.42636 1.58202 129100 0 1.80545 0.204133 0
62.6098 12.6588 -2.02949 1.91779 4.17688 1.64014 128193 0 -1.33878 0.203944 0
12.2942 32.3673 0.624546 2.26357 5.2717 1.74687 157052 0 -1.07481 0.202438 0
50.6287 10.6538 -1.58251 2.31472 5.45423 1.86026 125348 0 1.65257 0.201519 0
-55.8561 9.11593 3.95825 0.870965 0.917038 1.71479 122675 0 1.89044 0.201501 1
44.2366 -5.49569 -0.974767 0.969612 1.04624 1.99952 101460 0 1.80095 0.200618 1
33.3832 24.4707 0.0359966 2.15498 4.83166 1.71458 145418 0 1.4919 0.200383 0
-17.449 57.4588 1.99488 2.14052 4.87219 1.8443 193463 0 2.18089 0.200383 0
-64.7356 32.4893 3.90299 2.28417 5.36759 1.96096 156811 0 -1.26659 0.197315 0
26.754 25.7238 0.085317 1.94158 4.45945 1.47498 147269 0 -1.40606 0.195784 0
-27.6208 21.9399 2.15401 0.775671 0.836276 1.52641 141483 0 1.93876 0.195542 1
27.7185 28.358 0.353465 1.85113 4.09733 1.55288 151016 0 -1.3394 0.193437 0
62.2649 12.9879 -2.02013 1.95429 4.37309 1.65846 128660 0 -1.01581 0.192078 0
-18.0643 57.7704 2.03907 2.18291 4.94629 1.83867 193929 0 2.02283 0.192024 0
31.2487 15.3188 -0.171315 1.95396 4.34702 1.55514 131839 0 1.77269 0.190328 0
4.52365 6.46839 0.589569 0.644528 0.712762 1.19677 119120 0 -0.606294 0.189272 1
-8.70771 17.6032 1.33617 0.874117 0.847398 1.74086 134990 0 2.4229 0.188851 1
18.7699 32.1596 0.887383 0.745498 0.714892 1.83499 156604 0 1.9593 0.18858 1
61.9174 13.0017 -2.12638 1.98684 4.40516 1.68057 128659 0 1.59812 0.187578 0
-1.76853 48.419 1.24284 2.30043 5.2075 1.89412 180408 0 -0.98982 0.187563 0
62.8988 13.5338 -1.99367 2.01034 4.4563 1.6944 129598 0 -1.54846 0.187413 0
43.8093 -5.32661 -0.941639 0.914036 0.988618 1.89045 101926 0 2.7989 0.184334 1
-9.77071 59.4426 1.65057 2.12161 4.90597 1.71167 196295 0 2.05415 0.183864 0
7.89883 64.2646 0.381102 2.04369 4.67331 1.57938 203370 0 -1.21341 0.183385 0
35.6712 32.5692 -0.0507267 1.83116 4.16625 1.5742 157125 0 1.75329 0.182827 0
-47.8271 27.0491 3.47017 1.99492 4.36574 1.66196 148908 0 1.98079 0.181852 0
-28.948 21.9745 2.25283 1.95612 4.3201 1.49334 141479 0 -1.04661 0.180405 0
13.8139 34.6239 0.513956 2.09524 4.5795 1.72798 160333 0 -1.06416 0.178373 0
-57.0853 6.82192 4.27658 1.93638 4.40318 1.59828 119395 0 0.27852 0.176882 0
-63.8511 29.892 3.58343 0.836841 0.86869 1.74823 153070 0 0.858899 0.17495 1
-10.6144 -4.42467 1.29295 1.91473 4.03226 1.62495 103160 0 0.198075 0.174003 0
14.0261 -12.0034 0.684439 0.768978 0.838388 1.63771 92005 0 1.57128 0.173975 1
52.6663 13.5827 -1.52537 2.11865 4.75007 1.61996 129566 0 1.79669 0.173925 0
-2.82184 31.8436 0.888598 1.70711 3.50656 1.31344 156069 0 -1.2093 0.173772 0
-65.4725 30.5119 3.80228 1.98805 4.39625 1.66554 154001 0 2.18056 0.173709 0
-29.848 22.3125 2.40695 2.10756 4.81408 1.68521 141944 0 -1.29734 0.173597 0
-28.6391 22.2316 2.23472 1.82283 3.91576 1.49583 141948 0 -1.03694 0.172539 0
26.9697 22.3579 0.0126844 2.02643 4.6522 1.53187 142122 0 -1.36124 0.17147 0
43.9877 6.65565 1.18684 0.797386 1.02201 1.76475 119243 0 0.144339 0.170806 1
63.208 12.0265 -1.9738 2.14273 4.98081 1.82824 127259 0 -1.34046 0.170724 0
13.6931 21.1966 0.45047 1.74392 3.7619 1.44597 140676 0 1.86321 0.169425 0
14.5493 37.1498 0.589399 2.46902 6.09546 2.02169 164079 0 -1.00114 0.169206 0
-28.2739 66.1724 2.19748 1.9075 4.38114 1.58962 206065 0 -1.35192 0.169157 0
50.6521 10.1686 -1.69672 2.17373 5.17372 1.83572 124412 0 1.75977 0.169105 0
-14.8872 21.1588 1.61615 2.06328 4.79729 1.56241 140587 0 -1.13658 0.168679 0
16.487 29.5914 0.679895 2.0988 4.81934 1.64255 152853 0 1.97927 0.16781 0
-47.4034 6.13365 3.85566 0.959893 1.04984 1.72545 118489 0 2.57955 0.16761 1
44.885 -5.25328 -1.03934 0.924332 1.0132 1.88117 101930 0 1.73245 0.166751 1
50.1136 10.9542 -1.41383 2.122 4.7925 1.70908 125814 0 1.61585 0.165668 0
32.7597 20.6685 0.0420102 1.0716 1.5692 1.7067 139800 0 1.74127 0.165117 1
-42.5042 32.7524 3.14319 1.94983 4.14894 1.70783 157349 0 -1.1871 0.164447 0
5.15177 9.05837 0.911258 0.841531 1.21618 1.71047 122866 0 -1.41857 0.164409 1
-38.4675 14.1421 1.99047 0.841803 1.17086 1.81797 130217 0 -1.93197 0.164115 2
35.6561 65.8808 -0.183798 1.87554 4.46172 1.57363 205797 0 1.53711 0.163843 0
-18.3797 57.1475 1.93164 0.810663 0.830284 1.75298 192992 0 2.4125 0.163593 1
49.4125 -6.32517 -1.27983 0.910326 1.08136 1.74583 100540 0 -1.79006 0.162473 1
11.3703 -3.56535 2.04217 0.7447 0.777157 1.75596 104165 0 0.195438 0.162299 1
44.9003 -5.00507 -1.07923 0.930815 1.01253 1.88223 102398 0 1.72819 0.16181 1
44.2997 -5.02472 -0.940295 0.883089 0.941599 1.94947 102396 0 -2.40101 0.161608 1
2.93553 41.7738 0.647801 1.70208 3.02744 1.45841 170595 0 2.08396 0.161241 0
-49.7366 20.7663 3.39477 1.80394 3.82466 1.5242 139542 0 1.91455 0.160062 0
41.1719 -3.04901 -0.809672 0.827136 0.860327 1.72724 105194 0 1.65484 0.159848 1
62.5597 9.11561 -2.23991 2.00859 4.47796 1.76455 123045 0 -1.4054 0.159835 0
-45.9135 4.16576 3.72138 0.864093 1.65653 1.77705 115686 0 -1.12511 0.1598 2
-64.4579 33.0519 3.89689 2.28351 5.37379 1.94723 157748 0 -0.906038 0.15967 0
1.80842 -5.38638 1.71273 0.809295 0.928998 1.79073 101795 0 -1.71876 0.159004 1
-65.1555 29.9388 3.70097 2.00948 4.48946 1.68391 153066 0 1.64944 0.158674 0
-66.0334 29.9505 3.83989 2.23009 4.94732 1.87357 153063 0 1.818 0.157918 0
-38.3348 14.007 1.96445 0.816904 1.23482 1.82021 129750 0 -1.92749 0.157799 2
21.2721 39.1856 0.432093 2.04839 4.5235 1.73683 166908 0 -0.975761 0.157716 0
-28.5889 66.6379 2.24054 2.00004 4.37183 1.63896 207000 0 -1.39579 0.156195 0
72.2272 -12.2858 -1.46132 1.94953 4.35373 1.84877 91719 0 -3.05138 0.155849 0
-9.19501 59.9558 1.65214 2.20329 5.11789 1.77895 197233 0 1.83639 0.155663 0
-43.611 32.5485 3.09007 2.42434 5.78406 2.03542 156877 0 -1.35293 0.154216 0
20.6366 39.5322 0.34575 2.03673 4.68322 1.68074 167374 0 -0.892744 0.153108 0
49.7164 -6.28056 -1.30643 0.802508 0.94099 1.63321 100541 0 -1.9678 0.152848 1
32.7626 20.4212 0.031044 0.924381 1.10978 1.72993 139332 0 1.74042 0.151864 1
-2.17834 47.0874 1.27032 0.876067 0.897205 1.85769 178535 0 -1.86825 0.15149 1
-17.1098 57.1822 2.01222 2.16791 4.83727 1.8265 192996 0 3.00532 0.151366 0
33.2963 39.5562 1.05249 0.869435 1.85847 1.80009 167414 0 0.115239 0.150854 2
-10.9731 60.3068 1.54956 2.22531 5.26261 1.80491 197695 0 2.01679 0.150729 0
32.8463 -5.05116 -0.231391 0.840199 1.12896 1.46463 102360 0 1.38876 0.149826 1
34.1048 -5.59969 -0.25672 0.872061 0.954598 1.76391 101428 0 0.24948 0.149398 1
-54.5121 5.50435 4.19218 2.19711 5.11718 1.83517 117531 0 -2.41149 0.148878 0
-55.8555 9.36253 3.94535 0.889714 0.961966 1.73135 123143 0 1.91698 0.148817 1
48.2124 14.9699 -0.37145 0.896972 0.927 1.86559 131424 0 1.71855 0.148691 1
26.9623 22.7552 0.0405515 2.07684 4.86615 1.57934 143058 0 -1.41299 0.148541 0
51.3115 13.8891 -1.25505 2.08655 4.66267 1.68744 130030 0 1.68353 0.148452 0
50.7161 14.1551 -0.996185 2.25535 5.36791 1.90962 130496 0 1.66347 0.147911 0
26.4417 25.4845 0.109539 1.92307 4.35864 1.47103 146800 0 -1.4158 0.147447 0
62.5804 12.0153 -2.02329 1.97169 4.40124 1.66738 127257 0 -1.39096 0.147399 0
36.3005 32.5543 -0.069773 1.98379 4.70107 1.65495 157127 0 1.66154 0.147207 0
4.71583 9.04031 0.941208 0.824935 1.88271 1.68381 122864 0 -1.45373 0.147038 2
-47.2284 27.0321 3.34238 1.95244 4.27831 1.67471 148910 0 1.94265 0.146506 0
-29.8713 22.8136 2.41247 2.18805 5.1317 1.77333 142880 0 -2.70112 0.146377 0
-1.0929 47.287 1.22844 1.97306 4.13627 1.82924 178538 0 -1.02267 0.145956 0
-16.7953 57.1424 2.06775 2.17849 4.91553 1.84932 192997 0 1.3117 0.145468 0
68.0081 20.7526 -1.64211 0.838111 0.892324 1.7675 139910 0 1.40746 0.145133 1
33.0737 21.577 -0.0276277 1.92377 4.43949 1.69395 141205 0 1.76222 0.14349 0
66.4022 0.79969 -2.49662 1.95856 4.29873 1.67199 110889 0 1.75048 0.143465 0
-4.94867 39.8384 1.36986 1.77646 3.55926 1.58439 167762 0 -0.513776 0.143301 0
-5.27793 39.8427 1.39685 1.99781 4.51789 1.58397 167761 0 -0.354843 0.143226 0
32.7184 18.6169 -0.0475982 2.39308 5.19159 1.88151 136992 0 1.76415 0.143178 0
26.0881 25.7685 0.123129 1.98529 4.48192 1.52001 147267 0 -1.38797 0.14282 0
62.8745 8.82173 -2.23059 1.98905 4.45169 1.76134 122578 0 -1.37799 0.142671 0
35.9455 66.6022 -0.121956 2.24038 5.0915 1.71855 207202 0 1.59028 0.14259 0
63.9705 -9.15483 -1.16494 0.860479 0.897496 1.78669 96373 0 1.53524 0.142432 1
32.7364 18.1766 -0.061095 2.1727 4.72309 1.72938 136056 0 1.76805 0.142228 0
32.5299 20.6822 0.031921 1.33602 2.39551 1.72009 139799 0 1.75306 0.142215 0
-47.2213 10.0355 3.73187 0.940932 1.27812 1.76354 124106 0 -1.16073 0.142161 1
-46.9238 9.4137 3.65284 1.90101 4.12701 1.68443 123171 0 -1.14465 0.141962 0
62.2508 13.5413 -2.02224 2.00701 4.4368 1.7029 129596 0 1.99994 0.141955 0
61.9095 13.5311 -2.08898 2.04361 4.51795 1.72086 129595 0 1.72853 0.14175 0
19.9679 40.1252 0.23159 1.80987 4.33283 1.61942 168308 0 -0.966336 0.141698 0
50.1335 13.8809 -0.911562 2.33909 5.71236 2.02215 130026 0 1.59704 0.141599 0
-18.7317 58.3541 2.18293 2.19411 4.9606 1.82746 194863 0 2.14776 0.14155 0
69.919 21.6054 -1.35224 2.06866 4.58318 1.71298 141320 0 -1.63703 0.141411 0
-27.7458 66.6291 2.30083 2.30116 5.22735 1.81268 207003 0 -1.3824 0.141325 0
65.7598 0.810699 -2.18679 2.00731 4.38609 1.63552 110887 0 1.75402 0.141055 0
26.1559 22.3604 0.0708589 1.6289 3.40039 1.38791 142119 0 -1.3833 0.140822 0
44.2022 6.85505 1.32969 0.771743 1.16933 1.77231 119712 0 -0.0870984 0.140785 1
-47.8091 9.17101 3.60341 2.06351 4.49834 1.65396 122700 0 -1.19351 0.140662 0
53.3035 13.8466 -1.57427 2.0391 4.42855 1.60777 130036 0 1.55068 0.1405 0
-4.95882 40.1607 1.34272 2.00051 4.54592 1.60299 168230 0 -0.285737 0.140461 0
-4.97183 40.4738 1.33236 1.99288 4.49133 1.61929 168698 0 0.696583 0.14025 0
-5.28018 40.4725 1.3379 2.02565 4.56771 1.62435 168697 0 1.37599 0.14009 0
-2.03528 47.8946 1.27595 2.25202 4.82098 1.94542 179471 0 -1.11982 0.13936 0
-5.28676 40.1613 1.36867 2.02771 4.62992 1.619 168229 0 0.415066 0.139128 0
49.1222 -6.3609 -1.16707 0.93862 1.12277 1.76165 100539 0 -1.69538 0.139004 1
65.1332 0.812645 -1.99691 1.98932 4.35438 1.60171 110885 0 1.84466 0.138568 0
12.2535 -11.4216 0.773301 0.860837 1.41301 1.66397 92936 0 -3.06235 0.138331 2
-45.6488 3.79948 3.79092 0.919917 1.19226 1.79105 114751 0 -1.0648 0.138313 1
50.405 13.3523 -1.19004 2.14558 5.1809 1.79359 129091 0 1.6136 0.138284 0
33.4025 24.2645 0.0432812 2.1312 4.90133 1.71037 144950 0 1.85583 0.13805 0
-10.6575 59.7616 1.54587 1.94076 4.41919 1.60611 196760 0 2.03051 0.137678 0
-48.1436 26.7319 3.58952 1.97322 4.35254 1.66658 148439 0 1.94695 0.137237 0
33.3222 -5.07388 -0.248751 0.898376 1.13674 1.70473 102362 0 0.460546 0.137156 1
-17.4211 57.1698 1.94713 2.13904 4.53251 1.80041 192995 0 -2.79003 0.137082 0
32.499 45.5965 0.0186083 2.05445 4.60289 1.7279 176303 0 -0.0891615 0.136533 0
11.7426 32.3975 0.674037 2.35654 5.77322 1.89867 157050 0 -1.07382 0.136492 0
61.9224 9.12783 -2.23494 1.98667 4.37115 1.74479 123043 0 -1.39586 0.136372 0
-47.2067 9.78174 3.72181 1.07351 1.8168 1.7212 123638 0 -1.10958 0.136332 0
46.3001 0.681786 -1.12212 0.932538 1.11109 1.74703 110826 0 -0.591746 0.136152 1
53.6122 13.0236 -1.67596 1.98622 4.39294 1.59056 128633 0 1.84581 0.135972 0
-47.8291 9.71696 3.66779 1.95853 4.36387 1.66771 123636 0 -1.04273 0.13553 0
13.604 33.8826 0.475685 1.95319 4.32952 1.63838 158928 0 -1.11963 0.135255 0
32.1625 46.2447 0.0329874 2.10275 4.70471 1.77178 177238 0 -0.509638 0.135157 0
-54.5306 18.1916 3.75341 0.809154 0.811983 1.61454 135783 0 -0.934317 0.135144 1
-46.5984 9.08273 3.59553 2.03285 4.32509 1.69794 122704 0 -1.15231 0.135064 0
-47.4876 9.75211 3.70945 1.4488 2.53532 1.69648 123637 0 -1.04709 0.134854 0
-4.6422 39.8552 1.37433 1.04866 1.48694 1.60469 167763 0 -0.856036 0.134185 1
62.2518 8.83257 -2.24868 1.97089 4.32332 1.74052 122576 0 -1.37689 0.133906 0
-51.3756 5.62782 4.2748 0.870315 0.924395 1.68872 117541 0 1.86224 0.133865 1
43.7437 -4.94919 -0.88638 0.947805 0.98528 1.87227 102394 0 -1.65119 0.133677 1
9.67308 69.1732 0.451274 2.368 5.34187 1.76588 210864 0 -0.887246 0.133144 0
-7.00512 21.6302 1.27174 1.78654 3.77572 1.52827 141080 0 1.9917 0.132977 0
62.254 6.76653 -2.1828 2.04711 4.46286 1.75333 119768 0 -1.40091 0.132712 0
-55.6108 9.10796 3.95889 0.836252 0.901925 1.72437 122676 0 1.85274 0.132663 1
-3.90105 35.3317 1.26223 0.818935 0.836231 1.71057 161213 0 -1.02594 0.13206 1
69.6372 21.9195 -1.351 1.99966 4.4045 1.66126 141787 0 -1.66418 0.130792 0
-65.117 38.5435 3.89601 1.98465 4.32361 1.65219 165702 0 -1.16922 0.130791 0
42.746 -5.88027 -1.12543 0.916855 0.999004 1.79205 100987 0 1.64272 0.130549 1
67.3465 3.98916 -2.14255 1.892 4.16598 1.66473 115572 0 1.71647 0.130514 0
49.7076 -6.53684 -1.25554 0.822074 0.970039 1.65283 100073 0 -1.92057 0.130421 1
63.1856 9.12437 -2.25398 2.12097 4.81227 1.84712 123047 0 -1.40751 0.130416 0
12.3389 31.3336 0.592215 2.0141 4.4465 1.6558 155180 0 -1.1481 0.129972 0
31.5325 18.936 -0.116507 2.17269 4.82571 1.80183 137456 0 1.81219 0.129824 0
62.2264 9.41609 -2.17943 1.97797 4.33937 1.72433 123512 0 -1.38972 0.129396 0
-56.871 5.97758 4.12185 2.05732 4.58054 1.70407 117992 0 0.225751 0.129302 0
21.8706 39.1936 0.489471 2.13258 4.8075 1.79803 166910 0 -1.14028 0.128982 0
4.70669 8.85679 0.917612 0.834331 1.83455 1.65789 122396 0 -1.49785 0.128899 2
-43.0813 33.3579 3.21146 2.44515 5.53317 1.9633 158283 0 -1.00437 0.128813 0
-16.498 57.0993 2.12034 2.22268 5.02452 1.88907 192998 0 -1.10658 0.128759 0
-59.656 6.87775 4.22428 2.05999 4.6257 1.66217 119387 0 0.269479 0.128481 0
25.8689 22.6167 0.0603977 1.71551 3.76783 1.43066 142586 0 -1.42077 0.128136 0
-29.9545 20.2972 2.2999 1.84158 4.0252 1.46469 139136 0 -1.11667 0.128038 0
62.8792 9.4143 -2.22552 2.08734 4.6644 1.82623 123514 0 -1.40251 0.127861 0
62.2779 12.3322 -2.04265 1.9689 4.3647 1.6339 127724 0 -1.35132 0.127541 0
-9.39613 36.5709 1.66775 2.26067 5.22209 1.72242 163068 0 -1.14153 0.127367 0
2.14037 9.45803 0.762464 0.736843 1.59348 1.44936 123324 0 -2.17467 0.127166 2
-47.5169 26.4295 3.40159 2.03417 4.52055 1.73676 147973 0 1.95073 0.12716 0
67.0239 0.791321 -2.63906 2.04433 4.45254 1.71966 110891 0 1.80588 0.126734 0
67.6649 3.67856 -2.22025 1.91575 4.18491 1.65856 115105 0 1.7358 0.12651 0
12.0915 -11.4245 0.773134 0.856435 1.42468 1.66567 92935 0 -3.01175 0.126159 2
-4.39591 65.4863 1.50148 2.01904 4.7503 1.71738 205204 0 -1.15646 0.125889 0
-28.359 21.9436 2.2169 1.57849 3.13317 1.5372 141481 0 -1.04146 0.125857 0
31.8616 46.2615 -0.00923344 2.10114 4.68593 1.7858 177237 0 -0.767793 0.125694 0
-48.4746 26.4101 3.66084 2.03874 4.53332 1.69501 147970 0 1.87541 0.125693 0
8.70103 64.444 0.345574 1.68384 3.47867 1.40351 203841 0 -0.881371 0.125641 0
-5.60086 40.4791 1.39458 2.08497 4.68061 1.64139 168696 0 1.71633 0.125517 0
43.9822 17.7477 -0.908064 2.07894 4.74829 1.70523 135623 0 -1.35475 0.125469 0
61.9335 12.677 -2.14853 1.99613 4.42213 1.66153 128191 0 0.761122 0.124564 0
-18.6806 57.8372 2.02028 2.05465 4.5562 1.73694 193927 0 1.95415 0.124253 0
65.4484 1.11182 -2.28171 2.01416 4.42096 1.65189 111354 0 1.82827 0.124162 0
-35.9035 22.5588 2.72144 2.40212 6.00628 2.04777 142393 0 -1.15392 0.123995 0
42.8082 14.9537 -0.990293 1.71281 3.84407 1.45552 131407 0 -1.30369 0.123943 0
17.0931 29.5727 0.658322 2.1499 5.00947 1.7236 152855 0 1.97162 0.123823 0
60.9878 13.0048 -2.11698 2.10585 4.62211 1.71251 128656 0 1.57341 0.123546 0
12.0139 -10.2007 0.608811 0.829803 1.576 1.72992 94807 0 -1.8196 0.123305 2
44.5859 -5.51911 -1.00834 0.930663 1.01945 1.94539 101461 0 1.77264 0.123203 1
8.99814 24.1863 0.573098 1.55028 3.32867 1.41524 144874 0 -1.12419 0.122371 0
-47.839 10.7308 3.74491 2.0456 4.44176 1.75165 125040 0 -1.08698 0.122266 0
-3.58118 31.6424 0.991228 1.98225 4.6456 1.50316 155598 0 -1.26339 0.12208 0
-4.65994 40.4661 1.30714 1.96746 4.43019 1.62802 168699 0 -0.722891 0.121909 0
-6.2407 40.7991 1.42432 2.05483 4.58609 1.6584 169162 0 2.05804 0.121605 0
36.2442 66.1503 -0.200827 2.20237 5.45509 1.77886 206267 0 1.11918 0.121105 0
-2.34957 33.7117 1.09554 1.11904 1.62966 1.7685 158878 0 -1.22765 0.121045 1
-28.3701 22.2102 2.24582 1.29973 2.43912 1.54142 141949 0 -0.884846 0.120787 0
-0.812439 46.5554 1.14997 0.630965 0.606231 1.6775 177603 0 -0.50875 0.120624 1
-5.59075 40.1687 1.43829 2.08975 4.66201 1.62827 168228 0 1.40366 0.120571 0
47.4235 18.6758 -0.203334 0.930333 0.88151 1.96177 137038 0 -1.40359 0.120562 1
10.0712 68.1066 0.439782 1.55754 3.43613 1.44663 208993 0 -1.04341 0.120502 0
4.44623 6.38226 0.612981 0.658064 0.701024 1.19008 118651 0 -0.547094 0.120387 1
22.3001 -13.0025 0.599939 0.82028 1.08886 1.7488 90627 0 -2.79053 0.120369 1
-10.6235 30.9664 1.63465 2.03574 4.73381 1.69601 154640 0 -1.17414 0.119865 0
-3.69264 35.1451 1.21672 0.824314 0.848194 1.72153 160746 0 -1.26065 0.119843 1
27.3545 25.9538 0.0882032 1.89108 3.9652 1.44832 147739 0 -1.38318 0.119733 0
-29.5604 22.0094 2.3959 1.99243 4.27978 1.58004 141477 0 -1.16563 0.119435 0
12.8444 31.8211 0.591089 1.97114 4.28747 1.59563 156118 0 -1.08462 0.119308 0
62.8864 11.7225 -2.0277 2.05872 4.73944 1.75815 126790 0 -1.41439 0.119273 0
-45.9296 8.76458 3.60602 2.04074 4.47792 1.68589 122238 0 -1.20893 0.119265 0
-65.4154 38.251 3.9169 2.01642 4.42115 1.68651 165233 0 -1.2291 0.119109 0
-65.4483 29.6713 3.78863 2.01218 4.40853 1.70231 152597 0 1.51449 0.119071 0
67.354 4.30334 -2.09389 1.83404 4.04138 1.65261 116040 0 1.63253 0.118582 0
-55.8518 8.87 3.91676 0.841669 0.900042 1.68241 122207 0 1.87108 0.11858 1
69.9296 21.3087 -1.36602 2.02677 4.47438 1.70899 140852 0 -2.25348 0.118362 0
-51.0772 5.94354 4.25924 0.860482 0.925725 1.6962 118010 0 1.86206 0.118213 1
43.7824 -5.53471 -0.986662 0.884898 1.00408 1.87223 101458 0 1.83665 0.11783 1
-4.96243 39.545 1.39753 1.96326 4.42265 1.56101 167294 0 -0.592296 0.117337 0
-43.0584 32.26 3.15922 2.17224 4.64243 1.84814 156411 0 -1.51555 0.117262 0
-64.0796 29.921 3.63284 0.917484 1.02753 1.79728 153069 0 1.15739 0.117257 1
-5.57574 39.8627 1.48037 2.05007 4.58221 1.60083 167760 0 0.824193 0.117106 0
-63.5687 32.7931 3.7509 1.97389 4.21431 1.59225 157283 0 -0.381913 0.116968 0
12.0063 -10.64 0.689339 0.869062 1.97017 1.75574 93871 0 -1.16273 0.116735 2
-2.35693 46.695 1.25474 0.79361 0.727763 1.76195 177598 0 -1.80474 0.116729 1
-36.6445 52.9303 3.55001 0.848962 0.861958 1.72053 186851 0 0.225392 0.116152 1
-29.0108 22.806 2.28455 1.64705 3.42731 1.52222 142883 0 -1.63192 0.116065 0
-47.3372 6.06308 3.98851 0.927356 1.01914 1.71878 118022 0 -3.0435 0.115996 1
-62.8693 33.1371 3.7081 2.06625 4.45174 1.63692 157753 0 0.237318 0.115932 0
0.413757 40.35 0.86298 2.2026 5.07008 1.83176 168715 0 2.13656 0.115918 0
-64.1701 31.9068 3.79151 2.0326 4.29318 1.69065 155877 0 -1.6788 0.115744 0
62.2557 11.7016 -2.0313 1.9726 4.40961 1.62479 126788 0 -1.45474 0.115661 0
20.9963 38.9279 0.443677 2.05529 4.58092 1.71182 166439 0 -0.773124 0.115535 0
-64.1607 30.5648 3.58009 2.04286 4.65795 1.72617 154005 0 0.614605 0.115302 0
29.2882 25.1958 0.134602 2.0828 4.66844 1.63603 146341 0 -1.41002 0.115046 0
42.4819 15.5203 -0.985682 1.81821 3.94466 1.48638 132342 0 -1.32672 0.114725 0
32.4632 44.9931 0.0357321 2.10554 4.66519 1.7119 175367 0 0.285244 0.114464 0
-28.9177 66.4556 2.22553 1.91039 4.29368 1.59411 206531 0 -0.937959 0.114055 0
42.7527 -5.65493 -1.20668 0.916036 1.002 1.79561 101455 0 1.64638 0.113862 1
66.7235 0.510651 -2.58791 2.05081 4.44213 1.67829 110422 0 1.76926 0.113625 0
-17.7063 57.1675 1.92151 2.1065 4.46593 1.80095 192994 0 3.07265 0.113594 0
-32.8996 -3.65105 3.23799 0.843586 0.936934 1.73819 104027 0 0.200357 0.113423 1
43.9021 -3.60023 -1.00698 0.816917 0.844069 1.79902 104267 0 -2.25574 0.113313 1
18.9608 32.1639 0.87158 0.815771 0.826542 1.90297 156605 0 1.84799 0.113001 1
61.6089 12.6876 -2.1988 2.01597 4.40193 1.66454 128190 0 1.57588 0.112916 0
17.3962 32.1153 0.982753 0.786255 0.804763 1.79496 156600 0 2.21351 0.112829 1
43.0013 -5.87393 -1.1591 0.916175 1.01105 1.8075 100988 0 1.65042 0.1123 1
-13.7377 10.3214 1.51019 0.811676 0.931142 1.74732 124679 0 -0.813084 0.112266 1
31.8625 45.6072 -0.0491306 2.03486 4.163 1.76277 176301 0 -0.407274 0.112092 0
31.2893 24.7449 0.0823304 2.01098 4.54036 1.60588 145879 0 1.67142 0.111993 0
66.0679 1.09988 -2.49193 2.03079 4.49273 1.68123 111356 0 1.76795 0.111913 0
67.99 3.99272 -2.12854 1.92297 4.2456 1.68429 115574 0 1.63053 0.11185 0
27.3581 24.9013 0.0980567 1.70641 3.69048 1.42009 145867 0 -1.40293 0.111847 0
-3.48032 35.3595 1.19363 0.872384 0.923506 1.70708 161215 0 -1.13171 0.111695 1
4.53241 44.5905 0.678272 1.77091 3.47566 1.50223 174812 0 2.06653 0.111489 0
-56.0674 9.12487 4.02936 0.881081 0.952802 1.7538 122674 0 2.061 0.110977 1
-28.9408 66.651 2.21586 1.97331 4.38669 1.61363 206999 0 1.36749 0.110934 0
49.1221 40.7998 -0.613612 2.05979 4.68085 1.68783 169335 0 -1.50139 0.11083 0
-2.61776 46.8947 1.25447 0.822989 0.795969 1.73536 178065 0 -2.33361 0.110726 1
66.0726 0.525208 -2.35733 2.00224 4.3843 1.62879 110420 0 1.71771 0.110568 0
43.0081 -5.64239 -1.21727 0.925092 1.0272 1.80336 101456 0 1.63398 0.110138 1
32.7432 45.8999 0.110007 2.1268 4.74287 1.73663 176772 0 -0.26624 0.110105 0
58.1063 -8.79214 -1.60262 1.97566 4.38498 1.7079 96823 0 -1.62833 0.11004 0
33.1519 39.2743 1.05047 0.855898 1.89839 1.78257 166945 0 0.17352 0.109823 2
61.6148 9.42765 -2.19212 1.94026 4.20914 1.71102 123510 0 -1.37977 0.109674 0
35.0605 65.8603 -0.214281 1.47746 3.48814 1.46625 205795 0 1.61265 0.109365 0
11.7612 -10.3865 0.653443 0.847118 1.87128 1.76712 94338 0 1.71923 0.108676 2
30.5357 -5.54302 -0.0639312 0.865218 0.944296 1.32098 101417 0 1.87991 0.108667 1
33.383 21.2608 -0.0114266 2.10277 4.69167 1.74835 140738 0 1.74321 0.108618 0
-5.28751 40.7584 1.34626 2.05188 4.61066 1.65761 169165 0 1.63905 0.108505 0
60.9686 13.5537 -2.10876 2.07586 4.63464 1.73934 129592 0 1.62271 0.108486 0
31.2814 21.3258 -0.181613 1.93451 4.43583 1.6131 140731 0 1.73127 0.108482 0
-29.2729 68.0319 2.35363 2.05651 4.57732 1.68471 208870 0 -3.01216 0.10832 0
55.8456 36.2994 -0.916658 1.95797 4.36945 1.58774 162804 0 1.60177 0.108077 0
64.8271 1.11435 -2.04896 1.96997 4.24839 1.60426 111352 0 1.85197 0.108068 0
32.1939 45.2753 -0.0418352 2.09187 4.59842 1.7455 175834 0 -0.0120671 0.108018 0
-2.63549 33.1706 1.10032 0.80358 0.840834 1.68667 157941 0 -0.816462 0.107946 1
2.07585 39.82 0.921843 0.864985 0.820841 1.80832 167784 0 -1.07166 0.107913 1
-17.4874 56.7703 1.94996 0.85211 0.928535 1.76721 192527 0 -1.64002 0.107857 1
31.8757 21.0247 -0.10447 1.88867 4.28468 1.63216 140265 0 1.72788 0.107624 0
72.4306 -11.7185 -1.26577 2.02249 4.37642 1.75411 92656 0 -3.04536 0.107469 0
63.7604 12.9495 -1.90365 2.25129 5.19551 1.94618 128665 0 -1.36946 0.10728 0
47.435 11.277 -0.342408 0.793831 0.863562 1.85138 126274 0 1.13349 0.107264 1
-3.66973 35.5787 1.2321 0.809222 0.833127 1.68254 161682 0 -0.917938 0.107199 1
21.8989 39.8257 0.415642 2.10899 4.69406 1.79653 167846 0 -1.51818 0.107135 0
-48.1543 10.4276 3.71061 1.99982 4.45817 1.73551 124571 0 -1.04131 0.107106 0
-5.94614 41.0903 1.3885 2.04315 4.58464 1.66877 169631 0 2.08665 0.106901 0
41.3233 -3.05293 -0.790201 0.852896 0.904883 1.77048 105195 0 1.9774 0.106866 1
-9.38234 35.7616 1.65247 2.07514 4.70382 1.59872 161664 0 -1.23925 0.106821 0
26.1198 19.4939 -0.0278865 1.81398 4.17002 1.53589 137907 0 -1.32991 0.106752 0
65.4456 0.515472 -2.08459 2.01687 4.3999 1.6246 110418 0 1.78858 0.106682 0
54.5562 33.4475 -0.607106 1.99922 4.37246 1.68732 158588 0 1.62792 0.106627 0
33.3838 21.8757 -0.00902638 1.07002 1.67686 1.69571 141674 0 1.68751 0.106624 1
16.2046 29.316 0.688478 2.09261 4.80494 1.61235 152384 0 1.98809 0.106533 0
50.3933 11.3047 -1.44181 2.26161 5.31208 1.81153 126283 0 1.51528 0.106418 0
-63.8461 29.715 3.62827 0.822783 0.836515 1.7501 152602 0 1.27486 0.106213 1
49.4274 41.1165 -0.579791 2.03512 4.57149 1.68203 169804 0 -1.63857 0.106028 0
-16.8412 57.3655 2.11139 2.20068 4.98113 1.88112 193465 0 -2.74267 0.106009 0
-5.9034 40.1824 1.47883 2.06353 4.63306 1.64988 168227 0 1.70225 0.10591 0
44.2808 -4.67231 -0.917041 0.851155 0.916409 1.88725 102864 0 -1.63813 0.105594 1
67.0604 3.69616 -2.02878 1.93669 4.25694 1.67685 115103 0 1.8017 0.105526 0
35.6175 33.0047 -0.0672784 2.18951 4.9313 1.73451 158061 0 1.73207 0.105203 0
-9.12682 59.395 1.64393 2.09009 4.28722 1.7871 196297 0 1.90545 0.10515 0
33.7431 -5.31174 -0.280166 0.847194 1.61197 1.68632 101895 0 0.19682 0.105136 1
