-7.89059 -4.44627 1.28522 2.29203 5.09154 1.89794 103169 0 0.190447 0.928503 0
-16.5364 15.7565 1.66385 2.06954 4.72927 1.50067 132626 0 -1.17617 0.927496 0
12.7222 15.5544 0.748964 2.18976 4.70709 1.77574 132249 0 1.81078 0.922622 0
-34.1348 9.35511 2.89465 2.20229 5.18831 1.86944 123211 0 2.17424 0.919023 0
1.32424 12.3903 0.7507 2.12205 4.91256 1.49126 127534 0 -1.11337 0.913522 0
42.3737 12.0987 -0.841239 2.25734 5.06668 1.9977 127194 0 -1.39026 0.904756 0
-4.29252 29.2962 1.24862 2.10929 4.84992 1.80983 152320 0 2.0045 0.900537 0
-7.56174 21.8554 1.25767 1.95633 4.55437 1.52995 141546 0 2.00235 0.90009 0
-9.14217 19.3704 1.28519 1.99514 4.68115 1.53207 137797 0 2.00037 0.899124 0
-11.4326 13.5831 1.51767 1.9007 4.22406 1.68471 129366 0 2.01321 0.894864 0
-7.16936 24.5077 1.35625 2.04706 4.74027 1.71576 145291 0 1.98437 0.890334 0
-17.9902 13.3548 1.96063 2.2112 4.98376 1.89584 128877 0 -1.13581 0.886541 0
11.708 12.1243 0.790961 1.98876 4.55473 1.6048 127098 0 1.75285 0.881432 0
3.72373 17.6646 0.717428 2.14643 4.91747 1.5587 135497 0 -1.10795 0.878716 0
-37.3403 17.1563 2.78855 2.00613 4.25488 1.68694 134433 0 2.11939 0.874096 0
13.3563 18.0881 0.717439 2.10496 4.67313 1.82589 135995 0 1.89076 0.873686 0
29.6141 12.4017 0.0325668 1.9956 4.7781 1.82111 127622 0 1.78836 0.868157 0
-2.06058 34.3718 1.02625 2.11495 4.8757 1.67072 159815 0 -1.09443 0.865049 0
-13.5773 -3.91035 1.48219 2.0777 4.66144 1.5895 103619 0 0.224853 0.859993 0
24.8498 13.3984 0.093691 1.92444 4.42689 1.52954 129011 0 -1.31366 0.859845 0
-17.81 6.94783 1.768 2.01132 4.61128 1.61552 119518 0 1.78563 0.856945 0
3.08987 14.6692 0.736167 1.94472 4.39052 1.5317 130815 0 -1.16978 0.855804 0
6.78598 22.1572 0.833247 2.02061 4.55439 1.76538 142059 0 -1.15201 0.852975 0
10.729 29.5219 0.797985 2.23144 5.24825 1.97463 152835 0 -1.08861 0.852499 0
-23.7849 32.1496 2.26925 2.27832 5.69989 1.84571 156471 0 -1.13979 0.84849 0
-15.9418 -2.97426 1.62831 2.06255 4.81068 1.57643 105016 0 0.181423 0.843578 0
-5.54462 26.7823 1.13335 1.94875 4.64531 1.49926 148572 0 1.97163 0.836139 0
-0.222595 36.9064 0.806953 1.97308 4.47065 1.56647 163565 0 2.08885 0.834564 0
14.2305 23.7267 0.713037 2.16088 4.8905 1.84245 144422 0 1.88316 0.829417 0
-15.5972 18.1775 1.93731 2.23022 5.21768 1.89845 135905 0 -1.2057 0.821778 0
-10.3001 17.0119 1.35201 2.03013 4.78092 1.57068 134517 0 -1.1122 0.816144 0
5.2029 19.9498 0.860497 2.10975 4.79894 1.75235 138778 0 -1.77375 0.812229 0
-11.0074 28.3271 1.49216 2.02024 4.64347 1.52873 150895 0 -1.09111 0.800669 0
-10.7912 -4.57945 1.35791 2.03897 4.55007 1.60551 102692 0 0.159803 0.799616 0
-32.1493 17.9967 2.6408 2.26526 5.02212 1.94543 135853 0 -1.10455 0.799333 0
-28.6004 25.2157 2.43376 2.13568 4.56097 1.68901 146160 0 -1.05925 0.798452 0
25.8164 16.4921 -0.0349877 2.00092 4.47133 1.59874 133694 0 -1.31227 0.790949 0
13.9706 20.8885 0.487443 2.04892 4.68707 1.55373 140209 0 1.87973 0.790627 0
-10.0384 30.9538 1.58093 1.97715 4.56495 1.62167 154642 0 -1.1525 0.788487 0
8.40767 24.4234 0.549643 1.9581 4.47796 1.52242 145340 0 -1.11579 0.787595 0
-12.3502 26.093 1.53884 2.01069 4.61728 1.51623 147615 0 -1.16368 0.78536 0
2.38943 42.073 0.538047 2.01392 4.60138 1.49084 171061 0 2.0315 0.783609 0
-39.531 8.06012 3.21907 2.13149 4.65808 1.77049 121322 0 -1.17684 0.776774 0
26.4381 22.2736 -0.0298607 1.97722 4.50366 1.55048 142120 0 -1.37674 0.766727 0
-2.36641 33.3824 1.06652 0.8087 0.767897 1.72627 158410 0 -0.838866 0.763542 1
9.12946 26.9485 0.557445 2.06345 4.6766 1.55038 149086 0 -1.11209 0.762537 0
28.0455 27.9861 0.149125 1.97609 4.25761 1.69723 150549 0 -1.40017 0.761919 0
5.03892 47.6067 0.878723 2.02297 4.54388 1.79029 179025 0 2.05526 0.760889 0
26.0755 19.4624 -0.0661502 1.94747 4.48386 1.57188 137907 0 -1.3387 0.760072 0
4.02695 44.8832 0.640584 2.12546 4.97187 1.60213 175278 0 2.06606 0.758581 0
-14.8485 20.9673 1.66768 1.93595 4.4248 1.54564 140119 0 -1.17725 0.747388 0
0.534378 39.9269 0.822353 2.09494 4.67591 1.84286 167779 0 2.06649 0.742642 0
-13.6355 23.1309 1.61462 1.88615 4.36003 1.55879 143399 0 -1.12419 0.741557 0
5.05254 20.0147 0.857491 2.14251 5.13154 1.76215 138777 0 2.01433 0.721803 0
30.9165 15.1987 -0.24707 1.96456 4.40127 1.52779 131838 0 1.79288 0.717463 0
12.3197 31.5752 0.537693 2.04705 4.58447 1.64631 155648 0 -1.09759 0.709247 0
-35.1312 22.502 2.81351 2.08124 4.46682 1.7658 142396 0 -1.07676 0.708938 0
-21.9277 37.2124 2.19181 2.35631 5.85758 1.89022 163965 0 -1.11655 0.704152 0
-50.0374 21.68 3.54963 1.97798 4.36368 1.68372 140945 0 2.06961 0.702323 0
48.541 -7.17044 -1.30934 0.937184 1.00162 1.84839 99133 0 -1.55551 0.697852 1
45.8842 -0.187103 -1.27749 0.93008 0.977539 1.7384 109421 0 1.68648 0.694173 1
43.0099 14.8842 -0.860385 1.98246 4.44087 1.58601 131408 0 -1.31528 0.688312 0
-3.36395 32.1099 0.893749 1.99971 4.56672 1.47003 156535 0 -1.16489 0.676167 0
14.9137 36.5957 0.51874 2.17281 5.07393 1.80595 163144 0 -1.02937 0.669644 0
31.8221 18.1582 -0.104005 2.14542 4.72392 1.80746 136053 0 1.8171 0.661663 0
43.5905 -5.84912 -1.01088 0.936031 1.00328 1.92484 100990 0 1.57272 0.647371 1
-1.42401 47.8496 1.17291 2.31589 5.35078 1.97434 179473 0 -1.12532 0.642644 0
49.7842 9.75355 -1.67355 2.04238 4.48045 1.69623 123941 0 1.70506 0.624272 0
-8.99223 17.9604 1.34842 0.861791 0.834701 1.68391 135925 0 -3.08064 0.616595 1
-26.4117 27.6555 2.29913 2.23009 5.06414 1.73896 149911 0 -1.11523 0.569516 0
-29.8697 22.6089 2.48066 2.08278 4.72047 1.68687 142412 0 2.05616 0.569468 0
5.27509 19.8199 0.8703 2.02832 4.54697 1.73848 138310 0 -1.45851 0.557648 0
-8.92861 17.9611 1.31346 0.850976 0.812044 1.67858 135926 0 -2.23177 0.552651 1
32.4921 20.9825 -0.0537851 1.97727 4.57958 1.72569 140267 0 1.84167 0.529536 0
56.5352 50.3714 -0.683373 0.814915 0.822885 1.7302 183398 0 0.991807 0.527228 1
13.5532 34.0959 0.416273 1.95374 4.34501 1.5907 159396 0 -1.05689 0.511626 0
61.9001 5.61327 -2.04186 2.09912 4.66342 1.76885 117895 0 -1.28198 0.506162 0
73.4035 -12.5967 -1.48773 2.16562 4.92182 1.84317 91255 0 -1.34666 0.499359 0
61.89 5.88678 -2.05279 2.08461 4.6139 1.76113 118363 0 1.49001 0.493066 0
-2.36945 33.247 1.06126 0.788847 0.767473 1.70902 157942 0 -0.833883 0.467559 1
43.3541 -5.01675 -0.784482 0.91418 1.00589 1.8712 102393 0 1.63149 0.465059 1
45.8257 -4.98653 -1.37273 0.940564 0.995443 1.81585 102401 0 -1.47571 0.459943 1
29.5802 33.4567 0.0562365 2.00086 4.51463 1.58639 158510 0 -1.40907 0.437616 0
27.368 25.1311 -0.126261 1.95608 4.50482 1.48095 146335 0 -1.41008 0.437196 0
-7.79491 35.435 1.2254 2.04585 4.78112 1.49616 161201 0 -1.10314 0.42725 0
45.9057 -4.67426 -1.44377 0.818138 0.907932 1.75665 102869 0 1.61768 0.423986 1
34.6822 67.3672 -0.226004 1.97709 4.45629 1.55126 208134 0 -2.96509 0.418581 0
-5.00864 66.0119 1.47283 2.17636 4.89235 1.69393 206138 0 -1.11543 0.417807 0
31.8509 24.1779 -0.132131 1.83625 4.14095 1.56175 144945 0 1.77852 0.417348 0
43.6441 -5.68225 -0.993693 0.886821 0.943221 1.88566 101458 0 1.57313 0.410956 1
-43.0678 33.4495 3.02454 2.25294 4.85609 1.87128 158283 0 2.17127 0.403167 0
-27.0404 27.9555 2.36438 2.22821 5.15587 1.72641 150377 0 1.82267 0.402292 0
45.7314 -0.182854 -1.28516 0.959259 0.978213 1.76086 109420 0 1.48529 0.396455 1
-4.06712 47.4073 1.10573 0.821925 0.767122 1.79486 178997 0 2.61044 0.392645 1
-2.21527 33.4045 1.02702 0.842165 0.887593 1.71896 158411 0 -1.0296 0.389102 1
10.1261 65.0864 0.226978 2.06926 4.66693 1.61319 204781 0 0.184443 0.377333 0
62.1479 5.60602 -2.05279 2.26021 5.16944 1.89164 117896 0 1.51217 0.374788 0
45.8155 -5.19819 -1.38562 0.875644 0.933247 1.76457 101933 0 -1.50596 0.373735 1
43.3474 -5.15224 -0.848452 0.850808 0.936965 1.83791 101925 0 1.58812 0.372589 1
56.6819 50.3747 -0.646672 0.827746 0.876361 1.75813 183399 0 0.545337 0.366269 1
35.0557 32.4995 -0.26003 2.06294 4.77329 1.64345 157123 0 1.76296 0.36522 0
45.8917 -0.354195 -1.29401 0.919661 0.949931 1.74764 108953 0 1.75614 0.350678 1
-2.17648 46.9026 1.16409 0.81613 0.757026 1.81454 178067 0 -1.80385 0.345886 1
32.7754 24.0945 -0.162983 2.00624 4.4464 1.70872 144948 0 1.76639 0.339402 0
-2.72334 44.9654 0.64008 1.93232 4.35456 1.61789 175257 0 -1.16796 0.33807 0
10.1332 64.8644 0.174312 1.91979 4.23172 1.51129 204313 0 -0.421099 0.336193 0
56.5228 50.1905 -0.718614 0.847447 0.886427 1.72575 182930 0 0.602326 0.335699 1
-26.9821 27.7751 2.36595 2.05018 4.80523 1.69792 149909 0 1.55614 0.334129 0
50.3146 9.76219 -1.78925 2.37889 5.64887 1.95339 123943 0 1.71261 0.33364 0
8.77601 64.488 0.158732 1.93616 4.39827 1.50991 203841 0 -1.03172 0.333564 0
13.3225 33.8432 0.417798 2.02503 4.55729 1.62282 158927 0 -1.10473 0.332036 0
-42.7152 31.5691 2.77984 2.20196 4.85642 1.76014 155476 0 0.654023 0.323125 0
31.8681 21.2458 -0.14517 1.89237 4.36949 1.65663 140733 0 1.8369 0.312041 0
5.07077 19.8243 0.86851 2.07823 4.88696 1.76287 138309 0 2.30948 0.307535 0
67.7684 20.0834 -1.47564 0.809564 0.876823 1.71256 138973 0 -1.81989 0.306394 1
43.3683 -4.0444 -1.05828 0.773755 0.752336 1.77116 103797 0 1.62421 0.305524 1
-50.0892 22.1345 3.64238 2.25016 5.00042 1.82068 141881 0 2.19672 0.300694 0
29.2957 33.1828 0.0288045 1.99879 4.49331 1.58088 158041 0 -1.41837 0.299188 0
43.9874 -5.61374 -1.12944 0.808836 0.852954 1.82088 101459 0 1.58564 0.299133 1
-9.10801 36.3083 1.58709 2.1212 4.72959 1.61733 162601 0 -1.22191 0.295902 0
-29.6276 22.3392 2.42841 1.96434 4.29004 1.575 141945 0 1.80162 0.292626 0
27.6711 24.8614 -0.111032 1.95499 4.5253 1.4863 145868 0 -1.39172 0.290894 0
-46.2984 4.65885 3.65994 0.868999 1.55687 1.7682 116153 0 -1.14349 0.2901 2
-29.3655 22.5657 2.38052 1.79596 3.98512 1.52429 142414 0 1.85842 0.28634 0
-2.29768 46.8992 1.17805 0.848078 0.794154 1.80152 178066 0 -1.96049 0.282667 1
2.94701 41.7271 0.582275 1.64271 3.24126 1.40026 170595 0 2.05939 0.278214 0
-43.6299 33.4753 2.91758 2.61798 6.20417 2.12842 158281 0 2.91186 0.277144 0
-4.20821 47.4207 1.12006 0.816717 0.760573 1.80244 178996 0 2.85929 0.277059 1
42.4673 15.1246 -0.86442 1.98313 4.38986 1.63703 131874 0 -1.38644 0.276376 0
11.3561 -10.6369 0.742628 0.798276 0.875084 1.66706 93869 0 -1.38507 0.275455 1
49.1131 -6.9308 -1.49733 0.879104 0.972144 1.77847 99603 0 -1.64236 0.274779 1
48.5324 -7.01823 -1.33075 0.975377 1.03721 1.84846 99601 0 -1.45162 0.27365 1
-2.02131 47.8966 1.19462 2.30567 5.07776 1.9741 179471 0 -1.19416 0.271683 0
43.4554 -5.71428 -0.960653 0.919662 0.980795 1.88272 101457 0 1.57764 0.269195 1
4.65173 9.01702 0.851534 0.824496 1.21551 1.70156 122864 0 -1.07227 0.269076 2
-8.47812 35.9623 1.44798 2.05129 4.50365 1.51906 162135 0 -1.18669 0.263438 0
-43.3076 33.1927 2.94627 2.40308 5.29991 1.96701 157814 0 2.1861 0.263082 0
34.1429 67.375 -0.206794 1.96416 4.41243 1.54086 208132 0 -3.08845 0.262542 0
12.0257 32.0653 0.638504 2.31572 5.46494 1.86109 156583 0 -1.03364 0.262098 0
-4.33044 65.5503 1.44327 1.99834 4.53167 1.66781 205204 0 -1.12644 0.261731 0
4.6597 8.88731 0.853006 0.836333 1.53576 1.74936 122396 0 -1.21887 0.261302 2
15.2147 36.122 0.528371 1.84848 4.17494 1.70756 162209 0 -1.03161 0.26126 0
-43.6353 33.7286 2.92491 2.61112 6.17479 2.15765 158749 0 2.32135 0.260591 0
4.11897 6.45801 0.618316 0.610872 0.727358 1.07119 119118 0 -0.696616 0.25967 1
-47.5322 9.78355 3.70072 2.0347 4.36676 1.75315 123637 0 -1.16716 0.257924 0
14.1709 20.4564 0.491096 2.19749 5.08925 1.68617 139274 0 1.93107 0.256784 0
31.5289 45.609 -0.243776 2.04385 4.62057 1.76215 176300 0 -1.21311 0.255641 0
61.6676 5.35332 -2.00117 2.00593 4.35198 1.68649 117426 0 -1.26407 0.254964 0
33.0714 20.7134 -0.0332438 2.12502 4.6615 1.73569 139801 0 1.85737 0.253749 0
27.0754 24.8438 -0.120679 1.89932 4.36805 1.46826 145866 0 -1.41208 0.25346 0
32.1813 23.9251 -0.130525 1.8244 4.03131 1.61762 144478 0 1.78768 0.253004 0
35.9775 32.3979 -0.247805 2.06396 4.70791 1.65186 157126 0 1.74619 0.252767 0
45.8772 0.052124 -1.34643 0.913124 0.998292 1.74563 109889 0 1.57657 0.252249 1
32.7496 -5.57903 -0.249016 0.906953 0.95197 1.72868 101424 0 0.299409 0.252063 1
67.9163 20.0869 -1.52453 0.840833 0.921398 1.72988 138974 0 -1.64227 0.25117 1
32.7538 21.2066 -0.0387197 2.0141 4.5754 1.70958 140736 0 1.84097 0.24727 0
31.799 18.6088 -0.105097 2.17272 4.75417 1.84638 136989 0 1.89567 0.244187 0
5.17278 20.1733 0.855607 2.21261 5.0493 1.78286 139246 0 -2.11807 0.241533 0
28.6811 33.4761 0.133199 2.00582 4.52724 1.58369 158507 0 1.60999 0.241343 0
29.8991 33.1764 0.0358784 1.99032 4.49985 1.60705 158043 0 -1.35711 0.240586 0
11.3948 68.9947 0.175091 1.9143 4.29397 1.505 210401 0 -2.9087 0.239032 0
4.20661 6.46488 0.628527 0.607721 0.751272 1.08197 119119 0 -1.06492 0.238763 1
4.32378 44.438 0.622742 1.73923 3.82637 1.53473 174343 0 2.05363 0.238224 0
72.8503 -12.3931 -1.56696 1.83938 3.95189 1.62923 91721 0 -1.33766 0.2345 0
4.10873 6.36191 0.631412 0.618338 0.744487 1.04624 118650 0 -0.303134 0.233258 1
18.7402 31.939 0.854105 0.796073 0.767885 1.99243 156136 0 1.47052 0.233251 1
30.5369 33.426 0.0996767 2.04732 4.6309 1.66832 158513 0 -1.39065 0.228902 0
31.567 17.8726 -0.119789 2.16025 4.81552 1.83133 135584 0 1.80589 0.226848 0
-2.45343 45.2151 0.684293 1.88949 4.19796 1.61123 175726 0 -1.1554 0.224838 0
43.6308 -5.28088 -0.916813 0.827552 0.927312 1.84082 101926 0 1.59719 0.224021 1
-2.20184 33.2213 1.00849 0.775617 0.786573 1.66623 157943 0 -0.984479 0.223033 1
-2.5911 33.3965 1.08704 0.820133 0.782716 1.7251 158409 0 -0.956794 0.221922 1
21.8404 -13.2968 0.504816 0.791458 1.07995 1.71408 90158 0 -2.90614 0.221781 1
21.675 -13.3059 0.512658 0.78141 1.00197 1.70879 90157 0 -3.02127 0.220635 1
-29.9185 23.0875 2.49792 2.18383 5.08308 1.803 143348 0 2.14344 0.219363 0
-57.4457 7.18937 4.28099 1.91899 4.30935 1.60971 119862 0 0.324558 0.218188 0
67.7697 20.2012 -1.5117 0.823652 0.928013 1.72893 139441 0 -1.97647 0.217959 1
-29.3722 22.8047 2.39821 1.79398 4.01589 1.57238 142882 0 2.12133 0.215463 0
46.1114 -0.19165 -1.30894 0.960039 1.06039 1.7711 109422 0 2.55242 0.214106 1
48.7503 -6.99348 -1.39245 0.987008 1.08149 1.86824 99602 0 -1.52328 0.212864 1
8.52821 64.2294 0.140047 1.87998 4.32593 1.52057 203372 0 -1.24469 0.211538 0
49.365 -6.91557 -1.59479 0.863773 0.945946 1.72743 99604 0 -1.73806 0.21126 1
11.3795 69.2336 0.218951 2.06736 4.70896 1.62064 210869 0 -0.555873 0.21003 0
18.7346 32.0513 0.874163 0.769129 0.703785 1.97896 156604 0 1.36425 0.208956 1
31.5367 45.3209 -0.235284 2.04726 4.60282 1.75869 175832 0 -0.854657 0.208789 0
-3.31621 44.9779 0.663871 1.99681 4.48373 1.62606 175255 0 -1.18427 0.20798 0
-26.6341 27.4655 2.3677 1.93855 4.52296 1.68397 149442 0 -1.11595 0.207821 0
-47.8241 27.6778 3.48346 1.97234 4.38381 1.65479 149844 0 2.14974 0.207708 0
31.8173 45.8646 -0.171448 2.12221 4.8122 1.78727 176769 0 -1.3473 0.206967 0
43.9793 -5.37656 -1.04542 0.827446 0.877451 1.83536 101927 0 1.59604 0.206599 1
43.1933 -5.02773 -0.864175 0.896812 0.969 1.83049 102392 0 1.61324 0.205661 1
49.0806 -7.14815 -1.47796 0.884631 0.986234 1.80143 99135 0 -1.53567 0.205052 1
48.5039 -7.41036 -1.35528 0.948559 1.01599 1.85365 98665 0 -1.58509 0.204053 1
61.3725 5.87585 -1.99302 1.7398 3.66346 1.53963 118361 0 -1.51849 0.203877 0
61.6501 6.16123 -2.02718 1.94871 4.23762 1.67952 118830 0 1.75053 0.203254 0
-8.47623 59.6384 1.65071 0.906337 1.0232 1.76551 196767 0 1.91479 0.202892 1
32.2044 20.7218 -0.0857728 1.91573 4.2458 1.6541 139798 0 1.79417 0.201713 0
-7.88634 35.8982 1.29067 2.135 4.8731 1.53115 162137 0 -1.16468 0.201103 0
9.07212 64.7667 0.176907 2.02503 4.53344 1.5498 204310 0 -0.718667 0.199777 0
-54.7711 18.9294 3.85181 0.848211 0.870058 1.6156 137186 0 -3.03028 0.199413 1
56.5122 50.6252 -0.638749 0.862383 1.37214 1.79245 183866 0 2.0027 0.19938 2
31.5907 21.0308 -0.218339 1.93188 4.41704 1.6697 140264 0 1.81743 0.198143 0
44.2186 -5.61303 -1.17326 0.848073 0.889455 1.81033 101460 0 1.62625 0.197836 1
43.96 -5.83365 -1.12813 0.853105 0.915781 1.83449 100991 0 1.60185 0.197664 1
-48.1299 9.82791 3.7579 2.09257 4.46419 1.71181 123635 0 -1.20545 0.19719 0
-2.8 31.8456 0.800872 1.71984 3.67207 1.3111 156069 0 -1.15917 0.197044 0
-35.9336 22.879 2.71153 2.37191 5.88262 1.94937 142861 0 -1.15696 0.196679 0
-68.9579 22.25 3.72099 2.13095 4.68208 1.71874 141822 0 -2.69213 0.194983 0
-53.2896 19.3593 3.90197 0.922782 0.969786 1.66255 137659 0 -1.30848 0.19337 1
-1.76221 48.3867 1.18773 2.29849 5.21302 1.93321 180408 0 -1.07647 0.191701 0
55.5936 -9.1872 -1.98534 0.84044 0.910315 1.77536 96347 0 -2.01454 0.191554 1
-8.81609 60.3234 1.66051 2.0323 4.57311 1.67833 197702 0 1.96239 0.189897 0
13.286 34.6073 0.486967 2.19261 5.00686 1.7325 160331 0 -1.02466 0.189424 0
-54.6755 18.9271 3.81904 0.855115 0.913762 1.61213 137187 0 -2.4366 0.188648 1
-46.4605 4.71313 3.76847 0.897819 1.70176 1.79381 116152 0 0.403478 0.188588 2
56.7093 50.1839 -0.658901 0.858126 1.13837 1.75465 182931 0 0.113359 0.186729 1
29.0136 -5.30979 -0.177836 0.899687 0.931123 1.45033 101880 0 1.05236 0.185521 1
67.9204 20.2067 -1.53613 0.842362 1.05211 1.76476 139442 0 -1.85564 0.185379 1
-59.9757 7.86411 4.32713 2.05907 4.6331 1.69684 120790 0 0.213294 0.184851 0
4.89297 48.0337 0.916937 2.19231 5.0391 1.86358 179961 0 2.05628 0.184653 0
9.82011 64.855 0.177117 1.93253 4.25041 1.52079 204312 0 -0.217806 0.184442 0
-11.2238 -4.58848 1.37463 2.02829 4.58267 1.61574 102690 0 0.246735 0.183406 0
-2.71716 44.3708 0.580874 1.89409 4.31655 1.55557 174321 0 -1.16756 0.182838 0
-47.2311 27.3676 3.45449 1.95129 4.29088 1.64592 149378 0 2.13395 0.182557 0
-29.3346 22.3016 2.38406 1.84713 4.05262 1.51962 141946 0 -1.002 0.182326 0
32.1201 24.3718 -0.1153 1.89404 4.16558 1.60334 145414 0 1.77285 0.18223 0
26.7357 25.3765 -0.0628768 1.97748 4.49747 1.52032 146801 0 -1.4191 0.18215 0
-44.6655 33.4496 2.95508 2.20932 4.88838 1.96851 158278 0 0.64411 0.181615 0
33.0919 21.5413 -0.050781 0.816383 0.936457 1.69451 141205 0 1.81116 0.180232 1
17.175 31.8768 0.874076 0.762816 0.676114 1.89725 156131 0 2.20273 0.179835 1
55.741 -9.18063 -1.98013 0.873343 0.912765 1.8107 96348 0 -1.93916 0.178166 1
-43.9496 33.4609 2.90379 2.58545 6.08142 2.17192 158280 0 1.17756 0.177274 0
-44.9598 33.7518 3.04226 2.30949 5.27801 2.03694 158745 0 0.587683 0.176988 0
-54.8985 5.88981 4.31339 2.11773 4.79241 1.71633 117998 0 0.205646 0.176322 0
-54.6794 18.8505 3.84904 0.846127 0.864554 1.65283 136719 0 -1.8232 0.176196 1
-9.13314 60.0172 1.64402 2.02157 4.60521 1.67075 197233 0 1.94827 0.175169 0
-46.8895 9.44303 3.64855 2.06218 4.49905 1.74915 123171 0 -1.22071 0.174933 0
30.9107 45.9011 -0.233413 2.07471 4.7004 1.78005 176766 0 -1.43869 0.174698 0
25.5414 19.5962 -0.0438362 1.74548 3.40654 1.49124 138373 0 -1.37077 0.174296 0
-43.6452 33.1975 2.87041 2.56652 6.02074 2.09125 157813 0 -2.61717 0.173736 0
10.1181 64.5479 0.162699 1.6938 3.56282 1.41676 203845 0 -2.88195 0.172793 0
43.1463 -5.17114 -0.898565 0.875996 0.943496 1.82604 101924 0 1.6067 0.171821 1
31.7732 15.1525 -0.279475 2.08265 4.69706 1.59839 131841 0 1.74851 0.170307 0
25.8653 22.271 -0.0349763 1.69597 3.44696 1.46076 142118 0 -1.41079 0.170081 0
27.3535 24.5646 -0.0914117 1.86998 4.20479 1.43233 145399 0 -1.38821 0.169856 0
62.57 13.2766 -2.29769 2.0572 4.55562 1.7294 129129 0 -1.69238 0.168548 0
48.2921 -7.19811 -1.27066 0.916884 0.97347 1.82337 99132 0 -1.51659 0.168461 1
29.1731 -5.28728 -0.200603 0.923777 0.996919 1.46895 101881 0 0.861981 0.166529 1
-0.876511 47.5868 1.16464 2.03009 4.67286 1.8604 179007 0 -1.09604 0.166481 0
43.3799 -4.20403 -0.944285 0.812512 0.824493 1.78884 103329 0 1.62692 0.166104 1
11.0995 68.993 0.187874 1.92886 4.29947 1.50349 210400 0 -0.0837348 0.165575 0
28.5622 28.2004 0.073547 2.33015 5.14543 1.84888 151019 0 -1.40037 0.165112 0
55.5914 -9.34135 -1.9224 0.874475 0.928264 1.77826 95879 0 -1.91632 0.165081 1
26.1449 22.0446 -0.0598441 1.70008 3.7606 1.49222 141651 0 -1.37096 0.165028 0
-69.2305 22.2288 3.81859 2.22133 4.92499 1.7952 141821 0 -2.27039 0.16475 0
-4.32007 40.119 1.29198 0.877639 1.05177 1.69531 168232 0 -0.884667 0.164437 1
-42.7142 32.0834 2.85102 2.07486 4.32476 1.74164 156412 0 0.883856 0.164294 0
35.0017 67.1132 -0.233655 1.91976 4.24373 1.50644 207667 0 2.8249 0.164288 0
7.95921 24.2651 0.575997 2.09965 4.99974 1.62091 144870 0 -1.16097 0.163201 0
43.6146 -6.13199 -1.07177 0.947103 1.00759 1.90469 100522 0 1.64714 0.162758 1
-8.85138 36.569 1.57886 2.14576 4.72431 1.62219 163070 0 -1.12389 0.162659 0
28.6836 33.1706 0.0875496 1.98233 4.53449 1.57079 158039 0 0.263631 0.161685 0
32.1531 45.3355 -0.163961 2.05386 4.69437 1.77239 175834 0 -1.27658 0.160886 0
62.5573 13.5938 -2.22544 2.07324 4.5936 1.76058 129597 0 -1.94101 0.160853 0
11.6522 68.725 0.194234 1.76995 3.89532 1.46337 209934 0 -2.71872 0.160191 0
62.2513 13.6091 -2.26183 2.05234 4.60445 1.74624 129596 0 -2.21616 0.160064 0
9.42168 26.541 0.558617 1.83283 4.12765 1.54036 148151 0 -1.11086 0.15935 0
33.3704 23.87 -0.10808 2.17337 5.01018 1.74456 144482 0 1.81311 0.159315 0
-47.257 10.0412 3.72201 1.80365 4.1003 1.79717 124106 0 -1.20692 0.159294 0
-49.119 33.0688 3.15749 0.806427 0.843827 1.81733 157796 0 -0.818225 0.15906 1
-2.13298 44.655 0.572043 1.85514 4.25096 1.54626 174791 0 -1.15831 0.15901 0
-8.74914 35.7563 1.43825 2.00453 4.43959 1.49941 161666 0 -1.18876 0.159005 0
30.6369 14.9801 -0.225209 1.90426 4.20877 1.52076 131369 0 1.77633 0.158726 0
53.9045 12.9569 -1.78862 2.07731 4.615 1.67166 128634 0 1.63834 0.15798 0
62.1596 6.17052 -2.06904 2.28173 5.23444 1.93669 118832 0 1.53934 0.157828 0
-7.81349 20.3782 1.23466 0.734805 0.751896 1.55606 139205 0 -0.548379 0.157082 1
62.2406 13.9225 -2.20332 2.10321 4.68136 1.77937 130064 0 -2.53508 0.156592 0
55.7528 -9.35771 -1.94544 0.906888 0.967091 1.80527 95880 0 -2.10035 0.15655 1
31.2698 24.3911 -0.0454972 2.02035 4.56089 1.61238 145411 0 1.7115 0.155327 0
2.77338 41.5327 0.565848 1.58942 3.07681 1.4619 170126 0 2.05504 0.155213 0
-3.34045 31.6533 0.888323 1.88253 4.13469 1.4407 155599 0 -1.23095 0.154854 0
5.5042 47.2814 0.808067 1.71224 3.51706 1.64873 178559 0 2.09056 0.15471 0
29.6004 32.8487 0.0222368 1.97585 4.42241 1.58657 157574 0 -1.36998 0.153824 0
33.1751 39.1813 0.94533 0.860276 1.92925 1.77279 166945 0 0.141503 0.153215 2
45.7176 -4.71088 -1.3782 0.851262 0.901024 1.76917 102868 0 1.81072 0.152735 1
45.7 -0.391228 -1.30804 0.904857 0.934367 1.7456 108952 0 1.80207 0.152696 1
43.5617 -4.97846 -0.812626 0.911818 1.00647 1.87781 102394 0 1.61238 0.152641 1
31.5469 21.5241 -0.189075 1.85107 4.20598 1.63064 141200 0 1.8442 0.152583 0
-48.162 10.3446 3.74466 1.9595 4.28754 1.72453 124571 0 -1.12797 0.151844 0
12.0916 31.3157 0.549017 2.0856 4.71123 1.70934 155179 0 -1.12235 0.151595 0
-56.2536 8.68722 4.42625 0.907657 0.939148 1.70218 122206 0 1.68464 0.150704 1
62.8586 12.9681 -2.19691 2.08283 4.58572 1.76724 128662 0 -1.55208 0.150433 0
-8.48066 59.4418 1.61542 0.879287 0.982956 1.75288 196299 0 2.01336 0.149835 1
56.2633 50.3812 -0.702524 0.856943 1.22709 1.73994 183397 0 1.23765 0.149723 1
62.2515 12.9666 -2.37306 2.01956 4.50913 1.69963 128660 0 -1.40056 0.14937 0
-43.0259 32.8623 2.97509 2.25425 4.67055 1.84635 157347 0 1.86392 0.148832 0
9.42287 64.8206 0.186434 1.97572 4.36701 1.54183 204311 0 -0.438601 0.14807 0
31.5245 45.0007 -0.266581 2.08596 4.65462 1.76668 175364 0 -0.373374 0.147991 0
33.8142 67.3604 -0.200429 2.01174 4.55723 1.56411 208131 0 -1.03016 0.1477 0
-8.18468 60.3146 1.69517 2.02953 4.6163 1.69047 197704 0 1.8901 0.147446 0
-57.1625 6.91042 4.29146 1.93837 4.32529 1.66539 119395 0 0.223209 0.147417 0
-4.97382 39.8461 1.32193 2.00408 4.51969 1.61846 167762 0 -1.00142 0.147177 0
-9.7635 60.6418 1.78182 1.99167 4.42935 1.69646 198167 0 1.98329 0.14629 0
-57.7179 7.47162 4.30447 1.95462 4.35222 1.60933 120329 0 0.418796 0.145844 0
21.6546 -13.5127 0.567856 0.811353 1.33086 1.71364 89689 0 -3.112 0.145431 1
31.5989 23.951 -0.136196 1.88195 4.30652 1.60576 144476 0 1.7743 0.145421 0
49.3816 -7.14005 -1.57132 0.863721 0.973716 1.74795 99136 0 -1.42156 0.145235 1
-47.5017 27.0995 3.52536 1.99438 4.42293 1.68154 148909 0 2.11384 0.145234 0
32.4421 45.574 -0.0902838 2.08838 4.66237 1.78637 176303 0 -1.40228 0.145185 0
-68.9894 21.9887 3.63054 2.1499 4.81254 1.77512 141354 0 1.40354 0.144866 0
-56.3772 8.56121 4.39029 0.898404 0.927578 1.79246 121737 0 1.5227 0.144795 1
56.7261 50.6242 -0.614852 0.861713 1.44792 1.78577 183867 0 -3.08152 0.144678 2
32.5939 -5.56319 -0.260368 0.888984 0.90288 1.71417 101423 0 0.634905 0.144558 1
-2.134 47.1241 1.16789 1.00702 1.1766 1.90877 178535 0 -1.5144 0.144299 1
-42.4407 31.2784 2.74678 2.26233 4.93574 1.79758 155009 0 0.464449 0.144142 0
-49.124 32.8662 3.17579 0.822496 0.916347 1.78219 157328 0 -0.744428 0.143542 1
-10.6199 30.9745 1.60917 1.86208 4.21581 1.56891 154640 0 -1.14594 0.143419 0
-33.4088 -3.11163 3.25016 0.858779 0.908631 1.7707 104961 0 0.133876 0.143339 1
27.394 28.2311 0.178989 2.16527 4.8565 1.71219 151015 0 -1.41788 0.14326 0
-8.77932 59.6665 1.63545 1.97454 3.98601 1.70153 196766 0 2.02471 0.142833 0
33.0816 23.6148 -0.112772 1.96955 4.33383 1.68214 144013 0 1.83205 0.142474 0
28.2781 25.0866 -0.068218 2.10509 4.8747 1.59054 146338 0 -1.38633 0.142451 0
53.6108 12.6521 -1.79343 1.96905 4.36827 1.59799 128165 0 1.73269 0.141918 0
43.4327 -6.1384 -1.07873 0.914709 0.990445 1.88278 100521 0 1.6582 0.141783 1
47.1525 18.1046 -0.386764 0.968226 0.909692 1.99514 136101 0 -0.172261 0.141532 1
45.6982 0.0828705 -1.31342 0.910628 0.981757 1.73205 109888 0 1.27637 0.141154 1
53.6118 13.2578 -1.71356 2.04346 4.54501 1.65976 129101 0 1.53794 0.141042 0
47.1391 10.6773 -0.47783 0.839758 0.936242 1.8763 125337 0 1.60437 0.140769 1
61.9232 12.9682 -2.32877 2.04767 4.5741 1.70216 128659 0 0.396253 0.139832 0
62.5689 12.6511 -2.31705 2.004 4.42126 1.7061 128193 0 -1.3757 0.139561 0
-56.1959 9.74588 4.09045 0.881087 0.941041 1.71316 123610 0 1.9099 0.139354 1
-3.12208 32.3821 0.870276 1.74508 4.01463 1.48567 157004 0 -1.08957 0.139257 0
61.9269 13.9316 -2.26732 2.08887 4.71535 1.76161 130063 0 -2.84699 0.138783 0
26.4339 25.1557 -0.0444179 1.96633 4.51164 1.54685 146332 0 -1.42291 0.138743 0
-49.5394 21.5894 3.553 1.88594 3.6419 1.60181 140947 0 2.20637 0.138739 0
4.84391 9.04537 0.861102 0.849372 1.49235 1.75932 122865 0 -0.936596 0.138657 2
-27.3422 28.2296 2.34285 2.37471 5.58426 1.82401 150844 0 2.0711 0.138445 0
61.6079 12.9684 -2.37314 2.05427 4.59691 1.71269 128658 0 1.35178 0.137626 0
61.8862 6.47627 -2.08235 2.17779 4.91477 1.8422 119299 0 1.3452 0.137444 0
-59.9752 8.44796 4.3382 1.98347 4.4431 1.66955 121726 0 0.222703 0.136815 0
42.7428 15.4145 -0.871849 2.10569 4.53435 1.69697 132343 0 -1.43356 0.136619 0
28.0284 33.7286 0.219121 2.11809 4.75048 1.67439 158973 0 1.70038 0.136446 0
-2.37112 33.6929 1.06213 0.948459 1.29574 1.76612 158878 0 -1.11281 0.136419 1
46.5858 15.5183 -1.08913 0.824848 0.858443 1.75183 132355 0 -1.5947 0.136182 1
61.6051 13.2773 -2.37648 2.0648 4.55397 1.70328 129126 0 1.63775 0.136072 0
-53.8766 7.84271 4.25541 0.921497 0.984949 1.7099 120809 0 0.924271 0.135342 1
-46.4969 4.84184 3.68722 0.862874 1.66337 1.79037 116620 0 1.98366 0.134865 2
32.3964 18.3109 -0.144718 2.40432 5.31425 1.88233 136523 0 1.84317 0.13463 0
-9.42197 -8.74022 1.02805 0.603722 0.66722 0.865143 96612 0 -2.47053 0.134496 1
-0.142929 10.0672 0.753227 1.89511 4.49057 1.51377 124253 0 -1.28863 0.134063 0
-9.37485 36.0616 1.59254 2.14992 4.90656 1.64202 162132 0 -1.2165 0.133657 0
28.9904 32.8531 0.0302166 2.0226 4.54261 1.57342 157572 0 -1.40196 0.13332 0
17.3994 31.8904 0.897557 0.816015 0.760993 1.91972 156132 0 2.13424 0.132647 1
-47.5083 10.3815 3.68038 1.19054 2.07795 1.81736 124573 0 -1.13559 0.13207 0
11.9242 69.2323 0.223317 2.17927 4.98145 1.68231 210871 0 -2.81462 0.131914 0
-44.344 33.1761 2.8441 1.88553 3.43075 2.0183 157811 0 0.783979 0.131373 0
-49.1078 10.0941 4.02915 2.32103 5.13274 1.9169 124100 0 -1.30003 0.131328 0
21.8771 -13.0582 0.586864 0.797917 1.44066 1.72053 90626 0 -2.7798 0.130966 2
9.76014 68.3107 0.0765521 2.04575 4.61219 1.55932 209460 0 -1.14152 0.130691 0
45.9305 -4.43845 -1.39228 0.811022 0.910238 1.76336 103337 0 1.63981 0.13036 1
-29.2331 25.6561 2.36492 2.38013 5.86425 1.80799 147094 0 -1.05276 0.129989 0
-9.74422 60.0092 1.74545 1.99598 4.51581 1.66329 197231 0 1.87454 0.129716 0
-13.1975 26.431 1.61738 2.11389 4.81844 1.53627 148080 0 -1.28108 0.129703 0
61.2722 12.6479 -2.5269 2.02459 4.49333 1.70886 128189 0 1.31283 0.129692 0
-45.2683 34.0557 3.14024 2.37058 5.54562 2.03886 159212 0 0.613305 0.129652 0
-3.33735 44.3649 0.658971 1.96462 4.33661 1.57869 174319 0 -1.18281 0.12953 0
-2.72959 44.0347 0.583336 1.88408 4.28178 1.53226 173853 0 -1.12946 0.128936 0
21.8469 -13.5013 0.535829 0.808526 1.48202 1.74083 89690 0 3.12269 0.12875 2
26.9299 22.4383 -0.0818707 2.23174 5.26515 1.66681 142590 0 -1.394 0.128511 0
31.5177 46.1669 -0.171709 2.19149 4.96043 1.82566 177236 0 -1.00832 0.128508 0
-10.4207 31.3882 1.57269 2.1048 4.77419 1.62676 155577 0 -1.17413 0.128378 0
57.4794 -9.45036 -1.70402 1.97624 4.38285 1.7431 95885 0 -1.69924 0.12807 0
53.9032 12.3369 -1.82309 2.02608 4.46473 1.62906 127698 0 1.76034 0.127978 0
21.2701 38.8953 0.411586 2.09832 4.66132 1.6757 166440 0 -0.904974 0.127485 0
42.4738 14.6347 -0.896785 1.7406 3.95382 1.60045 130938 0 -1.27224 0.127421 0
-10.0809 60.3264 1.81296 1.99594 4.4443 1.70788 197698 0 1.90618 0.127324 0
34.4108 66.8104 -0.135722 1.70098 3.56052 1.40917 207197 0 -2.96249 0.127004 0
28.9759 -5.51611 -0.204696 0.853718 0.902865 1.39408 101412 0 0.683767 0.126605 1
46.1398 -0.401833 -1.34796 0.932241 0.9943 1.76394 108954 0 2.31272 0.12659 1
14.7888 23.7237 0.695059 2.5308 6.04219 2.02607 144424 0 1.885 0.126251 0
32.1476 21.5045 -0.114653 1.91236 4.42104 1.70446 141202 0 1.82169 0.126005 0
-69.5634 22.2269 3.86754 2.25271 5.05006 1.85771 141820 0 -1.74361 0.125953 0
-4.31615 39.8919 1.2942 0.923996 1.16537 1.6671 167764 0 -0.83078 0.125825 1
-2.31972 47.1085 1.15953 0.944882 1.00292 1.88328 178534 0 -1.71225 0.125695 1
61.611 13.6018 -2.3491 2.08297 4.67901 1.73557 129594 0 2.60778 0.125187 0
30.5557 32.8572 0.0653538 2.0203 4.50826 1.67246 157577 0 -1.35137 0.124756 0
-50.6203 21.934 3.56237 2.31772 5.7425 2.0185 141411 0 2.05376 0.12468 0
43.6819 6.31741 1.33715 0.760287 0.734557 1.75492 118774 0 3.11015 0.124428 1
-47.5513 27.9362 3.47798 1.95822 4.31848 1.62088 150313 0 2.13321 0.124301 0
-6.23309 40.7846 1.29412 2.10522 4.74727 1.69036 169162 0 2.04725 0.12406 0
31.8194 45.0017 -0.225268 2.1372 4.70705 1.78682 175365 0 -0.651743 0.123972 0
10.6321 64.8388 0.200221 2.05372 4.56633 1.57434 204315 0 1.19795 0.123953 0
49.1185 -6.64315 -1.55538 0.88592 1.01841 1.76378 100071 0 -1.6721 0.123681 1
2.01486 9.68491 0.605686 0.755349 0.989837 1.46442 123792 0 -1.46153 0.123638 1
4.43945 47.8838 0.924617 2.27583 5.68229 1.95562 179491 0 2.02692 0.123527 0
-9.46559 60.9453 1.78563 1.9953 4.44011 1.69912 198636 0 2.07497 0.123251 0
21.6629 -13.0694 0.587062 0.802328 1.51249 1.73841 90625 0 -3.08038 0.12307 2
11.6911 -11.7483 0.735297 0.85902 1.1442 1.66026 92466 0 -2.62215 0.123047 2
-25.8514 27.5973 2.16725 2.41371 5.58331 1.76869 149913 0 -1.11218 0.122761 0
-44.3134 34.0482 3.01499 2.56222 5.96761 2.23114 159215 0 0.719147 0.122728 0
-48.1107 27.4011 3.57169 2.02672 4.53686 1.68816 149375 0 2.13735 0.12233 0
-48.1502 11.3804 3.77631 2.01918 4.44084 1.71372 125975 0 -1.05143 0.121966 0
30.8501 33.6853 0.13401 2.13212 4.82039 1.74016 158982 0 -1.48839 0.121781 0
44.2339 -5.85582 -1.15624 0.844618 0.92525 1.79355 100992 0 1.66911 0.121526 1
-43.9818 34.036 2.95982 2.5989 6.10871 2.23459 159216 0 1.36447 0.121456 0
4.38431 8.84189 0.899067 0.859346 1.98175 1.7472 122395 0 -1.47353 0.121261 2
32.5119 20.3749 -0.0472612 1.22321 1.77951 1.71449 139331 0 1.81055 0.121035 1
30.242 36.3505 0.129835 2.05691 4.51083 1.6899 162724 0 -1.47328 0.120929 0
46.1376 -4.64 -1.42779 0.852185 0.942685 1.78666 102870 0 -1.04682 0.120918 1
57.7226 -9.73524 -1.57028 2.14607 4.85772 1.83377 95418 0 -1.63241 0.120659 0
33.4774 -5.91788 -0.26257 0.882578 0.96687 1.78151 100958 0 0.177239 0.120334 1
17.4709 32.8236 1.18223 0.876973 0.821819 1.87134 157536 0 2.48606 0.120296 1
-8.21265 59.6649 1.65053 1.34891 2.00433 1.76749 196768 0 1.6278 0.120249 1
20.6218 39.5175 0.280888 2.05795 4.71169 1.60907 167374 0 -0.932043 0.120235 0
-51.3177 3.30216 4.13518 0.858284 0.898719 1.71549 114265 0 1.63481 0.11937 1
-1.0826 7.093 1.31224 0.812689 0.94844 1.77817 120038 0 -1.64057 0.119359 1
-7.82238 20.576 1.22624 0.685293 0.729116 1.54072 139673 0 0.075528 0.119298 1
-2.61192 33.1896 1.05889 0.794624 0.786437 1.72698 157941 0 -0.867942 0.118946 1
-3.31419 45.5224 0.781591 2.04848 4.62749 1.668 176191 0 -1.1514 0.118753 0
18.9316 31.9087 0.84805 0.886616 0.935289 2.0447 156137 0 1.46832 0.118682 1
-2.05923 44.0126 0.604553 0.756298 0.850776 1.53132 173855 0 -1.15476 0.118664 1
33.1749 39.4332 0.954035 0.896297 1.94627 1.79527 167413 0 0.220239 0.118005 2
2.7356 40.821 0.596306 0.677368 0.694696 1.59011 169190 0 2.15292 0.117525 1
-35.9974 28.3408 2.47741 2.08344 4.56426 1.61422 150817 0 -1.05619 0.117378 0
12.8513 31.5138 0.498242 1.90927 4.15449 1.65355 155650 0 -1.05761 0.117338 0
-35.5727 22.3541 2.77802 2.11943 5.05745 1.78887 141926 0 -1.19774 0.117061 0
65.7563 -0.158638 -2.91864 1.94509 4.39668 1.61 109483 0 1.68918 0.116967 0
-3.93208 48.7913 1.01347 0.834318 0.794099 1.69735 180869 0 -2.92887 0.116894 1
10.6067 65.0826 0.249903 2.16818 4.92909 1.67938 204783 0 0.483937 0.116735 0
57.7597 52.014 -0.100041 2.01953 4.54459 1.60076 185742 0 0.592936 0.116716 0
-3.73425 48.768 0.942524 0.757159 0.692361 1.71647 180870 0 -2.90089 0.116597 1
-67.3857 11.0707 4.00352 0.888313 0.94463 1.78784 125447 0 -0.934921 0.116596 1
28.3603 33.1701 0.113042 1.97947 4.44485 1.57348 158038 0 1.62352 0.116533 0
-46.594 9.70491 3.69042 2.02126 4.58193 1.76967 123640 0 -1.27076 0.116487 0
61.6175 13.9296 -2.32072 2.07714 4.66873 1.76215 130062 0 3.07274 0.116346 0
-49.4458 30.2153 3.32152 1.97981 4.40476 1.611 153583 0 -1.10172 0.116314 0
62.251 12.3474 -2.3145 1.95892 4.3394 1.67721 127724 0 -1.02793 0.116163 0
-10.3959 60.0021 1.85953 2.05308 4.61088 1.72384 197229 0 1.84396 0.115452 0
33.105 66.7345 -0.171893 1.97747 4.42416 1.54637 207193 0 -1.21317 0.115256 0
-56.4134 9.7443 4.07913 0.901331 0.96272 1.75767 123609 0 1.92839 0.115057 1
-4.97999 40.4448 1.28267 2.02416 4.64729 1.65884 168698 0 -1.08925 0.114968 0
61.6024 12.3403 -2.34214 2.0347 4.56984 1.6878 127722 0 1.21128 0.114966 0
-52.3357 19.9066 3.84029 0.932296 0.996116 1.59787 138598 0 -0.746974 0.11493 1
-68.2884 23.1921 3.68808 2.11748 4.55457 1.74095 143228 0 -2.62399 0.11492 0
31.5243 44.6658 -0.335363 2.13268 4.73134 1.78339 174896 0 -0.0977398 0.114803 0
-55.5219 18.7997 3.86707 0.832542 0.832288 1.6697 136716 0 -2.26315 0.1146 1
43.3867 -4.737 -0.806301 0.887539 1.00001 1.86075 102861 0 1.66388 0.114524 1
35.6954 66.0793 -0.220434 1.91554 4.39973 1.53764 206265 0 1.2641 0.114471 0
29.2882 32.5302 0.0242792 2.0045 4.41827 1.56552 157105 0 -1.4017 0.114347 0
-5.94597 40.4892 1.34786 2.04666 4.59924 1.65811 168695 0 1.85462 0.11422 0
-47.8813 6.65137 3.94888 0.90257 0.959769 1.65588 118956 0 2.42421 0.114096 1
65.1236 -0.157112 -2.74551 1.95722 4.28118 1.55985 109481 0 1.79372 0.113943 0
34.4263 67.9002 -0.19767 2.25223 5.18789 1.76013 209069 0 -3.07367 0.113907 0
35.9632 66.0801 -0.163495 2.04915 4.75792 1.59596 206266 0 -1.4338 0.113549 0
12.5449 32.0572 0.590831 2.18092 4.90692 1.70974 156585 0 -1.01107 0.113216 0
18.5026 31.9054 0.899539 0.865572 0.887843 2.03026 156135 0 1.96259 0.113204 1
61.9297 12.3417 -2.3217 2.01468 4.46524 1.6829 127723 0 0.574495 0.112939 0
11.0938 68.6945 0.186436 1.68294 3.66787 1.42816 209932 0 -0.750693 0.112904 0
66.3968 -0.157883 -3.05221 2.03727 4.6604 1.69327 109485 0 1.76782 0.112762 0
62.1966 5.01968 -2.08355 2.26857 5.20481 1.89969 116960 0 1.13913 0.112258 0
57.7256 -9.14247 -1.59668 2.10761 4.71169 1.82688 96354 0 -1.70638 0.112137 0
1.0332 39.6054 0.861164 1.90127 3.62992 1.79938 167313 0 2.05286 0.112051 0
10.7717 29.0778 0.82218 1.97661 4.68848 1.88899 151899 0 -1.08248 0.111992 0
11.9606 68.7073 0.182027 1.8821 4.17394 1.51233 209935 0 -2.36254 0.111849 0
61.635 6.49019 -2.05258 1.99739 4.45186 1.73702 119298 0 -1.53447 0.111743 0
45.8797 -5.5045 -1.45293 0.879767 0.922964 1.79956 101465 0 -1.46349 0.111477 1
56.2452 50.6568 -0.569683 0.82675 1.73512 1.76025 183865 0 1.9217 0.111202 2
32.536 20.0791 -0.023088 1.0691 1.31851 1.7273 138863 0 1.82383 0.110675 1
33.7804 67.0756 -0.175058 1.84962 4.11874 1.48906 207663 0 -1.35697 0.110538 0
10.7727 69.254 0.220191 2.11252 4.7632 1.62747 210867 0 -0.130667 0.110488 0
31.1345 33.149 0.0956492 2.15321 4.9174 1.78318 158047 0 -1.38519 0.110415 0
-29.0217 22.5416 2.3501 1.74095 3.79538 1.47935 142415 0 -0.763374 0.110267 0
-69.2814 11.3609 4.36117 2.01598 4.45775 1.73035 125909 0 -1.37125 0.110175 0
-9.11685 59.4052 1.64334 2.00293 4.47172 1.67306 196297 0 2.04059 0.110053 0
-2.14214 46.6909 1.14713 0.817546 0.750759 1.80386 177599 0 -1.36293 0.110041 1
18.0802 41.0992 0.153329 2.12793 4.89563 1.68226 169706 0 -1.04707 0.110038 0
9.82253 65.3474 0.29182 2.21816 5.19102 1.76493 205248 0 0.0913736 0.110023 0
-49.7581 29.6131 3.46869 1.99591 4.43813 1.62829 152646 0 -1.08544 0.109817 0
-5.04015 26.5016 1.12808 1.68935 3.54996 1.50378 148106 0 1.96853 0.109726 0
-4.63196 40.1378 1.28954 1.81017 3.72464 1.6432 168231 0 -1.00159 0.109166 0
-59.7182 7.5705 4.4137 2.06353 4.56263 1.74508 120323 0 0.143172 0.109058 0
-48.8008 10.3587 3.9144 2.14006 4.74586 1.80481 124569 0 -1.17102 0.109056 0
18.3861 48.8208 0.517295 2.0397 4.65532 1.69745 180939 0 1.59831 0.108981 0
11.6954 -11.899 0.771691 0.90296 1.26073 1.66619 91998 0 -0.493283 0.10874 2
-55.5335 18.9727 3.81936 0.842079 0.853673 1.6525 137184 0 -1.93727 0.108607 1
49.7642 9.22147 -1.78364 2.06626 4.67033 1.77708 123005 0 1.82215 0.108573 0
-2.03156 47.5934 1.18184 1.9461 3.9885 1.93402 179003 0 -1.23616 0.108518 0
33.0352 -5.62555 -0.257258 0.897996 1.00084 1.7518 101425 0 0.258895 0.108502 1
43.5607 -4.03287 -1.02736 0.804878 0.801726 1.80125 103798 0 1.65122 0.108481 1
53.9132 11.6966 -1.86356 2.02939 4.47045 1.63478 126762 0 1.85519 0.108442 0
-35.7028 28.6414 2.53937 2.05129 4.52166 1.61698 151286 0 -1.03797 0.108251 0
18.7135 49.1039 0.449726 2.03788 4.6247 1.70633 181408 0 1.70774 0.108139 0
-1.41774 47.3116 1.1585 2.15801 4.66292 1.92204 178537 0 -1.10043 0.108139 0
-46.2513 27.0087 3.42875 1.13196 1.61392 1.79241 148913 0 2.34198 0.108072 1
-51.6736 2.7071 4.14397 0.863953 0.897712 1.70194 113328 0 1.6762 0.108067 1
-16.7846 57.7304 2.03017 2.09878 4.69493 1.71252 193933 0 2.76176 0.107978 0
-47.5442 11.3578 3.7249 1.99962 4.38624 1.7291 125977 0 -1.05091 0.107893 0
48.7171 -7.42559 -1.40975 0.96988 1.31064 1.90273 98666 0 -1.5388 0.107859 1
33.4195 -2.07829 -0.391295 0.783964 0.856887 1.57851 106574 0 -1.54631 0.107711 1
-46.2481 9.16482 3.71392 2.20567 4.87344 1.78224 122705 0 -1.2803 0.107694 0
