11.4019 12.0304 0.744488 2.00588 4.57238 1.55327 127097 0 1.77213 0.944525 0
-10.4775 17.0945 1.39001 1.99869 4.47232 1.51356 134517 0 -1.09868 0.931438 0
1.06104 12.4095 0.78218 2.0974 4.92582 1.47521 127533 0 -1.10824 0.926591 0
-18.1715 13.5282 1.99748 2.21736 4.76459 1.81686 129345 0 -1.14569 0.925724 0
-18.6595 7.29345 1.87363 2.08459 4.82773 1.64847 119983 0 1.79307 0.924405 0
14.1975 23.5516 0.652093 2.23959 5.10613 1.87864 143954 0 1.89509 0.922054 0
-16.7407 15.922 1.71478 1.99682 4.56681 1.50666 132625 0 -1.17551 0.919747 0
-16.4115 -2.7577 1.69745 2.10746 4.74296 1.58411 105482 0 0.187297 0.909659 0
-8.38448 -4.43298 1.29191 2.34577 5.18076 1.89342 103167 0 0.198888 0.907312 0
-14.0041 -3.67495 1.54832 2.05696 4.55292 1.62023 104086 0 0.187089 0.907282 0
-4.35215 29.2867 1.25955 2.08746 4.73091 1.84543 152320 0 2.01628 0.905614 0
-15.9372 18.3966 1.96327 2.29347 5.59737 1.93539 136372 0 -1.21439 0.901359 0
-7.81628 21.9787 1.26494 1.9625 4.66736 1.52339 141545 0 1.97457 0.899849 0
-9.4225 19.4393 1.32899 2.04263 4.76545 1.5509 137796 0 1.9992 0.897853 0
12.5811 15.4431 0.707785 2.21063 4.88359 1.78735 132249 0 1.78347 0.895064 0
-7.21585 24.5631 1.41215 2.00713 4.56672 1.75184 145291 0 1.9931 0.888472 0
-37.6552 17.6669 2.94124 2.03644 4.45274 1.71054 135368 0 2.14366 0.878262 0
6.58392 22.023 0.843602 2.0383 4.53409 1.75907 141590 0 -1.09842 0.873241 0
-34.8177 9.99487 2.91178 2.10658 5.00675 1.78269 124145 0 2.13288 0.870685 0
10.7525 29.3127 0.729907 2.16342 4.97559 1.90975 152367 0 -1.08977 0.869228 0
3.46542 17.5573 0.701739 2.10722 4.89703 1.50962 135028 0 -1.11227 0.866138 0
8.1834 24.1877 0.570788 2.00212 4.62311 1.48913 144871 0 -1.12986 0.864475 0
13.2835 17.8725 0.662945 2.15298 4.90166 1.84735 135527 0 1.85382 0.857133 0
2.78954 14.6664 0.734298 1.97448 4.57533 1.51185 130814 0 -1.15262 0.852662 0
-2.09683 34.3811 1.01691 2.12793 4.86774 1.69408 159815 0 -1.09601 0.85084 0
-11.3476 -4.37311 1.41637 1.9825 4.31659 1.60068 103158 0 0.164129 0.8467 0
-11.654 13.7252 1.53739 1.85159 4.07225 1.68061 129365 0 2.02899 0.844264 0
41.8497 11.5708 -1.0349 2.02228 4.5332 1.74212 126724 0 -1.40956 0.843707 0
-5.57371 26.8169 1.12815 1.90907 4.45435 1.50111 148572 0 1.99435 0.84003 0
24.5438 13.1739 -0.0805711 1.99937 4.45115 1.54644 129010 0 -1.28505 0.836411 0
9.10387 26.75 0.563612 1.94273 4.32891 1.52005 148618 0 -1.09454 0.830722 0
-14.888 21.0009 1.70513 2.00389 4.67678 1.54238 140119 0 -1.18427 0.822422 0
4.92218 19.9123 0.853699 2.10241 4.86435 1.70712 138777 0 2.03026 0.818143 0
26.4208 21.964 -0.12616 2.07774 4.78125 1.60838 141652 0 -1.4022 0.817982 0
2.43998 42.0494 0.637187 2.01072 4.65127 1.52263 171061 0 2.03113 0.813802 0
-0.219849 36.8771 0.807109 2.00142 4.50779 1.56462 163565 0 2.10292 0.808851 0
13.6801 20.5962 0.416057 2.0145 4.61733 1.52409 139740 0 1.86652 0.801867 0
0.532585 39.9262 0.823623 2.07549 4.68326 1.82855 167779 0 2.06891 0.796516 0
25.4996 16.1594 -0.0723959 1.92507 4.35903 1.51035 133225 0 -1.25645 0.789569 0
-29.9134 23.1287 2.52445 2.04725 4.62539 1.64393 143348 0 2.13432 0.7871 0
-28.6694 25.512 2.45489 2.09675 4.54003 1.69585 146628 0 -1.05556 0.786439 0
-9.30955 18.0197 1.38256 0.858249 0.801238 1.68794 135924 0 -2.88905 0.782875 1
-23.828 32.4477 2.35959 2.31753 5.84185 1.86379 156939 0 -1.11854 0.780978 0
45.3429 -0.808052 -1.39729 0.896684 0.964383 1.77245 108483 0 -1.22841 0.777356 1
5.23766 47.5439 0.853809 1.9797 4.37018 1.66275 179026 0 2.04178 0.775965 0
-12.6491 26.3128 1.55309 2.09696 5.04528 1.53775 148082 0 -1.13812 0.775506 0
-32.1921 18.3484 2.76743 2.23393 4.75989 1.88555 136321 0 -1.05101 0.762736 0
30.8634 14.8561 -0.316228 2.11394 4.72257 1.66412 131370 0 1.79539 0.757994 0
4.28033 44.7151 0.657605 1.96538 4.54646 1.55461 174811 0 2.13554 0.756248 0
29.2906 12.0936 -0.0705248 2.05515 4.80617 1.82726 127153 0 1.78547 0.742652 0
-35.3125 22.9709 2.90681 2.06412 4.51914 1.74725 142863 0 -1.06091 0.737825 0
-11.3341 28.5788 1.52008 2.04946 4.70097 1.54379 151362 0 -1.10882 0.735765 0
-39.8535 8.39886 3.27678 2.15337 4.6527 1.69803 121789 0 -1.2223 0.734511 0
31.5135 17.7927 -0.144213 2.13662 4.71052 1.84431 135584 0 1.78869 0.734458 0
-13.8875 23.2977 1.67777 1.84977 4.19658 1.51993 143398 0 -1.13906 0.730095 0
-3.39821 32.095 0.888144 1.95963 4.44387 1.4331 156535 0 -1.20015 0.712827 0
-2.44201 33.4203 1.06285 0.818233 0.818975 1.75272 158410 0 -0.867403 0.704249 1
14.9253 36.3025 0.455314 2.09978 4.86502 1.80936 162676 0 -1.03623 0.704065 0
25.8052 19.2514 -0.122353 1.99586 4.38566 1.60838 137906 0 -1.33739 0.703297 0
4.21881 44.8502 0.669276 2.09402 4.84443 1.57436 175279 0 2.5783 0.68802 0
28.0327 27.6018 -0.00614253 1.9874 4.30644 1.62264 150081 0 -1.38049 0.682613 0
12.301 31.5158 0.386553 2.05105 4.59194 1.60104 155648 0 -1.0898 0.660769 0
-10.0744 31.1674 1.56609 1.99542 4.64642 1.60948 155110 0 -1.14577 0.648918 0
-21.9529 37.496 2.30759 2.38624 5.85988 1.84323 164433 0 -1.08451 0.63511 0
13.5432 34.0368 0.322855 1.98731 4.4136 1.58934 159396 0 -1.04484 0.605418 0
42.8281 -5.55927 -1.07003 0.902986 0.992421 1.91947 101455 0 1.6551 0.585657 1
47.9423 -7.75447 -1.44418 0.912866 0.956424 1.78276 98195 0 1.77313 0.57669 1
-26.7025 28.0258 2.44928 2.20246 5.16572 1.77494 150378 0 -1.09521 0.575815 0
43.0102 -6.44623 -1.25355 0.885853 0.965901 1.90185 100052 0 1.62219 0.551651 1
-50.0931 22.5351 3.71285 2.06182 4.49675 1.69046 142349 0 2.24198 0.543155 0
45.3328 -5.66988 -1.42011 0.869114 0.931242 1.7816 101463 0 1.79838 0.536315 1
35.0392 32.1025 -0.336752 2.23293 5.0417 1.71727 156655 0 1.74292 0.534715 0
-27.0473 28.2509 2.55494 2.13827 4.80748 1.76569 150845 0 -1.30528 0.501141 0
31.859 20.6582 -0.136052 1.91539 4.38988 1.66204 139797 0 1.82275 0.469733 0
45.3401 -5.80691 -1.37367 0.830119 0.909521 1.78443 100995 0 1.74514 0.467747 1
15.4805 -16.4411 0.952761 2.12789 4.69952 1.68827 85458 0 0.252008 0.46698 0
-50.3342 22.2761 3.68214 2.05102 4.59384 1.71577 141880 0 2.05894 0.460685 0
-7.82513 35.6588 1.25629 2.03127 4.68852 1.50114 161669 0 -1.11948 0.459319 0
-2.61123 33.4162 1.0915 0.808848 0.807934 1.73955 158409 0 -0.719894 0.446461 1
-3.93375 47.4253 1.20164 0.80412 0.769649 1.81356 178997 0 2.85137 0.433975 1
4.53243 44.6146 0.660437 1.88741 4.05981 1.53833 174812 0 -1.99523 0.423721 0
56.7175 49.7067 -0.938785 0.80799 0.901104 1.73276 182463 0 2.17576 0.418421 1
-4.90925 66.1333 1.53479 2.1226 4.86046 1.68249 206138 0 -1.09771 0.399428 0
47.9404 -7.65318 -1.45276 0.927359 0.982706 1.78477 98663 0 2.8711 0.394233 1
-43.0506 33.7174 3.52561 2.09163 4.52983 1.83715 158751 0 -1.19632 0.391548 0
48.0557 -7.64964 -1.51896 0.941848 1.01183 1.79578 98664 0 2.44687 0.387306 1
-1.13002 47.8161 1.24246 2.20044 5.1051 1.83196 179474 0 -1.12629 0.385233 0
-42.0813 31.8549 3.15486 2.01921 4.50389 1.69641 155946 0 -2.98916 0.381595 0
56.5928 49.7112 -0.982885 0.833463 0.917144 1.73982 182462 0 1.54076 0.379199 1
27.6949 24.7913 -0.123129 1.95343 4.43347 1.47049 145868 0 -1.38194 0.377308 0
31.8234 45.3174 -0.107801 2.0577 4.66022 1.69509 175833 0 -1.2969 0.375723 0
45.5062 -5.23786 -1.53188 0.803962 0.881945 1.73716 101932 0 1.77237 0.371842 1
-3.76923 47.4322 1.19032 0.814247 0.774098 1.82948 178998 0 2.70014 0.362762 1
-15.8106 57.0922 1.89722 2.22121 5.01904 1.81859 193000 0 -0.937925 0.362062 0
32.1722 23.7946 -0.16957 1.92266 4.27075 1.65332 144478 0 1.73554 0.358638 0
-2.10981 46.9561 1.27401 0.8007 0.720869 1.74807 178067 0 -2.77814 0.357893 1
-27.5944 28.3927 2.56353 2.07841 4.89324 1.75915 150843 0 2.08786 0.355434 0
42.8049 -5.39804 -1.0796 0.858504 0.960829 1.87222 101923 0 1.64863 0.354241 1
67.6098 19.3168 -1.70086 0.848574 0.91172 1.77124 138037 0 -1.79343 0.343801 1
45.3934 -5.27925 -1.48965 0.853818 0.924887 1.75604 101931 0 1.74322 0.338923 1
45.3339 -0.983246 -1.43744 0.937318 0.988112 1.77042 108015 0 -1.37005 0.335628 1
-23.2641 32.1219 2.40236 2.04791 4.49868 1.69685 156473 0 -1.09637 0.331764 0
-9.12447 36.3173 1.40213 2.06178 4.49427 1.56029 162601 0 -1.17662 0.331426 0
43.355 -6.25633 -1.2618 0.888421 0.943772 1.89399 100521 0 1.60839 0.328996 1
-43.3292 33.4791 3.42971 2.23731 5.06274 1.96295 158282 0 -1.35208 0.32796 0
2.9373 41.7301 0.642699 1.68204 3.35102 1.43931 170595 0 2.04893 0.326812 0
-3.93776 47.3219 1.21234 0.824059 0.767502 1.81817 178529 0 2.44726 0.32201 1
32.1267 20.8894 -0.142419 1.94564 4.55007 1.7134 140266 0 1.79154 0.316016 0
-9.24037 17.9023 1.3792 0.843123 0.825579 1.68525 135457 0 -2.64274 0.314439 1
11.0022 -11.9293 0.678451 0.819482 0.920952 1.70086 91996 0 -1.96603 0.311331 2
43.3978 -5.97949 -1.24135 0.810194 0.87627 1.85044 100989 0 1.59964 0.302444 1
-9.53827 31.1287 1.51343 1.95501 4.66393 1.60186 155112 0 -1.14958 0.302001 0
32.772 23.573 -0.124072 2.04255 4.5295 1.70441 144012 0 1.77348 0.297983 0
56.7351 49.5405 -0.910597 0.847505 0.964813 1.72755 181995 0 1.08611 0.297732 1
-32.7435 18.6363 2.79899 2.49414 6.11222 2.05681 136787 0 -1.08624 0.2947 0
-1.72965 47.8782 1.27931 2.20688 5.17455 1.91789 179472 0 -1.19587 0.291379 0
-49.8298 22.809 3.71462 2.1529 4.61435 1.73584 142818 0 2.4767 0.29063 0
-53.3921 19.9899 4.13888 0.925824 1.0128 1.6232 138595 0 -1.24074 0.290393 1
43.6143 -6.22255 -1.31068 0.84602 0.906708 1.78549 100522 0 1.61984 0.290017 1
31.2642 45.3511 -0.099782 2.00527 4.56664 1.63202 175831 0 -1.19367 0.289485 0
13.0398 34.0915 0.316996 2.08773 4.71572 1.66636 159394 0 -1.09523 0.287308 0
43.6194 -5.98621 -1.29661 0.863796 0.923815 1.79978 100990 0 1.64387 0.282243 1
-2.44165 33.2377 1.05497 0.810335 0.799621 1.68575 157942 0 -0.963502 0.281663 1
-7.91306 20.6227 1.18803 0.672152 0.684854 1.50535 139673 0 -0.824418 0.277894 1
-10.6358 31.2607 1.62954 2.05211 4.71181 1.58647 155108 0 -1.13667 0.277716 0
-2.10037 47.1085 1.25881 0.844438 0.846273 1.82595 178535 0 -2.28218 0.276515 1
-6.53632 63.8906 1.25285 1.9604 4.55572 1.57817 202857 0 -1.04984 0.276328 0
-30.8584 20.9424 2.46023 1.90418 4.23955 1.51653 140069 0 -1.0457 0.275159 0
-46.9763 10.7979 3.89153 0.904553 0.971337 1.76215 125043 0 -1.70704 0.270699 1
-35.3703 23.4026 2.93716 2.28874 5.21108 1.8378 143799 0 -0.940668 0.269294 0
32.464 20.3882 -0.120909 1.99529 4.71229 1.74441 139331 0 1.82711 0.265321 0
45.4546 -5.62833 -1.44942 0.8819 0.944252 1.83197 101464 0 1.79451 0.264907 1
-3.76957 47.3102 1.1918 0.847063 0.786583 1.79516 178530 0 2.41977 0.264372 1
-52.5459 20.5517 4.10792 0.96463 1.05402 1.59673 139533 0 0.570124 0.258161 1
-8.4448 35.9711 1.34943 2.0422 4.43475 1.51864 162135 0 -1.17947 0.257293 0
-8.06657 20.6234 1.23148 0.736719 0.743056 1.58419 139672 0 -0.613631 0.254056 1
3.77205 6.34029 0.636267 0.609019 0.781504 1.00442 118649 0 -0.887754 0.250766 1
18.7125 31.7895 0.785523 0.841412 0.848295 2.0263 156136 0 1.84605 0.249314 1
15.4024 36.0274 0.469357 1.79607 3.90393 1.67911 162210 0 -0.985489 0.248466 0
11.0292 -11.7886 0.726534 0.804154 1.01712 1.66262 92464 0 -2.25756 0.246066 2
67.4851 19.3202 -1.71107 0.874651 0.946893 1.8095 138036 0 -2.32963 0.243182 1
-42.3446 32.0969 3.21432 2.02989 4.44559 1.72378 156413 0 -2.66993 0.240286 0
-43.0442 33.1807 3.4454 2.04161 4.39156 1.78947 157815 0 -1.50763 0.240235 0
35.9843 31.9049 -0.32892 2.17059 5.02246 1.76545 156190 0 -1.44338 0.238829 0
-10.0276 30.6797 1.57688 1.88894 4.35991 1.59705 154174 0 -1.09749 0.238743 0
54.9239 -9.99033 -2.33446 0.883618 1.00028 1.83842 94941 0 3.00045 0.238028 1
45.3239 -0.60556 -1.44052 0.921894 1.02837 1.78462 108951 0 -0.858635 0.235163 1
-2.37027 48.1177 1.22683 2.34872 5.51597 2.05909 179938 0 -1.31968 0.234336 0
-43.6479 33.7568 3.39479 2.53961 6.1132 2.1695 158749 0 -1.2602 0.232837 0
-2.17171 33.4513 0.999206 0.895024 0.989778 1.73177 158411 0 -1.35023 0.230761 1
-4.03719 65.7259 1.47524 2.07781 4.52288 1.68712 205673 0 -1.09505 0.229905 0
56.5809 49.5538 -0.92267 0.869947 0.957535 1.70799 181994 0 1.08237 0.228159 1
3.77323 6.46201 0.636979 0.604916 0.787332 0.988093 119117 0 -1.57539 0.226423 1
42.8435 -6.47054 -1.22656 0.891159 0.970024 1.88117 100051 0 1.73947 0.225776 1
4.62169 44.4214 0.657267 1.69958 3.57188 1.49654 174344 0 -2.15813 0.223583 0
49.4378 9.14041 -1.78015 1.99546 4.42553 1.74131 123004 0 1.65226 0.223375 0
-1.45876 7.11467 1.17335 0.809789 0.93863 1.77927 120037 0 -1.62653 0.220028 1
42.3922 14.2629 -1.17492 1.9379 4.30152 1.56557 130470 0 -1.33396 0.219539 0
-47.1153 10.9447 3.90222 0.936371 0.98564 1.75314 125510 0 -2.25634 0.219026 1
-3.98101 35.0617 1.23289 0.797057 0.777031 1.71345 160745 0 -1.2065 0.217716 1
-2.29716 46.9286 1.27678 0.838044 0.767147 1.76354 178066 0 -2.61155 0.217539 1
-5.2935 40.4582 1.25239 2.03032 4.64042 1.63442 168697 0 1.45044 0.216649 0
45.5194 -5.07217 -1.5194 0.819891 0.905132 1.71798 102400 0 1.73891 0.21651 1
31.2657 20.9246 -0.188566 1.93474 4.38463 1.65307 140263 0 1.81531 0.215997 0
-46.9743 10.9307 3.90874 0.932249 1.02656 1.73953 125511 0 -2.36082 0.214945 1
13.6024 33.5585 0.273825 1.80422 3.9716 1.51771 158460 0 -1.08392 0.214066 0
-5.28349 40.1787 1.30268 2.01425 4.65106 1.62772 168229 0 0.954242 0.213625 0
43.3051 -6.46254 -1.26067 0.897053 0.97592 1.89766 100053 0 1.6411 0.212543 1
48.4762 -7.5208 -1.65794 0.839575 0.933796 1.75055 98665 0 2.10865 0.211359 1
-7.18094 64.1592 1.32515 1.96229 4.35547 1.57675 203323 0 -1.04301 0.209674 0
-4.96124 40.1695 1.28316 1.98697 4.58498 1.61735 168230 0 -0.812398 0.208553 0
43.3524 5.85349 0.796743 0.769121 1.00119 1.75683 118305 0 -0.484944 0.208396 1
-2.65358 33.1953 1.0661 0.794571 0.805353 1.6877 157941 0 -0.760124 0.206731 1
11.9563 68.9965 0.0630507 2.03722 4.53295 1.66015 210403 0 -2.64712 0.206561 0
67.6226 19.1608 -1.71993 0.879842 0.945208 1.80097 137569 0 -1.4715 0.203326 1
45.4937 -0.99514 -1.50161 0.954984 1.05456 1.79816 108016 0 -1.32473 0.203196 1
32.1762 -5.97134 -0.234497 0.84964 1.00198 1.66738 100954 0 1.65508 0.20314 1
-16.4493 57.4571 2.00539 2.21868 5.13895 1.91241 193466 0 -0.835279 0.202885 0
-5.59073 40.4739 1.28196 2.04737 4.63448 1.63876 168696 0 1.80853 0.202697 0
-52.441 20.5526 4.12056 0.929631 1.03182 1.59922 139534 0 -0.479105 0.202213 1
15.5012 -15.9395 0.917352 1.83844 3.81207 1.61691 86394 0 0.28059 0.201266 0
-28.0043 39.5139 2.52021 2.12363 4.81193 1.68727 167222 0 -1.17087 0.199599 0
42.9836 -5.85627 -1.15694 0.857546 0.906565 1.88354 100988 0 1.59207 0.199564 1
28.2943 24.5381 -0.15238 2.00345 4.52838 1.50809 145402 0 -1.35107 0.197613 0
21.6032 38.2462 0.366579 2.02154 4.54304 1.6826 165505 0 -0.859078 0.196894 0
-2.07372 44.9636 0.940371 1.89077 4.35071 1.50152 175259 0 1.90721 0.196838 0
27.3963 24.5678 -0.103996 1.94 4.33726 1.46859 145399 0 -1.36997 0.196315 0
3.80756 44.9222 0.680889 2.16752 5.53993 1.69058 175277 0 1.93921 0.19582 0
18.398 40.5122 0.318151 2.02936 4.57805 1.64033 168771 0 -1.03694 0.195787 0
21.2853 -13.6407 0.606457 0.803064 0.916427 1.66776 89688 0 -2.12818 0.195389 1
-42.7699 34.022 3.53845 2.05079 4.34946 1.74607 159220 0 -0.939852 0.19175 0
-3.05624 31.6573 0.826888 1.753 3.72784 1.32914 155600 0 -1.2118 0.191382 0
27.9699 25.0335 -0.117774 1.90377 4.35522 1.47022 146337 0 -1.37484 0.19086 0
-28.3051 39.1998 2.56626 2.14715 4.86473 1.68279 166753 0 -1.16999 0.190367 0
-4.98411 40.4419 1.23914 1.98098 4.55888 1.63229 168698 0 -0.486458 0.190153 0
-43.9603 34.068 3.41011 2.67178 6.54124 2.35802 159216 0 -1.03924 0.189254 0
-54.8799 19.5786 4.20414 0.871972 0.952221 1.58501 138122 0 -0.952358 0.1872 1
27.121 27.7596 0.0561434 1.97317 4.49524 1.57411 150078 0 -1.38357 0.185798 0
56.775 50.0049 -0.988862 0.813923 1.65894 1.79956 182931 0 -2.97951 0.185648 2
-4.66306 40.1542 1.28405 1.98737 4.53449 1.60466 168231 0 -1.04649 0.181893 0
-4.02572 48.178 1.133 2.10004 4.76105 1.76381 179933 0 -2.50627 0.181525 0
31.8488 20.0599 -0.156519 1.86525 4.25381 1.65259 138861 0 1.78082 0.181026 0
-7.52542 64.4503 1.38203 2.08267 4.61929 1.66983 203790 0 -1.41367 0.179701 0
31.574 23.6118 -0.156449 1.93328 4.29726 1.63391 144008 0 1.75929 0.178537 0
21.5823 40.1746 0.373771 2.03387 4.58761 1.69609 168313 0 -2.37644 0.177908 0
19.938 38.9243 0.114347 0.634019 0.740217 1.71823 166436 0 -0.744674 0.177636 1
-1.73566 47.5929 1.28851 2.04255 4.58789 1.88218 179004 0 -1.2048 0.177356 0
29.8282 12.2198 -0.127445 2.2063 4.89708 1.88875 127623 0 1.79145 0.177154 0
-16.7709 57.755 2.03703 2.2061 5.00866 1.87139 193933 0 -1.0991 0.176638 0
-42.666 32.1365 3.25671 2.18302 4.82843 1.81917 156412 0 -2.42337 0.175254 0
-41.8316 31.591 3.10969 2.0796 4.67892 1.71335 155479 0 3.07794 0.175085 0
-2.40371 33.7033 1.04703 1.08021 1.60655 1.79695 158878 0 -1.26644 0.174851 1
35.9706 32.0597 -0.331015 2.36139 5.38222 1.82978 156658 0 -1.96476 0.174593 0
32.4226 45.5369 0.0101058 2.196 4.8918 1.78685 176303 0 -1.38999 0.174135 0
31.5757 20.3764 -0.168312 1.90649 4.24673 1.66828 139328 0 1.80185 0.173779 0
-3.99841 49.1474 1.2612 1.9825 4.35132 1.66122 181337 0 -2.93499 0.17354 0
56.7975 -9.7619 -2.20185 2.04852 4.44757 1.77847 95415 0 -1.64629 0.172541 0
-29.8759 22.6731 2.49719 2.00632 4.31767 1.59713 142412 0 2.07118 0.171357 0
18.7204 31.6221 0.734827 0.939267 1.01359 2.13449 155668 0 1.90867 0.170225 1
3.88005 6.3354 0.630602 0.631483 0.851303 1.05503 118650 0 -1.05646 0.169994 2
49.7395 9.40234 -1.77964 2.10475 4.79992 1.82026 123473 0 1.66128 0.169755 0
10.841 -11.9448 0.692119 0.849708 1.12475 1.74845 91995 0 -1.8425 0.169653 2
-5.99574 63.8048 1.29419 2.07275 4.67041 1.59953 202859 0 -1.06297 0.169129 0
-7.21257 64.43 1.33138 2.04858 4.54884 1.62454 203791 0 -2.48084 0.168159 0
-5.26552 39.8883 1.31264 1.97413 4.54234 1.59657 167761 0 0.111525 0.168128 0
31.2018 45.8352 -0.0912124 2.08348 4.74241 1.66415 176767 0 -1.24283 0.167765 0
-47.4988 5.64693 3.91826 0.88543 0.936835 1.71649 117553 0 2.02554 0.167532 1
32.1001 17.5386 -0.179941 2.35437 5.52842 2.005 135118 0 1.75624 0.167202 0
43.3294 5.68092 0.892136 0.788477 1.15815 1.78151 117837 0 -0.318009 0.167081 1
-2.29703 47.1231 1.27595 0.881718 0.850792 1.83254 178534 0 -2.18486 0.166183 1
-29.3956 22.9202 2.42937 1.75999 3.75492 1.51271 142882 0 2.0923 0.165488 0
12.9033 19.0655 0.592565 0.851155 0.975538 1.66463 137398 0 -0.265781 0.165092 1
0.139519 36.4483 0.826365 1.68783 3.53513 1.49838 162630 0 2.06394 0.16478 0
-27.703 39.8231 2.5321 2.16871 4.89377 1.71593 167691 0 -1.15938 0.164341 0
30.55 39.2046 0.432579 2.04032 4.55927 1.64636 166937 0 -1.49368 0.16347 0
47.7586 13.9036 -0.63288 0.87725 0.925607 1.82163 130019 0 1.64835 0.163068 1
-29.6696 23.3961 2.5425 1.93863 4.31974 1.60816 143817 0 2.17013 0.162682 0
-52.9773 3.06331 4.52124 2.0435 4.52575 1.71421 113792 0 1.91868 0.162524 0
-49.8187 22.0029 3.64226 1.81278 3.78803 1.58134 141414 0 2.15128 0.162386 0
-9.39114 36.0611 1.37853 2.13909 4.74366 1.57072 162132 0 -1.23809 0.161806 0
-5.93517 40.7781 1.23318 2.07244 4.63147 1.70129 169163 0 2.02473 0.161768 0
-4.62549 47.8673 1.20943 2.09192 4.65532 1.68014 179463 0 -2.22505 0.160847 0
21.2635 38.8351 0.353412 1.94393 4.34841 1.61831 166440 0 -0.972962 0.160218 0
-7.82336 64.4679 1.44084 2.13461 4.76864 1.73364 203789 0 -1.01877 0.159889 0
-48.4935 11.0625 3.74285 1.98157 4.27714 1.6617 125506 0 -1.00341 0.159869 0
48.4848 -7.25613 -1.69532 0.839555 0.926671 1.73984 99133 0 -2.4825 0.159188 1
-1.88783 46.9314 1.29241 0.812712 0.779069 1.75258 178068 0 -2.80063 0.159151 1
20.3196 -6.62203 0.457801 0.862562 0.974896 1.32701 99981 0 1.92761 0.158983 1
-8.08537 20.4053 1.25377 0.796095 0.802065 1.60613 139204 0 -0.65389 0.158889 1
32.8214 -6.23648 -0.40708 0.773583 0.984592 1.71815 100488 0 -0.242941 0.158504 1
21.8716 38.5391 0.400449 2.07032 4.66644 1.73337 165974 0 -1.05283 0.157975 0
55.1189 -10.027 -2.37445 1.00073 1.2726 1.84106 94942 0 -3.03384 0.157564 1
-7.29918 35.6098 1.23178 1.95864 4.48012 1.55088 161671 0 -1.16249 0.157264 0
57.0302 49.7616 -0.915888 0.846386 1.68385 1.80361 182464 0 -2.26964 0.155704 2
71.1518 -14.222 -1.75661 2.14901 4.64434 1.94078 88908 0 -2.96853 0.155594 0
42.7961 -5.83254 -1.10341 0.867183 0.929599 1.84109 100987 0 1.60873 0.155231 1
-4.32799 47.8689 1.16358 2.02921 4.3238 1.75428 179464 0 -2.7039 0.154501 0
32.7841 20.082 -0.0991391 2.1236 4.78095 1.78721 138864 0 1.81479 0.154457 0
72.7678 -13.5764 -1.62916 2.17668 4.86483 1.95306 89849 0 -1.34114 0.154286 0
-52.3118 1.46394 4.41866 2.08875 4.67495 1.71062 111454 0 3.08708 0.154098 0
17.1929 31.8408 0.765326 0.902872 0.930213 1.85713 156131 0 2.14171 0.153852 1
21.3171 40.4508 0.341442 2.00687 4.50695 1.65516 168780 0 -2.53276 0.153383 0
20.3698 -6.80605 0.520834 0.862722 0.911296 1.522 99513 0 1.92333 0.153362 1
-7.89742 20.4083 1.20669 0.759964 0.800241 1.50584 139205 0 -0.809743 0.153223 1
-52.2802 1.7368 4.42135 2.02979 4.50081 1.64904 111922 0 2.75833 0.152464 0
-36.2698 53.8431 3.38531 0.847593 0.88665 1.78271 188256 0 -1.05898 0.152371 1
-50.6626 22.8324 3.80141 2.46758 5.77005 2.06401 142815 0 2.20496 0.152308 0
48.7545 -7.52226 -1.79549 0.83797 0.931294 1.72266 98666 0 -2.81315 0.152017 1
0.855164 45.2103 1.15412 0.794268 0.766302 1.71718 175736 0 0.261676 0.151821 1
-2.06699 48.3998 1.18032 2.30528 5.35386 1.98757 180407 0 -1.21319 0.151088 0
-4.30526 49.4041 1.40761 2.08644 4.65509 1.68922 181804 0 -3.09757 0.150808 0
-5.90151 40.2041 1.32889 2.02806 4.55438 1.62767 168227 0 1.88542 0.150767 0
17.4228 31.8681 0.780116 1.35306 2.15524 1.92251 156132 0 2.05398 0.14841 0
-0.441971 10.0912 0.763101 1.86957 4.3437 1.51184 124252 0 -1.19127 0.147947 0
31.8182 21.2048 -0.151087 1.85448 4.20106 1.66054 140733 0 1.79076 0.147828 0
-5.3049 40.7352 1.24798 2.0455 4.64302 1.6668 169165 0 1.90079 0.147679 0
48.8503 9.16483 -1.79845 1.89357 4.16505 1.67473 123002 0 1.47849 0.147294 0
1.04305 39.6019 0.871396 1.83395 3.58235 1.7457 167313 0 2.05834 0.14725 0
18.4733 31.8256 0.785711 0.956822 1.01667 2.05066 156135 0 1.98593 0.146324 1
-4.26727 47.4936 1.17094 0.914931 1.04861 1.78778 178996 0 3.13119 0.146088 1
45.0876 -0.805336 -1.39629 0.943354 1.03325 1.79073 108482 0 -1.30289 0.14599 1
0.494774 51.6442 1.29943 0.801674 0.8258 1.73979 185095 0 -0.196391 0.145952 1
-9.50182 30.6632 1.53965 1.92052 4.61022 1.56875 154176 0 -1.13116 0.145816 0
56.5048 -10.0602 -2.26931 1.95172 4.30533 1.73331 94946 0 -1.63057 0.145576 0
-9.1251 59.9982 1.71053 2.0561 4.63957 1.68333 197233 0 2.20044 0.145275 0
31.8196 45.8213 -0.0802489 2.08163 4.6407 1.70422 176769 0 -1.38245 0.144271 0
18.6692 40.7642 0.320963 2.05631 4.65051 1.65678 169240 0 -1.00164 0.143891 0
14.9775 -16.4536 0.951151 2.19627 4.98715 1.75756 85456 0 0.352551 0.143532 0
4.94559 48.0233 0.887118 2.24581 5.40667 1.78563 179961 0 2.04972 0.143392 0
-44.2827 33.7669 3.43479 2.57638 6.58762 2.41915 158747 0 -1.0086 0.14307 0
43.6243 -6.48718 -1.29657 0.85482 0.942025 1.8168 100054 0 1.63397 0.143002 1
-11.0293 31.7529 1.69806 2.05736 4.68033 1.57292 156043 0 -1.13694 0.142864 0
4.33556 8.84554 0.930179 0.847302 1.56235 1.80088 122395 0 -0.912379 0.142831 2
17.7225 31.8698 0.773033 1.97942 4.23642 2.02067 156133 0 2.00802 0.142619 0
11.9904 32.0422 0.515299 2.32417 5.49883 1.83011 156583 0 -1.03724 0.141847 0
31.2006 18.3007 -0.147893 2.27775 5.25014 1.9112 136519 0 1.81088 0.141725 0
-8.15559 59.6477 1.64481 1.25841 1.83547 1.72948 196768 0 -0.283662 0.141689 1
28.6008 24.7521 -0.134777 2.02339 4.59598 1.51837 145871 0 -1.3881 0.141584 0
-43.6654 33.1777 3.39036 2.45598 5.49206 2.08619 157813 0 -1.52584 0.141345 0
-27.1072 28.5125 2.58539 2.32806 5.17608 1.85183 151313 0 -1.5744 0.14115 0
32.4483 45.003 -0.00811189 2.20183 4.96616 1.78829 175367 0 -1.26734 0.141143 0
-3.71111 48.184 1.09025 2.12043 4.94193 1.83164 179934 0 -1.86502 0.140987 0
32.7786 24.0514 -0.148145 2.03328 4.47929 1.69531 144948 0 1.74901 0.140722 0
61.5978 3.99929 -2.16394 2.0232 4.49376 1.71303 115554 0 -1.42165 0.140581 0
-46.6313 5.23775 3.98549 0.892257 1.01682 1.70324 117088 0 1.88625 0.140544 1
-4.60915 49.1467 1.39169 1.95408 4.30789 1.63093 181335 0 2.99482 0.140441 0
21.005 38.5825 0.297718 1.94682 4.42736 1.59266 165971 0 -0.835482 0.140235 0
-0.567474 47.752 1.23758 2.11716 4.75337 1.72906 179476 0 -1.08871 0.140094 0
0.428635 51.4118 1.32479 0.769882 0.829954 1.71497 184627 0 -0.255209 0.139559 1
-1.46076 44.6822 0.893878 1.86431 4.55059 1.48463 174793 0 2.0583 0.139478 0
-4.23962 47.2766 1.18441 0.751138 0.738891 1.73935 178528 0 3.02665 0.138695 1
-43.379 34.3366 3.51453 2.51709 5.79499 2.11859 159686 0 -0.955021 0.138576 0
-5.28234 66.623 1.53793 2.54817 5.98366 1.99445 207073 0 -1.03665 0.138489 0
56.5145 -9.47863 -2.20065 1.98489 4.39507 1.75227 95882 0 -1.69253 0.137884 0
-2.38996 45.2184 0.98644 1.88775 4.26648 1.52232 175726 0 1.60873 0.13726 0
50.7284 12.3245 -1.97174 1.98456 4.50331 1.67111 127688 0 1.70078 0.137217 0
10.109 68.3253 -0.142811 2.02975 4.56699 1.64653 209461 0 1.99781 0.136797 0
-11.2888 31.5616 1.71281 1.9009 4.24296 1.54155 155574 0 -1.16256 0.136525 0
57.0503 50.0422 -0.923867 0.814723 1.63593 1.78322 182932 0 -2.43652 0.135992 2
25.8713 21.9794 -0.116423 1.77121 3.75718 1.52489 141650 0 -1.38838 0.135381 0
-46.8294 5.27685 3.97215 0.911013 1.02772 1.72259 117087 0 1.93875 0.134139 1
-15.807 56.5693 1.79458 2.09934 4.76173 1.70902 192064 0 -0.889119 0.133856 0
52.3242 12.3232 -2.26604 2.05522 4.64171 1.67557 127693 0 1.87857 0.133456 0
-5.56571 39.8974 1.34189 1.99952 4.51889 1.58328 167760 0 1.3711 0.132933 0
-44.298 34.3735 3.54911 2.60311 6.36177 2.3931 159683 0 -0.713954 0.13289 0
30.2602 39.4857 0.455632 2.07745 4.70427 1.69594 167404 0 -1.49445 0.132284 0
21.5081 -13.6298 0.652856 0.840996 1.05211 1.7042 89689 0 -2.68138 0.132113 1
30.6264 45.6255 -0.0902741 1.95814 4.45441 1.62369 176297 0 -1.37721 0.131731 0
17.1538 31.5932 0.749884 0.797834 0.714134 1.88195 155663 0 2.13832 0.131588 1
-15.2993 57.0638 1.86289 2.24703 4.94223 1.78583 193002 0 -0.931623 0.130978 0
48.4343 -7.78954 -1.63728 0.853167 0.952414 1.76771 98197 0 1.81756 0.130942 1
-46.5968 5.02582 3.95328 0.91401 1.00927 1.69991 116620 0 1.87296 0.130916 1
56.7956 -10.3761 -2.23411 2.10163 4.62842 1.81211 94479 0 -1.53528 0.130671 0
13.8881 20.1329 0.427227 2.22396 5.1556 1.63486 138805 0 1.90493 0.130452 0
-7.48012 63.9102 1.36335 2.02257 4.46516 1.60299 202854 0 -1.03416 0.130302 0
-52.4468 20.46 4.09126 0.919108 0.998797 1.60674 139066 0 0.0403553 0.130099 1
-34.1599 14.5865 2.05829 0.831248 0.908106 1.74876 130699 0 1.52973 0.130083 1
-16.8232 58.0282 2.07425 2.39204 5.57615 1.94853 194401 0 -1.33031 0.129914 0
-44.621 34.0781 3.61584 2.49889 6.12196 2.32794 159214 0 -0.712484 0.129645 0
-43.0335 32.8511 3.41032 2.14066 4.60706 1.80256 157347 0 -1.9767 0.129125 0
21.2816 -13.8172 0.73163 0.789488 0.938032 1.67445 89220 0 -2.19552 0.129008 1
33.0109 -2.47162 -0.399288 0.839115 0.926618 1.71853 106105 0 1.6586 0.128825 1
56.5451 49.9951 -1.02388 0.847199 1.60589 1.81049 182930 0 2.6444 0.128695 2
-9.1563 18.3061 1.36171 0.877256 1.01104 1.67016 136393 0 2.76471 0.128042 1
-8.82359 60.3112 1.69698 2.07933 4.65387 1.69756 197702 0 2.16893 0.127972 0
-57.2134 19.6086 4.1978 0.887072 0.908171 1.66252 138115 0 -2.94384 0.127071 1
-11.9134 31.1341 1.72669 0.700119 0.701169 1.58037 155104 0 -1.56344 0.127064 1
4.35041 9.03403 0.916803 0.816828 1.26823 1.76309 122863 0 -0.900218 0.127001 2
0.853233 45.0475 1.15382 0.802147 0.771027 1.73244 175268 0 0.274744 0.126943 1
-3.71429 48.8217 1.16648 2.09009 4.51646 1.7604 180870 0 -2.60381 0.126867 0
-3.87791 31.936 0.969331 2.08133 4.9906 1.53327 156065 0 -1.21843 0.126866 0
-9.75912 60.3232 1.90218 1.98414 4.46058 1.67413 197699 0 2.18705 0.126655 0
19.7687 38.9425 0.105519 0.641822 0.819382 1.73235 166435 0 -0.79877 0.126597 1
-6.91093 64.4096 1.30338 2.00233 4.45823 1.59297 203792 0 -1.79816 0.126499 0
-9.13388 33.7374 1.33589 2.10773 4.85893 1.56427 158857 0 -1.15769 0.126484 0
-52.0655 1.77602 4.29301 1.95681 4.35121 1.61405 111923 0 0.307546 0.126397 0
33.3845 38.2885 0.599578 0.841658 1.66645 1.76865 165542 0 0.215045 0.125902 2
32.4967 23.2932 -0.127954 1.99919 4.41441 1.66771 143543 0 1.82941 0.125811 0
20.5413 -6.83089 0.556261 0.783764 0.840167 1.67099 99514 0 1.97064 0.125809 1
-2.68893 44.9918 0.912219 1.92789 4.37133 1.52483 175257 0 1.53186 0.125693 0
17.4386 32.1142 0.874329 1.33835 2.67565 1.9421 156600 0 1.93799 0.125516 0
55.1128 -9.82349 -2.36245 0.959184 1.18868 1.86501 95410 0 -2.72784 0.125496 1
67.4876 19.1604 -1.71775 0.893797 0.971493 1.81412 137568 0 -1.79104 0.125212 1
-8.86577 36.5584 1.37732 2.06237 4.45482 1.56371 163070 0 -1.10628 0.125086 0
41.7965 14.5485 -1.1538 1.99217 4.33977 1.56299 130936 0 -1.39109 0.124773 0
30.3268 14.6669 -0.291826 1.98707 4.40904 1.62761 130900 0 1.80079 0.124769 0
40.2358 -3.99353 -1.05006 0.809428 0.844185 1.70524 103787 0 1.59702 0.124518 1
12.345 31.0019 0.340515 1.92166 4.25382 1.58892 154712 0 -1.12303 0.124487 0
-54.2689 6.85957 4.68695 0.896419 0.990315 1.67367 119404 0 -1.25263 0.124172 1
-30.4472 23.2146 2.61811 2.29374 5.48317 1.85896 143346 0 2.06819 0.12416 0
21.3308 37.9729 0.337894 2.03008 4.51555 1.65051 165036 0 -0.707945 0.124033 0
-30.6111 21.1906 2.46329 1.93735 4.253 1.54378 140538 0 -0.996888 0.122972 0
45.4966 -0.597 -1.47987 0.973753 1.11014 1.81366 108952 0 -0.834176 0.122939 1
18.1057 40.2151 0.331177 2.0346 4.56685 1.6482 168302 0 -1.04972 0.122901 0
61.3036 4.29999 -2.35127 1.96775 4.29654 1.7022 116021 0 -1.42521 0.122505 0
12.874 31.2213 0.231026 1.7996 3.81469 1.51934 155182 0 -1.06392 0.121972 0
33.0386 20.5728 -0.124604 2.1005 4.76017 1.72948 139801 0 1.83582 0.121773 0
69.5958 19.6813 -1.70763 2.09675 4.61531 1.78105 138511 0 -1.6786 0.1216 0
-53.3632 20.1982 4.11479 0.877235 0.995411 1.54425 139063 0 -1.22459 0.121548 1
-12.1099 26.3104 1.55909 1.79044 4.38189 1.54338 148084 0 -1.12489 0.121467 0
30.251 38.9232 0.41485 2.04983 4.67159 1.67651 166468 0 -1.44717 0.121138 0
56.1882 -9.76739 -2.21823 1.96426 4.33971 1.75137 95413 0 -1.7289 0.12107 0
33.1693 38.277 0.603907 0.846658 1.51168 1.78725 165541 0 0.225753 0.12074 2
15.2325 35.7951 0.49118 1.71217 3.67369 1.62514 161741 0 -0.985632 0.12068 0
-48.2497 7.23464 3.92646 0.969815 1.15185 1.79937 119891 0 -2.6763 0.120634 1
-2.70937 45.2434 0.943367 1.89205 4.28055 1.53714 175725 0 0.731111 0.120496 0
-52.0336 6.88266 4.64842 0.883607 0.965544 1.72789 119411 0 3.12617 0.120346 1
-28.3367 38.5849 2.48496 2.07598 4.57039 1.61876 165817 0 -1.17161 0.120301 0
32.0912 17.9757 -0.168204 2.45346 5.59005 1.99962 136054 0 1.76751 0.120223 0
-48.4893 11.6628 3.78454 2.04444 4.43218 1.72259 126442 0 -1.00144 0.120208 0
47.5182 19.9447 -0.46654 0.858621 0.836546 1.83926 138910 0 -1.58983 0.120203 1
45.0746 -5.63523 -1.34686 0.866234 0.940184 1.76155 101462 0 1.74456 0.119996 1
31.5565 24.0285 -0.129108 1.92922 4.24105 1.62926 144944 0 1.75681 0.119991 0
-8.81595 59.3975 1.67489 2.01839 4.56045 1.65343 196298 0 2.24189 0.119928 0
43.9263 -6.22843 -1.3575 0.883312 0.950867 1.77651 100523 0 1.67322 0.119642 1
50.4154 12.0209 -1.89871 2.00012 4.54131 1.72471 127219 0 1.70867 0.119426 0
-4.00448 47.8073 1.17203 1.29047 2.26013 1.84314 179465 0 -2.95873 0.119056 0
-46.2347 28.6315 3.55534 2.05505 4.50297 1.72562 151253 0 -1.16271 0.118671 0
51.3463 12.3404 -2.18238 2.02899 4.47714 1.66323 127690 0 1.73986 0.118644 0
-31.1174 18.9897 2.55879 0.906017 1.08642 1.59968 137260 0 -0.586577 0.118315 1
10.5008 29.0656 0.760008 2.05009 4.98271 1.9099 151898 0 -1.06451 0.11821 0
49.4602 9.70506 -1.75906 2.04349 4.40418 1.75755 123940 0 1.59918 0.117997 0
11.271 -11.9469 0.690356 0.882975 1.81276 1.71804 91997 0 -1.88444 0.117382 2
30.9581 20.6801 -0.160913 1.98292 4.42589 1.66892 139794 0 1.8183 0.117316 0
-6.50898 40.7949 1.27044 2.18255 4.90892 1.74587 169161 0 1.99987 0.117278 0
31.8395 44.6899 -0.14574 2.07267 4.64153 1.7258 174897 0 -1.1876 0.11725 0
-4.95035 39.5754 1.28203 1.9438 4.41501 1.59083 167294 0 -0.943583 0.117124 0
20.6533 39.1931 0.21079 1.89478 4.45358 1.59368 166906 0 -0.913389 0.117117 0
-53.5227 20.1914 4.13302 0.932406 1.00863 1.58678 139062 0 -1.30115 0.117063 1
-9.45248 60.6286 1.86381 1.98764 4.43754 1.67259 198168 0 2.23245 0.117002 0
21.8776 39.8604 0.388151 2.11489 4.80658 1.75881 167846 0 -2.16567 0.116862 0
-3.02572 48.1623 1.16222 2.22712 5.09979 2.00047 179936 0 -1.52135 0.116836 0
55.8667 -10.0703 -2.26404 2.02956 4.52573 1.78462 94944 0 -1.8962 0.11644 0
-4.99423 40.7277 1.23352 1.99332 4.49955 1.64545 169166 0 -2.41121 0.115803 0
18.4493 31.5725 0.755271 1.87264 3.02646 2.14264 155667 0 1.99729 0.115507 0
33.1995 38.6063 0.719912 0.846002 1.26466 1.75482 166009 0 0.446089 0.115325 1
-39.3147 8.20348 3.18674 1.90256 3.55692 1.50077 121323 0 -1.26551 0.11508 0
-42.478 33.457 3.43733 1.94681 4.02776 1.6791 158285 0 -1.29391 0.114986 0
-1.47422 6.98595 1.38095 0.818585 0.897977 1.78695 119569 0 -1.65661 0.114835 1
-9.41406 59.7166 1.79775 1.99828 4.50542 1.64799 196764 0 2.18626 0.114803 0
42.6508 14.5034 -1.18892 2.01058 4.42449 1.58671 130939 0 -1.42873 0.114468 0
-29.2756 25.9591 2.4829 2.31371 5.62846 1.81865 147562 0 -1.05623 0.114275 0
28.2937 27.8544 -0.0761608 2.25095 4.85519 1.77172 150550 0 -1.38158 0.113989 0
-9.36159 18.2855 1.39133 0.937954 1.0944 1.66342 136392 0 -3.11874 0.113896 1
-8.15246 59.9987 1.63419 2.03356 4.522 1.7185 197236 0 -0.592344 0.113507 0
-8.7562 35.744 1.33544 2.06898 4.5524 1.51175 161666 0 -1.21976 0.113439 0
-2.10334 46.6815 1.26966 0.780212 0.720866 1.71818 177599 0 -2.88092 0.113389 1
51.0251 12.6144 -1.99863 2.01132 4.48327 1.69564 128157 0 1.75652 0.113131 0
-2.159 33.1726 0.97394 0.801968 0.80857 1.64545 157943 0 -1.25174 0.113087 1
-3.97804 35.265 1.25156 0.811785 0.812569 1.72603 161213 0 -1.0904 0.112874 1
46.9018 17.6604 -0.522105 0.913742 0.887138 1.89159 135632 0 -0.76516 0.112814 1
-43.015 32.4928 3.38032 2.26275 4.93902 1.86409 156879 0 -2.16422 0.112788 0
-36.6346 20.6658 2.75631 2.08295 4.7032 1.61397 139583 0 -1.06853 0.112674 0
33.1657 37.9128 0.312095 0.789502 0.911166 1.72744 165073 0 0.168715 0.112475 1
-16.2082 57.6853 2.02481 2.49246 5.8903 2.045 193935 0 -0.886442 0.112132 0
49.1533 8.87273 -1.86036 1.93616 4.24523 1.70976 122535 0 1.66989 0.11211 0
-8.16192 60.3236 1.66581 2.05214 4.66678 1.72018 197704 0 -2.66052 0.112097 0
-8.47938 59.6543 1.63843 1.99467 4.42259 1.68266 196767 0 2.09147 0.111874 0
11.0327 67.7002 -0.239987 1.97601 4.64342 1.66976 208528 0 -2.45551 0.111468 0
26.7623 24.8138 -0.0960025 1.96553 4.47081 1.49784 145865 0 -1.44434 0.111415 0
36.308 34.7473 -0.205514 1.94897 4.24298 1.66386 160403 0 1.68803 0.111254 0
17.7221 32.1088 0.852377 1.56129 3.53159 2.03761 156601 0 1.97671 0.111141 0
-4.28931 48.8317 1.26271 1.93646 4.18024 1.62339 180868 0 -2.95479 0.111074 0
-49.515 22.2556 3.6419 1.87226 3.69858 1.605 141883 0 2.38156 0.110902 0
-11.9307 30.9736 1.71825 0.751124 0.720141 1.56388 154636 0 -1.56551 0.110897 1
-15.8536 22.2213 1.67372 0.752574 0.743234 1.43216 141988 0 0.788457 0.110728 1
-0.802345 47.2926 1.23667 1.93962 4.39613 1.67478 178539 0 -1.05683 0.110712 0
-3.40228 65.4437 1.45553 2.24159 5.04254 1.88699 205207 0 -1.09582 0.110699 0
1.02647 45.2087 1.10618 0.811245 0.794592 1.72865 175737 0 0.252312 0.110653 1
-12.9278 65.4697 2.12447 2.06871 4.68372 1.76323 205177 0 -0.874447 0.110285 0
56.4898 -10.7026 -2.29623 2.05818 4.53484 1.77031 94010 0 -1.36052 0.110283 0
8.65565 24.1152 0.569658 1.70511 3.76326 1.45367 144873 0 -1.09493 0.110209 0
-6.60223 64.3943 1.28272 1.99888 4.43664 1.59178 203793 0 -1.14289 0.110146 0
10.7058 67.9929 -0.185427 1.95982 4.40858 1.62437 208995 0 2.27718 0.110003 0
43.1404 5.85511 0.951941 0.80481 1.30202 1.7761 118304 0 -0.552255 0.10977 1
-2.665 33.6753 1.07331 0.908461 1.3092 1.74487 158877 0 -1.18994 0.109473 1
-4.91741 49.1283 1.46661 2.05241 4.5544 1.66876 181334 0 2.7767 0.109457 0
33.3614 23.805 -0.0734088 2.25298 5.06558 1.82725 144482 0 1.74556 0.109374 0
-47.8389 11.0055 3.67362 1.62774 3.12336 1.6818 125508 0 -0.942238 0.109331 0
52.9394 12.3083 -2.146 2.07659 4.69226 1.70638 127695 0 1.82325 0.109241 0
4.0713 44.4316 0.632073 1.89684 4.58815 1.60434 174342 0 2.00232 0.108887 0
-55.0948 19.4239 4.22554 0.910287 0.957091 1.66203 137653 0 -0.958312 0.108734 1
-2.3614 44.6969 0.839164 1.90552 4.35159 1.49633 174790 0 1.89859 0.108603 0
45.0447 -5.87767 -1.32794 0.849398 0.940654 1.77858 100994 0 1.75323 0.108524 1
-44.6311 33.4506 3.49531 2.45811 6.11158 2.2608 158278 0 -0.900973 0.108507 0
-5.87503 27.2107 1.13695 2.16887 5.2744 1.57963 149507 0 2.03431 0.108388 0
48.7667 -7.24713 -1.76008 0.85558 0.941038 1.73455 99134 0 -1.92415 0.108331 1
-1.22187 7.14745 1.24713 0.796531 1.59686 1.81786 120038 0 -1.66766 0.108187 2
-7.53529 35.1596 1.2331 1.95688 4.43401 1.57178 160734 0 -1.04967 0.10816 0
30.5498 39.796 0.42202 2.07208 4.74311 1.6838 167873 0 -1.47531 0.108108 0
-55.0901 19.6055 4.18648 0.92589 0.99039 1.65034 138121 0 -0.871626 0.107988 1
32.3786 -5.97951 -0.359826 0.864726 1.05075 1.72971 100955 0 1.02963 0.107876 1
11.0147 -12.2141 0.785981 0.860573 1.52556 1.74952 91528 0 -0.94648 0.107474 2
-35.9028 23.2073 2.90558 2.28975 5.45773 1.83783 143329 0 -1.11071 0.107385 0
33.0598 -6.31165 -0.483589 0.829171 0.947988 1.73895 100489 0 0.0801445 0.107315 1
56.4759 -11.0307 -2.24612 2.10464 4.67258 1.79516 93542 0 -1.03577 0.107171 0
19.0353 40.1819 0.299613 1.98601 4.44336 1.62669 168305 0 -1.01008 0.107035 0
29.884 11.8027 -0.0694119 1.95415 4.71924 1.87619 126687 0 1.78545 0.106485 0
-2.36071 47.5693 1.23993 2.04083 3.88465 1.892 179002 0 -1.40374 0.106426 0
33.3392 38.5903 0.711107 0.855363 1.58769 1.7515 166010 0 0.3519 0.106373 2
-3.78014 35.0628 1.20546 0.842688 0.858433 1.73315 160746 0 -1.22688 0.106276 1
-52.2616 2.02425 4.42409 2.01103 4.39868 1.62788 112390 0 0.709264 0.106266 0
-10.4337 31.7155 1.60514 2.06624 4.72304 1.59345 156045 0 -1.1546 0.106202 0
-3.03763 45.2682 0.931104 1.8917 4.26452 1.55355 175724 0 -1.10524 0.106018 0
-4.37563 40.4212 1.24029 1.93919 4.3935 1.62322 168700 0 -1.1847 0.10566 0
21.9109 39.1845 0.405689 2.04427 4.61808 1.73069 166910 0 -1.44579 0.105466 0
58.3849 50.727 -0.420511 2.02588 4.51881 1.62235 183872 0 0.879927 0.105449 0
-7.32932 21.8277 1.27902 1.69413 3.67589 1.49598 141547 0 1.96052 0.105446 0
4.87772 44.3621 0.636565 1.62775 3.07548 1.45176 174345 0 2.75727 0.105443 0
32.7544 20.9049 -0.121659 1.97058 4.22129 1.68096 140268 0 1.77921 0.105395 0
17.799 41.1061 0.329227 2.2372 5.29256 1.79736 169705 0 -1.03681 0.10533 0
46.8115 10.0818 -0.474892 0.840043 0.920438 1.83719 124400 0 1.476 0.104948 1
-3.38823 48.4719 1.14425 2.20266 4.83036 1.897 180403 0 -2.07117 0.104938 0
-28.3012 40.1417 2.67269 2.4337 5.80308 2.07012 168157 0 -1.1724 0.104933 0
10.8072 -11.7738 0.726005 0.832356 1.32282 1.70669 92463 0 -2.20067 0.104675 2
-52.2828 6.83869 4.57596 0.886906 0.945284 1.71951 119410 0 2.39493 0.104586 1
11.2799 -11.7169 0.741167 0.862173 1.73357 1.68044 92465 0 -2.18334 0.104554 2
-1.81478 44.0253 0.860937 0.645754 0.64168 1.53108 173856 0 2.04715 0.104533 1
-11.7498 31.1584 1.69816 0.78177 0.924236 1.53944 155105 0 -1.17329 0.104449 1
-7.84629 60.0033 1.63311 2.04846 4.56417 1.72769 197237 0 -1.037 0.104378 0
