-10.3336 -3.99109 1.27119 2.30466 5.20229 1.90699 103629 0 0.261565 0.946139 0
11.4127 14.917 0.787049 2.21254 4.82868 1.76906 131309 0 1.86422 0.94304 0
-0.13488 12.4086 0.763839 2.15806 4.97656 1.49503 127529 0 -1.0673 0.937216 0
-17.8166 16.7456 1.69656 2.07017 4.73041 1.56402 134026 0 -1.13204 0.92431 0
1.6937 14.5604 0.762244 1.97521 4.39263 1.51206 130811 0 -1.11012 0.906961 0
13.3399 22.9426 0.73197 2.1673 4.98747 1.88349 143015 0 1.93938 0.906433 0
40.7182 9.72635 -0.953855 2.15422 4.96871 1.85912 123913 0 -1.35124 0.904176 0
-21.5934 8.5967 1.93107 2.03731 4.52063 1.59119 121846 0 1.87082 0.901873 0
2.46658 17.423 0.741811 2.10375 4.88398 1.50051 135025 0 -1.08274 0.900537 0
-19.3036 14.3376 1.95831 2.18128 4.74046 1.8236 130277 0 -1.09105 0.898466 0
-16.7778 19.128 1.9568 2.30766 5.64106 1.9871 137305 0 -1.10515 0.898338 0
-4.90582 29.5997 1.38346 2.15714 5.03417 1.82042 152786 0 2.05208 0.896229 0
-11.4231 17.5453 1.32269 2.01053 4.51981 1.53584 134982 0 -1.06065 0.890859 0
-18.3995 -2.02541 1.60422 2.11815 4.87753 1.61477 106412 0 0.233191 0.884281 0
-38.5444 19.3461 2.76973 2.00109 4.33925 1.62805 137705 0 2.17352 0.879513 0
10.1466 11.5466 0.821715 2.03612 4.54171 1.55821 126625 0 1.81206 0.870157 0
-7.8623 24.9128 1.4355 2.01878 4.51216 1.7415 145757 0 2.06025 0.869317 0
-2.35149 34.4741 1.04288 2.08194 4.86388 1.66542 159814 0 -1.05557 0.868331 0
-37.6608 12.4079 2.90478 2.13393 4.6899 1.8595 127412 0 2.04981 0.865022 0
3.99874 19.7498 0.90367 2.15227 5.01022 1.76033 138306 0 2.06851 0.864679 0
-10.1606 19.9467 1.2507 2.00206 4.59339 1.46989 138730 0 2.07549 0.864442 0
-15.9618 -3.00066 1.46029 2.05887 4.55786 1.58356 105016 0 0.273459 0.860717 0
23.4494 12.0985 0.13444 2.02641 4.69535 1.53498 127135 0 -1.25429 0.855725 0
-8.47887 22.3432 1.29875 1.97159 4.46496 1.55934 142011 0 2.04706 0.853779 0
8.48786 26.4087 0.566437 2.02338 4.58156 1.56705 148148 0 -1.05662 0.849809 0
5.81108 21.8146 0.869331 2.07427 4.619 1.7954 141588 0 -1.06808 0.847211 0
-12.8745 14.3061 1.53367 1.8785 4.24772 1.63836 130297 0 2.04819 0.847134 0
12.92 19.9978 0.497047 2.05399 4.73226 1.5502 138802 0 1.91423 0.825114 0
10.3085 28.8693 0.81327 2.18703 5.01173 1.95498 151898 0 -1.01487 0.82418 0
7.501 23.896 0.588225 1.92287 4.44863 1.52133 144401 0 -1.07599 0.824021 0
-3.68831 32.1982 0.93489 1.91094 4.32254 1.39624 156534 0 -1.12251 0.823326 0
-14.5473 23.8766 1.61084 1.91969 4.41928 1.58679 144332 0 -1.05447 0.822053 0
24.4902 15.1087 0.0230533 1.95344 4.51903 1.52461 131818 0 -1.29217 0.819404 0
-29.322 26.8149 2.41116 2.17089 4.58697 1.72615 148498 0 -1.0507 0.81835 0
12.2558 17.3402 0.750915 2.13591 4.82173 1.85728 135056 0 1.89593 0.817173 0
-30.5035 24.2723 2.44211 1.90416 4.27284 1.51579 144750 0 2.13222 0.812282 0
28.291 10.8039 0.183603 1.99917 4.72987 1.8666 125278 0 1.83955 0.811315 0
-40.8469 10.11 3.10053 2.02697 4.20639 1.68297 124126 0 -1.23492 0.80393 0
25.4266 20.8566 -0.00275591 1.97918 4.52105 1.54038 140245 0 -1.35441 0.802162 0
27.4325 26.4034 0.176913 2.03105 4.47666 1.6489 148207 0 -1.36181 0.801606 0
-6.20123 27.1542 1.18674 1.91684 4.52875 1.46807 149038 0 2.05107 0.799697 0
25.0751 18.0585 -0.0467345 2.08041 4.81741 1.60772 136032 0 -1.28422 0.798906 0
-33.1112 19.7595 2.60285 2.22584 4.65819 1.8739 138190 0 -1.07771 0.793631 0
2.6853 41.8116 0.722298 1.86919 4.23424 1.46547 170594 0 2.08844 0.783139 0
-15.5642 21.6512 1.60998 2.09068 4.85775 1.60003 141053 0 -1.13305 0.780077 0
0.501038 39.9207 0.999292 2.09382 4.67447 1.73775 167779 0 2.12159 0.777847 0
29.6048 13.5558 -0.204371 2.04481 4.50561 1.54917 129494 0 1.85279 0.776275 0
-0.18605 36.6807 0.834562 1.79781 4.01564 1.43515 163097 0 2.09858 0.767961 0
30.5308 16.462 -0.060857 2.25533 4.94995 1.86914 133709 0 1.84605 0.767551 0
-2.73593 33.5233 1.0975 0.801552 0.753691 1.69957 158409 0 -0.946916 0.761568 1
-11.6471 29.0365 1.51684 1.92754 4.51469 1.51209 151829 0 -1.06476 0.761053 0
14.8693 35.6143 0.586326 2.1008 4.74424 1.73588 161740 0 -0.979588 0.758268 0
-13.313 26.9523 1.5872 1.98707 4.58474 1.52914 149016 0 -1.07905 0.758151 0
26.4083 23.5231 -0.0462466 1.9479 4.43863 1.43969 143992 0 1.7462 0.756222 0
-10.6568 31.5593 1.62978 2.01279 4.62515 1.71892 155576 0 -1.05806 0.743165 0
4.26576 44.6668 0.746068 2.03813 4.54594 1.51581 174811 0 2.12585 0.739084 0
-13.3534 -3.74615 1.36145 1.94283 4.23557 1.55825 104088 0 0.23704 0.727503 0
-10.5054 18.649 1.35295 0.819323 0.838208 1.65452 136857 0 2.72775 0.7167 1
5.31533 47.5083 1.03692 2.08204 4.82165 1.66237 179026 0 2.11629 0.686113 0
41.1517 12.6955 -0.97767 1.94435 4.35583 1.53921 128126 0 -1.30465 0.681069 0
11.7215 30.9312 0.416033 2.06859 4.70157 1.56233 154710 0 -1.03341 0.672193 0
-36.2681 24.5495 2.81466 2.15152 4.86759 1.75028 145200 0 -1.09572 0.658301 0
43.2518 -3.00241 -1.22238 0.902483 0.951773 1.7562 105201 0 -2.47664 0.644903 1
43.1604 -2.99887 -1.21492 0.91834 0.938603 1.76647 105200 0 -1.91482 0.640416 1
40.8759 -8.20471 -1.03239 0.831352 0.842949 1.8736 97705 0 -1.4845 0.639757 1
-14.9394 57.7764 1.88685 2.12884 4.8121 1.64608 193939 0 -1.02899 0.637149 0
45.8799 -9.80148 -1.29444 0.914852 1.01987 1.79586 95381 0 -1.42324 0.611339 1
48.1556 7.13828 -1.57166 2.06286 4.63128 1.65065 120192 0 1.75328 0.59861 0
13.2981 33.4057 0.45463 2.00065 4.46043 1.56061 158459 0 -0.978976 0.576514 0
28.6609 31.8216 0.0458791 1.9968 4.4559 1.5635 156167 0 -1.31099 0.556698 0
-43.3266 35.4245 3.38286 2.09188 4.60114 1.77403 161090 0 1.81852 0.537915 0
-22.1985 38.5694 2.327 2.24887 5.44629 1.76213 165836 0 -1.06345 0.535838 0
-23.5454 33.1106 2.41693 1.99942 4.41249 1.58307 157876 0 -1.06802 0.530659 0
-2.74074 33.6408 1.09872 0.813258 0.868462 1.69137 158877 0 -1.29004 0.52686 1
28.3176 28.9865 -0.0537795 1.96922 4.36209 1.54831 151954 0 -1.30987 0.509773 0
-47.8198 29.0131 3.57812 2.10752 4.67418 1.79966 151716 0 -1.15261 0.495654 0
31.1733 19.3545 -0.178195 2.0709 4.71237 1.70191 137923 0 1.84164 0.489612 0
41.0094 -8.18989 -1.01166 0.857266 0.838385 1.904 97706 0 -1.67629 0.489268 1
-51.059 24.5177 3.60119 2.06182 4.55015 1.73931 145154 0 2.01966 0.47191 0
45.7201 -9.7972 -1.26843 0.916884 0.985355 1.79557 95380 0 -1.41052 0.458119 1
2.29386 6.19528 0.525793 0.671405 0.801379 1.39265 118645 0 -1.52251 0.451925 1
-49.7525 12.9822 3.61717 2.08155 4.52262 1.70185 128310 0 -1.09933 0.45157 0
57.1165 47.1599 -0.592189 0.843229 0.885346 1.73051 178720 0 0.51479 0.441119 1
-27.6461 29.342 2.55202 1.97832 4.54263 1.6362 152247 0 -1.02431 0.433596 0
-3.61777 47.55 1.25284 0.836851 0.789916 1.75001 178998 0 2.94226 0.430188 1
34.4287 30.5301 -0.154762 2.14865 4.98849 1.66453 154313 0 1.83997 0.412662 0
-9.09339 36.6873 1.47202 1.93836 4.34761 1.51524 163069 0 -1.14058 0.407696 0
32.1354 22.2072 -0.0945131 2.12238 4.7342 1.75188 142138 0 -1.44722 0.406903 0
-24.1222 33.4535 2.3259 2.26343 5.78681 1.74098 158342 0 -1.08903 0.404146 0
40.7904 -7.42484 -0.962006 0.805625 0.822574 1.82628 98641 0 -1.51283 0.402969 1
-33.676 19.9806 2.73356 2.51212 6.14422 2.08513 138656 0 -1.11964 0.396877 0
41.4911 -7.93088 -1.09881 0.744331 0.724869 1.79131 98175 0 -1.73868 0.389017 1
-2.92601 33.5149 1.13191 0.798842 0.752606 1.71178 158408 0 -1.10548 0.387013 1
-1.12571 47.8288 1.3117 2.24904 5.18874 1.90353 179474 0 -1.11344 0.386439 0
31.8657 22.2205 -0.0610572 2.02716 4.50179 1.72067 142137 0 -2.11751 0.385638 0
48.503 10.0698 -1.39508 2.06994 4.80112 1.63801 124405 0 1.68957 0.383371 0
-2.48168 33.4846 1.04247 0.808893 0.821229 1.63357 158410 0 -1.1157 0.381803 1
27.7126 29.0203 -0.0271687 1.9034 4.23364 1.48861 151952 0 -1.31296 0.380028 0
-43.6401 35.6547 3.43163 2.30676 5.40379 1.99819 161557 0 1.68001 0.370507 0
52.2349 -12.4139 -1.87919 0.834346 0.897085 1.73708 91657 0 -1.33195 0.358672 1
33.149 37.2822 0.960402 0.854815 1.86917 1.77817 164137 0 0.21925 0.35312 2
-9.42746 34.0625 1.38116 2.13712 5.11062 1.64071 159324 0 -1.11599 0.350523 0
-1.73833 47.8929 1.37032 2.09847 4.66417 1.82318 179472 0 -1.19425 0.347097 0
40.8084 -7.29311 -0.914674 0.860733 0.894133 1.85836 99109 0 -1.47749 0.345074 1
-10.4846 18.5334 1.35619 0.838929 0.855888 1.65359 136389 0 3.13289 0.34485 1
-1.72634 10.1124 0.751487 1.98758 4.60185 1.50124 124248 0 -1.11216 0.330259 0
-48.5397 7.55688 3.89059 0.884438 1.29873 1.76117 120358 0 -1.12302 0.325669 1
46.1918 -9.78417 -1.36662 0.877059 0.984068 1.77872 95382 0 -1.46353 0.320455 1
31.8365 43.9751 0.0995038 2.08729 4.67317 1.74494 173961 0 -1.26632 0.31777 0
59.6857 2.38415 -2.1133 2.00726 4.43074 1.74533 113208 0 -1.33808 0.315698 0
-8.46787 36.3483 1.36342 1.99377 4.61973 1.50612 162603 0 -1.10416 0.315104 0
48.2041 9.80018 -1.38742 2.10642 4.85822 1.71769 123936 0 1.7078 0.312869 0
43.8831 -7.88783 -1.36464 0.902826 0.972938 1.77757 98183 0 1.82645 0.312662 1
40.8849 -8.35468 -1.06105 0.850552 0.876142 1.84632 97237 0 -1.48193 0.303684 1
24.579 18.1071 -0.0282055 1.81963 3.83139 1.5492 136030 0 -1.2889 0.303171 0
-53.3438 22.9022 3.92802 0.896455 0.983067 1.59898 142807 0 -0.960328 0.302035 1
27.0882 29.3076 -0.0249875 1.93009 4.34672 1.48429 152418 0 -1.34805 0.301484 0
-50.3285 13.2972 3.81384 2.31833 5.28322 1.95814 128776 0 -1.08352 0.300464 0
45.8799 -9.94051 -1.29407 0.944158 1.20213 1.83993 94913 0 -1.47112 0.292543 1
55.2169 32.4819 -1.34255 1.79777 3.98184 1.46908 157186 0 1.72992 0.290817 0
43.2628 -2.85375 -1.23651 0.919323 0.985039 1.77064 105669 0 -2.43693 0.290389 1
43.1465 -2.85075 -1.22741 0.918245 0.964297 1.76797 105668 0 -1.75846 0.287326 1
5.91293 46.9771 0.992853 1.93832 4.3147 1.56778 178092 0 2.11291 0.287155 0
-1.09624 -5.48278 1.91939 0.774042 0.8198 1.74042 101318 0 -1.55982 0.283853 1
8.08733 -12.5403 1.06476 0.813696 0.770351 1.72406 91051 0 -1.43759 0.282662 1
2.42189 42.2775 0.734041 2.17636 5.11234 1.55448 171529 0 2.13414 0.280175 0
57.1216 46.9927 -0.628694 0.857125 1.00236 1.7412 178252 0 0.271896 0.279346 1
-49.9653 9.74886 3.8261 0.873443 0.955755 1.67921 123629 0 -2.02622 0.279173 1
41.494 -8.06008 -1.09101 0.736459 0.735246 1.79297 97707 0 -1.95049 0.278577 1
-42.8273 35.383 3.36506 1.82734 3.70157 1.55365 161092 0 1.9464 0.277932 0
41.6332 -7.93003 -1.11586 0.786736 0.766912 1.8125 98176 0 -2.06037 0.277455 1
13.5921 32.903 0.357809 1.87233 4.25167 1.55675 157524 0 -0.983912 0.276633 0
31.2137 22.3234 -0.0569076 2.03301 4.59579 1.69993 142135 0 1.82224 0.276212 0
12.2016 30.8731 0.374941 1.88071 4.08697 1.49171 154712 0 -0.985809 0.275586 0
-3.48667 47.5385 1.25306 0.866312 0.833719 1.75832 178999 0 2.81747 0.275569 1
46.5492 17.8182 -0.317379 0.894029 0.831781 1.85076 135631 0 1.69746 0.272358 1
10.4302 -12.8454 0.745827 0.842732 1.06704 1.47548 90590 0 1.69966 0.272126 1
-47.282 28.9495 3.44915 1.94807 4.1721 1.68876 151718 0 -1.0878 0.27187 0
31.4608 19.613 -0.125843 2.02127 4.58591 1.70173 138392 0 1.81241 0.271759 0
35.3715 30.2646 -0.158144 2.02018 4.63146 1.64419 153848 0 2.62287 0.271028 0
-2.94955 33.6713 1.14451 0.75626 0.757184 1.66498 158876 0 -1.30898 0.268278 1
30.8066 16.6944 -0.0710741 2.53605 5.68997 1.95143 134178 0 1.84734 0.266226 0
35.6785 30.2242 -0.183452 2.09045 4.80782 1.67456 153849 0 -1.41032 0.260902 0
-13.7853 -3.73666 1.34749 1.95492 4.31017 1.54491 104086 0 0.320753 0.260279 0
31.2362 44.0043 0.112423 2.06668 4.67254 1.70669 173959 0 -0.910406 0.256451 0
-28.3038 29.884 2.578 2.10723 4.80225 1.81678 153181 0 -1.09746 0.255148 0
-54.3059 22.4427 3.89979 0.889576 0.926899 1.54486 142336 0 -1.05441 0.254865 1
-47.8857 29.5099 3.58413 2.12712 4.78825 1.86345 152652 0 -1.0444 0.254438 0
48.8001 10.3309 -1.33186 2.0313 4.61303 1.62244 124874 0 1.68081 0.250784 0
0.129097 36.4359 0.831135 1.58143 3.18841 1.3647 162630 0 2.11302 0.249593 0
-3.33723 66.1011 1.57953 1.99977 4.47998 1.59925 206143 0 -1.14676 0.247792 0
-48.4171 29.2965 3.74835 2.45425 5.87042 2.18663 152182 0 -1.14529 0.247718 0
-50.1001 36.329 3.99248 1.9868 4.40216 1.66167 162473 0 -1.30698 0.246827 0
52.1037 -12.545 -1.72115 0.85917 0.902639 1.76421 91188 0 -1.37099 0.246288 1
43.3708 -7.17228 -1.33569 0.825612 0.85803 1.73745 99117 0 1.49835 0.2431 1
-3.47054 32.3797 0.889277 1.70852 3.78286 1.37144 157003 0 -1.14395 0.241066 0
49.0669 9.8058 -1.39681 1.96429 4.46658 1.58328 123939 0 1.73246 0.239825 0
-49.8166 13.5147 3.61811 2.11007 4.65516 1.72322 129246 0 -0.962122 0.23888 0
57.116 47.4568 -0.534752 0.890204 1.62363 1.78093 179188 0 2.12476 0.238189 2
30.1771 -7.29797 -0.260074 0.864817 0.972287 1.65585 99076 0 -0.336586 0.234396 1
-4.00121 66.4219 1.58397 2.03522 4.67016 1.59533 206609 0 1.89423 0.233359 0
-55.8295 21.9947 4.00211 0.834505 0.897715 1.61571 141395 0 -1.13134 0.231369 1
-53.4719 22.8599 3.92255 0.875132 0.953904 1.55927 142806 0 -0.923108 0.2312 1
29.5383 31.5543 0.0311186 2.14975 4.87437 1.72445 155702 0 -1.28228 0.230375 0
48.5112 9.50266 -1.43978 2.11386 4.86652 1.66399 123469 0 1.72662 0.230212 0
30.3055 19.4023 -0.245737 1.97104 4.40598 1.6491 137920 0 1.84388 0.230054 0
66.6487 16.2463 -1.41644 0.829266 0.917041 1.71473 133354 0 -1.59117 0.228957 1
-6.57529 60.9535 1.56129 1.95363 4.44014 1.55297 198645 0 2.0496 0.228702 0
-27.1277 29.2948 2.52689 2.16771 5.02415 1.69505 152249 0 -1.0724 0.228403 0
-43.054 35.1369 3.33881 1.92835 4.06298 1.62856 160623 0 1.8414 0.227581 0
-7.87421 36.0042 1.2969 1.95341 4.59224 1.50699 162137 0 -1.03528 0.227477 0
-56.7166 8.80028 4.21628 2.09775 4.71435 1.68251 122204 0 -2.85533 0.225394 0
41.6465 -8.07603 -1.09119 0.810712 0.793501 1.78797 97708 0 -2.1807 0.223564 1
-36.3282 25.0137 2.82104 2.39862 5.57258 1.93114 146136 0 -0.961795 0.222514 0
-0.549316 47.7787 1.28708 2.21907 5.15531 1.85407 179476 0 -1.06914 0.222125 0
-3.69777 66.3528 1.59809 2.12824 4.83213 1.62225 206610 0 -0.533555 0.221544 0
-9.16097 37.1798 1.51053 2.10733 4.71435 1.60228 164005 0 -1.07 0.220732 0
45.8836 15.5313 -0.378246 0.966172 0.935525 1.92534 132353 0 -0.046488 0.220066 1
-49.1946 12.8948 3.55079 1.92709 4.22266 1.61695 128312 0 -1.02615 0.217356 0
43.7599 -8.03635 -1.36236 0.901583 0.94384 1.76793 97714 0 1.83575 0.216292 1
-22.8084 38.827 2.38904 1.99669 4.65266 1.6333 166302 0 -1.07126 0.215026 0
30.0115 -7.27682 -0.24983 0.875313 0.938319 1.54535 99075 0 0.819538 0.21374 1
2.96954 41.5442 0.746145 1.60546 3.24453 1.37549 170127 0 2.10281 0.211452 0
25.1141 59.3515 -0.259369 2.02851 4.61337 1.6238 196404 0 2.88502 0.211329 0
-6.8737 60.653 1.57537 1.93745 4.38877 1.55346 198176 0 2.00892 0.211052 0
70.2792 -16.7951 -1.63061 2.25819 4.9153 2.21975 85161 0 -1.32121 0.210878 0
28.9208 28.7381 0.0388203 2.20209 5.01643 1.69579 151488 0 -1.27282 0.209647 0
-43.6818 35.9056 3.49539 2.4286 5.86515 2.08805 162025 0 -1.01554 0.206402 0
31.2179 43.7155 0.107702 2.07954 4.64722 1.71373 173491 0 -0.657085 0.206072 0
-49.4586 25.1169 3.59229 2.06666 4.56738 1.69665 146095 0 -2.7451 0.205945 0
59.3695 2.66928 -2.13443 2.10996 4.69903 1.8153 113675 0 -1.38824 0.20588 0
55.5211 32.2298 -1.18874 1.9101 4.24309 1.54165 156719 0 1.79263 0.205224 0
24.783 59.0744 -0.29594 1.9426 4.37637 1.59015 195935 0 2.57152 0.202785 0
60.2619 2.38149 -2.18819 2.12663 4.83454 1.86043 113210 0 -1.27823 0.202329 0
54.5656 32.5361 -1.46709 1.83581 4.12838 1.50314 157184 0 1.74439 0.202152 0
31.8877 22.0374 -0.0529912 1.97287 4.43112 1.69723 141669 0 2.53065 0.200719 0
17.4451 30.9087 0.817692 2.11254 4.18434 2.10139 154728 0 2.15299 0.199537 0
7.76685 23.6474 0.586686 1.6223 3.56209 1.44183 143934 0 -1.06867 0.199339 0
32.4525 43.7044 0.184528 2.21499 4.93455 1.80607 173495 0 -1.30541 0.19932 0
2.97302 8.72424 0.94507 0.8365 0.993032 1.71937 122391 0 -1.4007 0.198891 1
45.708 -9.95712 -1.2909 0.923667 1.05166 1.82419 94912 0 -1.47462 0.198644 1
-55.8224 22.1196 3.97541 0.856005 0.937599 1.59523 141863 0 -1.08718 0.197845 1
-9.65982 36.9709 1.48485 2.1773 5.13076 1.65168 163535 0 -1.19418 0.197124 0
25.4236 64.1574 -0.0882242 2.01786 4.54291 1.65169 203425 0 1.71647 0.196066 0
-2.35637 34.202 1.06112 1.8999 4.22773 1.71649 159346 0 -1.14411 0.195932 0
-3.64361 47.7238 1.259 0.885153 0.953645 1.7959 179466 0 2.77837 0.195919 1
57.3383 47.1792 -0.579232 0.868182 1.59143 1.75874 178721 0 -1.00133 0.195219 2
40.5884 -7.46673 -1.01031 0.826139 0.8393 1.78447 98640 0 -1.50763 0.194877 1
-59.0467 10.3688 4.2539 1.90685 4.28007 1.57534 124537 0 0.308122 0.194612 0
13.8178 33.351 0.415139 2.02588 4.51286 1.62239 158461 0 -0.981392 0.194025 0
-5.23637 59.4298 1.22892 0.574654 0.477976 1.57011 196309 0 -0.773534 0.193336 1
25.1412 63.8423 -0.147504 2.10741 4.75691 1.68296 202956 0 1.60454 0.193228 0
-4.62366 66.7317 1.59805 2.04598 4.57059 1.67148 207075 0 1.94974 0.192925 0
55.7747 32.4706 -1.16646 1.98419 4.40999 1.59323 157188 0 1.70397 0.191516 0
-48.7397 7.74373 3.80631 0.856213 1.65224 1.78313 120825 0 -1.07475 0.18991 2
72.492 -17.4394 -2.1687 3.21481 9.71975 3.82429 84232 0 -1.30905 0.189858 0
29.2873 62.5593 -0.0260883 2.02317 4.61737 1.63895 201097 0 -1.03054 0.189324 0
-27.7299 29.8131 2.58065 2.16749 4.7749 1.7654 153183 0 -1.1357 0.187881 0
-51.592 24.7625 3.70846 2.39313 5.88712 2.06803 145620 0 1.96774 0.187761 0
2.31924 6.0545 0.60027 0.702533 0.861798 1.33347 118177 0 -1.43655 0.18767 1
48.419 7.4253 -1.61328 2.23702 5.13396 1.79558 120661 0 1.64878 0.18726 0
47.6325 7.15461 -1.6065 1.83882 4.01128 1.53714 120190 0 1.81547 0.186391 0
-5.27002 64.1907 1.31615 1.99235 4.51162 1.55417 203329 0 2.01901 0.185281 0
-8.86109 34.0179 1.29411 1.99511 4.86616 1.57414 159326 0 -1.09529 0.184897 0
43.2772 -3.23371 -1.22954 0.909844 0.97537 1.78283 104733 0 -2.6623 0.184207 1
46.5058 -9.75545 -1.50625 0.798943 0.904903 1.70238 95383 0 -1.45471 0.182903 1
40.5534 12.6989 -1.03934 1.7393 3.92002 1.44182 128124 0 -1.33377 0.182883 0
28.9021 29.1752 0.0638569 2.11892 4.74144 1.65622 152424 0 -1.32762 0.182538 0
-66.4133 34.3895 3.60316 2.06895 4.52496 1.75235 159614 0 1.78749 0.182085 0
8.71246 -12.4028 0.809433 0.80743 0.813716 1.52912 91521 0 2.36403 0.181186 1
32.1253 44.2454 0.126902 2.1373 4.7433 1.7772 174430 0 -1.34889 0.180813 0
-2.45461 33.7357 1.06652 0.998728 1.28158 1.67517 158878 0 -1.18568 0.180796 1
-0.668785 36.9786 0.844347 2.08109 5.00595 1.58497 163563 0 2.09059 0.180614 0
59.4098 2.13173 -2.05325 1.9886 4.45219 1.75075 112739 0 -1.26129 0.180568 0
31.8304 22.4346 -0.0765618 2.13472 4.75057 1.77635 142605 0 1.91008 0.180309 0
40.8058 -7.88197 -1.0054 0.803334 0.811207 1.81813 98173 0 -1.52606 0.180191 1
-13.0903 -3.93233 1.38431 2.0545 4.55182 1.60568 103621 0 0.198214 0.178727 0
-2.76962 66.0141 1.55833 2.10923 4.6762 1.76174 206145 0 -1.19724 0.178662 0
54.8783 32.7134 -1.37841 1.85257 4.08573 1.51328 157653 0 1.74504 0.177272 0
56.9034 47.191 -0.611312 0.875945 1.42381 1.76602 178719 0 1.17037 0.17683 1
-30.0546 24.1135 2.39052 1.66452 3.55077 1.4844 144752 0 2.16003 0.176787 0
-1.73552 47.573 1.38426 2.03395 4.15289 1.80611 179004 0 -1.11107 0.176651 0
-10.0636 34.3862 1.54018 1.97133 4.42817 1.57554 159790 0 -1.12154 0.176 0
-50.3804 36.0569 4.00261 2.14102 4.74768 1.77042 162004 0 -1.37144 0.175694 0
-12.2782 29.4971 1.57621 2.07133 4.79313 1.52137 152763 0 -1.08408 0.172807 0
53.9392 32.7831 -1.59912 1.87808 4.20284 1.54324 157650 0 1.72397 0.169811 0
2.95529 8.56346 0.94975 0.842316 1.06046 1.65188 121923 0 -1.31283 0.168893 1
31.5065 18.7954 -0.147252 2.07898 4.40117 1.71499 136988 0 1.82445 0.168199 0
24.1781 58.7396 -0.27787 2.02098 4.5459 1.60518 195465 0 2.0596 0.168117 0
-3.68589 63.1963 1.54781 2.02518 4.56482 1.57614 201930 0 -1.11846 0.167965 0
66.5091 16.3733 -1.43861 0.846912 0.95508 1.73721 133821 0 -1.80476 0.167614 1
24.9188 20.9357 -0.0163309 1.75981 3.4087 1.47401 140243 0 -1.35148 0.167578 0
-3.91225 31.9674 1.01582 1.92367 4.46025 1.44249 156065 0 -1.15308 0.167357 0
-15.1441 -7.48787 1.24711 0.717746 0.756592 1.31173 98466 0 -1.90536 0.165362 1
25.7387 59.3585 -0.279486 2.00905 4.54522 1.62643 196406 0 -3.08168 0.16479 0
-48.8084 12.387 3.51146 2.08125 4.2183 1.60129 127377 0 -1.09851 0.163496 0
48.1587 6.67029 -1.67873 2.02264 4.57269 1.67358 119256 0 1.83792 0.163364 0
29.267 31.3012 0.0389984 2.00815 4.51924 1.6491 155233 0 -1.26145 0.163099 0
-43.6465 35.1083 3.41657 2.32074 5.24534 1.9553 160621 0 -2.13131 0.163092 0
-58.1074 22.1899 3.96133 0.921736 0.931385 1.64721 141856 0 2.59242 0.162515 1
-3.68207 49.4671 1.21219 1.92692 4.28441 1.53572 181806 0 -2.97258 0.162358 0
30.9285 43.6867 0.0929357 2.03552 4.57031 1.68979 173490 0 -0.325372 0.162257 0
8.59261 -12.3793 0.936695 0.891597 0.938058 1.60667 91520 0 -1.83046 0.16171 1
-7.17483 60.3254 1.59019 1.95647 4.45712 1.59329 197707 0 1.9744 0.161038 0
31.783 19.0554 -0.124706 2.12216 4.73474 1.72498 137457 0 1.83981 0.160527 0
-31.4937 21.9138 2.38082 2.01334 4.58212 1.54029 141471 0 -0.944777 0.160094 0
11.6674 31.3935 0.453139 2.21944 5.16065 1.64901 155646 0 -0.9765 0.159863 0
-49.8291 36.6088 3.99454 1.96195 4.27897 1.63301 162942 0 -1.20536 0.159823 0
46.2215 -9.97675 -1.41123 0.888655 1.01125 1.78965 94914 0 -1.46685 0.159779 1
46.5423 -9.50967 -1.48215 0.816179 0.90749 1.69476 95851 0 -1.65378 0.159439 1
31.5198 45.27 0.167095 2.08037 4.63902 1.72692 175832 0 -2.86747 0.15943 0
40.8459 12.4251 -1.04122 1.70802 3.81972 1.45979 127657 0 -1.32461 0.158993 0
25.4261 59.1043 -0.30977 1.86953 4.13731 1.5548 195937 0 2.97905 0.158237 0
-6.26839 61.2389 1.54364 1.99777 4.52237 1.5784 199114 0 2.11363 0.158105 0
-9.08997 33.5471 1.35415 1.86537 4.3961 1.51409 158389 0 -1.0632 0.157965 0
-44.2653 35.6664 3.41678 2.54652 6.56597 2.28024 161555 0 -1.24538 0.157831 0
-51.0884 25.0373 3.73845 2.38988 5.29809 1.93804 146090 0 2.16674 0.15743 0
-10.0879 65.101 2.19751 2.08319 4.68261 1.75365 204718 0 -1.1462 0.157342 0
28.0529 32.0805 0.130016 2.04103 4.54833 1.59687 156633 0 -1.46254 0.157302 0
-51.2957 24.2559 3.58112 2.03917 4.66292 1.80126 144685 0 1.93457 0.156594 0
-50.0093 12.7295 3.78612 2.2605 4.89941 1.81659 127841 0 -1.21978 0.155556 0
49.3783 10.0954 -1.32567 1.94719 4.36787 1.57389 124408 0 1.72866 0.15487 0
-2.35995 48.132 1.28157 2.01657 4.42766 1.67792 179938 0 -1.28762 0.154681 0
31.4772 19.923 -0.127113 1.98361 4.28919 1.65365 138860 0 1.80472 0.154355 0
-65.1414 33.7356 3.22971 2.25439 5.28985 1.95041 158682 0 0.126049 0.154072 0
-49.7166 25.3884 3.79664 2.28786 5.16413 1.88093 146562 0 -2.77898 0.15366 0
-9.68599 33.8451 1.46017 2.01653 4.57842 1.60159 158855 0 -1.08626 0.153261 0
-12.0342 65.403 2.24879 0.887389 1.19191 1.73104 205180 0 -0.83353 0.153108 1
7.94928 -12.4391 1.0758 0.808025 0.766183 1.70382 91518 0 -1.45136 0.152768 1
-5.60265 39.8391 1.43573 1.99049 4.53454 1.54299 167760 0 -0.244848 0.152745 0
57.3713 47.4611 -0.496495 0.87559 1.80267 1.74131 179189 0 -2.0087 0.152608 2
46.5152 11.7664 -0.401778 0.876665 0.931477 1.80876 126739 0 2.04534 0.152598 1
40.6054 -7.2815 -0.998309 0.831187 0.859576 1.7737 99108 0 -1.48702 0.15246 1
12.7328 33.4541 0.497568 1.99616 4.54263 1.57746 158457 0 -1.02122 0.151251 0
40.8233 -6.48604 -1.08687 0.74311 0.709834 1.74371 100045 0 -1.50252 0.151037 1
16.8277 30.8828 0.874113 0.854159 0.780655 1.91141 154726 0 2.15698 0.150671 1
31.2223 44.6318 0.109682 2.10132 4.82246 1.73322 174895 0 -2.21745 0.150311 0
31.5723 22.0408 -0.0440355 1.89815 4.15397 1.65811 141668 0 1.81582 0.150045 0
8.47648 -4.21416 1.93984 0.683067 0.697891 1.69674 103220 0 -0.916855 0.149886 1
29.9351 34.3941 0.384345 2.09511 4.61483 1.69522 159915 0 -1.30749 0.149697 0
-28.9568 30.2314 2.6035 2.05266 4.70732 1.78744 153647 0 0.0388962 0.149461 0
-65.435 33.1182 3.28731 2.14277 4.74008 1.87557 157745 0 0.209289 0.149081 0
-10.3839 64.8216 2.21921 2.081 4.66157 1.7452 204249 0 -1.05303 0.148882 0
17.1262 31.169 0.873921 1.76931 3.47625 2.0493 155195 0 2.1743 0.148536 0
33.3104 37.0291 0.953981 0.867716 1.86235 1.74365 163670 0 0.252538 0.147768 2
47.8896 10.3493 -1.20832 2.12106 4.72891 1.76901 124871 0 1.72237 0.14754 0
-3.38624 49.7345 1.24105 1.99537 4.53531 1.60262 182275 0 -2.912 0.147503 0
41.1275 -7.88895 -1.0162 0.776361 0.761241 1.81636 98174 0 -1.60138 0.147229 1
56.4561 35.0405 -1.30947 2.02899 4.55661 1.62894 160934 0 1.71845 0.147158 0
26.4542 29.5759 0.0416702 1.98552 4.47531 1.5019 152884 0 -1.34748 0.146758 0
-53.291 23.0642 3.96886 0.871383 0.972757 1.58495 143275 0 -1.21294 0.146259 1
-65.4173 33.7392 3.2523 2.32339 5.42742 1.98932 158681 0 0.413143 0.146078 0
-14.2824 57.4714 1.84101 2.35762 5.51133 1.75347 193473 0 -1.0293 0.145919 0
-11.6902 65.7288 2.33948 1.98333 4.60067 1.75418 205649 0 -0.813034 0.145739 0
30.9291 44.2925 0.0946384 2.0275 4.62614 1.67378 174426 0 -1.19985 0.145542 0
-54.4222 22.348 3.95608 0.890898 0.905567 1.62138 141867 0 -1.1241 0.145444 1
4.88937 44.3238 0.732112 2.1045 4.69476 1.4934 174345 0 -2.77257 0.144709 0
30.8679 -7.6011 -0.232238 0.813367 0.856857 1.71252 98610 0 0.0427224 0.144584 1
43.136 -3.23585 -1.22192 0.909576 0.960511 1.76826 104732 0 -2.04797 0.14454 1
-1.77284 48.4029 1.29978 2.20784 4.8138 1.83511 180408 0 -1.17509 0.144074 0
-68.977 27.7054 3.7474 2.09593 4.58465 1.80908 149778 0 -3.04535 0.143398 0
-35.6256 55.4362 3.44618 0.855576 0.895943 1.76618 190598 0 0.153903 0.143229 1
-5.61131 40.1673 1.42192 2.00355 4.57145 1.56087 168228 0 1.6888 0.143226 0
-46.5581 30.5602 3.48243 2.06794 4.59121 1.75376 154060 0 1.72111 0.143217 0
25.4373 59.6153 -0.2311 2.18409 4.99744 1.74285 196873 0 3.06992 0.143112 0
8.72251 -12.5208 0.837745 0.811037 0.789586 1.54585 91053 0 1.72116 0.143095 1
17.1161 30.9152 0.785663 1.81284 2.90828 2.00077 154727 0 2.17705 0.14248 0
25.7149 64.4567 -0.0709041 2.00272 4.48695 1.64666 203894 0 1.88337 0.142116 0
-12.23 65.4015 2.27315 0.82576 1.0556 1.71494 205179 0 -0.837307 0.142111 1
-5.28152 39.8328 1.41009 1.92235 4.34924 1.51638 167761 0 -0.862602 0.141701 0
-50.6796 36.6044 3.99732 2.32283 5.28582 1.97253 162939 0 -1.30113 0.141531 0
12.959 20.5081 0.47851 2.11703 4.72031 1.58875 139738 0 1.85708 0.141398 0
56.876 47.4692 -0.560978 0.843556 1.76103 1.78416 179187 0 1.71117 0.141298 2
1.04289 39.5617 1.0399 1.86601 3.65158 1.70158 167313 0 1.766 0.140969 0
7.4626 24.3456 0.58695 2.12477 5.13253 1.61821 145337 0 -1.05896 0.140874 0
12.9304 19.498 0.532044 2.17618 5.02982 1.65058 137866 0 1.92949 0.140836 0
-5.58633 39.5465 1.45486 1.99121 4.40376 1.53892 167292 0 -0.933922 0.14023 0
-65.7289 32.505 3.54498 2.15459 4.82509 1.85992 156808 0 0.214013 0.139731 0
-53.3593 22.6957 3.91282 0.853357 0.923923 1.60933 142339 0 1.25036 0.139679 1
2.80957 8.53567 0.928336 0.87314 1.21927 1.69336 121922 0 -1.35882 0.139144 2
59.9792 1.82542 -2.11869 2.03973 4.61256 1.77737 112273 0 -1.25142 0.139008 0
33.3 37.5403 0.943062 0.904605 1.85545 1.75485 164606 0 0.360987 0.138988 2
-11.0367 65.1231 2.27188 2.11254 4.7575 1.80879 204715 0 -0.962846 0.13896 0
43.5684 -7.19128 -1.29667 0.85651 0.916223 1.75231 99118 0 1.69165 0.138952 1
-5.60688 40.4793 1.39849 2.03691 4.6121 1.57851 168696 0 2.00406 0.138809 0
21.5993 37.5852 0.492665 1.90984 4.26333 1.54294 164569 0 -1.01209 0.138285 0
-15.2152 58.298 1.89435 2.47383 5.77289 1.90378 194874 0 -1.01653 0.138258 0
31.8398 43.4225 0.0755999 2.1394 4.74359 1.77797 173025 0 -1.05578 0.13741 0
29.542 62.8549 0.0382457 2.14104 4.85505 1.73344 201566 0 -1.2194 0.137377 0
46.5013 -10.0131 -1.55018 0.82905 0.935476 1.72784 94915 0 -1.40997 0.137242 1
-54.2282 19.0112 3.75903 2.01019 4.51997 1.69414 137188 0 -1.2081 0.137083 0
25.3919 63.5676 -0.0855683 1.91966 4.39983 1.59405 202489 0 1.52919 0.136948 0
-11.9952 65.714 2.28595 1.55248 3.40162 1.68893 205648 0 -0.850237 0.136461 0
73.7593 -17.4766 -1.54388 3.27878 12.0835 4.09682 84236 0 -1.35601 0.136043 0
-53.5879 5.60811 4.13735 0.870613 0.904572 1.74065 117534 0 1.5904 0.135978 1
-43.1109 35.9091 3.4728 2.16996 4.68593 1.75216 162027 0 1.61036 0.135265 0
-49.1884 13.2115 3.56707 1.88105 3.88403 1.60858 128780 0 -1.00225 0.134888 0
-5.90088 39.8549 1.47918 2.05872 4.56498 1.57915 167759 0 0.672535 0.134865 0
3.96102 45.1532 0.793861 2.25246 4.98862 1.62791 175746 0 2.15075 0.134858 0
7.28463 23.6489 0.596778 2.02647 4.69279 1.57664 143932 0 -1.11293 0.134754 0
-10.4279 18.9787 1.35238 0.892519 1.41341 1.61595 137325 0 2.27115 0.134485 1
-7.21231 59.7048 1.52313 1.88797 4.33382 1.54977 196771 0 1.86206 0.134454 0
60.3243 4.98063 -2.43621 2.01237 4.5481 1.70999 116954 0 -1.27676 0.134241 0
29.2866 34.3896 0.288417 2.12801 4.73909 1.68837 159913 0 -1.28096 0.134021 0
-66.0868 34.1109 3.43199 2.05994 4.49103 1.74975 159147 0 1.72392 0.13391 0
30.2242 37.2914 0.654251 2.04234 4.49503 1.69576 164128 0 -1.36157 0.133483 0
-28.2347 29.3552 2.56286 1.89175 4.3254 1.68571 152245 0 -1.00522 0.133283 0
-5.05098 59.4286 1.23063 0.66135 0.605042 1.58052 196310 0 -0.578475 0.133262 1
-0.810379 47.2905 1.31489 2.06952 4.71284 1.80912 178539 0 -0.912956 0.13289 0
-14.982 -7.497 1.22659 0.713794 0.770039 1.28361 98467 0 -2.54916 0.132756 1
-1.7611 47.1872 1.36905 1.07405 1.40624 1.77763 178536 0 -0.789592 0.132642 1
-6.30624 27.5384 1.18693 2.07828 4.9797 1.53917 149974 0 2.13403 0.132489 0
30.9148 43.3796 0.0578607 2.05472 4.54695 1.70363 173022 0 -0.0371356 0.132398 0
-65.4225 34.0577 3.27896 2.22775 5.17309 1.89497 159149 0 0.692672 0.132195 0
-42.6949 34.0602 3.24964 2.06215 4.3393 1.63219 159220 0 -2.7549 0.132079 0
16.5725 30.8485 0.848315 0.989456 1.06046 1.85357 154725 0 2.20215 0.13197 1
-1.0705 48.7929 1.25528 0.936022 1.01385 1.72497 180878 0 -0.898719 0.131583 1
18.3927 39.5043 0.552283 2.03278 4.55187 1.64057 167367 0 -0.88894 0.131472 0
30.5163 -7.51142 -0.208852 0.839287 1.33088 1.73046 98609 0 -0.523062 0.131362 1
41.0275 -7.50653 -0.998964 0.81675 0.811081 1.85672 98642 0 -1.49067 0.131296 1
17.7446 31.1595 0.882759 1.86531 3.70565 2.11208 155197 0 2.17266 0.130865 0
30.0161 -7.3992 -0.240261 0.848649 0.899868 1.54065 98607 0 0.834166 0.130602 1
-43.9692 35.109 3.40651 2.48896 5.9893 2.16773 160620 0 -1.38243 0.130602 0
46.5475 17.95 -0.306913 0.961862 0.894294 1.925 136099 0 0.606149 0.130448 1
29.0139 62.2622 -0.0611499 1.97387 4.48454 1.60766 200628 0 -0.775838 0.130006 0
46.2382 -9.54577 -1.43329 0.897232 1.00016 1.78152 95850 0 -1.47058 0.12999 1
46.5208 11.8962 -0.360886 0.885998 0.940664 1.82469 127207 0 1.8907 0.129903 1
30.5434 34.1117 0.394486 2.20881 5.02363 1.74396 159449 0 -1.28879 0.129753 0
-53.5095 22.6685 3.93359 0.84386 0.915452 1.55779 142338 0 -0.529013 0.129682 1
-49.4217 12.4149 3.60727 2.13799 4.3945 1.63122 127375 0 -1.17712 0.129463 0
30.9119 -7.79256 -0.211468 0.828339 0.841642 1.72421 98142 0 0.249134 0.128923 1
43.3706 -7.01098 -1.29595 0.870045 0.926604 1.77815 99585 0 1.34151 0.128779 1
-16.3755 21.9448 1.63137 2.06611 4.90281 1.62377 141518 0 -1.13798 0.128583 0
-5.2305 59.5953 1.27271 0.723237 0.70658 1.52138 196777 0 -1.12138 0.128374 1
38.2698 -5.68779 -0.903869 0.801158 0.863156 1.64255 101441 0 0.72857 0.127655 1
-4.96874 40.4794 1.34675 1.9458 4.39395 1.54482 168698 0 1.78192 0.127636 0
-8.82805 20.7128 1.20736 0.774485 0.806996 1.63269 139670 0 -0.751778 0.127533 1
-50.379 36.9097 4.09224 2.21797 4.90189 1.86669 163408 0 -1.20884 0.127413 0
30.2368 34.6812 0.373756 2.06539 4.60818 1.68213 160384 0 -1.36283 0.127328 0
-11.0258 32.0513 1.66093 2.25945 5.27313 1.81745 156511 0 -1.07953 0.127227 0
-37.9523 12.8234 2.88544 2.23702 5.49814 1.89584 128347 0 2.08326 0.126748 0
30.5405 37.5859 0.590439 2.08687 4.74537 1.70204 164597 0 -1.36136 0.126467 0
23.8553 58.4198 -0.290985 2.06896 4.65684 1.63266 194996 0 1.86211 0.126383 0
26.0773 59.0966 -0.312211 1.92927 4.27353 1.57652 195939 0 -2.97006 0.126358 0
27.3567 65.1595 -0.0255447 1.99662 4.46592 1.63921 204835 0 -3.086 0.126033 0
-65.7593 34.0735 3.33963 2.15988 4.85111 1.82578 159148 0 1.39063 0.126001 0
15.18 35.158 0.544896 1.76611 3.95466 1.62993 160805 0 -0.953078 0.125704 0
-2.71533 33.2259 1.05726 0.802086 0.767604 1.58256 157941 0 -0.878184 0.125251 1
2.19225 41.857 0.726994 2.09212 5.01042 1.58155 170592 0 2.01825 0.125208 0
54.9313 32.2349 -1.40833 1.79141 3.97568 1.49402 156717 0 1.77097 0.125036 0
-4.95291 39.8462 1.38089 1.16044 1.74854 1.53291 167762 0 -0.908267 0.124678 0
-70.5593 27.0269 4.09288 2.14029 4.6911 1.79296 148837 0 1.64419 0.124507 0
59.6835 2.97662 -2.16026 2.15611 4.81599 1.86598 114144 0 -1.41441 0.12426 0
-10.0857 18.7217 1.30369 0.832237 0.87078 1.60428 136858 0 2.49567 0.124051 1
-8.8286 20.8883 1.17394 0.726248 0.778184 1.54598 140138 0 -0.82147 0.123722 1
25.7013 63.8771 -0.0790494 1.85987 4.14068 1.56824 202958 0 1.6776 0.12366 0
24.21 59.3025 -0.161813 2.23964 5.20568 1.76687 196401 0 2.3277 0.123453 0
-13.9254 66.3909 2.75391 2.12853 4.78596 1.7563 206578 0 1.70415 0.122992 0
-53.2714 6.20055 4.22076 0.879132 0.924913 1.73967 118471 0 1.50078 0.122987 1
-46.5525 30.265 3.4113 1.99158 4.37274 1.70994 153592 0 1.20438 0.122969 0
-3.94729 62.9353 1.59048 2.0393 4.56104 1.57871 201461 0 -1.02431 0.122827 0
-0.764992 9.48021 0.723414 1.79077 4.62191 1.50264 123315 0 -1.2008 0.122595 0
10.6388 -12.8866 0.748338 0.844279 1.3681 1.47069 90591 0 1.54944 0.122548 1
31.506 18.3962 -0.136705 1.02714 1.37071 1.70899 136520 0 1.81162 0.122462 1
41.0051 -7.23418 -0.955379 0.856863 0.879917 1.90849 99110 0 -1.48618 0.12243 1
-65.7259 33.7652 3.31523 2.28764 5.18495 1.9474 158680 0 0.949338 0.122243 0
73.7697 -18.0591 -1.70827 3.25037 12.2466 4.05975 83300 0 -1.2885 0.122166 0
60.0133 5.29263 -2.26679 2.01251 4.53494 1.72575 117421 0 -1.30821 0.122081 0
48.794 9.19544 -1.43321 2.04116 4.49588 1.67534 123002 0 1.75651 0.121926 0
56.9138 46.9792 -0.631471 0.861983 1.26296 1.70253 178251 0 0.673205 0.121914 1
-4.95235 40.1421 1.36684 1.7782 3.45893 1.53425 168230 0 -0.315325 0.121712 0
-15.7719 11.3086 1.36627 0.769623 0.839985 1.71576 126076 0 0.267083 0.121566 1
41.6511 12.8678 -0.860465 2.19218 5.00044 1.712 128596 0 -1.37362 0.121538 0
25.1079 63.2425 -0.157597 2.0503 4.58461 1.63469 202020 0 1.48088 0.121466 0
9.88103 28.7216 0.844357 2.19435 5.45262 1.9874 151428 0 -1.02579 0.121122 0
-29.2463 30.2846 2.61149 2.0041 4.62276 1.77103 153646 0 1.73817 0.120975 0
31.5256 18.1486 -0.0793921 0.90768 1.03146 1.6872 136052 0 1.79916 0.120855 1
-5.93955 60.6667 1.45961 1.83939 4.12945 1.47213 198179 0 2.02959 0.120833 0
-48.4597 7.32161 3.8924 0.966378 1.17158 1.75868 119890 0 -1.14272 0.120182 1
60.9586 4.324 -2.4733 1.98548 4.37503 1.71468 116020 0 -1.22647 0.119806 0
57.3543 46.9655 -0.588933 0.862237 1.73774 1.76243 178253 0 -0.467868 0.119479 2
-46.8579 30.2634 3.42764 2.00348 4.48412 1.72385 153591 0 0.954277 0.119462 0
47.5805 10.0684 -1.21827 2.14539 4.81659 1.80666 124402 0 1.74083 0.119338 0
3.59608 6.95472 1.26407 0.813836 0.910673 1.82542 119585 0 -1.50489 0.119313 1
1.01037 39.7556 1.03463 1.96677 3.97207 1.70954 167781 0 2.21281 0.11922 0
18.1077 39.222 0.593538 2.0208 4.5426 1.62892 166898 0 -0.920328 0.119031 0
45.9036 -9.55634 -1.34152 0.910681 1.07279 1.80323 95849 0 -1.40073 0.11903 1
27.0548 65.4076 0.0220772 2.15003 4.80569 1.74785 205302 0 -3.1154 0.119027 0
-2.41906 33.2128 0.948015 0.747253 0.735338 1.41681 157942 0 -1.09917 0.118831 1
-12.0197 65.2055 2.21692 0.87344 1.28525 1.71187 204712 0 -0.81602 0.118603 1
20.0094 38.5659 0.252795 1.88343 4.29407 1.54506 165968 0 -0.963461 0.118534 0
-50.6987 13.88 3.87473 2.31283 5.36606 2.00352 129711 0 -1.00116 0.118354 0
-48.0926 28.7334 3.70203 2.27136 5.14096 1.91562 151247 0 -1.32524 0.118293 0
-56.0633 21.9527 4.05101 0.881235 0.938496 1.67116 141394 0 -1.18138 0.118243 1
11.8041 17.2136 0.760879 1.88789 4.06358 1.7637 134586 0 1.92939 0.118193 0
-55.6613 21.9845 3.98332 0.844107 0.908391 1.60872 141396 0 -1.17312 0.118159 1
9.7982 28.0073 0.779798 0.922726 1.17288 1.77327 150492 0 -1.07405 0.118118 1
-6.23219 40.4879 1.40263 2.00662 4.48773 1.5988 168694 0 1.94163 0.118031 0
58.7522 2.43676 -2.20396 2.01147 4.55092 1.74706 113205 0 -1.15633 0.117749 0
-3.08979 49.4443 1.16181 2.00344 4.24059 1.53501 181808 0 -2.91753 0.117695 0
53.9057 29.9059 -0.665079 2.00094 4.36802 1.62906 153438 0 1.80318 0.117608 0
30.9003 18.7917 -0.177286 1.97582 4.28092 1.6563 136986 0 1.79837 0.117555 0
18.7805 42.6588 0.860805 0.819174 0.871448 1.75681 172048 0 -0.988453 0.117255 1
-11.9989 67.0555 2.58607 2.07383 4.5964 1.7511 207520 0 -0.290983 0.117153 0
-46.8689 30.8445 3.613 2.19604 4.93563 1.80892 154527 0 1.64525 0.116901 0
27.6563 29.4885 0.0177645 1.97678 4.47007 1.51105 152888 0 -1.31707 0.116865 0
-5.88965 39.5556 1.50946 2.05026 4.53154 1.58331 167291 0 -0.330925 0.116805 0
35.0501 30.0285 -0.155216 1.84232 4.14665 1.58652 153379 0 1.77774 0.116762 0
20.9709 37.6208 0.398157 1.92213 4.33995 1.50075 164567 0 -0.901695 0.116381 0
-3.05726 34.1003 1.11625 0.811326 1.07447 1.6528 159344 0 -1.26226 0.116237 1
32.9337 37.2744 0.93697 0.930773 1.92345 1.78463 164136 0 0.283151 0.116098 2
26.368 59.3156 -0.295948 2.13805 4.83361 1.70429 196408 0 -2.81311 0.116026 0
-48.2737 7.47275 3.83884 0.893552 1.11888 1.70712 120359 0 -1.11555 0.115592 1
60.6213 5.26701 -2.33926 2.05561 4.7023 1.76449 117423 0 -1.29496 0.115579 0
41.4211 -8.40125 -1.08534 0.79449 0.823731 1.81914 97239 0 -1.77584 0.11557 1
48.4919 10.6326 -1.21024 2.16753 4.99059 1.74064 125341 0 1.70132 0.115506 0
18.3432 30.9308 0.891933 0.933611 0.982291 2.07366 154731 0 -2.03887 0.115325 1
9.44662 27.7021 0.687615 0.772039 0.783262 1.69505 150023 0 -1.14265 0.115315 1
-28.9046 29.9877 2.58791 1.98079 4.62974 1.75713 153179 0 -0.638422 0.115094 0
-11.6911 65.1547 2.24419 1.84851 4.31504 1.7058 204713 0 -0.886004 0.115039 0
-4.6787 63.8374 1.38889 2.0337 4.54596 1.52677 202863 0 1.95647 0.114917 0
-70.5575 26.7223 4.07091 2.13196 4.61959 1.78272 148369 0 2.33901 0.114885 0
18.1483 30.9188 0.910607 0.945688 1.01792 2.0563 154730 0 2.08622 0.114854 1
-15.1632 -7.30276 1.26029 0.727567 0.777311 1.31098 98934 0 -1.75638 0.114643 1
60.6277 4.63676 -2.53831 1.99766 4.43213 1.69792 116487 0 -1.25917 0.114619 0
-8.73965 36.1017 1.35444 1.95852 4.35184 1.45639 162134 0 -1.10108 0.114597 0
8.55925 -12.5314 0.946933 0.883216 0.888571 1.68661 91052 0 -1.45481 0.11456 1
21.6057 36.9803 0.487824 1.97901 4.4508 1.57628 163633 0 -0.881861 0.11449 0
-3.4407 47.7526 1.26307 0.903982 1.01293 1.77588 179467 0 2.75342 0.114113 1
-58.8017 10.1134 4.25801 1.93247 4.23313 1.62168 124070 0 0.258029 0.113875 0
38.2745 -5.82387 -0.875956 0.834708 0.892046 1.65935 100973 0 1.07545 0.113874 1
-30.6227 24.6602 2.46351 2.06803 4.64727 1.6214 145686 0 2.18697 0.11364 0
46.7553 17.8064 -0.273607 0.954519 0.928466 1.9401 135632 0 1.66377 0.11364 1
41.6713 12.412 -0.840802 2.12264 4.89264 1.67333 127660 0 -1.25876 0.113363 0
-10.7383 65.3926 2.26919 2.06266 4.63904 1.81666 205184 0 -1.08086 0.11291 0
31.1873 43.0791 0.0626927 2.10079 4.62727 1.72274 172555 0 -0.234965 0.112778 0
-59.3465 22.9492 4.334 0.913257 0.942288 1.68825 142788 0 -1.16514 0.112741 1
70.8618 -17.0724 -1.62514 2.56148 6.10998 2.74287 84695 0 -1.29986 0.112648 0
-49.1405 25.7226 3.66652 2.47517 5.98171 2.15016 147032 0 -2.92375 0.112571 0
-67.0002 34.3965 3.67193 2.37872 5.63828 2.0917 159612 0 1.43252 0.111832 0
