-10.8109 -3.89007 1.28887 2.24994 5.06588 1.86611 103628 0 0.25526 0.938267 0
-0.507141 12.4316 0.78691 2.17118 4.99101 1.52843 127528 0 -1.0522 0.935508 0
9.84653 11.4289 0.808158 2.02405 4.59696 1.54616 126156 0 1.8359 0.92407 0
-4.99371 29.6296 1.39178 2.13594 4.88391 1.82548 152786 0 2.05198 0.924063 0
11.1191 14.8279 0.783409 2.2089 4.73778 1.80448 131308 0 1.85573 0.92294 0
-19.6448 14.5721 2.01525 2.16389 4.80514 1.79728 130744 0 -1.07802 0.921756 0
-11.7447 17.808 1.40515 2.07953 4.58508 1.50496 135449 0 -1.01425 0.920027 0
-8.79877 22.5356 1.33934 2.06187 4.77918 1.51384 142478 0 2.05569 0.914822 0
1.39268 14.5857 0.751184 2.02589 4.49948 1.50101 130810 0 -1.08311 0.911324 0
2.3161 17.394 0.750687 2.10073 4.63905 1.5453 135025 0 -1.05682 0.909071 0
-18.0221 16.8902 1.73804 2.02503 4.65058 1.6039 134025 0 -1.13168 0.907509 0
-18.7752 -1.79065 1.64928 2.06138 4.69727 1.59771 106879 0 0.233058 0.906434 0
12.0284 17.1545 0.73355 2.17209 4.95311 1.88604 134587 0 1.92227 0.89785 0
40.4702 9.36662 -0.888364 2.25809 5.14228 1.90726 123444 0 -1.36096 0.893542 0
-38.8751 19.7411 2.93055 2.06049 4.4783 1.68767 138172 0 2.1556 0.888541 0
-10.4199 20.0719 1.36197 1.99212 4.5861 1.48247 138729 0 2.13301 0.878478 0
-16.4025 -2.79752 1.51924 2.00907 4.40425 1.53523 105482 0 0.281263 0.878456 0
13.2126 22.8391 0.729261 2.24211 5.09039 1.91286 143015 0 1.93364 0.871085 0
-8.14024 25.0596 1.48192 2.09944 4.82777 1.73607 146224 0 2.04253 0.867384 0
10.1087 28.7129 0.879868 2.13785 4.90185 1.90908 151429 0 -1.05797 0.86239 0
-2.39625 34.4532 1.11532 2.03218 4.72682 1.58982 159814 0 -1.07594 0.860426 0
27.369 26.0946 0.146095 2.13739 4.81125 1.70613 147739 0 -1.34273 0.858979 0
-13.2947 27.0304 1.60107 1.96657 4.33844 1.56164 149016 0 -1.09562 0.854312 0
23.1887 11.8892 0.103876 2.04951 4.68991 1.57276 127134 0 -1.25781 0.853348 0
-17.0666 19.3385 1.97442 2.31654 5.72618 1.97109 137772 0 -1.14307 0.852916 0
8.40915 26.3479 0.619323 2.02278 4.46542 1.55157 148148 0 -1.04054 0.8478 0
7.46445 23.8789 0.603941 1.95127 4.49595 1.51444 144401 0 -1.03487 0.845331 0
-33.4366 20.0835 2.68068 2.21527 4.77574 1.8887 138657 0 -1.09089 0.844348 0
-13.8532 -3.69379 1.40147 1.97861 4.40147 1.53204 104086 0 0.195117 0.842127 0
-29.5181 27.1322 2.6433 2.15735 4.68727 1.62036 148965 0 -1.05415 0.842046 0
5.59937 21.7124 0.892877 2.08569 4.57631 1.79923 141119 0 -1.09216 0.841303 0
12.6846 19.9526 0.465519 2.046 4.75711 1.5346 138801 0 1.96203 0.829663 0
-0.429558 36.9667 0.940884 2.01708 4.64661 1.50668 163564 0 2.16312 0.819359 0
-15.8734 21.8752 1.69506 1.99971 4.50915 1.63993 141520 0 -1.11084 0.819028 0
25.1934 20.5516 -0.0360161 2.01685 4.53385 1.59838 139776 0 -1.34981 0.816315 0
3.736 19.6772 0.887401 2.16385 5.06487 1.71165 138305 0 2.06165 0.810091 0
-41.1343 10.4794 3.20041 2.00206 4.25347 1.60841 124593 0 -1.19782 0.809991 0
-38.563 13.2003 3.02987 2.20619 5.07917 1.87341 128813 0 2.08167 0.806086 0
24.2262 14.8642 0.0173334 1.95431 4.42987 1.5203 131349 0 -1.2636 0.805492 0
-22.3311 8.91682 1.96815 1.97306 4.37917 1.5402 122312 0 1.8612 0.804578 0
30.2268 16.1751 -0.103902 2.16818 4.76593 1.83159 133240 0 1.82227 0.803946 0
-6.3053 27.1438 1.22689 1.90179 4.4159 1.48435 149038 0 2.03097 0.797818 0
-30.5964 24.545 2.57143 1.88189 4.16403 1.53516 145218 0 2.11448 0.780641 0
24.7718 17.7884 -0.0448157 2.03574 4.70958 1.60448 135563 0 -1.28673 0.779812 0
-13.1781 14.4759 1.52408 1.95154 4.37195 1.59704 130764 0 2.06331 0.770237 0
0.528061 39.9446 1.10308 2.07897 4.76753 1.67879 167779 0 2.12551 0.765823 0
14.8671 35.375 0.611624 2.04694 4.56746 1.72809 161272 0 -0.985036 0.763492 0
26.3471 23.2497 -0.00333962 2.04086 4.78702 1.47298 143524 0 1.76064 0.762704 0
2.72032 41.8281 0.824678 1.85751 4.23705 1.41269 170594 0 2.0938 0.760113 0
27.7642 10.4972 -0.023157 1.99005 4.67702 1.77222 124808 0 1.84058 0.754575 0
-2.07402 10.1497 0.862153 2.00913 4.54279 1.51031 124247 0 -1.09478 0.753913 0
-11.745 29.1803 1.57327 2.00243 4.65887 1.55289 152297 0 -1.06935 0.753085 0
-3.70184 32.1927 0.937122 1.77839 4.00422 1.36198 156534 0 -1.11465 0.734892 0
-14.8476 24.1126 1.64136 1.93027 4.40634 1.54037 144799 0 -1.07145 0.732813 0
45.2595 -10.3385 -1.34669 0.912207 0.950326 1.82184 94443 0 1.91897 0.730879 1
4.31349 44.6495 0.880187 1.99392 4.52827 1.51873 174811 0 2.13515 0.72262 0
-10.693 31.797 1.6561 2.08985 4.74858 1.76351 156044 0 -1.09199 0.721644 0
-24.1814 33.7567 2.4092 2.36978 5.90613 1.88783 158810 0 -1.06976 0.709018 0
11.659 30.8306 0.537354 2.08696 4.72819 1.58464 154710 0 -1.05095 0.696654 0
-21.885 38.5916 2.42292 2.1262 4.97608 1.66131 165837 0 -1.03601 0.683186 0
40.8287 12.2975 -1.0502 1.96572 4.42597 1.52112 127657 0 -1.31123 0.671774 0
-2.78595 33.5521 1.13309 0.761292 0.704479 1.6902 158409 0 -1.96854 0.670333 1
5.61836 47.2534 1.07556 1.96264 4.43922 1.62186 178559 0 2.12302 0.65844 0
29.294 13.2269 -0.263539 2.08315 4.64018 1.61712 129025 0 1.84662 0.642525 0
-36.2821 24.8704 2.9678 1.99915 4.37178 1.67342 145668 0 -1.04289 0.642216 0
30.8941 18.7566 -0.115765 2.01693 4.65087 1.63395 136986 0 1.85296 0.598193 0
-2.78306 33.6469 1.14255 0.787333 0.837778 1.66879 158877 0 -1.59104 0.597912 1
42.6675 -3.43925 -1.28938 0.915446 0.97192 1.71759 104731 0 -2.94258 0.581646 1
-14.8433 58.0738 2.27509 2.08567 4.83706 1.63451 194407 0 2.24752 0.581444 0
28.0265 28.693 -0.0681964 1.93387 4.26333 1.48162 151485 0 -1.28859 0.566043 0
-1.08581 47.8853 1.36435 2.40493 5.67254 1.97979 179474 0 -1.22983 0.559289 0
40.3859 -8.70196 -1.05285 0.89172 0.967319 1.90876 96768 0 1.77372 0.54774 1
12.9427 33.1392 0.458652 1.99157 4.50656 1.53008 157990 0 -1.0263 0.545705 0
-9.41103 34.0747 1.48759 2.12635 4.87531 1.5675 159324 0 -1.11621 0.52508 0
47.5487 6.5794 -1.78313 1.95324 4.32343 1.57543 119254 0 1.81458 0.52142 0
43.3495 -8.48132 -1.41692 0.90197 0.935142 1.77164 97245 0 1.95181 0.516966 1
34.6724 29.9735 -0.214531 1.99823 4.55478 1.60259 153378 0 1.82671 0.511932 0
57.1298 46.4653 -0.652835 0.774497 1.7509 1.78429 177784 0 -0.309092 0.504655 2
-43.3502 35.9634 3.44073 2.08624 4.62292 1.75863 162026 0 -1.34608 0.504251 0
28.6629 31.5353 0.0960975 2.03007 4.50282 1.63684 155699 0 -1.29362 0.501088 0
42.6608 -3.58335 -1.30955 0.889233 0.918071 1.72363 104263 0 -3.09789 0.496338 1
-49.7865 13.2682 3.66401 1.9079 4.1245 1.63485 128778 0 -1.1642 0.494534 0
57.116 46.2968 -0.644594 0.799393 1.73854 1.77474 177316 0 -0.011179 0.493702 2
-2.94574 33.5498 1.151 0.727276 0.680157 1.66826 158408 0 -1.88059 0.488365 1
-10.7907 18.7014 1.29971 0.786891 0.777468 1.52555 136856 0 -1.85459 0.487674 1
41.0645 -8.46364 -1.11705 0.84151 0.904539 1.77986 97238 0 2.35819 0.473262 1
-47.839 29.2954 3.67845 1.994 4.38886 1.68802 152184 0 -1.23902 0.469223 0
47.8054 6.84047 -1.82308 2.09916 4.72607 1.67631 119723 0 1.70529 0.454437 0
-4.03326 66.6743 1.70822 2.03783 4.4977 1.60768 207077 0 2.05659 0.44819 0
-43.1011 35.9461 3.47682 1.95657 4.16608 1.65992 162027 0 -0.989266 0.427613 0
-10.8765 18.7171 1.31207 0.894642 0.931053 1.54499 136855 0 -0.87366 0.411381 1
-54.2203 4.66552 4.14041 2.07212 4.65736 1.7327 116128 0 0.321189 0.410228 0
45.2438 -10.2152 -1.35307 0.913188 0.971889 1.83649 94911 0 -1.64295 0.407101 1
31.5214 21.9051 -0.0569161 2.00036 4.40813 1.65864 141668 0 1.80905 0.404359 0
40.234 -7.85287 -0.97361 0.881208 0.947749 1.88665 98171 0 1.73251 0.394458 1
31.842 43.6594 0.0771906 2.06988 4.60132 1.73667 173493 0 -1.30031 0.393619 0
-3.40286 66.3571 1.68855 2.14633 4.90289 1.65585 206611 0 -1.41407 0.381351 0
-43.6357 35.7078 3.3688 2.184 5.07389 1.85363 161557 0 -1.54536 0.363854 0
30.5221 -4.25674 -0.4415 0.819153 0.888625 1.56217 103289 0 1.961 0.360032 1
-51.967 11.0693 3.95499 1.97113 4.34049 1.7201 125495 0 -1.16922 0.357421 0
-23.5878 33.4306 2.49973 2.09869 4.45926 1.71244 158344 0 -1.04535 0.356057 0
66.3551 15.5649 -1.80358 0.816832 0.840347 1.75469 132417 0 1.28508 0.351843 1
45.5252 -10.3743 -1.44751 0.911784 0.956308 1.80138 94444 0 -2.48993 0.345787 1
-43.3518 35.419 3.4075 2.06407 4.46016 1.69898 161090 0 -1.63006 0.341088 0
5.25397 47.7424 1.07589 2.25146 5.36186 1.75964 179494 0 2.14743 0.340572 0
-50.3354 13.3171 3.80304 2.15099 4.69063 1.73289 128776 0 -1.20692 0.33565 0
27.3896 28.9388 -0.0415613 1.92086 4.27533 1.42326 151951 0 -1.31433 0.321778 0
-50.1094 36.6273 3.99906 1.98914 4.35683 1.65538 162941 0 -1.35884 0.31967 0
45.0944 -10.3385 -1.31476 0.910791 0.936404 1.82932 94442 0 1.9664 0.310209 1
41.0854 -8.27128 -1.12738 0.868748 0.919185 1.81402 97706 0 2.75993 0.309657 1
40.2689 -8.61633 -1.0728 0.912872 0.971434 1.87037 97235 0 1.76696 0.308788 1
40.8855 -8.46242 -1.08208 0.834925 0.908182 1.84 97237 0 2.10742 0.307314 1
13.1943 33.3541 0.454828 1.98348 4.45913 1.551 158459 0 -1.0159 0.304825 0
28.5991 28.4142 -0.0242743 2.15906 4.90062 1.67171 151019 0 -1.2666 0.299338 0
-48.1157 29.0167 3.63725 2.14917 4.77324 1.81016 151715 0 -1.31654 0.294747 0
51.4643 -13.0284 -1.846 0.846016 0.917597 1.71762 90718 0 1.93032 0.292768 1
1.96941 6.19138 0.545559 0.644905 0.757177 1.20369 118644 0 -1.35894 0.287974 1
32.4432 43.6206 0.0886176 2.10492 4.65694 1.77221 173495 0 -1.31901 0.286623 0
-8.48667 36.596 1.40377 2.09861 4.75571 1.55453 163071 0 -1.19594 0.284211 0
-5.91575 64.8138 1.43121 2.05338 4.67812 1.62695 204263 0 2.06239 0.284167 0
-8.87431 34.0054 1.39078 2.00295 4.84088 1.54413 159326 0 -1.11043 0.280857 0
-3.37402 49.4431 1.47687 1.99617 4.43696 1.60798 181807 0 -2.97974 0.280582 0
-51.0913 25.0911 3.70447 2.049 4.44198 1.66371 146090 0 2.13592 0.278161 0
43.1412 -8.50642 -1.40161 0.918292 0.945884 1.76906 97244 0 1.93455 0.272156 1
-47.6042 29.5537 3.70445 1.91722 4.15508 1.61471 152653 0 -1.13398 0.271209 0
12.6709 19.4919 0.529265 2.15163 4.91336 1.62711 137865 0 1.96613 0.269172 0
35.344 29.8941 -0.226239 2.10886 4.8148 1.65573 153380 0 2.02842 0.267025 0
2.41756 42.2822 0.851266 2.15253 5.16541 1.52139 171529 0 2.12793 0.263934 0
40.185 -8.04978 -1.00845 0.807262 0.882756 1.82723 97703 0 1.71428 0.262534 1
2.62231 8.71803 0.870517 0.844979 1.01194 1.73124 122390 0 -1.38524 0.262315 1
-14.2983 57.7727 2.17752 2.28153 5.31137 1.76799 193941 0 -1.0127 0.260895 0
45.9223 -10.109 -1.5249 0.792955 0.86277 1.70861 94913 0 -2.16921 0.260424 1
-36.604 25.3489 3.02479 2.31288 5.43402 1.87681 146603 0 -0.984503 0.257653 0
-30.8789 25.0027 2.60662 2.15933 4.92126 1.67134 146153 0 2.15847 0.256197 0
-51.3306 24.8593 3.72718 1.98351 4.47612 1.6745 145621 0 1.92479 0.255613 0
12.7035 32.9014 0.50436 1.95578 4.44052 1.51991 157521 0 -1.03727 0.254603 0
57.3106 46.5009 -0.614873 0.793978 1.72495 1.81004 177785 0 -1.51598 0.252057 2
42.6897 -3.14342 -1.32724 0.827654 0.893819 1.69373 105199 0 -2.95579 0.251486 1
47.5727 7.14613 -1.80494 1.98995 4.42681 1.60911 120190 0 1.59408 0.250503 0
-3.65399 49.1492 1.48322 1.86094 4.05416 1.52892 181338 0 2.72651 0.248699 0
43.3335 -8.66943 -1.4199 0.923091 0.956557 1.79005 96777 0 1.91674 0.24813 1
31.4828 18.4793 -0.104637 2.12934 4.86537 1.69971 136520 0 1.81724 0.246714 0
-50.3687 36.3624 4.0096 2.14736 4.77307 1.77301 162472 0 -1.47873 0.245958 0
-53.5182 23.5642 4.16189 0.922705 0.974745 1.64334 143742 0 2.05437 0.245101 1
57.3084 46.2915 -0.628769 0.800504 1.71069 1.78711 177317 0 -1.09833 0.245007 2
42.5216 -3.62301 -1.29755 0.908062 0.924567 1.74426 104262 0 -3.03455 0.244871 1
-43.9511 35.9824 3.39727 2.46465 6.11134 2.07356 162024 0 -1.42574 0.240559 0
40.8612 -8.25114 -1.06923 0.771991 0.845297 1.81424 97705 0 2.3289 0.239684 1
43.0843 -8.73324 -1.39598 0.878959 0.912874 1.75748 96776 0 1.91923 0.239357 1
18.1449 30.801 0.877642 0.828799 0.793637 2.05775 154730 0 1.30265 0.236895 1
28.5838 28.8608 -0.0210588 2.09994 4.71279 1.64305 151955 0 -1.3385 0.236211 0
30.8797 22.1444 -0.0597694 2.11989 4.82267 1.6489 142134 0 1.81701 0.235735 0
-3.0674 66.1242 1.63807 2.05098 4.67424 1.67689 206144 0 -1.09854 0.231667 0
-7.89207 36.2763 1.40661 2.05919 4.76701 1.52805 162605 0 -1.08205 0.229082 0
30.6123 18.4583 -0.166522 1.99549 4.54178 1.5926 136517 0 1.83297 0.228556 0
24.4518 58.3964 -0.224911 1.97565 4.43199 1.58717 194998 0 1.73006 0.227809 0
31.8204 19.326 -0.025136 0.862357 0.945923 1.67456 137925 0 1.8361 0.227216 1
30.5345 -4.12077 -0.395344 0.833967 0.91281 1.57281 103757 0 1.67554 0.22666 1
-29.6291 30.8456 2.62434 2.05539 4.54298 1.56866 154581 0 -1.06483 0.226448 0
-3.45877 32.3855 0.886228 1.64881 3.65668 1.34635 157003 0 -1.10995 0.224714 0
-9.06891 36.672 1.45333 2.10632 4.80479 1.55751 163069 0 -1.17426 0.223001 0
-2.48418 33.4876 1.1038 0.757113 0.784798 1.66868 158410 0 -1.77871 0.222962 1
45.8925 -10.3574 -1.51793 0.79753 0.867681 1.71034 94445 0 -3.10894 0.222904 1
41.3933 3.45023 1.00591 0.725899 0.709945 1.72176 114555 0 0.182501 0.22203 1
-38.0339 12.9571 3.07726 1.97006 4.14975 1.76801 128347 0 2.0809 0.221478 0
-42.8076 35.7024 3.44498 1.78589 3.4944 1.52302 161560 0 -1.30352 0.221462 0
30.3175 19.034 -0.151246 1.92029 4.26156 1.62034 137452 0 1.87992 0.21937 0
24.161 58.1246 -0.265122 1.98434 4.50742 1.5977 194529 0 1.77759 0.218419 0
30.564 19.2746 -0.103125 1.90091 4.2537 1.63058 137921 0 1.88259 0.217449 0
31.5573 43.4451 0.0731586 2.06965 4.69889 1.75192 173024 0 -1.18613 0.216737 0
17.4119 30.8984 0.886038 1.9468 4.22878 2.20156 154728 0 2.11504 0.216564 0
29.5559 -7.61673 -0.311071 0.879365 1.05364 1.68647 98606 0 1.57158 0.21574 1
40.5694 12.096 -1.10284 1.80514 4.0554 1.46121 127188 0 -1.27926 0.214363 0
-5.34598 64.7098 1.51688 2.02165 4.41489 1.55037 204265 0 2.04849 0.211538 0
25.7474 63.835 -0.110188 2.01297 4.57815 1.65269 202958 0 1.76399 0.211498 0
56.915 46.2606 -0.673561 0.820242 1.71383 1.77461 177315 0 0.323811 0.210975 2
30.9006 43.9471 0.125467 2.02219 4.62731 1.64989 173958 0 -0.897299 0.210213 0
-2.02202 48.1486 1.36269 2.3561 5.50899 2.02768 179939 0 -1.31238 0.20862 0
-56.0683 22.5725 4.0041 0.871254 0.894242 1.61192 142330 0 -1.02307 0.208034 1
35.6424 29.8666 -0.232011 2.17957 4.92309 1.68733 153381 0 -1.52794 0.207617 0
72.4712 -18.7208 -2.57944 3.42922 11.471 3.97622 82360 0 -1.26044 0.207414 0
43.5658 -8.46259 -1.43442 0.895744 0.954368 1.77756 97246 0 2.08128 0.206706 1
42.8204 -7.59306 -1.33229 0.834733 0.856442 1.71196 98647 0 1.96059 0.206188 1
30.5668 38.5606 0.611345 2.12925 4.83768 1.65787 166001 0 -1.3432 0.206136 0
-49.495 13.5198 3.65195 1.82323 4.05259 1.59883 129247 0 -1.09953 0.20573 0
-48.4196 29.5641 3.73379 2.35306 5.4196 2.04157 152650 0 -1.21435 0.205473 0
18.1469 30.661 0.8722 0.866998 0.871304 2.07431 154262 0 1.59884 0.204319 1
-6.51594 64.864 1.43247 1.9917 4.52545 1.61573 204261 0 2.00851 0.202334 0
-10.1962 31.7488 1.57314 2.08017 5.02211 1.80057 156046 0 -1.07432 0.201681 0
-3.08503 49.1604 1.40668 1.94631 4.26427 1.56827 181340 0 -2.87425 0.201007 0
-3.6488 49.698 1.57836 2.1138 4.86555 1.72193 182274 0 -3.07143 0.200713 0
51.4455 -13.1679 -1.73321 0.887304 0.939327 1.72933 90250 0 2.04726 0.200383 1
-3.93279 49.427 1.57621 1.97182 4.42363 1.61312 181805 0 0.0207123 0.200289 0
-48.1219 29.8505 3.77301 2.2195 5.05196 1.9026 153119 0 -1.14065 0.199923 0
24.2626 17.8327 -0.0171173 1.80683 3.65729 1.50793 135561 0 -1.27198 0.199025 0
42.9418 -7.58977 -1.32174 0.84986 0.877533 1.73613 98648 0 2.17339 0.197682 1
-30.556 31.2088 2.77833 2.07656 4.64632 1.65123 155046 0 -1.07253 0.197672 0
-3.92737 31.9672 0.997217 1.87725 4.26791 1.41451 156065 0 -1.15023 0.196967 0
-0.572754 48.0602 1.28568 2.49609 5.75755 1.99369 179944 0 -1.07717 0.196106 0
16.5809 30.842 0.928628 1.15088 1.28349 1.85928 154725 0 2.1273 0.194632 1
41.0916 -8.69791 -1.10722 0.862709 0.931024 1.80701 96770 0 2.02513 0.194004 1
66.3648 15.7261 -1.81566 0.876896 0.928966 1.78254 132885 0 1.25735 0.193812 1
66.1973 15.5546 -1.8098 0.854992 0.90053 1.80187 132416 0 1.42446 0.192056 1
-33.7757 20.4984 2.68415 2.47103 5.95349 2.08207 139592 0 -1.02706 0.191942 0
45.3049 -10.6121 -1.38133 0.911916 0.92658 1.8303 93975 0 1.87866 0.191148 1
-3.66095 48.8159 1.42877 1.883 4.1199 1.51898 180870 0 0.200137 0.190762 0
-31.8256 22.223 2.53535 1.94322 4.41119 1.54607 141938 0 -1.0314 0.189596 0
16.7893 30.8449 0.929171 1.15191 1.28924 1.89917 154726 0 2.11767 0.188692 1
57.0954 46.0322 -0.648453 0.843491 1.59395 1.80933 176848 0 0.00601935 0.188596 2
-51.9944 11.5887 3.98467 2.04346 4.59226 1.75442 126431 0 -1.12364 0.188512 0
40.3952 -6.88909 -1.18551 0.786671 0.774875 1.77569 99576 0 1.73655 0.188369 1
29.597 36.9804 0.514553 2.03001 4.46211 1.70188 163658 0 -1.27835 0.187644 0
4.09171 44.4291 0.867406 1.84108 4.28556 1.49854 174342 0 2.08367 0.186695 0
16.7757 30.6466 0.907289 0.829271 0.729121 1.92243 154258 0 2.11697 0.186445 1
-4.95544 64.2155 1.55022 2.00729 4.5572 1.54257 203330 0 2.00639 0.185166 0
45.5768 -10.142 -1.44456 0.90807 0.968474 1.82006 94912 0 -1.55107 0.184717 1
25.4656 63.5404 -0.110656 2.0716 4.72906 1.68436 202489 0 1.63886 0.184035 0
28.0503 31.7806 0.15339 2.03209 4.50769 1.60058 156165 0 -1.40382 0.183835 0
56.9187 46.4892 -0.644356 0.833555 1.79011 1.79997 177783 0 0.302012 0.183455 2
29.9119 37.243 0.640989 2.07434 4.56532 1.73308 164127 0 -1.31092 0.183121 0
7.51646 -12.6185 1.07407 0.869509 0.969095 1.7608 91049 0 -1.50655 0.183118 1
43.374 -8.27753 -1.39576 0.916972 0.952558 1.81144 97713 0 2.01091 0.182169 1
30.879 18.1515 -0.175638 1.94996 4.38371 1.57279 136050 0 1.82042 0.182155 0
41.3308 -8.47028 -1.1263 0.886499 0.950731 1.77294 97239 0 2.35643 0.181035 1
68.5802 -16.2145 -1.69139 2.23192 5.00716 2.04588 86092 0 -2.85632 0.180006 0
11.7041 30.3675 0.457115 1.95299 4.26934 1.59367 153774 0 -1.09819 0.17933 0
34.4427 29.7215 -0.192032 1.93972 4.4954 1.60205 152909 0 1.83839 0.177964 0
28.2235 10.6106 -0.0823771 2.20739 5.06532 1.83325 125278 0 1.82868 0.177427 0
16.5731 30.6383 0.930034 0.778437 0.643292 1.91831 154257 0 2.11482 0.176732 1
-10.0011 34.1563 1.56723 2.0154 4.45102 1.56206 159322 0 -1.10848 0.176345 0
-4.95579 40.4953 1.53245 1.95023 4.42774 1.54325 168698 0 1.86914 0.176121 0
45.0891 -10.2065 -1.34439 0.920493 0.963044 1.8284 94910 0 2.35573 0.175731 1
29.5327 31.4559 0.0355913 2.23519 5.02405 1.80467 155702 0 -1.29536 0.175262 0
31.1785 38.5729 0.438331 2.10154 4.72537 1.6222 166003 0 -1.39281 0.174368 0
-12.9329 11.4201 1.00972 1.19717 1.39196 1.91631 126085 0 -1.13364 0.174091 1
-3.39751 48.832 1.39558 1.88735 4.1515 1.53212 180871 0 0.771128 0.173705 0
-6.87106 65.4014 1.38544 2.11061 4.69134 1.71128 205196 0 2.05553 0.172805 0
-50.6848 36.9086 4.00928 2.31104 5.26187 2.0277 163407 0 -1.33995 0.172681 0
30.3616 -4.27419 -0.383577 0.853559 0.902824 1.57599 103288 0 2.50307 0.172059 1
30.6031 43.9887 0.125043 1.97144 4.59065 1.63766 173957 0 1.59507 0.172028 0
40.793 -8.71112 -1.08212 0.861644 0.940477 1.85818 96769 0 1.89999 0.171854 1
-53.4114 23.579 4.14603 0.908117 0.964105 1.64433 143743 0 2.84996 0.170289 1
-3.45074 66.613 1.67294 2.33012 5.33193 1.7511 207079 0 3.06187 0.170174 0
32.4125 21.6607 -0.0772044 2.22828 5.0704 1.76516 141203 0 1.81837 0.170118 0
6.14106 47.0978 1.02498 2.12067 4.60109 1.65948 178561 0 2.12616 0.169742 0
42.6745 -3.89411 -1.3562 0.844661 0.878717 1.72124 103795 0 3.1196 0.169568 1
48.0969 6.31151 -1.97747 2.15954 4.95769 1.77446 118788 0 1.85432 0.169456 0
41.3853 3.57957 0.972553 0.727285 0.731101 1.71906 115023 0 0.154694 0.168952 1
-1.40243 47.5982 1.39288 2.20494 4.9157 1.89506 179005 0 -1.24171 0.167618 0
28.9841 36.9968 0.522541 2.11384 4.82604 1.70201 163656 0 -1.30153 0.167575 0
46.178 -10.104 -1.60983 0.824174 0.899562 1.71054 94914 0 -1.84981 0.167093 1
30.2474 38.2515 0.6878 2.12188 4.80715 1.73104 165532 0 -1.3416 0.166705 0
7.75009 23.6288 0.603236 1.61291 3.53756 1.42313 143934 0 -1.01438 0.166366 0
-3.71371 48.1645 1.28008 1.99447 4.60432 1.57508 179934 0 0.194075 0.165952 0
40.2337 12.3592 -1.07279 1.79977 3.94448 1.48005 127655 0 -1.3161 0.164619 0
-38.0004 16.7897 2.87247 0.804413 0.841041 1.70664 133963 0 -1.4928 0.164134 1
42.7711 -8.79321 -1.33964 0.870958 0.914413 1.73519 96775 0 1.97703 0.162362 1
-50.361 10.3287 3.95693 1.02616 1.23349 1.67237 124564 0 -2.77451 0.161986 1
40.4001 -8.09331 -1.02331 0.786451 0.860543 1.83185 97704 0 1.83472 0.161938 1
-6.53712 27.5371 1.23254 2.14136 5.11703 1.55429 149973 0 2.07165 0.161811 0
-50.7503 25.4043 3.719 2.10378 4.48089 1.69529 146559 0 2.52698 0.161638 0
-10.3643 34.6866 1.655 2.10825 4.67105 1.61257 160257 0 -1.10011 0.161617 0
4.8454 44.5177 0.865272 2.13755 4.71102 1.49948 174813 0 2.13826 0.160493 0
42.9273 -3.38686 -1.308 0.91408 1.00014 1.73698 104732 0 -2.93742 0.159988 1
-1.45732 48.3802 1.35381 2.42172 5.42944 2.07286 180409 0 -1.08158 0.159828 0
-47.8453 28.713 3.65196 1.96359 4.36494 1.61417 151248 0 -1.39032 0.159481 0
47.8339 7.46812 -1.81336 2.16815 4.97716 1.74775 120659 0 1.48172 0.159458 0
-51.4294 11.0453 3.959 1.88773 4.15557 1.58601 125497 0 -1.08698 0.159336 0
-9.08028 33.5611 1.43227 1.91978 4.51747 1.52786 158389 0 -1.07687 0.159174 0
-50.0928 37.2265 4.08409 2.17611 4.73175 1.78084 163877 0 -1.13159 0.158554 0
-5.27738 40.7723 1.56018 2.02271 4.5766 1.60222 169165 0 2.06484 0.157952 0
24.7345 58.3987 -0.256502 1.8987 4.21952 1.56447 194999 0 0.947118 0.157944 0
24.7517 58.7165 -0.251256 1.97488 4.41039 1.59625 195467 0 0.498054 0.157863 0
-5.59692 40.4924 1.54993 2.05638 4.67237 1.60377 168696 0 1.92593 0.157696 0
-49.4441 14.5622 3.68251 1.919 4.13762 1.67126 130651 0 -1.10292 0.157047 0
31.813 22.1189 -0.103587 2.08879 4.5346 1.72425 142137 0 1.79922 0.156946 0
31.4682 18.9687 -0.0827044 2.10038 4.53349 1.72045 137456 0 1.84877 0.156855 0
-2.47079 33.7585 1.11693 1.08765 1.48772 1.65534 158878 0 -1.26503 0.156137 1
25.7694 59.0634 -0.284678 1.98873 4.46554 1.62798 195938 0 -2.97968 0.155961 0
-4.19975 32.4046 1.02789 2.06509 5.05517 1.52419 157000 0 -1.11736 0.155802 0
26.836 26.1305 0.201115 1.8877 3.78809 1.62296 147737 0 -1.36227 0.155592 0
41.2123 3.43636 0.975779 0.760271 0.753824 1.74092 114554 0 0.25823 0.155485 1
11.1521 30.6519 0.562619 2.14958 4.94143 1.68139 154240 0 -1.09028 0.155229 0
24.1941 58.6659 -0.195305 2.13307 4.85025 1.67589 195465 0 2.06412 0.154921 0
-54.5196 22.9505 4.14102 0.961235 0.985108 1.68409 142803 0 -2.20769 0.154632 1
9.81983 -12.9788 0.646627 0.893352 1.04337 1.63462 90588 0 1.8038 0.15439 1
45.5228 -10.6478 -1.48322 0.902947 0.921561 1.80175 93976 0 2.13696 0.153517 1
-4.6627 40.4883 1.50977 1.93537 4.40582 1.54842 168699 0 1.16537 0.153353 0
30.1603 12.9912 -0.297264 2.11088 4.65206 1.63823 128560 0 1.81417 0.15144 0
29.604 62.5438 -0.00473276 2.02998 4.6015 1.64362 201098 0 -1.19569 0.151104 0
26.0487 64.1259 -0.0558749 1.98858 4.50028 1.64824 203427 0 1.92424 0.148985 0
30.5466 37.2658 0.576404 2.1233 4.71664 1.73786 164129 0 -1.36677 0.148643 0
30.2232 37.5864 0.670765 2.1672 4.87258 1.79244 164596 0 -1.32624 0.148586 0
16.8144 31.1721 0.944036 1.9728 3.65677 1.95378 155194 0 2.091 0.148488 0
71.1936 -18.1023 -2.61638 3.17379 9.40975 3.54197 83292 0 -1.2926 0.148475 0
-30.2655 31.4601 2.77854 2.06062 4.53596 1.61739 155515 0 -1.01683 0.148165 0
-3.57172 66.1833 1.6983 1.98854 4.45244 1.64718 206142 0 -2.74461 0.147709 0
-50.0593 25.463 3.6733 2.00185 4.25678 1.60434 146561 0 -2.98455 0.147496 0
12.2054 30.5608 0.43937 1.86625 4.00255 1.56413 154244 0 -1.02565 0.146869 0
18.2941 30.7971 0.839832 0.889455 0.921212 2.07739 154731 0 0.887437 0.145267 1
-15.1076 23.9207 1.68147 1.78163 3.95278 1.52472 144330 0 -1.04508 0.144961 0
30.5488 37.926 0.623017 2.16482 4.94947 1.75444 165065 0 -1.3471 0.144588 0
50.3704 9.07889 -1.99987 1.09375 1.83449 1.60312 123007 0 1.82203 0.144557 0
42.9446 -7.7238 -1.30336 0.865043 0.881097 1.73149 98180 0 2.03899 0.144236 1
24.7892 59.009 -0.230351 2.07137 4.691 1.66233 195935 0 2.94327 0.144182 0
29.3708 -7.59673 -0.300596 0.905011 1.22101 1.63635 98605 0 1.84014 0.144154 1
-5.28088 40.1694 1.52835 1.98868 4.52533 1.56946 168229 0 1.71724 0.144144 0
-8.44707 36.0788 1.3796 2.02744 4.58842 1.50358 162135 0 -1.08156 0.143311 0
24.7451 58.12 -0.311611 1.86446 4.1074 1.54982 194531 0 1.58209 0.143232 0
41.1151 11.8027 -1.03312 2.0083 4.68243 1.61188 126722 0 -1.20589 0.143148 0
47.2841 6.32023 -1.85994 1.8414 4.03371 1.5611 118785 0 1.94181 0.142487 0
2.4988 8.56969 0.907533 0.872213 1.15956 1.68091 121921 0 -1.43112 0.142429 1
-27.9762 29.6171 2.65685 2.06348 4.65696 1.61425 152714 0 -1.01011 0.142128 0
-57.0809 9.15624 4.19259 2.01512 4.49557 1.69656 122671 0 -2.88059 0.140834 0
-4.67451 40.1631 1.50709 1.20507 1.87499 1.56378 168231 0 -0.258601 0.140709 1
50.3432 8.81292 -1.95741 0.825274 1.05551 1.63166 122539 0 1.78841 0.140685 0
-11.6748 66.0968 1.96478 1.98758 4.50589 1.576 206117 0 -1.12016 0.140633 0
46.2087 11.2973 -0.42932 0.867416 0.886661 1.79578 126270 0 1.84451 0.140294 1
-14.354 24.0587 1.5696 2.03045 4.7894 1.60826 144801 0 -1.04138 0.140267 0
-40.1879 17.218 2.23551 0.819648 0.979171 1.80949 134424 0 2.20464 0.13973 2
-7.15597 65.1662 1.37769 2.11492 4.7479 1.69641 204727 0 2.00756 0.139567 0
-3.08667 48.8395 1.36479 1.94745 4.24415 1.55561 180872 0 3.12405 0.139542 0
1.99419 6.04259 0.586416 0.6932 0.881609 1.21693 118176 0 -1.09833 0.13774 1
14.5067 35.8695 0.638465 2.35962 5.55633 1.90959 162207 0 -0.976002 0.137009 0
-35.807 24.7739 2.95424 1.99214 4.12349 1.66468 145670 0 -0.982842 0.136831 0
40.2305 -7.63873 -1.00169 0.842217 0.899458 1.8491 98639 0 1.75547 0.13667 1
42.9253 -3.63457 -1.34487 0.897803 0.980269 1.74117 104264 0 -3.07132 0.136489 1
-28.9498 30.2851 2.55147 2.02305 4.52264 1.53379 153647 0 -1.03461 0.135197 0
42.4939 -3.12585 -1.30425 0.848222 0.876947 1.67603 105198 0 3.04226 0.135191 1
-54.525 23.0849 4.08418 0.958696 1.00379 1.6303 143271 0 -1.79942 0.135189 1
-11.2696 31.8988 1.69322 2.08559 4.89447 1.7615 156042 0 -1.09495 0.135143 0
1.86481 6.05194 0.612536 0.682943 0.777077 1.22478 118175 0 -1.16676 0.134924 1
1.0663 39.5759 1.12133 1.87818 3.82305 1.64195 167313 0 2.08245 0.13424 0
30.5621 17.8333 -0.244621 1.93588 4.18713 1.56921 135581 0 1.81989 0.133802 0
28.3875 31.2942 0.0880991 1.92414 4.30187 1.54187 155230 0 -1.28798 0.133505 0
-40.1857 17.3234 2.25572 0.840329 1.17538 1.77918 134892 0 2.2634 0.133405 2
57.1274 46.7805 -0.610804 0.790774 1.78102 1.81062 178252 0 -1.14517 0.133017 2
-4.67631 40.7536 1.53838 1.95355 4.4386 1.57276 169167 0 1.80734 0.132882 0
-3.41599 48.49 1.31923 1.97806 4.44542 1.56156 180403 0 0.514426 0.132778 0
-9.12537 37.2164 1.50035 2.2295 5.02815 1.62041 164005 0 -1.12984 0.132707 0
-4.63665 67.2562 1.60323 2.36861 5.44304 1.83768 208011 0 2.08188 0.132563 0
17.7866 30.8486 0.876927 1.3661 1.93263 2.15113 154729 0 1.87862 0.13244 0
-4.9333 40.1563 1.5311 1.49252 2.61356 1.56856 168230 0 1.40057 0.132173 0
69.9249 -17.7594 -1.68049 2.56598 5.98623 2.6693 83756 0 -1.3001 0.13201 0
-10.4117 31.3322 1.63389 1.94783 4.57591 1.70124 155109 0 -1.04158 0.131975 0
-43.9555 35.416 3.42636 2.45063 5.88698 2.08424 161088 0 -1.6123 0.130825 0
29.5975 37.5609 0.709198 2.15271 4.86561 1.8077 164594 0 -1.29409 0.130336 0
30.2035 36.6716 0.396052 2.05855 4.48973 1.64358 163192 0 -1.34052 0.130031 0
-6.25021 41.111 1.63188 1.98948 4.42922 1.63321 169630 0 2.08466 0.129792 0
66.1904 15.7375 -1.81337 0.920913 1.04398 1.82262 132884 0 1.49658 0.129286 1
25.1133 59.0367 -0.261852 2.02367 4.54098 1.63297 195936 0 -2.99489 0.129114 0
-50.9886 36.6223 3.9673 2.43813 5.68414 2.16674 162938 0 -1.43733 0.129016 0
-43.618 35.1069 3.4984 2.30251 5.08711 1.913 160621 0 -1.72522 0.128867 0
67.9407 -18.0674 -1.62632 2.0151 4.30871 2.04899 83282 0 0.15962 0.128791 0
30.2429 34.0813 0.215054 2.19672 4.86212 1.77869 159448 0 -1.3602 0.128738 0
-0.839119 48.8127 1.29737 1.07364 1.2233 1.79444 180879 0 -0.772969 0.128456 1
41.351 -8.232 -1.16036 0.863744 0.917113 1.78731 97707 0 2.62403 0.128311 1
24.4947 58.9821 -0.187714 2.14667 4.90139 1.69675 195934 0 2.4126 0.128301 0
29.6061 12.7614 -0.288197 2.05286 4.54282 1.60704 128090 0 1.84677 0.12823 0
27.1196 28.7406 -0.0472434 1.873 4.14082 1.42577 151482 0 -1.33122 0.128079 0
52.0063 8.77856 -1.92239 1.95529 4.27225 1.62798 122544 0 1.74774 0.128002 0
37.6953 -6.15063 -0.996923 0.825122 0.848469 1.68721 100503 0 2.42136 0.127873 1
-42.7878 36.2728 3.52676 1.98017 4.08727 1.61153 162496 0 -0.792499 0.127634 0
4.21473 19.4036 0.887797 1.95879 4.06846 1.69216 137839 0 1.96068 0.127593 0
-38.5059 12.765 3.05566 2.19684 4.79225 1.82019 127877 0 1.99818 0.127105 0
60.034 -14.0296 -1.35814 0.852057 0.890341 1.78696 89341 0 1.89678 0.126965 1
11.9076 31.0854 0.543416 2.13976 4.79988 1.60128 155179 0 -0.994523 0.126777 0
-50.6114 10.368 3.98202 0.974693 1.54944 1.6024 124563 0 -2.80722 0.126756 0
17.7884 30.614 0.850213 1.72298 2.8584 2.12889 154261 0 1.97784 0.126541 0
3.99399 45.163 0.950808 2.2192 5.07508 1.67174 175746 0 2.15644 0.125941 0
-50.3964 25.4362 3.69373 2.04525 4.31837 1.62954 146560 0 2.96881 0.125785 0
46.1832 -10.3532 -1.58494 0.820859 0.89263 1.70954 94446 0 -1.78231 0.125585 1
51.0449 9.12743 -2.0039 1.99394 4.40398 1.60467 123009 0 1.94763 0.125514 0
-50.116 36.0747 4.07496 2.02745 4.48786 1.68406 162005 0 -1.56686 0.124717 0
26.0275 63.5729 -0.0946568 1.79169 4.10562 1.54482 202491 0 1.72206 0.124364 0
18.2984 30.6648 0.845603 0.915769 0.965615 2.07971 154263 0 1.26486 0.124252 1
49.7755 6.88018 -1.94194 2.00825 4.47468 1.68025 119729 0 0.434777 0.123294 0
-1.50705 9.81647 0.813952 1.90791 4.2511 1.46056 123781 0 -1.14071 0.123039 0
50.1284 9.06853 -1.99934 1.29517 2.41062 1.55171 123006 0 1.84952 0.122819 0
51.361 8.79666 -1.97551 1.99359 4.3912 1.59677 122542 0 1.81146 0.122802 0
27.6856 64.8112 -0.0479414 2.00413 4.50666 1.6616 204368 0 -3.04151 0.122761 0
0.423958 40.3425 1.09976 2.23473 5.29715 1.73546 168715 0 2.1474 0.122738 0
25.708 63.2577 -0.086181 1.90911 4.36237 1.57364 202022 0 1.62321 0.12261 0
51.692 8.48748 -1.93131 1.93479 4.23148 1.58386 122075 0 1.75254 0.121885 0
32.1637 43.1185 0.0230226 2.06615 4.5648 1.75695 172558 0 -1.22406 0.121439 0
-40.3754 17.3669 2.28974 0.851175 1.87727 1.79188 134891 0 2.16571 0.121097 2
72.5165 -19.3172 -2.872 3.23298 11.0224 3.85697 81424 0 -1.18901 0.120991 0
43.6028 -8.23081 -1.43616 0.887116 0.935769 1.7996 97714 0 2.06224 0.120783 1
-14.6568 58.2724 2.2712 2.37454 5.33383 1.77278 194876 0 -1.13596 0.120459 0
-9.78223 34.6294 1.58357 2.16405 4.68008 1.6232 160259 0 -1.11212 0.120431 0
0.0321045 36.6425 0.949362 1.71541 3.50168 1.41443 163098 0 2.16544 0.120124 0
-16.741 18.067 1.85565 0.824543 0.825373 1.67458 135901 0 -1.34463 0.120003 1
-5.27343 39.8604 1.52564 1.98181 4.38413 1.54946 167761 0 0.544378 0.119801 0
-5.54663 64.2471 1.48679 2.01927 4.6992 1.53111 203328 0 2.06415 0.119632 0
-11.0561 65.7591 1.95158 2.08269 4.69141 1.63528 205651 0 -1.02441 0.11946 0
-10.7652 18.9114 1.35143 0.886489 1.04762 1.54198 137324 0 2.86237 0.119363 1
72.4695 -18.1243 -2.47993 3.27091 10.8498 3.87851 83296 0 -1.27764 0.119236 0
26.364 59.0327 -0.30048 2.06078 4.65115 1.676 195940 0 -2.75344 0.119204 0
4.67562 44.1001 0.836781 1.78533 3.98195 1.42035 173876 0 2.17317 0.119178 0
24.4504 57.8323 -0.298714 1.84717 4.1101 1.54223 194062 0 1.63113 0.119138 0
6.25912 46.6623 0.992701 1.83135 4.0908 1.53403 177625 0 2.11165 0.119116 0
28.6397 64.4986 -0.0541687 1.9904 4.48502 1.64224 203903 0 -2.80752 0.11897 0
-2.78409 49.7129 1.46005 2.15288 4.91411 1.75666 182277 0 -2.75969 0.118887 0
-30.8495 30.94 2.79276 2.08128 4.63119 1.66 154577 0 -1.10367 0.11872 0
30.6207 43.764 0.119037 1.92508 4.32284 1.63203 173489 0 1.2804 0.118704 0
-42.7867 35.4334 3.39881 1.81791 3.41188 1.53879 161092 0 -1.55743 0.118673 0
-3.93378 48.4617 1.40338 1.96251 4.44753 1.55446 180401 0 0.036065 0.118553 0
-53.3807 23.7222 4.1571 0.891745 0.980732 1.58522 144211 0 2.45446 0.118171 1
8.87874 -13.9591 1.30969 0.863833 0.843028 1.77266 89181 0 -2.98897 0.117878 1
28.312 64.7739 -0.0543026 2.05648 4.63178 1.69862 204370 0 -2.89148 0.117828 0
25.4528 59.3104 -0.211531 2.16172 4.87624 1.72552 196405 0 -3.11999 0.117539 0
-3.03831 33.1856 1.05701 0.688366 0.679979 1.60243 157940 0 -1.21562 0.117389 1
-22.2334 11.8931 1.04386 0.761931 0.980281 1.7261 126992 0 1.27441 0.117389 1
37.8215 -6.15141 -0.998704 0.831902 0.87234 1.71712 100504 0 2.53656 0.117359 1
29.3417 62.2518 -0.065172 1.91623 4.29709 1.57407 200629 0 -1.02197 0.117303 0
5.6324 20.6376 0.738135 0.85352 0.936305 1.70843 139715 0 -1.31701 0.117033 1
29.6069 34.083 0.188583 2.17049 4.80626 1.79427 159446 0 -1.29933 0.116843 0
-50.2178 10.3452 4.03192 0.925024 1.13714 1.65887 124565 0 -2.84454 0.116149 1
23.578 58.0979 -0.113692 2.17905 4.98325 1.70338 194527 0 1.70285 0.116136 0
-52.2559 10.7906 4.01917 2.09243 4.71562 1.7788 125026 0 -1.25455 0.116051 0
-8.22067 36.8868 1.45845 2.20486 4.93364 1.59806 163540 0 -1.11736 0.115808 0
31.4883 38.841 0.406796 2.08371 4.70328 1.62151 166472 0 -1.44102 0.115767 0
51.6732 9.10532 -1.908 1.96989 4.30429 1.57944 123011 0 1.72593 0.115458 0
43.0099 -9.04855 -1.38979 0.870736 0.910157 1.77383 96308 0 1.90999 0.115409 1
-5.58156 39.8725 1.5561 2.04154 4.54299 1.58221 167760 0 1.22159 0.115338 0
68.3274 15.2165 -1.5593 2.06794 4.59344 1.73511 131955 0 -1.56372 0.115207 0
-3.60406 34.4199 1.18778 0.758943 0.790688 1.58543 159810 0 -1.31824 0.114996 1
51.0591 8.49582 -2.04735 1.97103 4.31249 1.5898 122073 0 1.5591 0.114805 0
17.4491 30.2986 0.804247 2.27958 4.75304 2.03238 153792 0 2.09832 0.114642 0
39.2212 4.62711 -1.20154 2.02366 4.45888 1.54633 116420 0 1.69998 0.114256 0
-50.6652 10.6485 3.8957 0.951927 1.53405 1.55974 125031 0 -2.62108 0.114194 0
41.223 3.5966 0.937668 0.788318 0.805282 1.76387 115022 0 0.10768 0.114191 1
-3.38509 47.5692 1.26696 0.880573 0.981651 1.62341 178999 0 0.205624 0.114023 1
-3.29848 33.7394 1.18056 0.7279 0.723726 1.63722 158875 0 -1.53694 0.113641 1
-28.3549 30.2079 2.56288 2.0631 4.58959 1.57747 153649 0 -1.05868 0.113462 0
-10.8975 20.0677 1.39321 2.16562 5.3051 1.5595 138727 0 2.06805 0.113397 0
50.4054 9.42135 -1.96922 1.92448 4.31613 1.59427 123475 0 1.8326 0.112301 0
41.7579 14.2594 -1.09861 1.98999 4.37262 1.71965 130468 0 -1.29521 0.112248 0
-56.7526 22.577 4.10745 0.821475 0.862431 1.69579 142328 0 -1.23056 0.112218 1
-29.8956 27.5598 2.60658 2.39185 5.7801 1.73773 149900 0 -0.987453 0.112173 0
-6.22365 40.511 1.57656 1.99149 4.44899 1.60477 168694 0 1.93653 0.111797 0
26.7756 29.1999 0.0446081 1.84079 4.1488 1.41211 152417 0 -1.31612 0.111632 0
-36.8672 24.8849 2.98276 2.15978 5.06454 1.7848 145666 0 -1.11387 0.111596 0
48.4009 6.57178 -1.99104 2.20965 5.05789 1.86774 119257 0 1.70537 0.110984 0
-15.5059 58.6689 2.26001 2.46748 6.12457 2.04101 195341 0 2.15865 0.110913 0
-48.7463 29.3062 3.67852 2.41546 5.6719 2.17906 152181 0 -1.2665 0.110897 0
48.1348 7.78796 -1.80436 2.30128 5.41313 1.89818 121128 0 1.53372 0.11076 0
30.8963 35.9961 0.280613 2.12617 4.66481 1.64798 162258 0 -1.3262 0.110651 0
31.1313 16.0726 -0.190369 2.53785 5.85591 2.0511 133243 0 1.79254 0.11065 0
-48.4014 13.302 3.54547 0.814896 0.899977 1.71907 128782 0 -0.512207 0.110538 1
-10.0805 64.8126 1.95958 2.12299 4.80636 1.65869 204250 0 -1.04218 0.11052 0
9.03072 -13.9502 1.30665 0.896588 0.884753 1.79943 89182 0 -2.96965 0.110395 1
50.6958 8.80977 -2.0484 1.75036 3.45987 1.60985 122540 0 1.86307 0.11031 0
-47.8377 30.1762 3.82561 2.10597 4.70659 1.80182 153588 0 -1.08915 0.110088 0
-4.37621 40.484 1.50029 1.92093 4.39335 1.54329 168700 0 -0.576141 0.110051 0
-3.28566 33.4689 1.14039 0.737442 0.720603 1.65135 158407 0 -1.47067 0.110013 1
66.6186 15.5457 -1.7838 0.904473 0.986192 1.8171 132418 0 -1.4911 0.110002 1
-31.0855 24.5869 2.6311 2.13869 5.03565 1.64652 145216 0 2.07246 0.109832 0
-64.7785 35.0977 3.90609 0.921359 1.26134 1.84257 160555 0 -0.625641 0.109763 1
51.3459 9.42378 -1.90217 1.98737 4.31053 1.58629 123478 0 1.90791 0.109611 0
-1.70588 46.9574 1.4093 0.928019 0.995333 1.75625 178068 0 -2.95791 0.109569 1
29.889 -7.78328 -0.340826 0.887733 1.14877 1.7531 98139 0 0.533885 0.109483 1
-11.4058 66.3552 2.01182 1.99902 4.48472 1.60039 206586 0 -1.11814 0.109112 0
68.5999 15.5253 -1.61243 2.17584 4.92391 1.81294 132424 0 -1.58447 0.108501 0
-2.44025 49.1344 1.35027 2.04129 4.50485 1.71654 181342 0 -2.46653 0.108311 0
42.7614 -9.04747 -1.32759 0.878217 0.908737 1.75454 96307 0 1.89037 0.108159 1
52.2915 8.48772 -1.80851 2.01413 4.48193 1.707 122077 0 1.76761 0.108159 0
51.3741 10.3982 -1.75194 2.06442 4.52308 1.68258 124882 0 0.518824 0.1079 0
-22.2486 39.086 2.47875 2.51063 6.00479 1.91231 166772 0 -0.977749 0.107725 0
-3.40499 34.4264 1.15711 0.852839 1.07097 1.60343 159811 0 -1.2438 0.10772 1
39.9258 -8.10717 -1.03491 0.817405 0.885148 1.77794 97702 0 1.93209 0.107383 1
12.0892 33.4346 0.561428 2.015 4.59334 1.55351 158455 0 -1.02525 0.107362 0
66.3805 15.3148 -1.81561 0.896478 0.978431 1.78207 131949 0 -0.569777 0.107344 1
71.2277 -18.6526 -3.02469 3.12837 9.13558 3.58584 82356 0 -1.24385 0.10734 0
-10.757 18.5464 1.31533 0.903906 0.899955 1.52964 136388 0 -0.717131 0.107153 1
0.853355 16.1552 0.866187 0.805224 0.804884 1.40926 133148 0 0.45404 0.107151 1
48.415 7.19662 -1.92121 2.29265 5.31943 1.89449 120193 0 1.44222 0.106765 0
-49.1421 8.19628 3.83024 0.897191 1.14702 1.70985 121292 0 2.03171 0.106326 1
-56.0876 22.7511 3.97713 0.878867 0.94885 1.55382 142798 0 -0.920793 0.106316 1
25.088 58.743 -0.277198 1.92523 4.22938 1.57436 195468 0 -2.53752 0.10629 0
30.8838 36.6533 0.320063 2.15777 4.7078 1.68611 163194 0 -1.35416 0.106196 0
-4.645 63.9098 1.58959 2.10731 4.69314 1.58852 202863 0 1.50544 0.106095 0
-9.37948 20.97 1.32042 0.828405 0.879017 1.60574 140136 0 -0.380298 0.10603 1
-7.82239 35.7738 1.36834 1.96658 4.5434 1.51794 161669 0 -1.03106 0.1059 0
29.8782 62.8334 0.0712167 2.19457 5.06123 1.79381 201567 0 -1.29853 0.105808 0
37.6959 -6.03264 -1.00294 0.809877 0.829644 1.66892 100971 0 2.21924 0.10575 1
-53.5146 23.7084 4.16284 0.999826 1.06116 1.632 144210 0 2.11513 0.105377 1
-2.37076 10.5755 0.864346 2.17646 5.13194 1.53175 125182 0 -1.08613 0.105334 0
-54.5304 4.06418 4.3519 2.28175 5.41201 1.97096 115191 0 0.439029 0.105228 0
30.2279 -8.13496 -0.348081 0.839194 0.928575 1.71631 97672 0 0.281544 0.104898 1
27.752 28.4497 -0.0621077 1.88342 3.97623 1.46005 151016 0 -1.28736 0.104762 0
17.7572 31.1317 0.891013 1.8749 3.72171 2.28055 155197 0 2.15338 0.104508 0
-4.94724 39.8855 1.52186 1.36941 2.11935 1.56461 167762 0 0.196525 0.104496 0
-3.97136 47.5657 1.2123 1.94712 4.33331 1.55228 178997 0 0.248677 0.104402 0
-14.5679 23.623 1.60747 1.46738 3.40819 1.52714 143864 0 -1.00598 0.104388 0
50.0705 6.60292 -1.95306 2.08493 4.63502 1.7161 119262 0 0.359658 0.104217 0
-10.4098 65.4197 2.02242 2.07354 4.71745 1.67459 205185 0 -1.09241 0.104205 0
-13.4181 -3.6703 1.38046 1.98961 4.34883 1.56865 104088 0 0.132097 0.103978 0
41.3369 12.557 -0.975028 2.24872 5.21928 1.77623 128127 0 -1.35645 0.103741 0
30.5546 36.3098 0.322141 2.07246 4.58617 1.63058 162725 0 -1.33435 0.103537 0
