10.4803 14.5756 0.830124 2.2088 4.87942 1.80009 130838 0 1.86471 0.943665 0
-1.11866 12.4128 0.811518 2.15035 4.931 1.47736 127526 0 -1.05553 0.935209 0
-11.7928 -3.67296 1.261 2.25123 5.03975 1.91806 104093 0 0.278485 0.934184 0
0.749344 14.5654 0.781603 2.01424 4.52006 1.49655 130808 0 -1.08302 0.928842 0
9.12082 11.2597 0.827853 2.04218 4.57097 1.55085 126154 0 1.84744 0.928072 0
-19.7179 -1.45113 1.65152 2.10456 4.78949 1.56514 107344 0 0.235793 0.92213 0
-8.49189 25.1916 1.48335 2.0322 4.60776 1.75823 146223 0 2.07967 0.911114 0
1.7209 17.3676 0.800741 2.09692 4.67703 1.53958 135023 0 -1.0195 0.909412 0
-20.2761 14.9559 2.11216 2.16594 4.74975 1.80097 131210 0 -1.08065 0.902934 0
-5.28578 29.6373 1.41306 2.08045 4.79003 1.74115 152785 0 2.06717 0.900801 0
-9.15837 22.6178 1.41921 1.98783 4.44014 1.51433 142477 0 2.08115 0.896913 0
-18.6579 17.2197 1.79226 1.97604 4.55676 1.56531 134491 0 -1.12376 0.892672 0
-12.3508 17.9711 1.46749 2.00177 4.61963 1.48736 135915 0 -1.05309 0.89055 0
11.4056 16.8469 0.786806 2.14566 4.92106 1.86102 134117 0 1.91734 0.888643 0
39.6094 8.58663 -0.837225 2.11294 4.89872 1.91081 122037 0 -1.29161 0.882274 0
22.34 11.3957 0.0699453 1.94376 4.48323 1.55325 126195 0 -1.24801 0.881857 0
9.73776 28.5743 0.956399 2.17682 5.03698 1.96215 151428 0 -1.02092 0.881117 0
12.6867 22.5749 0.796722 2.21042 4.91477 1.92936 142545 0 1.94948 0.879679 0
5.03897 21.6766 0.91153 2.13107 4.85125 1.82514 141117 0 -1.04067 0.874109 0
7.8721 26.1407 0.707227 1.99212 4.52275 1.57985 147678 0 -1.04065 0.865733 0
-31.1652 25.1954 2.65007 1.99357 4.39188 1.59283 146152 0 2.13465 0.861108 0
-11.0659 20.2547 1.37559 2.05886 4.78364 1.53738 139195 0 2.09696 0.860595 0
-23.9434 9.64411 2.0192 2.01094 4.40229 1.54565 123711 0 1.88211 0.857049 0
24.1401 17.3634 0.0596257 1.9993 4.56771 1.51943 135093 0 -1.27277 0.855858 0
-29.8669 27.6795 2.59896 2.21845 4.7598 1.64788 149900 0 -1.02561 0.852044 0
-17.3765 -2.48589 1.53549 1.96004 4.35247 1.51217 105947 0 0.27852 0.851674 0
24.7843 20.0634 -0.00509444 2.03932 4.74102 1.53571 138839 0 -1.31911 0.839404 0
-6.65967 27.2947 1.29181 1.91243 4.37353 1.4769 149505 0 2.08471 0.838558 0
3.29374 19.6222 0.934648 2.15245 4.86277 1.78439 138304 0 2.12415 0.8369 0
-2.71423 34.6483 1.16054 2.11047 5.03414 1.56525 160281 0 -0.991049 0.833871 0
27.0931 10.0011 -0.0014635 2.00048 4.62991 1.68649 124338 0 1.87734 0.832954 0
-0.58609 36.9058 1.08406 1.99579 4.4634 1.48925 163564 0 2.19403 0.832426 0
-14.8781 -3.39917 1.41274 1.95461 4.28734 1.57189 104551 0 0.224395 0.82443 0
25.7769 22.811 0.0336242 1.98989 4.5827 1.45636 143054 0 1.81507 0.821541 0
-41.8204 11.2842 3.27072 2.15416 4.57867 1.85385 125995 0 -1.21823 0.812033 0
0.384949 40.0781 1.20994 2.11105 4.82342 1.63937 168247 0 2.20517 0.810593 0
6.83974 23.7814 0.673825 2.01276 4.73 1.53427 144399 0 -1.0254 0.806472 0
-39.9166 14.1646 3.09259 2.1308 4.66889 1.83464 130213 0 2.01547 0.800143 0
26.8011 25.5457 0.19436 2.0428 4.58995 1.74286 146801 0 -1.30795 0.798352 0
-13.8809 27.3223 1.68891 2.02757 4.64581 1.52701 149482 0 -1.07447 0.79708 0
-4.06882 32.4191 1.02859 1.94341 4.40942 1.40296 157001 0 -1.04109 0.796981 0
-13.7018 14.6423 1.55623 1.85044 3.99245 1.62655 130763 0 2.09522 0.791754 0
-39.2516 20.3957 2.9548 1.9979 4.17271 1.66705 139107 0 2.15571 0.789712 0
14.593 35.1313 0.672409 2.03371 4.5907 1.73662 160803 0 -0.921782 0.784989 0
29.5873 15.6073 -0.0352961 2.20056 4.87649 1.7999 132302 0 1.86024 0.78391 0
12.2824 19.6403 0.514911 2.13419 4.91694 1.59605 138332 0 1.91798 0.782708 0
-17.5131 19.5888 2.09025 2.17571 5.27458 1.87719 138239 0 -1.10599 0.778348 0
23.5508 14.4624 0.0657386 1.97347 4.41241 1.49447 130879 0 -1.25995 0.767347 0
28.0467 28.0163 0.0185249 1.97085 4.40645 1.56299 150549 0 -1.23656 0.76588 0
40.1718 11.4347 -0.97459 1.89677 4.2781 1.57765 126251 0 -1.26022 0.765386 0
-10.9813 31.8842 1.7177 2.00812 4.6 1.68181 156043 0 -1.05021 0.75501 0
-12.0161 29.3467 1.63047 1.9164 4.40945 1.52842 152296 0 -1.03499 0.753235 0
-11.482 19.0735 1.48378 0.825666 0.81437 1.69735 137322 0 2.47268 0.752955 1
-34.3659 20.9489 2.83273 2.44517 5.85735 2.10042 140058 0 -1.05739 0.734973 0
-16.443 22.183 1.77797 1.97723 4.5212 1.61156 141986 0 -1.12781 0.733068 0
-15.2259 24.4033 1.73914 1.94006 4.52726 1.63998 145266 0 -1.07209 0.701876 0
-3.05122 33.5431 1.2223 0.747626 0.725296 1.63457 158408 0 -0.689682 0.6807 1
-3.05844 33.6393 1.22384 0.711534 0.731763 1.5898 158876 0 -0.782919 0.678385 1
-22.2764 39.1733 2.39563 2.34343 5.66249 1.89845 166772 0 -1.01805 0.677325 0
39.2597 -9.42344 -1.13097 0.86935 0.942018 1.8952 95828 0 -1.54799 0.673264 1
28.6629 12.6409 -0.319824 2.10367 4.69563 1.56257 128087 0 1.87707 0.673067 0
46.8916 5.63149 -1.74366 2.00128 4.4983 1.65451 117848 0 1.8039 0.651508 0
41.5515 -4.39494 -1.27931 0.900079 0.96326 1.71626 103323 0 -0.369643 0.648492 1
42.4899 -9.39158 -1.48691 0.867075 0.897967 1.7764 95838 0 1.84345 0.645279 1
32.1488 42.9938 0.141257 2.02815 4.44622 1.62946 172558 0 -1.30082 0.623946 0
28.361 30.9394 0.110283 1.98407 4.57432 1.58887 154762 0 -1.23784 0.623907 0
-48.1447 30.5561 3.75057 2.07546 4.55536 1.8055 154055 0 -0.927726 0.618958 0
44.0969 -11.143 -1.35779 0.892092 0.958976 1.83946 93503 0 -1.34424 0.610556 1
12.6204 33.0685 0.521778 2.04098 4.62395 1.54097 157989 0 -0.949029 0.60902 0
5.58329 47.1885 1.20103 1.95914 4.35404 1.62666 178559 0 2.11183 0.601725 0
-43.6394 36.9648 3.86155 2.20701 4.92995 1.88162 163429 0 -1.03698 0.587815 0
-33.8529 20.6887 2.6835 2.1722 4.48747 1.87918 139592 0 -1.02823 0.582971 0
11.3525 30.595 0.517363 2.07205 4.5927 1.58313 154241 0 -1.00958 0.582733 0
-1.40642 47.9148 1.47396 2.37518 5.54798 1.95435 179473 0 -1.23159 0.569502 0
34.0914 29.5282 -0.140481 2.19703 5.07377 1.68487 152908 0 1.86447 0.551158 0
4.0451 44.6793 0.941706 1.97542 4.56961 1.49477 174810 0 2.14363 0.544574 0
39.1542 -8.55788 -1.03198 0.894815 0.987834 1.93072 97232 0 -1.48065 0.542291 1
58.3974 0.464203 -2.21622 1.98705 4.37965 1.61874 110396 0 -1.28903 0.537008 0
65.7258 14.2858 -1.61367 0.804235 0.864358 1.72245 130543 0 1.53683 0.528932 1
-23.8621 34.0467 2.40831 2.07842 4.61046 1.64892 159279 0 -1.04095 0.515276 0
39.8901 -9.17347 -1.2383 0.803221 0.852879 1.78864 96298 0 1.93774 0.508921 1
39.1452 -8.69747 -1.02908 0.828063 0.909108 1.88451 96764 0 -1.44171 0.496433 1
-51.0079 14.5444 3.84114 2.15975 4.7474 1.82382 130646 0 -1.06343 0.496394 0
2.68945 41.7429 0.912319 1.89916 4.38319 1.44058 170594 0 2.11279 0.487728 0
30.5223 18.332 -0.0130675 2.20125 5.12205 1.76904 136517 0 1.86543 0.483345 0
33.1253 48.1354 0.0119111 1.96851 4.36219 1.57368 180049 0 -1.29358 0.470697 0
-9.44961 34.13 1.52459 1.98853 4.7844 1.56207 159324 0 -1.00132 0.449122 0
-14.6064 58.1445 2.20905 2.03153 4.75201 1.55223 194408 0 -0.966217 0.435385 0
39.4216 -9.39236 -1.1204 0.880263 0.937613 1.91091 95829 0 -1.90861 0.435383 1
40.0488 -9.16489 -1.25837 0.838673 0.872756 1.79741 96299 0 2.11408 0.433181 1
-43.3992 37.1997 3.8878 2.2163 4.82045 1.83407 163898 0 -0.804797 0.430128 0
31.2093 21.2608 -0.0453382 2.07627 4.56222 1.61698 140731 0 -1.45621 0.429906 0
30.8915 21.3103 -0.0254351 2.054 4.59402 1.59421 140730 0 -1.82463 0.423681 0
50.0742 -13.9249 -1.8807 0.851834 0.958146 1.76878 89310 0 1.8993 0.414344 1
57.1204 45.3045 -0.532924 0.800455 1.59719 1.74749 175912 0 0.310311 0.414107 2
-3.26681 33.488 1.20744 0.740676 0.721779 1.60776 158407 0 -0.786798 0.411822 1
-3.25577 33.6926 1.23961 0.712208 0.719398 1.57412 158875 0 -0.829147 0.410367 1
32.8794 36.3321 0.96352 0.839705 1.88168 1.84981 162732 0 0.309204 0.401854 2
28.4096 -8.20979 -0.349116 0.963008 0.983255 1.55062 97666 0 1.19545 0.39642 1
58.3847 0.735985 -2.20851 1.98012 4.32921 1.64493 110864 0 0.591768 0.394701 0
41.6491 -4.50597 -1.30384 0.927849 1.0122 1.73595 102856 0 -0.375817 0.389495 1
33.7198 48.1296 -0.0164373 2.10365 4.73151 1.65238 180051 0 -1.32328 0.383089 0
41.7962 -8.41257 -1.53789 0.845855 0.88855 1.74151 97240 0 1.81943 0.381458 1
44.2025 -11.241 -1.41796 0.924006 0.958886 1.86444 93036 0 -1.33181 0.377085 1
31.1861 39.8504 0.0585764 1.99147 4.54782 1.55357 167875 0 -1.26163 0.375654 0
-5.59473 64.8164 1.60295 2.04314 4.65127 1.53952 204264 0 2.07024 0.372777 0
4.64278 44.3503 0.950884 1.98392 4.57002 1.4373 174344 0 -3.08253 0.372179 0
26.0601 63.2067 0.0636474 1.98298 4.48875 1.59062 202023 0 1.69733 0.371791 0
42.4844 -9.23898 -1.49234 0.896245 0.921446 1.80951 96306 0 1.8364 0.366283 1
-8.79551 36.6305 1.47768 2.05263 4.71717 1.53275 163070 0 1.98148 0.36614 0
-50.3911 37.9182 4.08803 2.01353 4.44878 1.64054 164812 0 -0.989227 0.364307 0
-24.4753 34.3667 2.47442 2.3506 5.63799 1.85954 159745 0 -1.04557 0.362398 0
1.12209 6.16904 0.549988 0.628371 0.715779 1.24765 118641 0 -1.17833 0.357164 1
30.5677 21.3622 -0.0451225 2.08889 4.72416 1.59707 140729 0 1.78704 0.356092 0
-4.94592 40.4551 1.54306 1.94195 4.47646 1.52896 168698 0 0.666848 0.355634 0
-48.409 30.3093 3.76858 2.20954 4.9115 1.897 153586 0 -1.07058 0.348307 0
24.1762 57.7369 0.0676506 2.11174 4.79875 1.63322 194061 0 1.84674 0.343614 0
-51.6675 25.7516 3.60985 1.86277 4.1182 1.54511 147024 0 1.93827 0.339482 0
-3.06809 66.3579 1.76558 2.02647 4.47734 1.69997 206612 0 -1.03474 0.33579 0
-2.67803 10.1187 0.90102 2.00282 4.57574 1.54932 124245 0 -1.05019 0.332434 0
29.9193 18.6225 0.00521822 2.04796 4.60915 1.69043 136983 0 1.87685 0.332378 0
58.1265 0.742477 -2.181 1.82892 3.91071 1.5622 110863 0 -0.755904 0.331973 0
-50.4863 14.4954 3.68595 1.82634 3.91366 1.56683 130648 0 -1.00749 0.331735 0
-36.9652 26.0435 3.10506 2.16093 4.69888 1.75632 147538 0 -0.887298 0.327336 0
-3.97223 66.7762 1.84584 1.87963 4.19929 1.53048 207077 0 2.05284 0.327028 0
28.5297 -8.23089 -0.337964 0.971987 1.02033 1.6243 97667 0 0.545643 0.325406 1
-4.65391 40.2254 1.55093 1.92305 4.4015 1.5347 168231 0 -0.854762 0.321194 0
-51.2757 11.3701 4.03908 0.897535 0.965461 1.64042 125965 0 -2.48839 0.320862 1
-11.4569 19.2537 1.48288 0.883989 1.01591 1.65031 137790 0 2.30947 0.318657 1
25.7652 62.9212 0.0221717 2.04597 4.62274 1.64483 201554 0 1.5923 0.317584 0
38.5535 65.7123 0.165482 1.9472 4.29675 1.5672 205806 0 -1.08599 0.312396 0
58.6552 0.737251 -2.26304 2.13417 4.79594 1.75087 110865 0 1.35251 0.310751 0
39.2375 -9.21729 -1.12587 0.866265 0.922634 1.86603 96296 0 -1.54642 0.310638 1
1.87502 8.71742 0.92258 0.839545 1.17141 1.70593 122387 0 -0.990607 0.307812 2
32.1736 48.429 0.0331748 1.9612 4.33768 1.55667 180514 0 1.63932 0.306098 0
57.0745 45.0366 -0.518504 0.80465 1.67957 1.76932 175444 0 0.117954 0.304394 2
39.8861 -9.31562 -1.21954 0.80409 0.864505 1.8073 95830 0 2.06211 0.303963 1
-3.62621 47.6081 1.4287 0.90261 0.808402 1.77473 178998 0 -2.79353 0.302078 1
65.7279 14.4413 -1.61403 0.860036 0.939425 1.74149 131011 0 1.46242 0.301048 1
-8.52364 36.5878 1.44302 2.04694 4.66896 1.5518 163071 0 3.07202 0.30043 0
30.2258 38.2519 0.431043 2.08738 4.68844 1.68747 165532 0 -1.27068 0.299613 0
-3.40456 66.6398 1.82939 2.06834 4.55378 1.62375 207079 0 1.5055 0.299478 0
-9.06451 36.6762 1.5392 2.08291 4.73205 1.53938 163069 0 1.6916 0.298751 0
32.5178 48.2152 0.0480617 1.97247 4.34867 1.54405 180047 0 -1.28777 0.295845 0
65.5571 14.2818 -1.5689 0.841975 0.926121 1.76385 130542 0 1.60027 0.294368 1
-7.21089 59.6905 1.82542 1.99166 4.59246 1.60539 196771 0 2.09595 0.292195 0
-8.48126 36.3473 1.44217 2.00609 4.62087 1.54259 162603 0 -0.751486 0.286966 0
4.54925 44.531 0.974796 2.05405 4.59381 1.47342 174812 0 2.31561 0.286759 0
58.1685 0.236145 -2.1806 1.90576 4.13648 1.59192 109927 0 -1.15206 0.2856 0
29.9906 18.1695 -0.0225396 2.10807 4.69908 1.67701 136047 0 1.87117 0.283495 0
71.1871 -19.7023 -2.84557 3.44607 10.2763 3.65993 80952 0 -1.29483 0.283454 0
-8.75991 36.3767 1.48194 2.03412 4.67609 1.54096 162602 0 1.40682 0.277649 0
42.6216 -9.23409 -1.4922 0.894487 0.933471 1.80943 96307 0 1.83089 0.277618 1
60.3317 2.41072 -2.41327 1.956 4.27143 1.71141 113210 0 -0.916046 0.277115 0
-5.20914 40.5118 1.5549 2.0132 4.64941 1.55161 168697 0 1.52984 0.27673 0
40.1462 61.6085 0.077697 2.02973 4.4747 1.65798 199727 0 -1.09874 0.276233 0
2.39646 6.87493 1.26959 0.755368 0.823634 1.76366 119581 0 -1.42042 0.275469 1
30.5789 40.1392 0.10667 2.08302 4.7056 1.58094 168341 0 -1.26872 0.275117 0
12.2916 19.1673 0.594938 2.23271 5.12093 1.75349 137396 0 1.94277 0.271691 0
38.994 -8.71746 -1.03704 0.855969 0.929287 1.84199 96763 0 -1.46948 0.270448 1
11.0373 31.1045 0.599119 2.30545 5.33726 1.72344 155176 0 -0.949593 0.268538 0
35.0347 29.2812 -0.169002 2.13699 4.92686 1.74591 152443 0 1.86682 0.267508 0
-8.83697 36.8933 1.49316 2.08965 4.74628 1.53119 163538 0 2.35638 0.267003 0
40.0611 -9.34039 -1.25896 0.826636 0.873499 1.80372 95831 0 2.15953 0.265094 1
38.2792 67.371 0.261466 1.99252 4.3546 1.68424 208145 0 -2.64242 0.265074 0
30.5531 38.5222 0.306121 2.05431 4.66345 1.5911 166001 0 -1.2744 0.263769 0
39.2348 -9.63895 -1.19132 0.878125 0.932684 1.87207 95360 0 -1.51069 0.26359 1
6.25236 46.6479 1.07342 1.8799 4.23871 1.56676 177625 0 2.1023 0.263075 0
-54.969 24.0703 4.14037 0.942426 1.01433 1.59453 144674 0 -1.1437 0.262571 1
39.5423 61.9206 0.0353067 1.95505 4.35305 1.59866 200193 0 -1.03995 0.262458 0
39.5168 -9.18896 -1.16329 0.820058 0.867338 1.85373 96297 0 2.46086 0.262078 1
4.87113 44.2549 0.964413 2.03277 4.58545 1.44584 174345 0 1.97394 0.260369 0
26.3549 63.4954 0.0655014 1.95824 4.4043 1.58376 202492 0 1.86778 0.259797 0
59.7074 2.71926 -2.39497 1.96481 4.33184 1.70825 113676 0 -1.08464 0.25785 0
-2.82529 33.5035 1.17175 0.748374 0.729541 1.59368 158409 0 -0.953092 0.256839 1
-2.82809 33.6899 1.17805 0.841275 0.957778 1.58538 158877 0 -0.949987 0.256387 1
2.16933 41.8523 0.951412 1.89824 4.39836 1.48231 170592 0 2.0912 0.254101 0
-51.4054 26.0412 3.69713 1.93523 4.1592 1.5778 147493 0 2.01544 0.251885 0
-4.98409 64.5182 1.65073 1.98463 4.55571 1.50026 203798 0 1.80829 0.251875 0
30.9023 39.5772 0.0581352 2.02958 4.66688 1.56013 167406 0 -1.2461 0.251182 0
36.6743 58.3621 0.185434 2.05028 4.60459 1.68812 195036 0 -2.78357 0.250734 0
24.4686 58.0315 -0.0180274 2.09163 4.74991 1.60485 194530 0 2.06982 0.24989 0
33.0156 36.5519 0.971504 0.875228 1.89007 1.84291 163201 0 0.325263 0.247639 2
1.84897 8.57083 0.938391 0.842921 1.22564 1.71506 121919 0 -1.19381 0.247594 1
-8.20154 36.2985 1.43194 2.0131 4.62985 1.56893 162604 0 -1.04343 0.246886 0
29.2722 36.0046 0.369232 2.13421 4.86165 1.7201 162253 0 -1.23934 0.24503 0
12.9522 32.5827 0.493587 1.87945 4.22048 1.49781 157054 0 -0.971616 0.244821 0
-0.836227 47.6059 1.48539 2.20176 5.07867 1.87118 179007 0 -1.09132 0.244786 0
-5.26698 40.7477 1.60172 2.04127 4.77603 1.55799 169165 0 2.11403 0.244191 0
46.6273 5.39275 -1.85482 1.89368 4.18518 1.61776 117379 0 1.89428 0.243272 0
-9.99841 34.1602 1.58664 1.94199 4.39652 1.52983 159322 0 -1.03864 0.24293 0
25.7619 58.4464 -0.110178 1.94245 4.33559 1.57049 195002 0 -3.09214 0.240467 0
50.0856 8.17326 -1.96198 2.01408 4.42892 1.60276 121602 0 2.03977 0.23829 0
32.2123 48.2497 0.0608913 1.95926 4.27862 1.53926 180046 0 1.22642 0.237923 0
23.8832 57.4995 0.171035 2.15341 4.89343 1.68399 193592 0 1.75876 0.237778 0
-43.9358 36.699 3.80233 2.26109 5.14052 1.96735 162960 0 -1.2359 0.237771 0
-50.083 26.4209 3.65669 2.01936 4.48099 1.6411 147965 0 0.28513 0.237416 0
8.58385 -13.1564 0.739364 0.894085 1.50503 1.48542 90116 0 1.69372 0.232957 2
41.9659 -8.42567 -1.52517 0.873701 0.939 1.78272 97241 0 1.83187 0.232823 1
5.21883 47.7365 1.17851 2.2462 5.22692 1.77829 179494 0 2.13739 0.232531 0
37.9349 66.0445 0.131929 1.95143 4.53187 1.59234 206272 0 -0.986171 0.232481 0
-2.43333 66.0364 1.69128 2.08098 4.62357 1.82651 206146 0 -1.07438 0.23116 0
-2.00988 47.9198 1.49094 2.13867 4.76607 1.83653 179471 0 -1.27999 0.230641 0
-50.1384 38.1818 4.17106 1.98623 4.36466 1.61774 165281 0 -0.825462 0.230548 0
-51.2993 14.315 3.99851 2.34339 5.33743 1.9894 130177 0 -1.16825 0.228732 0
-43.9655 37.5222 3.97805 2.57369 6.19659 2.25105 164364 0 -0.918583 0.228379 0
6.30988 -12.8748 0.983357 0.787899 0.77267 1.74427 90577 0 -1.35551 0.227441 1
60.3331 2.10602 -2.4378 1.93132 4.15246 1.73168 112742 0 -0.696385 0.226815 0
-7.50111 59.3929 1.86192 2.03486 4.6907 1.6347 196302 0 2.04176 0.22658 0
29.6347 38.2581 0.520323 2.06705 4.66768 1.70216 165530 0 -1.26884 0.225681 0
44.9717 14.1835 -0.412242 0.948709 0.923616 1.93095 130478 0 -0.42105 0.224459 1
40.1813 11.8828 -0.941629 2.05355 4.4928 1.65336 127187 0 -1.41938 0.224053 0
17.8397 30.3394 0.971743 0.916413 0.929324 2.07489 153793 0 -1.25887 0.222383 1
-50.3875 26.6759 3.72222 2.18695 4.89645 1.78341 148432 0 0.208232 0.221589 0
-53.9277 24.5304 4.11014 0.915255 1.00142 1.61812 145145 0 -1.08962 0.221544 1
28.9671 36.6216 0.469974 2.21551 5.0557 1.82587 163188 0 -1.25077 0.22111 0
2.08988 42.3048 0.931926 2.08701 4.94701 1.54238 171528 0 2.16217 0.22068 0
36.2975 57.0912 0.022696 1.99813 4.61776 1.57634 193163 0 -0.326871 0.220444 0
12.1021 33.1562 0.591683 2.11146 4.7948 1.58246 157987 0 -0.967042 0.21993 0
-48.7397 30.8336 3.8821 2.42982 5.83929 2.1442 154521 0 -0.94264 0.219425 0
31.5333 43.2512 0.130387 2.15019 4.80045 1.63721 173024 0 -1.33034 0.219072 0
1.13353 6.05254 0.557907 0.657234 0.760333 1.29897 118173 0 -0.979234 0.219046 1
17.8259 30.4694 0.988987 0.914095 0.909981 2.08416 154261 0 -0.721951 0.218632 1
-50.6672 37.6445 4.12192 2.10231 4.68007 1.72562 164343 0 -1.0834 0.218415 0
-17.4252 56.8254 2.87159 0.941801 0.977267 1.84603 192527 0 2.30517 0.218231 1
56.8974 45.0022 -0.519882 0.814706 1.67333 1.72087 175443 0 0.293522 0.217977 2
47.4232 5.87179 -1.76545 2.28191 5.34429 1.853 118318 0 1.70475 0.217153 0
-36.671 25.5107 3.0401 2.09367 4.37688 1.75091 146603 0 -0.891256 0.215725 0
68.6194 -19.0062 -1.76324 2.45784 5.63767 2.55517 81880 0 -1.28504 0.214813 0
-3.36124 34.0555 1.24808 0.707163 0.902602 1.48684 159343 0 -0.905552 0.214206 1
-2.3936 45.5932 0.919882 1.83421 4.24935 1.46083 176194 0 -1.15969 0.212545 0
25.4727 58.6884 -0.0734605 2.11615 4.80612 1.66802 195469 0 3.00799 0.212325 0
60.6143 2.69489 -2.37167 1.9461 4.24761 1.73823 113679 0 -1.13788 0.21007 0
10.8191 30.6332 0.5906 2.19844 4.98239 1.68717 154239 0 -1.03192 0.209356 0
-47.6258 30.5547 3.74879 1.77714 3.82167 1.60966 154057 0 -0.795662 0.209336 0
-43.145 36.7175 3.72829 1.93361 3.94931 1.63961 162963 0 -0.969299 0.208692 0
40.5008 2.72275 1.18187 0.797149 1.01708 1.78006 113616 0 0.413268 0.208474 1
36.0247 57.107 0.0218553 1.93576 4.44704 1.54831 193162 0 -0.0556339 0.208302 0
28.662 36.0163 0.511921 2.13285 4.9622 1.74848 162251 0 -1.24912 0.208119 0
30.2905 39.8894 0.189255 2.09875 4.74363 1.58906 167872 0 -1.29148 0.208088 0
57.3461 45.5299 -0.460907 0.831969 1.75214 1.7362 176381 0 0.214463 0.206993 2
56.9224 45.2549 -0.484821 0.837713 1.7718 1.73749 175911 0 0.434225 0.205866 2
58.9535 0.461555 -2.24622 2.19594 5.03294 1.85454 110398 0 -1.05569 0.204175 0
4.94029 44.0994 0.950499 1.88774 4.29686 1.40715 173877 0 2.52163 0.204144 0
38.8823 62.5375 -0.00613993 1.94224 4.33252 1.56984 201127 0 -1.07328 0.203246 0
-3.38445 58.3826 1.70132 2.09244 4.78192 1.69025 194911 0 -1.27569 0.202978 0
50.7189 7.84895 -1.812 1.94282 4.23925 1.59728 121136 0 1.99502 0.202309 0
-1.40497 47.6177 1.51116 2.21992 4.87145 1.89518 179005 0 -1.18226 0.20177 0
39.2583 -7.6067 -1.20615 0.799352 0.799176 1.76491 98636 0 1.65748 0.200713 1
16.4492 30.4931 0.974043 0.885424 0.828113 1.94375 154257 0 2.46748 0.200477 1
27.7406 31.1948 0.130726 2.04595 4.61276 1.64016 155228 0 -1.29641 0.20008 0
25.7579 22.3608 0.000675321 2.01306 4.62935 1.48761 142118 0 1.90219 0.199623 0
-6.92369 59.955 1.80894 1.999 4.58165 1.61513 197240 0 2.15888 0.199333 0
39.1287 65.4581 0.194772 2.24445 5.0835 1.74648 205340 0 -1.09401 0.198564 0
-4.68061 64.4467 1.67982 2.00087 4.55211 1.50945 203799 0 0.575944 0.19786 0
31.2013 39.2203 0.0745735 2.03227 4.68829 1.56516 166939 0 -1.25078 0.197699 0
60.3322 1.79153 -2.50676 1.95189 4.17313 1.75659 112274 0 -0.426273 0.197587 0
-9.38916 36.9611 1.5784 2.11256 4.81057 1.54239 163536 0 -1.04554 0.197451 0
30.8901 43.2975 0.142824 2.03373 4.66198 1.60838 173022 0 1.78264 0.196049 0
-2.3903 45.2847 0.901937 1.83134 4.2529 1.44312 175726 0 -1.0981 0.195716 0
-10.6815 34.7674 1.75153 1.95562 4.36675 1.54547 160256 0 -1.07888 0.195032 0
60.0076 3.00074 -2.41897 1.99274 4.50862 1.73145 114145 0 -1.21131 0.192384 0
27.3788 64.4527 0.275462 2.17622 4.93835 1.75546 203899 0 3.06644 0.192236 0
-50.6962 26.4226 3.65681 2.02386 4.3992 1.62802 147963 0 -0.08913 0.191563 0
31.7799 21.039 -0.0192655 2.25022 5.14088 1.73882 140265 0 1.80185 0.191296 0
71.5233 -20.2738 -2.83678 3.44415 11.8257 3.92019 80017 0 -1.24 0.189533 0
30.9221 21.0742 -0.0280276 2.03129 4.52299 1.61953 140262 0 1.97362 0.189278 0
-12.6202 29.8295 1.67806 2.11469 4.94747 1.55417 153230 0 -1.06489 0.18927 0
48.4706 8.82574 -1.77114 1.99903 4.52683 1.66092 122533 0 1.78968 0.188084 0
-40.3728 14.025 3.03455 2.32456 5.33927 1.88893 129743 0 1.9078 0.18785 0
39.886 11.1489 -0.968489 1.61152 3.61844 1.47054 125782 0 -1.23034 0.186672 0
-9.77689 34.6097 1.60363 2.1206 4.8532 1.61073 160259 0 -1.0024 0.185564 0
50.3749 8.44019 -1.82111 2.00541 4.40607 1.58663 122071 0 1.95287 0.185357 0
46.9095 6.1413 -1.74619 2.0747 4.61635 1.66968 118784 0 1.6436 0.185315 0
36.0584 56.8189 0.00117964 1.90424 4.39344 1.54002 192694 0 0.269985 0.18459 0
-4.30548 67.2905 1.80744 2.27444 5.1939 1.79483 208012 0 2.11208 0.184521 0
39.8047 62.1728 0.02805 1.95728 4.22824 1.6106 200662 0 -1.11538 0.18403 0
-51.3626 26.3655 3.71651 2.13021 4.64682 1.70955 147961 0 1.20617 0.18253 0
0.526405 39.6488 1.22909 1.92043 4.16945 1.638 167311 0 2.16354 0.181204 0
25.7541 -8.19283 -0.239423 0.938372 0.938809 1.51772 97658 0 1.15555 0.181114 1
-3.32446 33.1656 1.13509 0.689306 0.686893 1.47785 157939 0 -0.891472 0.179764 1
-3.66936 58.7017 1.70155 1.92801 4.37877 1.59951 195378 0 -1.33792 0.179486 0
-43.3973 36.4209 3.73307 2.02771 4.18129 1.70498 162494 0 -1.20112 0.179127 0
42.4478 -9.66552 -1.45534 0.895541 0.928079 1.81059 95370 0 1.86068 0.179068 1
-15.9616 22.1402 1.75032 1.96477 4.67148 1.6527 141988 0 -1.10337 0.178834 0
-54.8796 5.89956 4.04824 2.00277 4.44364 1.67217 117998 0 0.340203 0.178527 0
-3.63509 58.1169 1.65565 1.93545 4.42247 1.56253 194442 0 -1.20979 0.178056 0
-0.872322 48.0397 1.40218 2.28483 5.15143 1.89524 179943 0 -1.1908 0.177744 0
-56.4403 23.5948 4.10772 0.896795 0.925312 1.65993 143733 0 -1.46032 0.174858 1
-6.16229 64.8906 1.59588 1.9543 4.47137 1.56654 204262 0 2.05225 0.174765 0
-36.6902 26.3321 3.06373 2.0835 4.55301 1.69718 148007 0 -0.892978 0.174567 0
26.0703 65.765 0.179248 2.00928 4.37964 1.63588 205767 0 1.04691 0.174498 0
58.3949 1.06788 -2.17761 2.03701 4.45274 1.68979 111332 0 1.34458 0.174413 0
36.6373 57.8061 0.0666022 1.9366 4.2019 1.59734 194100 0 -2.7517 0.174274 0
-50.0426 9.22001 3.75784 0.887659 1.24485 1.78525 122693 0 -1.17684 0.174008 1
-13.4119 27.2321 1.66853 1.76126 4.18264 1.52155 149484 0 -1.05407 0.173748 0
35.3627 57.4376 0.0880817 1.89705 4.25508 1.56108 193628 0 1.89752 0.173126 0
-5.20152 40.225 1.56235 1.98978 4.54579 1.52933 168229 0 0.983257 0.173096 0
29.5741 36.6301 0.265069 2.20972 4.98561 1.83553 163190 0 -1.24878 0.173086 0
17.9865 30.3213 0.958294 0.954236 0.988266 2.09298 153794 0 -0.719966 0.172766 1
59.7421 2.12379 -2.4003 1.97841 4.24907 1.82466 112740 0 -0.629303 0.172731 0
39.0073 -9.44196 -1.12313 0.87021 0.944808 1.83416 95827 0 -1.48567 0.172459 1
65.5549 14.4506 -1.56709 0.889764 1.0423 1.75146 131010 0 1.63618 0.172266 1
39.8705 -8.91005 -1.20523 0.807024 0.867058 1.82484 96766 0 1.95979 0.172201 1
-3.01962 45.5953 1.01894 1.92324 4.38701 1.51687 176192 0 -1.13895 0.172018 0
16.5431 31.4932 1.24074 1.02252 1.03698 2.01903 155661 0 -2.59089 0.171749 1
31.4374 40.079 0.0192311 1.99521 4.51242 1.57061 168344 0 -1.26511 0.171697 0
36.6179 56.8361 0.0171987 1.95485 4.47549 1.58441 192696 0 -0.886227 0.171469 0
24.7943 58.3606 -0.0661681 2.10203 4.77838 1.63592 194999 0 2.40441 0.171216 0
25.0505 -7.80475 -0.238691 0.983414 1.04877 1.34974 98124 0 0.124157 0.170829 1
26.3388 62.9483 0.0296426 1.76568 3.91298 1.50132 201556 0 1.67825 0.17025 0
-15.7532 24.5422 1.74869 1.89112 4.26278 1.60001 145264 0 -1.08959 0.169896 0
11.8906 30.5255 0.488885 2.01553 4.31237 1.57087 154243 0 -0.971032 0.169233 0
31.173 38.5692 0.137222 2.011 4.64402 1.5683 166003 0 -1.28779 0.168637 0
60.9258 2.09563 -2.44596 1.97712 4.33456 1.7842 112744 0 -0.780538 0.167929 0
14.0038 35.6343 0.70435 2.20263 5.41037 1.82767 161737 0 -0.925857 0.167763 0
12.5394 19.8999 0.514687 2.25301 5.14022 1.6727 138801 0 1.89749 0.166846 0
37.2751 56.7899 0.0305511 1.98547 4.48595 1.62179 192698 0 -1.26718 0.166783 0
-56.4422 23.7262 4.15827 0.926071 1.02114 1.60585 144201 0 -1.50696 0.166408 1
31.6034 42.8288 0.141582 1.96722 4.3067 1.61855 172088 0 -1.28459 0.166281 0
-48.1746 31.0965 3.85172 2.14738 4.88114 1.85741 154991 0 -0.794179 0.165526 0
-53.9179 24.6674 4.09073 0.96165 1.06 1.59678 145613 0 -1.04268 0.165264 1
58.6701 -0.0724564 -2.10266 2.19509 5.04172 1.76392 109461 0 -1.06301 0.164298 0
16.2442 30.4994 0.978094 0.880902 0.786271 1.93492 154256 0 2.26705 0.164278 1
27.7998 27.7995 0.00991373 1.96694 4.21569 1.56456 150080 0 -1.20088 0.164181 0
23.6352 17.4233 0.0368448 1.67432 3.42964 1.43926 135091 0 -1.26618 0.163886 0
-4.01134 7.24767 1.07629 0.785831 0.872928 1.7623 120029 0 -0.126094 0.162715 1
65.7539 14.0356 -1.62487 0.916425 1.09806 1.77765 130075 0 1.25875 0.161435 1
14.565 28.6158 0.468787 2.05058 4.68654 1.60654 151443 0 2.14355 0.161339 0
-9.13628 37.2107 1.58577 2.09788 4.77089 1.53614 164005 0 -1.07825 0.161282 0
26.0062 23.0755 0.00651738 2.04133 4.80497 1.50441 143523 0 1.7721 0.161277 0
-51.0791 26.0847 3.68218 1.89418 4.00604 1.53308 147494 0 0.906684 0.161091 0
-4.63039 64.2302 1.69187 1.9941 4.55166 1.49589 203331 0 -0.935058 0.160858 0
32.9997 36.0817 0.952981 0.87495 1.89502 1.81273 162265 0 0.2451 0.16051 2
37.6039 66.3564 0.135721 2.01673 4.66314 1.61854 206739 0 -1.8761 0.160422 0
-11.3828 18.8497 1.49679 0.857749 0.859362 1.70318 136854 0 3.00355 0.159918 1
25.1263 58.3925 -0.0710944 2.02323 4.55611 1.60063 195000 0 2.66082 0.15953 0
47.4456 5.36209 -1.80028 2.24875 5.32736 1.89607 117382 0 1.85544 0.159472 0
-23.2817 33.9981 2.3126 2.00838 4.54576 1.63679 159281 0 -1.04625 0.159119 0
26.3826 65.4721 0.168643 1.99391 4.46986 1.669 205300 0 0.77125 0.159012 0
48.7712 9.08003 -1.78187 1.9802 4.34102 1.6423 123002 0 1.87223 0.159002 0
30.8613 40.4114 0.0196696 2.04188 4.59225 1.59506 168810 0 -1.27457 0.158399 0
49.8919 -13.9177 -1.89662 0.919599 1.0305 1.81372 89309 0 1.9828 0.158125 1
51.0129 8.13538 -1.79669 2.04345 4.55239 1.63962 121605 0 1.8759 0.157942 0
-5.91594 41.1436 1.62581 1.99154 4.46563 1.57668 169631 0 2.13962 0.157798 0
-51.9586 25.5146 3.61119 1.93539 4.36717 1.59648 146555 0 1.80584 0.157627 0
50.3914 7.54941 -1.89431 1.99729 4.42352 1.60932 120667 0 2.11387 0.157609 0
36.6729 -6.82922 -1.02963 0.765861 0.799173 1.66868 99564 0 1.61152 0.156999 1
-1.78497 45.283 0.936086 1.83937 4.22694 1.4501 175728 0 -1.1307 0.156952 0
65.9768 14.2638 -1.66552 0.909321 1.27396 1.82918 130544 0 -1.30313 0.156883 1
35.7115 57.1559 0.0461123 1.8511 4.21276 1.52793 193161 0 1.54893 0.156662 0
38.2553 62.8864 0.00258996 1.95931 4.37888 1.56975 201593 0 -1.11476 0.156476 0
44.3081 6.67487 -0.596739 0.854095 0.949108 1.9225 119244 0 1.79092 0.156426 1
41.9695 -8.26681 -1.53305 0.889905 0.962692 1.78132 97709 0 1.81331 0.156279 1
-51.6559 26.3459 3.70894 2.19539 4.9069 1.76199 147960 0 1.93608 0.155939 0
40.4254 61.8626 0.0760213 2.04638 4.51094 1.65489 200196 0 -1.1638 0.155904 0
-29.9333 26.7309 2.57771 0.975118 1.1789 1.58536 148496 0 -1.39219 0.155428 1
-51.6291 14.8567 4.059 2.46152 5.91276 2.18902 131112 0 -1.04893 0.155099 0
45.5063 10.4465 -0.521199 0.877811 0.913778 1.81206 124864 0 1.75745 0.154936 1
58.393 1.39259 -2.11961 2.08907 4.68544 1.76012 111800 0 1.13404 0.154789 0
31.4895 38.9004 0.0753988 1.99865 4.54859 1.56941 166472 0 -1.24456 0.154595 0
6.47661 -12.7541 0.951767 0.827643 1.07624 1.73345 91046 0 -1.45552 0.154406 1
-2.6865 45.0011 0.951578 1.8318 4.24517 1.46342 175257 0 -1.04503 0.154291 0
35.9998 57.3867 0.0470257 1.98303 4.57391 1.57639 193630 0 -1.24996 0.153947 0
-3.08429 33.195 1.17114 0.740174 0.704515 1.50105 157940 0 -0.928338 0.153488 1
50.0803 -14.111 -1.85318 0.923016 1.01884 1.81558 88842 0 1.8762 0.15343 1
16.455 30.3382 0.970092 1.03764 1.00103 2.01993 153789 0 2.25612 0.153268 1
-15.8291 8.81142 -0.641336 0.754199 0.843379 1.74169 122332 0 1.90258 0.153218 1
31.7875 39.5277 0.0413425 1.98477 4.50864 1.55621 167409 0 -1.22473 0.15307 0
26.0701 66.0781 0.137545 1.97922 4.39791 1.65579 206235 0 1.27606 0.152311 0
49.4465 8.4956 -2.10674 1.98661 4.54452 1.62365 122068 0 1.8662 0.152258 0
24.73 57.5011 0.00765952 1.85952 4.11725 1.53836 193595 0 1.81866 0.152024 0
39.4065 -9.66753 -1.18601 0.890257 0.938182 1.90136 95361 0 -1.75995 0.151994 1
-2.64711 -5.48006 1.7964 0.835382 0.929345 1.78409 101313 0 -1.50226 0.151862 1
39.2713 -7.73808 -1.10555 0.809435 0.836354 1.77466 98168 0 1.76447 0.151786 1
30.8828 17.8626 -0.0330066 2.21402 4.88207 1.72706 135582 0 1.87514 0.151049 0
25.4958 62.6178 -0.0469175 2.13453 4.8925 1.71068 201085 0 1.50005 0.150481 0
-66.3809 14.8985 4.26196 2.20484 4.89574 1.84082 131066 0 -1.30301 0.150059 0
6.46186 -12.8887 0.97692 0.833278 1.16673 1.76739 90578 0 -1.34372 0.150035 1
27.6656 64.216 0.163832 1.98704 4.48023 1.62281 203432 0 3.06147 0.149782 0
39.8836 61.3514 0.0792389 2.00453 4.4254 1.63287 199258 0 -1.00739 0.149681 0
25.5021 63.4491 0.0533978 2.26474 5.30689 1.82292 202489 0 1.78162 0.149491 0
-1.76234 48.3659 1.50596 2.40521 5.29309 1.99862 180408 0 -1.20316 0.148757 0
38.8756 65.2127 0.167343 2.09374 4.74731 1.68397 204871 0 -0.990646 0.148742 0
29.8892 35.9932 0.276403 2.19327 4.86378 1.7409 162255 0 -1.27693 0.14859 0
-36.4081 25.742 3.06392 2.04388 4.28776 1.71322 147072 0 -0.803019 0.148482 0
36.3081 57.4036 0.0543558 2.04828 4.70003 1.5971 193631 0 -0.654982 0.147746 0
-51.0178 26.69 3.72193 2.27813 5.10323 1.85463 148430 0 -0.213941 0.147704 0
28.8774 31.0917 0.0990087 2.22957 5.10617 1.74424 155232 0 -1.27648 0.147543 0
40.6727 11.6257 -0.8542 2.23785 5.22781 1.82011 126721 0 -1.3438 0.147441 0
26.0256 62.6339 0.00105405 1.84067 4.23357 1.54345 201087 0 1.53804 0.14737 0
39.6019 11.3914 -0.980733 1.49373 3.23106 1.39788 126249 0 -1.25545 0.147024 0
29.9255 37.6173 0.394577 2.12213 4.85596 1.8343 164595 0 -1.28526 0.14695 0
-3.68324 59.0129 1.74733 1.98652 4.54785 1.64248 195846 0 -1.56886 0.146692 0
-4.71242 40.6966 1.54654 1.87364 4.33196 1.53066 169167 0 -1.4463 0.146455 0
24.274 20.0888 0.0138201 1.75977 3.63437 1.46718 138837 0 -1.30959 0.146204 0
27.369 64.7636 0.311901 2.31266 5.37498 1.89808 204367 0 -2.33757 0.146146 0
-51.1151 25.771 3.65694 1.78742 3.59385 1.47774 147026 0 1.80028 0.146146 0
39.6131 11.6271 -0.921427 1.65688 3.59409 1.4716 126717 0 -1.30077 0.146112 0
-8.74995 36.0805 1.46616 2.03247 4.54304 1.54908 162134 0 0.462127 0.145624 0
28.0404 -8.11923 -0.386919 0.909387 0.929176 1.44833 97665 0 1.07313 0.14558 1
-55.0905 23.951 4.16 0.900625 0.947483 1.60903 144205 0 -1.19695 0.145554 1
-27.0302 32.7793 2.34629 2.0028 4.48884 1.58548 157397 0 -1.06151 0.145344 0
-49.8591 9.16567 3.84453 0.838346 1.05997 1.77173 122694 0 -1.17028 0.145183 1
-50.2868 9.39616 3.821 0.923393 1.84576 1.66183 123160 0 -1.10635 0.14495 0
31.5936 48.5073 0.0799282 2.00454 4.49776 1.55936 180512 0 1.81377 0.144847 0
-3.46796 47.599 1.43091 0.860281 0.80911 1.76476 178999 0 -2.64347 0.1447 1
-3.2924 66.1771 1.81558 1.86963 3.99537 1.61164 206143 0 -1.44443 0.144165 0
17.9771 30.4676 0.955331 0.981143 1.07459 2.12821 154262 0 -0.340977 0.144112 1
-1.77685 44.9747 0.967737 1.85041 4.24294 1.45871 175260 0 -1.16419 0.143487 0
40.0984 -8.90237 -1.24226 0.834195 0.873451 1.80853 96767 0 2.07476 0.143285 1
60.9437 1.7822 -2.44455 2.01146 4.43383 1.79883 112276 0 -0.497245 0.142984 0
26.709 66.0769 0.18999 2.01626 4.55028 1.65656 206237 0 0.254335 0.142825 0
30.5991 39.2067 0.190951 2.06703 4.77211 1.56299 166937 0 -1.26203 0.142473 0
-3.95257 58.4266 1.657 1.78411 4.02818 1.49071 194909 0 -1.25711 0.142317 0
72.1279 -19.4238 -2.97431 3.22866 10.1985 3.53549 81423 0 -1.32966 0.141702 0
17.0969 30.2476 0.892522 2.32026 4.35642 2.18073 153791 0 -3.07641 0.141644 0
-37.2084 25.5091 3.11149 2.11981 4.50636 1.76467 146601 0 -0.950297 0.141424 0
26.6759 63.8317 0.116168 1.97697 4.46798 1.61057 202961 0 2.19445 0.141288 0
59.7443 1.78507 -2.4299 2.04439 4.41857 1.89294 112272 0 -0.239813 0.140997 0
60.037 1.46424 -2.4758 1.97551 4.3162 1.79741 111805 0 0.028196 0.140871 0
10.4719 31.179 0.667681 2.24343 5.36895 1.76451 155174 0 -0.965153 0.140401 0
-50.3825 26.1477 3.62743 1.86516 3.97088 1.53139 147496 0 0.00795399 0.140209 0
25.7509 58.9606 -0.095495 2.2225 5.10777 1.76461 195938 0 3.08829 0.139956 0
-52.6829 12.3374 3.99566 1.53394 2.66483 1.64902 127365 0 -1.19837 0.139519 0
30.4851 15.4517 -0.0919194 2.42663 5.34533 1.89446 132305 0 1.80774 0.139394 0
29.2717 16.038 -0.028039 2.27106 5.17425 1.82139 133237 0 1.86488 0.139353 0
50.0751 -13.7101 -2.07614 0.878269 1.0194 1.77313 89778 0 1.99789 0.139216 1
49.78 7.85504 -2.04968 1.92613 4.28728 1.60456 121133 0 1.96661 0.13917 0
38.922 61.9806 -0.0163171 1.9285 4.29764 1.5597 200191 0 -1.04167 0.138582 0
59.0738 3.04665 -2.45457 1.97673 4.38333 1.79404 114142 0 -1.21048 0.13844 0
50.0781 9.77134 -1.79952 1.98924 4.36151 1.61414 123942 0 2.76392 0.137977 0
25.4416 58.1418 -0.0764984 1.8211 3.94762 1.52288 194533 0 2.85961 0.137941 0
48.8149 8.53066 -1.9868 1.93735 4.37295 1.63656 122066 0 1.79553 0.137818 0
-50.9894 38.2108 4.13278 2.348 5.43321 2.02859 165278 0 -1.01232 0.137388 0
35.078 29.0657 -0.172417 2.08247 4.87439 1.74439 151975 0 1.11887 0.13735 0
69.9747 -19.6246 -3.14258 3.16212 9.46937 3.62823 80948 0 -1.21668 0.137137 0
68.0621 -18.7468 -1.82489 2.19742 4.38201 1.99458 82346 0 -1.31593 0.137124 0
7.19534 23.3472 0.682482 1.63261 3.5 1.43692 143464 0 -1.01876 0.137057 0
25.7468 -8.41212 -0.250943 0.87151 0.864665 1.52824 97190 0 1.27906 0.136521 1
-2.08989 44.6725 0.96344 1.87828 4.3489 1.44218 174791 0 -1.244 0.136302 0
29.6051 37.2717 0.330514 2.21063 5.02995 1.86436 164126 0 -1.28686 0.136297 0
11.9082 21.9542 0.722628 0.943985 1.15847 1.70279 141607 0 1.91942 0.135975 1
25.7515 -7.89711 -0.282738 0.893621 0.972999 1.46655 98126 0 0.772985 0.135494 1
39.4682 -8.83043 -1.14357 0.808309 0.873791 1.88872 96765 0 -1.75812 0.135441 1
8.81554 26.696 0.707637 0.844742 0.842366 1.59394 148617 0 -1.0732 0.135415 1
26.3926 66.3764 0.177126 2.00629 4.50453 1.6758 206704 0 1.4822 0.135237 0
34.0133 48.4027 0.0339501 2.21763 5.02042 1.74743 180520 0 -1.36335 0.135224 0
-37.5325 26.0911 3.13398 2.18074 4.85264 1.77002 147536 0 -0.959201 0.135069 0
-50.6974 38.5016 4.15426 2.31754 5.34768 1.98238 165747 0 -0.919542 0.134787 0
29.2384 -8.4956 -0.433052 0.802971 0.865591 1.63499 97201 0 0.218558 0.13458 1
16.2541 30.3395 0.978902 0.94943 0.883115 1.99677 153788 0 2.28675 0.134393 1
-16.7446 -6.88867 1.20393 0.709744 0.773706 1.34492 99397 0 -2.22179 0.134091 1
60.6366 1.47648 -2.53391 1.99459 4.34507 1.78697 111807 0 -0.280668 0.133849 0
-2.10878 45.854 0.970614 1.82225 4.05988 1.48228 176663 0 -1.31381 0.133812 0
28.5364 27.7802 0.0725326 2.29181 5.37493 1.73513 150083 0 -1.22778 0.133743 0
34.3982 29.074 -0.143511 1.9627 4.60675 1.69717 151973 0 1.84946 0.133566 0
37.6652 65.8288 0.140561 1.95009 4.4281 1.57523 205803 0 -0.906244 0.133285 0
-54.862 20.6444 3.98235 2.03675 4.52311 1.7065 139526 0 -1.26264 0.13305 0
36.2779 56.5398 0.0249885 1.96076 4.44147 1.54325 192227 0 0.203401 0.132827 0
-50.4259 14.0098 3.8263 2.08278 4.25154 1.66003 129712 0 -1.12882 0.132566 0
32.1416 48.6869 0.0376016 1.98747 4.37495 1.59171 180982 0 2.0967 0.132536 0
-51.2967 11.5387 3.96607 0.939636 1.11583 1.64295 126433 0 -2.5903 0.13243 1
17.0857 30.5684 0.956544 1.93648 3.92185 2.19539 154259 0 -1.96422 0.132128 0
26.7028 65.4726 0.186123 2.05732 4.65252 1.71925 205301 0 0.462083 0.131781 0
27.9505 64.4502 0.257026 2.18329 4.98383 1.74419 203901 0 -3.07179 0.130625 0
33.4461 47.6208 0.0113248 1.96383 4.38886 1.57831 179114 0 -1.21815 0.130122 0
-3.96106 47.7691 1.39421 0.803996 0.771501 1.69918 179465 0 -2.77597 0.129895 1
-40.8254 17.9779 2.21473 0.845468 1.08058 1.82918 135826 0 2.16057 0.129694 2
4.38924 44.0975 0.945688 1.80101 4.06259 1.42886 173875 0 2.63004 0.129625 0
59.3839 3.31992 -2.51836 2.0537 4.58983 1.7896 114611 0 -1.28234 0.129549 0
60.3147 3.31304 -2.34123 2.00888 4.43393 1.76362 114614 0 -1.29253 0.129518 0
31.4373 18.0484 -0.0464827 2.37287 5.47775 1.80666 136052 0 1.85662 0.129396 0
-3.62721 34.1197 1.26242 0.709323 0.750761 1.46411 159342 0 -0.918314 0.129214 1
27.023 66.075 0.23154 2.05734 4.65734 1.6979 206238 0 -1.37051 0.129193 0
16.7792 30.5467 0.9414 1.62414 2.77258 2.03251 154258 0 -2.69011 0.129089 0
-28.646 36.315 2.71348 1.99585 4.49506 1.65994 162540 0 -1.04848 0.128787 0
29.3524 15.3255 -0.0670319 2.20904 4.9772 1.8122 131833 0 1.84994 0.128037 0
-50.1141 14.5088 3.74032 1.50216 2.76825 1.56189 130649 0 -1.00846 0.127574 0
48.1676 8.54192 -1.77324 2.03061 4.7428 1.69021 122064 0 1.74674 0.12751 0
-4.00729 7.41611 0.961695 0.783221 0.887282 1.75255 120497 0 -1.41471 0.127372 1
25.4527 -7.87476 -0.267474 0.935392 1.04121 1.37568 98125 0 0.537193 0.127318 1
-3.45015 47.7383 1.44158 0.889447 0.87471 1.78564 179467 0 -2.56617 0.127177 1
16.5613 31.3305 1.19149 0.970566 0.917844 1.94421 155193 0 -2.57547 0.127163 1
1.45971 8.50491 0.905007 0.843518 1.91253 1.70643 121918 0 -1.40982 0.126916 2
50.382 9.75179 -1.77584 2.06246 4.56167 1.638 123943 0 1.59183 0.126555 0
27.0518 64.163 0.184567 2.05959 4.62673 1.68912 203430 0 2.74669 0.126216 0
-2.66125 65.8467 1.67705 1.93807 4.10067 1.73406 205677 0 -1.0363 0.125994 0
28.3569 36.6182 0.553961 2.20084 4.90362 1.8166 163186 0 -1.2339 0.125935 0
44.965 -11.0388 -1.514 0.828136 0.889626 1.74567 93506 0 2.84015 0.125676 1
13.5905 15.552 0.804728 0.984642 0.977799 1.69314 132252 0 2.30594 0.125363 1
-50.0898 26.966 3.67589 2.43627 5.66613 2.04531 148901 0 0.382623 0.124607 0
28.0708 30.6533 0.113536 1.76183 3.97052 1.55491 154293 0 -1.15058 0.124104 0
39.4296 -8.47969 -1.09826 0.865703 0.939429 1.92776 97233 0 -1.3935 0.124042 1
27.66 64.745 0.314775 2.30222 5.29115 1.86277 204368 0 -2.80794 0.1239 0
-57.7517 10.7029 4.2932 2.08428 4.73722 1.72883 125009 0 -2.82294 0.123868 0
50.4092 9.45574 -1.77621 2.00597 4.37519 1.60321 123475 0 0.736692 0.123771 0
58.1477 -0.0878906 -2.08379 2.00247 4.33242 1.66559 109459 0 -0.985099 0.123763 0
-49.8161 37.6253 4.07788 1.91677 4.1696 1.55881 164346 0 -0.908738 0.123658 0
25.798 65.4743 0.155962 2.03395 4.56781 1.65817 205298 0 0.804365 0.123487 0
