9.16529 14.2612 0.915382 2.12374 4.76799 1.78714 130366 0 1.91147 0.935266 0
-15.1209 15.2087 1.58359 1.93044 4.36126 1.53185 131694 0 2.11119 0.919302 0
-9.48062 25.483 1.65587 2.03821 4.66924 1.71706 146688 0 2.12326 0.914984 0
-0.517998 14.5162 0.853152 1.9875 4.30912 1.49897 130804 0 -1.05224 0.909253 0
3.95941 21.5335 1.02927 2.12484 4.72736 1.83104 141114 0 -0.991878 0.908255 0
8.85308 28.265 1.09829 2.19645 5.1298 1.90404 150957 0 -0.979177 0.907579 0
-21.6232 -0.779678 1.63274 2.14175 4.9017 1.61495 108274 0 0.282819 0.905132 0
7.73636 10.9521 0.932412 2.03678 4.66126 1.56394 125682 0 1.88437 0.899935 0
38.0176 7.229 -0.818847 2.10644 4.78199 1.82941 120160 0 -1.26971 0.899526 0
-2.47913 12.4415 0.87934 2.16068 4.9268 1.52104 127522 0 -1.00669 0.892791 0
-13.521 18.4105 1.53821 1.99151 4.53913 1.51235 136379 0 -1.01134 0.892376 0
-27.3038 11.1425 2.21072 2.0565 4.55549 1.60162 125572 0 1.92119 0.892027 0
11.6748 22.1714 0.836302 2.22433 5.04734 1.90628 142074 0 1.99847 0.884889 0
20.9828 10.6637 0.206454 2.02263 4.73806 1.56311 125255 0 -1.17667 0.882726 0
-3.3709 34.7401 1.31881 2.09985 5.00775 1.63914 160279 0 -0.992584 0.88012 0
-10.1785 22.9058 1.45328 1.96268 4.37574 1.49575 142942 0 2.11722 0.878861 0
5.85799 23.5112 0.743111 1.95497 4.57749 1.46847 143928 0 -1.00888 0.874741 0
22.2351 13.6335 0.115964 1.95781 4.45464 1.49876 129471 0 -1.19892 0.871772 0
-13.7124 -3.16378 1.26523 2.22502 4.98667 1.90026 105023 0 0.308442 0.869885 0
-7.62659 27.6148 1.42596 2.01822 4.54233 1.46371 149970 0 2.13378 0.86661 0
-12.0908 20.6081 1.52022 2.00158 4.54818 1.53518 139660 0 2.13408 0.86579 0
10.3626 16.541 0.85552 2.22294 5.1286 1.90872 133646 0 1.9515 0.858758 0
25.7043 9.07675 0.0109256 2.00738 4.5885 1.72412 122930 0 1.8869 0.856209 0
0.499794 17.3344 0.852228 2.08911 4.74543 1.51717 135019 0 -1.00538 0.851784 0
-1.19279 36.9546 1.19098 1.97909 4.54378 1.45005 163562 0 2.24333 0.848536 0
24.7828 21.9116 0.0386411 1.95297 4.5349 1.43013 141647 0 1.82978 0.848429 0
-6.17775 29.9054 1.50938 2.13491 4.94631 1.78947 153250 0 2.11661 0.84758 0
25.8084 24.7222 0.228291 2.00115 4.36339 1.77013 145862 0 -1.28392 0.844469 0
2.1144 19.4761 1.03036 2.10335 4.8377 1.81052 137832 0 2.13922 0.841861 0
-21.5893 15.7408 2.10349 2.20784 4.87362 1.87133 132610 0 -1.01381 0.841624 0
6.85605 25.9927 0.808261 2.07985 4.75701 1.53802 147675 0 -0.995885 0.840908 0
23.524 19.266 0.070522 1.95594 4.4465 1.4836 137899 0 -1.29673 0.840545 0
-17.6765 22.85 1.87721 2.05491 4.78341 1.6101 142918 0 -1.05626 0.839618 0
-30.6456 28.6527 2.67488 2.14333 4.54845 1.70484 151302 0 -0.947268 0.835849 0
-19.3128 -1.98835 1.48847 2.05313 4.71474 1.55125 106409 0 0.301427 0.833405 0
-32.1408 26.1716 2.64188 1.97148 4.30838 1.54332 147553 0 2.12955 0.823551 0
-18.7439 20.2992 2.07079 2.27502 5.64773 1.95861 139171 0 -1.03457 0.8235 0
-40.4826 21.8323 2.99829 2.02915 4.52218 1.73316 141443 0 2.22071 0.823322 0
0.109589 39.8656 1.39383 2.03054 4.55455 1.59889 167778 0 2.23958 0.811402 0
-13.0125 29.8536 1.73189 2.00381 4.61499 1.58324 153229 0 -1.02652 0.807162 0
-19.8845 17.8848 1.83281 2.01977 4.62615 1.59677 135423 0 -1.06221 0.805565 0
22.8852 16.5124 0.117148 1.95471 4.56746 1.53786 133685 0 -1.19204 0.801047 0
-16.7768 -2.78794 1.41802 1.94152 4.1874 1.52077 105481 0 0.265187 0.789896 0
-4.90044 32.5425 1.18535 1.93617 4.56316 1.42055 156998 0 -1.027 0.788297 0
27.0494 30.3213 0.267198 2.13423 5.00818 1.80831 153822 0 1.89942 0.787646 0
28.2964 14.6081 -0.00516212 2.09791 4.68346 1.72436 130894 0 1.91079 0.783722 0
27.0742 27.1073 -0.0228812 1.97896 4.4797 1.54204 149142 0 -1.2303 0.781907 0
13.8459 34.7821 0.840558 2.12039 4.85583 1.74975 160333 0 -0.883859 0.761256 0
27.3444 11.6704 -0.152058 1.9741 4.29688 1.50034 126679 0 1.88952 0.755217 0
41.9932 -12.6527 -1.30356 0.85133 0.891967 1.76855 91157 0 -1.3141 0.752456 1
-14.8956 27.91 1.78668 2.05392 4.74968 1.55563 150415 0 -1.03145 0.752186 0
-3.78223 33.7414 1.41834 0.72435 0.689018 1.67139 158874 0 -0.239 0.744753 1
-12.6731 19.4725 1.59941 0.80456 0.816978 1.68471 137786 0 2.93146 0.737078 1
38.6194 10.1583 -0.945843 1.93734 4.29909 1.71653 124374 0 -1.1874 0.733226 0
-42.6821 12.4068 3.23412 2.09103 4.51624 1.73857 127396 0 -1.27644 0.728835 0
-16.1904 24.8601 1.81738 1.99225 4.76345 1.60981 145731 0 -0.984604 0.727576 0
11.0709 19.3575 0.634774 2.10801 4.82854 1.65055 137860 0 1.99416 0.725838 0
-35.0497 21.9262 2.80805 2.2236 4.87841 1.9417 141460 0 -1.01501 0.725057 0
33.4485 28.3371 0.0535344 2.1025 4.78583 1.63677 151034 0 1.88966 0.714263 0
-25.0864 35.098 2.65239 2.3132 5.68465 1.88841 160679 0 -0.982078 0.694231 0
-22.6269 39.8525 2.47626 2.35174 5.81771 1.93844 167707 0 -0.978255 0.692654 0
39.2368 -6.00376 -1.32121 0.871336 0.900215 1.66924 100976 0 0.859657 0.682585 1
-3.89239 33.7536 1.42856 0.748402 0.71132 1.67764 158873 0 -0.479484 0.660201 1
37.0628 -10.6822 -1.15898 0.859013 0.939272 1.85378 93949 0 1.86298 0.657472 1
30.5586 38.6529 0.0902639 2.0068 4.68547 1.49846 166001 0 -1.22811 0.653566 0
31.5537 41.8179 0.292541 1.96598 4.33695 1.64693 170684 0 -1.28848 0.649731 0
-11.7336 32.411 1.89021 2.01229 4.65107 1.57526 156977 0 -1.07032 0.645821 0
-35.6255 22.2118 2.87293 2.51374 6.17454 2.10749 141926 0 -1.0342 0.63611 0
5.53191 46.8595 1.39533 1.93781 4.22681 1.56686 178091 0 2.19609 0.632624 0
-3.95893 10.1295 0.884484 1.96313 4.48724 1.46588 124241 0 -0.999777 0.627895 0
-43.3402 16.4748 3.48219 2.25488 5.11936 1.98223 133478 0 1.95304 0.609515 0
4.02544 44.3432 1.14221 1.97744 4.69406 1.46305 174342 0 2.17217 0.601233 0
11.7177 32.7976 0.76921 2.00806 4.47935 1.49272 157518 0 -0.927805 0.598762 0
-1.77737 47.9022 1.77699 2.17869 4.97299 1.82326 179472 0 -1.19476 0.587501 0
28.9486 17.3733 0.0646049 2.077 4.8823 1.68805 135108 0 1.92675 0.57535 0
39.1835 64.5176 0.276975 2.02626 4.58483 1.71417 203936 0 -1.1418 0.568025 0
-6.93244 60.264 2.02737 2.30535 5.2074 1.79828 197708 0 2.12338 0.567759 0
33.4768 46.8934 0.16418 2.09299 4.62515 1.74789 178178 0 -1.28935 0.566998 0
-51.7228 16.4477 3.59113 1.95777 4.27094 1.55191 133452 0 2.45269 0.564079 0
45.2893 4.06191 -1.62371 1.98978 4.4794 1.59231 115503 0 1.80377 0.55957 0
30.246 20.0912 0.0632139 2.09939 4.73578 1.67074 138856 0 -1.31375 0.556489 0
35.3082 56.1807 0.219384 1.9866 4.50601 1.55909 191756 0 1.90756 0.545943 0
-10.3392 34.4738 1.63161 2 4.6735 1.50422 159789 0 -1.01147 0.534777 0
10.4015 30.2916 0.837539 2.02728 4.55893 1.63497 153770 0 -0.949961 0.522893 0
37.8213 -10.4447 -1.21869 0.798035 0.820478 1.77421 94420 0 2.81686 0.521637 1
2.06944 42.0332 1.1178 2.02234 4.6727 1.50299 171060 0 2.18462 0.511636 0
15.5569 29.9394 1.03412 0.914127 0.795292 1.97706 153318 0 3.00718 0.503628 1
-28.3251 30.8339 2.64363 2.0861 4.71173 1.62619 154585 0 -0.955877 0.496325 0
-14.5432 58.7432 2.43018 2.06396 4.6693 1.65653 195344 0 -1.06999 0.492034 0
10.7289 63.2332 0.817888 1.97755 4.46592 1.66681 201975 0 -0.993692 0.481707 0
-43.0397 38.8398 3.63263 2.01098 4.44366 1.63058 166239 0 0.0905238 0.474989 0
56.7864 43.4591 -0.24327 0.831289 0.859305 1.70587 173103 0 1.21431 0.47041 1
-47.1656 30.9153 3.66935 0.953773 1.00046 1.74945 154526 0 2.71291 0.465186 1
56.7712 -1.4655 -2.25252 2.0442 4.48547 1.84685 107583 0 -1.28622 0.464505 0
-3.02229 66.7482 1.9171 2.12064 4.91285 1.87593 207080 0 -0.795919 0.45241 0
24.4518 56.7662 -0.0480924 2.00985 4.53417 1.5032 192658 0 1.87994 0.446681 0
-43.6194 16.5386 3.51545 2.41228 5.71681 2.12924 133477 0 -1.6823 0.44626 0
40.8302 -10.9737 -1.51623 0.820066 0.839407 1.64628 93493 0 1.84986 0.445394 1
42.0041 -12.8594 -1.34246 0.819163 0.835789 1.73043 90689 0 -1.34275 0.437371 1
-52.8676 13.3174 4.13945 0.95316 1.02959 1.65869 128768 0 2.19817 0.43087 1
-43.3205 38.8387 3.65339 2.05846 4.54447 1.68023 166238 0 0.428452 0.419708 0
38.8759 61.2667 0.1343 2.04325 4.59232 1.58478 199255 0 -1.20443 0.414542 0
37.732 -10.4344 -1.20751 0.735189 0.795976 1.75234 94419 0 2.19077 0.400855 1
-4.6711 64.724 1.8301 2.09632 4.60093 1.59059 204267 0 -0.825017 0.400008 0
-7.47692 60.3086 2.06217 2.39009 5.6942 1.92591 197706 0 2.09204 0.395974 0
-4.9212 64.8119 1.82463 2.03115 4.52034 1.57 204266 0 -0.213694 0.393612 0
36.6615 36.2858 -0.490239 2.04637 4.73402 1.63402 162744 0 1.90389 0.393335 0
-3.35846 66.9936 1.96617 2.10174 4.88231 1.87228 207547 0 2.04308 0.389298 0
-43.3256 38.606 3.6127 1.91633 4.16535 1.59879 165770 0 0.92165 0.383846 0
-50.7052 39.838 3.91707 2.01067 4.44403 1.68909 167619 0 -0.799904 0.383073 0
0.394234 8.68872 0.978487 0.813373 0.954665 1.70102 122383 0 -0.435263 0.380049 1
-3.08566 66.9519 1.95489 2.17787 4.98765 1.9023 207548 0 -1.3775 0.376857 0
51.9892 -18.0104 0.698106 0.822444 0.914295 1.68907 83232 0 -1.46866 0.375453 1
37.0865 -9.81159 -1.07138 0.844826 0.926301 1.84875 95353 0 1.80303 0.370463 1
26.3885 -9.17124 -0.296893 0.879622 0.9771 1.67564 96256 0 -1.20865 0.369008 1
26.3845 62.5362 0.206637 1.97337 4.43681 1.59892 201088 0 1.8588 0.364835 0
32.2669 35.0788 1.18217 0.841365 1.95795 1.87774 160858 0 0.269232 0.354228 2
-42.75 38.6157 3.58943 1.88503 4.0992 1.55918 165772 0 0.234452 0.353055 0
56.5274 -1.70286 -2.21137 1.9392 4.20103 1.80012 107114 0 -1.21832 0.353045 0
-5.28433 65.122 1.82544 2.10091 4.6574 1.6037 204733 0 2.17904 0.34743 0
34.6574 -8.06506 -0.987137 0.799983 0.807699 1.71934 97686 0 1.77521 0.346123 1
42.0185 -12.4376 -1.28495 0.849566 0.894062 1.75871 91625 0 -1.3184 0.340479 1
64.3877 12.2197 -1.63708 0.811922 0.89219 1.7052 127731 0 0.993671 0.338949 1
37.0424 -9.99223 -1.05917 0.770214 0.8402 1.7973 94885 0 1.79869 0.337726 1
-42.8105 16.2159 3.38012 1.96206 4.02444 1.73449 133012 0 1.96828 0.33255 0
-14.3602 27.621 1.81311 1.84128 4.14915 1.55542 149949 0 -1.03309 0.327388 0
-0.500099 6.1901 0.69053 0.643517 0.782316 1.33492 118636 0 -1.47403 0.323113 1
-43.9271 16.7822 3.60528 2.60095 6.40915 2.34372 133944 0 -1.16039 0.317435 0
37.8424 -10.6057 -1.22082 0.79479 0.824186 1.77802 93952 0 2.68093 0.316695 1
45.6138 7.22465 -1.46855 2.17037 5.08382 1.77394 120184 0 1.71523 0.316165 0
-12.8229 19.5852 1.61201 0.841019 0.876224 1.67339 138253 0 2.4205 0.315822 1
-50.4314 40.1139 3.95481 2.07676 4.57469 1.69335 168088 0 -0.595288 0.312849 0
-2.30288 47.9077 1.77211 1.96455 4.44933 1.68286 179470 0 -1.23219 0.307558 0
36.3205 55.8104 0.221061 1.99977 4.47028 1.59029 191291 0 -1.25802 0.306877 0
37.1929 -10.468 -1.13577 0.744568 0.816406 1.74413 94418 0 1.87505 0.304925 1
4.97395 47.4359 1.43472 2.22626 5.19901 1.75163 179025 0 2.19159 0.302242 0
10.0637 30.7971 0.913264 2.14645 4.80629 1.68429 154705 0 -0.908409 0.300686 0
23.8479 57.0487 0.042212 2.08082 4.65539 1.58028 193124 0 1.89572 0.300633 0
32.3829 35.301 1.22585 0.863253 1.91697 1.8366 161327 0 0.293269 0.299466 2
19.6561 61.9544 0.716108 2.00362 4.50839 1.63787 200131 0 -0.718271 0.29844 0
56.1831 -1.15933 -2.25952 2.06113 4.62301 1.88005 108049 0 -1.33404 0.297246 0
-3.98154 67.348 2.02605 2.11135 4.72306 1.84651 208013 0 2.13795 0.297077 0
37.0455 -10.5009 -1.12864 0.836695 0.915948 1.7907 94417 0 1.86544 0.296057 1
-3.7317 33.5514 1.42409 0.754263 0.715717 1.64717 158406 0 -0.226495 0.296019 1
36.384 36.0191 -0.475376 2.06612 4.77846 1.65771 162275 0 1.88079 0.295528 0
26.1209 62.3065 0.224236 2.00456 4.50092 1.5899 200619 0 1.75665 0.295246 0
64.3893 12.0941 -1.644 0.823601 0.913387 1.7321 127263 0 0.910242 0.294646 1
-43.6185 38.5997 3.63422 1.99773 4.36155 1.66667 165769 0 2.52892 0.29425 0
38.2754 61.343 0.160067 1.97513 4.39227 1.5339 199253 0 -1.22721 0.293177 0
-2.71259 45.2913 1.21628 1.90403 4.34218 1.46793 175725 0 -1.08338 0.288677 0
25.1096 56.5265 -0.0440669 1.9491 4.41474 1.50973 192192 0 1.80132 0.286757 0
52.0093 -17.8472 0.738638 0.839844 0.976821 1.64175 83700 0 -1.58103 0.283809 1
-2.43922 66.4181 1.90166 2.08866 4.75726 1.83373 206614 0 -0.956602 0.282489 0
15.7698 29.97 1.04188 0.963871 0.945115 2.08468 153319 0 2.85278 0.282246 1
-11.6549 31.9425 1.87936 1.86206 4.39108 1.54327 156041 0 -1.00755 0.281349 0
39.3757 -5.9892 -1.32747 0.897513 0.949632 1.68238 100977 0 0.89049 0.277106 1
-56.7513 7.48328 4.25726 2.07796 4.63325 1.72432 120332 0 -2.81059 0.276882 0
29.6262 20.2964 0.0904722 1.98481 4.41644 1.61735 139322 0 -1.4252 0.27481 0
-47.182 31.0719 3.68607 0.981841 1.05372 1.78086 154994 0 2.70746 0.272682 1
37.888 65.1104 0.267394 1.97652 4.52095 1.6626 204868 0 2.0223 0.272196 0
45.9407 7.46713 -1.45421 2.21209 5.24491 1.74816 120653 0 1.74662 0.271564 0
25.1189 59.6834 0.289671 1.95316 4.38115 1.61331 196872 0 -1.19294 0.269148 0
-3.95101 33.5451 1.41487 0.769462 0.733235 1.68996 158405 0 -0.465146 0.267259 1
41.8594 -12.8784 -1.29807 0.827416 0.859655 1.75043 90688 0 -1.36095 0.266255 1
-43.3234 39.1319 3.74014 2.28287 5.2357 1.84861 166706 0 0.0326705 0.262999 0
64.2689 12.0982 -1.57602 0.824367 0.920099 1.72026 127262 0 1.19041 0.261088 1
-47.0103 30.9037 3.76658 0.950403 1.001 1.75152 154527 0 2.92454 0.260792 1
-48.7908 32.1513 3.71716 2.11329 4.66993 1.7441 156393 0 2.78149 0.258036 0
19.4213 61.9229 0.722874 2.04291 4.60201 1.64454 200130 0 -2.42935 0.256271 0
32.8165 47.1661 0.196685 2.11627 4.54245 1.71497 178644 0 -1.27665 0.254727 0
-50.352 15.8234 3.56156 0.82966 0.873382 1.70002 132520 0 -2.01863 0.25458 1
38.6564 64.5593 0.301934 1.84449 4.08791 1.59503 203934 0 -1.17328 0.254471 0
-1.77124 47.5898 1.7342 1.80871 3.62295 1.79902 179004 0 -1.22481 0.254051 0
-3.95694 33.9637 1.4147 0.699301 0.789221 1.63841 159341 0 -1.33653 0.252731 1
-3.7393 33.9996 1.39369 0.832974 1.0978 1.69147 159342 0 -1.22845 0.249914 1
-6.87253 59.7827 2.02178 2.05738 4.60362 1.68457 196772 0 2.06509 0.249442 0
6.48254 -14.8474 1.01241 0.825864 0.821834 1.72166 87770 0 2.72229 0.24907 1
37.6181 61.6344 0.132377 2.02884 4.53795 1.55365 199719 0 1.94674 0.248259 0
30.2303 60.9699 0.193262 2.09172 4.76394 1.6855 198760 0 -1.24377 0.247772 0
-9.44332 36.9251 1.53718 1.99267 4.66916 1.49467 163536 0 -1.52819 0.247633 0
57.7675 8.17087 -1.96097 1.97244 4.31189 1.66201 121626 0 -1.65483 0.247405 0
24.8113 59.7091 0.291171 1.94791 4.39401 1.58584 196871 0 0.555367 0.247401 0
39.3953 -6.14742 -1.41998 0.867992 0.911002 1.6738 100509 0 0.96626 0.247395 1
46.5243 7.26662 -1.41755 1.98201 4.52968 1.60747 120187 0 1.76538 0.24546 0
34.5204 -8.07693 -0.965527 0.80804 0.812337 1.70103 97685 0 1.74823 0.244987 1
12.2115 32.7051 0.744802 1.99367 4.43811 1.50417 157520 0 -0.895511 0.242794 0
-1.19147 47.8504 1.66862 2.40027 5.82863 1.94676 179474 0 -1.12754 0.241336 0
-9.41679 36.6843 1.52721 1.98524 4.70568 1.50821 163068 0 -0.732199 0.240163 0
-28.88 30.9031 2.73079 2.23138 5.14551 1.8018 154583 0 -0.974077 0.238116 0
39.2226 -5.70744 -1.34273 0.816223 0.86362 1.66209 101444 0 0.633452 0.237692 1
0.284431 8.56498 0.972545 0.845378 1.25968 1.69691 121914 0 -0.790516 0.237345 1
2.41624 41.5448 1.06197 1.91534 4.48189 1.44578 170125 0 2.1702 0.23623 0
-5.27703 40.7568 1.63221 1.94065 4.53529 1.53487 169165 0 2.167 0.236184 0
-48.8022 31.8625 3.70148 2.04303 4.47003 1.69181 155925 0 2.3966 0.235766 0
-51.3508 15.9237 3.69999 2.02309 4.36822 1.57343 132517 0 2.4023 0.23542 0
19.3752 61.6276 0.746015 2.03197 4.49925 1.61364 199662 0 -0.131903 0.234738 0
-52.8735 13.4669 4.11191 0.970004 1.09851 1.62819 129236 0 2.19884 0.23145 1
33.2136 46.6447 0.164326 2.08931 4.54083 1.7123 177709 0 -1.21358 0.231227 0
-4.4503 32.4367 1.22517 1.63626 3.63459 1.31042 157000 0 -0.990497 0.230996 0
-52.7351 13.4694 4.04335 0.883633 1.01805 1.582 129237 0 2.07938 0.230799 1
32.0758 41.9787 0.23964 2.20295 4.97017 1.76364 171154 0 -1.31536 0.230448 0
-27.9983 30.3486 2.60632 2.06601 4.49071 1.58357 153650 0 -1.00456 0.229811 0
36.9294 36.5783 -0.458767 2.06015 4.74534 1.62322 163213 0 1.9286 0.228921 0
24.7898 59.9377 0.295881 1.98131 4.51255 1.58562 197339 0 1.46892 0.227907 0
-51.9533 11.3365 3.94516 0.973832 1.15065 1.67666 125963 0 2.1497 0.227365 1
-28.0524 31.134 2.62494 1.97892 4.5085 1.59257 155054 0 -0.917851 0.227327 0
-2.39827 44.9936 1.37297 1.89735 4.35042 1.48203 175258 0 -1.41011 0.227095 0
-4.56245 36.9247 1.45601 0.648942 0.609032 1.64885 163551 0 1.14045 0.227073 1
27.9224 11.6229 -0.196523 2.0644 4.5675 1.55607 126681 0 1.84183 0.226718 0
40.9981 -10.9883 -1.45975 0.836144 0.872916 1.68819 93494 0 1.83165 0.225025 1
-48.4925 32.4532 3.72591 2.10932 4.64032 1.71781 156862 0 2.65905 0.224852 0
-9.13807 36.6605 1.53355 2.00951 4.81271 1.53624 163069 0 -1.02136 0.223548 0
57.0636 -1.17242 -2.36602 2.156 4.83675 1.90726 108052 0 -1.33353 0.222632 0
12.0243 32.2764 0.747328 1.96158 4.43274 1.47885 156583 0 -0.913095 0.222584 0
57.4322 5.28375 -2.19087 2.09199 4.70333 1.74249 117413 0 -0.592288 0.222462 0
57.1351 5.28529 -2.26967 2.05907 4.60453 1.72664 117412 0 -0.180077 0.220661 0
33.9714 47.1378 0.190116 2.35529 5.41259 1.95436 178648 0 -1.34007 0.219452 0
-5.00394 40.7589 1.64306 1.81298 4.24207 1.51049 169166 0 2.95876 0.218913 0
28.3624 17.6849 -0.0111426 1.97029 4.39832 1.59384 135574 0 1.96172 0.218551 0
-5.26073 40.5441 1.59496 1.88418 4.39105 1.54547 168697 0 1.43481 0.218476 0
39.0761 10.3075 -0.83105 2.2872 5.056 1.88762 124844 0 -1.24829 0.218475 0
55.5168 -1.11205 -2.36064 2.01386 4.52454 1.82266 108047 0 -1.08307 0.217963 0
39.7627 64.437 0.289479 2.3804 5.78065 1.96599 203938 0 -1.1628 0.216804 0
-14.864 12.2677 1.1279 0.96124 1.12479 1.76576 127483 0 -1.11254 0.215077 1
39.6196 -9.77844 -1.34249 0.777643 0.770317 1.67809 95361 0 1.61627 0.214672 1
28.327 32.8117 -0.0516599 2.2193 4.93173 1.66011 157570 0 1.78204 0.214168 0
24.5003 59.7107 0.265134 1.92796 4.30077 1.58308 196870 0 1.20448 0.213313 0
-52.0186 28.0165 3.72362 1.98169 4.36235 1.66579 150299 0 2.65191 0.212482 0
-2.42439 45.5512 1.24452 1.88521 4.34645 1.49004 176194 0 -0.939768 0.212385 0
26.5078 27.3439 0.0296551 1.64073 3.35751 1.46374 149608 0 -1.26964 0.212035 0
-56.4911 7.79165 4.14906 1.98034 4.4857 1.64734 120801 0 2.84825 0.211421 0
4.05265 -13.1802 0.87152 0.748067 0.685023 1.67705 90102 0 -1.59032 0.210123 1
29.8326 17.0734 0.0839845 2.18569 5.00964 1.74799 134643 0 1.88776 0.210062 0
-49.0903 31.8569 3.71042 2.1888 4.82198 1.82263 155924 0 2.15 0.210029 0
27.5848 -5.83128 -0.34983 0.841199 0.895974 1.58643 100940 0 2.79581 0.209336 1
-32.2607 26.5934 2.67343 2.25457 5.01128 1.67363 148489 0 2.22289 0.209274 0
-50.9895 39.5704 3.95688 2.04556 4.6022 1.72758 167150 0 -1.01767 0.208995 0
18.3843 60.0109 0.752716 1.93985 4.26449 1.5111 197319 0 -0.97703 0.208855 0
-24.4382 34.5074 2.58566 2.13922 4.8052 1.71847 159745 0 -0.996923 0.208698 0
-47.4171 30.9041 3.64835 1.00729 1.06911 1.83235 154525 0 2.79851 0.207 1
56.6016 43.5942 -0.16247 0.85644 0.968043 1.74306 173570 0 1.42105 0.206982 1
56.0871 7.45306 -2.17113 0.86875 0.928095 1.79988 120685 0 -1.40931 0.205974 1
15.5514 29.723 1.00862 1.01023 0.905813 2.03547 152850 0 2.7061 0.205829 1
37.673 -10.6098 -1.19848 0.777018 0.834797 1.79536 93951 0 2.19163 0.205584 1
30.923 42.0496 0.307917 2.06407 4.60027 1.66095 171150 0 -1.31573 0.204835 0
47.2948 -15.5186 -1.84225 0.831789 0.934754 1.83889 86961 0 1.7866 0.204648 1
5.07062 46.9874 1.45071 1.91781 4.48202 1.59918 178089 0 2.17543 0.204369 0
-43.0403 38.3228 3.59596 1.76322 3.64019 1.54179 165303 0 0.0440711 0.20435 0
9.49575 30.8977 0.92564 2.08686 4.68631 1.65012 154703 0 -0.938837 0.202967 0
57.0939 -2.01708 -2.28018 2.19292 5.04187 1.90917 106648 0 -1.07879 0.20292 0
-2.12986 45.2536 1.38554 1.90172 4.35278 1.478 175727 0 -0.123186 0.202359 0
-1.79066 66.0552 1.96831 2.06487 4.66981 1.74607 206148 0 -0.991229 0.202223 0
38.2699 64.8365 0.312504 1.87992 4.29231 1.61607 204401 0 -1.73694 0.202137 0
-4.9946 40.5261 1.63315 1.83899 4.29135 1.53267 168698 0 0.976286 0.201272 0
-3.40994 67.2687 1.99708 2.16446 4.94361 1.87812 208015 0 2.29332 0.201221 0
37.2083 -8.89952 -1.2753 0.764396 0.795666 1.74424 96758 0 1.8131 0.200955 1
58.0509 7.86334 -2.06284 2.03141 4.43933 1.69989 121159 0 -1.46768 0.200885 0
57.4816 8.46181 -1.95375 1.93131 4.22165 1.63764 122093 0 -1.81467 0.200738 0
3.64936 44.86 1.22519 2.1631 4.96956 1.61869 175277 0 2.16864 0.200718 0
-10.741 34.9526 1.75564 1.98755 4.40872 1.48611 160724 0 -1.03203 0.200445 0
-2.81572 66.9316 1.97683 2.24553 5.09789 1.91348 207549 0 -1.10065 0.198115 0
45.301 6.93506 -1.4842 2.14081 5.00989 1.83385 119715 0 1.72177 0.197564 0
-51.7047 28.0322 3.65736 1.93703 4.22239 1.62463 150300 0 2.88061 0.196657 0
19.9278 62.2107 0.670449 2.0082 4.48533 1.64246 200600 0 -1.15712 0.196284 0
-47.1707 30.6796 3.6972 0.962179 1.00539 1.77766 154058 0 -0.26996 0.195591 1
-51.7252 11.1159 3.89395 0.949782 1.01068 1.63284 125496 0 2.1696 0.195084 1
57.7567 5.26549 -2.12121 2.00771 4.43353 1.72676 117414 0 -1.1021 0.194986 0
25.7124 59.629 0.250059 2.04924 4.61059 1.69821 196874 0 -1.30782 0.194753 0
32.1857 47.235 0.180908 2.0592 4.6357 1.67369 178642 0 -1.22911 0.194296 0
58.3954 4.97081 -2.16069 1.97021 4.28401 1.70373 116948 0 -1.39643 0.194247 0
-3.0443 45.8804 1.17257 1.89281 4.37981 1.48135 176660 0 -1.07334 0.193751 0
32.2257 34.805 1.01729 0.875938 1.90203 1.8707 160390 0 0.195406 0.193648 2
56.6027 43.4532 -0.190723 0.858336 1.00735 1.72196 173102 0 1.19793 0.193254 1
-4.42178 36.9256 1.4746 0.664581 0.619039 1.65366 163552 0 1.036 0.193254 1
15.3003 29.9277 1.03328 1.05837 1.01954 2.00504 153317 0 -2.62814 0.19288 1
58.0886 5.25806 -2.15217 1.94073 4.21135 1.68769 117415 0 -1.36801 0.192547 0
66.0512 -21.336 -1.76613 2.33559 5.37635 2.40659 78596 0 -1.29164 0.191105 0
52.2139 -18.027 0.703495 0.831638 1.49311 1.77053 83233 0 -1.35495 0.190269 2
57.3791 -1.74428 -2.26817 2.24878 5.25925 1.95189 107117 0 -1.15129 0.190197 0
42.4003 -11.9532 -1.41601 0.794805 0.821131 1.72618 92094 0 -1.35794 0.189221 1
34.524 -7.95464 -0.967774 0.793426 0.793637 1.68462 98153 0 1.46755 0.188037 1
-52.2428 16.4962 3.86075 2.27806 5.24656 1.83412 133450 0 2.30453 0.187587 0
-17.0899 57.4764 2.74102 0.807568 0.739702 1.7561 193464 0 1.33535 0.185905 1
57.0185 43.4269 -0.250939 0.878901 1.3461 1.76999 173104 0 1.07452 0.18577 1
-15.1493 59.0343 2.45132 1.89958 4.18215 1.56552 195810 0 2.58766 0.185297 0
-4.71943 65.0235 1.82809 2.19315 4.73128 1.67126 204735 0 1.23644 0.184937 0
30.5052 61.2515 0.245058 2.24644 5.19021 1.79046 199229 0 -1.26879 0.184647 0
55.2313 -1.07607 -2.36747 1.99089 4.45878 1.78692 108046 0 1.68871 0.18425 0
10.9522 30.1963 0.809589 1.98423 4.60456 1.58625 153772 0 -0.940608 0.184032 0
26.617 -9.21839 -0.302908 0.893927 1.50005 1.73284 96257 0 -1.18134 0.183852 1
26.6687 62.82 0.228739 1.98308 4.45614 1.6186 201557 0 1.95488 0.182647 0
-51.7773 11.2928 3.8982 0.930931 1.03684 1.60635 125964 0 2.25844 0.182635 1
4.52773 44.2411 1.14116 2.01363 4.62043 1.45506 174344 0 2.1589 0.182509 0
37.1776 -10.9393 -1.19842 0.863442 0.942621 1.84523 93482 0 1.90186 0.182267 1
-9.70019 36.6936 1.55549 1.95993 4.48798 1.45448 163067 0 0.906489 0.182222 0
28.9745 36.0014 -0.149342 2.08643 4.63436 1.53588 162252 0 -1.25596 0.181573 0
26.4495 -9.29237 -0.279218 0.930431 1.09621 1.69117 95788 0 -0.959358 0.181517 1
-9.73941 37.2251 1.58646 1.96378 4.48442 1.46705 164003 0 -1.28712 0.181416 0
52.2142 -17.801 0.71878 0.858096 1.32886 1.72207 83701 0 -1.76768 0.181177 2
26.1929 -9.11902 -0.308545 0.904957 0.959741 1.62954 96255 0 -1.11246 0.18087 1
38.782 1.42687 0.955628 0.798019 0.826745 1.77755 111739 0 2.81265 0.180492 1
17.081 29.889 1.04274 0.891423 0.866441 2.02263 153323 0 -0.890166 0.179986 1
-43.3485 38.3174 3.59256 1.80042 3.82872 1.55691 165302 0 -0.0141719 0.179275 0
35.1227 55.9474 0.262911 1.82278 4.05479 1.57052 191287 0 1.92112 0.178983 0
37.0255 -10.9453 -1.2237 0.870917 0.938839 1.83362 93481 0 1.89327 0.178492 1
24.2928 21.9643 0.0583721 1.66879 3.4261 1.29414 141645 0 1.89104 0.178176 0
29.2957 16.8962 0.0645363 2.03489 4.11863 1.65602 134173 0 1.90758 0.176132 0
29.6726 38.949 0.130653 1.96523 4.51113 1.52153 166466 0 -1.25638 0.175916 0
-0.677643 6.2068 0.72396 0.714114 1.53244 1.50323 118635 0 -1.43593 0.174724 2
-4.33907 64.2686 1.799 2.0148 4.55211 1.61851 203332 0 -0.911245 0.174229 0
-12.4273 19.4252 1.57528 0.832333 0.853105 1.63077 137787 0 -2.97036 0.173762 1
-14.0086 58.6755 2.40046 2.40328 5.69168 1.91604 195346 0 -1.09906 0.17275 0
16.1507 30.2653 1.10875 1.47965 2.68272 2.31835 153788 0 -2.19674 0.171713 0
-52.9294 13.0646 4.17881 0.861327 0.919547 1.64872 128300 0 2.19268 0.171388 1
51.7973 -18.0429 0.707663 0.861597 1.05357 1.70461 83231 0 -1.61291 0.171034 1
24.1845 59.9819 0.27258 1.97415 4.51642 1.58889 197337 0 1.69299 0.170866 0
29.2407 20.5452 0.0704231 2.15227 4.99736 1.65058 139789 0 1.90727 0.170772 0
19.0895 61.3068 0.763237 1.92111 4.26223 1.55893 199193 0 0.313034 0.170741 0
56.8255 5.27606 -2.26749 2.04108 4.51443 1.69262 117411 0 0.401825 0.17033 0
6.15029 46.5034 1.28535 2.0604 4.49151 1.6623 177625 0 2.18698 0.169528 0
-49.0893 32.4329 3.75149 2.29666 5.21705 1.91326 156860 0 2.52284 0.169442 0
15.5645 30.1605 1.0921 1.09713 1.0763 2.02146 153786 0 -1.3272 0.169054 1
41.8846 -12.4512 -1.2418 0.87651 0.91825 1.77998 91624 0 -1.29558 0.168805 1
55.4998 -0.882286 -2.32618 2.01693 4.57511 1.83616 108515 0 -2.04379 0.167102 0
57.0285 43.6195 -0.197523 0.855775 1.42666 1.77559 173572 0 1.42178 0.166981 2
-18.1883 19.9939 2.06432 1.93608 4.37921 1.77181 138705 0 -1.00887 0.166405 0
37.5538 36.0175 -0.690347 1.99538 4.61304 1.57086 162279 0 1.89556 0.166321 0
37.8517 -10.1798 -1.16288 0.821329 0.837071 1.77535 94888 0 2.93553 0.165296 1
45.2743 4.55685 -1.62633 2.12574 4.73571 1.64068 116439 0 1.65712 0.164343 0
-50.2225 15.8201 3.6349 0.839461 0.925936 1.67058 132521 0 -2.21601 0.164332 1
-59.0924 12.6618 4.27678 2.11863 4.7769 1.75192 127813 0 -3.10907 0.164207 0
-51.0748 15.875 3.70349 1.91111 4.11969 1.60294 132518 0 2.68539 0.163588 0
29.9767 60.6774 0.204118 1.98397 4.47597 1.62385 198291 0 -1.14593 0.163465 0
42.4218 -11.7221 -1.45838 0.801851 0.809034 1.6988 92562 0 -1.34834 0.162748 1
-0.487892 6.04465 0.699384 0.700146 1.00552 1.41746 118168 0 -1.30703 0.162614 1
-51.3597 28.04 3.64356 1.933 4.23705 1.61838 150301 0 -3.03697 0.162374 0
-11.0783 66.0515 2.68844 0.823704 0.823421 1.80369 206119 0 -0.479544 0.162062 1
27.4678 -5.71577 -0.342289 0.798122 0.8296 1.45601 101407 0 2.95996 0.161712 1
-30.9246 29.1507 2.70567 2.41243 5.64044 1.88951 152237 0 -0.895683 0.161495 0
27.5793 30.4254 0.248659 2.4938 6.20167 2.02244 154292 0 1.85807 0.161262 0
18.6748 59.9999 0.74049 1.94775 4.36528 1.53304 197320 0 -0.685098 0.160418 0
-5.29196 41.0282 1.67946 1.95772 4.50685 1.53349 169633 0 2.83715 0.16023 0
60.6193 2.39159 -2.41473 1.72721 3.36979 1.7294 113211 0 1.47751 0.159887 0
9.86865 30.3489 0.901287 2.06279 4.53846 1.68411 153768 0 -0.971175 0.159378 0
-3.39133 66.1377 1.99489 0.995882 1.13824 1.86837 206143 0 -2.51177 0.159026 1
56.4916 -0.872696 -2.33817 2.04457 4.49828 1.83663 108518 0 -1.364 0.158954 0
-4.95557 41.049 1.66982 1.82194 4.18301 1.4919 169634 0 -2.5192 0.158869 0
32.3842 34.8137 1.05526 0.879444 1.94175 1.85244 160391 0 0.205664 0.158868 2
-43.93 38.8599 3.82832 2.25825 5.2419 1.87633 166236 0 -0.513599 0.158831 0
60.6428 1.76028 -2.51545 2.04638 4.52661 1.69444 112275 0 0.891892 0.1588 0
26.7583 27.5451 0.0679308 1.77298 3.81881 1.46328 150077 0 -1.2719 0.158225 0
38.6359 1.41557 0.931444 0.799787 0.820434 1.76833 111738 0 3.10033 0.158105 1
60.6262 2.09572 -2.49439 1.79498 3.57633 1.70419 112743 0 1.10284 0.1581 0
-48.8142 31.5754 3.68535 1.98844 4.33161 1.66371 155457 0 -3.00507 0.158028 0
-2.06595 48.3621 1.86294 2.24274 4.93687 1.87654 180407 0 -1.23318 0.157969 0
-3.31019 45.3258 1.19582 1.86366 4.25752 1.44689 175723 0 -1.06083 0.157807 0
30.2562 19.8008 0.080181 2.10657 4.81226 1.67495 138388 0 -1.59104 0.157271 0
29.2753 36.2733 -0.0689829 2.03993 4.59593 1.54367 162721 0 -1.22547 0.157129 0
4.05497 -13.073 0.855836 0.765497 0.729675 1.67378 90570 0 -1.88689 0.157102 1
28.6496 35.7065 -0.153986 2.09562 4.63032 1.57196 161783 0 -1.28243 0.156634 0
-49.0923 39.8714 3.70099 1.91898 4.18946 1.55379 167624 0 -2.65537 0.156523 0
56.4928 -17.1468 -1.4857 0.828574 0.855525 1.78382 84650 0 1.85179 0.156505 1
56.0878 7.29336 -2.19028 0.846924 0.877438 1.79978 120217 0 -1.09167 0.156475 1
11.4458 32.5773 0.798623 2.0227 4.55265 1.51099 157049 0 -0.948401 0.15624 0
-52.329 27.7141 3.77088 1.94035 4.22963 1.64191 149830 0 2.29958 0.156006 0
39.0236 -5.97229 -1.28591 0.904185 0.914138 1.7102 100975 0 1.02094 0.155865 1
57.1419 5.90101 -2.23717 2.08641 4.64275 1.74654 118348 0 0.00206527 0.155624 0
45.015 7.49483 -1.35346 2.23817 5.02715 1.91797 120650 0 1.75804 0.155229 0
28.6351 32.5102 -0.0208045 2.16627 4.90688 1.63136 157103 0 1.64416 0.154892 0
48.8096 30.5421 -1.06994 1.93225 4.29886 1.54855 154358 0 -1.05101 0.153129 0
42.7244 5.23022 -0.639224 0.849359 0.976898 1.89522 117367 0 1.59561 0.153094 1
18.0742 60.5891 0.774922 1.95421 4.34418 1.53852 198254 0 -0.898319 0.151872 0
24.4893 59.4049 0.260032 1.92876 4.26673 1.57552 196402 0 0.908397 0.151851 0
58.4057 5.54945 -2.10623 2.01431 4.38417 1.73525 117884 0 -1.55072 0.151817 0
-2.38024 44.7014 1.43893 1.91478 4.42423 1.48372 174790 0 -2.19505 0.15174 0
10.3998 63.7358 0.814069 2.32855 5.52593 1.89462 202910 0 -0.96578 0.151635 0
25.387 59.9076 0.270465 1.99113 4.50142 1.6477 197341 0 -0.916323 0.151492 0
-2.09195 44.6901 1.48711 1.90899 4.37878 1.47755 174791 0 2.87403 0.151105 0
22.3344 16.7077 0.155144 1.66605 3.21621 1.41464 134151 0 -1.24363 0.150566 0
-50.1172 40.4117 3.92717 2.22492 5.05798 1.84341 168557 0 -0.410313 0.150437 0
-5.91972 41.1063 1.63855 2.00357 4.56598 1.56254 169631 0 2.15176 0.150192 0
60.6595 1.43806 -2.48258 2.04829 4.67211 1.71542 111807 0 0.608315 0.150067 0
-2.13293 45.5532 1.3595 1.92067 4.33929 1.48952 176195 0 -0.462516 0.149756 0
17.799 60.3313 0.734099 1.91609 4.3168 1.54553 197785 0 -1.03251 0.149667 0
37.6457 -10.1777 -1.11324 0.768726 0.81052 1.79013 94887 0 1.93359 0.1492 1
-43.0302 39.4443 3.79318 2.44091 5.83742 2.06857 167175 0 -0.0350315 0.148996 0
-4.24707 33.7586 1.41983 0.747284 0.749454 1.65511 158872 0 -1.12489 0.148644 1
-49.096 31.5596 3.7255 2.11345 4.63757 1.78428 155456 0 2.5356 0.14859 0
28.9705 35.3773 -0.109009 2.1254 4.67667 1.61564 161316 0 -1.2618 0.148515 0
-46.9945 31.0756 3.77294 0.920587 0.998926 1.74572 154995 0 -3.14018 0.148466 1
55.5466 -1.37331 -2.3547 2.05022 4.62477 1.85186 107579 0 -0.793693 0.148045 0
23.5952 -9.13033 -0.292282 0.884033 0.923901 1.34457 96247 0 1.95597 0.14794 1
55.9437 7.45598 -2.17122 0.869859 0.932626 1.81608 120684 0 -1.26036 0.147837 1
-49.4074 31.8546 3.69942 2.3366 5.28611 2.01531 155923 0 1.74914 0.147249 0
19.9787 62.5261 0.589217 2.07331 4.67715 1.68309 201068 0 -2.59511 0.146933 0
-51.1129 16.0952 3.64852 1.40211 2.39842 1.56859 132986 0 2.60633 0.146887 0
1.53964 42.1039 1.19073 2.0284 4.74791 1.52459 171058 0 2.17269 0.146711 0
-51.0414 28.0376 3.62977 1.9515 4.30874 1.63444 150302 0 -2.75811 0.146638 0
57.4741 7.87811 -2.11478 1.87866 4.06408 1.61516 121157 0 -1.62709 0.146473 0
37.2561 35.7501 -0.655714 1.99927 4.54769 1.60007 161810 0 1.85743 0.146418 0
5.9743 46.3531 1.32179 1.80545 3.9257 1.53744 177156 0 2.19224 0.14558 0
26.3862 62.0177 0.230746 1.85326 4.16174 1.50736 200152 0 1.75583 0.145163 0
-42.4685 39.1325 3.68206 2.26002 5.22234 1.84741 166709 0 0.335053 0.145016 0
37.0921 -9.03048 -1.20095 0.773938 0.801934 1.72228 96289 0 1.82342 0.144988 1
60.3492 2.11372 -2.49496 1.3943 2.33231 1.71479 112742 0 1.25736 0.144961 0
-49.7734 40.1516 3.86406 2.0089 4.40926 1.58279 168090 0 -0.808778 0.144818 0
49.7353 6.86855 -1.63089 2.06729 4.6176 1.66159 119729 0 1.52797 0.144741 0
10.5155 19.4002 0.607725 2.02226 4.58484 1.5928 137858 0 2.00953 0.144314 0
27.0328 -9.43149 -0.347944 0.834033 1.0759 1.69319 95790 0 -0.72488 0.143535 1
16.1358 29.9664 0.963917 1.51342 2.44059 2.22499 153320 0 -2.71554 0.143138 0
25.4411 56.2471 -0.0229065 1.90184 4.30017 1.51926 191725 0 1.82273 0.142706 0
-12.4272 19.6036 1.55768 0.830912 0.915368 1.63636 138255 0 2.67519 0.142665 1
-37.6053 27.653 3.06336 2.09136 4.64309 1.79373 149876 0 -1.02947 0.14234 0
57.783 7.57039 -2.1507 1.94785 4.19161 1.67198 120690 0 -1.41411 0.141604 0
-6.33002 59.9883 2.01838 2.14031 4.52387 1.68813 197242 0 2.06763 0.141364 0
60.3479 2.39075 -2.44272 1.2581 1.95445 1.75143 113210 0 1.62019 0.141363 0
29.5746 35.6926 -0.0117891 2.05698 4.58267 1.56311 161786 0 -1.22656 0.141352 0
-18.7049 -6.27785 1.17078 0.713216 0.836788 1.24447 100327 0 -2.88029 0.141083 1
60.9513 2.39873 -2.39499 2.05526 4.54643 1.74201 113212 0 1.3679 0.140948 0
37.2166 -9.51447 -1.04959 0.769517 0.836179 1.8073 95822 0 1.77791 0.140823 1
-52.0023 28.5953 3.78884 2.33272 5.32873 2.00486 151235 0 2.76131 0.140119 0
26.031 56.464 0.0476719 2.03531 4.50498 1.56209 192195 0 1.70771 0.140067 0
-19.355 58.0828 2.84212 2.16147 4.90046 1.83316 194393 0 1.93065 0.140028 0
-15.488 59.3502 2.46449 2.12599 4.8534 1.71237 196277 0 2.11376 0.1398 0
27.7182 32.8267 -0.0133701 2.02603 4.42715 1.59784 157568 0 1.74432 0.139763 0
58.6631 5.26279 -2.06952 2.06113 4.55395 1.77484 117417 0 -1.55118 0.139719 0
-1.82388 47.2191 1.70341 1.06245 1.42911 1.73639 178536 0 -1.59173 0.139594 1
28.6273 33.083 -0.0570951 2.25728 5.00661 1.71388 158039 0 1.81538 0.139556 0
3.77345 44.1038 1.1477 1.79008 4.21971 1.44682 173873 0 2.27129 0.139293 0
57.4224 6.2396 -2.16756 2.05848 4.47723 1.70596 118817 0 0.15667 0.139232 0
18.6696 60.2913 0.749636 1.97203 4.44052 1.54432 197788 0 -0.274931 0.139036 0
16.4566 30.2429 1.06409 1.56562 3.03207 2.30371 153789 0 -2.03528 0.138917 0
60.6346 2.70385 -2.47151 2.08612 4.54768 1.73941 113679 0 1.64664 0.138259 0
40.6071 -10.998 -1.48149 0.836575 0.849951 1.64758 93492 0 1.84436 0.138019 1
37.638 64.8937 0.325512 1.90658 3.88154 1.64768 204399 0 2.06641 0.137948 0
39.2196 -6.46111 -1.3973 0.858986 0.849173 1.72611 100040 0 1.02023 0.137869 1
16.1091 30.5333 1.28979 1.34742 1.91257 2.42519 154256 0 -1.48901 0.137569 0
55.8437 -0.875275 -2.28665 2.07432 4.72355 1.87207 108516 0 -1.74465 0.137475 0
-12.6281 19.9636 1.56098 0.874893 1.34925 1.6387 138722 0 2.24249 0.137331 1
-9.16402 37.2151 1.56573 1.99665 4.53865 1.49002 164005 0 -1.94762 0.13721 0
-6.63192 60.5599 2.01497 2.3931 5.35833 1.8124 198177 0 2.20241 0.137073 0
17.8083 60.0085 0.720368 1.92583 4.13657 1.53196 197317 0 -1.05421 0.137052 0
30.5401 19.796 0.0676557 2.2167 5.14993 1.71926 138389 0 -2.18216 0.136893 0
15.8382 30.6105 1.31499 1.14973 1.26599 2.19992 154255 0 -0.477925 0.136749 0
-27.6915 31.8084 2.69936 2.01627 4.46299 1.62558 155991 0 -0.998787 0.136082 0
-49.4173 40.1502 3.82551 2.00862 4.45209 1.59946 168091 0 -2.77917 0.136039 0
51.9857 -18.311 0.653802 0.827446 1.53881 1.7605 82764 0 -0.367172 0.135949 2
29.9677 61.5603 0.206956 1.93977 4.31078 1.60862 199695 0 -1.30669 0.13554 0
52.2564 -17.5046 0.394269 0.861116 1.63072 1.71344 84169 0 -2.75133 0.135202 2
15.8123 30.2154 1.13315 1.11401 1.45103 2.12947 153787 0 -2.26672 0.134996 1
31.5657 47.4925 0.211138 2.00024 4.52415 1.69915 179108 0 0.215028 0.134981 0
18.0895 59.7286 0.725371 1.38363 2.23002 1.52614 196850 0 -1.0527 0.134971 0
69.3037 -22.2368 -3.17174 3.4651 10.5283 3.4493 77202 0 -1.31792 0.134945 0
-16.9116 57.5017 2.7138 0.767559 0.695908 1.71131 193465 0 1.75099 0.134694 1
-15.1218 58.8071 2.46764 1.77624 3.94493 1.4904 195342 0 -1.24345 0.134621 0
-3.43897 33.7213 1.35209 0.798925 0.861117 1.65225 158875 0 -0.727454 0.13457 1
30.1912 17.7193 0.141138 0.847181 0.905295 1.61191 135580 0 1.67472 0.134226 1
-51.9337 11.1433 3.97536 1.02691 1.31111 1.67837 125495 0 2.20214 0.133805 1
23.9043 56.5783 -0.0500268 1.97335 4.51575 1.54464 192188 0 1.82756 0.133721 0
34.3406 28.0643 0.0305788 2.23817 5.23684 1.73145 150569 0 1.88662 0.133296 0
-3.60122 66.1424 1.98972 1.01421 1.14621 1.86624 206142 0 2.80271 0.132921 1
-48.1926 32.7524 3.71851 2.14975 4.75406 1.7604 157331 0 2.74628 0.132792 0
-0.145401 40.3376 1.29398 2.23662 5.29754 1.6516 168713 0 2.26159 0.132696 0
36.6409 35.4335 -0.48801 2.00973 4.57272 1.63854 161340 0 1.84729 0.132496 0
13.4042 34.8196 0.895503 1.94563 4.64836 1.70838 160331 0 -0.903227 0.132316 0
4.67929 -12.8777 0.714885 0.741071 0.728229 1.66621 90572 0 -1.36507 0.132184 1
-3.61215 66.3772 1.97523 1.32075 1.92486 1.8716 206610 0 2.55673 0.131685 1
-21.319 21.2966 2.14703 0.728485 0.72791 1.58304 140567 0 0.625946 0.131464 1
6.49781 -14.6932 0.987615 0.8734 0.893787 1.72794 88238 0 2.63788 0.131398 1
-14.7869 58.5106 2.46844 1.87733 4.27346 1.54407 194875 0 -1.05497 0.13089 0
-13.8397 30.2819 1.8037 1.94261 4.49971 1.52112 153694 0 -1.07552 0.130651 0
67.6925 -21.9183 -3.04482 3.22171 9.15797 3.62471 77665 0 -1.30257 0.13027 0
58.1058 4.69145 -2.16343 1.92745 4.1648 1.67955 116479 0 -1.24927 0.130261 0
-11.1017 31.915 1.80076 1.95912 4.77746 1.54481 156043 0 -1.03805 0.130108 0
64.7582 -19.9663 -1.81319 2.07723 4.4502 1.84471 80464 0 -2.93311 0.129646 0
-50.1509 39.5696 3.83057 1.81138 3.57166 1.51443 167153 0 -0.696052 0.129228 0
-50.7077 15.8409 3.69858 1.05559 1.57396 1.64876 132519 0 -1.76076 0.128679 0
16.9133 29.92 1.03938 0.918768 0.85908 2.06285 153322 0 -1.3227 0.1286 1
-53.1971 13.2819 4.19831 0.887307 0.965745 1.6986 128767 0 2.17889 0.127745 1
41.0046 -10.8295 -1.49327 0.846857 0.868566 1.69232 93962 0 1.81557 0.127704 1
57.7351 6.24373 -2.14834 2.08748 4.5394 1.72423 118818 0 -0.102734 0.127248 0
-5.03829 65.3549 1.85608 2.35596 5.20563 1.75964 205202 0 2.22685 0.127245 0
57.7389 5.91409 -2.14577 2.09514 4.5403 1.74544 118350 0 -0.48109 0.126953 0
24.729 56.9993 -0.0305173 1.95729 4.28304 1.51283 193127 0 1.95517 0.126653 0
-52.0009 17.0329 3.77403 2.13537 4.92008 1.71249 134387 0 2.49639 0.126094 0
-17.7095 57.1004 2.70997 0.919699 1.03353 1.82211 192994 0 -1.02018 0.125744 1
13.5939 66.3807 0.407837 1.9041 4.22702 1.48764 206664 0 -0.994095 0.125709 0
55.9364 7.28851 -2.15572 0.85638 0.8982 1.79053 120216 0 -0.697084 0.12544 1
-10.0022 36.9787 1.57679 1.8489 4.14931 1.4083 163534 0 -0.287242 0.125107 0
45.3003 7.77058 -1.31946 2.22402 5.01182 1.92088 121119 0 1.77312 0.124966 0
-5.52328 64.9034 1.81474 1.97491 4.39866 1.5904 204264 0 2.15042 0.124669 0
-3.3427 66.4039 1.97432 1.81526 3.19303 1.88979 206611 0 -2.24987 0.124594 0
-55.8636 12.6737 4.54693 0.894807 0.995037 1.69111 127823 0 -1.87334 0.124437 1
42.2967 -12.9301 -1.4653 0.781076 0.801529 1.7079 90690 0 -1.2672 0.123982 1
43.9952 8.88947 -0.474673 0.90395 0.95603 1.85489 122519 0 1.6273 0.123935 1
-53.6117 13.269 4.13707 0.83838 0.907514 1.71321 128766 0 2.20342 0.123917 1
-50.9925 40.4255 4.03025 2.44585 5.80817 2.10665 168554 0 -0.728744 0.123733 0
-28.0156 31.4804 2.63856 2.00342 4.47801 1.62152 155522 0 -0.940445 0.123682 0
-36.634 28.9417 2.80966 2.00347 4.45286 1.63983 151751 0 -1.00191 0.123666 0
-19.1141 -1.56843 1.51478 1.81622 3.68966 1.55536 107346 0 0.278089 0.12338 0
