-14.1842 -3.12568 1.23775 2.30052 5.05197 1.9199 105021 0 0.328975 0.951624 0
8.85707 14.2109 0.988724 2.1573 4.81585 1.75695 130365 0 1.94198 0.93936 0
-0.850159 14.5504 0.884664 1.96716 4.38644 1.47565 130803 0 -1.05078 0.929836 0
20.6843 10.484 0.23615 2.03378 4.76518 1.55763 124786 0 -1.20326 0.909246 0
0.0743637 17.3523 0.9141 2.125 4.86347 1.50176 135018 0 -0.991676 0.907796 0
-19.7603 -1.74561 1.4534 2.06579 4.58132 1.56671 106876 0 0.330346 0.907698 0
-7.88731 27.6543 1.42592 2.01892 4.62446 1.47679 149969 0 2.10788 0.900702 0
10.0804 16.4641 0.923546 2.23078 5.09158 1.88883 133645 0 2.02461 0.900003 0
-6.29279 29.9255 1.55532 2.09825 4.78098 1.76771 153250 0 2.14283 0.89773 0
-21.9177 15.8652 2.12076 2.18008 4.72719 1.84991 132609 0 -0.993268 0.892187 0
37.6753 6.96403 -0.827044 2.11829 4.86125 1.83412 119691 0 -1.27274 0.890936 0
-9.72028 25.5475 1.63257 2.04666 4.6896 1.72668 146687 0 2.11293 0.890716 0
-13.8323 18.4965 1.50623 1.99707 4.67115 1.52439 136378 0 -1.00437 0.887878 0
5.56967 23.519 0.833093 1.9973 4.7049 1.43806 143927 0 -0.97992 0.885299 0
-15.4247 15.2838 1.61977 1.89558 4.1921 1.68151 131693 0 2.12938 0.879181 0
11.4108 22.0216 0.929945 2.15824 4.98575 1.88358 141605 0 2.01465 0.874384 0
-12.363 20.704 1.46499 1.97766 4.62039 1.50288 139659 0 2.1617 0.872362 0
-2.92953 12.5317 0.9003 2.21678 5.14128 1.52735 127988 0 -0.990059 0.86288 0
3.67133 21.5042 1.10602 2.11004 4.80537 1.82555 141113 0 -0.981499 0.861566 0
-20.1023 18.061 1.82261 2.07237 4.54164 1.59687 135891 0 -1.05723 0.857154 0
-16.5018 25.0391 1.78125 2.06731 4.84333 1.67301 146198 0 -0.963011 0.852564 0
-30.8946 28.9004 2.69923 2.08228 4.56622 1.66538 151769 0 -0.940237 0.849666 0
-10.4292 22.9769 1.5227 1.94013 4.4022 1.54576 142941 0 2.13709 0.848195 0
8.5684 28.2468 1.17354 2.20516 5.1584 1.84382 150956 0 -0.959459 0.846409 0
-22.0326 -0.522194 1.63891 2.06573 4.66807 1.5967 108741 0 0.306974 0.84046 0
25.7163 24.4858 0.332128 2.0992 4.84798 1.81852 145394 0 -1.29166 0.83996 0
-1.3777 36.9895 1.26472 2.02142 4.71764 1.48186 163561 0 2.2235 0.839059 0
23.2544 19.0788 0.169786 1.97838 4.57323 1.51106 137430 0 -1.28924 0.838241 0
-28.0587 11.4893 2.16871 2.03135 4.25681 1.56446 126038 0 1.90552 0.836812 0
-40.7646 22.1705 2.95421 2.03302 4.56382 1.68717 141910 0 2.23136 0.834917 0
7.39851 10.9387 0.936141 2.09766 4.70233 1.54436 125681 0 1.89962 0.831206 0
-3.94754 33.78 1.46966 0.740327 0.683354 1.70428 158873 0 -2.0461 0.829237 1
-17.7825 22.9274 1.88046 2.0867 4.92384 1.711 142918 0 -1.01325 0.826393 0
-5.03165 32.4865 1.27251 1.89176 4.30178 1.40218 156998 0 -1.04474 0.816671 0
41.4538 -12.9913 -1.28719 0.830699 0.86574 1.71651 90687 0 -1.30538 0.816576 1
21.9608 13.4979 0.169989 1.97841 4.52325 1.52852 129470 0 -1.23541 0.812326 0
13.5458 34.7523 0.954246 2.10371 4.83394 1.73185 160332 0 -0.910364 0.812036 0
22.5519 16.3763 0.175452 1.97118 4.51586 1.53681 133684 0 -1.23358 0.811617 0
1.84153 19.4755 1.08406 2.07094 4.78571 1.76207 137831 0 2.14316 0.810339 0
6.59125 25.978 0.878147 2.07897 4.8554 1.49285 147674 0 -0.978303 0.809094 0
30.5232 38.4851 0.246161 2.12153 4.80932 1.70178 166001 0 -1.25222 0.808143 0
-18.9899 20.3804 2.05537 2.2987 5.66727 1.96061 139170 0 -1.0297 0.80018 0
36.6126 -10.9724 -1.04985 0.851514 0.887389 1.8187 93480 0 1.99669 0.794842 1
-3.45466 34.6569 1.31957 2.07585 4.94547 1.59261 160279 0 -1.02004 0.793925 0
-12.9762 19.6041 1.62761 0.844329 0.875893 1.69762 138253 0 -2.35347 0.792683 1
-17.1731 -2.73804 1.33412 1.9503 4.24551 1.5442 105480 0 0.271087 0.789177 0
-13.2273 29.9688 1.70716 1.91593 4.37176 1.57019 153228 0 -0.995925 0.787309 0
-0.12262 39.9078 1.46159 2.07746 4.8114 1.64506 167777 0 2.20581 0.783721 0
24.5072 21.8612 0.177765 1.9482 4.49181 1.45299 141646 0 1.78243 0.772908 0
26.7702 27.0621 0.0880508 1.90897 4.22228 1.51448 149141 0 -1.26969 0.771163 0
25.2015 8.85337 0.164183 1.98575 4.5644 1.8638 122460 0 1.90437 0.769389 0
44.9521 3.72767 -1.51388 2.08603 4.756 1.67426 115034 0 1.92794 0.768619 0
-43.9821 17.0513 3.32737 2.21638 4.94486 1.88916 134412 0 2.03114 0.761892 0
-32.4685 26.6559 2.72718 2.09276 4.66379 1.67349 148488 0 2.18806 0.751675 0
27.9476 14.4602 -0.00150907 2.20875 4.91317 1.72135 130893 0 1.89997 0.746528 0
-14.9007 27.927 1.79357 1.95808 4.36965 1.63862 150415 0 -0.974275 0.735074 0
-4.30891 10.1264 0.900605 1.89741 4.29027 1.42233 124240 0 -0.973569 0.732558 0
38.2468 10.0185 -0.822837 2.04031 4.47502 1.64056 124373 0 -1.27543 0.723376 0
33.1409 28.067 0.107979 2.16319 4.9997 1.72281 150565 0 1.92289 0.71945 0
-22.8116 40.0797 2.62317 2.27148 5.78452 1.893 168174 0 -0.995334 0.696244 0
-35.3818 22.2268 2.76491 2.26439 4.99517 1.90814 141927 0 -0.982454 0.687076 0
31.553 41.6737 0.372336 2.06339 4.51519 1.80182 170684 0 -1.26361 0.686009 0
37.2414 -10.7634 -1.15068 0.751365 0.783026 1.68744 93950 0 2.09456 0.663699 1
10.1097 30.2601 0.849373 1.99584 4.44414 1.51886 153769 0 -0.953437 0.660866 0
27.0183 11.434 -0.12528 1.96836 4.37163 1.52583 126210 0 1.8826 0.644378 0
27.0151 30.1525 0.36181 2.27045 5.34592 1.81588 153822 0 1.88964 0.637389 0
38.6507 -6.35637 -1.12688 0.884872 0.919032 1.66428 100506 0 -0.248976 0.636985 1
36.546 -10.152 -0.888733 0.820046 0.868493 1.86513 94884 0 -1.28991 0.635099 1
-24.7484 34.7818 2.69521 2.02776 4.44833 1.71406 160212 0 -0.957846 0.634715 0
-11.9715 32.4263 1.9119 1.96503 4.52531 1.62835 156976 0 -1.04555 0.627135 0
-52.3488 16.4943 3.94109 2.02702 4.45227 1.70747 133450 0 -1.00975 0.619911 0
-28.6299 31.1627 2.67208 2.16201 4.96993 1.73473 155052 0 -0.957014 0.614617 0
-43.0138 12.8571 3.22171 2.15222 4.79813 1.79293 128331 0 -1.1905 0.612208 0
45.6417 6.91727 -1.3636 2.18162 5.09098 1.79007 119716 0 1.75294 0.611148 0
5.30537 46.9316 1.48806 1.97568 4.40991 1.65435 178090 0 2.19444 0.60287 0
-10.3489 34.469 1.67436 1.9885 4.66477 1.54081 159789 0 -0.986441 0.590728 0
11.9621 32.1886 0.772465 2.00678 4.54776 1.48911 156583 0 -0.897647 0.574394 0
-3.81393 33.7738 1.42661 0.7259 0.722562 1.68046 158874 0 -1.7239 0.573408 1
40.4526 -11.3594 -1.50803 0.826063 0.847865 1.64843 93024 0 1.79126 0.555041 1
3.96313 44.2779 1.20874 2.03646 4.77796 1.47292 174342 0 -0.765716 0.551145 0
36.3217 55.5263 0.298217 1.98121 4.45133 1.59977 190823 0 -1.26246 0.543723 0
56.1454 -1.75345 -2.04089 2.01834 4.37772 1.79187 107113 0 -1.33268 0.537202 0
28.9249 17.079 0.0160504 2.12335 4.87149 1.72935 134640 0 1.88194 0.533362 0
29.9459 19.9029 0.102587 2.10733 4.65648 1.67378 138855 0 -1.37136 0.523419 0
38.2323 61.0086 0.465439 1.98828 4.55053 1.58487 198785 0 -0.539838 0.510486 0
1.7664 42.0318 1.21379 2.00007 4.71699 1.50091 171059 0 2.19962 0.506 0
-43.694 39.1518 3.5628 2.04624 4.56347 1.65549 166705 0 2.76315 0.498855 0
33.1466 46.5542 0.253109 2.05125 4.52803 1.63504 177709 0 -1.23429 0.496209 0
10.7436 63.2436 1.05159 1.96661 4.55677 1.56381 201975 0 -0.983796 0.492078 0
36.5942 -10.8545 -1.00421 0.83524 0.861797 1.75957 93948 0 2.38497 0.486868 1
3.74901 44.3476 1.23466 2.04824 4.87575 1.50231 174341 0 1.94489 0.485916 0
63.9155 11.6512 -1.31282 0.831781 0.916554 1.72492 126793 0 1.89646 0.467004 1
-51.012 40.1598 3.87153 2.10055 4.71726 1.78338 168086 0 -0.910453 0.465385 0
-1.1569 47.8491 1.73912 2.23812 5.20794 1.91019 179474 0 -1.07228 0.454538 0
38.2084 61.2051 0.442543 2.02604 4.56458 1.5864 199253 0 1.57791 0.450557 0
37.2438 -10.9202 -1.15073 0.772163 0.823718 1.72538 93482 0 2.09042 0.442403 1
26.4814 30.178 0.312727 1.95105 4.29486 1.66332 153820 0 1.92228 0.440255 0
-14.5789 58.9804 2.62529 2.03242 4.49201 1.60201 195812 0 -0.954898 0.425374 0
25.8197 -9.35211 -0.25816 0.904885 1.31511 1.7178 95786 0 1.58147 0.423027 1
36.9299 -10.9583 -1.09868 0.860153 0.902449 1.82272 93481 0 2.02151 0.40081 1
-3.97297 33.9494 1.43104 0.731147 0.78149 1.66384 159341 0 -2.29643 0.391873 1
38.5158 60.9739 0.415594 2.14146 4.97192 1.67138 198786 0 -1.15652 0.389814 0
38.7388 -6.44454 -1.143 0.903923 0.952974 1.69586 100039 0 -0.1714 0.383936 1
-0.0411911 8.69587 1.03296 0.784758 0.893137 1.66342 122381 0 -0.842348 0.38344 1
35.3506 55.8328 0.320293 1.98038 4.44231 1.57518 191288 0 1.80703 0.376509 0
39.1937 64.2136 0.532735 2.01063 4.61199 1.77029 203468 0 -1.15476 0.375072 0
4.9371 47.4362 1.45399 2.28472 5.30275 1.83401 179025 0 2.22386 0.374619 0
-50.6507 16.1625 3.7998 0.927274 0.973181 1.71424 132987 0 2.11171 0.374196 1
10.675 29.9542 0.746605 1.9821 4.4402 1.4726 153303 0 -0.947186 0.368353 0
37.053 -10.7637 -1.07801 0.791892 0.822514 1.74916 93949 0 2.07899 0.365389 1
41.4719 -13.1471 -1.30031 0.849827 0.849624 1.70968 90219 0 -1.338 0.365371 1
-0.0581665 8.57497 1.02336 0.787949 0.906083 1.63548 121913 0 -0.860866 0.355347 1
56.4202 -1.50234 -2.10448 2.15246 4.8199 1.93755 107582 0 -1.40032 0.354941 0
55.5802 6.89676 -2.02704 0.821957 0.865359 1.75081 119747 0 0.947663 0.348109 1
-0.861046 6.18035 0.652964 0.624195 0.82748 1.14417 118635 0 -1.38523 0.346479 2
4.25605 44.0173 1.192 1.91968 4.47894 1.44252 173875 0 -1.03252 0.344443 0
33.4196 46.8078 0.236991 2.13357 4.76947 1.70678 178178 0 -1.28035 0.340357 0
39.1531 -10.087 -1.35247 0.801572 0.814442 1.72614 94892 0 0.771317 0.339801 1
-53.1848 13.8255 4.20427 0.926789 0.98223 1.68228 129703 0 2.55087 0.336165 1
5.87786 46.5775 1.42981 2.09113 4.53678 1.66442 177624 0 2.21919 0.333466 0
25.9906 -9.41804 -0.225718 0.912946 1.38838 1.78636 95787 0 -0.0837231 0.333206 1
-49.1087 32.4597 3.69869 2.12944 4.68182 1.78523 156860 0 2.20488 0.332332 0
55.89 -2.00482 -2.0531 1.90884 4.13281 1.72156 106644 0 -1.19026 0.329717 0
-52.0038 11.4214 3.93067 0.940117 0.97597 1.6967 125963 0 -2.50968 0.329105 1
36.4316 -10.2753 -0.919476 0.811954 0.870961 1.78963 94415 0 -1.33174 0.327001 1
31.4965 22.8445 -0.0463897 2.15082 4.77555 1.58096 143072 0 1.86405 0.326866 0
-3.04094 45.9049 1.30727 1.94243 4.47505 1.50157 176660 0 -0.959364 0.323693 0
2.09441 41.5293 1.19008 1.84161 4.36123 1.42669 170124 0 2.17693 0.320408 0
-13.1332 19.6267 1.64677 0.869983 0.920905 1.69551 138252 0 -2.34638 0.319536 1
41.6204 -13.0155 -1.31892 0.883432 0.91683 1.75428 90688 0 -1.30173 0.318493 1
-50.7559 40.4135 3.86222 2.18376 4.83767 1.82326 168555 0 -0.718548 0.31707 0
25.7773 -9.23374 -0.238574 0.905634 1.12391 1.69732 96254 0 1.80266 0.316091 1
29.2796 20.0217 0.0990761 2.00965 4.45602 1.63956 138853 0 1.851 0.310298 0
38.4978 61.2102 0.403153 2.1441 4.88272 1.66425 199254 0 -0.874206 0.303707 0
29.667 19.7703 0.0985177 1.968 4.38917 1.65022 138386 0 2.43912 0.303622 0
36.4568 -10.9751 -1.02255 0.902245 0.934986 1.83398 93479 0 2.0761 0.299903 1
31.218 22.5916 -0.0124649 2.15957 4.77332 1.60796 142603 0 1.88355 0.298803 0
4.22177 44.2312 1.19994 2.04715 4.7163 1.48487 174343 0 -1.37429 0.295716 0
46.5902 -15.8727 -1.9763 0.803036 0.895676 1.74753 86491 0 1.79576 0.295465 1
-49.4089 32.164 3.71027 2.22073 4.87376 1.90719 156391 0 1.98905 0.291747 0
25.2298 24.5324 0.357232 1.84573 3.69078 1.68245 145392 0 -1.30488 0.287802 0
-25.1705 35.2738 2.69103 2.36385 5.57673 1.87087 161147 0 -0.955274 0.28676 0
37.4768 -10.7632 -1.1772 0.828153 0.860013 1.76583 93951 0 2.05905 0.28633 1
-5.58478 40.7795 1.78726 2.02086 4.60489 1.58295 169164 0 -0.330279 0.277364 0
37.2326 -10.5148 -1.13789 0.784437 0.820781 1.73717 94418 0 1.66976 0.276249 1
38.2652 60.7326 0.454818 1.98438 4.61939 1.59751 198317 0 -1.14519 0.275772 0
56.7385 -2.04259 -2.05399 2.3489 5.50303 2.09152 106647 0 -1.25661 0.275382 0
41.4335 -12.7542 -1.2513 0.851372 0.8837 1.73321 91155 0 -1.30591 0.274937 1
24.5098 21.4025 0.158352 2.02715 4.75202 1.48749 140710 0 1.88616 0.273367 0
32.0984 34.9851 1.25708 0.822906 1.3596 1.80677 160858 0 1.15405 0.271914 2
-1.70744 47.8841 1.76595 2.07074 4.6947 1.81529 179472 0 -1.10196 0.270004 0
29.8415 17.4584 0.0974775 0.869659 0.895965 1.66779 135111 0 1.82058 0.268582 1
19.9762 61.886 0.872644 1.99364 4.5333 1.65626 200132 0 -0.597164 0.268578 0
-2.73392 45.304 1.32951 1.94845 4.40779 1.48898 175725 0 -1.09108 0.268096 0
-10.7177 34.952 1.76328 2.1818 5.05925 1.6235 160724 0 -1.01419 0.266262 0
63.9118 11.4789 -1.32568 0.877932 0.979852 1.75289 126325 0 1.90197 0.265516 1
11.6454 32.6998 0.785787 2.02172 4.55904 1.51222 157518 0 -0.926693 0.264173 0
-5.3375 40.7186 1.77085 1.97491 4.6429 1.5836 169165 0 -0.964462 0.263831 0
-52.0597 11.6018 3.89331 0.887712 0.962125 1.65801 126431 0 -2.60485 0.262359 1
12.3057 67.6582 1.15492 2.0252 4.62937 1.53843 208532 0 -0.860412 0.262351 0
-3.97353 33.5723 1.46979 0.778219 0.724621 1.69105 158405 0 -0.819815 0.261993 1
38.3059 1.11065 1.03983 0.788912 0.777519 1.76409 111269 0 -2.76351 0.259715 1
-50.5255 16.1452 3.85561 0.845498 0.922352 1.6204 132988 0 3.03195 0.257745 1
-6.86118 60.6451 2.2029 2.19059 5.02487 1.80121 198176 0 1.95216 0.256755 0
-3.31696 45.6195 1.31245 1.95415 4.45119 1.47125 176191 0 -0.978239 0.253722 0
15.5145 36.9545 0.58849 1.95909 4.37094 1.5213 163614 0 -0.894089 0.252962 0
28.0867 17.1602 -0.00458795 1.95866 4.36748 1.53664 134637 0 1.9075 0.252946 0
-48.8184 32.7575 3.68843 2.11796 4.65779 1.74447 157329 0 2.41332 0.252057 0
37.6511 61.2195 0.431211 1.84713 4.1084 1.52363 199251 0 1.85547 0.252031 0
-28.3078 30.6733 2.66117 2.13778 4.65799 1.65923 154117 0 -0.976373 0.249503 0
-11.6604 31.96 1.86847 1.91063 4.48231 1.59304 156041 0 -0.977308 0.247596 0
32.87 46.3211 0.300715 2.04324 4.38785 1.6035 177240 0 -1.19339 0.244279 0
32.5082 46.8588 0.268479 2.14854 4.74523 1.66188 178175 0 -1.23336 0.243931 0
26.0021 8.73782 0.0732145 2.22847 5.65786 2.04504 122463 0 1.87917 0.241933 0
28.6112 70.5399 0.720083 2.03965 4.5123 1.63028 212795 0 1.96904 0.241135 0
-4.21178 33.777 1.4955 0.759005 0.723334 1.6958 158872 0 -1.63754 0.239968 1
-29.1954 31.2481 2.73226 2.36725 5.84639 1.94554 155050 0 -0.967931 0.239396 0
29.2714 32.4726 0.164407 2.11238 4.74933 1.61621 157105 0 1.77732 0.239244 0
-5.85603 40.8357 1.78682 2.06873 4.75462 1.60284 169163 0 1.02864 0.239201 0
45.5941 7.41737 -1.25703 2.40524 5.81078 2.02842 120652 0 1.82402 0.23913 0
29.6534 17.4505 0.0896132 0.916467 1.04541 1.7133 135110 0 1.88927 0.238903 1
-51.406 16.7986 3.84732 0.888298 0.85372 1.73535 133921 0 -1.77202 0.235775 1
45.0213 7.16834 -1.23629 2.38981 5.62373 2.03444 120182 0 1.81218 0.234702 0
-17.6214 -2.73637 1.31921 1.96788 4.38819 1.53129 105478 0 0.386831 0.233945 0
41.8065 -12.0243 -1.40966 0.811341 0.807179 1.67903 92092 0 -1.28463 0.231278 1
55.713 6.87791 -2.09544 0.863101 0.921797 1.78862 119748 0 0.831691 0.230745 1
-4.33679 34.3673 1.41489 0.676568 0.757929 1.58964 159808 0 -1.57497 0.230725 1
51.3727 -18.3917 0.910015 0.808191 0.884089 1.77478 82762 0 -1.66326 0.230605 1
31.512 23.5029 -0.055642 2.06114 4.68067 1.56436 144008 0 1.86826 0.230118 0
-5.91423 41.0841 1.7833 2.02934 4.58466 1.58552 169631 0 1.86024 0.229584 0
30.4743 19.7334 0.0740155 2.26496 5.28763 1.74971 138389 0 1.63216 0.228502 0
-52.0535 16.7097 3.85563 1.83503 3.8327 1.63737 133919 0 -0.94112 0.22823 0
36.6176 -11.2738 -1.09205 0.863665 0.900202 1.80089 93012 0 1.93524 0.227881 1
31.5745 41.2213 0.332318 2.10885 4.73673 1.85911 169748 0 -1.2057 0.227551 0
31.2147 23.1672 -0.0677858 2.07996 4.59475 1.55122 143539 0 1.87467 0.226755 0
46.1604 7.10387 -1.33469 2.12608 4.83262 1.74826 120186 0 1.79634 0.224771 0
36.9937 -10.4526 -1.0365 0.756499 0.803322 1.80215 94417 0 -0.25021 0.224689 1
40.2867 -11.3679 -1.48245 0.863757 0.872478 1.67476 93023 0 1.75244 0.224041 1
-4.29196 34.076 1.44918 0.704761 0.692102 1.63186 159340 0 -2.12569 0.223712 1
41.2625 -12.9689 -1.22962 0.85448 0.871462 1.7404 90686 0 -1.33749 0.222576 1
-52.568 16.2805 4.08896 2.17122 4.84563 1.80186 132981 0 -1.06397 0.222544 0
31.9194 34.0774 0.580823 0.773247 0.779643 1.48828 159453 0 1.8322 0.221541 1
-6.58075 60.9362 2.2149 2.15907 4.84018 1.81114 198645 0 2.07026 0.22046 0
-12.7727 19.6228 1.59931 0.84497 0.9228 1.65676 138254 0 -2.85111 0.219695 1
28.3247 32.8152 0.0838801 2.18584 5.04506 1.63692 157570 0 1.75195 0.219009 0
-5.54529 40.5646 1.78596 1.97742 4.51858 1.60392 168696 0 0.192758 0.218996 0
-9.43808 36.9336 1.61415 2.05754 4.82075 1.59449 163536 0 2.8413 0.218833 0
-43.4208 39.4319 3.58137 2.23734 5.09294 1.76061 167174 0 2.89667 0.217322 0
-52.2358 11.6444 3.95481 0.897803 0.942633 1.70571 126430 0 -2.98674 0.216406 1
16.147 36.9556 0.474856 2.00425 4.46057 1.50233 163616 0 -0.916879 0.214707 0
15.521 37.5945 0.661084 1.9561 4.38316 1.51302 164550 0 -0.919197 0.214444 0
-52.9458 27.9838 3.78824 2.01823 4.47655 1.6827 150296 0 2.0243 0.213995 0
14.5714 37.9336 0.870571 2.0077 4.51238 1.56865 165015 0 -0.937669 0.21343 0
41.7817 -12.2703 -1.34902 0.792566 0.821618 1.72344 91624 0 -1.33203 0.211514 1
9.77953 30.7807 0.953471 2.1797 5.02455 1.63969 154704 0 -0.908186 0.211445 0
27.0388 -5.96128 -0.371648 0.711025 0.728073 1.21731 100938 0 2.20568 0.210908 1
-0.865112 48.0772 1.74743 2.14992 4.78339 1.83948 179943 0 -1.05438 0.209685 0
38.9995 -10.099 -1.32178 0.825752 0.831135 1.74066 94891 0 0.477806 0.208916 1
37.6795 10.0592 -0.821738 1.77591 3.84257 1.57431 124371 0 -1.2618 0.208697 0
36.6834 -9.20309 -1.19028 0.791621 0.798685 1.77904 96288 0 0.338156 0.206737 1
27.255 26.8254 0.146588 2.22001 5.16494 1.66036 148675 0 -1.23863 0.206647 0
40.4464 -11.5449 -1.49387 0.869358 0.852292 1.66423 92556 0 1.78418 0.206619 1
42.0108 -12.0199 -1.36736 0.804976 0.824833 1.68949 92093 0 -1.27531 0.205899 1
-51.6702 28.6243 3.75806 2.02792 4.46504 1.66383 151236 0 -3.01602 0.205746 0
65.1574 -21.9056 -1.88073 2.20603 4.8572 2.1335 77657 0 -1.2258 0.205711 0
14.8627 38.2321 0.868273 1.96271 4.3946 1.54884 165484 0 -0.91486 0.204731 0
39.7786 64.121 0.589038 2.38313 5.86138 2.04393 203470 0 -1.16773 0.204561 0
26.3579 -9.76556 -0.26907 0.763445 0.84831 1.7077 95320 0 0.0930326 0.204533 1
45.3336 6.61063 -1.44147 2.18262 5.1484 1.75173 119247 0 1.76462 0.204439 0
-3.70191 34.0746 1.4051 1.00001 1.40393 1.67624 159342 0 -1.6681 0.204404 1
10.3772 63.7423 1.02823 2.38385 5.6899 1.78891 202910 0 -0.958704 0.203462 0
31.8119 23.1662 -0.0207382 2.13589 4.79759 1.59932 143541 0 1.87573 0.203226 0
-28.1056 31.1207 2.59319 1.89096 4.22131 1.58754 155054 0 -0.975644 0.202535 0
-51.298 39.912 3.92759 2.11433 4.83384 1.82147 167617 0 -1.04544 0.202477 0
-6.57155 60.3675 2.2158 2.04091 4.51821 1.70619 197709 0 1.65661 0.202187 0
3.46387 -13.2565 0.950433 0.770189 0.711504 1.66309 90100 0 -1.15532 0.20165 1
-5.64744 41.0303 1.77787 2.04527 4.64757 1.59182 169632 0 -0.767745 0.201592 0
40.4599 -11.1697 -1.46578 0.854906 0.877182 1.64911 93492 0 1.61429 0.201309 1
64.0661 11.479 -1.3721 0.926186 1.08992 1.78624 126326 0 1.97581 0.19817 1
-51.9926 28.6154 3.77648 2.04137 4.48597 1.68123 151235 0 3.02255 0.197985 0
24.4959 59.37 0.258186 1.97342 4.44841 1.58665 196402 0 0.826353 0.196992 0
38.4338 1.11547 1.04519 0.799362 0.816367 1.79042 111270 0 -2.85559 0.196282 1
-0.847694 6.03835 0.669935 0.659269 0.945745 1.18357 118167 0 -1.29268 0.194791 2
55.597 -1.51351 -2.09813 1.80588 3.88889 1.68961 107579 0 -1.36564 0.193933 0
-52.8877 16.7543 4.10427 2.29407 5.42102 1.91131 133916 0 -1.04072 0.193609 0
-3.27405 33.4967 1.2936 0.687456 0.683995 1.53227 158407 0 -1.40441 0.193259 1
55.5609 7.08045 -2.0098 0.880554 0.962244 1.78459 120215 0 0.99966 0.193037 1
3.44431 44.5953 1.22541 2.10834 5.15706 1.60176 174808 0 2.20404 0.192973 0
36.4259 -10.8348 -0.993868 0.875167 0.915965 1.77501 93947 0 -2.31011 0.192707 1
-9.41537 36.695 1.56718 2.10835 4.99144 1.62285 163068 0 -2.3499 0.192262 0
-51.374 28.6242 3.73724 2.05657 4.55099 1.70018 151237 0 -2.77177 0.192253 0
-3.73793 33.5325 1.43479 0.73125 0.706 1.63569 158406 0 -1.00117 0.19186 1
-9.14034 36.6706 1.59462 2.03591 4.88163 1.62882 163069 0 -1.43845 0.191855 0
-43.7013 38.6478 3.53386 1.80043 3.81044 1.52835 165769 0 2.7933 0.191822 0
29.269 35.687 0.125939 2.08919 4.70709 1.62915 161785 0 -1.23049 0.191734 0
6.24006 46.2879 1.32806 2.03744 4.52201 1.65534 177157 0 0.373853 0.191436 0
-2.46902 45.5829 1.35893 1.9551 4.4614 1.51506 176194 0 -0.50206 0.19119 0
-2.44506 45.288 1.40728 1.94323 4.42182 1.50058 175726 0 -0.0570445 0.190762 0
-2.71044 45.0068 1.41599 1.93273 4.38221 1.49496 175257 0 -2.15498 0.190693 0
-51.4096 17.055 3.88406 0.84883 0.86089 1.72369 134389 0 -1.49601 0.190045 1
-6.20352 41.1493 1.78551 2.02186 4.43862 1.59422 169630 0 2.12406 0.190002 0
11.4601 32.2561 0.843804 1.96139 4.36312 1.47831 156581 0 -0.955009 0.18978 0
-52.6381 28.2861 3.77444 2.07807 4.53894 1.67789 150765 0 2.33643 0.189674 0
24.206 22.105 0.177769 1.7603 3.75186 1.3926 142113 0 1.80254 0.189322 0
3.57705 -13.2416 0.952001 0.771466 0.706743 1.6644 90101 0 -1.32076 0.189226 1
-9.70522 36.9673 1.62168 2.03738 4.77118 1.5585 163535 0 2.12048 0.189134 0
-13.6319 30.4541 1.74602 2.08572 4.81621 1.57322 154163 0 -1.02043 0.188865 0
29.2813 70.2645 0.791209 2.1014 4.75146 1.64806 212329 0 1.804 0.188781 0
32.0922 34.8232 1.23622 0.833734 1.71859 1.80911 160390 0 0.791159 0.188371 2
19.9584 62.1768 0.850939 2.04281 4.64318 1.68245 200600 0 -0.343492 0.187963 0
12.9263 67.0377 1.13023 1.9942 4.60375 1.57076 207598 0 -0.884985 0.187779 0
31.5188 24.14 -0.0332368 2.0311 4.49706 1.57121 144944 0 1.86074 0.187407 0
16.1454 37.5887 0.556632 1.96172 4.38299 1.51752 164552 0 -0.93724 0.186701 0
-52.3258 28.326 3.74719 1.99284 4.2901 1.61656 150766 0 2.59797 0.186276 0
-9.1682 36.9172 1.64431 2.06186 4.85404 1.60664 163537 0 -1.70267 0.185927 0
-50.7008 16.3356 3.78905 0.88277 1.03381 1.63014 133455 0 2.58222 0.185825 1
38.5191 10.2846 -0.796062 2.29387 5.03067 1.7954 124842 0 -1.35339 0.184992 0
-2.7478 67.0082 2.10864 2.53076 6.00442 2.11878 207549 0 -0.00307515 0.184767 0
40.6765 -11.3494 -1.46326 0.83953 0.88932 1.68305 93025 0 1.71791 0.184185 1
-47.4439 31.2521 3.68982 0.957088 1.06403 1.80391 154993 0 -0.644894 0.184019 1
44.6856 6.89787 -1.27438 2.31204 5.27996 1.97627 119713 0 1.82645 0.183543 0
14.9055 37.2961 0.742295 1.99871 4.47252 1.54341 164080 0 -0.938335 0.183391 0
19.6966 62.1842 0.85537 2.03445 4.66389 1.65403 200599 0 0.538719 0.183197 0
4.03011 43.776 1.22389 1.71641 3.97067 1.37868 173406 0 -0.943695 0.183052 0
-3.33833 33.7057 1.3409 0.723509 0.797003 1.62536 158875 0 -1.39079 0.181865 1
27.7085 33.1087 0.138721 2.07392 4.71842 1.60717 158036 0 1.71694 0.181521 0
0.40995 39.5363 1.4861 1.92057 4.2187 1.61544 167311 0 2.40929 0.181521 0
-11.473 32.3727 1.85951 1.99985 4.6803 1.63615 156978 0 -1.05592 0.180929 0
-58.106 14.8332 4.40947 0.985102 1.06814 1.70508 131092 0 -2.88911 0.180664 1
19.7221 61.6622 0.924565 2.02725 4.59256 1.62848 199663 0 -0.492781 0.180563 0
-6.56513 61.2431 2.22915 2.23812 5.07083 1.8673 199113 0 2.33955 0.17955 0
32.0463 34.0683 0.606366 0.787036 0.791388 1.57317 159454 0 1.8474 0.179504 1
-18.4995 20.0738 2.01963 1.99498 4.53597 1.78711 138704 0 -1.03364 0.177855 0
31.8647 46.9235 0.221264 2.0069 4.51117 1.63586 178173 0 -1.22132 0.177764 0
46.1914 6.65565 -1.4096 1.92257 4.37492 1.62493 119250 0 1.75312 0.177631 0
-52.2361 11.4353 3.98263 0.954634 0.975704 1.72873 125962 0 -3.11766 0.177603 1
-15.167 59.3401 2.63221 1.90802 4.2443 1.56769 196278 0 2.22553 0.177585 0
37.4789 -10.9369 -1.17351 0.852431 0.896321 1.79077 93483 0 2.04605 0.177281 1
29.8427 17.6636 0.126758 0.813216 0.822155 1.68638 135579 0 1.64692 0.176521 1
29.669 17.6574 0.111111 0.832045 0.876249 1.72885 135578 0 1.86433 0.176463 1
46.5942 -16.0401 -2.12581 0.816246 0.85112 1.71464 86023 0 1.75507 0.176336 1
-2.42287 44.9842 1.45867 1.9219 4.35303 1.50654 175258 0 2.55931 0.175757 0
34.0861 27.7561 0.111136 2.13393 4.84845 1.74431 150100 0 -1.91115 0.17555 0
15.8544 36.3741 0.58724 1.9818 4.43623 1.52403 162679 0 -0.903962 0.175511 0
56.4566 -2.32413 -2.02031 2.21403 5.1147 1.94743 106178 0 -1.16096 0.175474 0
31.2283 23.8254 -0.0700308 2.00996 4.44401 1.53923 144475 0 1.85745 0.17513 0
-57.1158 31.2148 4.05141 2.10661 4.58761 1.74674 154963 0 1.87815 0.174153 0
-36.1947 22.576 2.88247 2.59165 6.51001 2.11986 142392 0 -1.06395 0.173759 0
-6.28705 60.646 2.22665 2.11605 4.57544 1.76204 198178 0 1.21016 0.172935 0
24.4916 59.6629 0.251981 2.00427 4.495 1.61962 196870 0 1.06782 0.172834 0
-52.6413 12.0725 4.05849 0.877247 0.899656 1.74395 126897 0 -2.61894 0.17218 1
29.022 16.2029 0.0685831 0.959409 1.12959 1.74734 133236 0 1.91543 0.171868 1
2.30463 41.9809 1.19843 2.01741 4.84353 1.53547 171061 0 2.19405 0.171828 0
-44.2319 39.2027 3.75191 2.29024 5.34012 1.89256 166703 0 3.04073 0.171185 0
43.6404 8.55388 -0.413707 0.911012 0.972462 1.84358 122050 0 1.83572 0.17112 1
56.7273 43.3049 -0.124224 0.812825 1.85752 1.7146 173103 0 0.20195 0.171102 2
-9.46273 37.2152 1.65974 2.07203 4.82921 1.59454 164004 0 -1.81585 0.170871 0
41.6443 -13.1825 -1.37048 0.825329 0.828527 1.69229 90220 0 -1.28531 0.17046 1
-51.6248 16.7761 3.85972 0.891752 0.918149 1.71694 133920 0 -0.983649 0.169759 1
57.0571 -1.77959 -2.19482 2.46087 5.98522 2.2782 107116 0 -1.23422 0.169576 0
15.4504 29.8695 1.09657 0.914252 0.872748 1.99333 153318 0 -2.9844 0.169225 1
38.6404 64.2373 0.48738 1.84725 4.10235 1.64591 203466 0 -1.1719 0.167381 0
24.4876 59.0656 0.235495 2.00569 4.47468 1.59578 195934 0 0.59473 0.167069 0
16.7942 36.6416 0.477794 2.00586 4.50489 1.55954 163150 0 -0.884045 0.166865 0
16.4649 36.3361 0.511714 2.03152 4.53214 1.54088 162681 0 -0.899298 0.166533 0
-4.67912 36.8786 1.54173 0.629788 0.596541 1.61855 163551 0 0.550594 0.166265 1
31.8263 22.2818 -0.00515515 2.28142 5.03894 1.69534 142137 0 1.88366 0.166163 0
-54.855 14.8909 4.21195 2.00146 4.51601 1.73144 131102 0 -1.16161 0.165928 0
8.4662 -17.768 0.727111 2.01401 4.56791 1.61548 83564 0 0.307578 0.165069 0
36.6705 -9.34172 -1.06689 0.775823 0.810149 1.76614 95820 0 -0.106235 0.164675 1
45.3148 6.29781 -1.4832 2.07469 4.77427 1.71638 118779 0 1.769 0.163953 0
-38.2328 27.6793 3.18167 2.12939 4.6067 1.83703 149874 0 -1.00695 0.163818 0
-49.7096 31.8771 3.72639 2.32379 5.2412 2.04471 155922 0 1.79758 0.163765 0
27.0338 -6.12916 -0.31511 0.775766 0.804252 1.36732 100470 0 2.14412 0.163173 1
48.1634 30.2641 -1.09628 1.99082 4.63855 1.66233 153888 0 -0.762732 0.162911 0
-2.78467 46.162 1.39509 1.88311 4.29894 1.57 177129 0 -1.03329 0.16201 0
34.0265 27.9052 0.105819 2.29252 5.03966 1.81005 150568 0 2.09014 0.161617 0
-7.49306 60.9531 2.33365 2.16228 4.90908 1.81952 198642 0 2.08811 0.161555 0
31.5301 47.1646 0.173684 2.03828 4.54714 1.65516 178640 0 -0.864404 0.159985 0
-50.9895 16.1865 3.8057 0.940377 1.08099 1.74199 132986 0 2.17656 0.159867 1
29.3037 32.2335 0.141839 2.06248 4.61124 1.61213 156637 0 1.1913 0.158277 0
-12.7578 19.4381 1.59126 0.799974 0.842647 1.63034 137786 0 -2.74327 0.156952 1
-15.4195 28.0567 1.82039 2.16743 5.08192 1.66752 150413 0 -0.952291 0.156603 0
-3.00687 45.027 1.38298 1.92763 4.39445 1.48897 175256 0 -1.55657 0.156485 0
-5.61522 61.6278 2.27112 2.25995 5.01352 1.8511 199584 0 -3.13928 0.156334 0
-10.7459 23.3815 1.53741 2.22333 5.11267 1.58173 143876 0 2.1578 0.156296 0
15.258 36.7126 0.674349 2.00156 4.43194 1.53242 163145 0 -0.904323 0.156256 0
-57.7649 26.0113 4.07199 0.901417 0.975988 1.66839 147473 0 -1.09904 0.155888 1
-52.6509 12.2462 4.02203 0.830666 0.874559 1.66472 127365 0 -2.61102 0.15577 1
-32.1618 26.2176 2.64376 1.79491 3.80362 1.54806 147553 0 2.14105 0.155739 0
38.2383 64.7667 0.414035 2.12291 4.7968 1.80211 204401 0 1.82584 0.155411 0
59.9736 1.76167 -1.9476 0.86761 0.94283 1.79525 112273 0 1.14832 0.155278 1
15.1661 38.5321 0.847204 1.95268 4.35445 1.54863 165953 0 -0.769864 0.15502 0
-40.1766 19.0732 2.93782 0.817034 0.843636 1.63618 137232 0 -0.745895 0.154972 1
-7.47104 60.6718 2.29619 2.1846 4.95441 1.81224 198174 0 1.83234 0.154669 0
-14.638 59.2472 2.63612 2.14776 4.55219 1.67043 196280 0 -1.301 0.153603 0
15.2825 29.851 1.10346 0.921727 0.835643 1.99071 153317 0 -3.12722 0.153511 1
-16.9281 -2.96703 1.33026 2.06253 4.52967 1.59646 105013 0 0.222506 0.152851 0
-50.6558 15.9448 3.92174 0.96626 0.983201 1.75486 132519 0 1.3773 0.15285 1
-13.1463 19.4545 1.6156 0.890059 0.987932 1.71651 137784 0 -1.68384 0.1528 1
0.433647 6.86845 1.25334 0.781993 0.879771 1.7109 119575 0 -1.4699 0.152773 1
-12.9328 19.9012 1.59689 0.892425 1.23537 1.66576 138721 0 -2.94708 0.152545 1
-54.2229 13.5969 4.14203 0.792699 0.838265 1.70618 129232 0 -2.70963 0.151795 1
-43.1113 39.182 3.52936 2.0333 4.47543 1.58747 166707 0 2.71812 0.151497 0
-3.12934 33.4902 1.21118 0.650375 0.637336 1.46589 158408 0 -1.58144 0.151433 1
-43.686 16.6052 3.25454 2.11362 4.32824 1.77536 133477 0 1.96622 0.151295 0
14.2933 37.6194 0.882566 2.05254 4.61801 1.5949 164546 0 -0.955127 0.150979 0
16.7637 37.2599 0.474222 1.9584 4.33221 1.53289 164086 0 -0.902726 0.150833 0
-57.1062 7.86105 4.24475 2.1302 4.78278 1.77155 120799 0 -2.79092 0.15062 0
57.7547 -15.8487 -3.23195 2.05322 4.4595 1.67302 86526 0 1.6884 0.149705 0
24.2094 55.8375 -0.107833 0.808269 0.786735 1.72246 191253 0 2.93913 0.149382 1
-64.1727 15.1918 4.15771 2.02079 4.48875 1.63975 131541 0 0.292244 0.149212 0
13.589 66.3972 1.14182 1.98605 4.59958 1.60398 206664 0 -0.842286 0.148805 0
27.6104 11.3832 -0.128336 2.05469 4.57572 1.56048 126212 0 1.85964 0.148405 0
9.56317 16.5055 0.948363 2.04449 4.75605 1.80894 133643 0 2.0284 0.147672 0
-48.8515 31.8868 3.623 1.99742 4.23854 1.67005 155925 0 1.96921 0.147639 0
-50.4972 15.9593 3.90107 0.832647 0.897534 1.63679 132520 0 1.09386 0.14726 1
11.1173 32.798 0.847227 2.03194 4.53311 1.52681 157516 0 -0.955618 0.147248 0
-7.18729 61.2339 2.30823 2.23233 5.17998 1.85347 199111 0 2.17932 0.147114 0
37.5967 65.1249 0.34925 2.23069 5.21692 1.97827 204867 0 2.04568 0.14702 0
22.0464 16.463 0.185218 1.74067 3.32334 1.44613 133682 0 -1.23942 0.14595 0
-1.74933 48.4042 1.78882 2.19635 4.74756 1.78697 180408 0 -1.03625 0.145754 0
6.4747 46.2028 1.25887 2.05824 4.61369 1.66239 177158 0 -0.36466 0.145582 0
-55.8329 28.9744 3.95572 2.06676 4.5359 1.70947 151691 0 0.143933 0.145373 0
63.8838 11.8787 -1.35562 0.915219 1.17723 1.78243 127261 0 2.05324 0.14455 1
28.074 70.6133 0.585399 2.06383 4.75709 1.66892 212793 0 2.04522 0.143605 0
-6.25898 61.2718 2.24721 2.22119 4.837 1.86557 199114 0 3.03783 0.143262 0
-48.5241 32.1972 3.59539 1.99895 4.2248 1.65354 156394 0 2.35373 0.143247 0
48.1553 30.5172 -1.02128 2.10144 4.70513 1.65298 154356 0 -0.469458 0.143134 0
-22.4099 -0.756432 1.67719 2.22888 5.29947 1.63298 108271 0 0.386894 0.142865 0
-18.7269 19.0523 1.79551 0.798141 0.788157 1.67872 137299 0 2.5342 0.142859 1
55.8826 -2.33435 -2.06721 1.95748 4.27334 1.77614 106176 0 -1.06578 0.142798 0
-39.2985 1.43544 3.37809 0.851299 0.917982 1.76874 111495 0 -0.545863 0.142773 1
38.812 61.2037 0.423712 2.27431 5.29215 1.76581 199255 0 -1.19244 0.142671 0
-56.8231 30.8977 4.08076 2.03508 4.43738 1.67348 154496 0 1.68113 0.142642 0
39.1698 -9.87773 -1.31985 0.81801 0.860194 1.74011 95360 0 0.38388 0.142338 1
-58.0987 14.6663 4.41852 0.946733 1.00939 1.7226 130624 0 -2.64379 0.141839 1
55.5734 6.68504 -1.94354 0.879385 0.912816 1.79237 119279 0 1.07839 0.141376 1
33.6918 46.0224 0.332025 2.24448 5.09415 1.79693 176775 0 -1.18496 0.14111 0
28.6704 35.698 0.0169419 2.08937 4.6033 1.60916 161783 0 -1.26401 0.141094 0
32.7993 47.1159 0.245706 2.14236 4.64189 1.67984 178644 0 -1.25586 0.140935 0
15.2469 29.6987 1.08153 0.932432 0.881047 2.0257 152849 0 2.86037 0.140705 1
11.3468 19.0348 0.636124 2.14961 4.84558 1.65424 137393 0 2.00761 0.140555 0
57.4379 -15.8421 -3.23624 2.03956 4.44997 1.66348 86525 0 1.96458 0.140548 0
36.8862 -11.2852 -1.15853 0.864143 0.932473 1.83802 93013 0 2.00381 0.140513 1
68.0217 -22.8664 -3.47691 3.47211 9.1481 3.47564 76262 0 -1.26364 0.140348 0
37.9421 61.4892 0.455326 2.00066 4.3929 1.57829 199720 0 1.71362 0.140107 0
29.8785 70.2323 0.756344 2.10174 4.77895 1.6747 212331 0 -1.24123 0.140086 0
12.0724 67.4317 1.12491 1.9003 4.38873 1.51377 208063 0 -0.914543 0.14002 0
-4.30606 69.9065 2.16046 2.11671 4.71013 1.69356 211756 0 0.415152 0.139977 0
-56.8464 31.5 4.10721 2.04961 4.47075 1.68356 155432 0 1.73953 0.139974 0
48.4935 31.5355 -0.806716 2.02777 4.43022 1.63785 155761 0 0.162731 0.139303 0
-14.5141 27.4822 1.80022 1.80682 4.11793 1.61118 149480 0 -0.94831 0.139207 0
-51.9729 11.1111 3.94845 0.918437 0.949128 1.66334 125495 0 -2.16784 0.139128 1
51.581 -18.3873 0.799565 0.857927 1.39136 1.83248 82763 0 -1.30405 0.139036 2
0.249855 6.80482 0.796399 0.703463 0.758269 1.53674 119574 0 -1.53943 0.138686 1
-50.4859 39.8953 3.83214 1.8391 3.7464 1.60444 167620 0 -0.723273 0.137784 0
-57.1248 31.7907 4.0857 2.11818 4.65227 1.742 155899 0 1.93068 0.137751 0
-64.1567 15.8219 4.06418 2.02094 4.47016 1.65634 132477 0 0.314909 0.137746 0
56.5898 43.0481 -0.136711 0.808147 1.59311 1.70871 172634 0 0.250116 0.137596 1
17.7571 35.9905 0.603298 2.06747 4.58046 1.66449 162217 0 -0.846437 0.137305 0
-48.519 33.0623 3.73472 2.18796 4.88767 1.78095 157798 0 2.65073 0.137251 0
29.5837 20.2041 0.118769 2.12918 4.67356 1.6834 139322 0 -1.67178 0.137165 0
-3.63491 46.2029 1.39496 1.96079 4.42042 1.55223 177126 0 -0.96529 0.137081 0
27.476 14.354 -0.00297701 2.12007 4.92306 1.75174 130423 0 1.8747 0.136795 0
-44.2378 38.9239 3.70863 2.15278 4.81153 1.7657 166235 0 -2.62844 0.136756 0
-51.7913 11.3483 3.88941 0.834237 0.903126 1.59656 125964 0 -2.58964 0.136655 1
42.0079 -12.2595 -1.34272 0.796423 0.818585 1.71945 91625 0 -1.35277 0.136584 1
27.2468 27.2513 0.142305 2.1968 4.99434 1.62938 149611 0 -1.31985 0.136578 0
46.7521 -15.8575 -1.987 0.80116 0.925936 1.75593 86492 0 -1.53107 0.136567 1
30.6349 22.602 0.00106797 2.1075 4.67217 1.57877 142601 0 1.88286 0.136487 0
-6.86108 60.0605 2.23076 2.12876 4.91848 1.73789 197240 0 1.52514 0.136342 0
3.60742 -13.0956 0.902129 0.816051 0.91822 1.68106 90569 0 -1.73891 0.135961 1
36.62 -9.80963 -0.944544 0.828864 0.883603 1.83046 95352 0 -1.17611 0.135876 1
33.6897 47.1238 0.283266 2.26053 5.10737 1.81636 178647 0 -1.28591 0.135694 0
-12.5405 32.535 1.97513 1.94398 4.56455 1.62272 156974 0 -1.0311 0.135588 0
31.2076 47.1837 0.179431 1.99233 4.46675 1.64072 178639 0 1.59801 0.135247 0
-3.01086 66.4181 2.0745 2.42696 5.49101 2.13195 206612 0 -0.101779 0.135198 0
29.2042 16.194 0.070155 0.975813 1.15761 1.75066 133237 0 1.95716 0.135121 1
-0.98658 6.03625 0.699931 0.700851 1.05144 1.26146 118166 0 -1.34262 0.13512 2
19.4143 62.2269 0.836873 2.03793 4.59912 1.63324 200598 0 1.64573 0.135052 0
29.5713 32.2121 0.210475 2.15144 4.85456 1.66246 156638 0 0.240345 0.134964 0
13.2474 35.2342 0.973246 2.28818 5.32956 1.81402 161267 0 -0.913355 0.13476 0
29.2417 17.3596 0.0804389 1.98965 4.25946 1.74088 135109 0 1.88393 0.133747 0
-48.7589 30.2129 3.5853 2.08873 4.60548 1.69655 153585 0 0.352523 0.133218 0
-6.55618 41.6979 1.71061 2.1547 4.85767 1.69963 170565 0 2.21686 0.132708 0
-31.4226 29.2316 2.69246 2.34757 5.76842 1.8316 152235 0 -0.966361 0.13258 0
-51.6096 17.0502 3.91578 0.851526 0.874267 1.75268 134388 0 -0.922506 0.132454 1
-43.4131 38.6307 3.48906 1.78879 3.57453 1.5027 165770 0 2.88571 0.132385 0
57.431 -15.5405 -3.2905 2.01388 4.36964 1.67205 86993 0 1.68742 0.13207 0
5.92336 -13.3861 0.672492 0.835024 0.912317 1.34901 90108 0 -1.47182 0.132067 1
17.4146 36.6237 0.534293 2.01984 4.51032 1.61572 163152 0 -0.881574 0.13167 0
-47.4509 31.4228 3.65223 1.01653 1.13738 1.8057 155461 0 -0.786522 0.131572 1
23.8699 59.3423 0.202305 2.00736 4.49482 1.59665 196400 0 0.855906 0.131502 0
25.5193 -9.17963 -0.296162 0.903807 1.38768 1.43856 96253 0 1.94812 0.131352 1
38.6151 -6.78773 -1.15944 0.861849 0.899847 1.72605 99570 0 -0.0467368 0.131067 1
-51.0561 28.3504 3.6852 2.02509 4.43277 1.64083 150770 0 -2.54054 0.13085 0
30.0321 38.3554 0.240824 1.76041 4.07495 1.64822 165531 0 -1.21652 0.130806 0
-3.42515 47.5837 1.56861 0.755637 0.705661 1.72663 178999 0 1.1367 0.130392 1
-1.71893 47.5858 1.75211 2.00617 4.27405 1.82265 179004 0 -1.55841 0.130313 0
45.8821 6.33212 -1.45592 1.93474 4.50075 1.63343 118781 0 1.73947 0.130246 0
19.3796 61.6253 0.892678 2.03518 4.57617 1.61299 199662 0 0.236171 0.130101 0
38.9433 63.9192 0.505422 1.80489 4.06103 1.61099 202999 0 -1.12954 0.129863 0
64.2113 -20.3383 -1.81494 2.03343 4.48471 1.8091 79994 0 -2.7885 0.129832 0
-56.1592 29.2605 4.01321 2.06942 4.55204 1.74396 152158 0 0.233299 0.129598 0
32.1295 23.4932 0.0530409 2.11855 4.78807 1.62488 144010 0 1.89573 0.129445 0
57.1185 -15.8305 -3.21543 2.00264 4.34596 1.64537 86524 0 -3.09473 0.129381 0
-0.129562 -5.05963 1.91675 0.723984 0.725556 1.68484 102257 0 -1.72011 0.12927 1
-5.31132 61.9132 2.27655 2.22494 5.00424 1.8066 200053 0 -3.094 0.129212 0
34.345 27.7162 0.0826342 2.21197 5.07782 1.76869 150101 0 -1.44104 0.129163 0
5.9139 -13.4642 0.65447 0.842316 0.917003 1.40207 89640 0 -0.892671 0.129072 1
-48.5135 29.967 3.51309 2.01521 4.43659 1.64191 153118 0 0.282917 0.128558 0
-4.63171 69.2899 1.99534 2.09613 4.61902 1.62974 210819 0 0.366216 0.127612 0
-57.1076 30.5909 4.03077 2.04002 4.48401 1.68642 154027 0 1.60643 0.127405 0
-1.15636 47.2843 1.77948 2.12445 4.94329 1.87732 178538 0 -0.947966 0.126234 0
26.1699 27.3118 0.128912 1.62034 3.22855 1.45299 149607 0 -1.27237 0.126139 0
57.1185 -15.5426 -3.2801 2.00481 4.33738 1.66098 86992 0 2.3683 0.125645 0
11.7458 67.9871 1.25042 2.14132 5.00463 1.64522 208998 0 -0.898224 0.125529 0
32.1702 35.7289 0.621889 0.778982 0.757655 1.69003 161794 0 1.45735 0.125352 1
4.06451 -12.9272 0.753027 0.742405 0.757416 1.58466 90570 0 -1.75208 0.125206 1
-57.7376 31.5163 4.00698 2.20636 4.91048 1.85204 155429 0 2.05775 0.125184 0
-52.8893 12.0388 4.07453 0.889598 0.901894 1.76137 126896 0 -2.74333 0.125118 1
-52.3521 11.9517 4.01096 0.858865 0.914209 1.69492 126898 0 -3.0014 0.124996 1
49.4415 29.9467 -0.891329 1.99783 4.50303 1.65621 153424 0 -1.34915 0.124873 0
29.9571 19.4825 0.0889257 2.0826 4.78446 1.66915 137919 0 1.79212 0.124822 0
25.0673 59.3402 0.280631 2.04007 4.56579 1.6384 196404 0 1.09397 0.124682 0
26.3323 -9.48718 -0.251551 0.827259 1.07553 1.76134 95788 0 -0.258902 0.124632 1
-6.54429 61.5476 2.28315 2.32565 5.41837 1.94197 199581 0 2.61879 0.124545 0
-53.2526 14.1433 4.1001 0.879565 0.976107 1.67342 130171 0 -2.80761 0.124227 1
-47.3046 31.4333 3.74042 0.937154 1.08164 1.76867 155462 0 -0.915012 0.124152 1
-10.0352 37.2616 1.64583 1.96228 4.51912 1.52075 164002 0 -2.96483 0.124034 0
-55.5324 29.2476 4.04613 2.16347 4.75335 1.77419 152160 0 -0.0836885 0.123704 0
26.4984 26.8419 0.116495 1.83245 3.95161 1.50011 148672 0 -1.19188 0.123128 0
17.1315 36.0215 0.566256 2.08401 4.63993 1.62967 162215 0 -0.855121 0.123108 0
38.5419 9.54686 -0.904765 2.02853 4.80923 1.6937 123438 0 -1.16247 0.122919 0
-43.4744 17.027 3.32951 2.0858 4.38018 1.79044 134414 0 2.05562 0.122876 0
-50.141 40.4553 3.85482 2.0668 4.53396 1.65107 168557 0 -0.32158 0.122761 0
-51.0467 16.4395 3.76479 0.898762 1.06164 1.68803 133454 0 2.45167 0.122727 1
-2.13383 44.9637 1.51844 1.91322 4.35179 1.50336 175259 0 2.00886 0.122143 0
58.0532 -16.1445 -3.26239 2.04551 4.42544 1.6764 86059 0 1.38258 0.122089 0
