-15.5998 -2.8273 1.20793 2.23548 5.01658 1.89741 105485 0 0.357201 0.948896 0
-4.01721 12.5426 0.873076 2.19451 5.01969 1.54453 127985 0 -0.983312 0.943488 0
-14.8477 18.7486 1.46988 2.02241 4.51448 1.52076 136843 0 -0.965154 0.941278 0
-11.4263 23.2053 1.44766 1.95905 4.44805 1.47597 143406 0 2.15685 0.917867 0
-2.04295 14.6241 0.858571 2.00755 4.53496 1.5363 130799 0 -1.03308 0.91752 0
6.16688 10.8107 0.921911 2.09403 4.74121 1.54062 125209 0 1.90969 0.91656 0
-16.5033 15.5452 1.53593 1.90817 4.2175 1.55346 132158 0 2.1468 0.914073 0
19.4149 10.1531 0.232202 1.97517 4.54417 1.55417 124314 0 -1.18095 0.913889 0
7.79466 28.0071 1.16429 2.1621 4.91695 1.87519 150486 0 -0.961153 0.91366 0
-21.2129 18.4294 1.79987 2.01553 4.58363 1.59577 136355 0 -1.04063 0.905201 0
-23.436 -0.1623 1.62185 2.09562 4.8142 1.57558 109204 0 0.323643 0.902455 0
4.57204 23.4777 0.792803 2.01355 4.75007 1.46138 143924 0 -0.97732 0.898408 0
-30.6557 12.5897 2.21874 2.03341 4.37622 1.57305 127902 0 1.9388 0.896777 0
-41.743 22.8829 2.88223 2.0655 4.52711 1.76167 142843 0 2.24608 0.895775 0
7.73775 13.9893 0.946328 2.1544 4.8432 1.79896 129894 0 1.98685 0.890765 0
10.4083 21.8896 0.861261 2.24955 5.09807 1.89931 141602 0 2.04037 0.888288 0
2.72157 21.3782 1.06153 2.07595 4.57377 1.81385 140642 0 -0.984478 0.886908 0
24.0755 8.45487 0.0260637 2.0226 4.62334 1.7188 121989 0 1.92494 0.886675 0
0.801132 19.437 1.0097 2.10245 4.77729 1.78984 137828 0 2.16242 0.883315 0
-13.3337 20.9772 1.41649 1.95689 4.52226 1.45583 140124 0 2.20967 0.883157 0
8.8886 16.1827 0.922109 2.19438 5.08344 1.86883 133173 0 2.04862 0.882546 0
5.84286 25.7349 0.86199 2.00432 4.38133 1.49743 147204 0 -0.965113 0.880829 0
36.3925 6.32448 -0.67606 2.11534 4.90565 1.89398 118751 0 -1.23924 0.87936 0
-8.75603 27.7609 1.40698 1.94074 4.49285 1.48225 149966 0 2.11636 0.878729 0
-10.6685 25.792 1.66394 2.09529 4.78824 1.68876 147152 0 2.14367 0.864748 0
-0.858101 17.2348 0.868786 2.07956 4.53204 1.50479 134547 0 -0.962131 0.859311 0
22.2407 18.6699 0.181459 1.98785 4.57671 1.50417 136959 0 -1.27909 0.858355 0
-21.0662 -1.38385 1.4479 2.03518 4.54087 1.53434 107340 0 0.309155 0.856492 0
24.7908 24.0811 0.328291 2.1279 4.85258 1.83369 144923 0 -1.27549 0.845772 0
-18.7242 23.2251 1.78917 1.98601 4.72812 1.61402 143383 0 -1.01917 0.844927 0
4.67217 46.8837 1.34244 2.05243 4.57248 1.69586 178088 0 2.2069 0.843937 0
-22.9377 16.2473 2.09632 2.15998 4.68516 1.88841 133074 0 -0.969234 0.83784 0
29.646 37.8826 0.168612 2.04526 4.62936 1.72846 165062 0 -1.21056 0.83482 0
-7.11768 30.0404 1.53977 2.07824 4.73228 1.73538 153247 0 2.15951 0.833273 0
26.7516 13.9148 0.088476 2.14512 4.78556 1.68384 129953 0 1.93501 0.823469 0
36.9256 -7.19843 -1.12662 0.858922 0.847479 1.65822 99097 0 0.70319 0.820466 1
-43.3253 13.3468 3.09682 2.15248 4.57836 1.75459 128798 0 -1.18215 0.816066 0
-17.4132 25.3601 1.7503 2.04457 4.76601 1.61332 146663 0 -0.97871 0.813935 0
-19.96 20.7097 2.0497 2.26859 5.51503 1.94153 139635 0 -1.0148 0.813534 0
25.7774 29.6416 0.364508 2.02133 4.61583 1.6315 152882 0 1.9394 0.809851 0
-4.2591 34.7958 1.33637 2.11763 5.01905 1.57861 160276 0 -0.967454 0.807967 0
20.8963 13.0192 0.189069 2.02931 4.78442 1.51394 128531 0 -1.18401 0.807368 0
-5.88285 32.7988 1.21014 1.97909 4.65562 1.4312 157463 0 -0.983725 0.805965 0
25.756 10.979 -0.0517942 2.06402 4.44313 1.61442 125738 0 1.94573 0.799077 0
-13.9088 19.7668 1.59073 0.863939 0.843263 1.65428 138250 0 -1.41354 0.797749 1
35.0379 -11.6427 -0.962171 0.803119 0.863524 1.8816 92539 0 2.08219 0.796545 1
23.5075 21.2548 0.128773 1.93771 4.50557 1.43569 140707 0 1.72741 0.791942 0
3.30571 44.2949 1.13268 2.05948 4.72091 1.4781 174340 0 2.18709 0.774182 0
12.6438 34.7086 0.955729 2.12349 4.77556 1.69124 160329 0 -0.893767 0.773953 0
-18.658 -2.44871 1.3455 1.96624 4.39263 1.51935 105943 0 0.341254 0.773147 0
-15.7684 28.0828 1.78906 1.95967 4.40726 1.59101 150412 0 -0.988839 0.769154 0
-36.384 22.7921 2.6891 2.20823 4.91044 1.87871 142860 0 -0.981598 0.764816 0
-33.1795 27.0795 2.5458 1.95554 4.26027 1.59474 148954 0 2.22916 0.761593 0
-12.6248 32.5228 1.84208 2.03677 4.66299 1.62972 156974 0 -1.01633 0.758285 0
-46.3057 18.4061 3.30706 2.10345 4.53045 1.77452 136277 0 2.02724 0.757789 0
-31.5605 29.322 2.59531 1.94869 4.31531 1.68848 152235 0 -0.877452 0.754197 0
-4.8504 33.856 1.42198 0.746795 0.697428 1.66152 158870 0 -0.91041 0.749419 1
21.5512 15.9251 0.180719 2.0069 4.73997 1.52772 132745 0 -1.16548 0.741186 0
43.424 3.02049 -1.5437 1.98862 4.4435 1.62172 114093 0 1.89709 0.730661 0
54.8362 -3.03516 -2.10742 2.11502 4.67596 1.80368 105237 0 -1.22773 0.726932 0
30.9167 41.0753 0.191122 1.98009 4.31687 1.84435 169746 0 -1.22975 0.718641 0
-14.1899 30.2285 1.76035 1.95007 4.51718 1.52084 153693 0 -1.01247 0.714771 0
-26.0122 35.6517 2.63338 2.20381 5.09739 1.84368 161612 0 -0.938662 0.710648 0
26.0468 26.4764 0.147047 2.05256 4.58097 1.64608 148203 0 -1.22541 0.708113 0
44.6353 6.30219 -1.38125 2.05996 4.81288 1.68727 118777 0 1.80725 0.703352 0
-23.5015 40.4901 2.49311 2.35609 5.80477 1.95358 168640 0 -0.980566 0.696041 0
32.4911 46.1592 0.172885 1.96993 4.37656 1.76963 177239 0 -1.28052 0.685775 0
11.0126 32.4346 0.777993 1.96873 4.43169 1.40853 157048 0 -0.955816 0.681948 0
-29.5607 31.563 2.66396 2.20731 5.04121 1.81812 155517 0 -0.952952 0.677078 0
35.9795 54.8309 0.315441 2.04755 4.67772 1.62072 189886 0 -1.21177 0.674455 0
-38.8656 28.2526 2.92084 2.22513 5.137 1.89634 150808 0 -0.897276 0.669064 0
37.2584 9.15562 -0.747758 2.01038 4.58319 1.66101 122966 0 -1.18596 0.664163 0
31.8237 43.4096 -0.00441638 2.10949 4.74811 1.7095 173025 0 -1.23578 0.661027 0
39.8851 -13.7106 -1.28453 0.847806 0.864911 1.8079 89746 0 -1.29858 0.660917 1
37.9535 60.348 0.214076 2.0063 4.59739 1.53575 197848 0 -1.18661 0.657984 0
-11.0423 34.6854 1.63362 1.99713 4.60899 1.49723 160255 0 -0.990799 0.641516 0
9.43045 30.2366 0.791062 1.98887 4.54228 1.46335 153767 0 -0.951025 0.638496 0
-0.735344 39.9137 1.46016 2.02663 4.72061 1.5846 167775 0 2.25986 0.634621 0
32.433 27.4131 0.124671 2.12612 4.83698 1.6712 149627 0 1.89339 0.62531 0
39.1583 -12.263 -1.55609 0.844852 0.848831 1.72553 91616 0 1.55988 0.621991 1
35.7365 -11.4156 -1.10289 0.749813 0.729136 1.74276 93009 0 2.1298 0.609657 1
-4.86707 33.961 1.41015 0.703749 0.690451 1.61891 159338 0 -0.985039 0.607361 1
-5.89265 40.7873 1.66267 2.06586 4.75724 1.5983 169163 0 -1.05174 0.574764 0
-53.5756 17.3534 3.69904 2.07748 4.63569 1.68445 134850 0 -1.10744 0.571478 0
28.9544 19.3971 0.116849 2.17596 4.91505 1.71699 137916 0 -1.35799 0.568988 0
27.368 16.7665 0.0980669 2.05553 4.70354 1.71686 134167 0 1.953 0.562441 0
-5.31071 10.0789 0.818801 1.92495 4.37341 1.50978 124237 0 -1.02319 0.555496 0
-7.25736 60.6199 1.99291 2.32097 5.22767 1.96406 198175 0 2.19129 0.550189 0
-2.06091 47.8598 1.73942 2.19188 4.97866 1.81652 179471 0 -1.05359 0.521889 0
-1.47041 36.5666 1.21769 2.11806 5.01153 1.52697 163093 0 -0.902027 0.509708 0
35.0026 -10.7512 -0.850917 0.841493 0.852523 1.91416 93943 0 -1.26892 0.509661 1
-3.08635 66.9703 1.95636 2.41001 5.49469 1.97972 207548 0 -1.00967 0.483946 0
38.9184 63.5362 0.234504 2.12977 4.7585 1.91427 202531 0 -1.14384 0.47731 0
-4.91507 64.7803 1.76567 2.07156 4.5833 1.6305 204266 0 -0.92609 0.46991 0
29.6781 68.9427 0.645474 0.817901 0.840316 1.76135 210458 0 -2.66738 0.461212 1
36.9212 -6.98582 -1.16995 0.769505 0.765896 1.54195 99565 0 0.366508 0.452036 1
1.131 42.0388 1.18448 2.04139 4.69808 1.52378 171057 0 2.19932 0.449543 0
36.9414 -7.39775 -1.17392 0.819005 0.818363 1.67262 98629 0 0.80199 0.444103 1
27.9824 19.6752 0.100794 2.12826 4.8537 1.67726 138381 0 1.91392 0.434601 0
40.0554 -13.8601 -1.31572 0.868295 0.905333 1.77508 89279 0 -1.32459 0.430379 1
56.473 3.34937 -2.0352 2.01583 4.51483 1.68589 114602 0 -1.23338 0.426063 0
3.6099 44.0583 1.16601 1.97608 4.46224 1.4504 173873 0 1.91019 0.423059 0
-1.82372 36.8878 1.24121 2.08718 4.8778 1.5537 163560 0 2.43573 0.418879 0
29.8196 68.9285 0.646524 0.83106 0.851646 1.74694 210459 0 -2.65733 0.412257 1
-36.9023 23.1197 2.72216 2.51423 6.19981 2.06823 143326 0 -1.01843 0.41118 0
35.8793 -11.4097 -1.11613 0.818071 0.782717 1.79283 93010 0 2.21728 0.408838 1
36.7927 -7.19302 -1.13257 0.878813 0.848283 1.63952 99096 0 0.822416 0.401646 1
10.7206 62.8991 0.874393 1.9966 4.48551 1.67263 201507 0 -0.932475 0.401458 0
-51.3852 41.3972 3.93934 2.0754 4.58225 1.69713 169957 0 2.30898 0.400612 0
39.1684 -12.1236 -1.58808 0.864913 0.871699 1.73214 92084 0 -0.338886 0.399714 1
-3.38781 45.571 1.32079 1.95043 4.44512 1.5269 176191 0 -1.00664 0.390391 0
35.0053 -11.4995 -0.954002 0.794923 0.819638 1.80607 93007 0 -2.21966 0.387379 1
-7.78337 60.6638 2.07019 2.43938 5.90353 2.07493 198173 0 2.15919 0.38183 0
30.2243 22.2207 -0.0330781 2.17556 4.83159 1.59933 142132 0 1.87363 0.38 0
-4.05621 47.7887 1.67211 0.822197 0.751689 1.73721 179465 0 -2.52022 0.377928 1
37.5109 9.39245 -0.672883 2.17335 5.01069 1.75833 123435 0 -1.26316 0.373197 0
-6.15495 40.86 1.60725 2.21433 5.45929 1.7213 169162 0 -1.33103 0.367225 0
35.7266 -11.5586 -1.06574 0.764712 0.763352 1.7592 92541 0 2.18507 0.367146 1
14.5318 29.5474 0.999285 0.9756 0.986 2.00956 152847 0 -2.26652 0.366578 1
40.2102 -12.919 -1.53453 0.819425 0.794168 1.74142 90683 0 -1.31781 0.362905 1
53.9921 5.65905 -2.14705 0.816343 0.872133 1.73559 117870 0 0.637348 0.35861 1
-5.50119 36.9344 1.48508 0.682047 0.621105 1.6352 163548 0 0.769285 0.347184 1
-29.0818 31.4893 2.65157 1.97546 4.30802 1.62918 155519 0 -0.89116 0.346542 0
40.0427 -13.7062 -1.3043 0.879638 0.912523 1.81441 89747 0 -1.31642 0.343128 1
-49.7677 33.1204 3.40657 1.98749 4.42183 1.63923 157794 0 2.14802 0.341934 0
40.2161 -12.6958 -1.60337 0.844527 0.821528 1.75693 91151 0 -1.24919 0.338861 1
-16.1495 48.758 2.14361 2.17501 4.85456 1.76992 180831 0 -0.936067 0.338755 0
-5.40732 36.9307 1.50956 0.647983 0.598799 1.62887 163549 0 0.821125 0.330484 1
28.6129 69.9694 0.832325 1.98395 4.48328 1.60305 211859 0 1.91829 0.329657 0
35.2759 -11.641 -1.0149 0.788056 0.815333 1.85942 92540 0 2.13356 0.325787 1
55.5227 3.69143 -2.09733 2.03766 4.58336 1.66671 115067 0 1.04658 0.325531 0
44.0742 6.54221 -1.2821 2.3467 5.72809 1.9233 119243 0 1.81108 0.325239 0
39.5404 14.2363 -0.618495 2.01312 4.46538 1.67032 130461 0 -1.22178 0.324903 0
27.9986 71.5713 0.760616 2.01054 4.4996 1.60334 214197 0 -2.8529 0.324689 0
25.5492 26.6946 0.173311 1.7501 3.66828 1.51483 148669 0 -1.21727 0.32324 0
-0.205635 39.5026 1.46993 1.97071 4.34989 1.56877 167309 0 -2.99195 0.322882 0
55.222 3.73948 -2.11366 1.99911 4.4482 1.63 115066 0 1.70298 0.319381 0
-40.5965 2.13577 3.1568 0.838068 0.862785 1.71588 112427 0 -0.289767 0.319042 1
-3.65005 45.3381 1.2955 1.93742 4.43019 1.48288 175722 0 -1.02631 0.317063 0
-46.7962 18.6662 3.24453 2.41038 5.67328 1.9797 136743 0 1.96159 0.313865 0
40.3962 -12.9164 -1.54238 0.803302 0.819967 1.71776 90684 0 -1.26874 0.310476 1
55.8881 3.4189 -2.04113 2.05606 4.54569 1.70286 114600 0 -1.17619 0.305861 0
-3.98895 45.8942 1.31897 1.96013 4.54103 1.54604 176657 0 -1.06929 0.30552 0
-38.5804 27.8074 2.90417 2.06945 4.48437 1.80166 149873 0 -0.940455 0.304656 0
10.0699 63.4877 0.836927 2.20711 5.07258 1.77924 202441 0 -0.917877 0.304262 0
14.3148 29.5291 0.99573 0.93517 0.882816 1.9968 152846 0 -2.04418 0.302643 1
-3.68901 67.3367 1.96344 2.1773 4.80629 1.86736 208014 0 1.98726 0.302173 0
28.2542 16.4319 0.111518 2.18601 4.82217 1.85822 133702 0 1.96562 0.301187 0
-44.942 40.4714 3.59268 2.1395 4.78531 1.76507 168573 0 2.3306 0.299287 0
34.8624 -10.7658 -0.941697 0.820981 0.861068 1.83263 93942 0 -1.33005 0.299237 1
21.0498 16.0836 0.213565 1.68681 3.55197 1.41868 133211 0 -1.22731 0.298143 0
55.5084 0.150208 -2.28521 2.11136 4.79139 1.78911 109919 0 -1.20788 0.29415 0
44.5941 -16.5576 -1.85605 0.840311 0.932077 1.75335 85549 0 1.86659 0.291733 1
34.9941 -10.9206 -0.90024 0.778935 0.783931 1.86553 93475 0 -1.223 0.290488 1
39.8361 14.5296 -0.638932 1.99975 4.48165 1.66251 130930 0 -1.21865 0.288457 0
39.0133 -12.2799 -1.53344 0.857798 0.870704 1.71729 91615 0 1.76226 0.286168 1
-56.0816 27.7631 3.97046 0.873775 0.968881 1.673 149818 0 -1.28106 0.285603 1
54.3634 -3.0033 -2.01658 1.81771 3.80009 1.64012 105235 0 -1.16503 0.285326 0
55.2083 -0.138481 -2.29867 2.01623 4.51551 1.7358 109450 0 -1.18179 0.282195 0
-5.01108 65.0351 1.76468 2.20577 4.83599 1.70683 204734 0 -1.67455 0.280678 0
56.111 42.3667 -0.111501 0.790377 1.76589 1.78641 171697 0 -2.86047 0.280363 2
40.3947 -12.699 -1.60359 0.820058 0.833282 1.72647 91152 0 -1.21467 0.27999 1
-15.8359 59.6844 2.38589 2.0098 4.48979 1.6192 196744 0 2.43228 0.27968 0
-5.19447 64.8618 1.75714 2.07074 4.61315 1.64566 204265 0 -0.179011 0.279585 0
14.5104 29.3976 0.987222 1.01555 0.988663 2.06045 152379 0 -2.46381 0.279459 1
37.0211 8.90498 -0.781567 1.84616 4.16337 1.63369 122497 0 -1.12454 0.279326 0
37.5918 -10.7446 -1.28363 0.768416 0.743951 1.7469 93951 0 0.143183 0.277645 1
0.14595 74.4375 1.53929 1.88558 4.51073 1.53792 218322 0 2.09603 0.275914 0
31.2906 43.6742 -0.113499 1.75052 3.79664 1.53576 173491 0 -1.2444 0.270946 0
8.90485 30.2971 0.87465 1.98766 4.47364 1.48493 153765 0 -0.964449 0.265271 0
35.453 54.9035 0.35607 1.75872 3.88555 1.54559 189884 0 -1.22849 0.264775 0
40.1455 15.5274 -0.586196 1.95945 4.25898 1.66283 132335 0 -1.31244 0.264157 0
1.44708 41.5352 1.16025 1.90869 4.39191 1.45809 170122 0 2.21054 0.26232 0
-2.09934 6.19727 0.650967 0.649422 0.74359 1.29871 118631 0 -1.61943 0.262084 1
14.305 29.3735 1.00995 0.97816 0.900451 2.02043 152378 0 -2.43987 0.26197 1
34.8539 -11.6311 -0.957675 0.828319 0.892654 1.85773 92538 0 2.14455 0.261384 1
55.8354 -0.471092 -2.45553 2.03951 4.5982 1.74792 108984 0 -1.16159 0.261111 0
-1.516 47.8056 1.65413 2.30026 5.36202 1.85335 179473 0 -1.03623 0.260983 0
28.0002 15.6119 0.108996 0.898151 0.975841 1.68053 132297 0 1.99189 0.260561 1
27.7287 16.2588 0.0969161 2.08039 4.47952 1.81791 133232 0 1.97639 0.260447 0
-5.01331 34.3773 1.39487 0.688626 0.844661 1.52727 159806 0 -1.04458 0.257364 1
35.0963 -9.8398 -1.17202 0.719227 0.665646 1.77052 95347 0 1.00417 0.256072 1
-5.62757 65.4032 1.75651 2.1259 4.74952 1.70841 205200 0 2.19934 0.255108 0
-13.7235 19.7455 1.56826 0.857347 0.861954 1.58965 138251 0 -1.55585 0.254909 1
27.7382 71.7954 0.766749 2.08593 4.68758 1.64851 214664 0 -2.79377 0.254462 0
27.9997 15.8135 0.0973172 1.01398 1.27561 1.74143 132765 0 2.00036 0.252291 1
-14.6214 57.9949 2.16276 0.736054 0.692607 1.60161 194408 0 1.73853 0.24885 1
55.4791 3.925 -2.09061 2.09581 4.7654 1.69288 115535 0 2.40663 0.246976 0
28.9788 19.1685 0.104132 2.16917 5.00836 1.72931 137448 0 -0.846276 0.245498 0
57.0654 3.06087 -2.19912 2.22358 5.11282 1.84835 114136 0 -1.19068 0.245434 0
-13.6974 30.1334 1.73494 1.9292 4.5564 1.55167 153695 0 -1.00876 0.244716 0
-58.0694 32.465 4.00014 2.28171 5.13901 1.8302 156832 0 -1.56159 0.243343 0
-48.8127 35.9922 3.28255 1.9209 4.2526 1.63931 162009 0 2.15864 0.23972 0
39.8637 15.1986 -0.670529 1.98039 4.43245 1.64477 131866 0 -1.24825 0.238258 0
-31.7517 29.0673 2.60197 1.87994 4.09805 1.65053 151766 0 -0.942209 0.236779 0
12.6292 67.0113 0.918434 2.05269 4.61144 1.66778 207597 0 -0.885129 0.236442 0
-3.02043 45.0218 1.45691 1.9224 4.38839 1.4985 175256 0 -0.977612 0.236326 0
24.3901 -9.80865 -0.265199 0.92604 0.996414 1.62644 95314 0 1.5728 0.234641 1
24.2533 -9.77148 -0.244343 0.929277 1.02184 1.5965 95313 0 1.80009 0.232737 1
56.7538 3.61116 -2.08382 2.10931 4.68523 1.74797 115071 0 -1.30258 0.232398 0
-55.9437 27.8878 3.95381 0.873488 0.954995 1.62455 150287 0 -1.41244 0.231623 1
-53.3907 12.9379 4.03712 0.831799 1.92713 1.65428 128299 0 2.97948 0.230336 2
44.3754 6.04028 -1.35571 2.10969 4.9676 1.73334 118308 0 1.75323 0.229791 0
-15.8594 49.0694 2.19394 2.21553 4.93786 1.78044 181300 0 -0.833417 0.228885 0
-14.0751 19.7594 1.58744 0.958992 0.995653 1.68698 138249 0 -1.36892 0.227994 1
30.5376 22.4977 -0.0433325 2.11281 4.78874 1.56195 142601 0 1.87246 0.22799 0
-58.3739 8.79743 4.16336 2.03974 4.56059 1.72246 122199 0 0.424014 0.227977 0
31.4243 40.8583 0.215678 2.25568 5.24963 1.92594 169280 0 -1.18968 0.226747 0
39.5588 15.5373 -0.722597 1.95302 4.33078 1.61161 132333 0 -1.26043 0.226398 0
31.17 33.5034 0.492333 0.78785 0.791609 1.70119 158515 0 -1.85028 0.225489 1
44.584 -16.6903 -1.79472 0.84557 0.921221 1.73415 85081 0 1.87313 0.224893 1
-44.6698 40.7415 3.66374 2.17799 4.87591 1.8018 169042 0 2.40573 0.224124 0
-16.1509 28.5266 1.7623 2.13777 5.18032 1.6139 151347 0 -0.982354 0.223102 0
37.3669 60.3802 0.214909 1.70105 3.85829 1.44384 197846 0 -1.2016 0.218929 0
-57.7679 32.2001 4.02359 2.13716 4.67858 1.72085 156365 0 -0.12289 0.218729 0
-45.2318 40.1737 3.59966 2.11437 4.73921 1.72804 168104 0 2.27789 0.217664 0
31.5337 43.8713 -0.0773633 1.91302 4.20384 1.59962 173960 0 -1.28945 0.217568 0
-49.5014 33.3821 3.43448 2.07843 4.57939 1.67422 158263 0 2.22035 0.216867 0
-54.6069 14.9574 4.02138 0.895629 0.926604 1.71074 131103 0 -1.12257 0.21663 1
35.8827 -11.5594 -1.09745 0.84429 0.819925 1.80706 92542 0 2.27793 0.216151 1
56.1333 0.136055 -2.29909 2.14888 4.92423 1.82291 109921 0 -1.22982 0.215515 0
-29.9172 32.0576 2.70963 2.4679 6.17123 2.06298 156452 0 -0.89262 0.215275 0
35.3993 -11.4036 -1.03945 0.734892 0.723679 1.78354 93008 0 2.38322 0.213523 1
55.5696 3.43774 -2.08724 2.07951 4.60985 1.69279 114599 0 -0.813915 0.213237 0
1.97674 -13.2929 0.859503 0.751337 0.703313 1.63123 90096 0 -1.30042 0.212337 1
-6.89382 60.0761 2.01718 2.12148 4.53411 1.86548 197240 0 2.16813 0.212201 0
5.90926 -17.4566 0.733072 2.04453 4.59554 1.63082 84024 0 0.403881 0.212079 0
39.4193 -12.2819 -1.52864 0.871466 0.886459 1.76257 91617 0 -1.33671 0.210976 1
31.9391 46.2156 0.189888 1.6508 3.36123 1.63924 177237 0 -1.25395 0.210265 0
31.478 35.2994 0.426723 0.696203 0.686416 1.6371 161324 0 -1.15825 0.20958 1
33.0228 45.9693 0.191385 2.28502 5.30602 1.91661 176773 0 -1.23316 0.209332 0
40.4323 15.8181 -0.51658 1.97943 4.34882 1.69174 132804 0 -1.37548 0.207546 0
28.6441 35.3629 0.131278 2.01467 4.48857 1.58326 161315 0 -1.21776 0.206541 0
40.1362 14.875 -0.611661 1.99778 4.43958 1.67544 131399 0 -1.24843 0.20614 0
-40.7381 2.3239 3.1208 0.857028 0.878676 1.73764 112894 0 -0.362221 0.205888 1
40.1675 -14.1666 -1.35318 0.792783 0.819479 1.7128 88811 0 -1.32281 0.205709 1
-49.0709 35.7076 3.36766 2.08929 4.69314 1.7386 161540 0 2.05712 0.205647 0
35.0631 -11.8783 -1.01977 0.859937 0.895941 1.88556 92071 0 2.03296 0.205591 1
-4.41583 64.7128 1.74618 2.23219 4.94521 1.73548 204268 0 -0.942303 0.205238 0
1.87304 -13.2982 0.881242 0.760103 0.720708 1.6466 90095 0 -1.27924 0.205153 1
-4.19061 47.8008 1.66361 0.828357 0.758725 1.71603 179464 0 -2.53723 0.205071 1
-60.633 13.9536 4.14768 2.05168 4.65637 1.68812 129680 0 -2.78007 0.204703 0
54.12 5.64591 -2.20354 0.858277 0.919747 1.7688 117871 0 -0.648107 0.204428 1
-25.7223 35.1545 2.61481 2.12576 4.87105 1.79806 160677 0 -0.951402 0.203926 0
0.438057 74.7338 1.38257 1.86199 4.28871 1.51905 218791 0 2.2662 0.203864 0
53.9861 5.79107 -2.19651 0.846156 0.910705 1.74347 118338 0 0.663707 0.203789 1
55.5498 -0.757195 -2.43446 2.06084 4.54041 1.73497 108515 0 -1.09566 0.203778 0
29.8385 68.7661 0.633433 0.8604 0.894529 1.75343 209991 0 -2.87743 0.203584 1
-15.2238 59.3567 2.37295 1.97732 4.36434 1.59145 196278 0 2.45424 0.203365 0
-30.1408 31.6105 2.72715 2.44239 6.00352 2.03327 155515 0 -0.969531 0.202988 0
-48.416 31.8596 3.25673 0.835909 0.840749 1.71631 155926 0 2.31881 0.202663 1
-58.0441 32.2136 4.00488 2.24701 4.97301 1.79038 156364 0 2.38121 0.198852 0
10.0927 19.0007 0.538989 2.15967 4.8988 1.63327 137389 0 2.04167 0.198315 0
-2.67126 47.9042 1.76581 2.04764 4.46802 1.74892 179469 0 -1.10168 0.198043 0
-50.0344 32.8447 3.39703 2.01521 4.4948 1.66412 157325 0 2.10114 0.198008 0
-0.111984 39.2756 1.45965 1.86918 4.24996 1.55133 166841 0 -0.843778 0.197912 0
29.6854 68.7691 0.65778 0.859709 0.903748 1.76818 209990 0 -2.84487 0.197664 1
40.4206 15.2036 -0.565077 1.98588 4.37973 1.69557 131868 0 -1.29725 0.196882 0
56.1617 -1.08353 -2.44405 1.91436 4.16497 1.68792 108049 0 -1.08623 0.195526 0
-38.346 28.2304 2.90029 1.91506 4.31951 1.81863 150810 0 -0.829226 0.194526 0
-2.45914 47.2439 1.78405 0.935616 1.06013 1.75241 178534 0 -1.13109 0.194367 1
-4.92377 33.5336 1.3956 0.718894 0.665381 1.61576 158402 0 -0.927769 0.193987 1
-14.6242 57.8652 2.18991 0.744583 0.696418 1.60976 193940 0 0.92381 0.193887 1
56.461 -0.47525 -2.33438 2.05147 4.54593 1.75501 108986 0 -1.19147 0.193467 0
-33.4314 27.5623 2.67038 2.2553 5.2088 1.76807 149889 0 2.2514 0.192791 0
-2.64694 47.2276 1.7907 0.881583 0.934487 1.72124 178533 0 -1.41748 0.192522 1
22.98 21.3079 0.142139 1.71635 3.49812 1.30612 140705 0 1.84466 0.191581 0
45.9165 30.2236 -0.534789 2.03993 4.5263 1.60963 153881 0 -1.16232 0.191579 0
-51.361 40.8922 3.80913 1.97795 4.22834 1.63957 169021 0 -3.01882 0.190897 0
-54.9061 11.9855 3.93531 1.94312 4.11443 1.61663 126890 0 0.950242 0.190816 0
36.7325 9.38544 -0.719019 1.66918 3.52643 1.55297 123432 0 -1.23897 0.190773 0
33.1334 27.1271 0.0780167 2.11194 4.7932 1.69253 149161 0 -2.70087 0.190618 0
9.9979 29.9364 0.738675 1.9888 4.58626 1.48248 153301 0 -0.945643 0.190598 0
28.701 17.0347 0.152215 0.826921 0.811698 1.69368 134639 0 1.90001 0.190225 1
40.1552 16.122 -0.500181 1.99146 4.30133 1.68731 133271 0 -1.43161 0.190111 0
-4.0278 47.6406 1.67998 0.842725 0.790433 1.71058 178997 0 -2.51577 0.18991 1
-51.9207 41.439 4.00352 2.28086 5.29817 1.94385 169955 0 2.43321 0.189436 0
-5.18244 34.3924 1.40298 0.654205 0.665505 1.49276 159805 0 -1.16518 0.189207 1
11.5902 32.155 0.6986 1.99699 4.42948 1.4519 156582 0 -0.939388 0.189104 0
-5.93884 10.6128 0.88578 1.99665 4.59268 1.52167 125171 0 -1.03212 0.18863 0
30.9409 40.585 0.229785 2.05963 4.64805 1.90654 168810 0 -1.11778 0.188265 0
27.9979 71.2867 0.769996 1.93389 4.19443 1.56837 213729 0 2.83474 0.188095 0
46.8687 29.6019 -0.82901 1.89799 4.25213 1.5173 152948 0 -1.205 0.187893 0
36.7748 -6.97034 -1.15688 0.779883 0.753923 1.50273 99564 0 0.700384 0.187719 1
-0.257401 39.7534 1.49259 2.05335 4.43083 1.5665 167777 0 2.37635 0.186359 0
13.276 66.4081 0.995598 2.09907 4.72954 1.68837 206663 0 -0.91228 0.186359 0
-57.1226 27.408 4.00844 0.825919 0.893165 1.69632 149347 0 -1.17658 0.185897 1
2.44237 -12.9296 0.749747 0.769461 0.767813 1.67602 90565 0 -1.38442 0.185887 1
24.2808 24.145 0.371018 1.8783 3.7404 1.68707 144921 0 -1.27928 0.185055 0
-5.87351 58.4916 1.65939 0.811638 0.68536 1.6405 194903 0 2.58669 0.184887 1
60.951 -1.75894 -2.73458 2.07461 4.58922 1.74566 107128 0 1.70491 0.184633 0
31.1749 33.6578 0.661494 0.797343 0.815362 1.74326 158983 0 0.604719 0.184119 1
-53.51 12.9521 3.99437 0.896955 1.85125 1.69585 128298 0 2.67359 0.183872 2
-39.4243 28.371 2.97974 2.53812 6.1777 2.12954 150806 0 -0.935216 0.183674 0
3.09775 -4.67667 1.62856 0.744212 0.821152 1.76237 102735 0 -1.63209 0.183633 1
-31.8137 29.7978 2.61531 2.16017 5.18777 1.8788 153170 0 -0.845151 0.181907 0
44.5866 6.76656 -1.32319 2.35682 5.51186 1.86347 119713 0 1.87007 0.181847 0
55.4224 -3.06232 -2.19288 2.37676 5.71895 2.05202 105239 0 -1.25837 0.181414 0
-63.5971 26.9809 4.38708 0.963925 1.05736 1.77687 148859 0 -1.0766 0.181212 1
12.4145 34.5117 0.96933 1.90637 4.31832 1.58898 159860 0 -0.893234 0.180261 0
-48.4951 36.6388 3.26759 1.90132 4.2539 1.61626 162946 0 2.28064 0.180169 0
-4.30427 33.777 1.32856 0.729082 0.749046 1.5026 158872 0 -0.441765 0.180062 1
20.4346 13.2071 0.216787 1.78455 3.68327 1.42872 128997 0 -1.21135 0.179682 0
-18.2296 -2.40128 1.29621 1.94472 4.19401 1.57002 105945 0 0.301766 0.178919 0
-2.29825 37.0249 1.22188 1.91493 4.5215 1.54882 163558 0 2.22387 0.178875 0
56.1574 42.6583 -0.249879 0.813435 1.53068 1.76439 172165 0 -2.89338 0.178527 2
-9.77089 36.973 1.59408 1.96 4.59074 1.45961 163535 0 -1.16198 0.177973 0
-14.7806 58.0135 2.2351 0.785206 0.768497 1.59882 194407 0 2.0987 0.177602 1
14.843 29.6252 0.982384 1.2333 1.46561 2.13062 152848 0 -2.02879 0.177412 0
-5.87906 58.6163 1.65974 0.771381 0.660767 1.6949 195371 0 2.38668 0.177031 1
14.8926 29.9623 1.12769 1.35484 2.00678 2.29365 153316 0 -1.64904 0.176746 0
25.8315 26.2015 0.134031 2.01751 4.47271 1.65011 147734 0 -1.10928 0.176611 0
37.0084 9.65314 -0.716784 1.86255 4.08785 1.58372 123901 0 -1.28616 0.176581 0
40.4209 -14.1823 -1.40824 0.756317 0.774027 1.62575 88812 0 -1.27982 0.176301 1
37.1557 -7.21016 -1.12578 0.848076 0.872279 1.66375 99098 0 0.273716 0.175257 1
-48.5285 36.3131 3.24827 1.80417 4.04414 1.56099 162478 0 2.23411 0.174044 0
27.6803 32.4669 0.0974375 2.12534 4.80694 1.63015 157100 0 1.7537 0.173305 0
-48.2504 31.8667 3.26215 0.82549 0.854342 1.74131 155927 0 2.25914 0.17309 1
25.7624 26.9019 0.172574 1.79247 3.8772 1.54501 149138 0 -1.28466 0.172944 0
10.5096 32.5403 0.843841 1.88025 4.24786 1.42091 157046 0 -0.971816 0.172881 0
-40.5883 2.27068 3.21689 0.79225 0.854911 1.6838 112895 0 -0.498728 0.17234 1
-57.1271 27.6097 3.96369 0.808795 0.87468 1.66343 149815 0 -1.20733 0.170758 1
39.1589 -12.5221 -1.54563 0.844084 0.849517 1.76042 91148 0 1.60544 0.170735 1
-33.6318 27.1458 2.60485 2.16561 5.01569 1.72304 148952 0 2.14271 0.169149 0
-44.6644 39.8715 3.43722 1.99587 4.32536 1.61458 167638 0 2.33971 0.168348 0
-57.486 32.1687 4.00262 2.07955 4.47492 1.6836 156366 0 -0.827238 0.16784 0
8.82413 30.8103 0.964569 2.0685 4.62832 1.56733 154701 0 -0.945427 0.167774 0
15.1675 29.9266 1.07361 1.56143 3.06805 2.40075 153317 0 -1.89195 0.167612 0
-53.079 17.3647 3.62028 1.82561 3.78805 1.57063 134852 0 -1.04101 0.167261 0
-15.2052 49.4334 2.25746 2.1608 4.73518 1.7365 181770 0 -2.78861 0.167249 0
-44.3667 40.1767 3.48411 2.02329 4.39467 1.64466 168107 0 2.41419 0.167174 0
-13.7119 19.9005 1.55913 0.854306 0.941561 1.57258 138719 0 -1.65669 0.167173 1
-5.38794 32.488 1.19888 1.74415 3.94392 1.35342 156997 0 -0.979636 0.16704 0
-15.5744 59.9288 2.36225 2.04028 4.5766 1.6646 197213 0 2.48354 0.166529 0
39.9119 -12.9351 -1.48062 0.815806 0.797797 1.73967 90682 0 -1.32878 0.165832 1
34.7998 -10.9734 -0.945531 0.792452 0.837637 1.81094 93474 0 -1.29658 0.165636 1
-2.72647 66.4999 1.95173 2.2198 4.96394 1.96891 206613 0 -0.942258 0.165285 0
39.262 13.9674 -0.611241 2.06208 4.63117 1.71194 129992 0 -1.2216 0.165057 0
12.3676 66.7598 0.909552 2.02377 4.62768 1.64648 207128 0 -0.879269 0.165047 0
-0.162025 74.1451 1.51666 1.96456 4.43035 1.57774 217853 0 1.82206 0.164793 0
-6.96767 60.8853 2.0056 2.44373 5.49929 2.02634 198644 0 2.23854 0.163396 0
39.8996 -12.6666 -1.57361 0.814756 0.801783 1.76893 91150 0 -1.27282 0.162841 1
55.8192 36.9629 -0.816873 2.02419 4.51934 1.60382 163740 0 -2.68093 0.162835 0
-15.5903 48.5028 2.19188 2.03462 4.43643 1.65115 180365 0 -1.02231 0.162755 0
-0.411758 74.3937 1.74276 2.19979 5.50468 1.78453 218320 0 1.91369 0.162645 0
-6.13523 40.5762 1.60505 2.14167 5.25818 1.72665 168694 0 -1.0683 0.162596 0
26.3132 10.954 -0.0472427 2.1481 4.75898 1.61222 125740 0 1.89437 0.161933 0
12.0405 67.3708 0.890474 2.03057 4.54189 1.65759 208063 0 -0.914908 0.161697 0
44.9574 61.9112 0.654681 1.99945 4.51725 1.77941 200210 0 -1.25882 0.161609 0
30.8667 23.1858 0.0177026 2.0151 4.46742 1.56256 143538 0 1.88775 0.161141 0
15.1927 29.6369 0.955299 1.95567 3.59189 2.29792 152849 0 -1.69503 0.16088 0
-5.20121 34.0863 1.44475 0.726467 0.709734 1.60792 159337 0 -1.09858 0.160693 1
-58.4007 32.7535 4.03151 2.38775 5.56596 1.9626 157299 0 -1.08459 0.160645 0
30.249 70.8671 0.866308 1.98727 4.41871 1.65116 213268 0 -2.81333 0.160579 0
-37.6004 30.2575 2.81436 2.23409 5.02627 1.78402 153620 0 -0.961445 0.160552 0
35.7144 -11.1685 -1.0274 0.7787 0.759276 1.81802 93477 0 0.825144 0.160285 1
-60.3236 34.0947 3.94304 2.01324 4.50243 1.72828 159165 0 -0.889214 0.160268 0
55.2017 0.757584 -2.21622 1.9591 4.34811 1.69406 110854 0 -1.18375 0.160102 0
56.8016 2.79366 -2.28657 2.19169 5.04845 1.79869 113667 0 -1.14639 0.160062 0
-1.36584 8.52533 0.961964 0.833322 1.12269 1.70148 121909 0 -1.09151 0.160034 1
32.5241 45.7223 0.163354 2.02312 4.52617 1.77603 176303 0 -1.17624 0.159848 0
47.8362 32.4935 -0.42696 2.05176 4.64508 1.70991 157163 0 -1.27899 0.159564 0
28.0731 70.0005 0.717602 1.89205 4.34531 1.56244 211857 0 2.01038 0.159451 0
43.9838 61.5447 0.419366 0.822715 0.931865 1.85289 199739 0 -0.430789 0.159019 1
62.8441 10.6458 -1.16204 0.826968 0.958263 1.71542 125386 0 -3.09078 0.158784 1
55.8095 3.9194 -2.06904 2.09721 4.73794 1.74513 115536 0 -1.49096 0.158606 0
53.6068 -7.81978 -1.94194 1.99807 4.47383 1.67854 98213 0 -1.30513 0.15831 0
3.01407 74.3922 1.79439 2.04313 4.89157 1.72112 218331 0 -1.84552 0.158235 0
27.9913 32.1714 0.0504888 2.12424 4.83703 1.62343 156633 0 1.51438 0.158207 0
35.1013 -9.98044 -1.06098 0.71757 0.693786 1.74915 94879 0 -1.18302 0.157196 1
-4.23584 67.4347 1.91158 2.29575 5.4534 1.97618 208012 0 2.09833 0.157133 0
30.5645 23.52 -0.00631204 2.0204 4.48331 1.56191 144005 0 1.85518 0.156958 0
-15.8774 48.2425 2.10665 1.98694 4.445 1.62426 179896 0 -1.12098 0.15691 0
-51.1112 41.682 3.94931 2.22831 4.90309 1.77736 170426 0 2.49333 0.156831 0
29.6523 69.1728 0.644733 0.875473 1.21052 1.82297 210926 0 -2.82209 0.156726 1
54.9091 -0.414764 -2.37245 1.98057 4.44223 1.70629 108981 0 -1.15901 0.156546 0
28.2807 71.2747 0.793498 2.06106 4.49751 1.63765 213730 0 2.32617 0.156436 0
-4.04932 33.7421 1.20909 0.749949 0.806415 1.37541 158873 0 -0.812362 0.156309 1
-6.47248 41.1053 1.60125 2.31709 6.05965 1.83941 169629 0 -2.91396 0.156185 0
60.6527 -1.45244 -2.78467 2.08425 4.64837 1.81415 107595 0 1.81663 0.155958 0
40.1464 -13.2559 -1.37835 0.843846 0.845171 1.79219 90215 0 -1.35717 0.155926 1
36.9717 0.413483 0.997174 0.771148 0.869456 1.76153 110329 0 1.5734 0.155334 1
-15.5056 59.102 2.40649 1.95681 4.22095 1.53034 195809 0 2.44465 0.155247 0
-5.81347 10.1925 0.84963 1.81594 4.1199 1.48466 124235 0 -1.0517 0.154585 0
47.2035 32.8016 -0.447679 2.00879 4.50011 1.62171 157629 0 -1.25226 0.154538 0
54.5882 0.46312 -2.21648 1.98257 4.38844 1.68436 110384 0 -1.19221 0.154473 0
44.4475 -16.5483 -1.85816 0.855791 0.906102 1.76456 85548 0 1.88775 0.15373 1
-0.829742 6.82898 1.62352 0.754561 0.825239 1.7409 119571 0 -1.46775 0.153713 1
-4.5671 45.9477 1.4126 1.9577 4.45671 1.53317 176655 0 -1.06298 0.153247 0
21.7098 18.7509 0.208332 1.67771 3.24673 1.4152 136957 0 -1.27655 0.153139 0
39.4432 -12.0367 -1.59642 0.844026 0.863546 1.75044 92085 0 -1.34206 0.152769 1
39.0134 -12.1171 -1.55595 0.905569 0.917892 1.75202 92083 0 1.7549 0.152766 1
-10.0781 37.2415 1.5638 1.96347 4.57518 1.47673 164002 0 -1.62451 0.152414 0
14.5902 29.9061 1.09561 1.27542 1.64626 2.16292 153315 0 -1.57642 0.152194 0
-51.0843 40.8712 3.74622 1.99791 4.19149 1.61372 169022 0 2.70204 0.151956 0
39.5361 16.1214 -0.570712 1.99856 4.39518 1.62923 133269 0 -1.25335 0.150867 0
56.7797 -0.164253 -2.26207 2.04427 4.4952 1.76158 109455 0 -1.26405 0.150434 0
39.254 14.8439 -0.746461 1.96905 4.41388 1.59594 131396 0 -1.21925 0.150385 0
33.3932 27.1125 0.0889783 2.1666 5.02291 1.71657 149162 0 -1.60197 0.149978 0
32.7401 46.4572 0.195795 2.20355 4.87496 1.8617 177708 0 -1.31374 0.149299 0
-2.38728 47.5428 1.76474 1.66729 2.92892 1.78488 179002 0 -1.07069 0.148649 0
27.3881 32.1944 0.0422023 2.05726 4.65187 1.60511 156631 0 -1.26119 0.148571 0
36.7495 -7.43689 -1.1656 0.834703 0.845866 1.68379 98628 0 0.898579 0.148544 1
37.1749 -7.46017 -1.2092 0.827572 0.844729 1.69761 98630 0 0.497089 0.148115 1
49.7079 -19.3459 0.989465 0.831408 0.919109 1.76857 81353 0 -1.49147 0.147887 1
39.2517 15.2006 -0.785519 1.97244 4.40957 1.58971 131864 0 -1.23103 0.147451 0
-51.9301 41.1659 3.93699 2.18446 5.05152 1.83237 169487 0 -2.07151 0.147347 0
39.8169 13.6476 -0.759041 2.0251 4.56428 1.75611 129526 0 -1.22748 0.147194 0
-44.9494 39.5582 3.45368 1.94329 4.242 1.60068 167169 0 2.25728 0.147086 0
1.6578 41.979 1.17827 2.03205 4.64067 1.54888 171059 0 2.20555 0.146502 0
-3.72749 46.1568 1.38614 1.91216 4.35415 1.56639 177126 0 -1.04665 0.146499 0
-58.7033 32.7858 4.07015 2.40223 5.51699 1.97139 157298 0 -0.660077 0.146497 0
-15.2194 49.1394 2.21252 2.05224 4.39317 1.66686 181302 0 -0.831947 0.145859 0
6.17874 -17.7156 0.710928 2.1154 4.68294 1.66731 83557 0 0.329716 0.145621 0
14.0065 29.564 1.00563 1.37328 1.7085 2.0115 152845 0 -1.70753 0.145581 1
-15.84 49.4106 2.26388 2.32965 5.25685 1.8579 181768 0 -2.38615 0.145371 0
44.6419 -16.2322 -2.09284 0.747567 0.842597 1.67287 86017 0 1.95123 0.144822 1
54.6164 3.98709 -2.10005 2.12797 4.80119 1.71761 115532 0 1.81536 0.144745 0
40.4102 14.5447 -0.594909 2.03682 4.55471 1.71617 130932 0 -1.23167 0.144703 0
30.5476 70.5942 0.813797 1.95171 4.31309 1.63627 212801 0 -2.72149 0.144677 0
31.4654 35.1685 0.594701 0.74123 0.714313 1.70324 160856 0 -0.579142 0.144256 1
45.2359 6.01161 -1.45808 1.82714 4.12479 1.52996 118311 0 1.8365 0.143905 0
55.1973 4.23897 -2.14278 2.10766 4.62979 1.75256 116002 0 2.10259 0.143747 0
55.9537 42.3557 -0.11202 0.871825 1.80083 1.77298 171696 0 -2.94172 0.14335 2
14.2485 30.262 1.14463 1.92562 3.13232 2.29605 153782 0 -1.00297 0.143237 0
27.7144 71.2703 0.744258 1.88423 4.00578 1.54976 213728 0 -2.9825 0.143171 0
40.425 -13.2212 -1.45728 0.830837 0.847943 1.76649 90216 0 -1.32148 0.142931 1
-4.0442 67.9101 1.90591 2.42729 5.69653 2.05675 208949 0 1.56707 0.142717 0
3.03691 74.0914 1.56575 1.93751 4.39286 1.59491 217863 0 -1.7011 0.142343 0
-62.8662 15.5483 4.23877 2.00918 4.44487 1.63535 132013 0 0.331589 0.142049 0
-14.5936 59.0387 2.28533 2.06948 4.61176 1.65539 195812 0 2.49591 0.141744 0
-1.20436 8.72095 0.92428 0.797069 0.96556 1.72716 122378 0 -1.15038 0.141404 1
13.164 34.6055 0.924288 2.46327 5.6089 1.88445 160331 0 -0.893649 0.140223 0
51.6857 -14.8689 -3.04944 2.0399 4.46033 1.66114 87911 0 1.81015 0.140057 0
-14.786 57.846 2.22027 0.744876 0.754305 1.59602 193939 0 0.942078 0.140048 1
-57.4976 32.4367 4.03036 2.07505 4.52492 1.68135 156834 0 -1.20623 0.139967 0
28.3511 35.0661 0.0667108 2.02432 4.46681 1.59559 160846 0 -1.22882 0.139879 0
28.6426 16.8207 0.141717 0.965704 1.07256 1.74307 134171 0 1.93001 0.13964 1
-51.6378 40.8823 3.85733 2.03804 4.5638 1.67799 169020 0 -1.30846 0.139567 0
43.149 2.82489 -1.60111 1.81136 3.95654 1.62663 113624 0 1.90226 0.139326 0
3.04964 73.789 1.54389 1.90494 4.31072 1.54906 217395 0 -1.47283 0.139156 0
-48.8191 35.4319 3.33599 1.95418 4.19657 1.60874 161073 0 1.79392 0.138966 0
30.8573 23.8409 0.0790585 2.13484 4.70648 1.63356 144474 0 1.84669 0.138371 0
40.4096 -13.9437 -1.39485 0.770277 0.806982 1.65065 89280 0 -1.32843 0.138332 1
39.653 -13.6705 -1.30519 0.851895 0.869013 1.78399 89745 0 -1.30152 0.138102 1
13.9408 30.5372 1.10149 2.58338 5.11423 2.65387 154249 0 -0.867644 0.13807 0
30.9944 33.4901 0.485251 0.810803 0.808932 1.70353 158514 0 -2.47744 0.138047 1
-56.1265 31.7974 4.04784 0.981731 1.21555 1.82147 155902 0 -0.927398 0.138003 1
55.8126 0.765976 -2.24205 2.09142 4.72231 1.80017 110856 0 -1.21428 0.13798 0
31.1704 22.5271 0.0730104 2.19653 4.93632 1.61022 142603 0 1.88197 0.137944 0
-49.1645 32.8153 3.30572 1.98665 4.27694 1.61277 157328 0 2.18412 0.137521 0
38.4544 60.547 0.228331 2.23629 5.26202 1.74839 198318 0 -1.21616 0.137456 0
-37.8959 30.8631 2.77836 2.23256 5.00448 1.78451 154555 0 -0.942857 0.137122 0
10.949 63.0916 0.869101 2.25428 4.96384 1.82622 201976 0 -0.970354 0.136929 0
31.4178 34.3725 1.35849 0.853958 1.13139 1.84784 159920 0 0.390968 0.136882 2
28.9159 35.6201 0.180673 2.00392 4.47191 1.59548 161784 0 -1.21633 0.136817 0
36.2408 55.0785 0.330607 2.23326 5.0933 1.7404 190355 0 -1.2623 0.136502 0
-4.30036 67.9311 1.90607 2.5044 6.09306 2.14382 208948 0 1.87091 0.136447 0
45.586 61.8897 0.708441 2.07435 4.62016 1.76475 200212 0 -1.33991 0.136152 0
31.305 34.3717 1.36115 0.833374 0.985122 1.84008 159919 0 0.443806 0.136027 2
47.5125 29.557 -0.77756 2.01596 4.51727 1.58532 152950 0 -1.33204 0.135944 0
37.3986 -10.7535 -1.2209 0.815223 0.803611 1.76081 93950 0 0.0720548 0.135838 1
-14.1031 19.8978 1.59921 0.924842 0.972673 1.64029 138717 0 -1.47871 0.13577 1
14.2595 30.5453 1.21524 1.52338 2.40122 2.55138 154250 0 -0.939467 0.135698 0
-14.9068 59.646 2.31219 1.99412 4.42575 1.63818 196747 0 2.68671 0.135666 0
-14.8692 58.7804 2.28427 2.0047 4.38535 1.59635 195343 0 2.4912 0.135571 0
30.5615 22.8427 -0.0627722 2.03876 4.58678 1.55244 143069 0 1.88263 0.135224 0
14.0023 29.3246 0.994847 1.11907 1.22768 1.98482 152377 0 -2.29037 0.135199 1
61.2573 -1.45727 -2.71838 2.07434 4.72382 1.78558 107597 0 1.80366 0.135163 0
33.3677 27.2582 0.0940744 2.30424 5.12672 1.77726 149630 0 1.92341 0.13506 0
-3.13071 45.8395 1.46738 1.95156 4.40232 1.57595 176660 0 -0.985427 0.134933 0
55.5332 37.2363 -0.757017 2.07761 4.71547 1.6631 164207 0 -2.85862 0.134796 0
62.8278 10.5016 -1.20367 0.800777 0.836382 1.69406 124918 0 3.05389 0.134337 1
28.0282 35.3801 -0.0980276 1.97963 4.44757 1.57108 161313 0 -1.24135 0.134279 0
11.069 31.9635 0.786239 1.92277 4.36597 1.43247 156112 0 -0.911444 0.134124 0
-11.5764 34.8105 1.71061 1.94582 4.41891 1.5007 160253 0 -1.03306 0.133107 0
40.1468 16.4389 -0.466585 2.03747 4.47409 1.70525 133739 0 -1.65895 0.133006 0
-16.0888 59.4235 2.37578 1.99012 4.30058 1.59045 196275 0 2.35534 0.13299 0
-57.445 31.8758 4.03016 2.11808 4.52841 1.69832 155898 0 0.108497 0.132868 0
14.633 30.2788 1.26263 1.2874 1.69231 2.20572 153783 0 -0.895949 0.132568 0
-5.8607 65.2112 1.75257 2.01263 4.3127 1.66174 204731 0 2.19224 0.132533 0
60.6717 -2.05647 -2.71452 2.04317 4.42932 1.73803 106659 0 1.50885 0.132335 0
42.3961 7.80729 -0.425624 0.94539 1.00373 1.88704 121110 0 -3.11286 0.131666 1
51.6867 -15.5204 -2.97132 2.00634 4.39893 1.64845 86975 0 1.57012 0.131597 0
35.2659 -11.9174 -1.05705 0.821007 0.863882 1.86909 92072 0 2.08144 0.131553 1
39.6299 -13.8527 -1.2935 0.826222 0.857047 1.77121 89277 0 -1.34412 0.131533 1
-5.52685 36.746 1.52534 0.686163 0.640916 1.67337 163080 0 0.668319 0.131079 1
-25.222 35.3034 2.55801 2.12061 4.57021 1.74498 161147 0 -0.943901 0.130986 0
-0.851143 40.3525 1.43138 2.21026 5.10371 1.62438 168711 0 2.28072 0.130761 0
56.7806 -1.112 -2.36902 1.97273 4.31085 1.74106 108051 0 -1.06273 0.130692 0
38.913 15.8375 -0.677941 1.96146 4.41246 1.56579 132799 0 -1.211 0.130215 0
2.71706 74.735 1.84248 2.01592 4.47051 1.65639 218798 0 -1.93881 0.13007 0
-13.8935 19.459 1.60726 0.883017 0.905293 1.63143 137782 0 -1.23992 0.13003 1
-53.5771 16.9099 3.82581 2.20141 4.66342 1.73328 133914 0 -1.14474 0.12989 0
-60.9239 34.4012 4.19397 2.13894 4.77324 1.81516 159631 0 -0.921116 0.12986 0
28.3304 70.4709 0.85552 2.07318 4.4581 1.62905 212794 0 1.97191 0.12985 0
28.8696 17.057 0.158253 0.82952 0.817386 1.66519 134640 0 1.82627 0.129785 1
2.60638 -12.9156 0.711309 0.762273 0.770056 1.64834 90566 0 -1.41824 0.129142 1
-14.9063 49.1491 2.20629 2.01904 4.31332 1.64108 181303 0 -2.43931 0.128791 0
3.69521 43.7988 1.19032 1.9038 4.28713 1.44801 173405 0 0.496201 0.128579 0
