4.9763 10.7532 0.951725 2.11239 4.72055 1.57501 125205 0 1.9386 0.945059 0
6.56859 13.912 0.974038 2.16209 4.87191 1.84139 129890 0 1.98678 0.930577 0
-5.19234 12.5945 0.841892 2.14951 4.91218 1.53728 127981 0 -0.986718 0.929343 0
-16.9285 -2.67281 1.11634 2.17891 4.99568 1.92731 105481 0 0.361259 0.920048 0
-9.82179 27.9376 1.33437 2.06924 4.78199 1.49847 150431 0 2.14797 0.90282 0
-24.7416 0.100677 1.48964 2.08651 4.71669 1.57798 109668 0 0.329215 0.897632 0
35.1372 5.94167 -0.495768 2.14435 4.81335 1.91168 118279 0 -1.23873 0.896767 0
-33.4284 13.5449 2.14277 2.0659 4.58638 1.64476 129297 0 1.93856 0.894836 0
-11.6518 25.8407 1.58005 2.0068 4.57284 1.72161 147149 0 2.11764 0.884704 0
-2.05413 17.3479 0.862068 2.09774 4.71036 1.53702 135011 0 -0.972526 0.882794 0
-8.23298 30.1677 1.49203 2.18115 4.99519 1.81582 153712 0 2.17104 0.878727 0
-42.7234 23.2862 2.63113 1.9471 4.28435 1.61339 143308 0 2.26986 0.874812 0
18.1617 9.96641 0.412575 1.99547 4.55935 1.57802 124310 0 -1.15104 0.874519 0
28.7062 37.6338 0.345581 2.03689 4.63107 1.70773 164591 0 -1.22146 0.873617 0
6.65314 27.9951 1.19566 2.20837 5.04656 1.8723 150482 0 -0.947255 0.873081 0
-24.1076 16.479 1.94551 2.15078 4.76198 1.78112 133538 0 -0.946098 0.87286 0
-22.3007 18.6381 1.73145 2.05766 4.55761 1.55641 136820 0 -1.0467 0.871411 0
7.88214 16.1664 0.94587 2.22563 5.11266 1.91851 133170 0 2.04581 0.86529 0
2.45844 44.2912 1.12464 2.09912 4.94419 1.4839 174337 0 2.18755 0.863706 0
-22.3574 -1.12686 1.32488 1.99271 4.36042 1.56721 107804 0 0.302916 0.855772 0
25.7214 13.5748 0.195739 2.18496 4.88889 1.72283 129482 0 1.91759 0.854935 0
3.40517 23.4549 0.802376 2.08411 5.01963 1.47729 143920 0 -0.976777 0.849468 0
-21.0389 20.8537 1.95181 2.2059 5.17034 1.80907 140100 0 -1.02127 0.847352 0
-19.937 23.5689 1.70651 2.01258 4.6963 1.55321 143847 0 -1.08227 0.846438 0
9.3274 21.8249 0.932869 2.3083 5.12095 1.94776 141599 0 2.03165 0.845734 0
22.8017 8.19891 0.253238 2.04494 4.71117 1.80462 121517 0 1.95027 0.841602 0
-12.5805 23.4348 1.40209 2.08407 4.79453 1.51086 143870 0 2.15936 0.837798 0
4.69836 25.7125 0.873872 2.01484 4.63398 1.49427 147200 0 -0.963135 0.833718 0
-17.6711 15.793 1.4721 1.91314 4.24832 1.58905 132622 0 2.12475 0.833063 0
-3.25092 14.6844 0.840891 2.00828 4.59029 1.50171 130795 0 -1.02652 0.83187 0
19.6933 12.8519 0.27579 2.03092 4.64637 1.53583 128527 0 -1.19239 0.829196 0
3.93081 46.8174 1.39537 2.02061 4.47311 1.68837 178086 0 2.27444 0.829031 0
1.67683 21.3618 1.04736 2.06219 4.45822 1.81399 140639 0 -0.960756 0.827834 0
-16.7888 28.311 1.62948 2.02118 4.62755 1.61503 150877 0 -1.0169 0.825605 0
35.9783 8.81752 -0.706346 1.98119 4.49378 1.64103 122494 0 -1.21019 0.825309 0
22.3143 21.0426 0.248835 1.99211 4.5573 1.45147 140235 0 1.85932 0.823658 0
23.56 23.8158 0.461293 2.00504 4.45715 1.78086 144451 0 -1.26051 0.821079 0
-0.247955 19.433 0.980268 2.11423 4.68831 1.79248 137825 0 2.1668 0.81998 0
-14.494 21.0524 1.33715 1.98192 4.64375 1.47949 140120 0 2.15193 0.818219 0
-14.8653 19.7617 1.38282 0.785511 0.787153 1.61323 138247 0 -1.64723 0.811893 1
-6.86879 32.7611 1.22265 1.99454 4.61486 1.42505 157460 0 -1.01008 0.811405 0
-32.7726 29.6622 2.41454 1.95717 4.34147 1.61925 152699 0 -0.93881 0.810135 0
21.2296 18.4165 0.23297 2.08786 4.91159 1.55258 136488 0 -1.24953 0.809614 0
20.3245 15.7915 0.279834 1.95363 4.49617 1.51607 132741 0 -1.21873 0.802147 0
-15.9283 18.8418 1.40066 1.96875 4.49458 1.48487 136840 0 -0.973407 0.79967 0
42.3409 2.47057 -1.39373 2.0975 4.80727 1.71255 113154 0 1.97453 0.7933 0
-20.0157 -2.14248 1.21784 1.92445 4.14733 1.51895 106407 0 0.331049 0.786472 0
-54.8336 17.7512 3.46889 2.20784 4.95567 1.86043 135314 0 -1.15062 0.784489 0
-37.3392 23.1354 2.56314 2.13768 4.68662 1.87625 143325 0 -0.941653 0.772003 0
30.2067 40.7118 0.399608 2.07976 4.67241 1.89356 169276 0 -1.26664 0.766555 0
-43.6989 13.3904 2.76361 2.12346 4.40408 1.66088 128797 0 -1.24464 0.765792 0
-5.22873 34.8112 1.30325 2.10263 4.89563 1.56281 160273 0 -0.96303 0.757894 0
24.8503 26.3812 0.202171 1.90797 4.23733 1.56519 148199 0 -1.23454 0.757517 0
-18.3902 25.5092 1.67792 1.92966 4.46203 1.59962 146660 0 -0.975505 0.749777 0
35.1091 54.557 0.426306 1.98189 4.37998 1.71904 189415 0 -1.21704 0.740185 0
-15.1143 30.3142 1.59807 1.95712 4.50507 1.59912 153690 0 -0.996737 0.738673 0
53.3331 -3.42728 -1.89847 1.97638 4.2271 1.71272 104764 0 -1.22647 0.73682 0
35.3398 -7.80659 -0.935285 0.839413 0.866905 1.48461 98156 0 0.187985 0.734381 1
-2.12064 47.7886 1.61673 2.23503 5.25472 1.7657 179471 0 -1.08664 0.731916 0
25.1128 29.3421 0.460307 2.21556 5.42374 1.85947 152412 0 1.93045 0.731614 0
33.5452 -11.9646 -0.828706 0.825471 0.923322 1.8059 92066 0 1.93909 0.731291 1
27.7347 19.1143 0.27813 2.07475 4.682 1.64323 137444 0 -1.22267 0.729816 0
-39.7836 28.365 2.73941 2.13959 4.6789 1.79628 150805 0 -0.958473 0.723802 0
30.9154 43.1254 0.0833676 2.02864 4.61621 1.60429 172554 0 -1.22546 0.713738 0
31.8164 45.8437 0.386745 2.08072 4.61246 1.80776 176769 0 -1.26687 0.704054 0
24.4915 10.7795 0.018069 1.99225 4.34721 1.55908 125266 0 1.94404 0.69865 0
-26.785 36.0373 2.37224 2.32123 5.46568 1.86659 162078 0 -0.968921 0.697527 0
43.377 5.91421 -1.31429 2.10106 4.85604 1.75455 118305 0 1.89452 0.693351 0
54.5614 -0.839287 -2.07922 2.05072 4.64878 1.7118 108512 0 -1.27375 0.674473 0
-13.6275 32.7383 1.77469 1.98998 4.4626 1.63866 157439 0 -1.01667 0.668803 0
-30.5267 31.8102 2.41046 2.2373 5.151 1.85549 155982 0 -0.97412 0.661547 0
-1.47601 39.83 1.38878 2.16168 4.92161 1.63147 167773 0 2.25359 0.658411 0
-6.92381 40.8698 1.59421 2.13621 5.04254 1.63692 169160 0 -0.923 0.657705 0
11.6487 34.6352 0.972765 2.27442 5.09889 1.78252 160326 0 -0.880826 0.657339 0
-0.505775 74.4014 1.52938 2.00788 4.64632 1.53192 218320 0 -1.09799 0.648377 0
31.2204 27.0971 0.291101 2.12426 4.76328 1.69052 149155 0 1.90804 0.64335 0
-5.68105 33.863 1.35293 0.770292 0.757904 1.62492 158868 0 -1.68047 0.638483 1
33.5413 -11.0997 -0.689481 0.848878 0.917938 1.86513 93470 0 1.95233 0.62664 1
38.5819 -14.1769 -1.15119 0.833233 0.886486 1.78299 88806 0 -1.55841 0.6264 1
-54.5649 29.8706 3.51655 2.07805 4.57412 1.73424 153099 0 2.22964 0.624492 0
-6.853 10.3826 0.883922 1.9332 4.38766 1.45772 124700 0 -1.00321 0.615545 0
8.17889 30.2233 0.868105 2.02865 4.63948 1.53738 153763 0 -0.919247 0.595226 0
34.299 -11.7616 -0.92296 0.816501 0.836209 1.74607 92537 0 2.09789 0.576791 1
-49.1383 19.3642 3.20929 2.21222 4.8765 1.94358 137672 0 -1.39747 0.576717 0
-24.0692 40.4444 2.34252 2.18202 5.0022 1.75888 168638 0 -1.00582 0.576316 0
-8.12041 60.7011 1.99589 2.34316 5.49027 1.97641 198172 0 2.14879 0.571028 0
9.7899 32.2073 0.811444 2.01431 4.55005 1.48469 156576 0 -0.894101 0.570414 0
32.8023 48.4515 0.26526 2.00661 4.49326 1.568 180516 0 -1.28766 0.564838 0
26.7239 16.2311 0.161782 2.18473 5.08416 1.71547 133229 0 1.94096 0.561138 0
-52.3168 41.7877 3.65767 2.06152 4.46172 1.7341 170422 0 -0.834128 0.539313 0
52.5846 4.84008 -1.83994 0.807151 0.863545 1.77898 116930 0 -1.94151 0.536778 1
-34.3517 27.6597 2.45991 2.09389 4.70348 1.65255 149886 0 2.30021 0.52671 0
-54.6684 13.8632 3.4798 0.866083 1.95464 1.697 129699 0 -0.558691 0.517155 2
-2.76519 36.9268 1.23332 2.16548 5.20917 1.58621 163557 0 2.26826 0.509646 0
-59.0968 33.0415 3.96156 2.13769 4.80542 1.81013 157765 0 -0.957944 0.506797 0
-45.6299 40.1725 3.15615 2.01457 4.46844 1.66849 168103 0 2.44577 0.503419 0
34.192 -11.77 -0.922175 0.749825 0.787828 1.70771 92536 0 2.08412 0.503168 1
-5.81995 33.9734 1.36206 0.743733 0.751597 1.57889 159335 0 -1.55934 0.492815 1
-34.0837 27.412 2.42532 2.00258 4.41325 1.59416 149419 0 -1.158 0.489834 0
-5.90942 65.0896 1.81413 2.0851 4.70795 1.55157 204731 0 2.0253 0.488982 0
-5.59682 64.8481 1.79396 2.10297 4.79551 1.54905 204264 0 1.13583 0.485303 0
46.2508 29.0112 -0.71134 1.94728 4.35292 1.57023 152010 0 -1.19256 0.481458 0
-3.02422 66.4401 1.97128 2.13954 4.73527 1.82813 206612 0 -0.921697 0.481031 0
46.884 31.8762 -0.396995 2.05959 4.56332 1.70906 156224 0 -1.17072 0.477152 0
-3.35079 66.7278 1.99078 2.33534 5.4791 1.92567 207079 0 -1.13481 0.472254 0
34.3015 -11.8949 -0.915328 0.803301 0.839089 1.74099 92069 0 2.07089 0.471036 1
38.5725 -14.0337 -1.16015 0.874792 0.883487 1.79392 89274 0 -1.43002 0.469359 1
-5.79164 33.8664 1.35785 0.819078 0.799247 1.6399 158867 0 -1.12997 0.459111 1
-11.9937 34.7359 1.60015 1.94542 4.58066 1.49464 160252 0 -0.957464 0.45324 0
39.2112 14.8841 -0.513343 1.88867 4.13377 1.58739 131396 0 -1.34792 0.448431 0
-49.4492 19.5976 3.29884 2.47692 5.79269 2.14693 138139 0 -1.14543 0.447935 0
-61.6874 14.7979 3.84289 2.00132 4.51903 1.68762 131081 0 1.0662 0.440717 0
-3.33157 6.17709 0.561679 0.674546 0.789271 1.46722 118627 0 -1.77388 0.438601 1
33.5246 -11.2325 -0.709336 0.775602 0.839932 1.79669 93002 0 1.95433 0.437519 1
-61.8162 14.6159 3.89983 2.07824 4.66655 1.7245 130612 0 3.04714 0.432627 0
38.7989 -14.2419 -1.1636 0.88032 0.95163 1.80308 88807 0 -1.75512 0.42435 1
34.1581 -11.8901 -0.909779 0.787072 0.837954 1.74736 92068 0 2.04899 0.423793 1
-61.6978 14.6507 3.78169 1.97018 4.49289 1.67344 130613 0 2.1942 0.415358 0
-5.84395 64.887 1.79968 2.10129 4.83118 1.56849 204263 0 0.574385 0.407662 0
-50.7305 33.7551 3.01378 2.01756 4.51499 1.6383 158727 0 2.22474 0.407641 0
0.180336 42.1043 1.2393 2.02173 4.61651 1.53127 171054 0 2.22946 0.402034 0
30.2195 24.4995 0.0351639 2.11126 4.67861 1.56975 145408 0 1.86924 0.400234 0
-4.69497 47.8339 1.66773 0.81273 0.771131 1.70709 179463 0 -0.960249 0.3993 1
-2.46045 8.71398 0.973112 0.806023 0.996864 1.69818 122374 0 -1.05444 0.395975 1
35.3182 -7.6436 -0.940539 0.875324 0.890717 1.47738 98624 0 0.173856 0.39196 1
-37.8309 23.2742 2.62171 2.34837 5.73876 1.98772 143323 0 -1.04703 0.391313 0
37.6034 59.9968 0.526755 2.26138 5.34952 1.85736 197379 0 -1.23146 0.391167 0
32.5561 48.2193 0.277089 1.98173 4.34803 1.57335 180047 0 -1.25841 0.390412 0
38.9157 -13.3202 -1.35153 0.823556 0.800342 1.70936 90211 0 -1.29477 0.390388 1
24.5589 29.5044 0.459031 1.9199 4.13785 1.68426 152878 0 1.94072 0.389738 0
59.6571 -2.38002 -2.13692 1.95257 4.32105 1.64929 106188 0 1.89165 0.387341 0
-54.366 17.6968 3.47014 1.8542 4.03241 1.65475 135316 0 -1.14009 0.386143 0
38.0255 -12.7287 -1.36695 0.850799 0.875289 1.71562 91144 0 -1.24799 0.383131 1
42.7535 -17.0133 -1.49455 0.814477 0.838458 1.68305 84607 0 1.91348 0.380181 1
-3.64308 66.9927 2.02737 2.35211 5.7187 1.97626 207546 0 -1.63285 0.364587 0
53.8154 -3.61765 -1.97378 2.28286 5.28564 1.914 104298 0 -1.23506 0.361553 0
-16.4725 60.0406 2.30369 2.04965 4.58982 1.82601 197210 0 2.52768 0.357325 0
20.7385 18.4715 0.258526 1.81296 3.8425 1.47252 136486 0 -1.26098 0.355264 0
43.6715 61.6413 0.640386 2.09471 4.93735 1.78413 199738 0 -1.26029 0.350977 0
-58.8033 32.8158 3.90085 2.09565 4.55744 1.72936 157298 0 0.333957 0.348127 0
13.6118 36.9549 0.757018 2.07971 4.66541 1.65789 163608 0 -0.904748 0.342737 0
43.9463 5.68606 -1.4506 1.87736 4.19861 1.5751 117839 0 1.92395 0.340985 0
35.7461 8.60324 -0.72646 1.7843 4.00699 1.57929 122025 0 -1.14028 0.340694 0
-30.0315 31.765 2.39671 2.01385 4.43097 1.6872 155984 0 -0.917552 0.336616 0
39.5016 15.1454 -0.456533 1.96621 4.38823 1.61057 131865 0 -1.40339 0.33634 0
-33.7364 27.108 2.33872 1.93439 4.27374 1.55578 148952 0 -0.91743 0.336218 0
-5.35223 64.7871 1.8286 2.12455 4.74363 1.57861 204265 0 1.84922 0.334107 0
38.8911 -13.5335 -1.26312 0.819038 0.833579 1.7244 89743 0 -1.34009 0.331046 1
45.3034 13.5954 -0.82406 1.9708 4.34269 1.59254 129543 0 1.69189 0.330648 0
-17.1233 48.7872 2.19524 2.04025 4.56911 1.66363 180828 0 -0.150228 0.329821 0
35.1873 -7.81701 -0.896972 0.892358 0.886854 1.5167 98155 0 0.345766 0.326075 1
9.73706 62.8808 1.36402 2.06947 4.7593 1.64299 201504 0 -0.886059 0.324921 0
-3.5955 66.7878 2.00532 2.3265 5.69099 1.96057 207078 0 -1.90895 0.324321 0
38.5334 63.1973 0.42983 2.27124 5.07494 2.03502 202062 0 -1.19107 0.322371 0
46.8079 28.9377 -0.709534 2.13519 4.87728 1.7011 152012 0 -1.20432 0.322054 0
-15.2455 59.3397 2.26052 2.11132 4.47826 1.75172 196278 0 -0.948562 0.31808 0
-45.8735 39.9172 3.12905 1.97192 4.45503 1.6737 167634 0 2.82538 0.314933 0
9.42246 64.849 1.38412 2.03255 4.54087 1.60765 204311 0 0.753351 0.313877 0
-4.0307 45.5728 1.27702 1.99981 4.51098 1.52335 176189 0 -0.989332 0.312483 0
-39.3137 28.3233 2.71335 1.9472 4.11954 1.66342 150807 0 -0.896798 0.3119 0
10.304 32.097 0.77323 2.05057 4.65306 1.48777 156578 0 -0.8963 0.311885 0
-17.3923 48.784 2.21572 2.13859 4.83102 1.72934 180827 0 2.12671 0.305144 0
52.4505 4.85609 -1.74259 0.851046 0.883117 1.7782 116929 0 -1.80534 0.305042 1
-3.38715 47.2621 1.68846 0.864395 0.878341 1.72341 178531 0 -1.25888 0.301511 1
30.4406 34.0939 1.52145 0.863649 1.92272 1.87604 159449 0 0.421503 0.300823 2
0.579254 -13.5 0.985911 0.772942 0.713208 1.67411 89623 0 -1.31717 0.300585 1
-59.6189 33.1513 4.01155 2.44474 5.71028 2.09602 157763 0 -0.958162 0.298878 0
54.5515 3.33842 -1.82929 2.08527 4.66466 1.7941 114596 0 -1.32804 0.298791 0
29.6427 24.5217 0.0583325 2.09748 4.66396 1.55748 145406 0 1.86141 0.295536 0
55.528 3.03411 -1.78835 2.00982 4.42586 1.80462 114131 0 -1.35783 0.295262 0
13.3036 36.6777 0.75865 2.03953 4.53177 1.62809 163139 0 -0.88535 0.294841 0
55.1465 -1.08031 -2.05129 2.39676 5.90287 1.99025 108046 0 -1.24727 0.291196 0
55.2048 1.73927 -1.89837 2.15525 5.05397 1.90724 112258 0 -1.24515 0.290145 0
38.8987 15.1522 -0.545488 1.92105 4.2594 1.55585 131863 0 -1.37947 0.288893 0
-55.9444 15.584 3.64875 0.898472 0.926001 1.75808 132035 0 -2.83783 0.28835 1
38.9139 14.608 -0.552027 1.90097 4.176 1.58552 130927 0 -1.26625 0.286835 0
38.8998 -14.5015 -1.16852 0.829841 0.870449 1.75523 88339 0 -2.33797 0.285408 1
10.7657 35.3311 0.98779 2.2031 5.08519 1.67445 161259 0 2.27462 0.284418 0
-2.47787 8.57243 0.984846 0.839457 1.14644 1.70492 121906 0 -1.18637 0.284214 1
33.5162 -11.8116 -0.818035 0.823407 0.887961 1.77812 92534 0 1.99369 0.283697 1
45.35 29.3354 -0.681376 1.96872 4.47297 1.59059 152475 0 -1.24197 0.283335 0
35.344 36.9667 0.299562 1.90209 4.13329 1.63803 163676 0 1.94825 0.282541 0
-15.0374 19.7589 1.40223 0.900076 0.961736 1.6461 138246 0 -1.68537 0.280476 1
9.16336 65.1005 1.34184 2.04635 4.63919 1.59965 204778 0 0.42988 0.279227 0
45.587 13.3204 -0.801987 1.94165 4.38102 1.60634 129076 0 1.51535 0.278954 0
-52.083 41.986 3.58059 1.93076 4.19924 1.69814 170891 0 -0.673405 0.277838 0
-16.8065 49.1048 2.18033 2.09612 4.78741 1.68435 181297 0 2.99102 0.27751 0
-56.0359 15.5727 3.74495 0.929179 0.965468 1.76847 132034 0 2.77217 0.274979 1
54.8916 3.04737 -1.79042 1.96056 4.31446 1.8203 114129 0 -1.26242 0.273396 0
39.0831 -13.3157 -1.36078 0.847837 0.864226 1.71846 90212 0 -1.3873 0.273392 1
-17.1142 49.0933 2.16387 2.14005 4.90496 1.7318 181296 0 2.71463 0.273317 0
31.3115 45.8977 0.377158 1.77868 3.73178 1.68773 176767 0 -1.24968 0.273134 0
12.9602 37.269 0.805191 2.07535 4.70621 1.6123 164074 0 -0.87472 0.269524 0
61.3035 -2.99665 -1.78185 2.06309 4.52489 1.77218 105257 0 1.81962 0.269286 0
-27.2563 36.2779 2.43766 2.35903 5.71397 1.95164 162544 0 2.63151 0.269207 0
55.2186 3.3386 -1.82269 1.9047 4.11179 1.75724 114598 0 -1.38013 0.266021 0
38.1266 -12.8505 -1.35379 0.858774 0.864927 1.7287 90677 0 -1.27206 0.264855 1
8.79467 29.6885 0.756391 2.04788 4.66867 1.51346 152829 0 -0.901184 0.263239 0
26.1633 16.2524 0.180727 2.07382 4.82277 1.63658 133227 0 1.93488 0.262401 0
-4.8374 47.8459 1.67128 0.841524 0.780066 1.71532 179462 0 -0.655171 0.262321 1
35.3406 -8.03485 -0.962899 0.870086 0.888155 1.52009 97688 0 0.244242 0.261446 1
45.5848 13.8841 -0.791603 1.99706 4.43434 1.59489 130012 0 1.75327 0.261274 0
11.3201 34.9464 0.995003 2.18944 4.73924 1.71358 160793 0 -1.1096 0.260323 0
53.9458 3.34167 -1.88404 2.03741 4.50833 1.75563 114594 0 1.44154 0.260163 0
36.218 -11.1248 -1.18711 0.799092 0.795631 1.72668 93479 0 1.04447 0.259891 1
29.937 70.2748 0.981084 2.04108 4.43859 1.71637 212331 0 -2.74546 0.259287 0
54.0258 -0.816277 -2.07614 1.78843 3.8324 1.55823 108510 0 -1.23341 0.258191 0
-17.1387 48.5414 2.22607 1.95987 4.3354 1.61842 180360 0 -0.606696 0.257872 0
25.3362 26.1786 0.179118 2.23381 5.20286 1.69424 147733 0 -1.23404 0.256545 0
26.0786 16.6989 0.195062 2.02813 4.59816 1.61612 134163 0 1.96354 0.256215 0
-64.1201 16.1774 4.0029 2.04661 4.57439 1.59835 132945 0 0.394313 0.25597 0
2.96003 -13.5558 0.641102 0.81868 0.828916 1.56022 89631 0 2.82891 0.255901 1
11.1411 34.7992 1.02249 1.90392 4.11793 1.60857 160324 0 -0.694378 0.255794 0
33.6974 -11.7573 -0.839434 0.755738 0.8051 1.73115 92535 0 2.04106 0.254763 1
-16.2425 60.2718 2.33884 2.31099 5.27273 1.94422 197679 0 2.59382 0.254296 0
13.8774 37.2397 0.738488 2.05894 4.61108 1.6811 164077 0 -0.887525 0.254254 0
-17.4029 48.5257 2.23761 2.09382 4.61737 1.70036 180359 0 -0.375257 0.254232 0
-16.1754 59.7342 2.30309 2.02859 4.48509 1.75222 196743 0 2.29031 0.254046 0
-2.66866 8.49474 1.0121 0.837045 1.71928 1.70015 121905 0 -1.44651 0.254022 2
-4.28246 45.3194 1.26406 1.97676 4.4947 1.50142 175720 0 -0.990144 0.253518 0
36.1154 -11.1254 -1.18295 0.794038 0.77693 1.7018 93478 0 1.52778 0.252461 1
59.0981 -2.36126 -2.10108 1.97204 4.40206 1.63596 106186 0 1.8916 0.252169 0
0.763351 41.7931 1.22177 2.02898 4.57385 1.52279 170588 0 2.2334 0.250655 0
55.2269 2.73656 -1.78168 1.988 4.39261 1.81574 113662 0 -1.26128 0.249232 0
14.2057 36.6413 0.670922 2.07972 4.62552 1.73216 163142 0 -0.853896 0.248889 0
54.2535 3.08929 -1.87888 2.14672 4.82956 1.79273 114127 0 -1.19596 0.247701 0
-45.3694 40.4195 3.20301 2.13552 4.67761 1.69624 168572 0 2.6392 0.24724 0
-16.4837 49.1124 2.20613 2.05817 4.6264 1.67915 181298 0 -0.958824 0.246937 0
38.8127 -13.9731 -1.16412 0.888096 0.942398 1.81761 89275 0 -1.49357 0.24664 1
55.8005 3.3507 -1.85157 2.08722 4.6745 1.82436 114600 0 -1.41569 0.246519 0
55.2066 5.5838 -2.27367 1.98217 4.35427 1.66185 117874 0 -1.37256 0.245664 0
9.44559 32.7032 0.834313 2.05248 4.64121 1.49964 157511 0 -0.913475 0.245627 0
42.7432 61.9434 0.602508 2.03584 4.66803 1.7796 200203 0 -1.28407 0.245617 0
54.8176 -0.575371 -2.03683 2.21363 5.14342 1.83675 108981 0 -1.2975 0.245181 0
38.6009 14.9025 -0.599363 1.93557 4.25198 1.58586 131394 0 -1.31348 0.245163 0
46.5712 32.4089 -0.309767 1.92788 4.22049 1.60489 157159 0 -1.23245 0.245063 0
33.0627 48.7304 0.280391 2.0718 4.6853 1.61728 180985 0 -1.31469 0.244745 0
-19.3512 47.1985 1.90481 1.97199 4.50916 1.54814 178481 0 2.3971 0.243479 0
-14.6853 19.7582 1.39405 0.79894 0.821733 1.60415 138248 0 -1.59026 0.242623 1
-8.17051 61.1741 2.02117 2.50915 6.04739 2.07083 199108 0 2.23466 0.241484 0
-16.494 48.8092 2.21209 1.98522 4.35035 1.63113 180830 0 -0.248184 0.240285 0
-2.64653 47.6083 1.6353 2.08574 4.71556 1.77193 179001 0 -1.03714 0.23953 0
-32.8535 30.1217 2.42449 2.24202 5.19569 1.69037 153635 0 -0.8747 0.238573 0
12.9631 37.5735 0.850713 2.0663 4.73064 1.61196 164542 0 -1.16327 0.237189 0
-50.9812 33.5116 3.06422 2.01108 4.50878 1.62924 158258 0 2.1937 0.235568 0
0.71167 -13.3641 0.906805 0.776225 0.761955 1.64015 90092 0 -1.40534 0.235043 1
26.7551 15.9302 0.183382 2.01304 4.22727 1.72435 132761 0 1.92569 0.235015 0
44.9968 13.3068 -0.855204 1.99642 4.37114 1.62035 129074 0 1.69594 0.233065 0
-7.13613 10.6516 0.890197 2.01169 4.68681 1.49975 125167 0 -1.19247 0.231603 0
27.3454 71.4919 0.852951 2.09646 4.75246 1.70577 214195 0 -2.63229 0.230959 0
35.5425 -7.84094 -0.930069 0.876321 0.942838 1.52293 98157 0 -0.117005 0.229745 1
-3.93436 67.0606 2.05038 2.16986 5.10599 1.90228 207545 0 2.14194 0.229722 0
35.0444 36.6668 0.23195 1.96641 4.40107 1.66526 163207 0 1.88895 0.229505 0
33.6852 -12.2253 -0.866245 0.85992 0.924179 1.79455 91599 0 2.04602 0.229208 1
13.2882 37.5699 0.828479 2.03999 4.66164 1.61735 164543 0 -0.918777 0.229198 0
-6.24741 9.86488 0.860094 2.01354 4.87111 1.57487 123766 0 -1.02074 0.228967 0
-1.97913 39.94 1.36968 1.97109 4.49738 1.62711 167771 0 2.24902 0.228049 0
55.527 5.30119 -2.18123 2.00475 4.46335 1.69063 117407 0 -1.31755 0.227888 0
13.9286 36.3668 0.691393 2.09217 4.64349 1.68876 162673 0 -0.864942 0.227071 0
54.5678 5.56709 -2.41329 1.78625 3.55528 1.66878 117872 0 -1.40022 0.22677 0
-18.7226 25.9792 1.67616 2.02466 4.66021 1.57421 147595 0 -1.04849 0.226285 0
12.6876 36.9945 0.855263 2.07142 4.59052 1.62585 163605 0 0.642751 0.225021 0
-1.01486 74.4244 1.63393 2.17524 5.63581 1.70147 218318 0 -1.20449 0.224592 0
53.9355 3.0761 -1.88309 2.06751 4.51312 1.76151 114126 0 0.337368 0.224225 0
54.9102 1.4656 -2.09141 1.98588 4.57849 1.80823 111789 0 -1.2814 0.224215 0
-0.879883 39.4475 1.38394 2.1888 5.03766 1.64335 167307 0 -1.86 0.223853 0
55.2573 41.7289 0.104092 0.895647 1.84075 1.81439 170758 0 0.613775 0.2236 2
-51.0645 34.3254 3.03596 2.03973 4.5695 1.65525 159662 0 2.24495 0.22333 0
61.5692 9.99999 -0.811845 0.772427 1.92723 1.79611 124446 0 -2.80704 0.22324 2
24.5817 26.1864 0.183434 1.83874 4.01954 1.55076 147730 0 -1.15346 0.222902 0
45.8835 13.5939 -0.74684 1.97131 4.41221 1.61223 129545 0 1.28557 0.22288 0
-16.4877 49.4096 2.19813 2.13783 4.87809 1.73902 181766 0 -3.10456 0.222818 0
60.2856 -2.43061 -2.00452 2.04799 4.50426 1.71 106190 0 1.87367 0.220637 0
44.9927 13.9053 -0.808689 2.00191 4.45888 1.62312 130010 0 1.83479 0.220124 0
-14.138 32.8616 1.80341 2.09254 4.80358 1.66656 157437 0 -0.992864 0.21937 0
55.5345 3.65078 -1.86558 1.9956 4.41815 1.77821 115067 0 -1.41483 0.218367 0
-30.2537 31.3237 2.37845 2.00911 4.35215 1.68452 155047 0 -1.01944 0.216535 0
55.2199 2.40483 -1.77941 2.08001 4.68844 1.8517 113194 0 -1.22001 0.215454 0
-48.8923 19.5842 3.26153 2.21977 4.69365 1.88063 138141 0 -1.15246 0.21537 0
-5.37799 65.0102 1.86546 2.18453 4.76172 1.60706 204733 0 2.1467 0.215232 0
-64.8911 27.7583 3.76662 0.861652 0.90283 1.68086 149791 0 -1.03612 0.215216 1
54.8747 5.30862 -2.39001 1.99056 4.48077 1.6567 117405 0 -1.36943 0.215107 0
-16.7747 60.6035 2.38813 2.31793 5.46801 1.97756 198145 0 2.56496 0.214408 0
45.2832 12.9884 -0.840973 2.03881 4.25036 1.6187 128607 0 1.50575 0.213597 0
39.1053 -14.533 -1.22742 0.784302 0.802331 1.70173 88340 0 2.99863 0.213193 1
-52.6456 42.317 3.73919 2.36727 5.37948 2.01436 171357 0 -0.799507 0.212896 0
26.7512 15.5532 0.200004 1.09181 1.50992 1.69932 132293 0 1.95684 0.212783 1
-54.2636 29.3745 3.49471 1.97799 4.20482 1.62704 152164 0 2.17104 0.211293 0
-33.8735 27.5834 2.40895 1.97026 4.25627 1.59501 149888 0 -1.84465 0.21116 0
8.70437 30.1368 0.800273 2.03332 4.73951 1.55641 153765 0 -0.911197 0.210262 0
36.3417 35.7653 0.161133 0.768507 0.866623 1.73546 161807 0 2.83375 0.210218 1
-3.37003 47.4353 1.69591 0.953383 1.09305 1.74545 178999 0 -1.16853 0.210213 1
26.0805 64.5106 0.81777 1.95576 4.49629 1.52398 203895 0 1.4261 0.209746 0
39.7895 14.6111 -0.383759 2.03783 4.56245 1.70984 130930 0 -1.30921 0.209566 0
-46.1571 40.1727 3.23541 2.23217 5.19016 1.86875 168101 0 -2.72663 0.208896 0
-6.50066 65.4361 1.83108 2.03556 4.60481 1.59523 205197 0 2.15112 0.208228 0
26.7525 19.4143 0.31271 2.06169 4.69573 1.61224 137909 0 1.93727 0.208225 0
25.7745 64.7944 0.808348 1.93614 4.41928 1.53257 204362 0 1.46282 0.206111 0
27.0653 19.3451 0.334398 1.99316 4.46797 1.60078 137910 0 2.67696 0.205088 0
-3.33968 6.06715 0.620263 0.700525 0.82567 1.45812 118159 0 -1.72561 0.204679 1
38.3653 -14.1787 -1.10386 0.808288 0.839586 1.75032 88805 0 -1.60134 0.203967 1
-49.7865 36.3391 2.98462 1.94622 4.30632 1.57976 162474 0 -1.01201 0.203614 0
32.3881 45.6541 0.425393 2.39999 5.74764 1.99479 176303 0 -1.23326 0.201697 0
44.6443 61.3528 0.630906 2.05749 4.80001 1.82493 199273 0 -1.2824 0.201044 0
-3.27045 37.0669 1.24767 1.95426 4.43911 1.53554 163555 0 2.23951 0.200885 0
37.0343 60.0391 0.515413 1.9718 4.46888 1.73552 197377 0 -1.24266 0.200204 0
-64.8663 27.8984 3.82736 0.902541 0.954478 1.65733 150259 0 -0.956003 0.200012 1
54.5668 5.31906 -2.3729 1.4378 2.60301 1.63013 117404 0 -1.454 0.199805 0
-0.821648 39.2629 1.37214 2.06188 4.71957 1.58007 166839 0 -0.849897 0.198759 0
-3.40776 45.2579 1.45689 1.9406 4.41116 1.53006 175723 0 -0.984899 0.198284 0
-2.36708 36.4174 1.20824 1.94514 4.49993 1.49535 162622 0 -0.879348 0.198219 0
-59.0069 32.5769 3.94796 2.26544 4.84137 1.83403 156829 0 -1.06615 0.197528 0
10.3826 31.6037 0.75338 2.04431 4.61844 1.52669 155642 0 -0.873663 0.196201 0
-3.00069 8.41381 1.03503 0.836003 1.91369 1.64663 121904 0 -1.61266 0.196161 2
44.6588 13.6005 -0.768593 2.01486 4.4706 1.68061 129541 0 1.75842 0.196026 0
39.2186 14.3076 -0.580855 1.98483 4.4144 1.64758 130460 0 -1.22611 0.195492 0
33.521 -12.2153 -0.873243 0.870357 0.927209 1.79669 91598 0 1.98353 0.194123 1
54.5663 3.62173 -1.84689 1.99183 4.35674 1.73532 115064 0 -1.78974 0.194002 0
55.8175 5.56659 -2.19535 1.95184 4.31061 1.66255 117876 0 -1.32957 0.193384 0
46.6275 31.6037 -0.491849 2.08143 4.55037 1.72646 155755 0 -1.09155 0.193377 0
55.8444 4.98624 -2.09294 2.02443 4.54899 1.71799 116940 0 -1.27525 0.193232 0
-14.6457 19.9091 1.39632 0.756519 0.812803 1.53436 138716 0 -1.52958 0.193135 1
45.2738 12.3232 -0.822691 1.97452 4.31654 1.62689 127671 0 1.43509 0.192484 0
-2.5849 8.71056 0.983006 0.836791 1.31053 1.70206 122373 0 -1.22565 0.192453 1
-50.47 34.0102 2.9348 1.9579 4.44611 1.63351 159196 0 2.19177 0.192028 0
38.36 -14.0158 -1.13091 0.834628 0.821658 1.74737 89273 0 -1.49506 0.191833 1
28.0335 69.6403 1.0257 2.09174 4.81402 1.66916 211389 0 1.97607 0.191527 0
-16.2041 49.1168 2.22489 2.02673 4.49452 1.66312 181299 0 -0.115785 0.191177 0
22.7721 21.175 0.219432 2.05461 5.02206 1.46652 140705 0 1.82257 0.191012 0
32.1157 26.949 0.285346 2.31535 5.16682 1.78086 149158 0 2.06758 0.190236 0
36.1053 -11.243 -1.17387 0.809715 0.806902 1.70326 93010 0 1.72247 0.190206 1
-4.62495 46.1894 1.24252 1.90031 4.33802 1.52052 177123 0 -0.992172 0.190011 0
-3.68517 45.0097 1.43703 1.95937 4.45411 1.51115 175254 0 -0.975866 0.189966 0
-0.246941 74.709 1.27913 1.95189 4.29528 1.58294 218789 0 -0.898339 0.188422 0
45.2854 14.2079 -0.734162 1.98155 4.34917 1.57328 130479 0 1.99121 0.187463 0
45.9755 32.1976 -0.387783 1.99213 4.40783 1.60209 156689 0 -1.17514 0.184693 0
-7.47326 41.3709 1.55253 2.42723 6.05914 1.7966 170094 0 -0.914676 0.18461 0
36.2244 -11.247 -1.17877 0.824426 0.819967 1.7356 93011 0 1.51645 0.18404 1
-5.56091 64.5921 1.77185 1.97641 4.50136 1.55287 203796 0 -0.381267 0.18371 0
55.509 1.18555 -2.00664 1.99147 4.51193 1.82618 111323 0 -1.25589 0.183679 0
12.3454 37.6078 0.905259 2.0471 4.57507 1.62244 164540 0 2.22487 0.183196 0
38.2469 59.4284 0.435758 2.28984 5.52646 1.89176 196445 0 -1.14704 0.182747 0
-45.3647 39.8963 3.13723 1.87283 3.88864 1.59522 167636 0 2.7063 0.182675 0
44.9589 11.9962 -0.800608 1.94726 4.28511 1.64263 127202 0 1.63045 0.181304 0
30.1975 33.1678 0.656712 0.788107 0.792897 1.596 158044 0 1.68941 0.181127 1
53.928 3.62801 -1.85104 2.05454 4.50568 1.76299 115062 0 1.91659 0.180883 0
35.3567 37.5372 0.374764 2.03796 4.48212 1.73063 164612 0 2.02715 0.180689 0
12.6291 37.9148 0.909447 2.02309 4.52752 1.61177 165009 0 2.20672 0.179571 0
39.2064 15.4366 -0.487894 1.95491 4.32598 1.57876 132332 0 -1.41121 0.179456 0
-11.0727 37.5728 1.60877 1.9909 4.66116 1.49861 164467 0 -1.18372 0.178893 0
-6.34715 32.4746 1.15563 1.81041 4.0572 1.36301 156994 0 -0.99592 0.178774 0
34.4119 35.6648 0.136653 2.02798 4.49604 1.68796 161801 0 1.929 0.178426 0
-20.3212 48.4707 2.26247 2.04725 4.56512 1.62963 180350 0 -0.833876 0.178345 0
-11.3381 37.5916 1.5899 1.94461 4.48334 1.46149 164466 0 -1.51539 0.177821 0
26.3596 64.4764 0.847789 1.99419 4.53774 1.53931 203896 0 1.05939 0.177289 0
38.8992 -13.0495 -1.3859 0.816065 0.826581 1.72066 90679 0 -1.24977 0.177181 1
-50.1324 33.4304 2.98942 1.96227 4.29569 1.63162 158261 0 2.05207 0.17675 0
4.31696 46.3587 1.36494 1.67275 3.33424 1.54537 177151 0 2.27273 0.176343 0
42.904 -17.0163 -1.52994 0.848862 0.911187 1.73791 84608 0 1.94348 0.176332 1
35.6716 0.0867615 1.22608 0.767712 0.759328 1.76895 109857 0 2.09014 0.175781 1
56.1376 5.26831 -2.1446 1.94617 4.28677 1.65993 117409 0 -1.29882 0.175009 0
-50.4016 33.2067 3.03481 1.98855 4.38125 1.62742 157792 0 2.24697 0.174729 0
44.9795 12.6537 -0.880601 1.9546 4.15905 1.66981 128138 0 1.5888 0.174517 0
12.9488 37.8931 0.891673 2.03407 4.61593 1.60894 165010 0 -1.45075 0.17377 0
-55.1115 29.9607 3.69219 2.41479 5.71944 2.11707 153097 0 2.17863 0.173647 0
-31.1037 31.8846 2.43559 2.43815 6.11168 2.02307 155980 0 -0.975634 0.172728 0
39.0872 -13.5202 -1.26233 0.861233 0.889662 1.72976 89744 0 -1.54073 0.172702 1
55.2064 4.98387 -2.13447 2.05375 4.62778 1.72113 116938 0 -1.31733 0.17262 0
9.72284 65.3942 1.42567 2.37667 5.74077 1.9161 205248 0 0.606363 0.17247 0
-16.7967 49.7055 2.22169 2.24208 5.26489 1.84456 182233 0 2.84996 0.171891 0
32.1409 26.807 0.280726 2.14815 4.90688 1.71951 148690 0 2.59114 0.171755 0
23.2184 58.7145 0.418457 2.07928 4.69821 1.69616 195462 0 0.819601 0.171469 0
25.4644 64.8161 0.78904 1.96087 4.4756 1.54178 204361 0 1.70492 0.171275 0
1.09281 -12.9238 0.776065 0.764717 0.76629 1.62661 90561 0 -1.33655 0.170858 1
-15.9036 59.9634 2.29806 2.28956 5.22628 1.92066 197212 0 2.89338 0.17075 0
38.3051 62.9681 0.402948 1.98467 4.61279 1.92648 201593 0 -1.16457 0.170472 0
53.6295 3.05806 -1.88492 2.10483 4.5846 1.81862 114125 0 1.42492 0.170393 0
-1.03798 39.3031 1.38437 2.00957 4.61779 1.56454 166838 0 -0.344666 0.170141 0
-15.5197 30.7777 1.63131 2.05877 4.67032 1.63177 154625 0 -1.02479 0.17001 0
37.9733 15.187 -0.573546 1.94206 4.39445 1.58675 131860 0 -1.36428 0.16994 0
-20.6282 48.1637 2.29645 2.08522 4.6417 1.69582 179881 0 -1.02537 0.169297 0
-48.5614 19.0735 3.17543 1.97147 3.94075 1.75347 137206 0 -1.19454 0.168817 0
35.1761 -7.61122 -0.893153 0.876418 0.877756 1.47001 98623 0 0.390828 0.168454 1
26.4012 64.1801 0.803316 1.9797 4.53487 1.54061 203428 0 0.368575 0.168393 0
19.7874 15.8643 0.322548 1.63213 3.18075 1.40342 132739 0 -1.21678 0.168157 0
55.2475 42.0064 0.234687 0.8177 1.81015 1.77242 171226 0 -3.13759 0.167983 2
42.9149 -16.8813 -1.51697 0.810949 0.887003 1.73955 85076 0 1.96049 0.167336 1
55.7975 1.74134 -1.91999 2.26677 5.30662 2.02021 112260 0 -1.2168 0.167319 0
29.6793 70.5189 1.02621 2.08197 4.59949 1.74696 212798 0 -2.79484 0.16686 0
45.579 12.6501 -0.832182 1.97273 4.46379 1.64662 128140 0 1.33433 0.166816 0
23.5068 59.0266 0.455552 2.04996 4.63352 1.70698 195931 0 1.13223 0.166332 0
44.6461 12.3114 -0.861978 1.98446 4.44945 1.71174 127669 0 1.72736 0.165804 0
36.3276 35.9218 0.201583 0.771254 1.042 1.7455 162275 0 2.35121 0.165221 1
66.0753 -25.1121 -1.93426 3.25775 10.7409 3.35716 72980 0 -1.28677 0.165107 0
47.1272 32.4078 -0.235695 2.09433 4.71574 1.72926 157161 0 -1.28531 0.164939 0
60.9585 -2.48582 -1.8881 2.01677 4.42262 1.74013 106192 0 1.78035 0.164332 0
-20.0289 48.4796 2.19596 2.00557 4.43711 1.58283 180351 0 -2.399 0.163981 0
-8.40964 60.4149 2.06638 2.32888 5.69374 2.05146 197703 0 2.12767 0.163841 0
-46.1713 40.4477 3.28302 2.38093 5.6946 2.01877 168569 0 2.90241 0.163545 0
64.4745 -24.4999 -2.75738 3.34654 9.62094 3.57011 73911 0 -1.22647 0.16352 0
7.62595 30.3183 0.969169 2.01518 4.49792 1.54467 153761 0 -0.954436 0.163299 0
54.8798 5.85774 -2.34817 1.98934 4.38742 1.65289 118341 0 -1.38962 0.163268 0
9.14133 64.5621 1.35203 1.81741 3.92978 1.49649 203842 0 0.39769 0.162778 0
8.88104 64.8277 1.35409 1.83262 3.98942 1.48685 204309 0 0.241662 0.162525 0
-3.16604 6.19595 0.591089 0.706578 1.16191 1.50938 118628 0 -1.718 0.161847 2
55.7974 2.42354 -1.78331 2.27478 5.27261 1.97623 113196 0 -1.23183 0.161438 0
30.8741 43.5546 0.0770012 2.02595 4.55154 1.58963 173490 0 -1.31188 0.161138 0
-17.7042 48.4983 2.26252 2.25411 5.04271 1.80979 180358 0 0.987569 0.160974 0
34.7402 36.3278 0.197026 2.01929 4.49959 1.71018 162738 0 1.88107 0.160689 0
-3.57835 47.2468 1.69991 0.874954 0.879941 1.72493 178530 0 -1.41067 0.160082 1
0.526199 41.5275 1.25298 2.00007 4.4886 1.52431 170119 0 2.23042 0.160081 0
27.6071 15.8777 0.217754 2.26888 5.12397 1.70925 132764 0 1.9358 0.159848 0
-7.79292 60.0982 2.03017 2.08918 4.48156 1.84139 197237 0 2.11792 0.159409 0
34.1108 -11.4357 -0.813935 0.777862 0.828212 1.76726 93004 0 2.0014 0.158627 1
44.6606 12.9702 -0.865042 2.00111 4.62423 1.70035 128605 0 1.70841 0.15833 0
-54.0053 29.5822 3.455 1.95924 4.04923 1.62852 152633 0 2.2346 0.158159 0
7.54136 30.825 0.958456 2.04635 4.58085 1.58126 154697 0 -0.993277 0.158054 0
30.8488 24.1921 0.0568681 2.17686 4.89563 1.63272 144942 0 1.89684 0.158027 0
-17.0364 60.3328 2.31412 2.21318 5.24953 1.93197 197676 0 2.41098 0.156685 0
8.83176 18.7556 0.63757 2.20881 5.03195 1.70905 136917 0 2.04824 0.156622 0
-40.3973 28.6365 2.7611 2.40711 5.68251 1.95603 151271 0 -0.950579 0.156589 0
44.0319 63.2049 0.730597 2.17748 4.85594 1.86668 202079 0 -2.87912 0.156416 0
55.8161 3.97162 -1.96187 2.14703 4.91698 1.83239 115536 0 -1.35605 0.156247 0
44.647 11.7025 -0.781286 1.99193 4.36821 1.71306 126733 0 1.74262 0.155998 0
-52.5724 41.5384 3.74989 2.13946 4.683 1.78148 169953 0 -0.971769 0.155823 0
-2.50394 66.3203 1.88975 2.1718 4.67419 1.88061 206614 0 -0.953945 0.155567 0
29.7246 40.8128 0.417756 1.7686 3.71574 1.77145 169274 0 -1.23381 0.155317 0
-2.9973 8.23685 1.00539 0.804959 1.85617 1.51882 121436 0 -1.57942 0.155281 2
-12.5452 34.8068 1.63847 1.88319 4.26143 1.44775 160250 0 -0.988229 0.154923 0
-19.6717 47.8131 2.01675 2.0326 4.52676 1.57542 179416 0 2.48391 0.154586 0
55.2146 3.97386 -1.86657 1.99786 4.39081 1.74873 115534 0 -1.58791 0.153801 0
-46.1687 39.8875 3.17669 2.09117 4.80786 1.76326 167633 0 -1.4871 0.153758 0
55.5138 5.86984 -2.23668 1.9841 4.30626 1.64921 118343 0 -1.37607 0.153643 0
38.6494 -13.5917 -1.22855 0.816982 0.80896 1.73771 89742 0 -1.30998 0.153469 1
30.3539 43.3381 0.053367 1.66616 3.60841 1.49073 173020 0 -1.24255 0.153437 0
34.037 -12.2527 -0.953855 0.822483 0.894656 1.7835 91600 0 2.08198 0.152905 1
9.71045 64.5425 1.40632 2.15859 4.78057 1.68396 203844 0 1.01295 0.152504 0
35.3502 36.361 0.217661 1.95948 4.42261 1.63976 162740 0 1.90684 0.152427 0
-0.0819702 41.8532 1.26435 2.03008 4.62698 1.55883 170585 0 2.19399 0.152322 0
9.99828 63.1394 1.39592 2.24472 5.06344 1.73692 201973 0 -1.02039 0.152285 0
-63.9048 15.9022 4.08063 2.02254 4.45714 1.62687 132478 0 0.46403 0.151983 0
-5.00377 64.5228 1.80916 2.02978 4.56658 1.60463 203798 0 2.03013 0.151577 0
-14.4931 20.7525 1.37011 1.77882 3.92424 1.47058 139652 0 2.14109 0.15153 0
55.2388 41.5085 0.083048 0.831952 0.931818 1.73332 170290 0 0.467205 0.151396 1
-42.0225 2.66493 2.95425 0.818662 0.837318 1.72273 113358 0 -0.0950098 0.151308 1
-4.91755 45.9311 1.18581 1.92124 4.4393 1.47806 176654 0 -1.05094 0.151272 0
-11.3686 37.8747 1.5865 1.98855 4.56315 1.50741 164934 0 -0.920055 0.151191 0
-14.87 19.4749 1.39049 0.793977 0.814558 1.56718 137779 0 -1.65205 0.150837 1
-16.1849 48.5195 2.25138 1.96521 4.3344 1.58433 180363 0 0.24073 0.150693 0
-19.0676 47.4809 1.84254 1.94332 4.33016 1.50259 178950 0 2.35701 0.150657 0
34.401 35.0723 0.0809217 2.04898 4.58149 1.67835 160865 0 1.94565 0.150005 0
-4.66941 47.6422 1.66037 0.85043 0.814439 1.72563 178995 0 -0.866791 0.149976 1
-26.1693 35.698 2.39034 1.99706 4.29205 1.6458 161612 0 -0.964487 0.149909 0
25.7547 63.8993 0.718301 1.0601 1.58805 1.50973 202958 0 1.43362 0.149693 1
-3.36477 37.4913 1.18906 2.06341 4.73459 1.57018 164491 0 2.23542 0.149635 0
54.5743 -1.3225 -2.12881 2.16881 4.92127 1.79527 107576 0 -1.16905 0.148707 0
-54.8029 14.1207 3.42932 0.852349 1.95561 1.68167 130166 0 -0.906557 0.148593 2
55.2095 4.31648 -1.92168 2.07026 4.59754 1.76005 116002 0 -1.63871 0.148478 0
-4.69083 48.043 1.68069 0.826745 0.782053 1.71127 179931 0 -1.02586 0.14835 1
55.5243 4.3138 -1.94099 2.16493 5.00322 1.81212 116003 0 -1.31577 0.148037 0
-13.6083 59.9991 1.99185 1.97469 4.3184 1.59992 197219 0 -3.07247 0.147451 0
39.1075 -14.2934 -1.21665 0.82432 0.873317 1.74456 88808 0 -3.10248 0.147435 1
-52.9811 32.1606 3.21241 2.08317 4.61426 1.68284 156380 0 2.17504 0.147197 0
41.1473 7.44244 -0.157673 0.927419 0.983024 1.94064 120638 0 0.181706 0.147112 1
38.6334 -14.4565 -1.1233 0.874958 0.917664 1.76574 88338 0 -1.9053 0.146862 1
33.687 -10.314 -0.887677 0.741591 0.748213 1.74097 94407 0 1.87781 0.146809 1
-11.3407 37.3087 1.57484 1.92761 4.456 1.42551 163998 0 3.06475 0.146771 0
-20.2019 -1.8914 1.2008 1.82592 3.78381 1.50216 106874 0 0.402006 0.146728 0
38.6681 -13.3013 -1.34616 0.836465 0.821777 1.74032 90210 0 -1.24446 0.146706 1
14.548 36.0282 0.709591 2.13103 4.70371 1.74656 162207 0 -0.838878 0.146462 0
44.3444 11.9998 -0.754514 2.01694 4.49718 1.77002 127200 0 1.71769 0.146417 0
38.2571 15.4384 -0.579919 1.98601 4.49467 1.59239 132329 0 -1.35536 0.146316 0
-20.3285 47.8683 2.1912 1.96239 4.33011 1.59252 179414 0 0.429475 0.146173 0
34.8178 54.3559 0.45229 1.78799 3.95107 1.67916 188946 0 -1.14832 0.146144 0
-52.6412 28.9975 3.16777 0.809053 0.81817 1.67695 151701 0 -1.05884 0.145949 1
26.6916 64.1529 0.894326 2.04074 4.62498 1.5519 203429 0 -0.134306 0.145592 0
-6.14043 64.8987 1.80558 2.08405 4.68009 1.59564 204262 0 0.812528 0.145166 0
45.5926 32.7538 -0.336909 1.9061 4.28632 1.58421 157624 0 -1.15534 0.14515 0
2.99212 -13.4244 0.644585 0.888751 0.984373 1.60327 90099 0 2.79481 0.144985 1
37.6391 59.4299 0.428038 2.16794 5.12784 1.83868 196443 0 -1.16337 0.144766 0
-3.91507 66.7967 2.02469 2.19174 5.21414 1.90836 207077 0 2.45389 0.144666 0
-2.04031 40.3801 1.29945 2.17639 5.05661 1.66565 168707 0 2.25993 0.143533 0
30.3597 34.2827 1.51653 0.877935 1.89385 1.85588 159916 0 0.388386 0.143424 2
30.243 23.9111 0.0703781 2.16174 4.79816 1.60937 144472 0 1.88001 0.14326 0
38.2978 14.6034 -0.59557 1.96877 4.39771 1.60284 130925 0 -1.26705 0.143192 0
37.666 63.5129 0.407786 2.14639 4.58548 2.00682 202527 0 -1.19504 0.143152 0
40.071 14.8899 -0.227895 2.10049 4.68844 1.75407 131399 0 -1.37247 0.143108 0
29.2766 68.6349 0.782697 2.04923 4.51452 1.6886 209989 0 0.355554 0.142655 0
54.2738 1.75166 -2.04601 2.00649 4.43343 1.78498 112255 0 -1.31011 0.14257 0
30.183 69.9891 0.916949 2.04699 4.44315 1.72114 211864 0 -2.67355 0.142337 0
-16.7485 59.7485 2.27587 1.98195 4.39217 1.76843 196741 0 2.4807 0.142222 0
61.5759 -2.48531 -1.71521 2.13473 4.76291 1.82729 106194 0 1.67694 0.142052 0
-45.6141 39.5987 3.11598 1.77851 3.81885 1.59694 167167 0 -0.726443 0.141305 0
54.9047 4.31915 -1.96348 1.965 4.24757 1.7043 116001 0 -2.05591 0.141213 0
-12.6365 35.2772 1.6491 2.06473 4.74764 1.55419 161186 0 -1.05359 0.141157 0
53.5635 -3.16183 -2.00088 2.11204 4.65862 1.77436 105233 0 -1.28897 0.141032 0
-17.4428 48.2132 2.22623 2.05748 4.45172 1.6771 179891 0 0.139667 0.14103 0
-8.37641 7.75428 0.972243 0.802109 0.885322 1.74837 120951 0 -1.3749 0.141014 1
34.3468 -11.4473 -0.899699 0.818938 0.854132 1.75586 93005 0 2.02922 0.140845 1
55.4168 41.7637 0.0867102 0.894255 1.89819 1.78534 170759 0 1.12165 0.140769 2
