-17.8845 -2.62653 1.01602 2.23483 5.08577 1.94048 105478 0 0.349596 0.933981 0
4.06377 10.7344 0.985096 2.05758 4.74901 1.5255 125202 0 1.95014 0.933868 0
34.4083 5.83978 -0.348412 2.22595 5.0467 1.9309 118277 0 -1.24474 0.921513 0
-6.04527 12.5885 0.880312 2.15489 4.83387 1.53098 127979 0 -0.969118 0.91899 0
-16.8825 18.9713 1.39201 2.03549 4.60265 1.46761 137305 0 -0.948378 0.917676 0
21.9159 8.1272 0.415099 2.02445 4.70853 1.87674 121514 0 1.93731 0.915822 0
5.68383 13.9251 1.06524 2.17924 4.91291 1.8023 129887 0 1.99294 0.911401 0
-4.0488 14.6418 0.87648 2.00934 4.48161 1.50353 130793 0 -1.01492 0.910546 0
5.92014 27.9439 1.33039 2.22753 5.02209 1.88289 150480 0 -0.928989 0.908939 0
8.48445 21.8546 1.12179 2.25532 5.03371 1.94163 141596 0 2.0381 0.906301 0
0.775299 21.3721 1.15072 2.07285 4.55075 1.81749 140636 0 -0.991446 0.887182 0
21.5987 20.9673 0.428519 2.0112 4.67176 1.44116 140233 0 1.84434 0.884268 0
-25.5498 0.148346 1.34698 2.0696 4.69168 1.59553 109666 0 0.267152 0.883829 0
-23.2922 -1.11686 1.18709 2.02189 4.50601 1.56155 107801 0 0.271906 0.883189 0
-10.6683 27.986 1.41521 2.06363 4.82577 1.51132 150428 0 2.13137 0.87654 0
-12.4044 25.7868 1.58033 1.99344 4.33222 1.7218 147147 0 2.14062 0.87042 0
-9.04479 30.2209 1.58981 2.16299 5.02908 1.81358 153709 0 2.17527 0.870063 0
-43.6875 23.4621 2.54044 2.02925 4.49603 1.74858 143773 0 2.28204 0.865191 0
1.71318 44.2687 1.35613 2.1267 4.94502 1.48911 174335 0 2.19473 0.863105 0
-38.2486 23.2717 2.46122 2.1753 4.78597 1.88445 143322 0 -0.946447 0.861861 0
17.3684 9.86737 0.494327 1.97216 4.62751 1.49942 123840 0 -1.15139 0.860896 0
20.3073 18.3876 0.446786 2.04427 4.76465 1.5094 136485 0 -1.27531 0.854558 0
-18.4874 15.8012 1.42954 1.97042 4.02924 1.56551 132620 0 2.15442 0.853843 0
7.15434 16.1184 1.06859 2.24634 5.03962 1.903 133168 0 2.03877 0.852508 0
-1.17094 19.4569 1.09842 2.1189 4.76249 1.72846 137822 0 2.17792 0.85022 0
-44.0357 13.298 2.59019 2.13541 4.52773 1.62909 128796 0 -1.23061 0.849689 0
2.73846 23.311 0.918447 1.95989 4.57752 1.44287 143450 0 -0.971676 0.848938 0
-13.3952 23.4147 1.40997 2.04201 4.59241 1.51388 143868 0 2.14593 0.844734 0
3.91447 25.6485 1.0039 1.99076 4.4702 1.48283 147198 0 -0.940482 0.843448 0
-2.96092 17.3684 0.919608 2.10001 4.86687 1.49789 135008 0 -0.967658 0.841638 0
-24.8942 16.5029 1.81956 2.16606 4.69057 1.76644 133536 0 -0.943191 0.840232 0
-7.59512 32.8053 1.329 1.9108 4.3871 1.41269 157458 0 -0.981097 0.839857 0
27.9766 37.5785 0.671566 2.06136 4.73761 1.63328 164589 0 -1.25395 0.838929 0
-15.2441 21.0496 1.35548 1.90554 4.33105 1.455 140118 0 2.20523 0.835873 0
41.4324 2.37617 -1.13515 2.02621 4.58622 1.68392 113151 0 1.93194 0.823737 0
52.3786 -3.66118 -1.73174 1.93622 4.23867 1.58865 104293 0 -1.13633 0.817694 0
3.06805 46.8885 1.63332 2.05759 4.68623 1.69038 178083 0 2.24407 0.817131 0
22.8598 23.7596 0.670633 2.07837 4.72154 1.79943 144449 0 -1.284 0.813357 0
-14.5315 32.7906 1.77518 2.15728 4.87978 1.80583 157436 0 -1.04224 0.799991 0
-23.2278 18.7092 1.64794 2.03175 4.5855 1.56971 136817 0 -1.05185 0.799111 0
-35.3397 14.1249 2.03082 2.06283 4.6549 1.58415 130227 0 1.96859 0.798275 0
-15.7372 19.7701 1.48463 0.797558 0.74961 1.66641 138244 0 2.91688 0.797559 1
-6.21126 35.003 1.45335 2.10572 4.99609 1.55761 160738 0 -0.964592 0.796707 0
-21.9045 20.993 1.92596 2.21191 5.28032 1.89504 140097 0 -0.993612 0.796312 0
-20.7202 -2.10991 1.05866 1.9634 4.25505 1.57495 106405 0 0.253191 0.789724 0
24.1724 26.3545 0.519708 1.97604 4.42528 1.57096 148197 0 -1.24041 0.78873 0
-7.83117 41.0506 1.67905 2.27632 5.45272 1.75814 169625 0 -0.939631 0.788311 0
35.0787 8.74859 -0.360851 1.99804 4.42979 1.73529 122491 0 -1.19594 0.788267 0
-16.2372 59.3637 2.41534 2.19645 4.91645 1.80505 196275 0 -0.942118 0.785805 0
-55.5035 17.8173 3.32355 2.13203 4.63113 1.82419 135312 0 -1.20071 0.782385 0
-15.8237 30.3146 1.64308 1.98905 4.70631 1.53395 153688 0 -1.05362 0.780939 0
-6.52135 33.857 1.48019 0.743508 0.712615 1.63518 158865 0 0.641726 0.771494 1
29.3002 40.5654 0.733693 2.03181 4.57143 1.84791 168805 0 -1.23813 0.769119 0
-33.6853 29.8718 2.36084 2.08692 4.63041 1.6496 153164 0 -0.887511 0.76738 0
-20.6747 23.4609 1.65553 1.99679 4.62709 1.60361 143845 0 -1.05635 0.764542 0
18.7645 12.8409 0.417145 1.9472 4.4085 1.49897 128524 0 -1.21232 0.762651 0
27.0369 19.0234 0.491909 2.14384 4.78338 1.68421 137442 0 -1.24787 0.761051 0
34.4272 54.2599 0.841411 2.04477 4.61996 1.7776 188945 0 -1.13361 0.758451 0
19.3787 15.725 0.441853 1.94134 4.42763 1.47602 132738 0 -1.20927 0.755006 0
-35.0952 27.6194 2.38827 2.03198 4.42582 1.64282 149884 0 2.25415 0.752877 0
30.8898 45.6653 0.655012 1.97185 4.3194 1.75387 176298 0 -1.22663 0.741748 0
24.1637 29.3111 0.692251 2.13205 5.15764 1.72186 152409 0 1.91532 0.74019 0
34.1913 -8.08491 -0.80849 0.880537 0.895491 1.61712 97684 0 0.28155 0.718655 1
23.5434 10.7074 0.183292 1.94952 4.19957 1.62061 125263 0 1.96384 0.716017 0
24.8037 13.5799 0.350268 2.24664 4.93313 1.82991 129479 0 1.91135 0.711318 0
-17.6904 28.3918 1.66618 1.99454 4.55167 1.61589 150874 0 -1.0177 0.704749 0
-50.7938 19.9584 3.01768 2.11337 4.55883 1.84126 138603 0 2.0026 0.704121 0
-59.9756 33.0563 3.83894 2.1591 4.87307 1.86332 157762 0 2.59912 0.701579 0
32.5935 -11.297 -0.59616 0.849798 0.924623 1.83507 92999 0 1.85178 0.701361 1
32.7015 -12.0892 -0.643946 0.846123 0.905362 1.82752 92064 0 1.96109 0.698458 1
30.5105 27.0328 0.576505 2.11551 4.74089 1.61233 149153 0 1.91078 0.695895 0
-2.38503 39.8672 1.5247 2.05045 4.72418 1.59635 167770 0 2.24856 0.676494 0
29.9699 43.0902 0.469368 1.92937 4.31632 1.5527 172551 0 -1.21955 0.675543 0
9.10545 32.4085 0.953374 2.10807 4.73714 1.52305 157042 0 -0.914893 0.658619 0
-55.4721 29.9956 3.46592 2.08898 4.67088 1.76855 153096 0 2.20349 0.655262 0
-19.3585 25.5047 1.65768 1.94474 4.64402 1.59345 146657 0 -0.99722 0.650147 0
-31.2053 31.823 2.36555 2.14297 4.76833 1.79551 155980 0 -0.887608 0.647691 0
32.162 48.4339 0.582812 2.01197 4.57629 1.5806 180514 0 -1.23945 0.647544 0
-25.157 40.724 2.3636 2.34161 5.70595 1.91523 169103 0 -0.944553 0.646202 0
42.7232 5.67844 -1.04398 1.99421 4.58499 1.62773 117835 0 1.85682 0.642751 0
37.3333 -12.9375 -1.11786 0.860183 0.878838 1.68841 90674 0 -1.31897 0.623088 1
41.6447 -17.0789 -1.24591 0.845171 0.892324 1.74913 84604 0 1.9096 0.621081 1
-0.226471 41.734 1.27197 2.02484 4.71443 1.47984 170585 0 2.20256 0.619783 0
-59.7288 32.8702 3.82724 2.13081 4.66732 1.81602 157295 0 2.05089 0.615347 0
-7.56272 10.3098 0.772611 1.93347 4.31761 1.46412 124698 0 -0.995805 0.60266 0
37.8297 -14.3169 -1.03199 0.89385 0.99675 1.78579 88804 0 -1.23832 0.599722 1
7.52948 30.2337 0.98966 2.06018 4.69499 1.54109 153761 0 -0.917824 0.598638 0
25.7891 16.2044 0.302941 2.10734 4.81822 1.61348 133226 0 1.97108 0.592717 0
-3.6593 37.0039 1.33357 1.98772 4.63768 1.50503 163554 0 2.23731 0.590141 0
51.6256 4.40276 -1.50865 0.795955 0.82265 1.73731 115991 0 -1.13136 0.586179 1
-1.10718 74.4249 1.84081 1.99688 4.6981 1.61244 218318 0 -1.07605 0.582532 0
37.8657 -14.4706 -1.06526 0.883381 0.966255 1.76723 88336 0 -1.20266 0.579726 1
-3.05473 47.8391 1.90024 2.23231 5.23364 1.8901 179468 0 -0.987789 0.570125 0
-8.78632 60.6764 2.1913 2.22923 5.20487 1.85423 198170 0 2.18782 0.566063 0
33.3577 -11.941 -0.722751 0.79504 0.846244 1.71312 92066 0 1.97059 0.556783 1
-3.70853 66.4014 2.17281 2.20411 4.94412 1.85034 206610 0 -0.944579 0.553822 0
-55.5802 14.0182 3.34195 0.880275 1.94319 1.81774 129696 0 -0.366838 0.552963 2
-53.2977 41.6952 3.67609 2.07738 4.47828 1.7353 170419 0 -1.03128 0.546644 0
10.7413 34.6766 1.21717 2.10487 4.65759 1.66113 160323 0 -0.886435 0.531966 0
53.5879 -1.06565 -1.74707 2.01873 4.54729 1.64868 108041 0 1.71261 0.525203 0
10.0088 35.3037 1.2283 2.21118 4.96909 1.60132 161257 0 2.29275 0.519622 0
53.9269 2.7356 -1.44378 2.0441 4.49304 1.8353 113658 0 -1.17388 0.514632 0
35.2781 -11.2946 -1.01538 0.757731 0.76475 1.70617 93008 0 0.433271 0.488091 1
55.2247 4.98396 -1.87227 1.92495 4.30778 1.55958 116938 0 -1.16701 0.487695 0
60.7095 9.78818 -0.573231 0.779269 1.87828 1.78051 123975 0 -2.58764 0.48694 2
-57.0193 15.8261 3.55357 0.919663 0.964424 1.74109 132499 0 -1.08943 0.477411 1
58.7513 -2.71754 -1.76277 1.9433 4.33955 1.58356 105717 0 1.97834 0.471868 0
-40.5036 28.0187 2.51697 1.92031 4.21151 1.55518 150335 0 -0.885198 0.47071 0
-31.4611 31.5657 2.33028 2.16787 4.93674 1.78934 155511 0 -0.941882 0.467299 0
53.3517 -1.04483 -1.72297 1.88599 4.10713 1.55571 108040 0 -1.14866 0.464875 0
29.286 24.5237 0.225883 2.05453 4.61247 1.49057 145405 0 1.87321 0.464832 0
51.6224 4.51231 -1.53118 0.838349 0.867015 1.75188 116459 0 -1.62243 0.45758 1
36.9569 59.9514 0.862317 2.2785 5.31353 1.84049 197377 0 -1.1853 0.454892 0
-5.91179 64.5193 2.02466 2.02998 4.59685 1.67445 203795 0 -0.901506 0.453524 0
37.9967 -13.566 -1.166 0.797666 0.81365 1.59285 89740 0 2.13762 0.452988 1
-4.25841 6.19254 0.61692 0.697554 1.0514 1.63308 118624 0 -1.39242 0.448965 2
32.5848 -11.1582 -0.570766 0.879461 0.963811 1.84171 93467 0 1.84413 0.448105 1
-50.7313 36.5795 3.12525 1.99881 4.42821 1.72747 162939 0 2.19317 0.444353 0
45.2926 28.9617 -0.436759 1.98703 4.41029 1.59632 152007 0 -1.3095 0.44155 0
33.3707 -11.8126 -0.725942 0.811917 0.858911 1.72443 92534 0 1.97414 0.424687 1
37.4715 -12.9463 -1.12882 0.885809 0.91086 1.68979 90675 0 -1.15626 0.423647 1
34.2665 -7.96299 -0.796562 0.891651 0.938286 1.61276 98153 0 -0.287135 0.417419 1
37.6559 62.9527 0.876206 2.07959 4.62647 1.92778 201591 0 -1.18447 0.417186 0
-60.2323 33.1342 3.89667 2.2991 5.32408 1.98128 157761 0 -1.98204 0.417066 0
-65.0689 16.496 3.88413 2.01924 4.41185 1.57797 133410 0 0.476479 0.414486 0
-6.22079 64.7781 2.00704 2.05455 4.64391 1.71281 204262 0 0.176059 0.407253 0
29.3613 33.112 0.928287 0.723996 0.68228 1.45299 158041 0 1.81665 0.407086 1
-67.6648 17.77 3.9316 2.0138 4.48771 1.59302 135274 0 0.411703 0.403859 0
-5.27873 47.7883 1.84849 0.753454 0.708633 1.6888 179461 0 -0.274035 0.403397 1
-46.5809 40.4689 3.10948 2.15097 4.82211 1.78921 168568 0 2.36117 0.39824 0
-5.96117 64.7184 2.05483 2.08953 4.67021 1.71829 204263 0 -0.162511 0.396217 0
-46.8684 40.1807 3.10603 2.09899 4.69643 1.77014 168099 0 2.2102 0.385631 0
33.2157 -11.9623 -0.717872 0.802681 0.856335 1.77613 92065 0 1.9786 0.384184 1
-12.9757 34.9809 1.61379 2.04936 4.80568 1.52912 160717 0 -1.02498 0.379961 0
37.7062 -14.4362 -1.02236 0.886849 0.945176 1.77232 88335 0 -1.24334 0.377956 1
32.7474 -10.3393 -0.809417 0.75322 0.78898 1.71918 94404 0 -1.30624 0.375723 1
-18.0598 48.8502 2.04422 2.07898 4.70846 1.66469 180825 0 2.18684 0.373828 0
-50.9746 36.3732 3.15482 2.13195 4.74159 1.80921 162470 0 2.14319 0.373455 0
-6.37431 33.8486 1.45432 0.758261 0.747928 1.63051 158866 0 0.546812 0.37323 1
-65.8542 27.9507 3.66684 0.852397 0.876935 1.67859 150256 0 -1.07422 0.371642 1
-3.33241 36.7013 1.3235 2.07455 5.00121 1.5139 163087 0 -0.254492 0.369419 0
35.1557 -11.303 -1.01668 0.767924 0.759379 1.6899 93007 0 0.445973 0.360141 1
60.8285 9.8234 -0.606707 0.807876 1.91829 1.81616 123976 0 -2.81761 0.357123 2
60.7334 9.9754 -0.554071 0.831835 1.91414 1.78575 124443 0 -2.84167 0.354344 2
-17.8002 49.0761 2.08215 2.13609 4.83424 1.6798 181294 0 2.41163 0.353662 0
34.1727 -8.38776 -0.829127 0.826443 0.823532 1.63898 97216 0 0.314952 0.351284 1
55.4772 5.22688 -1.85077 1.96191 4.33819 1.56511 117407 0 -1.27679 0.346831 0
32.597 -12.1966 -0.693443 0.867116 0.955364 1.82503 91595 0 1.95839 0.344712 1
9.45353 31.9299 0.901545 2.15149 4.91972 1.59026 156107 0 -0.896434 0.34469 0
59.6863 0.451195 -2.03185 1.9524 4.30736 1.559 110400 0 1.92533 0.344486 0
10.3489 34.9928 1.23848 2.07972 4.45639 1.607 160790 0 -2.05446 0.343541 0
35.2851 -11.1689 -0.97518 0.764072 0.793812 1.69628 93476 0 0.36007 0.341887 1
-27.6643 35.9914 2.18784 2.26136 5.45982 1.83948 162075 0 -0.907411 0.338337 0
33.7501 51.3613 0.693151 2.03406 4.6506 1.55799 184731 0 -1.18652 0.338305 0
51.488 4.40221 -1.53177 0.822041 0.846732 1.74572 115990 0 -1.1475 0.337639 1
-40.2166 28.3015 2.5174 1.91896 4.21144 1.54315 150804 0 -0.871531 0.33573 0
44.3368 29.2412 -0.313254 1.99653 4.56053 1.61897 152472 0 1.76366 0.333927 0
38.174 -14.5683 -1.08742 0.836726 0.867954 1.71458 88337 0 -1.16779 0.332161 1
29.4846 33.1142 0.984957 0.710401 0.67632 1.51425 158042 0 1.80488 0.330154 1
-1.81401 39.4617 1.52393 2.09114 4.82205 1.59921 167304 0 -1.66702 0.328088 0
-4.65251 45.5637 1.60308 1.96857 4.38822 1.56938 176187 0 -0.94711 0.32776 0
-62.561 15.1359 3.70302 2.05832 4.68663 1.71644 131546 0 0.413064 0.326189 0
38.1392 -13.5754 -1.19205 0.810761 0.836911 1.63925 89741 0 2.4149 0.324867 1
-0.873001 74.6979 1.61316 1.95839 4.3377 1.64609 218787 0 -0.873193 0.313962 0
24.1035 10.6244 0.147573 2.08767 4.63627 1.61748 125265 0 1.94743 0.312135 0
-3.40677 8.7261 1.04995 0.807382 1.16193 1.71771 122371 0 -0.849509 0.311592 2
32.6969 -11.1318 -0.563237 0.893205 0.970297 1.86986 93468 0 2.27384 0.311371 1
25.7983 15.9342 0.335776 1.91523 4.16358 1.65299 132758 0 1.9912 0.311027 0
34.8238 8.58325 -0.36465 1.78804 3.8954 1.66056 122022 0 -1.13341 0.310126 0
-4.25233 66.5058 2.19375 2.38242 5.66286 1.99994 206608 0 -1.00062 0.309558 0
44.6637 29.0427 -0.359776 1.87757 4.26995 1.58148 152005 0 -0.867154 0.307265 0
-15.6562 19.8636 1.46579 0.792748 0.801203 1.62731 138713 0 -3.12963 0.305439 1
8.15502 29.6674 0.917887 2.08409 4.73445 1.5351 152827 0 -0.909806 0.301806 0
54.507 2.63876 -1.51972 2.02002 4.4495 1.84202 113660 0 -1.19054 0.301497 0
37.932 -13.9244 -1.06033 0.908717 0.972865 1.77769 89272 0 -1.22831 0.300382 1
-27.3542 35.7331 2.13628 2.07658 4.83313 1.69502 161608 0 -0.46535 0.300071 0
-68.3262 19.3763 3.96014 1.93314 4.32262 1.63792 137612 0 1.87464 0.299943 0
34.2982 -8.38441 -0.845649 0.818108 0.875202 1.62248 97217 0 0.0797599 0.299133 1
-6.48714 64.8496 1.97025 1.98439 4.49832 1.70599 204261 0 1.97737 0.298459 0
-40.7538 27.7516 2.47228 1.95626 4.36522 1.59421 149866 0 -0.913134 0.297897 0
-67.3867 17.4834 3.90821 2.03805 4.54131 1.62992 134807 0 0.355406 0.29788 0
-67.9431 18.0536 3.94473 2.01596 4.51657 1.62151 135741 0 0.540661 0.297761 0
37.9873 -13.3919 -1.19511 0.838538 0.824583 1.57798 90208 0 1.75979 0.297308 1
59.269 -2.76191 -1.75485 2.0497 4.6656 1.68036 105719 0 1.94346 0.29659 0
-56.0934 18.0358 3.43579 2.44658 5.72566 2.05794 135778 0 -1.14646 0.296272 0
57.1286 -5.59438 -1.82336 1.81518 3.95022 1.52173 101500 0 1.9789 0.294062 0
-4.30305 66.9595 2.18193 2.51464 6.1209 2.082 207544 0 -0.95627 0.293895 0
26.0148 15.2827 0.332689 0.948237 1.0997 1.73787 131823 0 1.87315 0.29356 1
-47.1675 39.8548 3.1619 2.09653 4.67755 1.76712 167630 0 1.97329 0.290034 0
26.6834 15.847 0.357614 2.23176 4.885 1.67827 132761 0 1.96616 0.289265 0
32.1665 47.9307 0.586343 2.16009 4.99972 1.70717 179578 0 -1.15673 0.288965 0
38.2183 -14.7988 -1.08815 0.796799 0.798458 1.68685 87869 0 -1.08579 0.2887 1
-3.61134 47.8841 1.94786 2.16046 4.90646 1.87049 179466 0 -1.00748 0.288555 0
21.9416 -10.103 -0.155658 0.887288 1.04604 1.69183 94838 0 -1.1826 0.288109 1
37.3227 -12.77 -1.11476 0.872683 0.897522 1.70502 91142 0 -0.964059 0.287821 1
-6.37393 33.9734 1.44507 0.78383 0.871847 1.56648 159334 0 0.326808 0.28227 1
28.7071 24.541 0.282504 2.0766 4.68206 1.49489 145403 0 1.87557 0.280287 0
57.4359 -5.32313 -1.77787 1.84465 4.04868 1.5432 101969 0 1.92497 0.277398 0
53.0331 3.05151 -1.50354 2.17941 4.98096 1.88515 114123 0 -1.24224 0.276952 0
51.4762 4.5224 -1.52268 0.85942 0.899629 1.77353 116458 0 -1.49832 0.269803 1
35.5704 8.77525 -0.273132 2.25143 5.29602 1.85359 122493 0 -1.23329 0.267164 0
-60.3027 33.3434 3.9244 2.29755 5.48837 2.01313 158229 0 -1.66606 0.26685 0
-3.39343 8.58486 1.03758 0.821266 1.4001 1.72719 121903 0 -0.891719 0.26617 2
29.2801 70.513 1.64786 2.12962 4.79585 1.77926 212797 0 -2.97345 0.266133 0
41.6712 -16.9258 -1.2803 0.823197 0.89658 1.7424 85072 0 1.93286 0.264872 1
-1.71085 39.2656 1.51409 1.99177 4.63868 1.57884 166836 0 -0.975112 0.262366 0
-60.0522 33.315 3.89211 2.18523 5.08515 1.90053 158230 0 -2.54629 0.261788 0
56.7914 -6.88658 -1.63726 1.9092 4.18622 1.61425 99627 0 2.04751 0.257389 0
-6.29546 65.035 2.04736 2.12333 4.67197 1.75541 204730 0 2.23145 0.256453 0
-25.207 35.1118 1.78652 0.773252 0.787555 1.65278 160679 0 -1.61691 0.256082 1
26.4965 19.098 0.532811 1.89975 4.03047 1.62893 137440 0 -1.26525 0.256052 0
59.4154 0.197075 -2.02782 1.92328 4.25998 1.55313 109931 0 1.98954 0.25539 0
32.7591 -10.2117 -0.841996 0.771294 0.795901 1.69902 94872 0 0.341607 0.251948 1
26.0307 15.4886 0.338569 1.13546 1.72823 1.72986 132291 0 1.95544 0.249975 1
-38.9474 27.0903 1.87845 0.8253 1.8288 1.73819 148936 0 0.279398 0.248007 2
-4.27695 6.05316 0.701772 0.697369 1.28603 1.58619 118156 0 -1.49195 0.247866 2
-46.2889 40.7518 3.13049 2.33468 5.19676 1.90883 169037 0 2.54253 0.247356 0
54.5066 41.7071 0.60176 0.804552 1.7558 1.79452 170756 0 -2.95222 0.246702 2
41.6733 2.61953 -1.10146 2.21658 5.03446 1.7777 113620 0 1.86753 0.245457 0
35.6149 35.7097 0.388281 0.789559 0.950557 1.72758 161805 0 2.60033 0.245132 1
-8.8368 61.1711 2.22261 2.41829 5.7193 1.96243 199106 0 2.2316 0.244706 0
-51.2849 20.2439 3.05982 2.44821 5.6483 2.09543 139069 0 2.00092 0.244238 0
-67.7004 18.3426 3.88966 1.81696 3.97382 1.4697 136210 0 -0.00435291 0.243507 0
-4.24481 37.3153 1.34892 1.98025 4.53062 1.55101 164020 0 2.23349 0.24241 0
-15.7917 30.0371 1.65289 1.58728 3.45952 1.51495 153220 0 -1.03135 0.241272 0
33.2209 -11.7765 -0.692921 0.762034 0.830521 1.76195 92533 0 1.98244 0.240262 1
-31.7864 32.1341 2.37862 2.41629 5.90276 1.99832 156446 0 -0.905802 0.239553 0
-5.67708 64.704 2.09761 2.12252 4.69213 1.71009 204264 0 -0.663575 0.239312 0
-27.0827 35.7187 2.10046 1.92724 4.385 1.59029 161609 0 0.832543 0.238446 0
-40.1533 28.9205 2.48461 1.94369 4.38251 1.604 151740 0 -0.852734 0.238158 0
54.879 5.52671 -1.96996 1.8863 4.1288 1.51757 117873 0 -1.26057 0.237455 0
-4.23726 47.2587 1.96616 0.815846 0.774448 1.74422 178528 0 -1.05586 0.237049 1
-57.0651 15.6363 3.54534 0.883105 0.945351 1.72401 132031 0 -1.09982 0.236143 1
-40.763 28.5811 2.54325 2.07121 4.74488 1.68685 151270 0 -0.882383 0.236137 0
-4.89458 45.3272 1.58641 1.93019 4.37789 1.52911 175718 0 -0.929497 0.235139 0
35.1643 -11.1686 -0.979454 0.79384 0.807233 1.71463 93475 0 0.402554 0.234752 1
30.2628 -9.3523 -0.633649 0.784779 0.800325 1.54313 95800 0 -0.852957 0.234453 1
38.2304 62.6577 0.841652 2.37693 5.87816 2.12916 201125 0 -1.16239 0.234253 0
-6.82598 65.1528 1.99174 2.00805 4.58655 1.69657 204728 0 2.22872 0.233875 0
-6.75277 33.8088 1.49502 0.800476 0.80794 1.65301 158864 0 0.340015 0.231621 1
37.2801 59.4324 0.816558 2.26713 5.43686 1.9022 196442 0 -1.15817 0.230833 0
-53.8377 41.7858 3.59385 2.41689 5.8078 2.04175 170417 0 -1.10745 0.230815 0
-18.3815 48.5288 1.99727 2.08323 4.72269 1.65014 180356 0 2.00095 0.22997 0
-68.0443 19.049 3.90396 1.80473 3.99047 1.54893 137145 0 -1.53444 0.229815 0
-0.679176 41.8119 1.28072 2.05144 4.90701 1.51929 170583 0 2.21484 0.228638 0
-7.15701 9.87257 0.728469 1.85325 4.28436 1.47628 123763 0 -1.00613 0.22807 0
-5.26091 45.9144 1.55048 1.96689 4.45467 1.58946 176653 0 -0.949064 0.227716 0
8.57881 32.5065 1.01973 2.07844 4.78807 1.54749 157040 0 -0.926233 0.227131 0
59.981 0.736801 -2.02155 2.01004 4.50984 1.59135 110869 0 1.86991 0.225798 0
54.2588 5.57784 -2.09943 1.90517 4.24055 1.52192 117871 0 -1.22684 0.223792 0
60.9465 5.94608 -1.67138 1.98908 4.34497 1.64542 118360 0 1.87191 0.222562 0
-8.24903 60.6085 2.22587 2.16954 4.77033 1.81289 198172 0 2.05885 0.222337 0
-60.5777 33.4075 3.9585 2.40033 5.71701 2.0798 158228 0 -1.98591 0.221816 0
-1.67659 74.4502 1.9759 2.23936 5.78634 1.83236 218316 0 -1.25628 0.220838 0
58.4609 -2.97292 -1.76581 1.91276 4.19849 1.57531 105248 0 1.98342 0.220738 0
-27.0955 35.9539 2.11183 2.00964 4.56667 1.64182 162077 0 -0.366206 0.220243 0
-1.36993 74.1802 1.82489 1.88049 4.42687 1.6052 217849 0 -1.18461 0.21994 0
-5.26879 47.6488 1.84999 0.795422 0.745241 1.71226 178993 0 -0.162547 0.219156 1
-9.05234 60.3973 2.24106 2.21089 5.42016 1.92633 197701 0 2.14581 0.218999 0
60.6597 9.53759 -0.623582 0.840227 1.87203 1.82261 123507 0 -0.027963 0.21788 2
-65.8574 27.8152 3.67733 0.838915 0.83339 1.65509 149788 0 -1.10143 0.215949 1
29.6824 34.7983 0.988335 0.718458 0.717102 1.63845 160382 0 1.17545 0.215582 1
28.9613 68.6396 1.1797 2.08522 4.60672 1.83037 209988 0 0.161671 0.214761 0
54.556 2.16154 -1.58983 2.06901 4.76593 1.87972 112724 0 -1.14461 0.214756 0
32.4091 48.708 0.630053 2.10336 4.82437 1.63858 180983 0 -1.28118 0.214557 0
-7.13764 36.9858 1.62402 0.66218 0.62796 1.57692 163543 0 -0.880212 0.214064 1
37.3017 -13.165 -1.1079 0.875461 0.890451 1.71953 90206 0 -1.26007 0.213985 1
33.488 51.0979 0.676403 2.01468 4.62593 1.57647 184262 0 -1.13512 0.213394 0
35.3621 56.8383 0.53612 2.09669 4.76258 1.61471 192692 0 -1.17623 0.212957 0
-56.1054 30.2776 3.78949 2.55819 6.16133 2.26624 153562 0 2.01661 0.212283 0
-19.9972 47.5099 1.89873 1.91855 4.29861 1.52804 178947 0 2.19382 0.212241 0
-65.9793 27.7978 3.69835 0.868878 0.857128 1.69484 149787 0 -1.11165 0.211446 1
-46.614 39.905 3.0783 1.91012 4.10199 1.65745 167632 0 1.8402 0.210398 0
-4.54572 6.2067 0.7133 0.754183 1.8305 1.67236 118623 0 -1.41893 0.210254 2
-41.041 28.2851 2.5704 2.09505 4.81059 1.70362 150801 0 -0.909736 0.209587 0
57.111 -6.23976 -1.79006 1.87809 4.08026 1.58727 100564 0 2.05046 0.20916 0
57.0947 -6.57521 -1.72899 1.92713 4.22708 1.60281 100096 0 2.05595 0.208745 0
32.6207 -10.3625 -0.760705 0.788106 0.83107 1.70768 94403 0 -1.56252 0.206002 1
-39.5346 29.5819 2.41736 1.99729 4.53195 1.67046 152678 0 -0.931144 0.204772 0
59.0437 -3.28184 -1.78052 2.02305 4.53738 1.63641 104782 0 2.00566 0.204722 0
-3.57826 36.7412 1.31901 2.03211 4.74227 1.52139 163086 0 1.70086 0.2042 0
-39.8275 29.2701 2.40854 1.93979 4.53824 1.61344 152209 0 -0.86028 0.203527 0
-56.8904 16.0487 3.53247 0.861264 0.931387 1.66577 132968 0 -1.23351 0.203434 1
-57.021 16.0343 3.50181 0.906114 0.96895 1.67906 132967 0 -1.12247 0.203244 1
-30.9436 31.2907 2.28226 1.79896 3.87295 1.57273 155045 0 -0.941789 0.201464 0
-68.5948 19.0873 4.04722 2.09929 4.68454 1.78317 137143 0 1.90685 0.200508 0
-4.1108 47.2639 1.94654 0.867273 0.856841 1.78361 178529 0 -0.857577 0.200373 1
42.4217 6.1223 -0.916538 2.29876 5.39548 1.82821 118770 0 1.88644 0.199808 0
29.9047 24.2238 0.252026 2.10935 4.71882 1.51347 144939 0 1.89894 0.199197 0
-60.1987 32.9156 3.84627 2.34693 5.3902 1.95958 157293 0 -1.6563 0.198936 0
38.2344 14.8909 -0.0990042 2.03255 4.45316 1.6278 131393 0 -1.24905 0.198583 0
-38.9588 27.2744 1.9064 0.847955 1.82772 1.75866 149404 0 0.00095652 0.198529 2
-31.234 32.3774 2.37532 2.37452 5.54528 1.92669 156916 0 -0.810738 0.198274 0
37.9612 -14.7843 -1.01785 0.865072 0.930829 1.76966 87868 0 -1.17823 0.19662 1
38.1383 -13.3844 -1.21128 0.837886 0.847175 1.62262 90209 0 -2.87694 0.196331 1
56.8412 -5.89669 -1.89627 1.83007 3.91533 1.56641 101031 0 2.04416 0.195937 0
29.3427 32.9318 0.937776 0.748047 0.697318 1.48749 157573 0 1.78116 0.194628 1
38.5506 15.199 -0.0441511 2.02111 4.47427 1.6319 131862 0 -1.26614 0.194469 0
22.3513 23.8324 0.704972 1.83614 3.67999 1.66916 144447 0 -1.27009 0.193899 0
25.7017 13.3016 0.311861 2.31862 5.10178 1.82968 129014 0 1.88805 0.193855 0
36.4097 59.9837 0.86089 2.03258 4.58899 1.70347 197375 0 -1.22634 0.189925 0
-35.5601 27.7414 2.54003 2.2655 5.33669 1.88043 149882 0 2.15809 0.188817 0
-27.3914 36.2536 2.14633 2.23822 5.32108 1.80639 162544 0 -0.971106 0.188753 0
59.9703 -0.0897827 -1.86031 2.09279 4.7592 1.64662 109465 0 2.01511 0.188404 0
34.3927 36.9667 0.614771 1.92973 4.24709 1.59109 163673 0 1.93125 0.188222 0
55.771 4.68826 -1.71839 2.15446 4.98475 1.71695 116472 0 -1.16808 0.188041 0
-50.4522 36.8769 3.13402 1.90945 4.21086 1.66355 163408 0 2.20916 0.186836 0
-42.8348 2.68208 2.73571 0.827706 0.898448 1.68795 113356 0 -0.0801322 0.186466 1
53.6563 2.48083 -1.48833 2.09638 4.67079 1.88454 113189 0 -1.17413 0.186286 0
38.1681 63.0899 0.859908 2.4014 5.5322 2.17534 202061 0 -1.20383 0.18585 0
44.0138 13.2776 -0.542596 1.96586 4.49981 1.6566 129071 0 1.636 0.185197 0
31.1426 26.9425 0.574962 2.24533 4.97715 1.7029 149155 0 1.88757 0.184484 0
-3.04673 36.3864 1.31443 2.00994 4.74125 1.4904 162620 0 -0.88908 0.184464 0
33.3785 -12.2083 -0.730773 0.839673 0.910591 1.76276 91598 0 2.01933 0.184386 1
45.0054 28.7182 -0.419966 1.83876 4.15256 1.55318 151538 0 -1.3514 0.184324 0
23.6437 29.3735 0.686695 1.84473 4.08581 1.62002 152407 0 1.93739 0.183723 0
33.1276 -12.2106 -0.725074 0.84289 0.915892 1.81141 91597 0 2.01304 0.183622 1
34.1767 54.0331 0.841676 1.86874 4.26668 1.73776 188476 0 -1.07745 0.183084 0
-68.0089 18.7332 3.87965 1.8675 4.14689 1.54949 136677 0 0.247676 0.183023 0
53.5561 3.25002 -1.44297 2.28951 5.17497 1.8735 114593 0 -1.17427 0.182997 0
33.7774 35.6619 0.479092 1.93245 4.33556 1.60015 161799 0 1.92277 0.182984 0
-55.0107 29.8475 3.35675 1.80361 4.01109 1.63609 153098 0 2.14118 0.182935 0
37.64 -14.0242 -1.02284 0.879973 0.92499 1.72467 89271 0 -1.22405 0.182888 1
-21.1378 -2.13558 1.03769 2.0083 4.40493 1.57413 106403 0 0.32379 0.182628 0
-16.1582 30.7549 1.6915 2.01096 4.63849 1.57161 154623 0 -1.05295 0.182456 0
37.2952 65.126 0.733707 2.32172 5.32449 2.19345 204866 0 -2.75453 0.182398 0
35.451 35.7192 0.366607 0.763638 0.903474 1.75001 161804 0 2.57086 0.18208 1
29.3522 33.3497 1.13051 0.799042 0.766782 1.67425 158509 0 1.79586 0.181884 1
-25.191 35.2581 1.74263 0.789553 0.91047 1.67612 161147 0 -0.176856 0.181421 1
7.21104 15.6501 1.0845 2.10201 4.45278 1.82146 132232 0 1.99945 0.181348 0
34.0204 51.6044 0.74813 2.05878 4.71016 1.58988 185200 0 -1.21675 0.181237 0
51.0352 -16.7998 -3.0408 2.04322 4.55217 1.69039 85101 0 -1.23121 0.181224 0
49.118 -16.1417 -2.92477 2.03639 4.50267 1.66658 86031 0 1.86313 0.179748 0
-6.77126 34.03 1.5261 0.795883 0.786951 1.62248 159332 0 0.298232 0.179581 1
-19.681 47.8218 1.91729 1.96621 4.52606 1.58457 179416 0 2.17433 0.179449 0
11.252 34.3846 1.13771 2.45011 5.78499 1.85652 159857 0 -0.858208 0.178818 0
-28.2955 36.3019 2.23962 2.11082 5.00759 1.75288 162541 0 -0.950881 0.178472 0
-53.2539 41.2434 3.5671 1.96752 4.28792 1.64271 169483 0 -1.15294 0.177218 0
7.8565 18.7262 0.730023 2.13736 4.90119 1.59243 136914 0 2.05331 0.177174 0
4.39483 -16.1512 0.501499 0.74377 1.77134 1.41202 85891 0 -2.90965 0.17703 0
-33.4833 29.415 2.39614 1.74272 3.62419 1.56832 152229 0 -0.956252 0.176352 0
-21.2684 48.1842 2.02058 2.00643 4.50715 1.60742 179879 0 2.20736 0.17433 0
33.6578 -11.9565 -0.768435 0.859171 0.920076 1.75749 92067 0 2.13644 0.174099 1
31.6309 48.4367 0.621148 1.80618 3.8922 1.52613 180512 0 -1.22752 0.173845 0
-68.2804 18.7738 3.9783 2.0293 4.53326 1.6715 136676 0 1.57327 0.173764 0
8.0695 30.1384 0.952145 2.06995 4.73302 1.5685 153763 0 -0.921727 0.173516 0
-3.60072 8.5503 1.10165 0.844154 1.83841 1.71537 121902 0 -1.07529 0.173236 2
29.8026 34.7991 0.990954 0.720063 0.676346 1.64418 160383 0 0.797265 0.172432 1
-19.6855 47.4929 1.93885 1.42577 2.19578 1.57029 178948 0 2.18209 0.172067 0
1.99599 -13.5862 0.550799 0.798955 0.833271 1.6749 89628 0 -3.06301 0.171599 1
-46.9206 39.5921 3.1413 1.91445 4.11069 1.656 167163 0 1.77062 0.171161 0
37.9379 14.5695 -0.142358 2.07946 4.61504 1.66428 130924 0 -1.22682 0.170777 0
-5.37109 64.4445 2.09221 2.17517 4.93772 1.69523 203797 0 -0.936974 0.170235 0
50.403 -16.4835 -2.97488 2.06228 4.59897 1.69517 85567 0 -1.22682 0.169805 0
54.4796 41.5052 0.526148 0.820943 1.78896 1.7941 170288 0 3.1134 0.169623 2
30.4521 43.2604 0.496625 2.20497 5.04527 1.6798 173021 0 -1.2834 0.169533 0
-5.47183 47.8074 1.87283 0.783065 0.729616 1.69357 179460 0 -0.105103 0.16947 1
-51.2674 19.7837 2.96757 2.33151 5.34819 2.00258 138133 0 1.8836 0.169406 0
62.5706 5.61617 -1.29471 2.05409 4.5445 1.64003 117897 0 1.73777 0.169328 0
-6.46958 64.5652 1.92879 1.97221 4.42071 1.67997 203793 0 -0.303774 0.16928 0
60.3478 6.23831 -1.58363 2.08482 4.68928 1.69233 118826 0 1.77745 0.16926 0
-18.2924 28.6861 1.67879 2.06718 4.89736 1.60703 151340 0 -1.10181 0.16894 0
32.5435 -11.6455 -0.610739 0.804262 0.85645 1.78038 92531 0 1.89103 0.168839 1
29.6892 34.9404 0.944617 0.724717 0.717477 1.611 160850 0 1.26706 0.168768 1
34.0698 35.9968 0.51241 1.90159 4.24915 1.57805 162268 0 1.89687 0.168726 0
24.4112 10.4518 0.130484 2.16541 4.92522 1.63333 124798 0 -1.95821 0.168369 0
-19.3224 25.2256 1.66184 1.77985 4.02146 1.59318 146189 0 -0.918046 0.166255 0
-3.55666 8.72095 1.11396 0.842123 1.6576 1.74769 122370 0 -1.06876 0.165796 2
-31.7636 31.2668 2.30563 2.24197 5.21215 1.86709 155042 0 -0.963923 0.165711 0
-60.5388 33.2 3.91632 2.40193 5.71543 2.08292 157760 0 -2.90464 0.165055 0
-4.24434 47.4282 1.93961 0.857509 0.862152 1.76461 178996 0 -1.31227 0.164836 1
34.0881 36.3158 0.542884 1.91539 4.26607 1.60447 162736 0 1.89015 0.164463 0
34.7682 -0.060524 1.30725 0.776281 0.794424 1.7517 109386 0 1.41336 0.164379 1
53.604 5.60708 -2.05996 1.93711 4.40867 1.53962 117869 0 -1.24651 0.164174 0
58.0184 -5.58255 -1.5897 1.98331 4.41333 1.61474 101503 0 1.90626 0.164018 0
29.8458 24.674 0.271192 2.07606 4.5418 1.49778 145875 0 1.85942 0.163886 0
-25.3346 35.2504 1.80179 0.807785 0.952053 1.64464 161146 0 -1.3166 0.163858 1
54.9651 4.71651 -1.90077 1.98631 4.47411 1.65213 116469 0 -1.08844 0.163753 0
-39.5192 28.9329 2.41413 1.16859 1.84889 1.60888 151742 0 -0.723083 0.163749 0
35.6279 57.0808 0.632202 2.16495 4.98329 1.67097 193161 0 -1.12803 0.163698 0
23.6324 26.4123 0.548521 1.69223 3.59619 1.50966 148195 0 -1.23006 0.163453 0
-39.1106 27.298 1.93942 0.864398 1.89845 1.74843 149403 0 -0.256985 0.163292 2
34.759 0.0506973 1.38121 0.786804 0.848367 1.74057 109854 0 1.2233 0.163142 1
60.9574 -23.5834 -1.41385 2.35168 5.0474 2.59444 75304 0 -1.20898 0.162973 0
38.5562 15.8081 -0.0132367 1.98916 4.40349 1.60446 132798 0 -1.25559 0.162678 0
29.4958 32.9346 0.954199 0.766854 0.703884 1.52451 157574 0 1.674 0.162656 1
-4.0984 6.05425 0.683816 0.716075 1.3582 1.58847 118157 0 -1.34926 0.162245 2
61.586 5.8794 -1.55159 2.08337 4.58418 1.65613 118362 0 1.72695 0.161966 0
24.1888 25.8895 0.457505 2.10997 4.87264 1.62236 147261 0 -1.17988 0.16194 0
33.8342 54.4933 0.836146 1.71119 3.53335 1.64308 189411 0 -1.17317 0.161841 0
34.698 37.2757 0.658056 1.93733 4.26431 1.58102 164142 0 1.99 0.161807 0
56.5074 -7.16997 -1.6071 1.94459 4.31183 1.66982 99158 0 2.03599 0.161587 0
-6.93011 34.4374 1.45546 0.684472 0.768598 1.45317 159800 0 -0.355387 0.161495 1
38.1438 -13.8607 -1.08838 0.869967 0.927925 1.78066 89273 0 -1.31475 0.161414 1
-6.98094 36.9894 1.62973 0.678224 0.643231 1.61802 163544 0 -0.315864 0.160081 1
-50.1471 36.3425 3.09872 1.77338 3.78396 1.56644 162473 0 2.17498 0.159311 0
-68.0777 19.6459 3.96298 1.78901 4.00321 1.56238 138081 0 -1.8633 0.15919 0
37.5532 -13.2021 -1.14276 0.895915 0.927882 1.72247 90207 0 -1.35584 0.158471 1
-53.0374 41.9974 3.7869 2.09811 4.40799 1.66774 170888 0 -0.841409 0.158424 0
-17.4678 49.3755 2.10496 2.21672 5.06395 1.73179 181763 0 2.79788 0.158164 0
-50.4604 36.0948 3.09821 1.82778 3.88518 1.58176 162004 0 2.11903 0.157931 0
-16.3856 30.3315 1.66937 1.93441 4.47325 1.53513 153686 0 -1.05994 0.157803 0
-67.4103 18.3431 3.8316 1.83218 3.89003 1.47942 136211 0 -0.787634 0.157745 0
54.3434 41.6983 0.633538 0.809615 1.86023 1.83808 170755 0 -3.02793 0.15711 2
-20.295 47.2458 1.96777 1.96868 4.47839 1.57288 178478 0 2.1901 0.156822 0
-6.16782 64.2568 1.96211 2.00851 4.53659 1.6595 203326 0 -0.87566 0.15647 0
-3.67937 48.4126 1.96807 2.24495 5.02622 1.86768 180402 0 -0.97988 0.156292 0
29.549 34.0077 1.60626 0.806546 0.777862 1.84776 159446 0 0.751543 0.155876 1
34.1026 36.6428 0.607316 1.95511 4.32832 1.61206 163204 0 1.87289 0.155744 0
-26.4216 38.2059 1.93451 2.03533 4.6055 1.56196 165355 0 -0.346844 0.155483 0
-5.08875 47.7944 1.81758 0.757212 0.707005 1.70013 179462 0 -0.569725 0.155338 1
10.1702 34.8301 1.25089 1.82722 3.79628 1.54578 160321 0 -2.82011 0.154871 0
-18.0459 47.8564 1.97912 0.850416 0.924297 1.5311 179421 0 0.54549 0.154862 1
52.6986 34.7069 -0.420913 0.767973 0.912431 1.79627 160454 0 -0.508267 0.15486 1
-6.88081 62.2506 2.16804 2.08086 4.67002 1.66107 200516 0 2.27165 0.154586 0
-47.4682 39.563 3.2606 2.1732 4.83949 1.80495 167161 0 1.81769 0.154431 0
37.0798 -12.9663 -1.09644 0.888861 0.925905 1.71186 90673 0 -1.33662 0.153958 1
33.7658 35.0666 0.457053 1.99271 4.48445 1.6138 160863 0 1.93727 0.153819 0
22.1141 -10.1345 -0.169105 0.891638 0.999694 1.71242 94839 0 -1.18045 0.153528 1
51.6506 -16.8171 -2.98998 2.03424 4.52657 1.71224 85103 0 -1.23691 0.153248 0
48.4927 -16.1488 -2.9117 2.03484 4.50602 1.66815 86029 0 1.92283 0.153173 0
37.9491 15.5063 -0.134578 1.98078 4.48812 1.58076 132328 0 -1.20324 0.151468 0
3.54031 46.5468 1.61053 1.86191 3.65974 1.55583 177617 0 2.25535 0.151259 0
48.4971 22.5778 -0.705457 1.96461 4.30785 1.57956 142657 0 -2.86437 0.15088 0
67.0346 -12.6453 -2.54836 2.11488 4.68676 1.83743 91235 0 0.583544 0.150839 0
7.1856 30.7814 1.11395 2.06925 4.68884 1.60278 154696 0 -0.906924 0.150688 0
-39.2381 29.2665 2.40977 2.03336 4.71545 1.66822 152211 0 -0.594949 0.150678 0
43.7065 12.9617 -0.526141 1.99584 4.76664 1.71832 128602 0 1.5718 0.150189 0
6.98034 30.3168 1.10304 2.04442 4.65072 1.55171 153759 0 -0.9388 0.150039 0
50.0851 -16.4825 -2.94991 2.05799 4.59065 1.67676 85566 0 -1.48314 0.149822 0
29.5129 33.3626 1.15722 0.794332 0.771357 1.73297 158510 0 1.76194 0.149573 1
38.4708 -14.8162 -1.14589 0.792199 0.796351 1.63336 87870 0 -2.04134 0.149482 1
57.7267 -5.88512 -1.70324 2.00253 4.46241 1.61837 101034 0 1.97167 0.149361 0
-16.5389 47.2305 1.78907 0.730091 0.696751 1.54898 178490 0 -1.34296 0.14922 1
38.548 14.5732 -0.105648 2.05033 4.46952 1.67609 130926 0 -1.24881 0.149058 0
51.8927 4.35056 -1.47669 0.854746 0.95407 1.79265 115992 0 -1.13321 0.14898 1
-17.4925 48.529 2.00513 1.88162 3.99078 1.52765 180359 0 2.30288 0.148819 0
49.1218 -15.5371 -3.07089 2.04866 4.54048 1.67068 86967 0 1.85485 0.148496 0
-18.1966 15.595 1.43956 1.91994 3.60531 1.62837 132153 0 -1.51413 0.148407 0
38.4793 -14.5943 -1.11704 0.795273 0.807792 1.64324 88338 0 -1.54477 0.148249 1
30.4691 42.8289 0.460646 2.21887 5.15671 1.70901 172085 0 -1.21873 0.14799 0
27.4714 37.6205 0.684092 1.71697 3.73259 1.58491 164587 0 -1.24284 0.147815 0
-7.8559 47.5405 1.82104 1.96363 4.40238 1.57629 178985 0 -0.918155 0.147722 0
24.8009 64.4833 1.1325 1.93973 4.4473 1.5776 203891 0 1.99775 0.147564 0
-1.85938 39.7381 1.52291 2.14802 4.8288 1.63016 167772 0 2.58617 0.147525 0
23.2342 -6.80573 -0.104733 0.737822 0.773514 1.36845 99522 0 1.84334 0.14752 1
67.9957 -13.2898 -2.35473 2.00987 4.39897 1.75163 90302 0 -0.888673 0.147253 0
-8.47007 60.096 2.26224 1.89654 4.20606 1.70997 197235 0 2.13754 0.147143 0
-18.4029 12.8986 0.949943 0.916408 1.22596 1.80312 128408 0 -1.02969 0.147093 1
22.8836 59.0606 0.847868 2.00984 4.56609 1.66588 195929 0 1.82517 0.147051 0
-5.90401 46.2741 1.49769 1.859 3.97147 1.55315 177119 0 -0.968672 0.147013 0
35.6269 35.929 0.396897 0.792212 1.30414 1.72532 162273 0 2.16234 0.146999 1
41.8441 5.88872 -0.862764 2.29057 5.56573 1.89027 118300 0 1.80986 0.146836 0
-26.6805 38.2403 1.98302 2.08046 4.76579 1.61666 165354 0 -0.781754 0.146795 0
32.7355 -11.6195 -0.620265 0.783285 0.84585 1.80667 92532 0 1.92252 0.146314 1
-3.02148 47.3008 1.92188 2.07549 4.84121 1.83269 178532 0 -0.928244 0.146005 0
28.7086 68.9411 1.20311 2.11612 4.76795 1.83468 210455 0 -0.0652864 0.145826 0
37.9378 15.8371 -0.153313 2.0052 4.52974 1.5823 132796 0 -1.2061 0.145674 0
-20.9954 48.4608 1.94578 1.9945 4.48705 1.59291 180348 0 2.36106 0.145568 0
-13.5223 35.099 1.67179 1.98525 4.50793 1.50004 160715 0 -1.05817 0.145459 0
30.2646 -9.23823 -0.6329 0.765899 0.821626 1.49531 96268 0 0.0161032 0.145427 1
53.9597 2.14172 -1.53965 1.94339 4.35632 1.83606 112722 0 -1.17335 0.145102 0
41.6584 -17.3356 -1.34793 0.816006 0.862793 1.71759 84136 0 1.91357 0.144864 1
37.041 63.2436 0.893399 1.97788 4.09365 1.91193 202057 0 -1.20472 0.144505 0
37.3494 -14.2305 -0.989185 0.805058 0.851733 1.62952 88802 0 -1.2781 0.143861 1
-29.6219 37.2515 2.10574 1.97647 4.47519 1.5979 163941 0 -0.948578 0.143668 0
53.599 -0.580994 -1.7183 2.04963 4.4237 1.67399 108977 0 1.07791 0.143593 0
49.757 -16.1624 -2.98534 2.03091 4.46067 1.66459 86033 0 1.94239 0.143481 0
67.3554 -12.6464 -2.45561 2.09642 4.71343 1.83051 91236 0 -0.658295 0.143295 0
46.1872 28.6997 -0.422664 2.15253 5.02609 1.70236 151542 0 -1.26114 0.143144 0
25.1223 64.1871 1.05324 1.99643 4.55595 1.61314 203424 0 1.83007 0.143094 0
32.7395 -10.6844 -0.601571 0.816135 0.906573 1.79518 93936 0 -1.30565 0.143072 1
-20.303 47.8209 1.89771 1.7 3.22 1.55493 179414 0 2.25779 0.142678 0
37.5628 64.8479 0.718429 2.27115 5.17634 2.17648 204399 0 -2.65719 0.142669 0
31.1464 -14.2053 -0.565275 0.890323 0.932614 1.6539 88783 0 -3.10026 0.142559 1
63.2019 -24.4925 -2.43627 3.19107 9.36911 3.59422 73907 0 -1.20481 0.142501 0
55.857 7.5362 -1.90927 1.93407 4.3448 1.64211 120684 0 -1.09233 0.142285 0
67.3588 -12.334 -2.46937 2.07458 4.649 1.81809 91704 0 -2.19695 0.142069 0
25.4187 16.6796 0.30549 2.01846 4.44219 1.57974 134161 0 1.98399 0.14198 0
-68.3211 19.9451 4.05285 1.99083 4.4771 1.6787 138548 0 1.92689 0.141477 0
-47.529 5.61584 1.85765 0.839198 0.97759 1.74184 117553 0 -1.02309 0.141429 1
50.3944 -16.1756 -2.96127 2.04747 4.5024 1.69016 86035 0 1.65872 0.14136 0
-64.585 16.4859 3.85264 1.93505 4.06768 1.57134 133412 0 0.37407 0.141209 0
-2.48882 47.7833 1.83646 2.10801 5.00154 1.85233 179470 0 -0.967966 0.140984 0
-56.1813 30.4813 3.79969 2.55296 6.33498 2.33663 154030 0 1.55763 0.140954 0
67.035 -12.9585 -2.5429 2.14898 4.84559 1.86519 90767 0 0.211922 0.140406 0
42.4562 5.39196 -1.02968 1.97485 4.62388 1.66538 117366 0 1.79754 0.140307 0
-67.7102 18.6957 3.85538 1.79785 3.90432 1.48864 136678 0 -1.73346 0.140279 0
49.766 -16.4784 -3.01774 2.02046 4.4944 1.66537 85565 0 -1.85379 0.140269 0
31.1505 -13.9638 -0.604688 0.880526 0.971836 1.59992 89251 0 2.97409 0.140158 1
37.8611 59.6415 0.827361 2.37385 5.79153 1.94788 196912 0 -1.1894 0.13999 0
37.9283 13.9283 -0.170368 2.13372 4.67572 1.77243 129988 0 -1.21461 0.139929 0
56.4784 7.52545 -1.85417 1.91269 4.32008 1.65942 120686 0 -1.15318 0.139709 0
-19.0485 47.8388 2 2.02167 4.71457 1.68868 179418 0 1.90791 0.139591 0
59.0677 0.752289 -2.08668 1.94966 4.30516 1.60848 110866 0 1.95881 0.139293 0
22.8727 59.3169 0.90596 1.99706 4.53873 1.65286 196397 0 2.1095 0.139283 0
53.8555 -1.34582 -1.83902 2.19168 5.19048 1.80218 107574 0 1.60875 0.139178 0
55.5191 8.16051 -1.90698 1.89961 4.16864 1.62701 121619 0 -1.19512 0.13877 0
44.308 13.5628 -0.498965 1.99514 4.50306 1.62317 129540 0 1.67032 0.138766 0
43.6855 61.3241 1.35887 2.00267 4.59176 1.81392 199270 0 -0.183349 0.138373 0
