-18.3537 -2.62517 0.953149 2.24264 5.02597 1.89178 105476 0 0.335009 0.943056 0
-6.51447 12.5769 0.863587 2.12967 4.85226 1.50611 127977 0 -0.943772 0.936921 0
3.64292 10.6893 1.01269 2.04476 4.60328 1.53738 125201 0 1.94362 0.935791 0
5.22015 13.8981 1.08499 2.1506 4.84657 1.82618 129886 0 2.00107 0.931436 0
-19.0028 15.8526 1.42706 1.94978 4.25163 1.62513 132618 0 2.14838 0.920984 0
-11.0652 27.9861 1.36914 2.03753 4.77933 1.48759 150427 0 2.17552 0.917383 0
-25.3872 16.5248 1.76748 2.15395 4.84787 1.73452 133534 0 -0.956586 0.915593 0
16.8533 9.86663 0.552575 1.93547 4.50179 1.5121 123838 0 -1.15986 0.902099 0
-23.8552 -1.08548 1.11233 2.03624 4.55895 1.57995 107799 0 0.347981 0.901758 0
-9.47288 30.1818 1.54948 2.1581 4.92953 1.79017 153708 0 2.16828 0.900361 0
33.8691 5.84214 -0.272754 2.182 4.8569 1.87902 118275 0 -1.25119 0.895653 0
-26.1458 0.209572 1.2548 2.08502 4.80104 1.60705 109664 0 0.371167 0.894087 0
-12.9376 25.8596 1.57552 2.02327 4.63682 1.74653 147145 0 2.15207 0.891233 0
5.53062 27.9181 1.30661 2.25229 5.07143 1.88277 150479 0 -0.933569 0.89103 0
-3.34482 17.344 0.899569 2.08961 4.74153 1.50437 135007 0 -0.964908 0.888582 0
-13.8659 23.4491 1.38021 2.06675 4.73786 1.49507 143866 0 2.15174 0.886795 0
-36.0906 14.2153 1.97174 1.97792 4.34515 1.50238 130225 0 1.92809 0.88217 0
21.5102 8.1362 0.491102 2.06943 4.69645 1.82774 121513 0 1.93998 0.881569 0
-16.0667 19.7366 1.36906 0.832274 0.786958 1.66147 138243 0 -1.17079 0.880639 1
7.9328 21.8631 1.16183 2.25727 5.19436 1.94571 141594 0 2.04995 0.871749 0
3.42078 25.7659 1.00556 2.06098 4.67799 1.4836 147196 0 -0.929822 0.867965 0
-1.66465 19.473 1.0675 2.12508 4.88909 1.797 137820 0 2.17248 0.866465 0
-8.12557 32.7732 1.29588 1.96967 4.61716 1.41865 157456 0 -1.00851 0.858561 0
-17.2421 18.9502 1.34026 2.06425 4.53473 1.48457 137304 0 -0.963153 0.857327 0
-4.43868 14.6158 0.864483 1.9777 4.35619 1.5128 130792 0 -1.02118 0.855148 0
-44.0722 23.4707 2.49397 1.96775 4.38641 1.66507 143772 0 2.24113 0.852145 0
-23.7718 18.7602 1.54259 2.07739 4.87263 1.54167 136815 0 -1.05868 0.846854 0
-22.3051 20.886 1.82769 2.18134 5.09003 1.81225 140096 0 -1.0163 0.845874 0
-38.6232 23.2439 2.27995 2.10353 4.57174 1.7713 143321 0 -0.928097 0.842533 0
52.0335 -3.68317 -1.46031 2.02057 4.36 1.78863 104292 0 -1.16365 0.840916 0
34.7313 8.83067 -0.256843 2.04806 4.63732 1.77073 122490 0 -1.24773 0.837343 0
0.390892 21.3622 1.12239 2.08352 4.45023 1.77853 140635 0 -0.968924 0.834542 0
2.11726 23.4327 0.916538 2.06488 4.98349 1.47469 143916 0 -0.97274 0.823856 0
19.7476 18.4044 0.52763 1.92465 4.4275 1.4803 136483 0 -1.2763 0.822672 0
33.6899 -8.09624 -0.626576 0.914861 0.92587 1.65308 97683 0 0.567949 0.818763 1
18.4165 12.7124 0.49791 2.03204 4.80064 1.50762 128055 0 -1.16825 0.812119 0
-55.8558 17.8509 3.06829 2.13768 4.6084 1.71 135311 0 -1.19944 0.811891 0
23.2095 10.6516 0.279323 2.02972 4.3918 1.61608 125262 0 1.93136 0.810901 0
1.21159 44.2778 1.36663 2.12468 4.94159 1.53011 174333 0 2.18531 0.807939 0
40.8512 2.38193 -1.0432 2.03648 4.54234 1.66113 113149 0 1.92032 0.807241 0
-0.760345 41.833 1.28793 1.97421 4.60787 1.45868 170583 0 2.18205 0.803438 0
-15.7953 21.1928 1.32409 2.03375 4.71971 1.5585 140584 0 2.1991 0.803105 0
2.64785 46.8107 1.60819 2.05987 4.56601 1.70538 178082 0 2.23513 0.800804 0
21.2236 20.9991 0.521052 2.01811 4.8104 1.45378 140232 0 1.87063 0.795494 0
-6.60252 34.9765 1.39649 2.13507 4.90918 1.62062 160737 0 -0.935777 0.7949 0
-21.3544 -2.11652 0.933109 1.96889 4.27467 1.57488 106403 0 0.323719 0.792163 0
27.4331 37.5759 0.752181 1.98681 4.4216 1.66654 164587 0 -1.25393 0.791566 0
6.61816 16.1022 1.06222 2.24576 5.08553 1.88952 133166 0 2.04741 0.791438 0
-21.2446 23.4955 1.61158 1.98261 4.758 1.52856 143843 0 -1.04634 0.787617 0
24.4159 13.5525 0.456054 2.24431 5.03157 1.80593 129478 0 1.92352 0.785723 0
26.4584 19.0077 0.593051 2.07481 4.65568 1.59253 137440 0 -1.2014 0.783709 0
-14.8575 32.7215 1.73395 2.07945 4.69848 1.75985 157435 0 -1.04719 0.781266 0
-44.2705 13.1983 2.40478 2.15304 4.71411 1.62841 128795 0 -1.26467 0.77744 0
-51.6909 20.0755 2.9297 2.06539 4.44792 1.75967 138600 0 1.94683 0.777381 0
30.5554 45.5948 0.807334 2.02258 4.49693 1.75686 176297 0 -1.23123 0.768116 0
23.8324 29.2958 0.803095 2.14666 5.20654 1.78236 152408 0 -1.53002 0.761345 0
-6.91046 33.8913 1.50335 0.725892 0.683722 1.66831 158864 0 -1.78957 0.76036 1
-34.0441 29.9026 2.20171 2.07088 4.58883 1.64568 153163 0 -0.832298 0.752657 0
34.0679 54.3188 0.879139 2.09882 4.82071 1.8737 188944 0 -1.16619 0.751487 0
29.6433 43.0726 0.556014 1.96021 4.43042 1.5696 172550 0 -1.24127 0.749938 0
19.0152 15.6279 0.509932 1.92267 4.60814 1.48014 132269 0 -1.2001 0.747446 0
32.194 -12.0918 -0.531041 0.851582 0.925383 1.79572 92062 0 -1.21292 0.745056 1
22.4931 23.7315 0.747332 2.14104 4.89745 1.84887 144448 0 -1.27418 0.743946 0
-40.8625 28.5817 2.50508 2.04342 4.52237 1.70711 151270 0 -0.905661 0.732818 0
28.9466 40.535 0.787539 2.0388 4.61353 1.90184 168804 0 -1.24057 0.732672 0
-16.5244 59.3463 2.41339 2.13091 4.74441 1.73384 196274 0 -0.86113 0.723943 0
8.80926 32.2178 1.00619 2.06744 4.68948 1.50351 156573 0 -0.861174 0.720789 0
23.8169 26.1485 0.584808 2.05809 4.66252 1.60125 147728 0 -1.19323 0.718698 0
29.9189 27.0613 0.635903 2.14498 4.8442 1.65774 149151 0 1.90794 0.714473 0
32.1547 -11.2774 -0.418781 0.869765 0.91839 1.84539 92998 0 1.90221 0.713837 1
37.0255 -12.9678 -1.00523 0.858115 0.875476 1.67731 90673 0 -1.34606 0.713063 1
-6.92351 33.9454 1.47517 0.693561 0.678731 1.61172 159332 0 -2.59482 0.712281 1
-18.0377 28.3734 1.5895 1.97748 4.60297 1.7 150873 0 -1.00564 0.709534 0
-9.41553 60.9264 2.16039 2.41263 5.78598 1.96466 198636 0 2.23179 0.708087 0
-7.84439 10.1577 0.715977 1.8601 4.29097 1.42297 124229 0 -0.993271 0.701868 0
-8.41623 41.0751 1.63376 2.2604 5.62029 1.80611 169623 0 -0.920469 0.685933 0
7.20138 30.1898 1.00236 2.03291 4.74709 1.48979 153760 0 -0.901061 0.681952 0
-16.1624 30.288 1.54292 1.93775 4.53365 1.58331 153687 0 -1.00253 0.680911 0
10.3658 34.6336 1.19133 2.18218 4.91695 1.72984 160322 0 -0.865726 0.67269 0
-3.39688 47.8314 1.86581 2.10785 4.86747 1.76876 179467 0 -1.01588 0.66129 0
-60.347 33.0796 3.44856 2.05462 4.62005 1.80399 157761 0 -1.46866 0.652558 0
-56.1362 14.2005 3.14561 0.816091 1.80033 1.74619 130162 0 -0.55118 0.651401 2
53.2458 -1.04324 -1.62234 2.12915 4.72404 1.68487 108040 0 1.96374 0.648651 0
41.0553 -17.0785 -1.24547 0.851647 0.900003 1.71217 84602 0 1.84993 0.64595 1
-19.7302 25.6673 1.54609 2.01915 4.79648 1.60901 147124 0 -0.975859 0.633059 0
-55.8868 29.9577 3.11519 2.01956 4.38713 1.72119 153095 0 2.17738 0.627704 0
-65.4846 16.5148 3.79434 2.00185 4.37115 1.62289 133409 0 0.416758 0.603105 0
32.8583 -11.921 -0.619788 0.77787 0.815008 1.66974 92064 0 1.87855 0.600882 1
37.5354 -14.4913 -0.900462 0.898779 1.01807 1.77577 88335 0 -1.18039 0.596618 1
-62.969 15.1175 3.39722 1.99419 4.47868 1.62579 131545 0 0.38512 0.593292 0
42.0813 5.89789 -0.86397 2.16742 4.98464 1.87993 118301 0 1.91271 0.592536 0
-4.0358 36.9467 1.33998 2.01095 4.70057 1.49061 163553 0 2.20032 0.589499 0
-31.8403 31.8816 2.2045 2.21329 4.96609 1.77244 155978 0 -0.945556 0.586188 0
-60.5831 33.1419 3.47041 2.21588 5.04884 1.9053 157760 0 3.06552 0.584043 0
-25.524 40.7281 2.24671 2.42335 5.80304 1.9481 169102 0 -0.946166 0.581704 0
25.4497 16.1595 0.404174 2.21435 5.18498 1.65501 133225 0 1.92066 0.564304 0
-2.74812 39.8384 1.52016 2.09329 4.81025 1.62488 167769 0 2.26906 0.561454 0
-4.99052 45.5515 1.55842 1.96226 4.53871 1.53826 176186 0 -0.947816 0.542912 0
-35.6185 27.6837 2.29462 2.06696 4.59084 1.65461 149882 0 1.94531 0.542532 0
-1.79834 74.3795 1.67714 2.03818 4.86228 1.60914 218316 0 1.93827 0.519121 0
-53.9475 42.0459 3.48763 2.36807 5.11409 1.93105 170885 0 -0.944809 0.518059 0
37.6169 -13.608 -1.05803 0.80703 0.806339 1.65355 89739 0 -0.376667 0.516335 1
-4.30701 66.4441 2.16452 2.23548 5.13145 1.88445 206608 0 -0.854711 0.512959 0
-16.0682 19.8724 1.37128 0.81265 0.807695 1.64223 138711 0 -1.16254 0.510389 1
36.6589 59.6915 0.929809 2.2855 5.49886 1.89381 196908 0 -1.1868 0.505158 0
-35.4359 27.6181 2.26297 2.00593 4.32997 1.60369 149883 0 2.29359 0.498389 0
-4.38979 66.68 2.14981 2.40584 5.61102 1.95525 207076 0 -0.491135 0.4935 0
28.9296 33.1509 0.95973 0.715497 0.700466 1.63827 158040 0 1.87536 0.490804 1
37.5088 -14.3503 -0.899697 0.914598 1.01789 1.78701 88803 0 -1.18381 0.490345 1
-27.651 36.007 2.02873 2.10276 4.8289 1.75262 162075 0 -0.880587 0.486583 0
31.8255 48.1873 0.705463 2.02139 4.56955 1.62986 180045 0 -1.26481 0.484855 0
-4.6051 66.7233 2.17266 2.34271 5.56964 1.94863 207075 0 1.92851 0.48083 0
-57.4961 15.8963 3.33953 0.87964 0.898637 1.7394 132498 0 2.13499 0.478718 1
-4.59216 47.2688 1.96013 0.831645 0.791286 1.74106 178527 0 -1.21064 0.477869 1
28.9636 24.5069 0.371199 2.07446 4.66548 1.49908 145404 0 1.89168 0.470279 0
-13.2114 34.7871 1.56422 1.95457 4.47967 1.52208 160248 0 -0.975596 0.465058 0
-68.003 17.7616 3.67684 1.96989 4.28516 1.53439 135273 0 0.373291 0.447368 0
-18.1057 49.1184 2.0425 2.18726 4.99903 1.64284 181293 0 2.72437 0.437122 0
-7.06196 33.8545 1.49117 0.755077 0.710462 1.64648 158863 0 -0.54208 0.423561 1
32.9925 -11.9299 -0.65032 0.81072 0.824683 1.70269 92065 0 2.00961 0.423204 1
37.2858 62.9479 0.965806 2.19401 5.00627 2.07453 201590 0 -1.13583 0.422514 0
-6.90334 65.0956 1.98021 2.05259 4.57293 1.67336 204728 0 2.23452 0.422007 0
32.4201 -12.0239 -0.539375 0.867213 0.925705 1.807 92063 0 -1.3903 0.415427 1
-31.5719 32.1352 2.23715 2.17859 4.86624 1.72522 156447 0 -0.829343 0.4059 0
-18.057 48.8335 2.04599 2.04953 4.59531 1.59675 180825 0 3.10592 0.405428 0
-6.55389 64.8022 2.01502 2.01789 4.54385 1.65688 204261 0 1.52524 0.399374 0
-60.1077 33.0458 3.42145 1.92807 4.30768 1.74119 157762 0 -1.1949 0.398847 0
-60.6395 33.3349 3.4912 2.20878 5.18914 1.9196 158228 0 2.76921 0.391887 0
44.0245 29.2741 -0.175087 2.02151 4.65514 1.56209 152471 0 -1.25717 0.391183 0
-3.77795 8.71243 0.982289 0.821519 0.987805 1.73084 122370 0 -0.438442 0.390618 1
23.2989 26.3719 0.629148 1.69697 3.64349 1.48078 148194 0 -1.19103 0.378726 0
35.0763 35.9062 0.56142 0.774791 0.79321 1.74249 162271 0 1.67891 0.372778 1
61.2665 5.60555 -1.6161 2.01086 4.52197 1.57981 117893 0 1.93409 0.372717 0
54.017 41.4635 0.726719 0.79615 1.87823 1.7874 170286 0 0.173597 0.372558 2
37.5889 -13.8712 -0.971698 0.877484 0.934637 1.75551 89271 0 -1.20292 0.372349 1
-7.08324 33.9862 1.50881 0.711612 0.688136 1.57313 159331 0 -2.38854 0.372256 1
23.5635 29.4639 0.81451 2.07066 4.67086 1.73623 152875 0 -1.80536 0.366375 0
-47.1623 40.196 2.81435 1.98834 4.50946 1.63997 168098 0 2.28867 0.365087 0
54.1567 41.6542 0.71648 0.776843 1.79912 1.7781 170755 0 0.13597 0.364508 2
-4.6474 66.946 2.14787 2.44704 5.7367 1.97589 207543 0 2.22546 0.361581 0
-3.93598 36.7342 1.33665 2.00342 4.75834 1.4913 163085 0 1.85941 0.359118 0
-2.47812 39.7441 1.52669 2.19616 5.12185 1.66281 167770 0 -2.5706 0.356379 0
-6.24852 64.5334 2.04655 2.04005 4.65536 1.6457 203794 0 -0.923203 0.354344 0
-46.9248 40.4458 2.84074 2.05453 4.58275 1.67362 168567 0 2.37493 0.352046 0
-35.6885 27.9074 2.31434 2.13052 4.80188 1.69113 150350 0 1.60315 0.351997 0
-51.3326 36.6478 2.99221 2.11934 4.745 1.79183 162937 0 -0.968374 0.351572 0
41.0722 -16.9201 -1.246 0.833371 0.899345 1.69118 85070 0 1.87906 0.351284 1
-41.3332 28.7032 2.46115 2.36451 5.4902 1.89687 151268 0 -0.950835 0.346116 0
-27.4017 36.25 2.01374 2.05921 4.68 1.68772 162544 0 -0.85112 0.345467 0
56.8071 -5.93501 -1.93522 1.93596 4.27696 1.60783 101031 0 1.98309 0.339218 0
-3.91647 47.8842 1.91617 2.03829 4.48224 1.74349 179465 0 -0.989129 0.338548 0
34.7383 -11.2604 -0.88708 0.731203 0.699196 1.62007 93006 0 0.580373 0.338369 1
62.2288 5.30953 -1.40459 2.00737 4.47805 1.65032 117428 0 1.8911 0.336034 0
34.7385 -11.1458 -0.813258 0.74683 0.735635 1.65698 93474 0 0.420393 0.335421 1
35.1008 35.7877 0.557409 0.777806 0.778616 1.73788 161803 0 1.57868 0.335332 1
33.5736 -7.96042 -0.625859 0.879418 0.874824 1.57099 98150 0 0.563518 0.333329 1
-6.83737 64.8768 1.96721 2.00913 4.54635 1.67316 204260 0 1.90876 0.333055 0
-6.29966 64.7279 2.03832 2.05741 4.61583 1.64991 204262 0 -0.193674 0.332151 0
59.0545 0.188965 -1.72589 2.05445 4.53925 1.69708 109930 0 1.94559 0.33158 0
-9.09442 60.4157 2.17303 2.10639 4.91463 1.81292 197701 0 2.22707 0.331156 0
-2.10628 39.2835 1.49947 1.98099 4.598 1.60824 166835 0 -0.901258 0.330108 0
-57.4927 16.0318 3.3172 0.853914 0.877891 1.683 132966 0 2.18369 0.327113 1
-35.1188 27.3184 2.19671 1.91138 4.04399 1.54579 149416 0 -1.15233 0.322695 0
-60.5546 32.9043 3.47652 2.33211 5.17786 1.90055 157292 0 -1.77421 0.322184 0
-4.58712 47.4127 1.94386 0.861183 0.865425 1.7518 178995 0 -1.38362 0.321035 1
37.0012 -13.1659 -0.990516 0.853469 0.876907 1.70404 90205 0 -1.02366 0.3204 1
51.126 4.26367 -1.22924 0.788657 0.824836 1.73125 115989 0 0.85009 0.318377 1
32.9892 -11.799 -0.617425 0.808769 0.805543 1.69527 92533 0 1.97233 0.317927 1
-7.4922 65.4448 1.96235 1.98943 4.479 1.65367 205194 0 2.20174 0.315176 0
53.5998 2.40698 -1.38858 2.07107 4.55074 1.88106 113189 0 -1.19145 0.314752 0
26.3193 15.8335 0.478717 2.16945 4.90605 1.63244 132760 0 1.92089 0.314252 0
37.8826 62.8725 0.952889 2.45917 5.84171 2.20208 201592 0 -1.1429 0.313915 0
-17.7966 48.4989 2.01277 1.9697 4.35372 1.57998 180358 0 -0.47907 0.309011 0
-15.9482 19.9017 1.36603 0.726646 0.765287 1.56638 138712 0 -1.18216 0.308701 1
-32.1311 32.411 2.25337 2.40676 5.76152 1.97327 156913 0 -0.89526 0.305285 0
-5.59897 47.7696 1.79324 0.780008 0.763144 1.68652 179460 0 -0.189772 0.303038 1
56.4932 -6.87336 -1.8222 1.96592 4.25035 1.65056 99626 0 2.04042 0.302333 0
8.26411 32.4903 1.07067 1.99229 4.54553 1.48503 157039 0 -0.883922 0.302215 0
7.52435 29.7153 0.955521 1.98993 4.5326 1.46557 152825 0 -0.890739 0.301851 0
-3.91751 8.54955 1.00694 0.821785 1.59263 1.71578 121901 0 -0.89837 0.296243 2
-3.77732 36.86 1.32725 2.11309 5.08766 1.53803 163554 0 3.00705 0.294512 0
37.7954 -13.605 -1.03567 0.814159 0.833759 1.68316 89740 0 1.58399 0.293102 1
-60.8744 33.1832 3.52443 2.424 5.6206 2.0402 157759 0 2.22026 0.287101 0
56.7842 -6.56886 -1.93777 2.00937 4.44313 1.64774 100095 0 2.01675 0.286977 0
-27.9372 35.7466 2.03879 2.20384 5.15032 1.85754 161606 0 -0.911766 0.28696 0
-68.2676 18.0385 3.75994 1.97844 4.37974 1.55227 135740 0 0.375478 0.28595 0
36.6917 63.2331 0.986165 2.01097 4.30546 2.04344 202056 0 -1.14275 0.284164 0
-51.0538 36.9162 2.99021 1.9864 4.44269 1.69239 163406 0 2.22786 0.283659 0
28.939 33.3125 1.1586 0.747262 0.73421 1.71559 158508 0 1.41829 0.282474 1
32.0907 48.4554 0.739873 2.09456 4.85405 1.67445 180514 0 -1.29323 0.282392 0
37.6041 -13.3745 -1.06035 0.826354 0.828321 1.66405 90207 0 1.27895 0.282269 1
29.2839 34.8189 1.01388 0.706432 0.682981 1.65994 160381 0 0.84917 0.281352 1
31.5708 47.9267 0.675393 1.97135 4.42919 1.62816 179576 0 -1.23009 0.279497 0
-4.64651 6.19659 0.610068 0.670967 0.817458 1.4 118623 0 -1.98412 0.278415 1
-21.2638 47.8728 1.81224 2.02758 4.6594 1.59831 179411 0 2.52354 0.278307 0
-3.7791 8.59828 1.00541 0.836114 1.19868 1.73752 121902 0 -0.708844 0.278241 2
-5.51367 45.6298 1.53836 1.87376 4.29046 1.50906 176184 0 -0.946462 0.276544 0
32.3672 -12.212 -0.542307 0.888993 0.96845 1.80286 91595 0 -1.24812 0.275369 1
33.7382 -8.3645 -0.626698 0.875408 0.858076 1.63738 97215 0 0.58473 0.273663 1
-51.3384 36.9086 3.01681 2.15669 4.87577 1.81666 163405 0 -1.23442 0.273122 0
-4.44383 47.2648 1.91588 0.869415 0.879321 1.74644 178528 0 -1.14503 0.271247 1
60.7037 5.69017 -1.72026 1.91024 4.26578 1.54083 117891 0 1.92955 0.269343 0
-18.3259 48.8549 2.06617 2.15402 4.78733 1.65784 180824 0 2.43816 0.269282 0
29.2834 34.9354 1.00006 0.720114 0.704314 1.61964 160849 0 0.946623 0.268669 1
53.5763 2.99336 -1.34594 2.17372 4.85981 1.91721 114125 0 -1.1598 0.268054 0
37.362 -13.5869 -1.01061 0.824952 0.83679 1.69795 89738 0 -1.15212 0.265951 1
-18.6855 28.8929 1.59769 2.14705 5.10387 1.63414 151807 0 -1.0062 0.265856 0
9.48971 35.348 1.23486 2.12929 4.96607 1.61049 161255 0 2.28389 0.264926 0
37.0088 -12.7659 -1.00005 0.853964 0.860491 1.70197 91141 0 1.02681 0.264746 1
-20.9753 48.1434 1.76806 2.06969 4.74564 1.56028 179880 0 2.64415 0.264075 0
-55.5234 28.286 3.22344 2.01497 4.43514 1.74362 150756 0 0.595178 0.261246 0
37.2385 -13.2295 -1.02699 0.88035 0.891679 1.71772 90206 0 -1.05395 0.261141 1
-35.0038 27.1112 2.16539 1.95629 4.22968 1.55747 148948 0 -0.873235 0.260989 0
-9.80214 7.55171 1.45399 0.809502 0.88655 1.74499 120479 0 -1.35851 0.259786 1
45.272 31.8541 0.0813369 2.06644 4.55911 1.69085 156219 0 -1.24826 0.259385 0
28.7679 33.1364 0.957511 0.76023 0.738949 1.54333 158039 0 1.92977 0.259234 1
28.371 24.5195 0.379939 2.05066 4.65182 1.46713 145402 0 1.87508 0.258219 0
23.3109 29.3512 0.801585 1.86901 4.09861 1.65556 152406 0 -1.31811 0.257273 0
37.839 -14.5889 -0.944461 0.839281 0.884676 1.69296 88336 0 -0.91214 0.256866 1
-54.55 42.6317 3.68162 2.70623 6.45937 2.36513 171819 0 -0.927748 0.253626 0
32.3868 -10.3457 -0.656747 0.798144 0.817201 1.73531 94403 0 -1.08395 0.253165 1
-20.6316 47.2208 1.79513 2.01067 4.56338 1.55758 178477 0 2.55338 0.252684 0
-55.9683 14.15 3.16851 0.830266 1.86546 1.73737 130163 0 -0.592187 0.252037 2
54.5746 5.31245 -1.63446 1.94658 4.27472 1.62817 117404 0 -1.17303 0.251958 0
-57.6252 15.8841 3.37615 0.882524 0.893818 1.72592 132497 0 2.30271 0.249556 1
30.7993 45.8147 0.81632 2.20677 4.96877 1.83724 176766 0 -1.28524 0.249553 0
42.6563 5.64384 -0.922912 1.92548 4.27113 1.76789 117835 0 1.91257 0.248359 0
9.8539 34.801 1.25007 1.82386 3.7866 1.55788 160320 0 -0.989419 0.248279 0
31.9686 -11.3185 -0.491787 0.873345 0.934267 1.81158 92997 0 1.87296 0.248147 1
32.1687 -11.659 -0.475588 0.8169 0.873161 1.76895 92530 0 2.06258 0.247346 1
9.78165 35.0611 1.25741 2.01865 4.45271 1.58224 160788 0 2.9394 0.246724 0
-56.3982 30.2096 3.25077 2.39662 5.64014 2.06628 153561 0 2.21564 0.245953 0
1.50967 -13.5789 0.49708 0.798892 0.799839 1.64161 89626 0 1.2548 0.244123 1
24.4707 61.5871 0.983313 1.99467 4.4339 1.59845 199678 0 2.15077 0.243588 0
-34.0236 29.3963 2.21699 1.79882 3.82261 1.5755 152227 0 -0.936702 0.24304 0
53.2906 2.12046 -1.41467 2.01154 4.39812 1.82747 112720 0 -1.23482 0.242647 0
44.3278 32.1543 0.0828568 1.97535 4.43138 1.57975 156684 0 -1.2092 0.242225 0
-4.97295 45.0566 1.58024 1.9581 4.45022 1.50458 175250 0 -0.932598 0.241146 0
29.5626 24.1973 0.397792 2.1139 4.77409 1.53694 144938 0 1.9208 0.241143 0
51.236 4.26727 -1.17782 0.817584 0.868818 1.7641 115990 0 0.877136 0.238325 1
18.5039 15.8027 0.549363 1.67024 3.2137 1.36604 132735 0 -1.22846 0.237099 0
-6.65251 34.0552 1.41274 0.791099 0.906775 1.59277 159333 0 -2.05602 0.235047 1
20.7616 20.9816 0.548798 1.78294 3.95997 1.4127 140230 0 1.92071 0.234784 0
-27.1011 35.6986 2.01947 1.85608 4.05452 1.53566 161609 0 -0.853476 0.231951 0
37.3559 -13.9432 -0.922471 0.871402 0.924818 1.73488 89270 0 -1.21207 0.231388 1
28.9337 70.2541 1.70749 2.06056 4.56919 1.67163 212328 0 -2.93144 0.231028 0
-51.0825 36.3766 2.9322 1.93387 4.19663 1.64675 162470 0 -0.449958 0.22974 0
-27.0236 38.2552 1.95622 2.02601 4.62719 1.62786 165353 0 -0.977455 0.22875 0
-32.1007 31.601 2.21175 2.28759 5.22764 1.85943 155509 0 -0.989712 0.228678 0
26.3777 35.013 0.676598 2.12067 4.79822 1.6145 160840 0 -1.2594 0.226421 0
-2.33532 74.1578 1.71048 2.07818 4.97053 1.67446 217846 0 1.88401 0.22362 0
32.2724 -10.3562 -0.676283 0.77888 0.791958 1.69071 94402 0 -1.43085 0.223587 1
-67.7648 17.496 3.66129 1.98451 4.27243 1.55234 134806 0 0.363582 0.22291 0
32.4807 -11.7203 -0.51062 0.771541 0.844394 1.75753 92531 0 2.09443 0.22144 1
-20.9736 48.78 1.78266 2.04719 4.60545 1.58193 180816 0 2.73128 0.220797 0
42.7195 62.9021 1.35521 2.08241 4.53486 1.73005 201607 0 -2.85956 0.220658 0
53.9506 5.62303 -1.73339 2.01275 4.45747 1.62263 117870 0 -1.1761 0.217789 0
28.7288 40.265 0.807717 1.88573 4.24098 1.84836 168335 0 -1.16026 0.21727 0
35.2466 35.9113 0.568911 0.82262 0.945491 1.74476 162272 0 1.4632 0.217074 1
41.5032 6.20737 -0.725183 2.47403 5.9603 2.07234 118767 0 1.92332 0.216976 0
52.9772 3.01731 -1.34919 2.13373 4.73579 1.89778 114123 0 -1.17368 0.216797 0
38.2452 14.8835 -0.0178793 1.97032 4.30963 1.63552 131393 0 -1.31042 0.216664 0
-21.0415 23.7408 1.59476 1.80461 4.24823 1.55929 144312 0 -1.03831 0.214098 0
-16.7795 30.7887 1.62022 2.06276 4.75926 1.63446 154621 0 -1.0103 0.211956 0
57.0783 -5.6586 -1.94273 2.03262 4.56372 1.64735 101500 0 1.91932 0.211776 0
-20.2221 25.8073 1.63137 1.90819 4.27409 1.59228 147122 0 -0.976837 0.211311 0
22.8555 59.0127 0.98846 2.11371 4.82904 1.61474 195929 0 2.24456 0.211126 0
29.146 33.1443 1.03347 0.721821 0.704966 1.68732 158041 0 1.85768 0.210793 1
37.5442 59.3592 0.922743 2.29998 5.47524 1.89717 196443 0 -1.15425 0.210471 0
35.2513 35.7678 0.571169 0.814746 0.940701 1.75064 161804 0 1.51236 0.210052 1
24.3612 29.2287 0.834762 2.45563 6.3102 2.00001 152410 0 1.78738 0.209827 0
43.3713 29.5613 -0.157772 1.99944 4.48503 1.59086 152937 0 -1.26382 0.209779 0
-17.8284 49.3856 2.02625 2.25329 5.08313 1.69782 181762 0 3.06154 0.209551 0
25.1747 15.9265 0.446542 1.80787 3.85302 1.62222 132756 0 1.92747 0.209526 0
-27.3696 35.4327 2.01237 1.88056 4.13939 1.56308 161140 0 -0.909345 0.209278 0
32.3607 -11.326 -0.461579 0.867026 0.913972 1.84153 92999 0 1.8939 0.208788 1
-20.3609 47.5121 1.70499 1.96804 4.60691 1.52325 178946 0 2.61435 0.207809 0
7.06849 15.8537 1.04785 1.96408 3.98709 1.77299 132700 0 2.07529 0.207217 0
32.797 -12.2164 -0.624853 0.847225 0.92983 1.7563 91596 0 2.42736 0.20691 1
23.8798 61.6242 0.944541 1.91989 4.27656 1.56164 199676 0 2.08046 0.205938 0
37.9294 14.5872 -0.0454485 1.96944 4.35349 1.60145 130924 0 -1.30503 0.204993 0
-16.1038 19.4791 1.33312 0.876036 0.84686 1.69017 137775 0 -1.1634 0.204646 1
44.946 28.9949 -0.190841 1.99217 4.60973 1.59056 152006 0 -1.26072 0.204645 0
36.9477 63.4168 0.933758 2.26657 4.78998 2.1994 202525 0 -1.12061 0.204619 0
-7.50211 62.2667 2.1362 2.10689 4.84993 1.69371 200514 0 2.26297 0.203767 0
-5.59635 47.6506 1.78759 0.825311 0.791605 1.73663 178992 0 -0.230938 0.202924 1
-66.3694 28.0621 3.64326 0.878264 0.878107 1.75574 150254 0 -1.15334 0.202054 1
-52.2262 20.2889 2.93728 2.37343 5.57282 2.04798 139066 0 1.90777 0.202053 0
23.5333 26.576 0.627392 1.79796 3.94449 1.5174 148663 0 -1.24258 0.20205 0
25.4602 15.5382 0.490811 1.07044 1.40412 1.66586 132289 0 1.96916 0.199579 1
-65.4209 17.0148 3.79387 1.99958 4.1555 1.61989 134345 0 0.435457 0.198889 0
-46.649 40.202 2.81994 1.91493 4.16069 1.57267 168100 0 2.86313 0.198412 0
-2.66898 74.4041 1.92004 2.38071 6.25169 1.88867 218313 0 1.87097 0.196194 0
37.9318 15.18 -0.0436513 1.96722 4.41622 1.59916 131860 0 -1.29628 0.195399 0
29.8512 -9.34838 -0.569238 0.810255 0.830326 1.63358 95799 0 1.79855 0.194739 1
38.5708 14.5859 0.0362226 2.03618 4.49199 1.6749 130926 0 -1.29814 0.194638 0
-67.7393 18.3547 3.63499 1.93609 4.0348 1.53081 136210 0 0.302721 0.194276 0
25.4703 15.2881 0.501992 0.898296 0.974965 1.66586 131821 0 1.94612 0.193636 1
30.041 45.6539 0.807574 1.69589 3.48407 1.6163 176295 0 -1.23194 0.193188 0
9.32738 32.0986 0.921667 2.16963 5 1.57456 156575 0 -0.90319 0.192475 0
-35.8897 27.7446 2.33107 2.1578 4.94485 1.75106 149881 0 -0.795368 0.192083 0
3.00101 46.3592 1.60249 1.70296 3.51509 1.55047 177147 0 2.22518 0.191549 0
38.5618 15.1694 0.0411049 2.00003 4.42715 1.67605 131862 0 -1.32273 0.191325 0
-16.6944 30.3304 1.59753 1.89373 4.4162 1.58745 153685 0 -0.954158 0.189664 0
-20.3589 48.1377 1.78124 2.01106 4.60277 1.55661 179882 0 2.66373 0.189178 0
13.6615 29.2463 1.43574 0.887213 0.946521 1.88644 152376 0 0.619392 0.188414 1
-35.1563 27.577 2.21526 1.93393 4.10274 1.56782 149884 0 -2.8749 0.187138 0
53.6057 3.69135 -1.35742 2.18841 4.81194 1.90977 115061 0 -1.14363 0.186949 0
-1.51339 74.7283 1.41131 2.01808 4.50164 1.68289 218785 0 1.91596 0.186757 0
-6.66566 33.8387 1.45987 0.754834 0.743455 1.62705 158865 0 -2.33274 0.18543 1
59.6094 0.175034 -1.65148 2.20893 5.00025 1.79968 109932 0 1.92044 0.184933 0
-4.61788 37.504 1.31042 2.04733 4.82887 1.56792 164487 0 2.2227 0.184759 0
44.6228 32.4262 0.134035 2.03077 4.59527 1.60556 157153 0 -1.16775 0.182748 0
6.62103 15.6462 1.07586 2.13267 4.57108 1.85831 132230 0 1.98818 0.182565 0
31.9714 -12.0599 -0.528507 0.880681 0.961713 1.7919 92061 0 -1.76813 0.181415 1
37.7955 -13.8544 -0.990881 0.849909 0.895457 1.75399 89272 0 -0.468252 0.181292 1
-28.2855 36.2808 2.12338 2.32241 5.60348 2.00238 162541 0 -0.884184 0.180846 0
36.3818 59.4423 0.962502 2.1542 5.15705 1.87019 196439 0 -1.16395 0.180781 0
34.48 8.61401 -0.304322 1.84705 4.05103 1.69199 122021 0 -1.18298 0.180234 0
34.3847 36.9808 0.675359 1.83874 4.19597 1.61267 163673 0 2.00136 0.180118 0
51.1114 4.13003 -1.27318 0.831984 0.841497 1.75879 115521 0 0.867835 0.180096 1
-5.21808 67.0486 2.16958 2.22015 5.15508 1.8988 207541 0 2.16918 0.18 0
25.442 31.8597 0.423614 2.08322 4.69713 1.53439 156157 0 -1.25239 0.179689 0
-4.5528 37.0567 1.32966 1.90224 4.40334 1.51525 163551 0 2.23074 0.179552 0
37.6411 -14.7894 -0.901015 0.852598 0.963427 1.74571 87867 0 -1.25433 0.178379 1
-16.5669 58.099 2.17535 0.784751 0.788422 1.56753 194402 0 -1.65233 0.178071 1
37.8608 -14.7943 -0.997647 0.775483 0.817221 1.62198 87868 0 -1.05417 0.177922 1
29.2898 23.9047 0.427841 2.14209 4.79297 1.53257 144469 0 1.89437 0.177572 0
26.0985 34.7848 0.670265 2.10368 4.68278 1.60533 160371 0 -1.27151 0.176772 0
33.9499 -8.17218 -0.637214 0.849044 0.909249 1.6467 97684 0 0.427297 0.176378 1
-7.45112 34.4735 1.43235 0.649289 0.656386 1.3687 159798 0 -1.63134 0.175855 1
54.848 5.52915 -1.63554 1.9688 4.3777 1.62184 117873 0 -1.22196 0.17559 0
22.2463 59.359 0.979809 2.09685 4.79662 1.64023 196395 0 2.2374 0.175334 0
31.9385 -12.2685 -0.543445 0.858097 0.965068 1.77825 91593 0 -1.32783 0.175187 1
60.259 9.72892 -0.263736 0.792766 1.78641 1.76411 123974 0 1.19503 0.174911 2
-21.8564 48.1767 1.83785 2.09145 4.78115 1.64221 179877 0 2.36983 0.174513 0
-16.7063 58.1025 2.18257 0.830416 0.841945 1.57774 194401 0 -1.32907 0.173825 1
-53.6204 41.5512 3.46714 2.08761 4.21613 1.66611 169950 0 -1.03078 0.173814 0
25.0807 61.2846 1.01217 2.0419 4.49696 1.65056 199212 0 2.16404 0.172982 0
-20.6334 25.1272 1.69368 0.702257 0.669789 1.60054 146185 0 -0.389756 0.172613 1
-3.26402 39.9409 1.51755 1.98011 4.53864 1.64373 167767 0 2.24832 0.172506 0
-18.0164 48.2425 2.03553 2.02656 4.46848 1.6128 179889 0 -0.660528 0.172361 0
53.5914 36.3224 -0.0297182 2.03585 4.59201 1.62422 162797 0 -2.75841 0.172182 0
28.9348 32.9454 1.00358 0.785357 0.745626 1.67977 157572 0 1.88358 0.171714 1
-18.1096 49.6895 2.0621 2.26102 5.2436 1.77972 182229 0 2.8673 0.171245 0
-55.885 27.707 3.22038 2.26835 5.44388 1.97505 149819 0 0.538843 0.17082 0
54.138 41.2136 0.706545 0.820427 1.79533 1.76263 169819 0 0.0943692 0.170648 2
-20.9687 24.4694 1.64374 0.778861 0.760261 1.61916 145248 0 -0.467544 0.169733 1
33.5355 54.5171 0.873913 1.80195 3.93757 1.72958 189410 0 -1.20658 0.169688 0
43.6813 32.4659 0.0524166 1.94227 4.39984 1.55413 157150 0 -1.18917 0.169512 0
-21.5719 48.7528 1.8502 2.15315 4.85637 1.65722 180814 0 2.60897 0.168853 0
29.1701 33.9926 1.65079 0.791777 0.758041 1.90869 159445 0 0.519358 0.168622 1
6.6668 30.2908 1.05464 1.99166 4.59255 1.49855 153758 0 -0.905695 0.168467 0
44.0297 31.9002 0.0496112 2.01077 4.49322 1.57703 156215 0 -1.22748 0.168134 0
58.7741 -0.111946 -1.76126 1.99606 4.42677 1.65627 109461 0 1.98762 0.168086 0
42.3099 6.13795 -0.850547 2.38773 5.52156 2.02009 118770 0 1.93704 0.167757 0
52.6779 2.10392 -1.48606 1.94468 4.12686 1.79459 112718 0 -1.25883 0.167376 0
-39.8423 29.9301 2.42676 1.95585 4.39833 1.61558 153145 0 -0.967654 0.167164 0
-6.00919 64.7164 2.08351 2.14097 4.80349 1.68684 204263 0 1.66719 0.167117 0
23.5925 25.8875 0.60434 1.99873 4.49231 1.63129 147259 0 -1.17823 0.16679 0
-3.62546 36.4302 1.31602 1.95457 4.54447 1.47746 162618 0 -0.905487 0.166393 0
-56.3396 14.28 3.18078 0.906531 1.922 1.73097 130161 0 -0.610104 0.166362 2
-18.3368 48.5443 2.07032 2.0646 4.49394 1.63385 180356 0 0.18209 0.166266 0
32.3729 -11.0932 -0.453152 0.880302 0.91684 1.83449 93467 0 1.87919 0.165764 1
-3.94383 47.6013 1.91331 1.79894 3.5752 1.74918 178997 0 -1.01321 0.165487 0
22.0294 23.6421 0.767258 1.91331 3.91937 1.7307 143978 0 -1.27435 0.164587 0
-18.7722 59.951 2.27614 0.742678 0.671239 1.77117 197203 0 -1.45192 0.163513 1
-9.34946 -5.0658 2.17805 0.739451 0.782661 1.68314 102228 0 -1.70685 0.161416 1
37.311 14.8725 -0.111939 1.99933 4.42568 1.62251 131390 0 -1.22043 0.161063 0
57.3536 -6.23434 -1.89292 2.21313 5.1075 1.772 100565 0 1.96086 0.160663 0
-51.0274 37.2109 3.01294 2.08611 4.71793 1.72417 163874 0 2.46543 0.160519 0
40.9285 -16.9131 -1.21823 0.875796 0.925735 1.71132 85069 0 1.92961 0.160431 1
-13.6062 35.2751 1.56283 2.19407 5.26812 1.62392 161183 0 -1.0165 0.15891 0
53.0161 -1.33079 -1.71021 2.0659 4.53193 1.68326 107571 0 1.86605 0.157888 0
-31.2654 32.4151 2.2704 2.24155 5.0071 1.74288 156916 0 -0.658746 0.157422 0
28.6105 68.9723 1.38541 2.15273 5.02765 1.89467 210455 0 0.228214 0.157412 0
-4.38754 47.4737 1.93385 0.958859 1.13975 1.76357 178996 0 -1.23974 0.157218 1
31.2936 48.4382 0.71156 1.7768 3.90713 1.5355 180511 0 -1.28633 0.15696 0
53.8897 3.9623 -1.40846 2.13687 4.67389 1.86619 115530 0 -1.17401 0.156322 0
3.98399 -16.1764 0.676013 0.72904 1.69533 1.43557 85890 0 -2.96787 0.156275 0
24.5563 16.4813 0.449614 1.95722 4.46965 1.5322 133690 0 1.9414 0.15625 0
36.0749 59.951 1.00273 2.03154 4.69854 1.78829 197374 0 -1.22708 0.155998 0
41.045 -17.3125 -1.32541 0.820513 0.848291 1.6781 84134 0 1.86024 0.155778 1
52.7572 -1.03575 -1.69943 1.87507 3.97113 1.56138 108038 0 0.782364 0.155759 0
-34.3934 30.4735 2.14875 2.43416 5.9356 1.91365 154098 0 -0.81139 0.155734 0
34.9171 -11.1273 -0.799758 0.789166 0.78565 1.6825 93475 0 0.407355 0.155218 1
-6.32571 65.0145 2.05814 2.057 4.46204 1.68304 204730 0 2.1972 0.155193 0
-16.2887 59.5918 2.43459 2.29243 5.06519 1.80191 196743 0 -0.76526 0.153881 0
30.1351 42.8142 0.61225 2.26139 5.30563 1.73504 172084 0 -1.21854 0.153833 0
-7.48727 34.6498 1.40543 0.676153 0.746162 1.42268 160266 0 -1.32669 0.153753 1
45.5457 32.1023 0.16968 2.14444 4.80494 1.77762 156688 0 -1.29945 0.153463 0
-20.6789 24.5 1.65569 0.778399 0.758697 1.65734 145249 0 -0.541467 0.1534 1
30.8278 26.7858 0.662353 2.24835 5.13044 1.74943 148686 0 1.88203 0.153385 0
53.9946 41.2197 0.701501 0.792487 1.2885 1.72786 169818 0 0.202718 0.153011 2
37.8127 -13.3656 -1.04074 0.829071 0.847546 1.67891 90208 0 1.16334 0.152658 1
-13.8336 35.0657 1.60279 2.00646 4.84905 1.54852 160714 0 -1.0251 0.152561 0
24.7905 60.9893 1.01024 1.85319 3.43252 1.62212 198743 0 2.16162 0.152532 0
52.6868 2.72967 -1.36126 2.03022 4.56757 1.88494 113654 0 -1.19061 0.151713 0
44.9977 31.6029 0.0337953 2.03453 4.45151 1.67854 155750 0 -1.22175 0.151568 0
36.028 63.5411 0.976685 2.05744 4.5333 2.01426 202522 0 -1.12032 0.151567 0
-0.816734 42.2788 1.28858 2.17789 5.16078 1.54998 171519 0 2.23154 0.151309 0
51.0338 -16.8187 -2.87266 2.05746 4.62218 1.68522 85101 0 -1.20834 0.151296 0
26.1007 15.6377 0.496975 2.08 4.30554 1.71151 132291 0 1.96478 0.151038 0
34.3046 -0.118561 1.46251 0.804274 0.848654 1.77277 109385 0 -0.388255 0.151032 1
-4.25684 8.46209 1.05162 0.826743 1.93633 1.63386 121900 0 -1.13493 0.150886 2
43.6776 32.7883 0.0889981 1.92822 4.37607 1.56488 157618 0 -1.18308 0.150857 0
-57.632 16.0465 3.33228 0.904871 0.923228 1.69768 132965 0 2.16353 0.150322 1
-34.4662 26.7116 2.07388 1.94153 4.02107 1.61652 148482 0 -0.897358 0.149821 0
29.0671 33.8888 1.60822 0.761109 0.761625 1.86337 158976 0 0.585487 0.149791 1
-15.8385 20.3164 1.34435 0.713332 0.958459 1.50706 139180 0 -0.513684 0.149774 1
-18.6412 49.4269 2.10115 2.29974 5.38208 1.81634 181759 0 2.51946 0.148394 0
59.6683 3.04906 -1.67257 1.83989 4.12381 1.54966 114144 0 1.8961 0.147977 0
37.0012 -14.2353 -0.926001 0.813059 0.979193 1.72937 88801 0 -1.20003 0.1474 1
-20.3605 25.1446 1.63484 0.758069 0.845078 1.57584 146186 0 -0.611029 0.147229 1
38.2411 15.4833 0.0206397 1.96196 4.33006 1.62608 132329 0 -1.30595 0.146537 0
-51.9389 19.805 2.83694 2.19744 4.84117 1.83255 138131 0 1.87311 0.146435 0
54.2216 5.83781 -1.65538 2.05075 4.44639 1.60376 118339 0 -1.19938 0.146253 0
34.9171 -11.2716 -0.866025 0.754581 0.726656 1.65968 93007 0 0.590397 0.145887 1
58.1029 0.512436 -1.83387 2.02624 4.43972 1.68737 110395 0 1.92022 0.145863 0
-7.28848 34.4046 1.4138 0.694287 0.824056 1.4856 159799 0 -1.70126 0.145753 1
-26.774 38.4956 1.99367 2.0236 4.59342 1.61926 165822 0 -1.17448 0.145325 0
32.2065 -10.7099 -0.466282 0.839406 0.907419 1.76893 93934 0 1.67311 0.145074 1
32.3973 -10.2024 -0.709119 0.791636 0.792228 1.69843 94871 0 -1.11188 0.145066 1
53.9017 1.80607 -1.52742 2.07301 4.72461 1.86226 112254 0 -1.20973 0.144954 0
-4.72529 45.8338 1.6256 1.97079 4.42976 1.61185 176655 0 -0.985483 0.144756 0
-5.59189 46.1719 1.59768 1.94761 4.38769 1.64893 177120 0 -0.966638 0.144372 0
-19.6319 25.2244 1.57163 1.85368 4.18112 1.59172 146188 0 -0.878924 0.144356 0
37.1961 -12.7329 -1.02443 0.828253 0.841405 1.70088 91142 0 1.33951 0.144297 1
-17.5241 48.7728 2.01196 2.00009 4.43771 1.57758 180827 0 -0.894722 0.144205 0
48.4781 -16.156 -2.7929 2.07314 4.61529 1.71317 86029 0 1.93003 0.144046 0
-5.40211 47.7859 1.82837 0.841003 0.84433 1.73119 179461 0 -0.403848 0.143789 1
-20.6525 24.798 1.70592 0.745246 0.692861 1.6178 145717 0 -0.385365 0.143654 1
56.232 -7.17118 -1.75949 2.00062 4.30035 1.67841 99157 0 2.06983 0.143331 0
59.0349 0.698578 -1.71891 2.1412 4.68181 1.76325 110866 0 1.90069 0.143312 0
-64.3828 17.4008 3.64689 0.800003 0.791028 1.66074 134816 0 1.93024 0.142903 1
54.2376 34.7079 -0.0378712 2.06221 4.62174 1.71284 160459 0 -0.92835 0.142388 0
22.5896 58.7724 0.964553 2.09318 4.81017 1.61889 195460 0 1.82735 0.142268 0
29.1772 33.8877 1.60158 0.765526 0.77359 1.9001 158977 0 0.553035 0.142245 1
52.6673 3.3324 -1.35888 2.05548 4.59277 1.8594 114590 0 1.18699 0.14202 0
-9.74603 7.72082 1.21872 0.817655 0.943797 1.73103 120947 0 -1.52245 0.141622 1
-3.78555 66.3209 2.15221 2.24221 4.9086 1.90485 206610 0 -0.918524 0.141565 0
34.1667 -0.129272 1.3533 0.818046 0.880281 1.7686 109384 0 -0.22642 0.141433 1
31.9779 -11.145 -0.494961 0.89126 0.934966 1.79516 93465 0 1.91613 0.141255 1
-56.0864 29.7182 3.15526 2.15137 4.74642 1.78618 152626 0 2.19555 0.141207 0
-6.81137 64.5726 1.97186 2.02567 4.55617 1.6799 203792 0 -0.500917 0.141146 0
36.7561 -12.9879 -0.946561 0.848447 0.862001 1.62325 90672 0 -1.47601 0.140797 1
-2.81436 47.7909 1.8213 2.09285 4.90417 1.79882 179469 0 -1.00473 0.140662 0
63.1883 -24.5161 -1.46004 3.21053 9.92375 3.45062 73907 0 -1.23344 0.1402 0
28.6567 69.5921 1.51354 2.17558 4.82063 1.802 211391 0 0.0947738 0.139881 0
-28.5903 36.0245 2.12179 2.25637 5.41413 1.96057 162072 0 -0.907798 0.139789 0
7.73219 30.1381 0.961215 1.99295 4.68705 1.51706 153762 0 -0.886546 0.139763 0
-4.87954 66.4972 2.19861 2.26533 5.33296 1.93967 206606 0 2.27247 0.139537 0
-47.4604 39.9019 2.77824 1.97253 4.50664 1.62707 167629 0 -0.861565 0.13885 0
-45.8018 20.9615 1.67719 0.850741 1.09286 1.80062 140022 0 2.10177 0.138634 1
-31.2704 31.5641 2.18947 1.81224 3.78295 1.492 155512 0 -0.930318 0.13825 0
-20.6913 49.0824 1.85755 2.02853 4.55402 1.59828 181285 0 2.81343 0.137931 0
-7.53764 37.013 1.55509 0.690196 0.634718 1.61972 163542 0 -0.749701 0.137649 1
1.63563 -13.565 0.521525 0.853905 0.889516 1.69377 89627 0 0.474878 0.137279 1
37.6107 15.508 -0.0787976 1.97966 4.45627 1.61333 132327 0 -1.23547 0.137265 0
52.7351 -0.863632 -1.68104 1.87774 3.87827 1.50139 108506 0 -0.397281 0.136915 0
-26.4047 35.0577 1.82725 1.97939 4.3851 1.52161 160675 0 -0.819696 0.136845 0
-43.3747 2.73769 2.58054 0.818572 0.855582 1.67543 113354 0 -1.13582 0.136755 1
-19.9543 24.5038 1.59743 0.750759 0.708697 1.64204 145251 0 -0.363215 0.136331 1
-16.3474 19.6982 1.37147 0.948589 1.07331 1.69415 138242 0 -1.19005 0.136307 1
-58.0971 29.8995 3.31655 2.08666 4.78106 1.81712 153088 0 0.667624 0.136259 0
61.9815 5.05824 -1.59167 1.9456 4.37149 1.62865 116959 0 2.014 0.13598 0
33.8557 54.0316 0.879415 1.95016 4.51936 1.85961 188475 0 -1.12286 0.135713 0
-68.6471 19.3753 3.94295 1.97357 4.32347 1.6702 137611 0 -1.22774 0.135408 0
-1.75903 73.8591 1.67968 1.7819 3.97712 1.48132 217380 0 1.98323 0.1352 0
37.2447 65.1426 0.785875 2.45544 5.53486 2.31532 204866 0 -2.67748 0.135199 0
25.7282 32.1204 0.509864 2.0813 4.79821 1.55613 156626 0 -1.29657 0.135158 0
-15.5084 19.9855 1.25367 0.627464 0.667383 1.33169 138713 0 -1.07128 0.135158 1
-36.6357 25.1125 2.0941 1.95494 4.43344 1.52914 146135 0 -0.927897 0.134754 0
-51.6055 36.3753 2.99167 2.26747 5.24739 1.9162 162468 0 -1.02457 0.134364 0
29.7128 -9.36281 -0.513366 0.806852 0.818879 1.61246 95798 0 1.25162 0.134265 1
-47.4596 40.7404 2.93083 2.43072 5.69197 2.00118 169033 0 2.31338 0.134255 0
29.8537 -9.22561 -0.542863 0.795248 0.836395 1.59843 96267 0 0.467983 0.134135 1
-0.290062 41.7264 1.34633 1.75552 3.72221 1.40729 170585 0 2.20788 0.134049 0
-17.8512 59.4204 2.32051 0.81153 0.764564 1.71088 196270 0 -1.87165 0.134 1
29.4729 34.7794 1.03445 0.737939 0.702885 1.6859 160382 0 0.979973 0.133942 1
-8.90434 60.8561 2.20348 2.43091 5.54351 1.88964 198638 0 2.25494 0.133912 0
8.71687 32.6678 0.995056 2.01427 4.63301 1.49736 157509 0 -0.881316 0.133806 0
42.9959 63.4816 1.30995 2.41871 5.67009 1.97109 202544 0 -2.84262 0.133641 0
31.098 45.3653 0.803353 2.32949 5.55669 1.91619 175831 0 -1.20551 0.133613 0
-3.1049 40.3526 1.48085 2.18106 4.94722 1.65792 168704 0 2.25519 0.133488 0
29.2064 70.5126 1.79925 2.22287 5.09042 1.83709 212797 0 -0.35409 0.133009 0
-17.9925 59.4154 2.33177 0.805238 0.751026 1.72253 196269 0 -1.91175 0.132796 1
-21.7667 -2.13451 0.932857 2.0207 4.41505 1.57591 106401 0 0.378807 0.132602 0
53.869 36.3163 0.0362156 2.14123 4.84887 1.6788 162798 0 3.08659 0.132401 0
-4.84079 6.20338 0.660853 0.746291 1.34339 1.56333 118622 0 3.08105 0.132285 2
24.3922 29.0576 0.826412 2.38584 6.22056 1.99018 151942 0 -2.23016 0.132149 0
51.6526 -17.1224 -2.81367 2.01687 4.54357 1.65124 84635 0 -1.26793 0.132096 0
47.8643 -16.148 -2.73588 2.04999 4.52065 1.68628 86027 0 1.92962 0.131668 0
-1.17809 74.0858 1.5867 1.90709 4.1823 1.53786 217850 0 -1.55429 0.131477 0
32.1407 49.0795 0.74852 2.03583 4.79032 1.63415 181450 0 -1.30534 0.131091 0
28.7505 33.3295 1.04975 0.79248 0.761417 1.70836 158507 0 1.79461 0.131077 1
60.0725 5.96404 -1.6949 2.02792 4.65548 1.64429 118357 0 1.9214 0.130883 0
50.402 -16.8018 -2.97588 2.05695 4.58973 1.69686 85099 0 -1.26962 0.130518 0
39.1273 14.8873 0.175038 2.19896 4.91562 1.84335 131396 0 -1.30787 0.130284 0
-8.12058 66.0471 1.91572 2.10583 4.8188 1.7502 206128 0 2.19779 0.130279 0
