-18.7958 -2.62786 0.849238 2.21151 5.0704 1.93227 105475 0 0.363921 0.947425 0
-6.97234 12.6049 0.828848 2.12448 4.8638 1.50527 127976 0 -0.961099 0.946727 0
-4.94279 14.6327 0.853726 1.99115 4.57877 1.48853 130790 0 -1.00845 0.925707 0
-17.7526 18.9911 1.26033 2.05585 4.68582 1.48747 137302 0 -0.9515 0.922734 0
33.4791 5.81725 -0.143657 2.20488 5.05053 1.88151 118274 0 -1.25556 0.918112 0
-19.4325 15.8046 1.27951 1.9352 4.1586 1.54668 132617 0 2.149 0.915676 0
4.99738 27.9501 1.34707 2.22645 5.03678 1.8467 150477 0 -0.941384 0.913153 0
-24.2222 -1.0899 0.958018 2.04306 4.54187 1.60176 107798 0 0.309355 0.908668 0
20.9679 8.137 0.599766 2.0489 4.63817 1.84586 121511 0 1.94017 0.906424 0
3.15657 10.7253 1.00767 2.07706 4.74521 1.54384 125199 0 1.92003 0.904453 0
4.88065 13.8672 1.11937 2.08888 4.69519 1.83885 129885 0 2.00366 0.901402 0
16.4159 9.83907 0.608918 1.95608 4.50953 1.51436 123837 0 -1.15577 0.89805 0
-16.4986 19.7052 1.33433 0.777487 0.781847 1.66228 138242 0 -1.28057 0.897814 1
-0.112839 21.375 1.17955 2.08251 4.63223 1.81263 140633 0 -0.988944 0.896975 0
-22.8208 20.9862 1.73475 2.2498 5.34456 1.79361 140094 0 -1.00091 0.895142 0
-26.5004 0.153656 1.12703 2.1006 4.69912 1.62081 109663 0 0.310724 0.893432 0
-24.1436 18.7089 1.5058 2.04247 4.57538 1.541 136814 0 -1.02067 0.888964 0
40.4784 2.3617 -0.873103 2.0119 4.60992 1.55842 113148 0 1.94678 0.887491 0
7.56639 21.7183 1.18317 2.15219 4.98357 1.93517 141125 0 2.04235 0.88481 0
-10.0155 30.2417 1.54725 2.17666 5.14704 1.82811 153706 0 2.15766 0.881365 0
2.99078 25.6911 1.04133 2.01776 4.47586 1.46875 147195 0 -0.939755 0.880637 0
-8.53517 32.794 1.26136 1.96114 4.4743 1.40379 157455 0 -0.993166 0.880098 0
-11.5989 28.0013 1.3375 2.08154 4.88748 1.51843 150425 0 2.16764 0.874948 0
-3.71965 17.2305 0.892106 2.03213 4.41356 1.50012 134538 0 -0.965751 0.873773 0
-2.03529 19.4462 1.08675 2.06974 4.74826 1.79697 137819 0 2.16684 0.870989 0
51.6723 -3.64783 -1.19548 2.05231 4.50945 1.81025 104291 0 -1.1743 0.869969 0
0.758965 44.2552 1.35651 2.13753 4.90924 1.49721 174332 0 2.19441 0.864356 0
-13.5075 25.8485 1.51779 2.04416 4.76583 1.72289 147143 0 2.1233 0.864332 0
-44.6796 23.4533 2.27254 2.06623 4.64201 1.78301 143770 0 2.24151 0.863578 0
19.3843 18.355 0.631094 1.97396 4.60273 1.45989 136482 0 -1.27848 0.862852 0
20.6719 20.952 0.615853 1.9841 4.63853 1.43863 140230 0 1.89057 0.862532 0
-14.2291 23.2926 1.32059 1.92723 4.34259 1.48315 143397 0 2.16269 0.861638 0
-25.8474 16.4412 1.68404 2.07337 4.49157 1.69684 133533 0 -0.979448 0.860947 0
-39.1829 23.2193 2.18342 2.21535 4.83965 1.85764 143319 0 -0.981761 0.852307 0
-37.2416 14.4572 1.8873 2.06945 4.65494 1.55062 130689 0 1.93953 0.845822 0
6.25818 16.1138 1.06987 2.23807 5.03339 1.92032 133165 0 2.09328 0.839812 0
-1.20375 41.7418 1.29293 1.96901 4.42345 1.4532 170582 0 2.19192 0.828508 0
27.0166 37.5882 0.903945 2.04338 4.62258 1.68132 164586 0 -1.25053 0.827392 0
-56.4182 29.9749 2.90157 2.04283 4.50167 1.73747 153093 0 2.16352 0.823327 0
1.76699 23.4245 0.946818 2.06372 4.91649 1.44483 143915 0 -0.99796 0.822166 0
21.9128 23.7499 0.868903 2.03109 4.59267 1.76159 144446 0 -1.28434 0.817398 0
26.0723 19.0093 0.662798 2.10618 4.75689 1.595 137439 0 -1.21514 0.813989 0
34.3651 8.74863 -0.0983787 2.19933 4.91619 1.89612 122489 0 -1.21519 0.810158 0
-41.4883 28.5659 2.36514 2.16404 4.75806 1.8028 151268 0 -0.911516 0.805464 0
-16.1744 21.209 1.23492 1.99674 4.61707 1.50609 140583 0 2.18476 0.805251 0
-3.95591 47.8419 1.79979 2.24681 5.3972 1.84667 179465 0 -1.0072 0.791481 0
-52.663 20.3125 2.75568 2.0873 4.45035 1.79782 139065 0 1.94446 0.784772 0
22.8856 10.673 0.383147 2.05018 4.43918 1.6754 125261 0 1.9415 0.78294 0
23.2041 29.3273 0.883384 2.11646 4.91261 1.82623 152406 0 1.9261 0.780038 0
-56.424 17.8368 2.86308 2.24711 4.82525 1.81641 135309 0 -1.16198 0.775842 0
-8.82693 41.0841 1.64338 2.29839 5.5687 1.72627 169622 0 -0.967742 0.77191 0
23.1942 26.3523 0.692084 1.90649 4.29933 1.47882 148194 0 -1.2602 0.769222 0
-44.2393 13.0962 2.24296 2.13677 4.67346 1.57337 128327 0 -1.2038 0.767464 0
-21.5852 23.4793 1.52901 1.97148 4.68303 1.51462 143842 0 -1.00199 0.767259 0
33.1612 -8.16682 -0.519744 0.953614 0.938627 1.63805 97681 0 -1.14677 0.765501 1
52.6789 -1.03214 -1.3656 1.97107 4.41715 1.60788 108038 0 1.95757 0.763209 0
-15.4701 32.7904 1.70781 2.11038 4.82002 1.6919 157433 0 -1.03704 0.761675 0
18.038 12.729 0.586564 2.06171 4.85569 1.51677 128054 0 -1.18637 0.75656 0
-16.808 30.3064 1.52962 1.95898 4.57085 1.58289 153685 0 -1.01045 0.75495 0
-63.5182 15.1137 3.218 2.05852 4.68127 1.60395 131543 0 0.378835 0.754295 0
-18.4522 28.2325 1.58154 1.90471 4.4583 1.51666 150872 0 -1.02416 0.748688 0
-20.0256 25.4581 1.51261 1.91557 4.38834 1.56236 146655 0 -0.997531 0.745017 0
-7.44373 33.8555 1.46093 0.730644 0.679309 1.61116 158862 0 0.655132 0.743076 1
28.3496 40.7072 1.00121 1.99979 4.36225 1.84968 169270 0 -1.28014 0.742372 0
-21.6839 -2.12305 0.799399 1.9622 4.20769 1.57367 106402 0 0.285119 0.740818 0
2.37691 46.6167 1.65075 1.98648 4.24281 1.67709 177613 0 2.24327 0.740208 0
8.46487 32.1497 1.04703 2.08766 4.75388 1.51422 156572 0 -0.888935 0.739513 0
18.4466 15.7355 0.605647 1.9458 4.23103 1.47045 132735 0 -1.24151 0.733676 0
40.4978 -17.0885 -1.09143 0.913341 0.973294 1.77718 84600 0 1.70142 0.729227 1
33.4897 54.3202 1.08919 1.99877 4.52299 1.78872 188942 0 -1.16929 0.728007 0
31.7968 -12.0805 -0.405948 0.868186 0.917509 1.82785 92061 0 -1.13937 0.727089 1
-8.22208 10.1105 0.736424 1.87019 4.38179 1.45087 124228 0 -0.991129 0.726072 0
41.7316 5.84316 -0.78887 2.08711 4.8108 1.64227 118300 0 1.94864 0.725111 0
-66.0333 16.4967 3.41292 1.99277 4.4511 1.60238 133407 0 0.440042 0.72482 0
29.2629 43.1213 0.698177 2.06046 4.68717 1.62707 172549 0 -1.26946 0.723412 0
29.9821 45.6351 0.929859 1.96875 4.25842 1.76822 176295 0 -1.25301 0.720291 0
-34.4683 29.8735 2.04866 2.01131 4.45675 1.57199 153162 0 -0.814942 0.706861 0
-7.17416 35.0273 1.4067 2.09116 4.95949 1.56397 160735 0 -0.991057 0.70588 0
-26.1127 40.7309 2.13738 2.40782 5.84772 1.95653 169100 0 -0.94536 0.705866 0
29.5295 27.0418 0.796193 2.116 4.72179 1.62677 149150 0 1.89312 0.698482 0
-36.0125 27.6272 2.06095 2.02363 4.50992 1.60708 149881 0 2.28413 0.685431 0
-68.356 17.781 3.24874 1.97363 4.37656 1.58104 135272 0 0.347402 0.664142 0
23.8508 13.573 0.533365 2.17662 4.81562 1.76731 129476 0 1.91415 0.657526 0
36.7077 -13.0003 -0.887488 0.865299 0.872405 1.64339 90672 0 -1.20709 0.649017 1
-32.136 31.8605 2.00775 2.12042 4.66114 1.72609 155977 0 -0.931373 0.64716 0
-60.941 33.1159 3.14888 2.20087 4.99781 1.92832 157759 0 2.18959 0.638778 0
-54.257 41.7536 3.12662 2.06805 4.55486 1.64181 170416 0 -1.00864 0.618642 0
37.0696 -14.4765 -0.711938 0.895203 0.980401 1.76417 88333 0 1.83265 0.611236 1
9.76884 34.6925 1.30566 2.01477 4.49542 1.64712 160320 0 -0.897995 0.606485 0
-9.47741 60.6408 2.15513 2.17994 5.08843 1.82768 198168 0 2.21709 0.600164 0
-3.31183 39.8796 1.53681 2.12507 5.07552 1.60953 167767 0 2.21423 0.598198 0
-4.27136 36.6808 1.35271 2.03069 4.94331 1.47418 163084 0 -0.759637 0.588744 0
-5.32681 45.5601 1.58962 1.9718 4.54691 1.56904 176185 0 -0.982112 0.583503 0
32.4092 -11.9473 -0.483826 0.765606 0.789831 1.67757 92063 0 1.81355 0.583091 1
37.2832 -13.6339 -0.975142 0.734669 0.728847 1.54789 89738 0 1.46714 0.575274 1
-17.1089 59.3226 2.44734 2.12368 4.79416 1.72797 196272 0 -0.913599 0.57366 0
31.2294 48.4349 0.755094 2.03842 4.62045 1.64151 180511 0 -1.2593 0.568481 0
-2.98723 39.5922 1.5662 2.06765 4.84225 1.59616 167300 0 1.97475 0.562714 0
-7.33022 33.8526 1.44436 0.710483 0.682627 1.55271 158863 0 0.687389 0.559716 1
6.58338 30.2378 1.06492 2.05828 4.67812 1.49181 153758 0 -0.920106 0.54168 0
24.8115 16.171 0.540605 2.1272 4.97159 1.6795 133223 0 1.93425 0.537709 0
57.7821 -2.67869 -1.48302 2.00239 4.44945 1.67828 105714 0 1.95483 0.532362 0
-4.60486 36.9515 1.35637 1.99229 4.83585 1.49622 163551 0 2.18014 0.529799 0
37.0445 -14.3517 -0.746826 0.868213 0.926327 1.76545 88801 0 1.52971 0.529442 1
-16.663 19.692 1.33346 0.854127 0.860591 1.70315 138241 0 -1.28461 0.525594 1
23.8567 61.6172 1.12484 2.1214 4.84144 1.71039 199676 0 1.96378 0.520991 0
-66.9756 28.2097 3.19794 0.828229 0.833416 1.70567 150720 0 -1.24276 0.519361 1
-28.0051 35.6966 1.86867 2.05377 4.61611 1.68364 161606 0 -0.949371 0.516391 0
34.3735 -11.2876 -0.702035 0.769226 0.737771 1.70685 93005 0 0.560238 0.513651 1
-4.66583 66.3732 2.19933 2.20829 5.02777 1.85941 206607 0 -1.08441 0.509248 0
-58.0279 16.0373 3.1077 0.844622 0.869124 1.66827 132964 0 1.89173 0.506438 1
60.651 5.64748 -1.4306 1.94947 4.33613 1.56841 117891 0 1.99607 0.504806 0
-2.40511 74.389 1.87253 2.05968 4.93415 1.61594 218314 0 1.91293 0.502038 0
58.7096 0.217995 -1.51263 2.08693 4.70781 1.69868 109929 0 1.97614 0.496424 0
59.7949 9.72733 -0.124464 0.797025 2.07024 1.80655 123972 0 -2.79178 0.496134 2
-13.6098 34.7275 1.55301 1.89288 4.40825 1.4578 160247 0 -0.992175 0.484105 0
-16.4635 19.8915 1.33113 0.753133 0.800638 1.62108 138710 0 -1.43691 0.483757 1
56.4926 -5.331 -1.85391 2.00898 4.51134 1.60637 101966 0 1.92185 0.476141 0
-51.6627 36.6595 2.79516 2.00383 4.48472 1.68606 162936 0 2.14813 0.475557 0
50.6661 4.21649 -1.05776 0.815415 0.911988 1.76761 115988 0 -1.65996 0.473561 1
36.0276 59.7353 1.14953 2.21587 5.3016 1.84246 196906 0 -1.1907 0.470843 0
28.5368 33.1012 1.1349 0.640105 0.615261 1.34412 158039 0 1.88147 0.466491 1
31.6346 -11.3043 -0.379949 0.810983 0.883228 1.83082 92996 0 1.90354 0.463636 1
36.9413 62.888 1.19816 2.22578 5.03288 1.97289 201589 0 -1.13473 0.459261 0
-5.04313 47.2477 1.89376 0.82388 0.771294 1.74463 178526 0 -0.889066 0.456079 1
32.2203 -11.96 -0.464349 0.811391 0.839544 1.75868 92062 0 1.32886 0.437205 1
32.4035 -11.8253 -0.475149 0.762605 0.790525 1.6651 92531 0 1.8051 0.430397 1
24.1223 61.8721 1.12284 2.12529 4.85113 1.69573 200145 0 2.0627 0.426414 0
43.6612 29.2636 0.0540521 2.00365 4.52175 1.51372 152470 0 -1.0227 0.419282 0
-47.8376 40.1854 2.72927 2.01056 4.52935 1.63232 168096 0 2.25481 0.418191 0
28.6475 24.4833 0.516047 2.03479 4.56455 1.45541 145403 0 1.90518 0.41812 0
-51.4168 36.9201 2.79682 1.92605 4.26559 1.63015 163405 0 2.15949 0.410365 0
-7.33039 33.943 1.40805 0.693136 0.749526 1.5616 159331 0 -0.15506 0.410221 1
52.3364 3.05466 -1.17834 2.00864 4.46205 1.62458 114121 0 -1.15545 0.406479 0
-2.64604 39.2915 1.54769 1.94044 4.51568 1.57875 166833 0 -0.936863 0.404837 0
34.3814 -11.1629 -0.681677 0.761821 0.765258 1.70693 93473 0 0.40195 0.39652 1
-8.07512 37.0169 1.53077 0.698955 0.644267 1.6354 163540 0 0.413361 0.394291 1
-6.56205 64.473 2.0909 2.06188 4.65023 1.65729 203793 0 1.13313 0.384931 0
59.0183 -23.2527 -1.23025 2.89255 6.78092 3.19707 75766 0 1.97317 0.372855 0
30.9694 48.1953 0.763915 2.01003 4.47532 1.66147 180042 0 -1.23369 0.371625 0
34.4867 35.9445 0.708259 0.766769 0.821852 1.69881 162269 0 1.9774 0.368971 1
-47.5552 40.4499 2.75407 2.08378 4.67529 1.67847 168565 0 2.38271 0.367678 0
53.6161 41.6735 0.96485 0.824428 1.80509 1.78633 170753 0 -2.89935 0.36631 2
40.5222 -16.9334 -1.10967 0.895029 0.972396 1.76818 85068 0 1.51206 0.366228 1
67.3426 -12.2959 -2.08613 2.09849 4.63576 1.80449 91704 0 -1.46085 0.365551 0
37.2479 -13.8216 -0.887291 0.800206 0.835424 1.71122 89270 0 1.81525 0.363978 1
43.407 29.3125 0.0685549 1.99511 4.56222 1.5101 152469 0 1.07851 0.363789 0
37.1639 -14.3509 -0.756056 0.895528 0.962561 1.78969 88802 0 2.0015 0.360377 1
34.6248 35.9243 0.708327 0.791557 0.892664 1.69628 162270 0 2.03166 0.35663 1
52.9499 2.71027 -1.22555 2.04854 4.57596 1.70999 113655 0 -1.17323 0.353944 0
2.05292 47.0934 1.62731 2.22695 5.07445 1.8016 178548 0 2.24471 0.349072 0
54.2548 5.27255 -1.33932 1.9664 4.32749 1.59509 117403 0 -1.15756 0.345824 0
-6.89604 64.7574 2.05547 2.05236 4.61665 1.67422 204260 0 2.13232 0.345809 0
9.0724 35.3276 1.31402 2.0945 4.74445 1.61252 161254 0 2.28836 0.342282 0
9.42952 34.9882 1.33313 1.95549 4.27773 1.60788 160787 0 -1.16185 0.341875 0
40.6644 -17.0764 -1.16476 0.918019 0.991779 1.76085 84601 0 1.65332 0.33895 1
-6.82428 64.531 2.0385 2.0349 4.60465 1.66767 203792 0 0.423844 0.338145 0
61.2334 5.53911 -1.39298 2.04693 4.58928 1.64515 117893 0 1.94828 0.337526 0
28.7343 43.3164 0.690516 1.69913 3.69426 1.4672 173015 0 -1.28343 0.336705 0
-27.7625 35.9367 1.87787 2.0327 4.50575 1.62701 162075 0 -0.868546 0.327366 0
-7.96691 37.0093 1.54349 0.669283 0.615169 1.63264 163541 0 0.670686 0.327075 1
-5.16692 47.2248 1.92018 0.827683 0.74843 1.74364 178525 0 -0.663424 0.325091 1
20.418 20.7592 0.644994 1.88545 4.19727 1.41037 139761 0 1.96295 0.324658 0
33.2963 -8.18259 -0.541526 0.958127 0.967928 1.65278 97682 0 -0.909553 0.323598 1
37.2935 -14.8083 -0.745926 0.869267 0.946141 1.7601 87866 0 2.06203 0.321826 1
52.664 2.41742 -1.27412 2.00833 4.46557 1.64763 113186 0 -1.1877 0.320561 0
25.7298 15.8587 0.611672 2.25607 5.20182 1.80748 132758 0 1.90373 0.319464 0
28.8517 34.807 1.2203 0.702933 0.665375 1.66718 160380 0 0.218299 0.318225 1
59.9596 9.992 -0.0813579 0.799384 1.99177 1.77696 124441 0 -2.7742 0.314213 2
32.7969 51.3969 0.895791 2.0394 4.67322 1.57877 184728 0 -1.15896 0.312632 0
31.6499 -12.0786 -0.419091 0.859275 0.923141 1.79196 92060 0 -1.25451 0.311772 1
34.1939 -11.3226 -0.690914 0.778364 0.738643 1.69066 93004 0 0.398743 0.310842 1
-28.6099 35.9718 1.99071 2.33554 5.58268 1.99881 162072 0 -0.928271 0.310685 0
36.6979 -13.1615 -0.903846 0.840414 0.842549 1.63653 90204 0 -1.18609 0.309889 1
-16.2893 19.7127 1.3205 0.787251 0.804708 1.65981 138243 0 -1.37606 0.309075 1
31.8672 -10.335 -0.561458 0.745087 0.744297 1.69603 94401 0 -0.307705 0.309027 1
-6.51772 64.2382 2.0759 2.09354 4.77438 1.66192 203325 0 -0.791242 0.308589 0
-34.3584 29.3918 2.05442 1.68086 3.63995 1.48335 152226 0 -0.908549 0.308503 0
28.6623 70.2208 1.58869 2.08672 4.58994 1.81395 212327 0 -2.8438 0.308367 0
44.2992 28.9414 0.0439077 1.97364 4.5059 1.52586 152004 0 -1.12569 0.308324 0
42.3699 63.192 1.45593 2.24482 5.10099 1.81419 202074 0 -2.89136 0.304687 0
-28.2647 35.4316 1.90062 2.13553 4.90302 1.79683 161137 0 -1.01073 0.304432 0
21.0271 -10.1257 -0.01329 0.888411 1.10042 1.64872 94835 0 1.88845 0.302775 1
32.2305 -11.7798 -0.467545 0.700249 0.754466 1.67112 92530 0 1.8296 0.302223 1
-54.8174 42.0569 3.23362 2.43169 5.72695 2.07499 170882 0 -1.01779 0.301926 0
-2.98308 74.4038 2.00019 2.32197 6.00517 1.83558 218312 0 1.84479 0.301376 0
-4.728 66.6314 2.19318 2.39795 5.62135 1.93806 207075 0 2.702 0.300487 0
59.8818 9.54113 -0.087052 0.808929 2.01065 1.8192 123505 0 -2.89065 0.300463 2
34.6431 35.7724 0.723466 0.809597 0.914459 1.69449 161802 0 2.22355 0.298936 1
28.7496 34.8022 1.18681 0.716976 0.685268 1.68812 160379 0 -0.0204984 0.29881 1
-60.4238 33.0144 3.1004 1.87818 4.31162 1.75696 157761 0 2.1893 0.297877 0
-1.09903 -13.5668 0.835859 0.798291 0.753557 1.77201 89618 0 -1.27052 0.297579 1
33.164 -8.34713 -0.521063 0.954656 0.956359 1.64274 97213 0 -0.956486 0.296617 1
31.7557 -11.1537 -0.343759 0.85246 0.921337 1.82694 93465 0 1.89954 0.294227 1
50.5286 4.24298 -1.08011 0.831164 0.930269 1.7567 115987 0 -1.23007 0.28984 1
-66.8546 28.228 3.21411 0.861933 0.866528 1.7203 150721 0 -1.29627 0.287632 1
23.5877 61.3442 1.13427 2.17301 5.0027 1.76228 199207 0 1.86419 0.286419 0
26.0775 35.0545 0.701757 2.01391 4.53401 1.5616 160839 0 -1.26369 0.285161 0
-6.31148 64.4307 2.15854 2.1291 4.79802 1.67021 203794 0 -0.280052 0.285056 0
7.19516 29.6622 0.950525 2.02232 4.61498 1.46968 152824 0 -0.904449 0.283221 0
22.2589 59.0664 1.12039 2.07383 4.7966 1.73383 195927 0 2.0671 0.282878 0
29.2313 24.1454 0.614156 2.09094 4.66986 1.49381 144937 0 1.90106 0.282095 0
43.3693 29.5271 0.0828244 2.08566 4.71067 1.54982 152937 0 1.46362 0.279884 0
52.6015 3.31525 -1.13198 2.02156 4.43764 1.62498 114590 0 -1.14914 0.279368 0
-31.627 31.843 2.05356 1.84236 3.8635 1.56135 155979 0 -0.778857 0.27894 0
-2.68072 74.1776 1.87668 2.00363 4.66783 1.63112 217845 0 1.83339 0.27675 0
41.2098 5.6601 -0.775708 2.22544 5.36851 1.76648 117830 0 1.81961 0.276336 0
37.2812 15.8348 0.1227 2.01817 4.52218 1.6257 132794 0 -1.26545 0.275884 0
-5.99105 47.7591 1.79818 0.805217 0.748545 1.73325 179459 0 0.510621 0.275468 1
-4.30271 65.8546 2.14579 1.91227 4.21905 1.73396 205672 0 -0.963436 0.274948 0
28.8597 34.9273 1.21239 0.722423 0.68734 1.64817 160848 0 -0.31379 0.273819 1
28.7558 34.9316 1.16534 0.734716 0.702349 1.66145 160847 0 -0.958784 0.272998 1
-47.854 39.9119 2.68814 1.89874 4.22532 1.57494 167628 0 1.76003 0.272894 0
37.4862 -13.6247 -0.964601 0.804565 0.815668 1.62529 89739 0 1.63949 0.27279 1
-17.1316 30.7569 1.56609 2.08483 4.75989 1.62687 154620 0 -1.03192 0.272682 0
66.1033 -13.6007 -2.14138 2.0344 4.57702 1.68552 89828 0 -0.0552846 0.27182 0
-5.82612 45.6255 1.60902 1.95885 4.45315 1.57424 176183 0 -0.989894 0.27181 0
40.4486 -17.3319 -1.11542 0.880939 0.935689 1.72378 84132 0 1.8195 0.271668 1
-3.77267 36.3449 1.28488 2.01466 4.81025 1.48093 162618 0 -0.952013 0.271527 0
-16.5005 19.4929 1.32012 0.859207 0.84386 1.72584 137774 0 -1.22421 0.270414 1
58.3256 -2.71925 -1.48631 2.08186 4.67907 1.70711 105716 0 1.93379 0.267982 0
-68.8682 17.7773 3.25134 2.20804 5.09607 1.76144 135270 0 0.460141 0.267628 0
31.4825 48.7296 0.784278 2.12409 4.85767 1.69232 180980 0 -1.28123 0.265187 0
32.6885 -11.9797 -0.504674 0.832442 0.860419 1.73146 92064 0 1.8681 0.264452 1
-2.81133 39.7305 1.54417 2.18133 4.99226 1.62423 167769 0 -1.44083 0.264081 0
24.7438 13.2711 0.518884 2.27126 5.21978 1.81992 129011 0 1.97468 0.263888 0
28.0535 24.5229 0.465231 2.00505 4.58183 1.4497 145401 0 1.8781 0.262528 0
37.3007 15.2008 0.072538 1.99615 4.43539 1.66337 131858 0 -1.28215 0.259434 0
-56.7532 14.4821 2.99243 0.836983 1.80754 1.73771 130628 0 3.07554 0.259362 2
34.4991 35.7826 0.718514 0.777786 0.850525 1.6897 161801 0 2.01974 0.258746 1
8.82536 31.627 0.981604 2.13242 4.82811 1.56795 155637 0 -0.863954 0.255318 0
36.9557 16.1394 0.133425 2.02026 4.56225 1.63429 133261 0 -1.28673 0.255275 0
57.7433 -2.17113 -1.49013 1.97456 4.36547 1.66199 106650 0 1.92999 0.255251 0
37.5859 15.5152 0.140525 2.00509 4.40487 1.65348 132327 0 -1.25401 0.254626 0
-34.9363 29.9299 2.04565 2.10743 4.99534 1.61295 153160 0 -0.890598 0.252659 0
53.5773 54.8819 0.0449727 2.0505 4.60177 1.64789 189941 0 -2.31484 0.252434 0
-47.2565 40.4665 2.75767 2.03783 4.52388 1.64191 168566 0 2.61984 0.250366 0
33.1447 -7.96768 -0.510666 0.930521 0.943769 1.61952 98149 0 -0.870607 0.24992 1
37.0751 -13.6101 -0.952225 0.783609 0.781476 1.67127 89737 0 -1.07415 0.246466 1
36.9029 -13.2081 -0.943971 0.899191 0.91117 1.69892 90205 0 -1.13037 0.245759 1
-51.9349 36.3791 2.83892 2.14411 4.84341 1.77581 162467 0 1.97218 0.245348 0
54.5453 4.66904 -1.403 2.00944 4.49339 1.63178 116468 0 -1.13916 0.244812 0
37.0543 -13.9149 -0.867229 0.817084 0.832246 1.73373 89269 0 0.0245618 0.243027 1
-5.20509 66.4767 2.1624 2.38922 5.89034 2.01208 206605 0 2.2653 0.242401 0
26.7253 69.5944 1.70067 2.17057 4.97503 1.72188 211385 0 1.81228 0.241772 0
-16.2158 19.9848 1.29433 0.695246 0.74229 1.57313 138711 0 -1.59441 0.241432 1
37.5186 -14.849 -0.838012 0.815832 0.860434 1.70043 87867 0 1.95529 0.241106 1
-5.00791 47.421 1.90431 0.89373 0.954676 1.79014 178994 0 -1.1167 0.239322 1
-57.8917 16.0596 3.09939 0.832248 0.878196 1.67248 132965 0 1.91676 0.238817 1
24.4275 61.3474 1.04024 1.77971 3.94136 1.51166 199210 0 1.99018 0.237824 0
-2.14733 74.7174 1.6654 2.00483 4.53924 1.66425 218783 0 1.99418 0.236806 0
-4.09488 36.8367 1.3232 2.15374 5.2387 1.5254 163553 0 -1.20361 0.235876 0
33.0686 51.6303 0.923797 2.04903 4.6986 1.60339 185197 0 -1.19969 0.235254 0
28.66 33.9928 1.77278 0.792012 0.738615 1.86696 159443 0 0.693866 0.234679 1
-28.3242 36.2321 1.93173 2.28104 5.34995 1.88378 162541 0 -0.877391 0.234202 0
28.3085 68.9607 1.40911 2.23993 5.05964 2.00144 210454 0 -0.200077 0.232383 0
-48.1276 39.888 2.67689 2.00755 4.53165 1.62219 167627 0 2.07291 0.231404 0
52.9681 36.3427 0.0982776 1.97412 4.38133 1.57782 162795 0 -2.69479 0.231229 0
36.9957 15.5384 0.0715739 1.99876 4.55991 1.63558 132325 0 -1.28409 0.230567 0
40.2909 -17.1213 -1.05653 0.904644 0.94603 1.7601 84599 0 1.77394 0.229941 1
37.2595 -13.3822 -0.951058 0.768069 0.776943 1.55019 90206 0 -0.929278 0.2279 1
-7.77744 34.0497 1.48238 0.717617 0.6942 1.49524 159329 0 -0.537515 0.226978 1
-8.08081 37.1424 1.57825 0.72944 0.682 1.60671 164008 0 0.588651 0.226312 1
66.3613 -13.3133 -2.10536 1.98353 4.38496 1.6753 90297 0 -0.223103 0.224842 0
-20.6597 49.1179 2.11812 2.00533 4.52349 1.60198 181285 0 -3.05261 0.224818 0
-9.10965 60.0881 2.22333 1.89383 4.21573 1.64835 197233 0 2.14964 0.224693 0
36.9964 14.8785 0.0516746 2.03224 4.52371 1.70642 131389 0 -1.30159 0.224555 0
25.5556 19.097 0.712353 1.84032 4.07966 1.55714 137437 0 -1.21152 0.223812 0
31.8074 -11.6587 -0.438075 0.737832 0.805117 1.74972 92529 0 1.9931 0.223423 1
10.2938 34.4014 1.23096 2.28879 5.32546 1.85795 159854 0 -0.893173 0.222575 0
-32.4133 31.6118 2.02025 2.20134 4.85365 1.74446 155508 0 -1.0366 0.221485 0
66.774 -12.3033 -2.0608 1.83901 3.96859 1.64652 91702 0 -1.41481 0.220486 0
57.0355 -5.32916 -1.69758 2.12729 4.87424 1.7133 101968 0 1.90059 0.220473 0
-61.5253 33.4076 3.21883 2.57988 6.37209 2.21884 158225 0 2.18612 0.219641 0
53.625 5.59728 -1.32187 1.99895 4.44543 1.62258 117869 0 -1.11769 0.219634 0
37.9051 15.2018 0.143476 2.02098 4.494 1.72229 131860 0 -1.2509 0.219303 0
66.0655 -2.3993 -1.51796 2.06321 4.60392 1.70047 106208 0 1.66941 0.218579 0
55.9121 -5.28676 -1.95777 1.94015 4.2589 1.5585 101964 0 1.95924 0.218557 0
53.2385 2.99256 -1.22139 2.10098 4.67688 1.76304 114124 0 -1.18218 0.217179 0
68.3009 -6.55967 -2.26111 1.98352 4.50141 1.67423 100131 0 1.55677 0.217079 0
-9.98792 60.7081 2.17162 2.21392 5.46394 1.93964 198166 0 2.17369 0.217014 0
-20.9667 49.1225 2.11578 2.06712 4.55192 1.64156 181284 0 2.48975 0.216845 0
-20.6516 48.7984 2.08356 2.0054 4.44124 1.58671 180817 0 -0.465568 0.216225 0
58.1675 0.463142 -1.56241 1.88788 4.04868 1.59537 110395 0 1.95127 0.215862 0
-47.5728 39.907 2.68397 1.84309 4.01925 1.56121 167629 0 0.152914 0.215645 0
52.9599 1.82403 -1.31318 2.00932 4.46528 1.64452 112251 0 -1.22421 0.214924 0
58.7075 0.692558 -1.5539 2.07119 4.66912 1.70127 110865 0 1.89697 0.213981 0
33.7861 -0.104324 1.72933 0.768247 0.803295 1.74104 109383 0 0.358619 0.213693 1
53.292 55.173 0.0420501 2.02715 4.54868 1.63835 190408 0 -2.4346 0.213526 0
31.8829 -10.1982 -0.586133 0.746885 0.752219 1.68006 94869 0 -0.0263074 0.213164 1
58.4316 -22.9306 -1.08291 2.68788 5.85859 2.96558 76232 0 0.306765 0.21228 0
-8.09329 34.6971 1.46501 0.694379 0.697727 1.55867 160264 0 -1.3691 0.211467 1
-7.74912 33.7871 1.44739 0.754853 0.726806 1.54358 158861 0 -0.0026986 0.21104 1
28.5807 33.3591 1.37873 0.742806 0.710886 1.65188 158507 0 1.52563 0.210325 1
57.4942 -2.95319 -1.53277 2.03006 4.51182 1.68859 105245 0 1.92577 0.20963 0
32.4387 -12.2056 -0.484527 0.829593 0.869953 1.72877 91595 0 1.91184 0.209233 1
42.7131 13.2589 -0.282975 2.03126 4.25691 1.69802 129067 0 1.72508 0.208984 0
17.5576 12.9312 0.586549 1.80852 3.84168 1.45136 128520 0 -1.24173 0.208103 0
-7.90726 34.4346 1.4312 0.663179 0.70088 1.42852 159797 0 -1.45467 0.207292 1
34.206 -11.149 -0.680272 0.79799 0.789386 1.70618 93472 0 0.355414 0.206905 1
28.5608 32.9469 1.15745 0.707324 0.656057 1.33763 157571 0 1.86311 0.206417 1
25.766 16.7307 0.678236 0.837464 0.84243 1.67517 134162 0 0.415071 0.205809 1
33.9742 54.4599 1.08064 2.27382 5.23229 1.87034 189412 0 -1.22687 0.204719 0
-30.2414 34.1016 1.75334 2.02157 4.57207 1.60092 159259 0 -0.899334 0.204056 0
36.3361 64.8206 1.01087 2.07252 4.68477 1.87121 204395 0 -2.69565 0.203274 0
-6.13862 47.7756 1.82027 0.826656 0.760139 1.71148 179458 0 0.544578 0.202822 1
60.0922 5.70309 -1.47507 1.87094 4.15326 1.53976 117889 0 1.97456 0.20275 0
-20.3495 49.4401 2.10634 1.99359 4.55525 1.56025 181754 0 -2.93068 0.202529 0
42.7074 12.978 -0.297003 1.44031 2.31393 1.7337 128599 0 1.619 0.202378 0
54.261 4.34614 -1.36791 1.99981 4.39236 1.65873 115999 0 -1.15497 0.201849 0
25.7072 16.0744 0.629575 2.0224 4.29423 1.77349 133226 0 1.85324 0.201358 0
52.0439 3.63402 -1.09688 1.98504 4.28163 1.62611 115056 0 -1.22332 0.201193 0
22.6726 26.4284 0.691674 1.68578 3.6045 1.43085 148192 0 -1.22721 0.199891 0
43.4182 29.0533 0.0502922 1.91566 4.35352 1.49882 152001 0 -0.710462 0.198894 0
-5.55441 45.0666 1.60005 1.93125 4.45072 1.51045 175248 0 -0.965109 0.197594 0
-35.6692 27.161 1.99555 1.81665 3.90904 1.53137 148946 0 1.2257 0.197142 0
52.0463 2.74516 -1.19809 1.94295 4.22857 1.61662 113652 0 -1.19425 0.196431 0
25.7532 16.4876 0.653973 0.940985 1.07496 1.71151 133694 0 1.51887 0.196362 1
32.1292 -12.2072 -0.479568 0.886631 0.920766 1.80672 91594 0 1.20688 0.196243 1
60.0093 6.14922 -1.40461 2.09224 4.67168 1.67318 118825 0 2.01967 0.196028 0
22.8217 58.9981 1.20315 2.08081 4.72651 1.80721 195929 0 2.06704 0.195933 0
52.365 2.12502 -1.29675 1.91811 4.20862 1.60407 112717 0 -1.22498 0.19572 0
-7.76323 65.1634 1.96055 2.00667 4.61963 1.69798 204725 0 2.13545 0.195517 0
3.59406 -16.1616 0.511019 0.759627 1.76367 1.42409 85889 0 -3.08508 0.194734 0
43.3586 14.2408 -0.211159 1.99093 4.29115 1.63915 130473 0 0.262853 0.193203 0
-7.12427 64.5661 1.98525 2.07359 4.76266 1.6881 203791 0 0.0205996 0.193051 0
59.7974 9.97737 -0.0370441 0.821134 2.00801 1.77942 124440 0 -2.86718 0.192398 2
65.7839 -2.70493 -1.61356 1.96959 4.4326 1.6425 105739 0 1.69407 0.192147 0
53.6108 54.2865 0.113519 2.00827 4.51988 1.61637 189005 0 -2.08743 0.191808 0
-22.097 -2.12395 0.799603 1.97949 4.31467 1.57187 106400 0 0.366875 0.191343 0
43.0981 29.563 0.0530112 2.11261 4.91113 1.59716 152936 0 1.73206 0.191201 0
52.3274 3.97364 -1.07135 1.95288 4.23765 1.59013 115525 0 -1.21373 0.191177 0
-19.7722 25.6624 1.49992 1.85933 4.2063 1.56193 147124 0 -0.965215 0.190939 0
-20.3514 49.1253 2.10016 1.96865 4.34936 1.54889 181286 0 -2.36204 0.19081 0
36.6786 15.8573 0.0898755 1.98088 4.40191 1.60967 132792 0 -1.27888 0.190768 0
-4.33888 8.55029 1.061 0.831405 1.16663 1.5787 121900 0 -0.601832 0.190443 1
-20.6249 48.5095 2.05942 2.0185 4.41249 1.59026 180349 0 -0.0770666 0.190366 0
-30.8578 34.409 1.87365 1.98603 4.49774 1.59457 159725 0 -0.929247 0.190341 0
56.7826 -5.82641 -1.78641 2.12538 4.8156 1.71851 101031 0 1.97428 0.190323 0
50.5353 4.11739 -1.04394 0.850438 1.0179 1.77201 115519 0 2.79082 0.190098 1
26.9689 69.5815 1.68611 2.20414 4.96139 1.76537 211386 0 1.48997 0.190034 0
-5.97567 47.6356 1.82094 0.839723 0.779227 1.72815 178991 0 0.458026 0.189349 1
-21.3478 23.7298 1.52599 1.8896 4.55933 1.52599 144311 0 -1.00839 0.18918 0
-4.33954 8.71175 1.05539 0.824633 1.11427 1.64929 122368 0 -0.803526 0.189142 1
37.5344 62.828 1.24158 2.52409 6.10991 2.13396 201591 0 -1.17998 0.188265 0
-20.9441 48.8281 2.08442 2.03913 4.51113 1.60763 180816 0 2.18953 0.188223 0
52.3093 6.24329 -1.02398 2.01333 4.54613 1.66555 118801 0 1.77753 0.187844 0
42.1165 62.6275 1.48745 1.91882 4.02104 1.60318 201137 0 -2.88421 0.187843 0
34.6005 -11.2997 -0.686156 0.810123 0.7976 1.74064 93006 0 0.461135 0.187751 1
28.3495 69.6096 1.50999 2.10458 4.47482 1.8409 211390 0 -0.00411799 0.186695 0
18.1921 15.6316 0.615711 1.63274 3.28539 1.42161 132266 0 -1.19394 0.186649 0
30.458 45.8148 0.914772 2.23696 5.10054 1.89906 176765 0 -1.30051 0.186583 0
24.4463 62.1773 1.13278 2.15549 4.88621 1.71853 200614 0 2.23515 0.186163 0
7.48821 22.1094 1.15992 2.38004 5.30335 1.97296 142061 0 2.08278 0.185233 0
25.071 15.2841 0.583512 0.914348 0.971357 1.70592 131820 0 1.90551 0.184386 1
53.2927 36.0227 0.130291 1.96761 4.31204 1.59737 162328 0 -2.56489 0.183921 0
61.9192 5.03661 -1.25685 2.0209 4.62303 1.67054 116959 0 2.00108 0.183864 0
7.10825 30.144 1.02187 2.02938 4.65464 1.50839 153760 0 -0.90971 0.183838 0
28.0572 68.6492 1.41067 2.08508 4.58732 1.91114 209985 0 -0.246619 0.183559 0
26.3493 35.2983 0.743365 2.00488 4.48543 1.5602 161308 0 -1.28414 0.183559 0
6.22623 30.7885 1.20755 2.06524 4.67963 1.54249 154693 0 -0.899312 0.183513 0
21.4013 23.8064 0.866342 1.77398 3.45659 1.65622 144444 0 -1.27429 0.183443 0
51.7348 3.0555 -1.20073 1.97694 4.35826 1.67464 114119 0 -1.25542 0.183423 0
9.33939 35.2522 1.31105 2.09939 4.5413 1.65194 161255 0 3.04481 0.182882 0
-4.22427 47.614 1.84754 2.11262 4.83496 1.81269 178996 0 -0.969497 0.182863 0
9.53654 34.492 1.26939 1.87378 3.82562 1.58752 159851 0 -0.9293 0.182379 0
28.6196 69.6606 1.49069 1.99648 4.2339 1.82492 211391 0 -2.03575 0.182001 0
43.0247 12.9851 -0.345494 2.10337 4.58029 1.71632 128600 0 1.59454 0.181616 0
52.3043 35.072 -0.0911317 1.98918 4.52397 1.65813 160921 0 2.05328 0.181425 0
-7.90794 34.7086 1.42264 0.804962 0.993104 1.47803 160265 0 -1.21434 0.18075 1
53.7811 41.7098 0.90155 0.846215 1.79608 1.79779 170754 0 -2.85379 0.179959 2
25.7472 71.5085 1.58983 2.14751 4.91158 1.72581 214190 0 -2.74467 0.179629 0
37.8903 15.8029 0.19183 1.99516 4.42724 1.67192 132796 0 -1.26781 0.179032 0
9.36835 31.5367 0.967922 2.23413 5.02106 1.64313 155639 0 -0.931571 0.178958 0
37.576 14.5832 0.0287539 2.03857 4.43854 1.76508 130923 0 -1.2727 0.178952 0
36.9225 59.3986 1.14754 2.18941 5.16377 1.74235 196441 0 -1.16292 0.178931 0
-68.5979 18.2962 3.378 1.91467 4.16114 1.56716 136207 0 0.373204 0.17891 0
-7.5343 33.5306 1.44854 0.728094 0.677307 1.52793 158394 0 0.380665 0.178675 1
-20.3349 49.7418 2.1603 2.05921 4.56269 1.60802 182222 0 3.02973 0.178525 0
-32.7196 32.1289 2.08875 2.35289 5.67949 1.90726 156443 0 -0.93807 0.177991 0
68.9583 -6.55146 -2.1105 2.00323 4.48078 1.66721 100133 0 -1.42755 0.177482 0
-31.8669 32.397 2.00373 2.22912 5.12011 1.74257 156914 0 -0.687338 0.177397 0
36.6846 -12.7535 -0.836019 0.851167 0.870003 1.65201 91140 0 -1.1137 0.177349 1
37.0354 -14.7965 -0.68944 0.897071 0.98035 1.76189 87865 0 2.41882 0.176529 1
-17.3344 30.3312 1.5647 1.93315 4.45263 1.56669 153683 0 -0.968551 0.176435 0
67.0627 -12.5751 -2.12073 2.02317 4.40941 1.74447 91235 0 -1.33301 0.175909 0
65.7934 -2.09802 -1.57269 1.96608 4.4114 1.66428 106675 0 1.67995 0.175849 0
-53.1892 20.5696 2.75985 2.41669 5.72725 2.07258 139531 0 1.97243 0.175821 0
28.683 23.9287 0.5677 2.11599 4.70605 1.47358 144467 0 1.87259 0.175407 0
-35.9378 27.1708 2.01519 1.87588 4.0714 1.56951 148945 0 2.20058 0.174756 0
-1.09561 -13.4022 0.800405 0.773493 0.761808 1.73368 90086 0 -1.3196 0.174612 1
-48.1071 40.7325 2.82907 2.38688 5.60382 1.95476 169031 0 2.29539 0.174342 0
1.04217 -13.6323 0.484764 0.813965 0.899579 1.62253 89625 0 2.30243 0.174239 1
43.3571 14.5424 -0.168223 2.01843 4.46764 1.67121 130941 0 3.07559 0.174098 0
-21.2683 25.1393 1.68441 0.673279 0.648233 1.49803 146183 0 -0.447273 0.174067 1
37.562 16.1154 0.215711 2.01702 4.43443 1.63109 133263 0 -1.29458 0.17391 0
-46.914 40.4885 2.73735 2.00558 4.42221 1.62539 168567 0 3.00483 0.173084 0
-8.82846 60.0359 2.23828 1.8912 4.05633 1.60959 197234 0 1.25455 0.173057 0
41.7602 5.40321 -0.838995 1.87353 4.31201 1.58135 117364 0 1.85055 0.172776 0
26.093 62.2432 1.13116 2.00326 4.50866 1.61327 200619 0 -2.7659 0.172615 0
52.9757 55.507 0.0590816 2.03199 4.55223 1.64751 190875 0 -2.5367 0.172283 0
35.4403 59.9748 1.18026 1.96968 4.52086 1.7558 197372 0 -1.26088 0.172051 0
7.94757 32.2314 1.08955 2.00709 4.57018 1.49615 156570 0 -0.891371 0.171535 0
53.5664 35.9877 0.208108 2.0562 4.57638 1.65009 162329 0 1.25964 0.171243 0
-21.2614 24.7859 1.67855 0.729054 0.6824 1.53421 145715 0 -0.460554 0.171192 1
43.0615 13.5876 -0.304689 1.97708 4.49615 1.66979 129536 0 1.54915 0.171082 0
-20.0212 49.4375 2.11344 2.01996 4.51915 1.54516 181755 0 -2.66215 0.170966 0
42.0467 61.6115 1.44772 2.36276 5.65166 1.96708 199733 0 -2.02232 0.170855 0
58.4753 -23.1327 -0.997274 2.67802 5.86242 2.87222 75764 0 1.58386 0.17082 0
43.09 14.2406 -0.251399 1.95767 4.26237 1.62497 130472 0 3.10678 0.170741 0
40.6876 -16.9144 -1.17501 0.917999 1.00671 1.76139 85069 0 1.51754 0.170721 1
30.4779 45.3961 0.907609 2.26917 5.23151 1.92316 175829 0 -1.20992 0.170394 0
32.5198 51.1022 0.868519 2.04024 4.6979 1.57637 184259 0 -1.12664 0.17017 0
-68.1043 17.5186 3.19115 2.01408 4.44301 1.57179 134805 0 0.292901 0.170086 0
-16.7356 19.4317 1.31707 0.862475 0.900993 1.70303 137773 0 -1.2811 0.169668 1
-21.2393 23.0019 1.54338 1.97937 4.69978 1.52459 142907 0 -0.977387 0.169573 0
-8.08042 34.4614 1.47976 0.720554 0.703864 1.53995 159796 0 -1.36456 0.169194 1
52.0274 6.24065 -0.986958 2.12351 4.81788 1.72293 118800 0 -2.35113 0.168974 0
52.6519 5.96008 -1.07368 1.92888 4.3724 1.62559 118334 0 -0.687191 0.168972 0
28.416 32.9366 1.12375 0.720274 0.679655 1.35286 157570 0 1.91338 0.168935 1
33.4531 36.9901 0.95273 1.85278 4.23351 1.54795 163670 0 1.93582 0.168868 0
-41.4194 21.6813 1.18861 0.863701 1.30885 1.80559 140972 0 1.99941 0.168821 1
-17.0471 58.8291 2.35473 1.78907 4.0745 1.61411 195336 0 -1.00234 0.168618 0
-28.901 35.7385 1.97828 2.45693 6.14022 2.12549 161603 0 -0.942916 0.16839 0
69.6261 -6.55943 -2.02184 1.95515 4.31828 1.66972 100135 0 1.58096 0.167409 0
54.5086 5.51825 -1.34441 1.98687 4.37195 1.59885 117872 0 -1.22395 0.167168 0
-7.94334 37.1506 1.57909 0.699989 0.658506 1.64058 164009 0 1.20627 0.167119 1
61.8739 5.51373 -1.30154 2.12226 4.74067 1.7247 117895 0 1.85709 0.166684 0
-1.85159 74.1032 1.69612 1.8249 3.95913 1.47684 217848 0 1.93076 0.166519 0
-27.4041 35.3857 1.85111 1.90267 4.01627 1.49298 161140 0 -0.925597 0.166352 0
52.611 6.21847 -1.05544 1.9096 4.24954 1.61198 118802 0 0.528487 0.165853 0
-1.85194 74.373 1.71986 1.93985 4.34728 1.51828 218316 0 1.88954 0.165593 0
36.6706 14.5612 0.0506867 2.09737 4.73909 1.80614 130920 0 -1.2703 0.165171 0
36.3646 16.1882 0.10751 1.96901 4.47701 1.61186 133259 0 -1.31444 0.165167 0
2.09024 23.0221 0.942456 1.78575 3.96952 1.39291 142980 0 -0.942946 0.165157 0
36.5668 59.9073 1.17819 2.2616 5.42844 1.82954 197376 0 -1.19107 0.165029 0
-9.77123 61.1614 2.22337 2.43872 5.79922 1.99175 199103 0 2.25882 0.164856 0
10.1084 34.1898 1.25623 2.0951 4.57983 1.70213 159385 0 -0.898633 0.163973 0
57.169 -2.14547 -1.50854 1.96815 4.36131 1.63384 106648 0 1.93955 0.162776 0
37.5097 -14.6189 -0.773445 0.838154 0.91088 1.74162 88335 0 1.98731 0.162371 1
23.2315 25.8869 0.61277 2.04775 4.74352 1.54727 147258 0 -1.20263 0.162224 0
67.9994 -6.81525 -2.22886 2.01994 4.47364 1.6484 99662 0 1.53169 0.161264 0
31.5831 -11.6627 -0.43373 0.787224 0.853702 1.77809 92528 0 2.00222 0.160797 1
28.3914 70.497 1.64779 2.21645 4.92027 1.85981 212794 0 -2.92011 0.160109 0
43.0784 13.9197 -0.306675 1.94702 4.26285 1.63544 130004 0 1.49869 0.160023 0
67.3538 -11.769 -2.081 2.1088 4.69501 1.83726 92640 0 -1.53948 0.159484 0
25.4915 35.0769 0.668076 2.05354 4.56964 1.60577 160837 0 -1.24919 0.159341 0
-21.5775 49.127 2.15394 2.08357 4.66457 1.68769 181282 0 2.24781 0.159295 0
50.9715 4.04704 -1.02883 0.851097 1.68848 1.81353 115521 0 -1.81797 0.159261 2
-65.9909 17.0024 3.37102 1.91346 4.0838 1.58737 134343 0 0.34058 0.159191 0
28.4084 33.3354 1.28187 0.730818 0.706364 1.59209 158506 0 1.78994 0.159025 1
66.051 -2.99702 -1.47111 2.10676 4.74188 1.6934 105272 0 1.74247 0.159009 0
43.3423 13.2811 -0.300089 1.99172 4.46353 1.67085 129069 0 1.56939 0.15894 0
52.3042 6.51759 -1.02057 2.0551 4.63562 1.68206 119269 0 1.19944 0.158547 0
8.12466 32.6894 1.04286 2.05802 4.68394 1.50183 157507 0 -0.921983 0.158224 0
43.3395 13.5975 -0.277803 1.98472 4.38418 1.66573 129537 0 1.00102 0.158154 0
-6.00819 64.1726 2.18032 2.23188 5.1567 1.74026 203327 0 -0.948223 0.157722 0
-20.0264 49.7492 2.15374 2.04956 4.60643 1.5981 182223 0 -2.93277 0.157615 0
52.7113 36.6045 0.0957058 2.02735 4.5159 1.65123 163262 0 -2.84781 0.15761 0
38.2181 15.498 0.229512 2.06732 4.54725 1.76336 132329 0 -1.29038 0.156568 0
53.6002 52.963 0.176929 1.99172 4.56547 1.60113 187133 0 -0.917924 0.15634 0
43.6502 13.9326 -0.238643 1.99113 4.32811 1.6477 130006 0 0.666786 0.156069 0
23.4362 26.5928 0.690429 2.03839 4.5955 1.56907 148663 0 -1.31692 0.155266 0
32.2004 51.9417 0.837911 1.91852 4.28715 1.56221 185662 0 -1.22793 0.155188 0
-22.1293 23.5919 1.56058 2.00598 4.79741 1.53295 143840 0 -0.963686 0.155082 0
-20.9483 49.7198 2.25989 2.14878 4.84979 1.71182 182220 0 2.66861 0.155046 0
66.0692 -1.79742 -1.45132 2.06174 4.60994 1.72189 107144 0 1.59399 0.154931 0
52.3202 4.30358 -1.06568 1.90162 4.08895 1.5902 115993 0 -1.30572 0.154887 0
-16.1458 20.7476 1.2476 1.6676 3.5366 1.48795 139647 0 2.13114 0.154582 0
44.049 28.7145 0.00836505 1.91957 4.2759 1.49757 151535 0 -1.16992 0.154423 0
-20.5481 25.5299 1.56951 1.91222 4.06839 1.62933 146653 0 -0.883051 0.154413 0
52.3258 5.97976 -1.01771 1.9565 4.47379 1.64058 118333 0 2.14744 0.154284 0
37.517 -13.8278 -0.898147 0.814628 0.836844 1.69816 89271 0 1.93398 0.154086 1
25.0881 15.5175 0.591557 1.0625 1.3377 1.71228 132288 0 1.96124 0.153977 1
52.9939 5.65868 -1.21939 1.94654 4.4555 1.62974 117867 0 -1.14489 0.153635 0
68.009 -9.74155 -2.03915 1.88876 4.19322 1.64397 95450 0 -1.38252 0.153439 0
53.3091 35.7118 0.092163 1.90329 4.18589 1.59117 161860 0 -3.07278 0.153402 0
-20.3117 48.1862 2.08001 2.05567 4.53934 1.61536 179882 0 -0.244062 0.152991 0
36.0876 63.2303 1.20644 2.04183 4.30672 1.88924 202054 0 -1.17832 0.152963 0
59.6636 3.02142 -1.41684 1.97359 4.41663 1.55774 114144 0 1.98503 0.152942 0
33.7406 37.2651 0.982218 1.80277 4.02393 1.53144 164139 0 1.99045 0.152925 0
24.7241 61.6 1.07723 1.76399 3.90056 1.50515 199679 0 2.11218 0.152059 0
24.914 15.283 0.571292 0.951036 1.01414 1.69108 131819 0 1.92032 0.151611 1
62.8805 -24.813 -1.9448 3.32237 10.1871 3.45859 73438 0 -1.2333 0.150737 0
35.7357 59.4357 1.18206 2.05598 4.85628 1.80378 196437 0 -1.1228 0.150654 0
45.2102 28.607 0.176482 2.15685 4.97878 1.66073 151539 0 -1.18766 0.150515 0
-5.00524 66.9302 2.16378 2.53707 6.04934 2.08918 207542 0 2.41599 0.150033 0
-20.9267 48.5186 2.04436 2.02023 4.52613 1.58612 180348 0 1.73933 0.149537 0
6.33832 30.0068 1.13286 1.93294 4.41317 1.4478 153289 0 -0.924516 0.149383 0
68.6364 -6.82587 -2.16665 2.0055 4.5089 1.68252 99664 0 1.42881 0.147302 0
36.9086 -12.713 -0.894936 0.8325 0.882044 1.66551 91141 0 -1.13135 0.147232 1
52.626 35.0593 -0.0441668 1.99305 4.55358 1.65576 160922 0 -1.66948 0.147132 0
36.3851 15.5346 0.0957321 1.35354 2.42968 1.62254 132323 0 -1.35457 0.146776 1
36.6837 15.21 0.0455652 1.94705 4.2429 1.65563 131856 0 -1.32449 0.146648 0
-60.3131 32.5948 3.07384 2.23512 4.80889 1.80254 156825 0 2.13756 0.146422 0
68.9581 -6.28614 -2.10622 2.02272 4.4872 1.66899 100601 0 -1.86503 0.146176 0
-58.3045 15.8526 3.19228 0.80251 0.957639 1.67066 132495 0 1.78895 0.145644 1
40.2614 -17.3742 -1.0952 0.814825 0.902249 1.70596 84131 0 2.11157 0.145482 1
-16.4228 20.3138 1.29888 0.704628 0.976431 1.5374 139178 0 -2.75254 0.145358 1
53.3939 41.6971 0.951637 0.848165 1.90611 1.80494 170752 0 3.0712 0.14521 2
