2.72178 10.7148 1.03454 2.06708 4.74473 1.53471 125198 0 1.94649 0.949386 0
-19.2501 -2.64626 0.769859 2.28475 5.07341 1.90735 105473 0 0.337729 0.92843 0
20.5826 8.14832 0.678668 2.08517 4.66329 1.92189 121510 0 1.91955 0.920264 0
-23.2362 20.9302 1.69104 2.20662 5.21689 1.78928 140093 0 -0.99584 0.920248 0
-26.9988 0.103348 0.997486 2.11079 4.77202 1.61702 109661 0 0.30333 0.916892 0
-19.965 15.8201 1.23659 1.94873 4.25613 1.59976 132615 0 2.15019 0.914516 0
4.32153 13.9054 1.11987 2.13498 4.8436 1.81873 129883 0 2.02412 0.913543 0
-12.0576 27.9478 1.29613 2.07995 4.78069 1.49484 150424 0 2.14067 0.910661 0
33.0657 5.84235 0.0438784 2.21184 5.07476 1.90411 118273 0 -1.24492 0.910333 0
-10.447 30.1848 1.52485 2.18887 4.96367 1.79092 153705 0 2.15737 0.901163 0
-13.9415 25.8446 1.47754 2.04033 4.62175 1.76495 147142 0 2.1247 0.898926 0
-5.37597 14.609 0.814375 1.98805 4.48572 1.47504 130789 0 -1.01819 0.898636 0
-7.43671 12.5998 0.798286 2.13962 4.98978 1.51137 127974 0 -0.957485 0.89202 0
4.55304 27.931 1.3824 2.25205 5.05188 1.86495 150476 0 -0.923244 0.886232 0
1.12514 23.467 0.936251 2.10231 4.93156 1.47718 143913 0 -0.988736 0.884614 0
-18.1991 18.9444 1.18896 2.0577 4.63414 1.45341 137301 0 -0.95557 0.87812 0
-24.7111 -1.16303 0.850517 2.03524 4.52912 1.5812 107796 0 0.342638 0.871743 0
-0.568619 21.3554 1.16169 2.09075 4.47918 1.80266 140632 0 -0.97986 0.868071 0
51.085 -3.58736 -0.97084 1.94793 4.22681 1.68825 104289 0 -1.13279 0.866207 0
-38.1799 14.624 1.72302 2.0397 4.60314 1.57179 130686 0 1.95412 0.862759 0
-4.2983 17.3404 0.909344 2.06108 4.74727 1.48421 135004 0 -0.976056 0.861974 0
-26.322 16.4755 1.59122 2.14138 4.78731 1.81673 133531 0 -0.96212 0.860807 0
-56.7687 17.7688 2.57303 2.18406 4.53112 1.65767 135308 0 -1.19394 0.86018 0
20.3032 20.9848 0.740796 2.02304 4.78435 1.44859 140229 0 1.85552 0.851872 0
5.86058 16.1058 1.15861 2.18218 4.79837 1.86671 133164 0 2.08755 0.851757 0
33.7879 8.8232 0.0150916 2.05259 4.55816 1.81243 122487 0 -1.21389 0.851359 0
0.208435 44.2817 1.34618 2.16917 5.05331 1.51706 174330 0 2.18604 0.848791 0
39.9212 2.43407 -0.641932 1.93414 4.39066 1.50717 113146 0 1.94733 0.84855 0
-56.8118 29.8723 2.59532 2.00195 4.41053 1.63094 153092 0 2.20778 0.84804 0
15.917 9.87682 0.760773 1.89228 4.43785 1.56088 123835 0 -1.172 0.846946 0
-14.7739 23.3179 1.24503 1.9596 4.55812 1.52492 143395 0 2.16411 0.845869 0
2.45326 25.7626 1.06206 2.03894 4.60826 1.48079 147193 0 -0.940802 0.844428 0
7.10062 21.8498 1.21533 2.25415 5.11207 1.96655 141592 0 2.07453 0.841585 0
-16.8808 19.6388 1.23934 0.7603 0.751532 1.63477 138241 0 -1.06138 0.841321 1
-2.6094 19.4721 1.07248 2.1022 4.91249 1.79562 137817 0 2.17207 0.840453 0
-64.0637 14.9174 2.83299 2.08348 4.77211 1.60817 131073 0 0.392482 0.839321 0
23.4746 13.5811 0.678653 2.2369 4.96615 1.80867 129475 0 1.91956 0.835727 0
18.9924 18.3853 0.744158 2.04733 4.83874 1.47991 136481 0 -1.26072 0.833994 0
-9.06296 32.7625 1.2174 1.98955 4.66837 1.43078 157453 0 -0.995502 0.830048 0
-24.5457 18.674 1.41167 2.09104 4.66758 1.5365 136813 0 -1.02232 0.824414 0
-1.69967 41.8005 1.31869 1.98411 4.52842 1.45215 170580 0 2.23818 0.823059 0
25.497 19.036 0.838363 2.06459 4.66417 1.62816 137437 0 -1.21554 0.819475 0
-16.7359 21.0482 1.17524 1.9762 4.62849 1.49896 140113 0 2.13341 0.817676 0
-39.5937 23.1224 1.94333 2.08695 4.59828 1.73804 143318 0 -0.94404 0.814513 0
18.0556 15.7546 0.721096 1.93251 4.4854 1.44161 132734 0 -1.24197 0.809751 0
17.4475 12.8542 0.685577 1.95197 4.50857 1.45873 128520 0 -1.24301 0.806539 0
26.4661 37.6279 1.04716 2.02404 4.54387 1.66903 164584 0 -1.20593 0.804932 0
-44.956 23.3052 2.04838 1.95368 4.196 1.66426 143301 0 2.26427 0.802478 0
-44.3738 12.8765 1.93934 2.13937 4.62967 1.558 128327 0 -1.18789 0.797119 0
-15.8694 32.7635 1.64139 2.09317 4.6096 1.70558 157432 0 -0.994246 0.797094 0
-22.2072 -2.13804 0.73543 1.96607 4.26064 1.61253 106400 0 0.320632 0.792155 0
22.2471 10.7579 0.486503 1.9974 4.42875 1.63361 125259 0 1.96368 0.789881 0
-66.454 16.2083 3.05805 2.00165 4.46653 1.61234 132938 0 0.405312 0.783759 0
21.3222 23.7855 1.01274 1.9662 4.41237 1.77209 144444 0 -1.2654 0.77883 0
29.598 45.5987 1.05104 2.04342 4.55585 1.80954 176294 0 -1.21698 0.777033 0
-41.8281 28.3675 2.19526 2.07398 4.42448 1.71616 150799 0 -0.905667 0.774712 0
28.6674 43.1031 0.872782 1.97377 4.48528 1.5672 172547 0 -1.20278 0.761821 0
22.6071 29.3432 1.05243 2.04849 4.70134 1.69677 152404 0 1.95389 0.758476 0
27.9765 40.6971 1.1046 2.08675 4.63373 1.87643 169269 0 -1.25612 0.755992 0
33.1047 54.462 1.26071 2.101 4.67729 1.73246 189409 0 -1.21012 0.754711 0
-18.9626 28.2503 1.49499 1.97607 4.4368 1.6503 150870 0 -1.02719 0.750358 0
1.70685 46.8189 1.67898 2.07367 4.54632 1.71391 178079 0 2.23307 0.739238 0
-17.6927 59.3526 2.28479 2.16151 4.91779 1.72048 196270 0 -0.918635 0.737297 0
-26.5075 40.7348 2.10762 2.37884 5.82793 1.94054 169099 0 -0.946217 0.737068 0
36.389 -13.0109 -0.778835 0.879755 0.893995 1.68629 90671 0 -1.25698 0.73568 1
-3.71104 39.8447 1.55215 2.07158 4.79938 1.56355 167766 0 2.22327 0.731909 0
-17.1105 30.2559 1.38541 1.95335 4.59686 1.55992 153684 0 -1.00785 0.728442 0
-20.6555 25.6626 1.45904 1.94563 4.46938 1.57049 147121 0 -1.04085 0.727295 0
32.6878 -8.12426 -0.392612 0.900662 0.979679 1.59404 97680 0 0.00990185 0.726079 1
56.1379 -5.58301 -1.50476 1.97894 4.46762 1.66 101497 0 1.97055 0.722874 0
52.3453 -1.01208 -1.2205 1.949 4.47871 1.59147 108037 0 -1.239 0.717339 0
-9.20465 41.0318 1.67476 2.25593 5.44048 1.66744 169621 0 -0.937191 0.705589 0
31.303 -12.0408 -0.311702 0.877227 0.92876 1.80782 92059 0 -1.60901 0.704892 1
22.6144 26.3511 0.867119 1.83732 4.05244 1.50563 148192 0 -1.25092 0.702262 0
66.7585 -12.5829 -1.918 1.9676 4.37653 1.56925 91234 0 -1.15517 0.698344 0
-8.79555 10.1478 0.721197 1.88557 4.34561 1.46852 124226 0 -1.00065 0.697486 0
-36.666 27.6079 1.9211 2.07037 4.57251 1.60428 149879 0 2.23611 0.6961 0
-17.0013 19.6219 1.2436 0.802051 0.782727 1.65745 138240 0 -1.08691 0.688325 1
-54.8486 41.7846 2.85462 2.15857 4.7721 1.7579 170414 0 -1.0156 0.687212 0
67.653 -9.78979 -1.91266 1.99106 4.48954 1.57287 95449 0 -1.21431 0.680244 0
-7.88441 33.868 1.46687 0.748244 0.711364 1.6537 158861 0 2.1191 0.677562 1
-21.9052 23.2139 1.4288 1.96137 4.63722 1.5352 143373 0 -1.05974 0.673941 0
-53.6405 20.4035 2.54795 2.10707 4.36985 1.83391 139062 0 1.97732 0.66722 0
-7.5692 34.9404 1.37652 2.1418 5.06758 1.57875 160734 0 -0.986449 0.663597 0
-35.0166 29.645 1.82509 1.9744 4.52437 1.55013 152692 0 -0.930184 0.65919 0
-61.2632 33.0356 2.8202 2.11986 4.78524 1.83837 157758 0 -0.926598 0.647191 0
41.3999 5.85206 -0.575234 2.10028 4.80858 1.70245 118299 0 1.98237 0.638977 0
-32.4928 31.8328 1.91932 2.04088 4.51359 1.65729 155976 0 -0.907495 0.638383 0
36.9452 -13.6683 -0.926407 0.772374 0.783011 1.58719 89737 0 -1.16721 0.634803 1
-4.94426 36.935 1.34704 2.07735 5.01464 1.51583 163550 0 2.08728 0.63374 0
7.86466 32.2058 1.04436 2.13833 4.86928 1.62024 156570 0 -0.90716 0.614511 0
-7.90549 33.9582 1.444 0.721512 0.71835 1.61097 159329 0 2.92506 0.610868 1
29.2271 27.0259 0.971967 2.16519 4.84725 1.6692 149149 0 1.88969 0.606418 0
59.3475 9.77344 0.164038 0.797219 1.93272 1.72087 123971 0 0.49995 0.603468 2
6.21488 30.191 1.07257 2.08972 4.73874 1.54016 153757 0 -0.928001 0.591002 0
36.9232 -13.814 -0.868467 0.839123 0.869565 1.67306 89269 0 -0.703407 0.572363 1
-58.5294 15.9148 2.83254 0.842643 0.869263 1.66121 132495 0 -1.16969 0.571332 1
-4.63415 36.6815 1.32539 2.05222 4.92355 1.50323 163083 0 -0.801292 0.565914 0
-4.64326 47.8059 1.85868 2.20214 5.11464 1.82081 179463 0 -0.994989 0.564699 0
-57.1701 14.4536 2.69455 0.758492 1.7407 1.76168 130627 0 -0.468076 0.563005 2
31.9501 -11.776 -0.378325 0.714944 0.78046 1.66921 92529 0 2.00381 0.56187 1
28.029 24.5471 0.685975 2.03216 4.64521 1.42362 145401 0 1.87538 0.559753 0
24.768 16.1413 0.685333 2.22749 5.15785 1.77881 133223 0 1.92353 0.554562 0
23.4976 61.6063 1.15169 2.00385 4.60196 1.63632 199675 0 2.02034 0.546186 0
-5.25371 66.3795 2.21691 2.20335 5.02944 1.81721 206605 0 -0.910917 0.540061 0
-68.9162 17.4655 2.87289 2.09971 4.72392 1.64226 134802 0 0.356343 0.539791 0
31.3034 -11.2632 -0.206456 0.799287 0.879452 1.8358 92995 0 1.89374 0.537578 1
39.9608 -17.0176 -0.891747 0.910782 0.970989 1.78703 84598 0 -1.23131 0.537063 1
52.6585 2.75445 -0.945576 2.06448 4.56215 1.79716 113654 0 -1.16543 0.526299 0
32.0322 -11.901 -0.421844 0.766808 0.80373 1.66348 92062 0 1.9747 0.519818 1
-36.4 27.3826 1.90589 1.90599 4.02521 1.52828 149412 0 1.99456 0.51713 0
-1.50703 -13.5035 0.693044 0.729793 0.650087 1.75774 89617 0 -1.37224 0.515167 1
35.7033 59.7459 1.31386 2.15544 5.1648 1.75897 196905 0 -1.19146 0.513696 0
-3.05215 74.4121 1.90856 2.03465 4.87251 1.66244 218312 0 2.01724 0.500054 0
8.49222 35.367 1.39767 2.13952 4.88849 1.64382 161252 0 2.24974 0.49904 0
-14.1936 34.7464 1.5071 1.93914 4.46125 1.49976 160245 0 -0.963339 0.498845 0
23.1231 29.241 1.04921 2.34554 5.9662 1.91766 152406 0 1.91917 0.495085 0
-16.8776 19.4857 1.22802 0.833213 0.788936 1.62776 137773 0 -1.0087 0.492925 1
9.40917 34.664 1.35971 2.20862 4.95439 1.77107 160319 0 -0.905831 0.489991 0
50.1683 4.22154 -0.747499 0.834781 0.858981 1.71935 115986 0 -2.3506 0.484592 1
-9.7908 60.3201 2.12295 2.09091 4.60326 1.6942 197699 0 -0.903369 0.473375 0
-4.8769 36.74 1.33812 2.02509 4.84443 1.49749 163082 0 1.04859 0.470537 0
36.8989 -14.5308 -0.742163 0.88856 0.973634 1.74465 88333 0 1.56725 0.468645 1
36.7246 -14.3074 -0.747644 0.905815 0.984931 1.78299 88800 0 -1.05807 0.46485 1
53.935 5.29693 -1.09976 1.93575 4.32594 1.61093 117402 0 -1.17657 0.46222 0
68.9773 -7.50831 -1.65935 1.95492 4.35759 1.64629 98729 0 -1.18341 0.459356 0
43.6961 29.0152 0.232702 1.96502 4.50025 1.49015 152002 0 -1.19359 0.458476 0
58.7007 -23.2071 -1.03284 2.99247 7.26694 3.29989 75765 0 1.95929 0.452841 0
30.8876 48.4823 0.988663 2.07795 4.70556 1.73342 180510 0 -1.22201 0.446386 0
36.6167 62.921 1.46399 2.37499 5.42132 1.9867 201588 0 -1.16983 0.443525 0
-6.22085 45.2917 1.54255 1.99197 4.54445 1.54467 175714 0 -0.866983 0.438819 0
-52.9662 33.7708 2.4017 1.93114 4.32198 1.56308 158720 0 2.18679 0.43655 0
8.79791 35.0694 1.42955 1.97932 4.28901 1.61254 160785 0 2.76602 0.429682 0
43.0428 29.284 0.280913 1.98378 4.46824 1.51717 152468 0 1.87703 0.428934 0
36.3667 -13.1545 -0.786734 0.833835 0.855073 1.68335 90203 0 -1.25947 0.42531 1
-7.52627 64.773 2.03393 2.07444 4.72711 1.67689 204258 0 -0.894548 0.420449 0
-10.0732 60.5945 2.09388 2.25166 5.16597 1.76639 198166 0 0.447055 0.419607 0
60.3078 5.85861 -1.14458 1.97489 4.41309 1.56244 118358 0 1.92071 0.414079 0
36.7443 -14.4959 -0.694946 0.895281 1.00882 1.77554 88332 0 -0.976217 0.405471 1
59.3971 9.99535 0.173513 0.822257 1.95459 1.71171 124439 0 0.506841 0.398741 2
44.6347 31.5516 0.380773 2.02415 4.48912 1.63478 155749 0 -1.16193 0.391253 0
57.1455 -2.39145 -1.18998 1.91745 4.21894 1.58552 106180 0 1.97752 0.388132 0
-2.78892 74.3857 1.83126 1.99419 4.63489 1.62311 218313 0 -1.46568 0.383511 0
36.8645 -14.3189 -0.783574 0.916622 1.13865 1.76914 88801 0 -0.089259 0.381795 1
23.2386 61.3475 1.10842 2.00498 4.59832 1.62893 199206 0 1.97233 0.378391 0
6.59098 29.6911 1.0399 2.06841 4.6986 1.54072 152822 0 -0.897582 0.372628 0
24.503 15.5034 0.652959 0.927688 1.08764 1.66616 132286 0 1.95063 0.37016 1
-8.03479 33.8576 1.45096 0.768881 0.743136 1.65408 158860 0 1.41552 0.367755 1
-10.3636 60.6583 2.11192 2.32472 5.5162 1.83195 198165 0 1.98268 0.367143 0
42.4016 13.316 -0.148229 1.97895 4.25456 1.67764 129066 0 1.96529 0.363612 0
-58.5989 16.0227 2.82263 0.883408 0.906866 1.65348 132962 0 -1.16617 0.362085 1
-8.04468 33.9904 1.45847 0.754623 0.729714 1.60948 159328 0 -2.33118 0.361741 1
-5.56414 6.19827 0.628172 0.646022 0.724692 1.32789 118620 0 2.2661 0.360926 1
-5.95454 45.5682 1.51382 1.9706 4.57326 1.55751 176183 0 -0.952963 0.360727 0
69.2529 -7.23916 -1.60953 2.0083 4.46678 1.68526 99198 0 -1.25251 0.360426 0
-3.07676 74.7004 1.81453 2.09479 4.87428 1.74532 218780 0 -2.14676 0.359049 0
-8.54166 37.0372 1.55894 0.685531 0.625899 1.57072 163539 0 0.844751 0.357302 1
27.9903 33.1673 1.35711 0.724128 0.693298 1.55696 158037 0 1.9643 0.356434 1
-52.3006 36.6442 2.46093 2.05594 4.65399 1.72604 162934 0 2.14301 0.349854 0
34.0244 35.9722 0.888163 0.777854 0.837601 1.6825 162268 0 -2.88853 0.345872 1
53.0341 41.7161 1.29434 0.851221 1.79777 1.81469 170751 0 0.689961 0.344299 2
36.7336 -13.8971 -0.815404 0.84778 0.903227 1.69719 89268 0 -1.10274 0.342311 1
58.3746 0.482582 -1.33146 2.05789 4.65896 1.6449 110396 0 1.97716 0.339614 0
30.6179 48.1845 0.953662 2.00963 4.49214 1.68279 180041 0 -1.2076 0.338264 0
57.3869 -2.15797 -1.23139 1.90386 4.21755 1.58723 106649 0 1.9237 0.335789 0
61.2723 5.61381 -1.02032 1.99873 4.44989 1.60927 117893 0 1.86005 0.333881 0
36.9829 15.5276 0.16664 1.99588 4.41961 1.67899 132325 0 -1.29962 0.333781 0
-4.74089 8.73417 1.01351 0.814936 1.04377 1.70267 122367 0 -0.753123 0.330325 1
21.2496 56.1673 1.04832 2.00411 4.52997 1.59903 191712 0 2.2526 0.329178 0
-17.0052 19.4838 1.21303 0.859739 0.828679 1.65137 137772 0 -1.07782 0.323551 1
-8.12751 65.1445 1.98801 2.09013 4.75296 1.68289 204724 0 -0.915725 0.319653 0
21.6112 59.0547 1.2163 2.03417 4.70287 1.62112 195925 0 2.13185 0.318558 0
54.1929 5.52689 -1.1118 2.04777 4.55528 1.66737 117871 0 -1.25062 0.316389 0
55.9141 -5.81656 -1.48797 1.87683 4.24236 1.61896 101028 0 2.02033 0.31481 0
21.9072 -6.78326 0.0983064 0.800296 0.850885 1.50685 99518 0 -2.8215 0.314108 1
22.9465 61.8876 1.21472 2.26882 5.34443 1.83929 200141 0 2.02818 0.313643 0
31.1438 48.7902 1.08828 2.15831 4.95101 1.7642 180979 0 -1.24261 0.312473 0
-3.02719 39.257 1.54215 1.9881 4.54706 1.57796 166832 0 -0.924399 0.310331 0
31.3918 -11.1677 -0.18777 0.848619 0.913023 1.8413 93464 0 1.98237 0.307157 1
59.3069 9.55678 0.187071 0.82535 1.90167 1.77541 123503 0 0.392701 0.307062 2
59.6642 6.17237 -1.11819 1.95401 4.3272 1.54032 118824 0 1.9469 0.30702 0
31.4862 -10.3217 -0.4236 0.708321 0.744973 1.64583 94400 0 1.4808 0.306765 1
-21.6475 23.4184 1.37395 1.91145 4.72014 1.56776 143842 0 -1.11552 0.301721 0
-10.6903 60.9479 2.17807 2.40985 5.65565 1.92849 198632 0 2.21487 0.298439 0
-4.34765 47.2958 1.90084 2.05601 4.7546 1.75452 178528 0 -0.946706 0.297742 0
-69.1957 17.7265 2.8858 2.13317 4.76736 1.69 135269 0 0.41571 0.297532 0
37.2625 15.8001 0.247214 2.00385 4.41861 1.69178 132794 0 -1.29622 0.296107 0
36.6733 15.8549 0.177148 1.99732 4.45935 1.66911 132792 0 -1.30224 0.29563 0
36.7555 -13.6417 -0.84812 0.798137 0.832721 1.67221 89736 0 -1.17904 0.294672 1
5.69255 30.2993 1.15569 2.07328 4.66807 1.52527 153755 0 -0.942362 0.294455 0
56.3946 -5.3614 -1.51559 2.08002 4.7796 1.6944 101966 0 1.91086 0.294156 0
-3.63363 74.4126 2.04711 2.31661 5.98865 1.93054 218310 0 1.84297 0.292546 0
-8.48542 62.2217 2.12668 2.11084 4.83076 1.72447 200511 0 -1.51601 0.291839 0
-8.46738 61.9689 2.12134 2.04851 4.59595 1.67541 200043 0 -1.10276 0.290288 0
57.7249 -2.72464 -1.25576 2.00922 4.56359 1.66548 105714 0 1.92948 0.290042 0
23.7712 61.8746 1.18959 2.03105 4.60782 1.6921 200144 0 2.09559 0.289847 0
53.166 41.7288 1.31269 0.852564 1.81691 1.81159 170752 0 2.49357 0.289765 2
59.1604 9.73405 0.190927 0.827537 1.90498 1.71373 123970 0 0.522845 0.28859 2
57.4598 -2.98062 -1.28458 1.98764 4.4693 1.68565 105245 0 1.97734 0.287703 0
24.5137 15.8766 0.647064 1.79494 3.58868 1.69199 132754 0 1.93405 0.284614 0
-46.6384 20.8746 1.20863 0.771473 1.28861 1.77541 140020 0 2.0279 0.283788 1
25.448 35.0405 0.859037 2.03954 4.64854 1.60108 160837 0 -1.20651 0.281285 0
44.0001 32.0958 0.425579 2.04925 4.57193 1.6137 156683 0 -1.19464 0.280954 0
-16.4963 19.9821 1.1514 0.620286 0.665715 1.48583 138710 0 -0.884911 0.280577 1
-20.8583 25.5537 1.4719 1.7317 3.73632 1.58651 146652 0 -1.00012 0.280511 0
37.2711 15.226 0.143929 1.96699 4.33078 1.68209 131858 0 -1.31908 0.280469 0
-16.7667 19.9381 1.20519 0.649509 0.698246 1.55259 138709 0 -0.892872 0.279493 1
31.285 -12.1993 -0.329364 0.891612 0.935634 1.78217 91591 0 -1.28745 0.278101 1
36.5543 -13.2034 -0.815495 0.891304 0.914352 1.7156 90204 0 -1.20061 0.277043 1
-3.32517 74.1703 1.87595 2.01148 4.72092 1.7002 217843 0 1.84993 0.276666 0
13.6053 37.6278 1.15314 2.03645 4.63147 1.7363 164544 0 2.24611 0.275834 0
-52.0302 36.9134 2.48153 1.95952 4.42123 1.67588 163403 0 2.17546 0.274861 0
27.3648 70.2794 1.76697 2.04265 4.39332 1.70872 212323 0 0.1407 0.273781 0
2.06305 46.3669 1.67192 1.90453 4.08544 1.59271 177144 0 2.22962 0.273683 0
11.6853 67.0411 1.76343 2.02497 4.55787 1.52542 207594 0 0.366317 0.271512 0
44.9044 31.7679 0.374609 2.08291 4.6284 1.69646 156218 0 -1.1972 0.270797 0
23.0931 26.1367 0.840753 2.16774 5.05013 1.60936 147726 0 -1.24636 0.269349 0
-52.6988 34.0145 2.34978 1.96767 4.38393 1.57523 159189 0 2.2131 0.267964 0
20.9856 55.8959 1.06588 2.0308 4.63834 1.59613 191243 0 2.22391 0.266391 0
-2.75258 74.1399 1.80964 1.84352 4.19429 1.55708 217845 0 -1.70772 0.265369 0
24.507 15.3015 0.649845 0.893808 0.931299 1.6691 131818 0 2.10677 0.263928 1
-35.5856 29.9177 1.90024 2.1502 5.09897 1.65266 153158 0 -0.969572 0.263731 0
28.3289 34.9614 1.34575 0.72189 0.694738 1.64724 160846 0 1.04486 0.262103 1
68.7147 -7.7613 -1.69562 1.90472 4.21666 1.64586 98260 0 -1.07137 0.260802 0
-16.5205 20.7674 1.18344 1.6877 3.75294 1.42961 139646 0 2.14527 0.260745 0
7.54778 32.7114 1.06387 2.12764 4.8487 1.55638 157505 0 -0.934165 0.259303 0
-7.17561 64.244 2.15553 2.15469 4.96586 1.71523 203323 0 -0.866579 0.258965 0
-4.72113 8.58908 0.982463 0.844405 1.24659 1.70807 121899 0 -0.794687 0.257115 2
42.6912 13.5371 -0.162899 1.92295 4.39221 1.65545 129535 0 2.34596 0.255369 0
-10.326 60.3698 2.13356 2.19965 5.1904 1.78099 197697 0 0.156456 0.253137 0
-2.78669 74.7182 1.68914 1.98914 4.40708 1.68119 218781 0 -1.3012 0.252541 0
8.89264 34.8201 1.39708 1.899 4.01405 1.58862 160317 0 -0.853429 0.252259 0
53.0184 41.4674 1.22564 0.806425 1.45694 1.76878 170283 0 0.633211 0.250977 1
37.1482 -13.6331 -0.902778 0.819123 0.833624 1.63883 89738 0 1.70693 0.250793 1
21.9166 58.7846 1.24915 1.9722 4.50475 1.63978 195458 0 1.55947 0.25052 0
36.9704 14.9395 0.112581 1.94676 4.21205 1.68025 131389 0 -1.31812 0.249505 0
-46.768 20.895 1.19418 0.78643 1.88229 1.8123 140019 0 2.05253 0.248278 2
59.5463 9.81969 0.140672 0.837019 1.91589 1.76376 123972 0 0.597239 0.246334 2
37.9269 18.4421 -0.0184894 1.93185 4.3462 1.53215 136540 0 -1.3263 0.246252 0
13.8817 37.9055 1.16539 2.02456 4.56673 1.72933 165013 0 2.24933 0.244962 0
42.9928 13.2866 -0.165316 1.95466 4.49753 1.6691 129068 0 2.07998 0.244157 0
-42.2727 28.4277 2.19229 2.29736 5.30833 1.86147 150797 0 -0.977031 0.243331 0
64.4951 13.9071 -0.75893 2.00032 4.46624 1.614 130071 0 1.89169 0.242001 0
-20.9919 48.4453 2.07698 2.07743 4.53923 1.63967 180348 0 2.24334 0.241267 0
24.1517 64.4754 1.47623 2.04365 4.6137 1.66493 203889 0 1.22941 0.240264 0
36.9543 -14.7919 -0.695487 0.843727 0.941466 1.702 87865 0 1.97499 0.240003 1
21.8605 59.2915 1.27961 2.03547 4.73478 1.67412 196394 0 2.17126 0.239953 0
31.4954 -10.1961 -0.423766 0.725716 0.750962 1.64282 94868 0 0.988507 0.239888 1
36.9316 16.0987 0.28212 2.04139 4.48324 1.67819 133261 0 -1.29692 0.23953 0
-8.4877 34.6633 1.38908 0.703006 0.750349 1.51816 160263 0 -1.27317 0.238957 1
-28.325 35.6901 1.871 2.01696 4.51522 1.68409 161605 0 -1.33685 0.238333 0
43.6873 32.1562 0.430578 2.04148 4.58859 1.60064 156682 0 0.973735 0.23778 0
43.3965 32.1969 0.424362 2.02639 4.59648 1.60693 156681 0 1.92672 0.236552 0
-28.6307 35.9868 1.98855 2.16868 4.98243 1.85787 162072 0 -1.64344 0.236086 0
-7.57238 33.8228 1.43144 0.745748 0.746605 1.63652 158862 0 2.36999 0.235237 1
-68.6974 17.9923 2.84225 1.81102 3.83361 1.47498 135739 0 0.349445 0.234582 0
-67.6021 28.1165 3.00512 0.888696 0.90259 1.79707 150250 0 2.02646 0.234236 1
-6.53239 45.8684 1.57752 2.00419 4.51759 1.64969 176649 0 -0.966909 0.234216 0
27.3129 69.2776 1.64435 2.21402 4.94818 1.91143 210919 0 0.122866 0.234166 0
-28.3417 35.9747 1.91009 2.07432 4.69287 1.74668 162073 0 -2.07643 0.232811 0
59.5567 10.02 0.155172 0.842756 1.95238 1.77853 124440 0 0.511623 0.231593 2
32.5964 -7.97862 -0.412672 0.906647 0.968388 1.61939 98147 0 -0.0355258 0.230828 1
24.4766 64.1885 1.45079 2.04699 4.5597 1.68023 203422 0 0.413226 0.229331 0
17.576 15.8497 0.705164 1.66322 3.11792 1.36211 132732 0 -1.26237 0.227877 0
40.8744 5.68575 -0.586814 2.14826 5.18212 1.73159 117829 0 1.87186 0.227381 0
23.853 64.5006 1.44464 1.99407 4.56391 1.64662 203888 0 1.61639 0.227302 0
20.9789 59.6413 1.29652 2.10209 4.78796 1.68951 196859 0 2.19714 0.226982 0
58.1128 0.229843 -1.34529 1.98793 4.39768 1.60385 109927 0 2.00935 0.226898 0
-1.6142 -13.5146 0.689299 0.736165 0.671136 1.75116 89616 0 -1.40407 0.226526 1
31.156 49.4055 1.09805 2.11464 4.89694 1.74887 181915 0 -1.25027 0.226435 0
-53.2342 33.5075 2.44009 1.98403 4.46977 1.59061 158251 0 2.15515 0.226308 0
-8.74546 62.248 2.14446 2.15852 4.95181 1.74452 200510 0 2.36866 0.225213 0
23.2136 62.1573 1.23205 2.26414 5.26368 1.87577 200610 0 2.07485 0.224424 0
50.2743 4.12158 -0.722955 0.855633 0.905445 1.71663 115519 0 -2.45609 0.224362 1
-4.94065 65.8762 2.2251 1.93601 4.24792 1.72958 205670 0 -0.900203 0.224337 0
37.2956 18.7113 0.0443241 1.92633 4.36529 1.54074 137006 0 -1.34573 0.224014 0
-18.5239 28.2206 1.45054 1.897 4.33519 1.62074 150872 0 -1.0161 0.223539 0
-16.5065 19.7421 1.17271 0.686395 0.717843 1.53942 138242 0 -1.05058 0.223229 1
-20.6068 47.9012 2.09014 2.0219 4.52181 1.6324 179413 0 -0.457438 0.223204 0
41.7541 63.1893 1.91731 2.15008 4.7241 1.75614 202072 0 -2.88555 0.222771 0
-1.05228 -12.8754 0.634801 0.732839 0.805036 1.65791 90554 0 -1.48524 0.222016 1
-20.003 47.53 2.11277 2.01486 4.47151 1.59006 178947 0 -0.814402 0.221774 0
-8.52155 37.1368 1.57477 0.725302 0.687662 1.59279 164007 0 1.16665 0.219674 1
8.37675 32.104 0.969049 2.19517 5.00941 1.69486 156572 0 -0.927577 0.219037 0
-5.95267 45.8483 1.52683 1.95435 4.42277 1.59877 176651 0 -1.24404 0.218063 0
37.89 15.5142 0.230019 2.00629 4.42375 1.7282 132328 0 -1.34607 0.217394 0
-55.443 42.086 3.02404 2.44535 5.87922 2.16269 170880 0 -1.03589 0.215777 0
-4.90072 8.53255 1.02739 0.882293 1.69258 1.72122 121898 0 -0.863086 0.215258 2
23.5262 64.796 1.47769 1.9843 4.5182 1.60837 204355 0 1.79941 0.214966 0
52.3131 3.26841 -0.912459 2.10562 4.73764 1.73923 114589 0 -1.14918 0.214593 0
-6.56028 50.7043 1.78773 1.94893 4.37953 1.50427 183669 0 -2.35717 0.214515 0
14.5478 44.946 1.26985 2.02852 4.67544 1.57061 175311 0 1.71904 0.213859 0
-36.3066 27.1619 1.90792 1.89941 3.96778 1.52776 148944 0 -0.798011 0.213486 0
31.4774 -11.7063 -0.308505 0.778074 0.839113 1.75966 92528 0 2.49588 0.213237 1
21.3035 58.7614 1.19825 2.01195 4.60785 1.61052 195456 0 1.18055 0.211329 0
-52.3673 33.4381 2.31913 2.00348 4.47701 1.56396 158254 0 2.20308 0.211277 0
28.5637 24.6996 0.73841 1.96564 4.42827 1.37843 145871 0 1.85232 0.210663 0
22.8373 26.5945 0.857468 1.93815 4.32978 1.55642 148661 0 -1.28573 0.209155 0
53.1625 41.488 1.24265 0.836993 1.72125 1.78432 170284 0 0.567681 0.207748 2
-4.09186 47.7664 1.81 2.06867 4.71854 1.75604 179465 0 -0.982435 0.207033 0
-46.6323 20.7632 1.17352 0.78134 1.30433 1.81157 139552 0 1.72835 0.206919 1
14.2333 37.2876 1.14669 1.95269 4.32443 1.68714 164078 0 2.2581 0.206868 0
22.2 58.7509 1.27449 2.00718 4.52069 1.6852 195459 0 1.99683 0.206734 0
42.9928 13.5561 -0.157453 1.92953 4.38693 1.66303 129536 0 2.67873 0.206418 0
31.2683 -11.727 -0.288433 0.819432 0.880241 1.76275 92527 0 2.46008 0.205154 1
65.4424 -1.12547 -1.23829 2.05528 4.55643 1.72923 108078 0 1.4297 0.205117 0
35.7565 63.2331 1.50921 2.08019 4.33343 1.85536 202053 0 -1.17473 0.205111 0
-68.4299 17.7222 2.8556 1.80368 3.88675 1.43206 135272 0 0.356192 0.20472 0
63.5456 14.2484 -0.882075 2.01516 4.42108 1.5994 130536 0 1.98732 0.204665 0
24.7887 64.1795 1.50825 2.02477 4.48185 1.68098 203423 0 -0.696442 0.204605 0
-27.9983 35.3874 1.83982 2.01572 4.45097 1.61813 161138 0 -0.838472 0.204261 0
44.0643 31.5807 0.403246 1.97177 4.39997 1.60787 155747 0 -1.14552 0.204102 0
37.2005 -14.5942 -0.731237 0.859766 0.931319 1.70475 88334 0 1.87699 0.203947 1
38.532 18.3991 0.0149737 1.96135 4.34433 1.54615 136542 0 -1.34703 0.203244 0
61.8533 5.59129 -0.891163 2.07542 4.66857 1.66079 117895 0 1.79878 0.203165 0
57.7933 -22.8579 -0.882191 2.6625 5.45962 3.05211 76230 0 -1.19524 0.201911 0
53.6803 5.03168 -1.1814 1.79609 3.99642 1.58121 116933 0 -1.14226 0.201229 0
67.9058 -9.52939 -1.91097 2.11672 4.82973 1.68648 95918 0 -1.29383 0.201224 0
53.3335 5.60091 -1.07908 1.93128 4.29434 1.57687 117868 0 -1.19708 0.201173 0
-36.9208 27.9018 1.9863 2.21046 5.12898 1.70878 150346 0 1.79543 0.20067 0
-9.1315 66.076 2.12808 2.07596 4.54966 1.6992 206125 0 -0.921706 0.199952 0
37.1614 -13.845 -0.857059 0.839157 0.875499 1.68649 89270 0 1.58738 0.199106 1
36.9356 -13.3815 -0.885861 0.800244 0.826272 1.64422 90205 0 -1.22109 0.198407 1
22.6429 25.8783 0.851781 2.03034 4.62412 1.59867 147256 0 -1.20274 0.198377 0
7.11038 29.565 1.04828 2.18561 4.89881 1.60347 152824 0 -0.891404 0.197565 0
-8.45334 34.4724 1.38884 0.689764 0.691449 1.46785 159795 0 -1.40629 0.197203 1
-9.17413 10.6009 0.732315 2.02365 4.61533 1.49479 125161 0 -0.961038 0.197024 0
-5.65919 45.0027 1.56144 1.96315 4.46189 1.50266 175248 0 -0.955955 0.196861 0
-5.20325 47.8936 1.84507 2.194 4.91283 1.85527 179461 0 -0.97969 0.196138 0
32.5832 54.5304 1.26199 1.82653 4.00035 1.66248 189407 0 -1.20232 0.19595 0
42.7243 61.3431 1.97189 2.21094 5.09108 1.89876 199267 0 1.72499 0.195492 0
28.3148 34.8466 1.36557 0.723247 0.668802 1.66107 160378 0 0.773499 0.195471 1
-28.9374 35.9958 2.05932 2.2639 5.28067 1.97861 162071 0 -1.36314 0.194793 0
33.8549 36.0003 0.886594 0.777608 0.968545 1.67646 162267 0 2.6933 0.194663 1
-34.5272 29.5602 1.80208 2.01409 4.46614 1.56259 152694 0 -0.872865 0.194657 0
65.4483 -1.74637 -1.30554 1.9857 4.37686 1.69869 107142 0 1.66595 0.19428 0
-9.52052 60.574 2.14375 2.24843 4.87087 1.75636 198168 0 -0.865377 0.193861 0
-8.74644 65.4811 2.00645 2.06167 4.69356 1.65257 205190 0 -0.965109 0.193347 0
-8.15527 61.6469 2.1273 2.04271 4.43827 1.66192 199576 0 -0.922559 0.192434 0
24.1058 61.3131 1.15015 1.756 3.972 1.52005 199209 0 2.03119 0.191356 0
66.7138 -12.1255 -1.93794 1.89441 4.14257 1.53682 92170 0 -1.24344 0.191296 0
68.6665 -6.932 -1.66557 1.89479 4.18667 1.60719 99664 0 -1.28018 0.190843 0
29.0811 45.6711 1.02275 1.7252 3.55317 1.65845 176292 0 -1.21153 0.190776 0
11.0748 67.0571 1.73579 1.99028 4.45208 1.50964 207592 0 0.0513508 0.190744 0
-6.81908 45.6109 1.5992 2.00978 4.57164 1.58965 176180 0 -1.01756 0.190378 0
-21.5789 49.0924 2.14061 2.13215 4.75474 1.68901 181282 0 2.37685 0.190306 0
65.1364 -1.44167 -1.31764 2.00368 4.45916 1.71311 107609 0 1.60939 0.190012 0
15.1905 44.942 1.236 2.03574 4.6114 1.60191 175313 0 1.77915 0.189675 0
33.8484 -11.296 -0.607255 0.753809 0.754257 1.62339 93003 0 1.72876 0.189295 1
32.7356 -8.36523 -0.371881 0.897565 1.07978 1.55249 97212 0 0.190635 0.189181 1
27.5982 70.5383 1.8195 2.16527 4.79536 1.78482 212792 0 0.448522 0.188676 0
28.0126 33.3506 1.64424 0.793156 0.768902 1.72121 158505 0 1.83013 0.188291 1
43.7317 31.8999 0.406454 1.95393 4.41051 1.58953 156214 0 -0.94222 0.188026 0
42.4778 29.5949 0.285934 2.07167 4.6841 1.6331 152934 0 1.9418 0.188017 0
-8.19154 34.3948 1.39917 0.71631 0.806724 1.52071 159796 0 -1.59924 0.187912 1
-61.8742 33.3809 2.80757 2.38526 5.85529 2.03311 158224 0 -1.1356 0.187883 0
50.7046 36.0144 0.101825 2.04926 4.51732 1.68721 162320 0 2.17465 0.187851 0
18.5135 18.461 0.760396 1.80716 3.82182 1.44362 136479 0 -1.27881 0.187715 0
20.6236 -10.1215 0.0934738 0.873467 1.54331 1.66258 94834 0 -1.24334 0.187416 1
41.7595 61.6087 1.85998 2.31199 5.304 1.91611 199732 0 2.40032 0.186625 0
58.6491 0.748749 -1.34473 2.17436 4.99741 1.7339 110865 0 1.91545 0.186552 0
-7.5661 34.0315 1.41045 0.769945 0.877051 1.59839 159330 0 -2.83941 0.186018 1
51.7586 3.05929 -0.887935 2.00643 4.46929 1.66105 114119 0 -1.17357 0.185908 0
41.9947 5.5909 -0.722792 1.94675 4.28597 1.57408 117833 0 1.97551 0.185806 0
25.7847 69.6421 1.81844 2.09577 4.67303 1.68635 211382 0 1.6422 0.185479 0
14.8596 36.9629 1.06654 1.97499 4.39176 1.65564 163612 0 2.05256 0.184656 0
-35.281 29.3763 1.8206 1.87402 4.26683 1.51977 152223 0 -0.96756 0.18435 0
-52.6085 33.1951 2.32953 1.97538 4.36073 1.57243 157785 0 2.18719 0.183888 0
8.48786 31.5789 0.983844 2.28364 5.18543 1.80133 155636 0 -0.903194 0.183427 0
60.9778 5.37851 -1.03762 1.95769 4.35555 1.58802 117424 0 1.92289 0.183418 0
33.1286 37.2857 1.1 1.82109 4.10173 1.50047 164137 0 1.98977 0.182751 0
68.3737 -7.20688 -1.67019 1.88983 4.18173 1.60048 99195 0 -1.22798 0.182157 0
-33.0168 31.8843 1.97415 2.28006 5.40413 1.84091 155974 0 -1.02098 0.182119 0
28.6217 24.2245 0.743136 2.05333 4.67563 1.42015 144935 0 1.88839 0.182096 0
53.0169 41.973 1.20641 0.810215 1.88646 1.81925 171219 0 -3.04749 0.181597 2
-6.87932 50.1059 1.79851 1.91345 4.32074 1.474 182732 0 -2.46043 0.1814 0
27.8006 33.1452 1.28258 0.75929 0.73263 1.6012 158036 0 1.96016 0.181371 1
11.9823 66.775 1.77004 1.95615 4.34821 1.48688 207127 0 0.550872 0.180548 0
52.3806 2.46239 -0.947904 2.05365 4.5583 1.79038 113185 0 -1.1571 0.180151 0
-8.77373 62.5149 2.16498 2.16711 5.01656 1.78063 200978 0 2.65957 0.180105 0
-52.5703 36.3795 2.4493 2.19805 5.04132 1.81769 162465 0 2.12165 0.17993 0
-35.0768 30.1303 1.83532 2.19549 5.11532 1.66495 153628 0 -0.846896 0.17989 0
-1.45187 -13.931 0.794731 0.772985 0.690286 1.8231 89149 0 -1.34666 0.178864 1
-17.6592 30.3117 1.44933 1.92658 4.55515 1.5952 153682 0 -0.956449 0.178671 0
25.1003 64.159 1.54603 2.02237 4.48671 1.69627 203424 0 -1.17063 0.177856 0
-5.93517 50.7208 1.75678 1.9328 4.32628 1.50515 183671 0 -2.20766 0.17721 0
41.459 61.6551 1.82862 2.32381 5.34451 1.94698 199731 0 -1.66821 0.17693 0
36.3799 -12.7508 -0.752155 0.862975 0.888592 1.69124 91139 0 -1.20742 0.176884 1
11.3954 66.7876 1.74602 1.87112 4.12464 1.44236 207125 0 0.0760099 0.176669 0
14.8405 37.2546 1.07823 1.94433 4.34326 1.65077 164080 0 2.44037 0.175965 0
0.690804 43.978 1.39815 2.0215 4.29413 1.47656 173864 0 2.98265 0.175512 0
59.0582 6.51812 -1.01435 1.96741 4.36445 1.57355 119290 0 1.9525 0.175497 0
-17.3563 30.0079 1.42957 1.6787 3.64422 1.53348 153215 0 -0.97033 0.175396 0
27.0829 69.5636 1.71373 2.24867 4.99161 1.83547 211386 0 -0.141444 0.175167 0
21.5167 56.4325 1.06732 2.02252 4.54861 1.63405 192181 0 2.31554 0.174789 0
57.8006 0.72599 -1.38053 1.82443 3.95323 1.55364 110862 0 1.97254 0.173771 0
67.168 -9.74695 -1.88972 1.70734 3.6794 1.46368 95447 0 -1.19822 0.173178 0
-6.48447 45.0485 1.5845 1.96814 4.41361 1.53007 175245 0 -0.975427 0.173061 0
26.0362 69.614 1.83944 2.15599 4.77641 1.71586 211383 0 -1.03469 0.172479 0
65.7426 -2.07156 -1.27192 2.05425 4.5739 1.73164 106675 0 1.76249 0.172419 0
30.6382 49.0741 1.00931 1.87048 4.18983 1.63285 181445 0 -1.26367 0.172267 0
-53.5243 34.0385 2.46026 2.18616 5.14653 1.77391 159186 0 2.16624 0.171862 0
33.1229 36.9823 1.04295 1.81476 4.02881 1.4902 163669 0 1.96216 0.171759 0
-8.66186 37.0135 1.55342 0.722733 0.660136 1.59146 163538 0 0.33498 0.171545 1
-51.7527 36.3693 2.49302 1.74991 3.77816 1.52107 162468 0 2.12182 0.171469 0
-16.7867 21.4474 1.21814 2.14647 5.11679 1.61384 141049 0 2.19989 0.171106 0
-28.625 35.4032 1.923 2.06224 4.56328 1.74115 161136 0 -0.947466 0.170494 0
36.5836 -12.7069 -0.788725 0.809872 0.858353 1.67386 91140 0 -1.19542 0.170379 1
65.0785 13.868 -0.628744 2.15078 4.88787 1.71621 130073 0 1.84913 0.170302 0
0.727348 -13.6088 0.498768 0.80266 1.17035 1.61771 89624 0 2.45365 0.170138 1
-55.1081 41.539 2.86651 2.27062 5.1985 1.87155 169945 0 -1.12608 0.169863 0
24.707 15.5324 0.655188 1.13025 1.47788 1.72645 132287 0 1.95703 0.169353 1
69.5384 -6.92512 -1.58751 2.05209 4.54136 1.73818 99667 0 -1.30426 0.168976 0
69.277 -6.62112 -1.6723 1.95402 4.31608 1.65726 100134 0 -1.31929 0.168955 0
69.531 -7.76855 -1.52672 2.18379 5.05766 1.85207 98263 0 -1.15257 0.168258 0
24.6976 15.2731 0.637303 0.978744 1.05949 1.70425 131819 0 1.9837 0.168153 1
33.1426 54.0413 1.25259 2.08533 4.95257 1.78185 188473 0 -1.13364 0.168124 0
-48.4588 40.1706 2.42068 2.05398 4.68781 1.64367 168094 0 2.23951 0.167695 0
-48.1703 40.4584 2.49448 2.12407 4.82149 1.69367 168563 0 2.3276 0.166985 0
36.3485 15.5421 0.138447 1.9124 4.07699 1.66243 132323 0 -1.31556 0.1668 0
59.1398 9.51744 0.162945 0.830488 1.85417 1.75351 123502 0 0.500845 0.166779 2
43.0212 13.0188 -0.149137 1.96788 4.46268 1.68397 128600 0 1.59577 0.166732 0
72.4812 -15.5366 -2.00647 1.92612 4.17017 1.7059 87040 0 -1.21754 0.166553 0
51.3396 35.6682 0.0620188 2.04787 4.59111 1.67872 161854 0 2.22664 0.166552 0
15.1896 36.6551 1.0278 2.00375 4.49502 1.63369 163145 0 -0.0719082 0.166506 0
25.7141 35.2928 0.906492 2.05177 4.66213 1.59875 161306 0 -1.23888 0.166402 0
36.0568 16.1733 0.223083 1.97576 4.46725 1.6237 133258 0 -1.35114 0.166186 0
61.5943 -24.1899 -1.70105 3.24674 9.57211 3.67403 74370 0 -1.22949 0.165589 0
36.0734 -13.2592 -0.738883 0.811442 0.847399 1.66413 90202 0 -1.32354 0.165579 1
37.2324 -14.8247 -0.704689 0.826133 0.894676 1.65477 87866 0 1.92346 0.164421 1
36.3649 14.9071 0.125276 2.01114 4.4472 1.70163 131387 0 -1.31588 0.163978 0
14.8861 36.6838 1.04359 1.9901 4.40855 1.62326 163144 0 1.483 0.163925 0
-28.34 36.2646 1.94689 2.16333 4.95392 1.82276 162541 0 -1.49786 0.163814 0
38.2509 18.1309 -0.0378796 1.92881 4.34062 1.55109 136073 0 -1.32178 0.163182 0
21.0238 59.0675 1.21274 2.02667 4.63643 1.62144 195923 0 1.75497 0.162869 0
0.531097 -14.9133 0.739161 0.763598 0.711969 1.64652 87751 0 3.11753 0.162678 1
54.4922 5.01402 -1.1726 2.16261 5.00909 1.76937 116936 0 -1.11496 0.162626 0
29.8602 26.962 0.958781 2.34496 5.33395 1.74035 149151 0 1.89004 0.162343 0
-4.74767 66.3079 2.21201 2.23309 4.80756 1.83979 206607 0 -0.88302 0.162278 0
65.1531 -0.805801 -1.23041 2.03872 4.49503 1.71999 108545 0 1.31449 0.162234 0
19.8115 20.9979 0.727737 1.80143 3.94293 1.42402 140227 0 1.90707 0.161616 0
35.3823 60.2063 1.36794 2.14574 5.04918 1.71045 197840 0 -1.23018 0.1615 0
67.2412 -12.3937 -1.84254 2.19628 5.02354 1.77911 91704 0 -1.22269 0.161482 0
-1.62609 -13.3879 0.632921 0.727394 0.661402 1.71671 90084 0 -1.42021 0.161123 1
-28.0509 35.9693 1.87463 2.02614 4.56119 1.67324 162074 0 -1.34634 0.16102 0
-6.34114 47.7701 1.76192 0.8116 0.782351 1.70965 179458 0 -0.37942 0.160899 1
-7.90974 61.8917 2.03606 2.01793 4.49297 1.6389 200045 0 -0.859391 0.16077 0
-20.7066 48.4 2.10137 2.08921 4.39169 1.63378 180349 0 -0.0908184 0.160756 0
33.9837 -11.2838 -0.60431 0.779212 0.780032 1.66732 93004 0 1.61847 0.160642 1
-5.61532 50.7187 1.78024 1.93264 4.3317 1.52689 183672 0 -1.96009 0.160632 0
34.0599 35.7648 0.880194 0.786795 1.35747 1.67627 161800 0 -2.89691 0.160518 1
36.628 16.4069 0.280568 2.01784 4.50663 1.64109 133728 0 -1.31278 0.159915 0
67.6913 -10.2755 -1.83856 2.11166 4.80016 1.67445 94513 0 -1.0633 0.159838 0
-13.712 34.6186 1.47749 1.93375 4.55678 1.5336 160247 0 -0.968193 0.159823 0
-6.46358 47.7571 1.7841 0.819834 0.791725 1.70843 179457 0 -0.253325 0.159149 1
53.1855 41.9831 1.22768 0.800511 1.85784 1.81191 171220 0 -3.01771 0.159139 2
0.488533 43.8103 1.39849 1.91275 4.23745 1.47495 173395 0 2.21282 0.158515 0
71.8566 -15.5314 -2.183 1.9694 4.31493 1.74106 87038 0 -1.34224 0.15745 0
-7.25581 33.7294 1.31547 0.676962 0.733678 1.53096 158863 0 -1.63979 0.157282 1
36.1226 -13.0187 -0.725629 0.90653 0.920612 1.69387 90670 0 -1.35599 0.156957 1
-9.81449 60.8747 2.10826 2.36193 5.24404 1.82683 198635 0 0.081194 0.156563 0
27.6989 51.0788 0.912965 2.01693 4.58412 1.6339 184244 0 -1.1224 0.156459 0
27.4482 24.5532 0.698194 2.00093 4.65631 1.44068 145399 0 1.87114 0.156269 0
64.8245 -1.14082 -1.36333 1.99556 4.33626 1.73393 108076 0 1.52525 0.156056 0
37.5888 18.0925 -0.0183031 1.22265 1.97614 1.55378 136071 0 -1.31002 0.155458 0
24.2414 15.538 0.655764 0.940721 1.27377 1.62026 132285 0 1.94168 0.155382 1
15.1641 36.9302 1.04378 1.96187 4.36836 1.633 163613 0 -0.377114 0.155371 0
27.6049 69.954 1.68417 2.11453 4.53349 1.81958 211856 0 0.205612 0.15424 0
-32.494 31.3016 1.88601 1.8417 3.96295 1.57345 155040 0 -1.04717 0.154203 0
38.8558 18.0997 -0.00227043 1.94375 4.25969 1.56741 136075 0 -1.33926 0.153799 0
-57.2845 14.3448 2.71138 0.823683 1.75304 1.81587 130158 0 -0.4685 0.153659 2
23.2115 65.0818 1.52407 1.98916 4.52946 1.59738 204822 0 2.0398 0.153431 0
24.1776 63.8986 1.36856 2.08437 4.69547 1.72528 202953 0 0.975528 0.153397 0
-5.5754 47.2324 1.88925 0.872652 0.896357 1.76043 178524 0 -1.17625 0.153382 1
-5.6097 66.9482 2.17164 2.57202 6.21522 2.06818 207540 0 -0.889907 0.153229 0
11.3745 67.2924 1.75018 2.15202 4.91763 1.62819 208061 0 0.222944 0.153188 0
24.4488 64.7496 1.53152 2.0085 4.50563 1.64964 204358 0 -0.499337 0.153002 0
36.0625 15.8408 0.163085 1.9628 4.32787 1.62905 132790 0 -1.35147 0.152811 0
43.3164 13.5721 -0.160807 1.93428 4.28931 1.66632 129537 0 2.11954 0.152609 0
-49.1114 39.1899 2.35676 2.10113 4.73004 1.67461 166688 0 1.99985 0.152524 0
72.1765 -15.8486 -2.13503 1.9595 4.30783 1.74334 86571 0 -1.19527 0.152467 0
43.6722 13.2487 -0.15052 1.92588 4.24983 1.69863 129070 0 1.57737 0.152305 0
64.8231 -1.7298 -1.3953 2.03086 4.50745 1.76805 107140 0 1.77334 0.152208 0
43.351 12.9992 -0.162195 1.90888 4.2879 1.68029 128601 0 -1.22901 0.152075 0
28.1955 33.1835 1.38708 0.716572 0.69602 1.60161 158038 0 1.97834 0.151942 1
23.8282 61.0344 1.11888 1.78381 4.01326 1.53518 198740 0 2.01239 0.151901 0
14.571 36.6915 1.06347 1.97524 4.4733 1.61952 163143 0 1.80169 0.150762 0
-20.3911 48.0907 2.12801 2.11016 4.57572 1.66798 179882 0 -0.895019 0.150546 0
53.5956 5.82004 -1.05908 1.9887 4.32102 1.58323 118337 0 -1.26222 0.150544 0
35.1307 59.7628 1.3606 1.90353 4.50631 1.65957 196903 0 -1.22592 0.150402 0
-46.7691 20.739 1.2278 0.803251 1.7568 1.80322 139551 0 1.41787 0.15028 2
39.8641 -17.3768 -0.967506 0.835251 0.896173 1.72168 84130 0 -1.23814 0.149675 1
36.2904 65.1392 1.20941 2.34962 5.37124 2.00406 204863 0 -2.69464 0.149365 0
19.6612 -9.41252 0.015718 0.8198 1.79879 1.11669 95767 0 1.96964 0.149202 0
-5.56494 6.06065 0.652514 0.689323 0.771553 1.34244 118152 0 -0.589274 0.1492 1
13.3237 37.3348 1.14119 2.07831 4.7284 1.772 164075 0 2.22755 0.149184 0
53.2026 2.95421 -1.06003 2.08134 4.57435 1.82189 114124 0 -1.16977 0.148893 0
37.0009 18.4367 0.0372701 1.94962 4.42518 1.53933 136537 0 -1.41501 0.148738 0
56.8765 -2.97126 -1.26423 1.93336 4.28396 1.61865 105243 0 1.97712 0.148465 0
-5.22207 8.43907 1.02588 0.850459 1.89698 1.62027 121897 0 -1.02887 0.148452 2
