-20.1144 -2.74413 0.657398 2.22434 5.01732 1.92356 105471 0 0.369079 0.953013 0
1.74947 10.7105 1.01771 2.05586 4.69513 1.5697 125195 0 1.9216 0.933446 0
3.37017 13.9116 1.09074 2.12777 4.80563 1.86977 129880 0 1.99507 0.930507 0
-14.8915 25.7733 1.33695 2.04205 4.58127 1.74321 147139 0 2.14165 0.922851 0
32.1636 5.98457 0.250159 2.16285 5.15295 1.95581 118270 0 -1.252 0.92243 0
19.649 8.22416 0.755032 2.02323 4.56133 1.83453 121507 0 1.91397 0.920964 0
-27.3557 16.4024 1.38397 2.20261 4.90563 1.80779 133528 0 -0.970346 0.911943 0
-15.7587 23.2429 1.09506 1.95958 4.55035 1.49369 143392 0 2.15612 0.906959 0
-6.34298 14.5686 0.767161 2.01313 4.48833 1.49305 130786 0 -1.02449 0.904191 0
-40.1861 14.7967 1.52097 2.03485 4.58283 1.53623 131148 0 1.89118 0.904145 0
-25.5341 -1.12965 0.764593 1.96021 4.25091 1.52865 107794 0 0.304622 0.892938 0
-5.26231 17.3341 0.811968 2.09325 4.73691 1.5217 135001 0 -0.986479 0.888305 0
-24.2618 20.8388 1.42939 2.26061 5.28737 1.83033 140090 0 -0.998389 0.887406 0
-20.9574 15.7467 1.02215 1.98579 4.38831 1.53569 132612 0 2.15124 0.886453 0
50.1419 -3.31389 -0.688243 1.92392 3.95375 1.72017 104754 0 -1.17655 0.880634 0
-8.3756 12.5449 0.711592 2.12603 4.82946 1.51636 127971 0 -0.975511 0.879455 0
-3.61213 19.4641 0.988764 2.13171 4.92942 1.82864 137814 0 2.14778 0.874204 0
-11.3881 30.015 1.40476 2.06618 4.72238 1.72442 153234 0 2.16481 0.871702 0
14.971 9.96973 0.729667 1.96609 4.42724 1.49312 124300 0 -1.1665 0.866504 0
-12.9779 27.7769 1.15936 1.95105 4.49015 1.4742 149953 0 2.12668 0.864498 0
3.41387 28.0507 1.3404 2.21472 4.87632 1.85547 150472 0 -0.936761 0.861729 0
4.90612 16.1289 1.11795 2.16725 4.78823 1.85461 133161 0 2.10436 0.856274 0
-57.7048 17.4653 2.25534 2.11767 4.58977 1.59178 134837 0 -1.21694 0.850698 0
-37.6413 27.3378 1.68897 2.05029 4.42838 1.56392 149408 0 2.18893 0.849295 0
-0.809525 44.2751 1.29074 2.15035 5.00279 1.53006 174327 0 2.20782 0.846011 0
-17.7057 21.0299 1.07965 1.97693 4.61477 1.50676 140110 0 2.15433 0.845571 0
-27.9119 -0.0755539 0.864361 2.14217 4.91353 1.57741 109190 0 0.305745 0.842706 0
-45.9817 23.1358 1.75069 1.92379 4.26725 1.71273 143298 0 2.24844 0.842066 0
-2.78965 41.7729 1.21081 2.00011 4.49938 1.45863 170577 0 2.225 0.836726 0
-25.7401 18.6878 1.22186 2.11389 4.86474 1.54839 136809 0 -1.0231 0.835935 0
-1.74641 21.5171 1.09619 2.19881 4.96591 1.83648 141096 0 -0.968998 0.832347 0
16.4812 12.8792 0.738833 1.93389 4.55253 1.45545 128517 0 -1.20546 0.830549 0
-44.5553 12.3992 1.67571 2.12833 4.67805 1.58674 127390 0 -1.25994 0.830015 0
39.1333 2.65208 -0.41731 2.10792 4.67196 1.56507 113612 0 1.91964 0.828721 0
-19.1537 18.8171 1.00432 2.02696 4.46509 1.46279 136830 0 -0.969055 0.827784 0
-10.4037 41.06 1.57027 2.31531 5.62291 1.80205 169617 0 -0.925499 0.824206 0
25.4633 37.682 1.06886 2.02631 4.5696 1.68121 164581 0 -1.17228 0.824096 0
-40.7273 22.9754 1.77708 2.1716 4.80698 1.89494 142846 0 -1.01232 0.821248 0
1.48267 25.7591 1.03068 2.0319 4.53182 1.46333 147190 0 -0.939155 0.816427 0
6.15997 21.8346 1.25571 2.24942 5.03413 1.98032 141589 0 2.06094 0.812935 0
-65.0347 14.6317 2.45663 2.08587 4.8043 1.63164 130602 0 0.399977 0.811072 0
21.3342 10.7997 0.580358 1.9695 4.35335 1.59553 125256 0 1.96724 0.810824 0
31.8984 54.5503 1.32193 2.00677 4.50645 1.73975 189405 0 -1.20981 0.80962 0
17.0918 15.78 0.768754 1.91433 4.4512 1.44961 132731 0 -1.20812 0.808937 0
0.163986 23.4772 0.90715 2.00817 4.50056 1.44868 143910 0 -0.933458 0.804581 0
20.3775 23.848 1.04989 2.00101 4.50381 1.79556 144441 0 -1.27405 0.803733 0
18.0379 18.4605 0.800692 2.02738 4.84647 1.48254 136478 0 -1.26008 0.802258 0
-10.0498 32.5788 1.12049 1.84041 4.2741 1.38227 156982 0 -1.02499 0.802005 0
24.5574 19.125 0.937311 2.0592 4.73395 1.54344 137434 0 -1.20809 0.799252 0
32.8196 9.01101 0.222242 2.06083 4.44916 1.81966 122952 0 -1.20357 0.798853 0
19.3364 21.0573 0.806149 2.00237 4.83964 1.43696 140226 0 1.83176 0.798822 0
40.4375 5.94703 -0.380388 2.05665 4.71607 1.69589 118296 0 1.87061 0.793884 0
-43.0236 28.2576 1.9396 2.19274 4.8608 1.88202 150795 0 -0.902551 0.790435 0
21.6459 26.4052 0.914796 1.89865 4.2653 1.59254 148189 0 -1.22588 0.77662 0
22.54 13.6773 0.827404 2.14223 4.80585 1.74854 129472 0 1.90012 0.775928 0
38.8925 -16.7888 -0.622728 0.979708 0.964039 1.75473 85063 0 -1.15432 0.774853 1
-4.88445 39.9273 1.41718 2.08182 4.77306 1.65037 167762 0 2.25503 0.772051 0
-58.0295 29.5967 2.35014 2.05253 4.61296 1.72911 152620 0 2.18385 0.769785 0
-17.7029 19.4728 1.10688 0.790438 0.788669 1.59967 137770 0 -1.12486 0.767869 1
-22.9001 23.1302 1.21255 1.92917 4.51808 1.55101 143370 0 -1.00094 0.767565 0
-23.1517 -2.35494 0.60085 2.00711 4.40781 1.52148 105929 0 0.300691 0.767139 0
-16.7472 32.573 1.46916 2.03947 4.55733 1.66616 156961 0 -1.053 0.764467 0
30.5374 -11.9416 -0.136279 0.915226 0.974275 1.82868 92057 0 1.94893 0.762876 1
-20.0013 28.2162 1.30676 2.01618 4.54816 1.56775 150867 0 -1.03064 0.753601 0
-67.3338 16.1382 2.61575 1.9678 4.37152 1.61459 132935 0 0.358018 0.750271 0
66.6842 -9.45788 -1.83947 1.98396 4.45751 1.57892 95914 0 -1.22979 0.750041 0
51.419 -0.722076 -0.905425 1.92544 4.38903 1.54511 108502 0 -1.27487 0.745791 0
21.9139 29.3604 1.08718 2.20699 5.34808 1.93044 152402 0 1.93292 0.745643 0
-21.6118 25.4667 1.29158 1.93585 4.56979 1.51948 146650 0 -1.03117 0.738991 0
26.9842 40.7281 1.16367 2.12311 4.79231 1.87683 169266 0 -1.22573 0.734273 0
-55.8253 20.568 2.26377 2.13609 4.77746 1.78874 139523 0 1.94058 0.73371 0
0.798027 46.5687 1.58974 2.08534 4.56363 1.67897 177608 0 2.21693 0.724336 0
55.224 -5.3116 -1.31063 1.96255 4.34095 1.58346 101962 0 1.96814 0.717216 0
31.6278 -8.07858 -0.175817 0.968928 0.92412 1.58532 97676 0 0.74938 0.716279 1
58.4312 10.0448 0.460286 0.780868 1.96545 1.78382 124436 0 0.316558 0.714037 2
65.7837 -12.0552 -1.64877 1.84443 4.03255 1.55526 92167 0 -1.24514 0.707321 0
35.8811 -12.8915 -0.553058 0.844224 0.835605 1.64491 90670 0 -1.246 0.702789 1
-18.7515 59.1455 2.10465 2.04178 4.66092 1.62633 195799 0 -0.947309 0.685614 0
-18.3648 30.3254 1.33506 1.93393 4.65054 1.49453 153680 0 -1.05469 0.684342 0
-33.7218 31.7827 1.64817 2.07172 4.70609 1.52012 155972 0 -0.939697 0.683218 0
-59.7116 15.7544 2.47911 0.847695 0.861268 1.62691 132491 0 -0.880273 0.682421 1
28.3476 45.8404 1.12618 1.96429 4.28108 1.70416 176758 0 -1.247 0.675831 0
6.83546 32.3978 1.0645 2.11319 4.79473 1.54578 157035 0 -0.965912 0.673984 0
-8.74134 35.0553 1.25502 2.18477 5.10194 1.591 160730 0 -0.968797 0.673204 0
34.4156 60.0316 1.44122 2.30651 5.62088 1.90985 197369 0 -1.21484 0.65909 0
27.3881 43.2998 0.979634 1.90424 4.26301 1.55274 173011 0 -1.21391 0.65869 0
57.7963 -22.8769 -0.790706 2.87617 6.6389 3.13665 76230 0 1.96861 0.656432 0
-5.30457 47.5175 1.74464 2.04861 4.59812 1.70934 178993 0 -1.02819 0.647908 0
28.0439 27.1324 1.03766 2.04047 4.51006 1.63009 149145 0 1.91008 0.646154 0
-61.9479 32.5192 2.39117 1.91933 4.1855 1.54916 156820 0 -0.966626 0.642261 0
31.1757 -11.7566 -0.20944 0.779872 0.823343 1.70085 92527 0 1.91344 0.636358 1
-9.75155 10.1414 0.663136 1.8648 4.25783 1.4621 124223 0 -1.00023 0.635093 0
8.2156 34.7399 1.33693 2.01557 4.56395 1.62372 160315 0 -0.92437 0.629395 0
23.5374 16.2247 0.743339 2.14607 5.04982 1.65865 133219 0 1.91458 0.624171 0
-8.91279 33.8607 1.34531 0.755436 0.699738 1.65085 158858 0 2.44656 0.611075 1
22.2311 61.6347 1.34653 2.09242 4.7853 1.81437 199671 0 1.8273 0.608677 0
-6.51431 66.4205 2.03027 2.19521 5.05545 1.85295 206601 0 -0.961172 0.604258 0
-27.4464 40.4767 1.84442 2.29418 5.56682 1.81557 168628 0 -0.955347 0.592589 0
26.7551 24.8009 0.701802 2.02448 4.62107 1.43019 145865 0 1.86973 0.575066 0
19.969 56.0815 1.09076 2.08011 4.65622 1.62859 191708 0 1.86193 0.573056 0
-29.9116 35.9516 1.82054 2.35046 5.60721 2.01778 162068 0 -0.919099 0.571299 0
4.97983 30.2679 1.04041 2.08735 4.78288 1.54085 153753 0 -0.950548 0.568431 0
36.251 -13.6538 -0.559696 0.790194 0.807501 1.66819 89735 0 0.483545 0.566406 1
36.2615 -13.8797 -0.479522 0.900497 0.952232 1.73569 89267 0 0.610085 0.563448 1
-69.6472 17.4241 2.43726 1.82792 3.9718 1.4697 134800 0 0.293396 0.55179 0
35.6584 63.1614 1.54673 2.46882 5.82341 2.14129 202053 0 -1.18287 0.546927 0
-5.9659 36.9139 1.19917 2.11032 5.1032 1.57205 163547 0 2.23427 0.546731 0
57.4296 0.763359 -1.01284 2.05852 4.63309 1.62309 110861 0 1.92468 0.526638 0
-35.9758 29.2842 1.55518 2.00568 4.52372 1.50171 152221 0 -0.965879 0.52542 0
53.2402 5.56935 -0.75693 2.00934 4.46402 1.65067 117868 0 -1.21846 0.519969 0
-15.1822 34.7278 1.35495 1.92515 4.48523 1.46287 160242 0 -1.01214 0.504643 0
26.9938 33.2397 1.28172 0.676571 0.645417 1.55686 158034 0 1.92245 0.503617 1
-4.01936 74.4166 1.81646 1.99394 4.72278 1.67521 218309 0 2.14212 0.494254 0
51.6792 3.04982 -0.693892 2.26138 5.26225 1.88065 114119 0 -1.20941 0.493236 0
36.3733 -14.5464 -0.450061 0.881332 0.906459 1.74508 88331 0 1.50218 0.489838 1
31.1748 -11.8854 -0.197822 0.800775 0.863929 1.7362 92059 0 1.95142 0.484344 1
36.3076 -14.2291 -0.426691 0.900725 0.964 1.76228 88799 0 1.10585 0.48432 1
-5.87663 36.7049 1.19485 2.07345 4.95105 1.54111 163079 0 1.09755 0.476978 0
59.0465 6.19186 -0.834193 2.00264 4.484 1.58189 118822 0 1.90576 0.47491 0
8.76211 66.6945 1.58593 2.05909 4.53205 1.53861 207117 0 -0.916204 0.473684 0
-4.28588 74.4266 1.87069 2.11196 5.15786 1.75484 218308 0 1.84695 0.470127 0
35.0717 63.2015 1.62539 2.13483 4.71357 1.95333 202051 0 -1.17882 0.468131 0
20.3356 59.091 1.25281 1.95772 4.56912 1.58788 195921 0 1.86913 0.459309 0
-53.9453 33.7806 2.18984 1.97999 4.48298 1.57838 158717 0 1.85843 0.457629 0
51.0814 3.35978 -0.666264 2.04401 4.63712 1.69085 114585 0 -1.24066 0.455264 0
56.4913 -2.12534 -0.939177 1.97749 4.37608 1.66404 106646 0 1.92243 0.454599 0
-54.2 33.7668 2.16292 2.07014 4.79174 1.63578 158716 0 2.30206 0.451502 0
38.923 -16.5876 -0.634761 0.866632 0.876943 1.71817 85531 0 -1.13622 0.447039 1
49.1076 4.06278 -0.586945 0.80674 0.875166 1.72832 115515 0 -0.89951 0.445176 1
42.7367 29.2146 0.336173 2.04851 4.60544 1.57774 152467 0 -1.2601 0.43865 0
-9.02052 33.9617 1.3304 0.731523 0.699082 1.5722 159325 0 -3.03068 0.437636 1
27.2938 35.0216 1.3445 0.725332 0.717377 1.64282 160843 0 0.968712 0.434126 1
67.6933 -6.87345 -1.59928 1.95495 4.33884 1.71519 99661 0 -1.22174 0.433438 0
-7.19227 45.3056 1.3897 2.01579 4.58328 1.53962 175711 0 -0.972518 0.43291 0
-5.89445 47.8027 1.6976 2.2847 5.51239 1.86578 179459 0 -1.0186 0.427919 0
-56.1567 41.1315 2.56292 2.20887 4.89866 1.7937 169474 0 -1.27153 0.41196 0
29.6403 48.4954 1.01842 1.96564 4.47869 1.56265 180506 0 -1.17892 0.410353 0
41.4387 13.3336 0.121298 1.90275 4.2541 1.57996 129063 0 1.88091 0.408698 0
-58.3518 14.4609 2.45071 0.740744 1.74083 1.57938 130623 0 -0.254834 0.408435 2
58.563 10.0851 0.470802 0.8056 1.90845 1.80542 124437 0 0.354983 0.402772 2
-62.4903 32.7604 2.39338 2.19039 5.05921 1.6805 157286 0 -1.18812 0.402669 0
66.2953 -12.0697 -1.65347 2.17441 4.96132 1.74608 92169 0 -1.2867 0.39411 0
30.5319 -11.8015 -0.167152 0.868095 0.928822 1.80442 92525 0 1.99189 0.389445 1
30.8531 -11.9158 -0.133636 0.893788 0.964584 1.81816 92058 0 1.93608 0.381563 1
36.1104 -13.6348 -0.544951 0.801734 0.814877 1.69045 89734 0 -0.462088 0.380834 1
-69.8853 17.6872 2.46279 1.83227 3.96083 1.48881 135267 0 0.36937 0.376223 0
32.7904 36.2404 1.06829 0.737318 0.765087 1.66233 162732 0 2.80567 0.372346 1
7.50356 35.3641 1.34081 2.12988 4.83961 1.56909 161249 0 2.28572 0.371244 0
-54.2257 33.4838 2.16997 1.99659 4.56046 1.58561 158248 0 1.87355 0.361868 0
38.8484 -17.031 -0.675112 0.888096 0.909291 1.70437 84595 0 -1.17088 0.359098 1
29.8936 48.7741 1.05061 2.03006 4.66132 1.58708 180975 0 -1.20502 0.354 0
68.2838 -6.89288 -1.60921 2.02419 4.49241 1.77193 99663 0 -1.25333 0.347557 0
30.4639 -11.0493 -0.0182048 0.914597 1.00327 1.90839 93461 0 1.95707 0.346768 1
-4.03444 74.6951 1.72021 2.02354 4.63794 1.73581 218777 0 -2.27731 0.343854 0
36.5076 -14.5668 -0.471868 0.875025 0.889893 1.72892 88332 0 1.45432 0.341789 1
36.1339 -13.8828 -0.476913 0.879963 0.936759 1.69892 89266 0 -0.0673836 0.340415 1
28.0821 -9.15051 -0.161845 0.77608 0.826079 1.61826 96261 0 -1.95375 0.338288 1
-11.3727 60.6313 2.04745 2.23524 5.36841 1.84046 198162 0 2.36217 0.337584 0
-13.8414 -9.52831 0.6384 0.8372 0.89062 1.7824 95662 0 -1.74507 0.33625 1
6.33017 32.4982 1.10323 2.09504 4.75083 1.56221 157033 0 -0.963534 0.335857 0
-55.884 41.4361 2.58254 2.12267 4.58642 1.70597 169943 0 -1.00389 0.335745 0
26.7443 70.5324 1.83598 2.14311 4.74014 1.79133 212789 0 -2.92674 0.333669 0
23.5767 15.5193 0.779727 0.855912 0.985836 1.66235 132283 0 2.02446 0.33114 1
35.8031 -12.7816 -0.532198 0.857895 0.844394 1.65191 91137 0 -1.2234 0.330634 1
52.6982 5.63845 -0.740738 1.89536 4.10251 1.58204 117866 0 -1.19584 0.327089 0
-17.843 30.1894 1.23902 1.895 4.49096 1.48267 153682 0 -1.04597 0.325253 0
56.7933 -2.67104 -1.00078 2.07712 4.68691 1.76931 105711 0 1.94302 0.324473 0
-10.3699 10.6607 0.716908 2.05006 4.77736 1.49654 125157 0 -0.985753 0.32356 0
33.8445 60.0575 1.46787 2.01014 4.65834 1.75775 197367 0 -1.27451 0.32319 0
59.9843 5.90051 -0.791996 2.01681 4.46898 1.67536 118357 0 1.83483 0.320647 0
49.115 4.20037 -0.60124 0.806309 1.06195 1.76321 115983 0 -0.783102 0.318475 1
-53.9607 33.5037 2.19187 1.89991 4.23345 1.54604 158249 0 1.15829 0.317285 0
66.1839 -9.37803 -1.72004 1.62565 3.45768 1.43393 95912 0 -1.19211 0.317184 0
21.9621 61.3658 1.32839 2.11767 4.89533 1.81014 199202 0 1.73292 0.317032 0
56.2209 -2.34995 -0.981203 1.9634 4.34836 1.63923 106177 0 1.94915 0.316741 0
39.0508 -16.7782 -0.682395 0.972598 0.981171 1.74677 85064 0 -1.11818 0.316296 1
-6.93295 45.5507 1.38649 1.98033 4.58681 1.55439 176180 0 -0.957443 0.315805 0
41.7277 13.5526 0.128485 1.9172 4.38449 1.61911 129532 0 1.98461 0.315105 0
27.9096 43.0942 1.03219 2.17623 5.06723 1.68958 172545 0 -1.22914 0.313861 0
-5.55346 36.3964 1.203 2.03856 4.77017 1.50792 162612 0 -0.901462 0.31071 0
-38.9028 25.1158 1.53799 1.90169 4.26831 1.55085 146128 0 0.0322945 0.308914 0
27.0771 34.0828 2.03743 0.829722 0.790872 1.9211 159438 0 0.622486 0.308809 1
67.0543 -6.56487 -1.59079 1.94817 4.31326 1.69166 100127 0 -1.19501 0.308616 0
-3.99317 74.1761 1.73948 1.82629 4.15889 1.60964 217841 0 2.67305 0.304669 0
30.9473 -11.7449 -0.175803 0.816341 0.866893 1.76336 92526 0 1.97611 0.303395 1
-59.8531 15.7773 2.50782 0.89527 0.941179 1.63997 132490 0 -0.592946 0.299577 1
5.51958 30.1941 0.988899 2.15595 4.9009 1.59556 153755 0 -0.940851 0.295513 0
-56.4544 40.8272 2.54352 2.36911 5.42634 1.9462 169005 0 -1.44385 0.29346 0
36.3636 -14.798 -0.460128 0.860047 0.889609 1.6974 87863 0 1.41566 0.293389 1
21.3728 29.5162 1.0995 1.93128 4.23003 1.78133 152868 0 1.93179 0.292174 0
70.5882 -15.195 -1.78018 1.89653 4.18202 1.7139 87502 0 1.75959 0.291605 0
-53.6721 34.0488 2.18686 1.9973 4.51913 1.58799 159186 0 1.34359 0.289649 0
7.18513 31.9319 1.04961 2.15068 4.84374 1.62504 156100 0 -0.933568 0.289149 0
-53.2599 36.6204 2.14801 2.03036 4.6155 1.61356 162931 0 2.10338 0.289082 0
31.5079 35.0512 0.875468 1.70266 3.82821 1.41355 160856 0 1.92745 0.286613 0
57.045 -2.41346 -0.938896 2.12926 4.82198 1.79705 106180 0 1.89627 0.286071 0
42.0673 29.5145 0.411287 2.10819 4.6544 1.61499 152933 0 1.89983 0.283874 0
24.3841 16.7492 0.873237 0.836768 0.85576 1.63359 134158 0 0.939851 0.283108 1
-11.6511 60.3314 2.06979 2.16897 5.19755 1.84229 197693 0 2.1794 0.281759 0
-11.3448 60.0333 2.07213 1.99805 4.54272 1.69478 197226 0 -0.773743 0.280756 0
-35.3479 28.7359 1.56233 1.80017 3.94738 1.41787 151287 0 -0.954311 0.280692 0
32.8021 36.0951 1.06924 0.78238 0.921371 1.66556 162264 0 2.96052 0.280626 1
23.8596 15.9244 0.787723 1.77847 3.5423 1.71117 132752 0 1.94467 0.277916 0
-7.53233 45.8611 1.46237 2.03283 4.5425 1.64411 176646 0 -0.981479 0.276562 0
-39.1361 25.1425 1.58691 1.99311 4.52535 1.57147 146127 0 1.57685 0.273071 0
26.3869 69.258 1.77244 2.12525 4.76952 1.65576 210916 0 -0.252958 0.271998 0
-8.4969 64.4644 1.97208 2.05328 4.59072 1.66444 203787 0 -0.934169 0.271591 0
-11.0719 60.6199 2.03403 2.21648 5.16514 1.79195 198163 0 -2.15819 0.271089 0
-9.54061 36.9861 1.45099 0.736891 0.694382 1.63406 163536 0 1.75181 0.269359 1
73.1249 -8.80207 -2.19974 1.9394 4.26975 1.70541 96870 0 -1.26163 0.268332 0
-17.582 19.5476 1.09145 0.827783 0.896815 1.58315 138239 0 -1.19916 0.267398 1
-30.4629 36.0211 1.88338 2.54592 6.50013 2.20506 162066 0 -0.941783 0.265606 0
58.1171 6.5453 -0.684702 2.06519 4.61651 1.59539 119287 0 1.88908 0.265539 0
-58.1933 14.2885 2.44291 0.741277 1.63307 1.64177 130156 0 0.440004 0.265239 2
-0.200554 -13.5657 0.654575 0.834454 1.15598 1.53895 89621 0 1.66956 0.264975 1
26.5164 40.8036 1.18723 1.83236 3.86159 1.77431 169264 0 -1.21153 0.264626 0
70.849 -14.919 -1.78324 1.91277 4.23326 1.72945 87971 0 1.77646 0.262441 0
26.853 33.2071 1.26099 0.720586 0.692253 1.56737 158033 0 1.96108 0.26105 1
24.2381 16.7398 0.856216 0.890989 0.945446 1.6492 134157 0 1.46545 0.259687 1
50.4174 35.3558 0.273835 2.01309 4.57111 1.66497 161383 0 1.34499 0.258951 0
-70.1946 17.7156 2.44503 1.95099 4.34807 1.56587 135266 0 0.432567 0.258209 0
42.0578 13.3149 0.10067 1.97549 4.51283 1.66159 129065 0 1.76175 0.256972 0
31.3849 -11.7443 -0.261788 0.828263 0.873849 1.74453 92528 0 1.92223 0.256008 1
30.3749 -11.946 -0.168971 0.872053 0.930277 1.80495 92056 0 2.05722 0.254269 1
25.1033 69.6528 1.88933 2.17806 4.97386 1.71281 211380 0 1.80986 0.253734 0
28.2038 -9.14033 -0.171025 0.804011 0.853023 1.65671 96262 0 -2.50256 0.252814 1
-17.1547 33.0016 1.50554 2.24159 5.14969 1.68367 157896 0 -1.04577 0.251558 0
28.8607 45.6515 1.11131 2.24721 5.18033 1.84909 176292 0 -1.22134 0.25083 0
27.1541 35.0216 1.33582 0.763801 0.758344 1.66468 160842 0 1.35578 0.250606 1
60.6029 5.8716 -0.675817 2.1145 4.76237 1.76126 118359 0 1.79131 0.250531 0
26.8492 33.3663 1.3408 0.780721 0.760365 1.71006 158501 0 1.90607 0.249349 1
23.5744 15.3016 0.796545 0.867243 0.894647 1.68499 131815 0 -0.659079 0.248947 1
-53.9283 34.3281 2.18846 2.19653 5.12999 1.72459 159653 0 1.83003 0.248591 0
-9.10016 64.8252 1.80191 2.05098 4.61702 1.70477 204253 0 -0.863939 0.24829 0
36.1111 -14.2021 -0.386188 0.893414 0.971211 1.70767 88798 0 0.600288 0.246238 1
68.0125 -7.43931 -1.65633 1.99434 4.44675 1.71762 98726 0 -1.13192 0.246199 0
-36.5703 29.6109 1.62409 2.08107 4.73966 1.58752 152687 0 -1.04561 0.245736 0
-35.4664 29.1816 1.57844 2.02865 4.41582 1.49738 152223 0 -0.963371 0.242254 0
56.7523 -1.85086 -0.953307 2.04036 4.57747 1.70522 107115 0 1.86667 0.24215 0
-3.7114 74.1499 1.71255 1.76714 3.93486 1.5366 217842 0 -1.41333 0.242149 0
71.1507 -15.2111 -1.85638 2.00146 4.42515 1.79773 87504 0 -1.32066 0.240997 0
-33.4945 31.315 1.65971 1.77287 3.91456 1.40935 155037 0 -1.03208 0.240601 0
51.3309 6.26882 -0.561472 1.86179 4.08774 1.5558 118798 0 1.70185 0.240468 0
-5.68249 8.58849 0.927011 0.803996 1.3245 1.69398 121896 0 -1.1601 0.2403 2
57.4466 0.265724 -1.03501 2.09981 4.7721 1.64782 109925 0 1.94101 0.238266 0
-3.74347 74.7177 1.628 1.98134 4.38256 1.65008 218778 0 -1.2136 0.236688 0
32.4697 0.124725 2.04999 0.802499 0.842478 1.76395 109847 0 0.315328 0.235905 1
-6.46729 37.0513 1.19003 1.96779 4.52846 1.56592 163545 0 2.22031 0.235588 0
19.3953 56.3823 1.18474 2.33299 5.61626 1.90277 192174 0 1.88751 0.235504 0
8.6898 34.6377 1.25471 2.34435 5.4876 1.8157 160317 0 -0.938029 0.235284 0
-9.69595 34.7082 1.26215 0.686311 0.659375 1.57592 160259 0 -1.41723 0.234339 1
70.8625 -15.4877 -1.79412 1.96082 4.41617 1.77132 87035 0 -1.14222 0.233977 0
31.5146 34.7538 0.896158 1.79368 4.06725 1.43029 160388 0 1.9395 0.233911 0
51.0104 6.50951 -0.492578 1.96295 4.36125 1.63615 119265 0 1.89289 0.233587 0
-55.8674 40.1593 2.38554 2.09543 4.57921 1.66124 168071 0 -2.0286 0.233208 0
-9.65672 36.9804 1.44613 0.73139 0.68544 1.63272 163535 0 1.7836 0.232318 1
0.41468 47.0883 1.57638 2.15698 4.88451 1.794 178543 0 2.24037 0.232283 0
56.8968 0.801598 -1.07767 1.89752 4.14395 1.52483 110859 0 1.93863 0.231859 0
70.5963 -15.4717 -1.78397 1.90807 4.20001 1.74032 87034 0 1.14507 0.230116 0
51.4041 2.78572 -0.699911 2.28162 5.3763 1.88635 113650 0 -1.22041 0.229614 0
31.3981 -11.9035 -0.251078 0.82998 0.883857 1.7335 92060 0 1.97038 0.228987 1
-9.43272 65.1286 1.75671 2.03833 4.63722 1.70681 204720 0 -0.397872 0.227924 0
23.8246 71.5334 1.84392 2.04255 4.60212 1.61099 214184 0 -2.87958 0.226878 0
-53.5371 36.3359 2.17232 2.09828 4.83886 1.69049 162462 0 1.96321 0.226349 0
-56.1509 40.4917 2.46444 2.18938 4.80852 1.75836 168538 0 -1.74133 0.225202 0
-52.6981 36.3383 2.1422 1.61584 3.4642 1.43395 162465 0 1.97681 0.224359 0
36.3061 18.7459 0.215053 0.798995 0.997235 1.67204 137003 0 -1.61054 0.223528 1
73.4228 -8.51628 -2.05834 2.00405 4.34046 1.75825 97339 0 -1.31531 0.221552 0
40.8751 13.6042 0.13438 1.91677 4.23574 1.575 129529 0 1.82987 0.221492 0
-11.0807 60.9084 2.01891 2.30615 5.49712 1.89153 198631 0 2.55388 0.221219 0
36.5348 -14.7886 -0.494383 0.837681 0.871834 1.66921 87864 0 1.24512 0.220992 1
23.7546 15.5324 0.785575 0.957823 1.16574 1.67715 132284 0 2.00269 0.220036 1
-4.62013 74.1644 1.81347 2.1744 5.14408 1.84318 217839 0 1.85681 0.21944 0
20.3544 55.6064 1.05873 1.65997 3.74366 1.50439 190773 0 1.86257 0.21909 0
24.4715 35.056 0.909542 2.04754 4.59981 1.59602 160834 0 -1.19302 0.218992 0
-54.4838 34.041 2.20117 2.2254 5.38483 1.82002 159183 0 1.9477 0.218415 0
39.1087 -16.5036 -0.712049 0.828069 0.878141 1.68658 85532 0 -1.14528 0.217272 1
38.6971 -16.8131 -0.589373 0.925601 0.940927 1.73825 85062 0 -1.13131 0.216791 1
26.6854 69.9715 1.7655 2.07597 4.38824 1.71592 211853 0 -2.73095 0.216211 0
-8.11469 45.9292 1.55479 2.01508 4.47187 1.63713 176644 0 -1.00143 0.216123 0
-70.1744 17.1733 2.47218 2.15958 4.86664 1.70202 134330 0 0.366229 0.21583 0
54.9735 -5.4817 -1.3526 1.72819 3.8934 1.52023 101493 0 2.00213 0.215812 0
-11.978 60.9364 2.08161 2.35537 5.61263 1.94896 198628 0 2.16222 0.215581 0
51.9787 36.3276 0.605139 2.11662 4.7644 1.70506 162792 0 0.993333 0.214745 0
58.5672 9.87335 0.463934 0.817491 1.96954 1.81907 123969 0 0.333285 0.213933 2
-11.6448 60.0323 2.0461 2.06884 4.84101 1.74845 197225 0 1.89611 0.213246 0
-23.159 -1.88826 0.636233 1.80391 3.66252 1.48982 106865 0 0.321926 0.213235 0
36.0051 -13.2884 -0.50624 0.819667 0.838133 1.66105 90202 0 -1.12474 0.212947 1
33.0971 -11.0968 -0.423189 0.755621 0.800928 1.67204 93469 0 0.320571 0.21286 1
-18.7078 30.7429 1.39885 2.01489 4.76261 1.54333 154615 0 -1.0766 0.212666 0
-9.51044 34.7057 1.26416 0.749969 0.791331 1.53643 160260 0 -1.34218 0.212535 1
25.0235 19.2429 0.8934 2.39492 5.51477 1.67828 137904 0 -1.22861 0.212216 0
68.5854 -6.59542 -1.55473 2.07215 4.6056 1.78809 100132 0 -1.30074 0.211777 0
25.4252 16.4559 0.824804 0.841375 0.89981 1.6547 133693 0 0.478908 0.211362 1
42.3615 13.5653 0.115389 1.94946 4.38173 1.67316 129534 0 1.82481 0.211213 0
44.0008 31.536 0.540158 2.0728 4.52419 1.77164 155747 0 -1.23637 0.211196 0
-38.6271 25.0749 1.50404 1.92925 4.2861 1.55611 146129 0 -0.494952 0.211126 0
27.0688 33.8678 1.85988 0.850322 0.83002 1.88728 158970 0 0.819473 0.21107 1
-24.0731 12.9442 1.00541 0.771774 0.890732 1.72909 128390 0 -1.93321 0.210202 1
17.5546 18.6319 0.797213 1.78958 3.75448 1.4588 136944 0 -1.28057 0.209832 0
28.0678 -9.3235 -0.123209 0.822339 0.88782 1.66093 95793 0 -2.68843 0.209666 1
50.397 35.0929 0.251504 2.05042 4.51368 1.67407 160915 0 0.953209 0.209509 0
27.3008 34.8478 1.54449 0.775106 0.755188 1.76653 160375 0 0.672263 0.208368 1
38.6287 -17.1046 -0.641207 0.775463 0.826558 1.66186 84594 0 -1.17312 0.207977 1
-56.4357 41.7118 2.68155 2.45484 5.81558 2.07616 170409 0 -1.04141 0.206599 0
35.0021 65.4431 1.54615 2.49073 5.901 2.2325 205327 0 -2.72215 0.206287 0
-7.76472 45.3412 1.46494 2.02303 4.52141 1.57858 175709 0 -0.983347 0.205869 0
-54.517 33.1619 2.17423 2.05159 4.6982 1.62659 157779 0 1.97249 0.205686 0
50.7032 35.6154 0.319335 2.01655 4.6594 1.65528 161852 0 1.88817 0.205385 0
48.9282 4.03795 -0.586939 0.852381 1.12422 1.76905 115514 0 -1.20442 0.2051 1
66.0869 -12.5218 -1.62855 2.15613 4.84877 1.74003 91232 0 -1.14828 0.20455 0
28.8842 27.02 1.01306 2.32584 5.30074 1.77387 149148 0 1.8735 0.204391 0
52.0083 41.794 1.51874 0.813647 1.73939 1.78418 170748 0 0.183527 0.204376 2
57.7024 1.03403 -1.00407 2.1865 4.95368 1.72533 111330 0 1.87245 0.204318 0
43.3665 31.8456 0.562378 2.10962 4.68053 1.77755 156213 0 -1.20081 0.204255 0
22.216 62.1378 1.40571 2.30222 5.3517 1.95224 200607 0 1.90069 0.20411 0
-23.2075 48.165 1.45131 2.01083 4.54649 1.56124 179873 0 2.23622 0.203912 0
-39.1493 25.3714 1.54669 1.94936 4.45224 1.54084 146595 0 2.04355 0.203817 0
-52.9743 36.897 2.15415 2.02096 4.58483 1.59653 163400 0 2.22728 0.203435 0
-9.75428 65.4124 1.75393 2.04988 4.6237 1.67826 205187 0 -0.00770229 0.203288 0
41.441 13.0475 0.124919 1.9249 4.22564 1.57614 128595 0 1.42181 0.202941 0
71.5005 -15.5221 -1.92527 2.01636 4.54793 1.82173 87037 0 -1.28838 0.20136 0
-52.9623 36.0695 2.13167 1.7138 3.77016 1.45671 161996 0 1.85838 0.200213 0
-17.9918 19.4232 1.10096 0.857288 0.905919 1.63764 137769 0 -1.17495 0.199944 1
20.937 58.7953 1.27656 1.89464 4.34355 1.57661 195455 0 1.82933 0.199894 0
51.6965 36.6168 0.598536 2.11457 4.74216 1.71334 163259 0 0.818069 0.199142 0
41.7669 13.8606 0.124378 1.931 4.38657 1.61823 130000 0 2.47581 0.198651 0
51 35.3805 0.322322 1.96257 4.55209 1.64351 161385 0 -0.29129 0.198331 0
-8.48448 33.8053 1.28509 0.705506 0.689335 1.59314 158859 0 2.38484 0.198301 1
19.7629 59.1168 1.29067 1.92465 4.36407 1.57795 195919 0 1.83001 0.197792 0
42.6889 13.2632 0.0962989 1.92346 4.28863 1.68226 129067 0 -1.45284 0.197631 0
52.0337 5.94095 -0.687351 1.94933 4.32523 1.53026 118332 0 -1.21026 0.197131 0
37.2843 18.4208 0.205686 1.94038 4.37141 1.57102 136538 0 -1.32541 0.196896 0
37.9235 18.4037 0.189414 1.95614 4.36575 1.5935 136540 0 -1.36358 0.196804 0
70.5871 -14.6155 -1.78305 1.96514 4.34951 1.71949 88438 0 1.87677 0.196473 0
-29.4035 35.6844 1.79926 2.06061 4.45247 1.83262 161602 0 -0.897457 0.196129 0
-0.444153 43.8075 1.33115 1.95105 4.30583 1.47335 173392 0 2.33301 0.195999 0
12.6547 38.2251 1.2781 2.1299 4.88392 1.74516 165477 0 2.16035 0.195991 0
-69.3731 17.163 2.45664 1.89757 4.13866 1.49828 134333 0 0.229554 0.195828 0
36.5197 -14.2675 -0.444099 0.89022 0.965668 1.76113 88800 0 1.25506 0.195736 1
21.3781 26.1925 0.941425 1.82318 3.99694 1.61261 147720 0 -1.19478 0.195091 0
29.3693 48.22 1.00406 1.93034 4.33529 1.54924 180037 0 -1.16405 0.194921 0
30.3112 -11.2692 -0.105729 0.829882 0.904323 1.83276 92992 0 1.93181 0.194426 1
-8.25362 33.7842 1.17205 0.649341 0.685634 1.43843 158860 0 2.74172 0.194103 1
41.4379 13.8486 0.10947 1.9444 4.34263 1.59046 129999 0 2.1673 0.193738 0
42.0594 13.884 0.106054 1.9265 4.34556 1.63453 130001 0 2.72081 0.191822 0
-53.6712 33.5033 2.2287 1.84204 4.00754 1.51679 158250 0 -0.405708 0.191413 0
38.2554 18.7159 0.194928 1.9653 4.36014 1.62312 137009 0 -1.48706 0.19136 0
-10.5951 32.8192 1.06204 2.02582 5.1034 1.46622 157448 0 1.28769 0.191189 0
-23.5119 47.8699 1.42823 2.02514 4.56059 1.56388 179404 0 2.24262 0.191104 0
-55.916 40.8266 2.47801 2.04863 4.34721 1.65042 169007 0 -1.42742 0.190578 0
26.4761 69.9333 1.76108 2.07904 4.35124 1.67641 211852 0 -0.287775 0.190521 0
66.4505 -6.2578 -1.51412 1.98184 4.41 1.68172 100593 0 -1.21802 0.190083 0
-52.7076 36.6103 2.13003 1.71704 3.77453 1.48266 162933 0 2.17479 0.189999 0
65.0935 -1.43302 -1.12865 2.13827 4.77276 1.88391 107609 0 1.75044 0.189976 0
-22.8794 48.478 1.53098 2.09588 4.66939 1.61253 180342 0 2.23958 0.189325 0
-22.1452 25.5408 1.32587 1.96751 4.37928 1.51212 146648 0 -1.01515 0.18929 0
-0.219498 -14.938 0.936822 0.823213 0.758038 1.75524 87749 0 -2.82034 0.188423 1
-5.83381 8.56451 0.977034 0.800213 1.58319 1.72174 121895 0 -1.21816 0.188286 2
42.7245 32.1781 0.591557 1.99413 4.46531 1.67383 156679 0 -1.12718 0.187946 0
7.74936 35.2724 1.34536 2.16808 4.81478 1.61869 161250 0 -2.95994 0.18771 0
10.3964 67.0524 1.52453 2.11441 4.67065 1.60832 207590 0 -2.49422 0.187613 0
-10.7872 60.2971 2.06951 2.02994 4.43688 1.71455 197696 0 -0.780462 0.187015 0
-10.377 32.9889 1.09284 2.04706 5.13385 1.45613 157917 0 -1.0935 0.186968 0
-9.72424 65.1645 1.73597 2.07312 4.67551 1.69771 204719 0 -0.721463 0.186919 0
73.1227 -8.20647 -2.24689 1.9686 4.26168 1.72638 97806 0 -1.2817 0.186845 0
-9.47578 34.4433 1.28236 0.695728 0.684177 1.48486 159792 0 -1.71946 0.186817 1
64.809 -1.13483 -1.16386 2.05408 4.53783 1.86458 108076 0 1.62605 0.185607 0
67.3339 -6.32265 -1.52929 1.98501 4.43618 1.69636 100596 0 -1.2259 0.185134 0
24.4282 15.9076 0.83628 2.20662 4.93487 1.72422 132754 0 1.92217 0.185011 0
42.3872 32.4747 0.607957 1.97889 4.49209 1.65786 157146 0 1.29471 0.184997 0
37.5873 18.6942 0.256153 1.9522 4.39782 1.56869 137007 0 -1.37409 0.184935 0
2.98669 28.5329 1.331 2.5676 5.8115 1.96377 151407 0 -0.922759 0.184456 0
-0.269615 43.9324 1.30722 2.08051 4.58945 1.50001 173861 0 -2.84235 0.184285 0
51.0097 35.6328 0.388532 1.99231 4.55591 1.6313 161853 0 1.44024 0.183383 0
-58.2105 14.4439 2.43713 0.733449 1.61714 1.5612 130624 0 0.108959 0.183134 2
30.1781 48.2121 1.07287 2.19038 5.05574 1.71953 180040 0 -1.15149 0.183116 0
27.6333 24.5075 0.789663 2.06431 4.57177 1.43186 145400 0 1.88697 0.182746 0
16.6014 15.8679 0.771876 1.55478 2.98457 1.37691 132729 0 -1.21379 0.182673 0
49.3231 4.03262 -0.584064 0.917769 1.54844 1.7611 115516 0 -0.975171 0.182115 1
58.2211 10.0282 0.489194 0.853075 1.9812 1.82081 124435 0 0.318792 0.181589 2
44.645 22.2492 -0.0662158 1.9706 4.38464 1.58518 142177 0 2.0288 0.18095 0
36.9851 18.7102 0.221525 1.94665 4.49653 1.59908 137005 0 -1.34179 0.180835 0
2.76954 28.591 1.32945 2.5398 5.98477 1.93684 151406 0 -1.30938 0.180184 0
51.7097 36.0167 0.500125 1.94084 4.27111 1.6053 162323 0 1.22162 0.179263 0
-60.3905 28.0689 1.99286 0.86179 0.997278 1.67647 150273 0 -1.31135 0.179012 1
59.352 30.2701 0.170323 2.05204 4.62615 1.76849 153923 0 1.22306 0.178836 0
42.093 32.4979 0.617682 1.97844 4.51729 1.64827 157145 0 1.69497 0.177981 0
64.8111 -1.73986 -1.19267 2.05411 4.57883 1.80505 107140 0 1.80864 0.177666 0
72.5186 -8.49422 -2.28374 1.96279 4.30881 1.69409 97336 0 -0.955158 0.177441 0
36.2393 -13.4028 -0.554234 0.780718 0.794967 1.66403 90203 0 -0.126484 0.1774 1
5.60634 29.6856 1.03625 2.15403 4.84734 1.59216 152819 0 -0.915904 0.177272 0
72.8419 -9.06628 -2.22134 1.90322 4.13373 1.67495 96401 0 -1.17548 0.17701 0
4.64142 30.7885 1.1293 2.08766 4.72847 1.56206 154688 0 -0.949934 0.176695 0
-62.7902 32.8025 2.41576 2.34481 5.54935 1.81858 157285 0 -1.75757 0.176597 0
21.3529 61.6145 1.36867 2.29092 5.43795 1.9343 199668 0 1.7691 0.176494 0
30.9089 35.3345 0.896058 1.88726 4.37604 1.47928 161322 0 1.94329 0.176345 0
-47.6008 20.6869 0.910868 0.756622 0.814334 1.73096 139549 0 -1.77088 0.175863 1
36.1002 -14.5318 -0.424547 0.88187 0.994731 1.67084 88330 0 1.46195 0.175787 1
-57.5704 29.509 2.35573 1.80261 3.87583 1.60786 152622 0 2.22014 0.175519 0
33.0149 36.2593 1.0509 0.813618 1.42218 1.689 162733 0 -3.11956 0.175437 1
-6.57918 37.5041 1.1965 2.02644 4.69195 1.60583 164481 0 2.21011 0.175338 0
28.3852 45.4051 1.10478 1.99797 4.46474 1.74293 175822 0 -1.14507 0.174615 0
30.4725 -11.2603 -0.116872 0.84603 0.933182 1.86121 92993 0 1.95934 0.17428 1
45.6116 -11.3784 -0.923023 1.14304 1.89587 1.68431 93040 0 1.77505 0.17399 1
-17.9898 19.5988 1.14414 0.836731 0.868503 1.64144 138237 0 -1.17213 0.173938 1
50.6836 35.1147 0.252323 2.0208 4.55841 1.67394 160916 0 0.680588 0.173488 0
51.6217 3.60145 -0.687917 2.14728 4.89593 1.77322 115055 0 -1.22052 0.173306 0
-56.7455 41.4143 2.69432 2.53469 6.19386 2.21154 169940 0 -1.22998 0.173202 0
55.4449 -5.07909 -1.3042 2.19673 4.81288 1.70034 102431 0 1.91501 0.173008 0
23.7458 15.2799 0.782038 0.923616 0.963574 1.68984 131816 0 1.93529 0.17278 1
50.0963 35.6495 0.294226 1.9934 4.50516 1.65517 161850 0 1.90916 0.172507 0
51.0449 3.90984 -0.627115 1.97918 4.36105 1.6194 115521 0 -1.2608 0.172467 0
19.4545 55.959 1.08483 2.13105 5.30141 1.8102 191238 0 1.81559 0.172466 0
27.615 43.5489 1.0008 2.05323 4.67243 1.6303 173480 0 -1.26829 0.172256 0
30.5361 -12.2371 -0.155701 0.892142 0.954809 1.76739 91589 0 2.05264 0.172142 1
66.9377 -9.22453 -1.89527 2.0982 4.76015 1.65725 96383 0 -1.28853 0.171916 0
27.2205 33.1877 1.28521 0.704839 0.657431 1.57685 158035 0 1.81343 0.171714 1
-62.2717 33.0073 2.44029 2.01932 4.70772 1.60285 157755 0 -0.961691 0.171534 0
31.62 54.3518 1.32731 1.82827 4.12036 1.72845 188936 0 -1.1426 0.170649 0
-10.0807 65.7231 1.7686 2.06469 4.62506 1.65369 205654 0 2.68807 0.170544 0
51.3936 36.6388 0.497134 2.02629 4.51672 1.66815 163258 0 2.09511 0.170432 0
-5.83326 36.423 1.20939 2.00511 4.6344 1.5271 162611 0 -0.325998 0.169343 0
12.6325 73.4416 1.88068 2.07048 4.59066 1.69409 216957 0 2.0075 0.169039 0
31.2173 35.6144 0.919181 1.89409 4.27498 1.49737 161791 0 1.95789 0.16871 0
73.7036 -9.09523 -1.79029 2.13857 4.73364 1.89413 96404 0 -1.26064 0.168336 0
14.2415 73.124 1.72802 2.03564 4.5442 1.6665 216494 0 -0.924903 0.168301 0
38.5331 18.4211 0.17504 2.09995 4.67999 1.72295 136542 0 -1.41771 0.168072 0
-15.8437 35.2853 1.45323 2.0401 4.82112 1.52342 161176 0 -1.02757 0.168023 0
42.413 13.0259 0.0933803 1.94675 4.32509 1.68211 128598 0 1.11293 0.167321 0
-9.49598 65.3647 1.7743 2.07222 4.66784 1.70287 205188 0 1.82507 0.167031 0
56.5331 -2.97638 -1.01299 2.02277 4.4674 1.72883 105242 0 1.95895 0.166886 0
-13.7323 -9.64265 0.700187 0.888582 0.97 1.80901 95195 0 -1.85816 0.166842 1
-6.87949 66.9358 1.98807 2.58923 6.38468 2.0689 207536 0 -0.947887 0.166648 0
27.2297 34.0838 1.99061 0.856326 0.813934 1.92743 159439 0 0.627388 0.166571 1
58.0025 0.504089 -0.969654 2.30013 5.41299 1.81199 110395 0 1.91349 0.166243 0
40.4726 63.4971 2.06169 2.25934 4.97762 1.97412 202536 0 -2.84236 0.166219 0
68.5812 -7.44611 -1.60924 2.18327 4.99369 1.82261 98728 0 -1.1693 0.166115 0
-3.43777 74.3898 1.68796 1.87506 4.25821 1.55886 218311 0 -1.10323 0.166064 0
71.1573 -14.6002 -1.79585 1.99293 4.36621 1.7715 88440 0 1.5491 0.165513 0
26.1539 68.9996 1.76727 2.0209 4.26754 1.6114 210447 0 -0.516194 0.164575 0
31.2316 34.4406 0.915885 1.91363 4.36112 1.4832 159919 0 1.95054 0.164403 0
-23.8152 48.4646 1.45096 2.11978 4.78179 1.60989 180339 0 2.2094 0.164232 0
-59.8698 15.6166 2.49758 0.828715 0.884983 1.66141 132022 0 -0.978303 0.164216 1
22.9864 16.2051 0.713986 1.92872 4.59337 1.51914 133217 0 1.91929 0.163905 0
33.1026 57.131 1.19807 2.12396 4.8991 1.61593 193153 0 -1.19921 0.163681 0
34.4967 63.2583 1.62886 1.93175 4.07277 1.86103 202049 0 -1.17448 0.163645 0
71.8223 -15.2361 -1.93411 1.99211 4.46664 1.80585 87506 0 -1.30788 0.163173 0
23.5461 71.7835 1.87786 2.14632 4.81802 1.69385 214651 0 -3.01888 0.163119 0
-23.4035 23.2434 1.20881 2.10064 5.21264 1.62798 143368 0 -1.01181 0.162888 0
37.5999 18.1001 0.200237 1.94517 4.31068 1.56799 136071 0 -1.27034 0.162846 0
20.0595 58.8068 1.24698 1.91014 4.27514 1.56351 195452 0 1.83165 0.162556 0
31.8263 34.4141 0.959676 1.93838 4.37668 1.49924 159921 0 2.00046 0.162454 0
-39.1458 24.881 1.6258 2.0253 4.5914 1.63395 145659 0 0.291503 0.162146 0
36.505 -13.9017 -0.463392 0.867948 0.94818 1.71613 89268 0 0.667046 0.161819 1
-69.8849 16.8869 2.49334 2.14387 4.87761 1.69742 133863 0 0.284996 0.161233 0
-22.2504 47.8574 1.49636 2.08908 4.65476 1.61442 179408 0 1.73256 0.161172 0
-22.5643 47.8603 1.49023 2.05737 4.614 1.57866 179407 0 1.9807 0.161044 0
65.483 -11.8131 -1.53641 1.61428 3.26727 1.40942 92634 0 -1.22787 0.16076 0
22.1234 26.186 0.899469 2.20198 5.16666 1.65036 147723 0 -1.23503 0.160498 0
30.1681 49.0674 1.1055 2.12265 4.94952 1.66153 181444 0 -1.21769 0.160259 0
-0.487251 24.0571 0.951431 2.12662 4.9235 1.49729 144844 0 -0.93559 0.160195 0
36.6389 18.3978 0.218993 1.5617 3.07142 1.61317 136536 0 -1.50286 0.160181 0
20.8768 59.2682 1.32144 1.93552 4.3132 1.60948 196391 0 1.92804 0.160101 0
-22.2632 48.1694 1.59475 2.11827 4.61331 1.63772 179876 0 2.01092 0.159441 0
-1.45764 -14.5189 1.02613 0.77357 0.743729 1.70915 88213 0 -2.48903 0.159359 1
-1.84589 -12.8712 0.662324 0.757089 0.894848 1.43916 90552 0 -1.79271 0.15898 2
-67.5734 16.3828 2.62813 1.98215 4.42271 1.62125 133402 0 0.415332 0.158261 0
-18.3398 30.034 1.33205 1.52144 3.45446 1.47447 153212 0 -1.02848 0.158117 0
-10.3756 65.7635 1.75572 2.02954 4.52101 1.6365 205653 0 0.530587 0.158045 0
13.2463 37.9405 1.19638 1.95688 4.25966 1.65511 165011 0 2.18241 0.158044 0
1.43703 46.0151 1.48011 2.08912 4.60579 1.64732 176674 0 2.21145 0.157915 0
42.6861 13.5687 0.102547 1.94738 4.35487 1.67658 129535 0 -1.74638 0.157288 0
72.1329 -15.5282 -2.03858 1.99015 4.33544 1.72645 87039 0 -1.29651 0.157222 0
-4.94128 74.732 1.87933 2.38156 5.85248 2.03827 218774 0 1.90227 0.156698 0
39.9106 5.69608 -0.392419 2.17196 5.20817 1.76776 117826 0 1.79266 0.156573 0
25.1826 16.4727 0.868893 0.861383 0.99077 1.69566 133692 0 0.887843 0.156477 1
50.8165 3.11131 -0.648374 2.02834 4.55062 1.71113 114116 0 -1.24137 0.156094 0
-55.8072 20.1211 2.28111 2.14512 4.65397 1.77112 138587 0 1.81708 0.155831 0
23.2073 32.464 0.732198 2.09551 4.78414 1.60518 157086 0 -1.13727 0.155788 0
-40.8609 23.3803 1.82238 2.32963 5.58611 2.02624 143782 0 -0.923419 0.155779 0
47.2144 -11.9999 -0.832202 2.03086 4.55082 1.61768 92109 0 -1.29977 0.155715 0
59.0067 -23.4652 -0.566735 3.14947 9.64869 3.78382 75298 0 1.926 0.155691 0
56.8801 -22.5435 -0.718166 2.5581 5.21257 2.7367 76695 0 2.02508 0.155188 0
-11.3882 61.2115 2.07357 2.35381 5.56892 1.9332 199098 0 2.28678 0.155148 0
-0.207962 43.7504 1.31306 2.01977 4.4231 1.47294 173393 0 -1.49445 0.155083 0
24.3898 16.5006 0.864479 1.08363 1.34974 1.66465 133690 0 1.49813 0.15508 1
31.1761 -11.4862 -0.19053 0.79166 0.82321 1.7005 92995 0 1.94421 0.154623 1
-34.794 28.5808 1.56495 1.99533 4.33958 1.51031 151289 0 -0.957539 0.154291 0
71.8337 -15.8169 -1.98748 1.9515 4.22572 1.73918 86570 0 -1.25373 0.154246 0
-22.5859 48.7689 1.67196 2.13171 4.69852 1.65303 180811 0 2.28157 0.154175 0
31.8051 35.3368 0.968698 1.74768 4.23914 1.42805 161325 0 1.94862 0.153943 0
38.2366 18.1094 0.158882 2.05625 4.56832 1.67064 136073 0 -1.34415 0.153323 0
-22.8934 47.5426 1.4423 2.01583 4.45932 1.52137 178938 0 1.33482 0.153136 0
67.9958 -6.32375 -1.5843 1.96033 4.35108 1.72585 100598 0 -1.29832 0.152893 0
64.5154 -1.43371 -1.21115 1.91835 4.27578 1.75506 107607 0 1.70383 0.152832 0
36.3022 18.9644 0.217503 0.870887 1.13073 1.64799 137471 0 -1.29098 0.152666 1
-21.9453 25.9562 1.32642 1.89494 4.34978 1.51816 147585 0 -1.01599 0.152486 0
-29.8509 35.472 1.8283 2.28812 5.21442 1.96748 161132 0 -1.01552 0.152235 0
-59.687 16.0711 2.45442 0.786142 0.858068 1.5326 132959 0 -0.901905 0.151935 1
