-20.5552 -2.78835 0.65714 2.29504 5.00718 1.92969 105469 0 0.336092 0.947758 0
-6.87729 14.5511 0.734731 1.99907 4.54442 1.47098 130784 0 -1.01568 0.941394 0
-19.7262 18.7454 0.960191 2.06669 4.57582 1.47109 136828 0 -0.963146 0.925377 0
-4.03251 19.4118 0.989808 2.06881 4.6976 1.79954 137813 0 2.158 0.91876 0
-41.1518 14.8547 1.50572 2.05285 4.59058 1.541 131145 0 1.94895 0.915686 0
-15.502 25.7619 1.2626 2.06783 4.77163 1.72163 147137 0 2.13699 0.911789 0
-16.2373 23.1821 1.09254 1.95477 4.45302 1.4983 143391 0 2.14361 0.908051 0
14.5103 9.9943 0.782056 1.95125 4.50382 1.55692 124299 0 -1.18021 0.906203 0
-11.9786 30.0114 1.38908 2.0832 4.76403 1.8034 153232 0 2.15288 0.90281 0
-24.7995 20.7155 1.38667 2.20972 5.15638 1.73723 139620 0 -1.01259 0.90018 0
-28.3067 -0.113853 0.822682 2.08204 4.76991 1.57269 109189 0 0.277956 0.899763 0
2.94482 13.9076 1.07894 2.10002 4.65127 1.85698 129879 0 1.9941 0.89701 0
-8.76634 12.4351 0.674461 2.11326 4.73015 1.51486 127502 0 -0.970379 0.888572 0
31.5993 6.1378 0.235349 2.15278 4.87749 1.88273 118736 0 -1.26732 0.886625 0
-18.1325 20.9631 1.02475 1.98125 4.51611 1.49042 140109 0 2.16398 0.874672 0
-5.68575 17.233 0.796613 2.07598 4.54325 1.45807 134532 0 -0.973517 0.874393 0
5.57629 21.9033 1.15409 2.25385 5.07674 1.97121 141587 0 2.07424 0.870776 0
-13.5583 27.7889 1.12674 1.97804 4.65437 1.48295 149951 0 2.11975 0.869755 0
-21.3526 15.5688 0.997599 1.98209 3.99067 1.55192 132143 0 2.11725 0.868995 0
1.30865 10.6929 1.02662 2.02526 4.61219 1.54609 125194 0 1.92594 0.867359 0
-2.13792 21.3514 1.08653 2.10705 4.55587 1.73153 140627 0 -1.00629 0.867326 0
-26.0239 -1.35995 0.730086 2.06651 4.58611 1.59394 107324 0 0.326701 0.866724 0
-58.0559 17.1604 2.11729 2.09377 4.41247 1.61687 134368 0 -1.22078 0.863458 0
38.6375 2.76325 -0.399576 1.95237 4.41099 1.47614 113610 0 1.89203 0.861404 0
-46.4845 22.9365 1.71126 1.95416 4.23187 1.67423 142828 0 2.24458 0.859115 0
19.986 23.9052 1.03092 2.07031 4.91539 1.77521 144440 0 -1.27292 0.852476 0
19.1317 8.28187 0.730673 1.99841 4.58959 1.8169 121505 0 1.89367 0.845901 0
18.728 21.2058 0.801381 1.98073 4.65697 1.44499 140692 0 1.84971 0.842034 0
-44.6157 12.0374 1.60229 2.12915 4.6389 1.55976 126922 0 -1.20389 0.841956 0
-3.41357 41.7407 1.1653 2.00031 4.5612 1.4336 170575 0 2.18179 0.841253 0
4.31456 16.1609 1.09062 2.19399 4.87408 1.88913 133159 0 2.08213 0.837326 0
15.9102 12.9987 0.749447 1.87834 4.37431 1.43843 128515 0 -1.22484 0.836441 0
49.7654 -3.15567 -0.66509 1.93887 4.06807 1.71328 105221 0 -1.15985 0.829618 0
32.4461 9.08995 0.201728 2.13178 4.76141 1.84587 122951 0 -1.20005 0.82929 0
20.9776 10.9427 0.597017 2.00602 4.46099 1.57919 125723 0 1.92381 0.826399 0
-41.1853 22.8222 1.71165 2.2094 4.80411 1.85557 142845 0 -1.00418 0.825561 0
24.8544 37.8282 1.04672 2.04126 4.56867 1.75756 165047 0 -1.21372 0.820763 0
16.5177 15.8449 0.762001 1.87342 4.29201 1.43689 132729 0 -1.17716 0.820035 0
3.01047 28.0007 1.31981 2.29974 4.93513 1.90721 150471 0 -0.967319 0.818852 0
-1.43862 44.2584 1.22506 2.13017 4.94504 1.50151 174325 0 2.17143 0.816917 0
-27.7756 16.2454 1.32245 2.14955 4.59457 1.78737 133059 0 -0.970692 0.814632 0
-22.2074 25.4316 1.21804 1.98944 4.57831 1.5547 146648 0 -1.01357 0.814338 0
-65.5169 14.3265 2.38175 2.01508 4.64996 1.69223 130133 0 0.392374 0.814009 0
-20.3638 28.0377 1.22252 1.94079 4.53714 1.5384 150398 0 -1.04445 0.807792 0
-23.5038 -2.41566 0.599899 1.99318 4.36174 1.55385 105928 0 0.306194 0.807184 0
-5.53786 39.9091 1.38749 2.06281 4.78259 1.58282 167760 0 2.2155 0.799964 0
-43.6133 28.0256 1.78843 2.16175 4.79667 1.70889 150325 0 -0.949906 0.792454 0
-17.3842 32.5371 1.43398 2.06667 4.61093 1.68148 156959 0 -1.06958 0.792251 0
31.2131 54.6189 1.30251 2.02086 4.57327 1.74927 189403 0 -1.15484 0.787752 0
-26.0987 18.443 1.14751 2.10415 4.64866 1.58185 136340 0 -1.04662 0.787332 0
-10.4705 32.5439 1.13412 1.91812 4.43503 1.40531 156981 0 -1.03036 0.779217 0
1.0377 25.6911 0.995957 2.05955 4.48087 1.49623 147189 0 -0.962183 0.774238 0
31.1517 -8.04351 -0.149063 0.949608 0.906188 1.62232 97675 0 0.412391 0.771755 1
21.2534 29.5034 1.11808 2.16315 5.1608 1.89191 152868 0 1.92163 0.771533 0
26.3624 40.8196 1.13123 2.11168 4.78771 1.92948 169264 0 -1.24878 0.768977 0
39.8207 6.17873 -0.24141 2.11272 4.91422 1.71197 118762 0 1.85726 0.768477 0
21.9118 13.8396 0.861857 2.12126 4.74165 1.67005 129938 0 1.9158 0.766662 0
23.9029 19.2694 0.947942 1.97732 4.37293 1.51986 137900 0 -1.22378 0.760318 0
27.0429 43.382 0.874766 2.01754 4.6021 1.56695 173010 0 -1.26462 0.759365 0
17.4485 18.5023 0.803949 1.9368 4.58929 1.46005 136476 0 -1.25804 0.757343 0
65.4812 -11.9671 -1.51163 1.93424 4.25498 1.62028 92166 0 -1.17446 0.74397 0
38.4468 -16.5725 -0.622726 0.895443 0.978718 1.71767 85530 0 1.90644 0.742548 1
-0.434082 23.5445 0.888853 2.06779 4.69379 1.47803 143908 0 -0.964805 0.741299 0
51.0157 -0.507431 -0.824339 1.9393 4.3934 1.51865 108969 0 1.76185 0.741243 0
21.2583 26.4308 0.792878 2.03303 4.60257 1.53937 148188 0 -1.26539 0.735824 0
-67.9295 15.7754 2.51054 2.12357 4.68646 1.78893 132465 0 0.371948 0.734875 0
-9.49054 33.8466 1.34282 0.762588 0.716178 1.66546 158856 0 -2.35178 0.732394 1
19.0797 56.1892 1.0765 2.07556 4.92678 1.6331 191705 0 1.8578 0.73014 0
-28.2541 40.497 1.81058 2.33636 5.83524 1.91452 168625 0 -0.986224 0.726164 0
27.9904 45.9537 1.11716 2.11291 4.72503 1.85335 176757 0 -1.27039 0.726032 0
54.8685 -5.2395 -1.09653 1.99251 4.53139 1.60977 101961 0 1.96854 0.725868 0
-60.2961 15.5145 2.35636 0.896455 0.882482 1.69754 132021 0 1.82395 0.71684 1
66.0943 -9.16608 -1.6964 1.82013 4.01395 1.49426 96380 0 -1.25863 0.716219 0
-34.1533 31.526 1.52774 1.98338 4.40665 1.53895 155503 0 2.26307 0.704896 0
-18.7186 30.2262 1.28532 1.91375 4.42355 1.53271 153679 0 -1.05925 0.701565 0
-56.7782 20.5659 2.15759 2.11032 4.71776 1.80019 139520 0 1.94786 0.69975 0
-58.4386 29.2843 2.29765 1.99167 4.34113 1.78913 152151 0 2.14849 0.695854 0
-38.2195 27.3237 1.67886 2.10921 4.67689 1.66792 149406 0 2.23877 0.694118 0
35.5859 -12.7581 -0.48249 0.854002 0.839127 1.61262 91137 0 -1.12958 0.676633 1
6.22363 32.4958 1.07657 2.05119 4.68875 1.47502 157033 0 -0.977512 0.666702 0
-5.89865 47.4859 1.69094 2.03622 4.57104 1.6698 178991 0 -1.03265 0.65909 0
33.7536 60.014 1.38628 2.32068 5.59895 1.90067 197367 0 -1.16158 0.657462 0
-18.0827 19.447 1.04755 0.784182 0.782025 1.6197 137769 0 -0.93711 0.653714 1
-10.952 40.887 1.56493 2.18298 5.30681 1.66552 169147 0 -0.943317 0.645376 0
42.3633 29.3306 0.419624 1.99894 4.58084 1.57631 152466 0 -1.21342 0.645093 0
-6.89245 66.1503 2.04208 2.02092 4.47895 1.74608 206132 0 -0.96086 0.642365 0
27.6351 27.2719 1.06767 1.99386 4.46886 1.59295 149612 0 1.86192 0.642095 0
24.2002 69.8511 1.72693 2.24413 5.17773 1.81672 211845 0 1.89777 0.635822 0
30.7555 -11.6686 -0.15446 0.780376 0.791317 1.71871 92526 0 1.86681 0.633593 1
30.1658 -11.7903 -0.113414 0.893568 0.895537 1.87207 92524 0 -1.96708 0.632099 1
-6.58676 36.9328 1.20167 2.13556 5.12809 1.54323 163545 0 2.09395 0.608711 0
-23.2236 23.1886 1.07733 1.9194 4.44405 1.49302 143369 0 -1.08136 0.601594 0
-10.4754 10.2993 0.639854 1.8549 4.07012 1.49811 124689 0 -0.977066 0.598383 0
36.0046 -13.6393 -0.467407 0.831144 0.824912 1.63771 89734 0 0.347551 0.587438 1
21.2763 61.5947 1.18824 2.10404 4.78041 1.70084 199668 0 1.87258 0.583496 0
7.78582 34.6928 1.28117 2.15302 4.98248 1.72805 160314 0 -0.929176 0.57941 0
56.7949 0.78009 -1.04084 1.92634 4.26135 1.57757 110859 0 1.8843 0.575368 0
34.4063 63.2508 1.49038 2.11193 4.78124 1.94767 202049 0 -1.10452 0.568699 0
-30.4908 35.4347 1.75566 2.28022 5.24379 1.94851 161130 0 -1.01151 0.56819 0
-9.40693 35.0268 1.25198 2.26683 5.52166 1.65386 160728 0 -0.966847 0.565267 0
7.22628 24.797 0.9298 2.08585 4.77942 1.62935 145804 0 2.10153 0.56051 0
-0.144188 46.8949 1.58868 2.06785 4.72185 1.69025 178073 0 2.17824 0.557243 0
19.6736 59.0938 1.18978 2.01364 4.68639 1.59325 195919 0 1.92394 0.542741 0
-15.8051 34.7014 1.34445 2.0432 4.69656 1.52889 160240 0 -1.01433 0.539897 0
-54.8857 33.142 2.09903 1.9577 4.38383 1.64834 157778 0 2.0635 0.530066 0
30.0308 -10.9691 -0.0323384 0.831892 0.888003 1.83454 93459 0 1.9434 0.525742 1
-70.5167 16.8272 2.4762 2.09613 4.65915 1.68803 133861 0 0.362341 0.525045 0
-18.0673 19.5754 1.05159 0.754802 0.771551 1.59053 138237 0 -0.993778 0.523996 1
58.0081 10.352 0.486417 0.81644 2.00173 1.81618 124903 0 0.38369 0.518236 2
51.0459 -0.668953 -0.866132 1.95231 4.50992 1.54249 108501 0 -0.0489163 0.514705 0
26.7148 24.5178 0.778584 2.08188 4.62595 1.40494 145397 0 1.90161 0.512896 0
-12.2618 60.6801 1.90735 2.27087 5.5745 1.8878 198159 0 2.2635 0.512577 0
23.1741 16.4005 0.80856 2.04036 4.76368 1.60851 133686 0 1.96502 0.510917 0
26.3686 33.4241 1.35725 0.701243 0.675278 1.67032 158500 0 1.94733 0.509817 1
23.8456 16.8022 0.87764 0.852119 0.894613 1.64848 134156 0 1.47556 0.493972 1
36.0097 -13.8621 -0.436758 0.923561 0.960613 1.74211 89266 0 0.514778 0.493836 1
-19.3765 59.0804 2.09009 2.09566 4.81498 1.73221 195797 0 -0.925002 0.492136 0
-9.48719 33.949 1.30179 0.745182 0.740673 1.61781 159324 0 -2.08312 0.491431 1
4.6465 30.2567 1.05314 2.10517 4.78035 1.53049 153752 0 -0.947582 0.48926 0
-36.3775 28.9729 1.53432 1.95522 4.37892 1.52651 151752 0 -0.818973 0.488632 0
50.715 3.66509 -0.647196 2.10759 4.85672 1.77725 115052 0 -1.22052 0.48697 0
58.7208 6.48876 -0.710853 2.07682 4.60634 1.70355 119289 0 1.92075 0.481125 0
57.4538 -22.5904 -0.517274 2.92539 6.87465 3.16132 76697 0 1.94459 0.479889 0
56.1453 -2.09809 -0.930711 2.00662 4.44891 1.62859 106645 0 1.9432 0.47203 0
56.5217 -22.2949 -0.533961 2.55786 5.40687 2.77329 77162 0 -1.2092 0.471057 0
27.7265 -9.09004 -0.125686 0.829274 0.88801 1.6732 96260 0 -2.53914 0.465793 1
-56.7718 41.1074 2.517 2.19493 5.03177 1.79728 169472 0 -1.21643 0.456423 0
-4.67299 74.3917 1.64474 2.01826 4.83218 1.64168 218307 0 -1.37921 0.448086 0
52.3283 5.89606 -0.804658 1.93262 4.19491 1.51144 118333 0 -1.23885 0.44703 0
-9.63588 33.8318 1.3288 0.776419 0.709546 1.65647 158855 0 -2.05909 0.438172 1
-6.16487 47.2804 1.68832 2.03141 4.64716 1.7016 178522 0 -1.00132 0.430093 0
38.3583 -16.6723 -0.602833 0.883616 0.954186 1.70581 85061 0 1.83549 0.418177 1
51.4153 42.0777 1.44672 0.813667 1.76852 1.79033 171214 0 2.95507 0.412702 2
-58.767 14.1852 2.34819 0.771817 1.67221 1.69225 130154 0 2.10014 0.411782 2
7.47919 25.0649 0.89073 2.04825 4.66306 1.59749 146273 0 2.09033 0.408237 0
-62.8746 32.4847 2.35799 2.00386 4.49795 1.59568 156817 0 2.14935 0.397732 0
21.0297 61.3264 1.20508 2.13595 4.87404 1.73917 199199 0 1.82613 0.397298 0
7.24525 35.069 1.3504 1.93465 4.25397 1.57049 160780 0 -1.67804 0.390776 0
-56.4747 41.3995 2.48141 2.16269 4.87362 1.73129 169941 0 -0.931915 0.390509 0
-7.25484 66.6223 2.00823 2.3723 5.69695 1.92877 207067 0 -0.962409 0.381994 0
56.5459 0.554329 -1.07631 1.84154 4.02906 1.52344 110390 0 1.95235 0.373812 0
67.7008 -6.55032 -1.46374 1.9895 4.44654 1.64988 100129 0 -1.24206 0.373663 0
55.8693 -2.34772 -0.952227 2.07052 4.55262 1.65466 106176 0 1.97393 0.365187 0
6.91726 35.3846 1.31624 2.06376 4.72425 1.59339 161247 0 2.24907 0.361198 0
27.8848 -9.08666 -0.105347 0.859449 0.93776 1.71457 96261 0 -2.91942 0.35871 1
36.0438 -14.2208 -0.454783 0.900598 0.933425 1.70777 88798 0 1.12367 0.357364 1
2.13686 28.6052 1.33058 2.51733 5.94726 1.96972 151404 0 -0.947669 0.35297 0
30.0307 -10.847 -0.00181016 0.833424 0.891261 1.83113 93927 0 1.95264 0.350377 1
41.0989 13.6214 0.049552 1.91327 4.30713 1.5947 129530 0 1.83337 0.349979 0
32.1909 36.3934 1.00318 0.742123 0.666235 1.75078 162730 0 1.89933 0.349722 1
67.3807 -6.24055 -1.44207 2.01624 4.49938 1.64295 100596 0 -1.27277 0.347654 0
20.7306 26.4499 0.826762 1.82833 3.98189 1.453 148186 0 -1.23027 0.347422 0
70.2579 -14.8739 -1.64987 1.85199 4.04269 1.71243 87969 0 1.77886 0.345838 0
27.7285 -8.90502 -0.0790966 0.861521 0.902614 1.68727 96728 0 -1.13561 0.343621 1
67.9795 -6.27197 -1.45079 2.03519 4.58854 1.69935 100598 0 -1.29445 0.341068 0
70.5387 -14.889 -1.64373 1.92125 4.23892 1.76686 87970 0 -0.638653 0.338976 0
-57.0787 40.8327 2.56295 2.2949 5.38911 1.91257 169003 0 -1.38687 0.337496 0
34.9684 63.1985 1.49747 2.42626 5.80484 2.11358 202051 0 -1.12616 0.33706 0
56.8287 -22.4792 -0.412655 2.79318 6.18021 2.91193 76695 0 -0.937577 0.336446 0
30.0465 -11.8012 -0.121997 0.878162 0.898679 1.81196 92523 0 -2.61972 0.335694 1
52.8996 5.85168 -0.810317 2.01967 4.47285 1.58837 118335 0 -1.24744 0.335184 0
33.4927 59.7788 1.39812 2.17915 5.15848 1.83486 196898 0 -1.1071 0.334217 0
-54.6403 33.3826 2.10478 1.94704 4.30339 1.62346 158247 0 2.19773 0.333173 0
19.606 55.885 1.10453 1.77109 3.97561 1.55273 191239 0 1.8243 0.332813 0
-70.8167 17.0932 2.4357 2.13521 4.7523 1.71962 134328 0 0.428281 0.329599 0
21.5425 61.8704 1.18353 2.07272 4.69703 1.69085 200137 0 1.95135 0.326264 0
33.751 11.3717 0.086927 2.061 4.61187 1.73731 126231 0 -1.22216 0.326136 0
50.464 3.41939 -0.617577 2.07171 4.67428 1.78304 114583 0 -1.26994 0.323877 0
70.5553 -15.1695 -1.67169 1.94175 4.28478 1.78196 87502 0 -1.12399 0.317414 0
57.865 10.1436 0.518706 0.796844 1.92765 1.79196 124434 0 0.406835 0.317372 2
-5.02456 39.533 1.43417 1.94931 4.21199 1.54945 167294 0 2.29778 0.31531 0
-4.96978 74.7087 1.57968 2.11942 5.03857 1.74867 218774 0 -1.66574 0.313603 0
-10.9322 32.7886 1.10856 1.98945 4.86523 1.45194 157447 0 -0.840904 0.312968 0
51.6857 6.18564 -0.680401 1.94483 4.25505 1.52343 118799 0 -1.26105 0.310752 0
-23.4577 22.9634 1.11034 2.00034 4.58092 1.52031 142900 0 -1.03649 0.310616 0
41.8612 29.3712 0.437235 1.73555 3.91823 1.49476 152464 0 -1.24397 0.308949 0
28.9697 48.8146 1.03129 2.05682 4.69016 1.65733 180972 0 -1.24228 0.308768 0
-7.83909 47.6253 1.60584 0.807957 0.79905 1.72886 178985 0 -1.01538 0.30647 1
5.25118 29.9356 0.931929 2.11981 4.84934 1.50096 153286 0 -0.936816 0.302911 0
32.175 36.5279 0.994657 0.746354 0.708745 1.76071 163198 0 1.88247 0.302548 1
29.2545 49.112 1.11373 2.10721 4.85274 1.6962 181441 0 -1.22403 0.302482 0
-4.65194 74.164 1.60542 1.89741 4.40495 1.59527 217839 0 -1.99288 0.300359 0
34.395 12.3299 0.126667 2.03439 4.57186 1.68552 127637 0 -1.35487 0.300032 0
-5.22675 74.4288 1.86471 2.18252 5.57237 1.80914 218305 0 2.10265 0.298724 0
42.7207 32.143 0.620693 2.03701 4.50785 1.70753 156679 0 -1.2449 0.298675 0
30.592 35.3717 0.791329 1.8045 4.24098 1.39686 161321 0 1.93939 0.298666 0
23.8374 17.0165 0.920185 0.846694 0.872213 1.65151 134624 0 0.854432 0.297591 1
7.21114 24.226 0.935123 2.00373 4.45863 1.59911 144868 0 2.08521 0.297357 0
70.5335 -14.5874 -1.61665 1.89731 4.19101 1.7021 88438 0 1.8932 0.295936 0
51.2887 -0.677834 -0.868589 2.10425 5.01667 1.62781 108502 0 0.930183 0.294326 0
21.9111 64.8045 1.36599 2.00257 4.61924 1.65822 204350 0 1.87638 0.293236 0
-9.66431 33.9746 1.3284 0.727865 0.689194 1.56129 159323 0 -2.08474 0.29322 1
22.2301 64.4935 1.38806 2.00819 4.60495 1.65245 203883 0 1.73641 0.291324 0
36.0689 -14.5375 -0.571139 0.829751 0.83846 1.60231 88330 0 1.42661 0.289916 1
-6.53946 47.7875 1.64294 2.38385 5.8497 1.93644 179457 0 -1.04161 0.289541 0
32.1847 57.1721 1.13663 2.082 4.73833 1.62303 193150 0 -1.13684 0.288673 0
-19.9106 59.4127 2.07826 1.96876 4.58082 1.69743 196263 0 -0.789439 0.288565 0
-19.2548 30.3178 1.33301 1.84624 4.51146 1.51646 153677 0 -1.00767 0.287634 0
-58.9556 29.546 2.37599 2.33246 5.56378 2.01034 152617 0 2.14647 0.285096 0
-7.12761 37.291 1.22731 1.94099 4.52483 1.53552 164011 0 2.20004 0.284148 0
33.2085 60.2391 1.42019 2.02455 4.5061 1.7706 197833 0 -1.23236 0.283445 0
31.9566 9.18414 0.243773 1.84419 3.70351 1.74562 122949 0 -1.17651 0.283038 0
-54.207 35.9926 2.16224 2.14848 4.89222 1.70325 161992 0 1.97291 0.282557 0
5.70172 32.5457 1.12139 1.91546 4.30993 1.46492 157031 0 -0.940187 0.281893 0
56.1393 -1.50632 -0.942838 1.94612 4.43968 1.58258 107581 0 1.88016 0.279767 0
-20.0153 59.625 2.07415 2.17478 5.07688 1.7912 196731 0 -2.06417 0.278734 0
0.513954 46.3323 1.52892 2.10657 4.79035 1.64431 177139 0 2.17148 0.278568 0
57.0611 1.05585 -1.0883 2.08657 4.70335 1.67777 111328 0 1.81084 0.277353 0
-11.76 60.6354 1.89638 2.19595 5.19279 1.82319 198161 0 2.28861 0.276764 0
-18.284 19.4179 1.06185 0.838952 0.841007 1.65289 137768 0 -0.842459 0.276037 1
20.6564 -6.58369 0.299189 0.635811 0.628957 1.1907 99982 0 -2.89722 0.273367 1
27.3696 24.18 0.854204 2.02212 4.42834 1.42376 144931 0 1.8776 0.273016 0
51.026 6.52463 -0.541812 2.02045 4.41779 1.59063 119265 0 2.06479 0.270437 0
7.86662 66.7428 1.33071 1.98155 4.52497 1.54467 207114 0 -1.03009 0.267997 0
20.2654 59.0129 1.22143 1.96373 4.4868 1.62314 195921 0 1.8909 0.266615 0
31.0329 -7.93535 -0.111695 0.947445 0.901828 1.58809 98142 0 0.527103 0.265553 1
26.3796 33.2655 1.33421 0.745133 0.677234 1.65736 158032 0 1.92693 0.265097 1
70.2788 -15.1487 -1.65948 1.87423 4.09461 1.74886 87501 0 0.746592 0.264628 0
48.5381 4.26798 -0.610283 0.813786 0.927594 1.78916 115981 0 -1.41936 0.263665 1
-36.664 29.5022 1.53809 2.10748 4.87494 1.61038 152687 0 1.88291 0.263258 0
22.5769 16.738 0.794329 1.98932 4.60943 1.53082 134152 0 1.94879 0.262425 0
31.1935 35.0615 0.787363 1.87462 4.41301 1.48107 160855 0 1.94603 0.262106 0
66.6015 -9.16831 -1.73956 2.13481 4.9268 1.64665 96382 0 -1.28223 0.26208 0
55.575 -1.78665 -0.945224 1.9465 4.32294 1.55862 107111 0 1.91717 0.260879 0
-60.1383 15.5269 2.36634 0.913859 0.930382 1.72416 132022 0 -1.34935 0.257716 1
59.682 6.20365 -0.67185 2.01294 4.42022 1.66857 118824 0 1.82888 0.257455 0
-60.3027 15.3248 2.38486 0.897967 0.91841 1.69644 131553 0 1.8462 0.256716 1
50.9784 3.93744 -0.638434 2.1924 5.14203 1.77437 115521 0 -1.22451 0.256344 0
26.21 33.4388 1.26351 0.759971 0.72038 1.68312 158499 0 1.98812 0.256308 1
-36.8501 29.0487 1.47085 1.96041 4.55183 1.59 151750 0 -1.21641 0.255913 0
73.087 -8.78593 -1.79548 2.01426 4.49361 1.65528 96870 0 -1.29743 0.255387 0
-62.6214 32.7598 2.33194 1.92476 4.32498 1.55403 157286 0 2.21692 0.253973 0
42.0731 32.4573 0.634489 1.94817 4.30983 1.60486 157145 0 -1.17487 0.252939 0
28.9628 49.7345 1.06982 2.01168 4.61423 1.68017 182376 0 -1.23101 0.252096 0
51.4155 42.2969 1.38665 0.805416 1.76469 1.7562 171682 0 -3.04854 0.252088 2
30.7789 -11.505 -0.122354 0.808269 0.822061 1.73989 92994 0 1.73762 0.251923 1
67.4233 -6.84357 -1.48208 1.95217 4.29549 1.63289 99660 0 -1.20907 0.251051 0
62.5328 15.5562 -0.300706 1.94671 4.17608 1.58673 132405 0 -2.79658 0.25095 0
21.6236 64.5108 1.35976 2.03806 4.66519 1.63765 203881 0 1.85774 0.250354 0
72.1685 -12.0121 -1.9746 1.84474 4.02178 1.53159 92187 0 -1.21638 0.249843 0
27.9022 -8.90247 -0.102542 0.901608 0.965122 1.7153 96729 0 -2.61685 0.249727 1
-36.1025 28.9108 1.53353 1.99303 4.36477 1.54683 151753 0 -0.362702 0.249723 0
36.221 -14.5445 -0.569412 0.821051 0.820515 1.59333 88331 0 1.13421 0.249686 1
63.5082 14.5242 -0.327368 2.07374 4.66268 1.65064 131004 0 1.75193 0.249443 0
62.5439 -0.797058 -1.35859 0.829611 1.2493 1.84984 108537 0 -2.22705 0.248738 2
21.9276 64.1945 1.32893 1.96406 4.45867 1.62971 203414 0 1.82445 0.248647 0
-60.3031 15.7078 2.32178 0.897784 0.898009 1.68568 132489 0 1.58858 0.247667 1
51.5428 42.0971 1.42737 0.838133 1.7525 1.77814 171215 0 -3.03723 0.246384 2
30.6078 -11.4798 -0.121513 0.741647 0.779697 1.76584 92993 0 1.77564 0.245845 1
-36.9412 29.5312 1.53447 2.10203 4.8784 1.62384 152686 0 2.24147 0.245079 0
-5.27544 74.7279 1.71641 2.23137 5.54225 1.85495 218773 0 3.07091 0.244877 0
-6.23028 8.57835 0.950008 0.802134 1.05438 1.57684 121894 0 -0.977149 0.244448 1
-9.17684 33.7908 1.32418 0.775304 0.741265 1.61469 158857 0 -2.51935 0.243689 1
-56.1842 41.689 2.42483 2.12959 4.77024 1.67211 170410 0 -0.66174 0.243688 0
63.5011 14.2828 -0.32437 2.08762 4.75889 1.6816 130536 0 0.750736 0.242839 0
-36.0363 28.6866 1.5301 1.9251 4.2685 1.51977 151285 0 0.106694 0.241666 0
-53.3099 33.7922 2.1232 1.96448 4.33759 1.57819 158719 0 0.374154 0.241536 0
22.5522 64.1985 1.34619 1.97987 4.53355 1.66052 203416 0 -1.01989 0.240384 0
35.9816 -13.4219 -0.487238 0.734907 0.719767 1.49098 90202 0 -0.0672395 0.240157 1
-6.21624 8.69874 0.955939 0.796466 1.00256 1.62284 122362 0 -1.06642 0.239379 1
36.2079 -14.2673 -0.457056 0.887073 0.937511 1.69604 88799 0 1.19821 0.239196 1
27.7044 -9.32929 -0.0731713 0.867079 0.937262 1.7171 95792 0 -2.80594 0.239058 1
30.8724 35.6174 0.799422 1.79453 4.11023 1.42781 161790 0 1.96826 0.238243 0
-55.1503 32.865 2.08062 2.05676 4.64193 1.69905 157309 0 2.00116 0.238021 0
63.2533 14.2817 -0.354014 1.95196 4.32357 1.60571 130535 0 -1.3192 0.23801 0
34.057 11.669 0.0607512 2.10588 4.61184 1.70578 126700 0 -1.32124 0.23762 0
-2.49509 -13.6607 0.762424 0.714347 0.644892 1.60149 89614 0 -1.86613 0.235744 1
66.7531 -6.21624 -1.45121 1.9655 4.34163 1.6383 100594 0 -1.23755 0.235409 0
35.8152 -13.6226 -0.438049 0.856495 0.83713 1.6915 89733 0 -0.400258 0.235162 1
41.3926 13.8798 0.0497053 1.98747 4.53543 1.60852 129999 0 1.91888 0.234473 0
51.0439 3.11241 -0.656359 2.17721 5.0642 1.83701 114117 0 -1.21487 0.23376 0
70.2625 -14.2804 -1.64077 1.84708 4.08612 1.60338 88905 0 1.96183 0.232347 0
26.6683 35.1037 1.2523 0.684397 0.667858 1.67083 160841 0 0.935607 0.231509 1
-2.62278 -13.6703 0.8058 0.721507 0.634274 1.62044 89613 0 -2.60493 0.231379 1
-24.4791 47.8316 1.59462 2.01781 4.58419 1.59127 179401 0 2.12442 0.231215 0
-63.1328 32.2076 2.38404 2.16176 4.93189 1.71493 156348 0 2.06986 0.230913 0
-0.902542 43.9353 1.26101 2.08102 4.67013 1.48268 173859 0 -2.15666 0.230167 0
-6.20209 36.4331 1.17888 2.04544 4.79891 1.52744 162610 0 -0.930236 0.229481 0
50.757 6.58268 -0.483006 2.0612 4.6383 1.66111 119264 0 1.78982 0.229283 0
-10.1371 36.9439 1.36798 0.693299 0.635593 1.63006 163534 0 1.65567 0.228284 1
30.5672 -11.878 -0.155372 0.898142 0.889932 1.81224 92057 0 2.15515 0.228085 1
-55.4414 33.4144 2.13817 2.31725 5.60535 1.96705 158244 0 2.06125 0.227626 0
63.2467 14.5133 -0.32827 1.94831 4.26399 1.59431 131003 0 -1.69406 0.227331 0
-56.2367 40.8634 2.38211 1.91162 4.06235 1.58427 169006 0 -1.2069 0.226513 0
69.9737 -14.5931 -1.66601 1.84607 4.07776 1.59864 88436 0 1.92495 0.2261 0
7.57167 67.0338 1.32373 2.17318 5.11913 1.66615 207581 0 1.1238 0.225773 0
47.2207 27.354 0.267779 1.98209 4.56207 1.58946 149673 0 1.85234 0.223841 0
-30.6337 35.8825 1.77928 2.47833 5.92969 2.08014 162066 0 -0.929457 0.223317 0
21.324 64.831 1.37084 2.08786 4.78955 1.67439 204348 0 1.85675 0.223143 0
28.6999 48.5277 0.985958 1.94618 4.34234 1.60732 180503 0 -1.24717 0.222741 0
24.0519 16.8108 0.870957 0.892342 0.941229 1.67577 134157 0 0.294158 0.222546 1
64.4711 -1.11307 -0.962864 2.02926 4.4817 1.7001 108075 0 1.66635 0.22171 0
-53.9397 36.273 2.14727 2.09521 4.72909 1.65621 162461 0 2.07247 0.221689 0
-4.36577 74.1359 1.54833 1.84153 4.15319 1.52446 217840 0 -1.63573 0.221156 0
36.1965 -13.9035 -0.451349 0.91568 0.988814 1.7576 89267 0 0.601714 0.220129 1
61.9077 -24.1523 -0.248567 3.23042 12.4533 3.50177 74371 0 -1.23542 0.219764 0
58.72 30.867 0.284967 2.06185 4.61712 1.6879 154857 0 1.36325 0.219586 0
27.6275 24.1495 0.869022 2.04885 4.5097 1.46161 144932 0 2.8065 0.21854 0
72.1704 -11.7087 -1.99507 1.82299 3.97285 1.53053 92655 0 -1.24782 0.216709 0
39.4884 61.2589 1.78717 0.832347 0.825856 1.8482 199257 0 1.19964 0.215731 1
64.1864 -0.810661 -0.96821 1.93322 4.24226 1.65741 108542 0 1.64626 0.215296 0
27.479 46.0037 1.11249 1.77539 3.749 1.72289 176755 0 -1.26309 0.215051 0
-1.07085 43.8092 1.29358 1.94456 4.38784 1.4609 173390 0 1.40804 0.214905 0
19.436 -9.98362 0.163438 0.895626 0.91251 1.61491 94830 0 -1.48503 0.213446 1
20.7492 29.5597 1.12024 1.83773 3.97993 1.73533 152866 0 1.93065 0.213018 0
7.31153 34.8192 1.3417 1.77737 3.86662 1.53859 160312 0 -1.09228 0.211836 0
36.1733 -13.6357 -0.45074 0.887641 0.912613 1.70927 89735 0 0.522171 0.211767 1
71.888 -12.2884 -1.97025 1.85123 4.02081 1.54883 91718 0 -1.17644 0.211322 0
70.8204 -14.5758 -1.67474 2.00094 4.42125 1.7836 88439 0 1.01212 0.210985 0
-60.5031 15.5171 2.36383 0.903995 0.958811 1.68736 132020 0 1.92299 0.210305 1
0.38839 46.7698 1.55372 2.30654 5.37445 1.80973 178075 0 2.3152 0.209799 0
51.4009 41.8583 1.44444 0.827723 1.90484 1.82793 170746 0 0.0864072 0.209792 2
40.836 13.3501 0.0483205 1.90819 4.23801 1.58983 129061 0 1.80187 0.209725 0
4.38629 30.0147 1.11402 2.08776 4.72001 1.57466 153283 0 -0.926603 0.209719 0
30.7882 -11.877 -0.150706 0.835742 0.843582 1.73545 92058 0 1.95488 0.208616 1
-34.5964 31.5833 1.58972 2.08367 4.89213 1.6616 155501 0 2.20933 0.208057 0
-36.5681 28.7484 1.48336 1.89393 4.11225 1.51335 151283 0 -0.986527 0.207868 0
54.6481 -5.48962 -1.14792 1.84735 4.23058 1.60066 101492 0 2.00017 0.207821 0
-25.4547 13.8334 0.363132 0.820881 1.70303 1.73804 129790 0 -2.84044 0.207756 2
-31.0991 35.7298 1.79392 2.57897 6.71308 2.21414 161596 0 -0.993111 0.207715 0
33.1731 11.6714 0.182177 2.07727 4.55599 1.74319 126697 0 -1.24625 0.207397 0
72.5258 -8.48851 -1.8887 1.84463 3.98637 1.58106 97336 0 -0.0503619 0.207081 0
28.2612 27.0875 1.04042 2.19768 5.2098 1.71167 149146 0 2.00968 0.206705 0
-4.38371 74.735 1.3934 2.01226 4.46111 1.63491 218776 0 -1.18302 0.206099 0
72.8225 -8.20007 -1.83654 1.91364 4.18463 1.59954 97805 0 -1.39292 0.20579 0
-43.3902 21.2479 0.61938 0.837079 0.913786 1.73756 140498 0 2.01825 0.205174 1
-18.1882 30.1593 1.22745 2.02641 4.88827 1.57672 153681 0 -1.04651 0.205054 0
52.0528 5.67492 -0.862798 1.74234 3.85676 1.46227 117864 0 -1.1943 0.20417 0
-70.2892 17.3512 2.38881 1.88063 4.02388 1.54467 134798 0 0.338805 0.202894 0
50.4203 4.283 -0.57451 2.06392 4.60638 1.77147 115987 0 -1.35784 0.202821 0
47.8091 27.3455 0.208753 1.88521 4.26933 1.5676 149675 0 1.85629 0.202071 0
50.13 3.9827 -0.57111 1.93894 4.34512 1.78991 115518 0 -0.695735 0.202029 0
19.1345 59.1288 1.16721 1.95257 4.51769 1.60229 195917 0 1.9145 0.201995 0
71.1978 -11.9871 -2.10783 1.87868 4.0946 1.56344 92184 0 1.92672 0.201889 0
23.1358 15.5791 0.904741 0.865571 0.922897 1.66863 132282 0 1.99555 0.201576 1
32.7326 -11.0009 -0.376685 0.728386 0.755755 1.59517 93468 0 0.863379 0.200912 1
-8.85221 33.7398 1.1807 0.668997 0.683815 1.4614 158858 0 -2.6314 0.198891 1
-56.2531 20.3424 2.27118 1.82651 3.6673 1.6403 139054 0 1.92319 0.198656 0
41.463 32.5048 0.617682 1.91014 4.35077 1.53233 157143 0 -1.20892 0.198472 0
32.3744 36.3675 0.99879 0.792297 0.766094 1.75797 162731 0 1.95115 0.198051 1
34.0712 63.7316 1.51754 2.1598 4.58185 1.99716 202984 0 -1.11831 0.197778 0
-19.7551 59.5691 2.09848 2.27156 5.16565 1.8467 196732 0 -1.04321 0.196814 0
20.647 -6.75988 0.313331 0.72882 0.75071 1.33044 99514 0 -0.697009 0.196613 1
72.1704 -11.3956 -2.01633 1.85905 4.06126 1.5424 93123 0 -1.29485 0.196454 0
72.8355 -9.08646 -1.85999 1.9139 4.23669 1.60583 96401 0 -1.26252 0.196121 0
52.6574 5.36922 -0.925556 1.83747 4.11338 1.52938 117398 0 -1.13014 0.194855 0
40.5535 13.8968 0.0357894 1.90166 4.30673 1.58293 129996 0 1.77477 0.194665 0
26.4032 33.6918 1.60777 0.753428 0.74119 1.78023 158968 0 1.53643 0.194429 1
30.2243 -10.0772 -0.182448 0.677612 0.653894 1.53705 94864 0 1.2463 0.193947 1
-23.2135 48.7922 1.62258 2.06895 4.55282 1.63438 180809 0 -0.276419 0.192669 0
-10.3914 65.4358 1.7967 2.03157 4.65638 1.66946 205185 0 0.378816 0.192534 0
42.4403 31.9176 0.568506 2.02138 4.44529 1.71372 156210 0 -1.21418 0.191812 0
50.7262 36.9265 0.580798 2.05038 4.59696 1.65228 163724 0 -2.74367 0.191575 0
-23.202 49.1029 1.68726 2.11219 4.7556 1.66982 181277 0 0.0622609 0.191375 0
62.2862 15.7957 -0.312777 1.96062 4.40158 1.60806 132872 0 -2.92807 0.191079 0
-48.1745 20.5495 0.835363 0.801663 1.56762 1.77718 139547 0 2.09155 0.190906 2
-12.002 66.3926 1.9893 2.02547 4.53288 1.73691 206584 0 2.25797 0.190708 0
-70.0154 16.8368 2.44732 1.89168 4.17248 1.56315 133863 0 0.273681 0.190452 0
7.60596 66.793 1.29886 2.01523 4.73903 1.60039 207113 0 -1.35683 0.19043 0
64.4758 -0.493797 -0.949402 2.05299 4.53686 1.71754 109011 0 1.54156 0.189797 0
22.505 64.758 1.43567 2.02274 4.66035 1.66816 204352 0 -1.2413 0.189779 0
-56.5201 40.549 2.36106 1.97452 4.28245 1.61586 168537 0 -1.43965 0.189737 0
66.4097 -5.94011 -1.4081 1.95477 4.39555 1.61899 101061 0 -0.802674 0.188989 0
-39.5054 24.8639 1.47588 1.88364 4.23429 1.56733 145658 0 -1.09873 0.188844 0
6.77893 32.4016 1.01642 2.11263 4.76544 1.52748 157035 0 -1.00239 0.188593 0
33.7927 12.2866 0.178629 2.1452 4.7215 1.7886 127635 0 -1.34301 0.188442 0
-12.0664 7.53928 1.02189 0.787247 0.857265 1.75007 120472 0 1.26124 0.188279 1
72.5366 -8.77812 -1.92052 1.83722 3.97943 1.57351 96868 0 -1.1548 0.188125 0
41.7346 13.5985 0.0627514 2.02825 4.55559 1.65181 129532 0 2.13678 0.187199 0
70.8857 -11.6798 -2.1843 1.88262 4.06415 1.52001 92651 0 1.99709 0.187103 0
-12.3234 61.1805 1.95217 2.4544 5.83665 2.02969 199095 0 2.21335 0.186996 0
-20.3411 59.9481 2.05378 2.34999 5.70001 1.93603 197198 0 2.24729 0.186614 0
22.2324 63.8989 1.30359 1.91324 4.31301 1.64979 202947 0 1.34145 0.186367 0
73.3673 -8.49716 -1.68082 2.17527 4.87945 1.77283 97339 0 -1.34107 0.186144 0
-5.59269 74.7526 1.74595 2.31408 5.73613 1.95456 218772 0 -2.12983 0.186088 0
56.7085 -2.39053 -0.876693 2.19582 5.00285 1.74819 106179 0 1.91391 0.185998 0
34.1585 62.9865 1.48726 1.89693 4.34209 1.82808 201580 0 -1.07374 0.185963 0
-24.1964 48.1373 1.53876 1.98842 4.49188 1.57628 179870 0 2.1287 0.185885 0
-22.9559 23.4309 1.09191 1.83153 4.24948 1.5054 143838 0 -1.05104 0.185555 0
-57.0906 41.7132 2.67801 2.44347 5.8863 2.09743 170407 0 -1.01926 0.184991 0
7.62316 34.5136 1.29471 1.89339 4.279 1.63314 159845 0 -0.93045 0.183424 0
70.5476 -14.0009 -1.60249 1.96352 4.2792 1.70196 89374 0 1.95245 0.182024 0
60.004 -23.5144 -0.353126 3.06265 9.28644 3.52282 75301 0 -1.29892 0.181859 0
72.5102 -8.19688 -1.86659 1.86061 4.04927 1.59187 97804 0 1.4952 0.181608 0
34.6903 12.5931 0.187192 2.09411 4.68113 1.71392 128106 0 -1.327 0.181397 0
-26.5967 18.5093 1.18691 2.1351 5.02826 1.625 136338 0 -1.04134 0.181374 0
26.5976 33.4443 1.34962 0.705057 0.673947 1.66693 158501 0 2.00538 0.180994 1
35.806 -13.8705 -0.396821 0.902054 0.935612 1.7269 89265 0 -0.00106494 0.180973 1
19.4124 -9.88187 0.194867 0.886351 0.920709 1.58881 95298 0 -2.15537 0.180708 1
29.5401 49.4209 1.23377 2.17174 5.11422 1.77602 181910 0 -1.24566 0.180597 0
64.1869 -1.41073 -0.981669 1.97725 4.39168 1.6578 107606 0 1.70028 0.180315 0
-48.4016 20.6109 0.824027 0.811954 1.88869 1.79771 139546 0 2.02943 0.17988 2
-10.0963 65.1255 1.76579 2.04478 4.62039 1.67315 204718 0 0.394993 0.179559 0
-18.288 19.5969 1.08745 0.814541 0.835922 1.6378 138236 0 -0.779686 0.178994 1
-57.3773 41.4139 2.76511 2.48623 6.16291 2.23489 169938 0 -1.21248 0.178762 0
-22.9081 49.4429 1.70015 2.07528 4.71858 1.61886 181746 0 0.253645 0.178641 0
32.5924 -11.0098 -0.346445 0.737233 0.749856 1.57755 93467 0 1.25015 0.178616 1
23.5777 16.7542 0.864132 1.11083 1.49873 1.65237 134155 0 1.87917 0.178612 1
71.5335 -12.0083 -2.06366 1.85511 4.04177 1.54393 92185 0 1.59517 0.178405 0
38.7921 63.5467 1.81807 0.753842 0.698761 1.75082 202531 0 2.34648 0.178279 1
68.268 -5.97952 -1.40401 2.09121 4.72121 1.74591 101067 0 -1.32057 0.178244 0
-10.7176 65.7404 1.86069 2.01692 4.54399 1.6584 205652 0 1.89538 0.177851 0
42.0844 13.3092 0.0284438 1.98133 4.43923 1.68297 129065 0 -1.41341 0.177626 0
22.6231 16.2241 0.805795 1.83878 4.14674 1.49824 133216 0 1.94308 0.177091 0
22.8524 64.4383 1.41222 1.9909 4.50595 1.66083 203885 0 -1.19066 0.176268 0
-7.58137 47.5261 1.65182 0.821363 0.841259 1.78559 178986 0 -0.933786 0.175866 1
32.747 57.1327 1.21691 2.13433 4.93391 1.66996 193152 0 -1.15325 0.174634 0
19.3444 59.5675 1.26878 2.12579 4.90504 1.67204 196854 0 1.91995 0.173916 0
48.6845 4.27998 -0.594022 0.87769 1.09065 1.84396 115982 0 -1.67657 0.17342 1
42.1543 29.0783 0.413795 1.81776 4.26134 1.5275 151997 0 -1.22439 0.17235 0
71.1785 -11.383 -2.18023 1.90066 4.16263 1.57168 93120 0 1.95943 0.172282 0
51.0088 36.6698 0.583239 1.99977 4.42162 1.64926 163257 0 -2.52861 0.171602 0
64.1832 -0.171509 -0.957143 2.01124 4.43683 1.69421 109478 0 1.47785 0.171492 0
35.7042 19.0068 0.169453 0.738252 1.29353 1.68742 137469 0 -2.10994 0.171279 1
57.8104 6.82257 -0.691729 2.09387 4.62123 1.69242 119754 0 1.89475 0.171209 0
-0.826553 43.7646 1.28337 2.00451 4.51809 1.46725 173391 0 -0.99866 0.17117 0
71.5541 -12.2806 -2.00729 1.89982 4.1697 1.5791 91717 0 0.948991 0.171009 0
41.183 29.6609 0.445103 1.76575 3.94686 1.50531 152930 0 1.88275 0.170432 0
25.8743 40.8819 1.1225 1.77392 3.79272 1.81732 169262 0 -1.22626 0.169432 0
-10.3885 65.1281 1.746 2.11045 4.63551 1.67475 204717 0 -0.699869 0.169367 0
8.40437 66.3958 1.351 1.94408 4.22056 1.48546 206648 0 -0.913752 0.169355 0
47.5038 27.643 0.269935 1.96492 4.48904 1.58583 150142 0 1.87744 0.168924 0
-11.0178 65.7729 1.85191 2.01318 4.51104 1.6865 205651 0 1.61704 0.168524 0
71.5253 -11.6957 -2.10355 1.85956 4.12506 1.551 92653 0 1.78669 0.168444 0
27.0605 23.9218 0.849092 2.06774 4.47659 1.37483 144462 0 1.87567 0.168346 0
33.4925 11.1345 0.177126 2.11274 4.52409 1.78083 125762 0 -1.20525 0.168121 0
40.4899 61.6514 1.89711 2.1105 4.72206 1.87878 199728 0 1.92909 0.168049 0
-6.93137 6.14666 0.458743 0.65859 0.744567 1.35604 118616 0 -2.42691 0.168031 1
-18.9608 19.3663 1.0302 0.829085 0.865417 1.52181 137766 0 -0.304219 0.167639 1
66.3776 -9.64081 -1.671 2.13674 4.79852 1.67505 95445 0 -1.13086 0.167606 0
-5.54731 74.4379 1.89107 2.29089 5.95122 1.92473 218304 0 2.7758 0.167339 0
21.5314 61.0481 1.15357 1.82146 4.00926 1.55456 198733 0 1.8359 0.166841 0
42.9977 32.4135 0.657673 2.08402 4.68032 1.75276 157148 0 -1.27478 0.166686 0
40.8166 14.1647 0.00711262 1.94106 4.21891 1.58379 130465 0 1.92345 0.166512 0
41.7561 13.331 0.0522337 2.00598 4.49777 1.64474 129064 0 -1.6767 0.166487 0
29.9962 35.38 0.866882 1.91525 4.41682 1.50261 161319 0 1.96767 0.166262 0
26.5249 43.4302 0.877353 1.68601 3.6654 1.48806 173008 0 -1.24879 0.166089 0
-43.1702 27.9282 1.68804 1.94137 4.02308 1.56378 150327 0 -0.87683 0.165551 0
-26.4226 18.9142 1.18256 2.34783 5.45945 1.65718 137275 0 -0.973429 0.165232 0
56.5284 0.242233 -1.10296 1.9221 4.21967 1.57399 109922 0 1.98846 0.165052 0
27.4876 -9.1122 -0.0413997 0.85986 0.918262 1.70596 96259 0 2.92683 0.165042 1
35.7323 -13.2794 -0.46002 0.80796 0.807599 1.58704 90201 0 -0.876628 0.164381 1
33.4577 11.9441 0.167118 2.1712 4.81887 1.7951 127166 0 -1.31597 0.164262 0
18.9704 21.4674 0.794967 2.00985 4.84676 1.47092 141161 0 1.88155 0.164158 0
-22.9219 49.1139 1.66059 2.02511 4.4983 1.61953 181278 0 -0.264466 0.163765 0
5.86369 29.596 0.991639 2.20198 5.00843 1.5781 152820 0 -0.936151 0.163728 0
29.2375 50.0053 1.15482 2.01941 4.669 1.69976 182845 0 -1.26852 0.163624 0
26.4612 24.2373 0.799727 2.08176 4.66108 1.41459 144928 0 1.86152 0.163414 0
-54.3005 32.8359 2.09115 1.83668 3.98042 1.53421 157312 0 2.17066 0.163379 0
-3.31422 -13.9248 0.946106 0.711493 0.613942 1.70195 89143 0 -2.78924 0.162831 1
-22.7871 25.7773 1.23062 2.20122 5.25386 1.63381 147114 0 -1.00338 0.162736 0
56.4618 -2.99115 -0.946507 2.18782 4.86303 1.72442 105242 0 2.00069 0.162295 0
21.6224 63.885 1.2969 1.90385 4.26192 1.60004 202945 0 1.87894 0.161874 0
-23.5024 48.7958 1.62634 2.09098 4.61884 1.64163 180808 0 1.911 0.161813 0
72.1631 -11.0772 -1.99032 1.91508 4.20088 1.56096 93591 0 -1.27297 0.161141 0
21.7953 29.4941 1.11796 2.50341 6.5708 2.13063 152870 0 1.88967 0.160932 0
-1.07837 24.0867 0.909638 2.07116 4.88673 1.49573 144842 0 -0.952688 0.160554 0
-18.75 19.3432 1.05559 0.779165 0.769058 1.5352 137767 0 -0.454603 0.160412 1
-22.58 49.7831 1.71228 2.04701 4.65394 1.61098 182215 0 0.532477 0.160219 0
-36.3988 29.4985 1.53421 2.09998 4.77631 1.60329 152688 0 0.152564 0.16011 0
72.8258 -7.87938 -1.82445 1.92152 4.1936 1.62718 98273 0 -1.56488 0.159978 0
26.6682 35.2596 1.27529 0.697429 0.689423 1.64639 161309 0 1.0229 0.159866 1
50.0683 35.6757 0.268776 2.0017 4.56821 1.68986 161850 0 2.26792 0.159599 0
-62.5924 31.8975 2.29859 1.84349 4.05199 1.52263 155882 0 1.7195 0.159421 0
-23.1827 48.1761 1.54168 2.04136 4.56622 1.58417 179873 0 1.17177 0.158648 0
-0.710449 -13.6071 0.67575 0.81785 1.21031 1.46244 89619 0 -0.416658 0.158214 1
62.3326 -0.78997 -1.34925 0.847961 1.72403 1.85284 108536 0 2.84455 0.157925 2
-10.0705 64.8417 1.72569 2.07724 4.72908 1.68791 204250 0 -0.438469 0.157907 0
50.5188 -0.463112 -0.829558 1.68937 3.62469 1.39192 108967 0 -1.35056 0.157893 0
-10.1371 65.384 1.83233 2.04589 4.57874 1.67191 205186 0 1.75316 0.157796 0
30.2016 -11.3253 -0.148309 0.762218 0.805718 1.81999 92992 0 2.03699 0.157742 1
19.4265 58.8052 1.15831 1.9446 4.47037 1.598 195450 0 1.91694 0.157535 0
-54.4895 35.7066 2.18726 2.26135 5.29847 1.81017 161523 0 1.87287 0.157419 0
29.9764 -11.3244 -0.130721 0.791737 0.83776 1.78356 92991 0 2.1152 0.157002 1
23.1602 15.8294 0.877829 1.09419 1.4884 1.67107 132750 0 1.98016 0.156839 1
-23.86 47.5276 1.55034 1.99563 4.50478 1.52532 178935 0 1.96555 0.156748 0
45.5958 22.8829 0.0248734 2.0088 4.41715 1.61736 143116 0 -2.65695 0.156628 0
-10.7241 64.842 1.74521 0.875391 0.999567 1.69463 204248 0 -0.85854 0.156565 1
-22.9204 48.4727 1.57487 1.99699 4.34274 1.59149 180342 0 -0.586359 0.156443 0
38.6567 63.5452 1.70547 0.739992 0.655896 1.76248 202530 0 2.39718 0.156336 1
59.3875 6.01514 -0.723178 1.8643 4.20109 1.61571 118355 0 1.8615 0.155951 0
-0.491333 47.4166 1.60605 2.26941 5.44591 1.80446 179008 0 2.15221 0.155869 0
28.7072 49.4448 1.08323 2.0184 4.55997 1.6795 181907 0 -1.22075 0.155792 0
4.31454 30.7759 1.1649 2.09834 4.81332 1.55802 154687 0 -0.947856 0.155742 0
58.249 10.4002 0.457266 0.853954 1.94509 1.81665 124904 0 0.551879 0.155558 2
69.9864 -15.1409 -1.66268 1.89858 4.18471 1.73527 87500 0 1.74486 0.155186 0
-22.8941 48.1647 1.55368 1.98777 4.33488 1.57489 179874 0 -0.30732 0.155088 0
5.87109 32.9902 1.11127 2.0634 4.66849 1.48569 157968 0 -0.989928 0.154809 0
30.897 34.7785 0.783678 1.862 4.30919 1.44281 160386 0 1.93548 0.154684 0
-9.77035 64.8184 1.77392 2.08538 4.66482 1.67137 204251 0 -0.0168126 0.154504 0
1.09164 45.9731 1.42217 2.01872 4.66315 1.66604 176673 0 1.86243 0.154317 0
-7.42915 47.207 1.67103 0.803618 0.790745 1.73401 178518 0 -0.64228 0.154028 1
-0.570374 -13.5905 0.690504 0.803923 1.33168 1.42018 89620 0 -0.392605 0.153961 1
71.1897 -11.0604 -2.13518 1.9607 4.29857 1.60433 93588 0 1.89239 0.153321 0
66.7299 -5.64122 -1.36806 1.95125 4.35527 1.61274 101530 0 -1.36433 0.153152 0
42.3931 13.5538 0.0458767 1.99456 4.43871 1.71284 129534 0 -1.47198 0.153133 0
51.0532 35.0639 0.387041 1.94651 4.45969 1.63333 160917 0 -1.11519 0.152576 0
31.7869 35.0123 0.915335 1.86711 4.25337 1.53139 160857 0 1.99002 0.152129 0
-56.762 20.1203 2.12609 2.07757 4.4977 1.71867 138584 0 1.84326 0.151843 0
22.9747 15.585 0.911502 0.889389 0.935408 1.6338 132281 0 1.9601 0.151577 1
