-20.9789 -2.92382 0.599384 2.232 4.99853 1.875 105000 0 0.335924 0.950782 0
0.797783 10.7186 1.01376 2.05851 4.71692 1.55361 125192 0 1.93042 0.946215 0
2.36208 13.9353 1.07333 2.11478 4.75462 1.85873 129877 0 1.97871 0.930612 0
31.1859 6.27457 0.273252 2.17938 4.97709 1.91334 118735 0 -1.26326 0.927568 0
-28.3503 16.1398 1.27214 2.1662 4.74896 1.817 133057 0 -0.965161 0.924799 0
-6.23668 17.2088 0.773889 2.05693 4.60781 1.49553 134530 0 -0.989162 0.923658 0
-26.3897 -1.42717 0.629888 2.00594 4.41825 1.60415 107323 0 0.304493 0.923332 0
-12.6106 29.9797 1.36269 2.12598 4.91804 1.79829 153230 0 2.13857 0.91272 0
-44.6675 11.6372 1.42443 2.13349 4.60633 1.56334 126454 0 -1.23042 0.911512 0
-4.61906 19.4497 0.974787 2.13772 4.94856 1.82341 137811 0 2.14812 0.908957 0
14.1589 10.048 0.794106 1.99481 4.76078 1.5173 124298 0 -1.17732 0.907073 0
49.4558 -2.97507 -0.640287 1.96113 4.32609 1.6683 105220 0 -1.1671 0.906827 0
-16.8337 23.1397 1.0456 1.97398 4.53684 1.49233 143389 0 2.12419 0.904914 0
-2.67255 21.3485 1.11286 2.08672 4.61295 1.71827 140625 0 -0.995439 0.902063 0
18.6762 8.39853 0.816657 2.04712 4.64636 1.88311 121972 0 1.8921 0.90137 0
-14.1796 27.751 1.10028 1.99469 4.70089 1.48799 149949 0 2.1219 0.896071 0
-21.904 15.5652 0.929151 1.98091 4.26512 1.53056 132141 0 2.13114 0.887285 0
-7.31499 14.4922 0.716161 2.04514 4.60151 1.51633 130783 0 -1.03413 0.882517 0
-28.7399 -0.224548 0.690495 2.08134 4.70734 1.58702 109188 0 0.309387 0.881076 0
-20.2966 18.6508 0.931988 2.07822 4.76055 1.48058 136826 0 -0.986664 0.875038 0
-42.1459 14.8776 1.43192 2.04719 4.491 1.61064 131142 0 1.95663 0.86949 0
-18.7025 21.0215 0.993198 2.00056 4.7445 1.53051 140107 0 2.17163 0.869279 0
-41.7307 22.6184 1.573 2.20098 4.86241 1.85258 142375 0 -1.00032 0.868938 0
20.5945 10.9747 0.645144 2.0916 4.69488 1.61033 125722 0 1.94028 0.868479 0
-6.21574 39.8875 1.39833 2.07743 4.77465 1.58818 167758 0 2.20092 0.864702 0
-25.3534 20.6376 1.30283 2.20886 5.25741 1.75767 139618 0 -0.996809 0.857105 0
18.1315 21.2314 0.832086 1.94856 4.63618 1.44477 140690 0 1.80587 0.85636 0
38.1991 2.97257 -0.314134 2.04052 4.57248 1.51855 114077 0 1.91464 0.853246 0
-0.843987 23.4673 0.932568 2.03477 4.68964 1.41238 143907 0 -0.993132 0.849164 0
-65.9983 14.164 2.29454 2.05749 4.64332 1.54072 130131 0 0.386948 0.848964 0
0.433739 25.7423 1.02256 2.03688 4.48679 1.46469 147187 0 -0.940271 0.848438 0
21.5895 13.8427 0.859572 2.16615 4.82516 1.75658 129937 0 1.91946 0.841845 0
23.532 19.347 0.989829 2.07586 4.70643 1.56949 137899 0 -1.22684 0.841769 0
-9.32025 12.438 0.663499 2.08625 4.72395 1.4951 127500 0 -0.985681 0.839777 0
24.2197 37.9007 1.12131 1.97947 4.41034 1.68923 165045 0 -1.21111 0.839257 0
5.18219 21.8494 1.24299 2.23039 4.93947 1.95903 141586 0 2.06163 0.833764 0
2.40194 27.9924 1.37077 2.2611 4.89468 1.82443 150469 0 -0.949039 0.830431 0
65.3928 -11.7211 -1.2778 2.12788 4.85203 1.81288 92634 0 -1.19146 0.826553 0
16.1166 15.8948 0.801597 1.9121 4.53139 1.45452 132728 0 -1.18094 0.825858 0
3.74212 16.158 1.12638 2.21448 4.98961 1.87644 133157 0 2.03538 0.823787 0
15.496 13.0204 0.780545 1.96726 4.61977 1.45221 128514 0 -1.20339 0.823016 0
-16.1127 25.6986 1.23897 2.09439 4.85916 1.6959 147135 0 2.13401 0.822629 0
16.8528 18.6514 0.841143 1.92589 4.49423 1.47046 136942 0 -1.29416 0.821886 0
-4.06695 41.6937 1.19251 1.98469 4.50694 1.42902 170573 0 2.18317 0.820279 0
19.3964 24.0452 1.09616 2.08152 4.70548 1.80615 144906 0 -1.30235 0.81799 0
32.1338 9.15907 0.304059 2.17744 4.91387 1.84048 122950 0 -1.18037 0.816984 0
-2.11554 44.2613 1.24262 2.08783 4.77084 1.50688 174323 0 2.18198 0.812957 0
35.3525 -12.6305 -0.414266 0.849683 0.851137 1.65333 91136 0 -1.13327 0.804931 1
-21.0036 27.9526 1.2287 1.94736 4.52567 1.53675 150396 0 -1.03881 0.797547 0
-38.8172 27.0487 1.56542 2.09159 4.68785 1.60303 148936 0 2.18481 0.796437 0
37.9265 -16.4237 -0.437757 0.928787 0.973295 1.69175 85528 0 1.99244 0.791001 1
-26.7286 18.4536 1.1145 2.10364 4.79899 1.54408 136338 0 -0.994071 0.790154 0
-47.1388 22.7913 1.63054 1.99155 4.5161 1.63696 142826 0 2.26523 0.788868 0
50.4612 -0.203896 -0.654568 1.96185 4.35361 1.5433 109435 0 1.93276 0.782852 0
-58.4697 16.8724 2.01601 2.11389 4.40508 1.57625 133899 0 -1.22719 0.781152 0
-23.8899 -2.45702 0.513973 1.94388 4.17868 1.55032 105927 0 0.305145 0.779922 0
-43.971 27.7377 1.6883 2.05567 4.39783 1.7145 149856 0 -0.919313 0.774039 0
26.3965 43.3954 0.967592 2.05278 4.68263 1.6979 173008 0 -1.2316 0.773528 0
-22.6312 25.1577 1.17782 2.03581 4.73042 1.53773 146179 0 -0.973963 0.767331 0
-57.7638 20.3956 2.10417 2.10796 4.55118 1.79489 139049 0 1.91537 0.767074 0
6.80547 24.7791 0.986996 1.96978 4.4925 1.52248 145803 0 2.07075 0.763169 0
25.721 41.0278 1.22011 2.10443 4.71079 1.93318 169730 0 -1.26272 0.762098 0
26.9958 27.3949 1.10284 2.12842 4.78116 1.64338 149610 0 1.88275 0.754079 0
30.5734 54.8045 1.35436 2.05197 4.63187 1.74928 189869 0 -1.2066 0.751001 0
20.6423 29.6367 1.11951 2.1201 5.04684 1.85741 152866 0 1.89304 0.747054 0
-11.0833 32.5089 1.0422 1.92232 4.48708 1.4043 156979 0 -1.00522 0.740104 0
-18.0344 32.5022 1.41093 2.09926 4.66161 1.66751 156957 0 -1.06043 0.738411 0
-24.1542 23.1673 1.16864 2.0129 4.65494 1.52134 143366 0 -1.02171 0.734145 0
20.6462 26.4742 0.900083 2.04022 4.68037 1.53194 148186 0 -1.23287 0.727358 0
23.5128 69.9267 1.82234 2.1686 4.89854 1.80263 211843 0 1.94469 0.726479 0
18.6802 56.1784 1.11668 1.95677 4.41543 1.53003 191704 0 1.91266 0.72382 0
-10.0807 33.7945 1.33248 0.722807 0.65827 1.69704 158854 0 -1.25849 0.722354 1
-12.9236 60.6513 1.90566 2.2816 5.59338 1.88882 198157 0 2.24707 0.721122 0
7.14787 34.7134 1.30324 2.1365 4.98843 1.78069 160312 0 -0.917603 0.718763 0
-20.248 59.0614 2.07491 2.03932 4.64592 1.69947 195794 0 -0.923985 0.715362 0
48.1338 4.3306 -0.400154 0.849205 0.84804 1.73168 115980 0 -2.6236 0.711419 1
-68.3742 15.5566 2.46293 1.9501 4.38406 1.5717 131996 0 0.367711 0.707579 0
-11.0381 10.3439 0.660056 1.97524 4.5425 1.48794 124687 0 -1.02119 0.700274 0
30.6548 -7.88992 -0.0358544 0.904516 0.97147 1.54291 98141 0 0.412254 0.698861 1
39.5613 6.31258 -0.277199 2.03328 4.69564 1.71328 118761 0 1.86804 0.695214 0
29.8064 -11.6631 -0.041767 0.910691 0.940115 1.83419 92523 0 -1.63458 0.691065 1
27.0935 45.9852 1.14388 1.94749 4.27008 1.70307 176754 0 -1.23877 0.688856 0
-19.3916 30.1805 1.21148 1.90849 4.42069 1.4996 153677 0 -1.05105 0.685545 0
5.6336 32.2156 1.10544 2.04844 4.64408 1.49441 156563 0 -0.947556 0.684387 0
-6.54152 47.4968 1.63506 2.0187 4.57338 1.61294 178989 0 -1.06262 0.681231 0
18.7342 59.3534 1.23863 2.01745 4.68455 1.56578 196384 0 1.90157 0.676872 0
-18.6201 19.2609 1.02661 0.8257 0.837402 1.68576 137767 0 -1.09783 0.674141 1
20.6868 61.9113 1.42875 2.09945 4.8081 1.81051 200134 0 1.90575 0.666968 0
35.6753 -13.6042 -0.4503 0.870479 0.895324 1.62165 89733 0 0.225532 0.665036 1
65.7858 -8.8607 -1.67877 1.88993 4.19194 1.54905 96847 0 -1.21956 0.662752 0
57.4605 10.4498 0.642715 0.818151 2.02974 1.85328 124901 0 0.350284 0.654376 2
-11.6116 40.8344 1.52471 2.19286 5.25701 1.647 169145 0 -0.947977 0.638743 0
-28.9233 40.3924 1.74404 2.30404 5.87093 1.82224 168623 0 -0.973631 0.634689 0
54.5386 -4.86933 -0.964178 2.00641 4.62678 1.56836 102428 0 1.93672 0.628787 0
-9.72916 34.7873 1.26139 2.11038 4.99833 1.60289 160259 0 -0.954806 0.625339 0
-11.3532 32.7289 1.02305 1.96727 4.68121 1.41653 157446 0 -0.253876 0.611695 0
41.7646 29.54 0.469709 2.00083 4.42679 1.61475 152932 0 -1.21393 0.606772 0
-31.1477 35.4174 1.68596 2.33862 5.43769 1.98107 161128 0 -0.994577 0.605551 0
-70.8844 16.7872 2.38716 1.90629 4.18385 1.52045 133860 0 0.338089 0.594985 0
25.7997 33.5447 1.30397 0.701661 0.663236 1.6908 158498 0 1.96494 0.591617 1
-7.85372 66.3594 2.0095 2.22508 5.06626 1.86462 206597 0 -0.942007 0.567971 0
55.8228 -2.03001 -0.754459 2.03093 4.57385 1.61273 106644 0 1.95717 0.563096 0
56.463 0.820419 -0.879935 2.0716 4.70748 1.59442 110858 0 1.9509 0.559616 0
-7.23717 36.9272 1.19663 2.10916 5.1815 1.55919 163543 0 2.18243 0.555712 0
-16.482 34.6929 1.29554 2.12565 4.94848 1.57208 160238 0 -1.02585 0.555339 0
29.8567 -9.99223 -0.0828256 0.736329 0.77141 1.67117 94863 0 1.32092 0.548224 1
51.3499 3.38 -0.539737 2.03404 4.49054 1.75562 114586 0 -1.14679 0.548198 0
33.0951 60.3211 1.51295 2.29303 5.55324 1.89173 197833 0 -1.18325 0.537417 0
-34.7463 31.4946 1.54692 2.08469 4.79016 1.59972 155501 0 -0.934626 0.534698 0
-60.8685 15.3146 2.21636 0.89976 0.872012 1.64062 131551 0 1.99029 0.523354 1
52.3143 5.94501 -0.646073 2.04404 4.63497 1.55381 118333 0 -1.14181 0.520042 0
35.6322 -13.8647 -0.383474 0.885137 0.953298 1.6987 89265 0 0.451627 0.517883 1
-5.88976 74.3842 1.68027 2.09714 5.13026 1.70721 218303 0 1.91306 0.516111 0
-55.2377 33.1041 1.82547 1.94537 4.36961 1.56338 157777 0 2.24356 0.505224 0
26.067 24.7991 0.871275 2.06702 4.69378 1.39855 145863 0 1.90888 0.502022 0
-0.799698 46.8723 1.60967 2.05941 4.7807 1.71983 178071 0 2.14211 0.499815 0
31.5007 36.6271 1.16079 0.786065 0.755851 1.73791 163196 0 -2.79665 0.49771 1
22.5642 16.4684 0.845993 2.07453 4.77047 1.69247 133684 0 1.91688 0.495147 0
29.8798 -9.86616 -0.127462 0.764739 0.778342 1.59594 95331 0 -0.7292 0.490383 1
-59.0493 29.0298 2.10245 1.98547 4.41901 1.74759 151681 0 2.19229 0.488184 0
30.319 -11.4356 -0.0966536 0.756001 0.803554 1.72753 92992 0 1.66616 0.484715 1
33.7733 63.5101 1.51721 2.36676 5.19047 2.01873 202515 0 -1.18511 0.483569 0
40.7802 13.9265 0.038675 1.93619 4.44051 1.68119 129997 0 1.81312 0.460731 0
-7.16951 36.7061 1.18754 2.10416 5.08079 1.5315 163075 0 0.997914 0.454447 0
-57.1468 41.0834 2.2478 2.11922 4.72601 1.72785 169471 0 -1.00145 0.451144 0
30.4361 -11.4457 -0.14144 0.787699 0.791727 1.74354 92993 0 2.00868 0.450453 1
58.0665 6.61873 -0.663863 1.91565 4.26998 1.53152 119287 0 1.93006 0.447557 0
-18.5328 19.1681 1.00284 0.92885 0.920452 1.67771 137300 0 -0.959555 0.444801 1
70.5268 -13.6519 -1.42055 2.0644 4.809 1.83676 89842 0 1.86083 0.439866 0
35.6905 -13.3999 -0.487659 0.797043 0.78738 1.57815 90201 0 -0.424371 0.437845 1
29.674 -10.7739 0.13372 0.904277 0.915473 1.90236 93926 0 1.93107 0.431005 1
47.9803 4.32539 -0.380877 0.859427 0.860746 1.72931 115979 0 -2.46912 0.422363 1
30.3051 -11.5666 -0.102357 0.792109 0.846195 1.73061 92524 0 2.30525 0.411869 1
22.6181 15.6159 0.858173 0.89983 0.943975 1.72675 132280 0 1.85658 0.410995 1
-19.9041 30.33 1.26794 1.91205 4.6442 1.51987 153675 0 -1.00334 0.401187 0
26.7297 24.469 0.986106 2.01171 4.42641 1.44074 145397 0 1.90147 0.395659 0
48.1344 4.49972 -0.360439 0.889214 0.950133 1.75606 116448 0 -1.85096 0.394538 1
26.1046 35.2919 1.3791 0.712063 0.687412 1.64928 161307 0 0.736347 0.392639 1
50.7531 3.67081 -0.498645 2.25424 5.34353 1.88282 115052 0 -1.19723 0.390302 0
18.1707 56.4385 1.10149 2.2479 5.4259 1.7263 192170 0 1.92157 0.389301 0
28.3282 48.7886 1.01673 2.03371 4.63771 1.61282 180970 0 -1.24127 0.38819 0
22.6125 15.7994 0.853888 0.922618 1.09491 1.71633 132748 0 1.88478 0.387659 1
27.3596 -8.87751 -0.155223 0.871141 0.907689 1.71568 96727 0 0.000990504 0.387004 1
-59.3408 13.9769 2.15096 0.822886 1.62439 1.81454 129684 0 2.75359 0.386276 2
-71.1623 17.0605 2.40072 1.90479 4.16241 1.53292 134327 0 0.479011 0.38274 0
67.6748 -6.24844 -1.30707 2.08057 4.6662 1.75335 100597 0 -1.24441 0.375497 0
22.8781 67.0558 1.27509 1.9931 4.57487 1.55974 207629 0 1.9551 0.37529 0
42.0733 32.4796 0.691604 2.04012 4.53577 1.566 157145 0 -1.22153 0.375289 0
30.6504 -8.02976 -0.0600814 0.891295 0.966499 1.56321 97673 0 0.447993 0.373478 1
21.9371 16.7645 0.811838 1.96663 4.50756 1.53051 134150 0 1.90343 0.370257 0
30.443 -11.5769 -0.134088 0.804066 0.840213 1.71791 92525 0 2.1054 0.368997 1
-11.5832 32.8183 0.994639 1.9898 4.79761 1.43576 157445 0 1.98025 0.368546 0
36.6296 18.6687 0.200161 1.95616 4.35072 1.62319 137004 0 -1.32321 0.357211 0
41.4587 16.5467 0.149087 1.97082 4.4623 1.66825 133743 0 1.83488 0.357049 0
-9.83738 33.7768 1.33299 0.734752 0.705254 1.65994 158855 0 -1.33473 0.356487 1
27.3591 -9.03824 -0.115443 0.858712 0.952981 1.70349 96259 0 -2.86282 0.353193 1
67.0586 -6.24425 -1.33733 2.01203 4.4727 1.65154 100595 0 -1.23268 0.350451 0
58.6901 6.52128 -0.63916 2.0143 4.50769 1.588 119289 0 1.90642 0.348235 0
-6.81182 47.2917 1.66214 2.03327 4.66039 1.66223 178520 0 -1.01714 0.345334 0
38.0903 -16.4212 -0.488402 0.920018 1.00816 1.71794 85529 0 1.91748 0.345228 1
29.9491 35.6604 0.928239 1.7591 4.12549 1.39246 161787 0 1.94279 0.344588 0
30.2412 35.3792 0.909949 1.42609 2.98385 1.34941 161320 0 1.95266 0.342921 0
-10.0795 33.9536 1.30193 0.693909 0.710066 1.64886 159322 0 -1.31441 0.341614 1
57.6178 10.4732 0.637599 0.836577 1.93434 1.8408 124902 0 0.456661 0.339403 2
-10.7562 36.8958 1.39865 0.717701 0.642412 1.63253 163532 0 1.78824 0.337434 1
58.1217 31.2106 0.504322 1.93478 4.33422 1.55004 155323 0 1.4115 0.33634 0
25.9318 33.544 1.34417 0.724333 0.666644 1.71935 158499 0 1.97736 0.331305 1
-48.7312 20.2422 0.730835 0.733517 0.845922 1.68137 139077 0 2.07414 0.327631 1
-19.6025 30.0256 1.25594 1.54472 3.46203 1.46614 153208 0 -0.995355 0.326852 0
57.4192 10.1871 0.585172 0.831712 1.95455 1.8972 124433 0 0.337222 0.325177 2
56.2292 0.561005 -0.911521 1.99892 4.48914 1.57705 110389 0 1.98876 0.317867 0
35.4683 -13.8943 -0.359461 0.881173 0.928556 1.67472 89264 0 -0.155138 0.316294 1
35.4774 -13.6305 -0.414101 0.902049 0.913088 1.68307 89732 0 -0.472727 0.315545 1
-54.5314 36.0004 1.92757 2.04133 4.63111 1.67004 161991 0 2.17947 0.314493 0
-70.6452 16.5475 2.41747 1.97278 4.36955 1.56561 133393 0 0.247524 0.313286 0
22.7787 15.6082 0.843656 0.972047 1.05622 1.74693 132281 0 1.87469 0.312946 1
6.63567 35.0619 1.351 1.98774 4.44455 1.61874 160778 0 -1.13224 0.310956 0
-6.63607 8.55956 0.859857 0.83524 1.46613 1.75429 121893 0 -1.03383 0.308824 2
28.0587 48.5148 1.01741 1.97507 4.44044 1.60437 180501 0 -1.20968 0.308582 0
-59.3781 29.5092 2.17431 2.27744 5.40027 1.94618 152616 0 2.26506 0.305354 0
-36.3205 40.815 1.5588 2.01462 4.49709 1.55063 169068 0 -0.969744 0.304147 0
23.2284 16.8395 0.943345 0.871305 0.938197 1.68957 134154 0 1.40483 0.302802 1
40.223 14.1851 0.0135017 1.92421 4.33911 1.65569 130463 0 1.83429 0.300817 0
-57.704 41.1197 2.34692 2.42971 5.84807 2.06809 169469 0 -1.13576 0.297895 0
70.8526 -13.8597 -1.48275 2.0587 4.72641 1.87646 89375 0 0.0336745 0.296392 0
5.28703 32.7038 1.10688 2.06618 4.6841 1.50152 157498 0 -1.06539 0.295898 0
71.1899 -11.0191 -1.55947 1.88068 4.19055 1.61909 93588 0 1.9306 0.293268 0
-5.32626 74.1 1.46668 1.88905 4.26377 1.53561 217837 0 1.97596 0.292471 0
-8.46342 47.5934 1.67418 0.789335 0.763952 1.7046 178983 0 -0.90544 0.292347 1
37.7162 -16.465 -0.421859 0.886826 0.936346 1.66378 85527 0 1.98393 0.291969 1
35.3556 -12.4489 -0.397754 0.843153 0.872241 1.64822 91604 0 -1.12803 0.288507 1
23.2488 17.0264 0.974574 0.832407 0.838202 1.68745 134622 0 1.45328 0.288183 1
29.6512 -10.939 0.0693403 0.816438 0.861806 1.8388 93458 0 -1.1727 0.287638 1
35.1733 -12.6345 -0.399247 0.871675 0.870594 1.65876 91135 0 -1.16282 0.287472 1
-10.2754 33.776 1.32903 0.764284 0.684841 1.70674 158853 0 -1.21393 0.284465 1
35.6209 -14.1426 -0.338882 0.894551 0.93908 1.7053 88797 0 0.555295 0.284287 1
21.3093 64.5258 1.45219 2.11282 4.80542 1.75203 203880 0 1.95042 0.284266 0
-0.140671 46.3191 1.56575 2.05061 4.67655 1.6728 177137 0 2.1496 0.281917 0
29.7425 -10.03 -0.0337902 0.776101 0.806401 1.71363 94862 0 1.96535 0.28127 1
-9.47417 33.7583 1.22088 0.621296 0.661384 1.48874 158856 0 -1.87788 0.280265 1
20.2672 -6.49623 0.271529 0.782948 0.813608 1.56008 99981 0 -2.74943 0.279601 1
47.1919 27.6672 0.385937 1.91592 4.3006 1.56887 150141 0 1.86533 0.279214 0
4.97776 62.8964 1.48973 2.04085 4.67706 1.5562 201489 0 -0.940183 0.27906 0
27.2701 24.1622 1.00248 2.11451 4.70578 1.5353 144931 0 1.8976 0.278906 0
17.4613 66.1267 1.30599 2.02324 4.57127 1.58359 206208 0 2.00218 0.278404 0
-60.7721 15.4056 2.23217 0.857099 0.878998 1.62182 132020 0 1.92347 0.277939 1
-6.97136 36.8821 1.19868 2.22053 5.51573 1.61002 163544 0 2.75484 0.274327 0
-7.15948 47.7736 1.61743 2.30389 5.65256 1.83537 179455 0 -1.06205 0.274298 0
42.4045 35.6545 0.590171 1.96386 4.43492 1.52129 161826 0 -1.28361 0.272038 0
36.3486 18.4599 0.212284 1.96545 4.40978 1.61799 136535 0 -1.23323 0.271017 0
22.81 15.8315 0.853616 1.05414 1.37326 1.75193 132749 0 1.87974 0.270831 1
23.422 16.8564 0.94721 0.884957 0.922566 1.69338 134155 0 0.776925 0.270253 1
35.3563 -12.8447 -0.398608 0.839647 0.831066 1.61385 90668 0 -1.08743 0.267818 1
20.0883 26.693 0.938088 1.74807 3.80066 1.44557 148652 0 -1.25069 0.265109 0
67.9718 -5.95367 -1.20418 2.10608 4.71853 1.78083 101066 0 -1.27186 0.265089 0
17.7143 66.3598 1.31903 2.00824 4.55978 1.58239 206677 0 2.06419 0.264506 0
48.1385 4.12028 -0.367774 0.91484 0.898601 1.74429 115512 0 -2.79527 0.263849 1
55.2882 -2.00488 -0.751878 1.96023 4.35412 1.56709 106642 0 1.96094 0.263736 0
59.3454 6.28869 -0.574036 1.98615 4.47788 1.58818 118823 0 1.84041 0.262374 0
57.1526 -22.4817 -0.4583 3.04387 7.18162 3.20762 76696 0 1.93129 0.261618 0
41.3869 13.8807 0.0987729 1.9992 4.50795 1.68286 129999 0 1.82489 0.258914 0
-5.65993 74.7201 1.41939 2.05889 4.69465 1.67693 218772 0 2.03638 0.258637 0
-57.1351 40.5478 2.1888 2.0192 4.35536 1.69269 168535 0 -1.24687 0.257235 0
35.8666 -13.5717 -0.454172 0.854776 0.896137 1.65402 89734 0 0.417016 0.257092 1
1.47038 28.6565 1.39412 2.30854 5.18492 1.7946 151402 0 2.34778 0.257036 0
28.6055 49.087 1.05373 2.09689 4.83116 1.62639 181439 0 -1.23757 0.256902 0
-68.3279 16.0514 2.45848 1.8941 4.29164 1.56071 132932 0 0.438821 0.256732 0
39.2278 6.77213 -0.151594 2.38064 5.62587 1.88985 119696 0 1.92174 0.256533 0
30.6202 -7.63359 -0.078317 0.815518 0.896081 1.39199 98609 0 0.344549 0.25639 1
-7.53255 65.8792 2.04922 1.88449 4.07195 1.73256 205662 0 -0.947538 0.255728 0
42.0909 35.6954 0.613594 1.99535 4.62606 1.54729 161825 0 1.14076 0.25565 0
26.0913 35.1749 1.47268 0.70271 0.684563 1.71414 160839 0 0.730212 0.254676 1
25.9532 33.6604 1.46409 0.724188 0.69739 1.79202 158967 0 1.88326 0.254108 1
18.9746 -9.85148 0.236239 0.886025 0.955309 1.61422 95297 0 -1.25495 0.253205 1
71.4835 -10.7565 -1.55988 2.00395 4.49176 1.66813 94057 0 -1.52413 0.252264 0
51.7574 6.0014 -0.61239 1.86048 4.07736 1.53255 118331 0 -1.13864 0.250744 0
-38.36 26.9592 1.54118 1.7834 3.77946 1.50107 148938 0 2.22426 0.250206 0
-36.0507 41.1169 1.54373 1.99785 4.39711 1.52476 169537 0 -0.947702 0.249426 0
29.8883 -11.4467 -0.0775154 0.812237 0.855592 1.81301 92991 0 -1.23017 0.249147 1
-6.65907 8.6918 0.891469 0.841613 1.19376 1.73712 122361 0 -1.13133 0.247633 1
43.0153 35.3734 0.67731 2.03418 4.5539 1.53383 161360 0 -1.25779 0.247058 0
39.1453 63.8472 2.2264 2.42933 5.7517 2.07434 203000 0 -2.87115 0.246352 0
-67.3538 16.4116 2.3463 0.698871 0.659442 1.57375 133403 0 1.36626 0.2444 1
-10.0767 33.555 1.33316 0.747986 0.675635 1.67905 158386 0 -1.09529 0.244339 1
7.85749 66.108 1.46954 1.89281 4.39977 1.4864 206178 0 -0.914053 0.244154 0
40.1326 6.03693 -0.292359 1.89431 4.20859 1.65583 118295 0 1.87585 0.244037 0
6.12714 32.1022 1.03134 2.09271 4.77126 1.5192 156565 0 -0.986853 0.242556 0
-24.6886 23.2421 1.20065 2.04716 4.88007 1.5931 143364 0 -0.963825 0.241119 0
23.4225 17.039 0.968725 0.860381 0.882387 1.69643 134623 0 0.733992 0.240914 1
42.365 16.4444 0.135429 2.01581 4.52248 1.63784 133746 0 1.82434 0.240082 0
31.3008 36.6286 1.14946 0.799536 0.786424 1.70659 163195 0 3.08776 0.239319 1
57.2577 10.4203 0.653962 0.883214 2.09498 1.89604 124900 0 0.41922 0.238419 2
50.7066 42.347 1.52534 0.836881 1.78241 1.80092 171680 0 0.391244 0.238018 2
66.2921 -9.05336 -1.66443 2.18499 5.05242 1.7287 96381 0 -1.20227 0.237921 0
-7.4265 36.7292 1.17571 2.00493 4.65267 1.52696 163074 0 1.79965 0.237551 0
5.24063 63.1616 1.44716 2.0238 4.63843 1.55199 201958 0 -0.79944 0.237504 0
-59.5744 14.1854 2.21808 0.858407 1.89441 1.81103 130151 0 2.7247 0.237136 2
-68.84 15.5294 2.49108 2.06347 4.7136 1.68608 131994 0 0.451972 0.236547 0
-54.2625 36.261 1.92716 2.0163 4.56108 1.6526 162460 0 2.24202 0.234885 0
70.577 -10.7214 -1.53208 1.91692 4.21015 1.61788 94054 0 1.92528 0.234806 0
41.4511 32.784 0.740098 2.05747 4.59125 1.5876 157611 0 -1.19192 0.233951 0
42.6869 32.2006 0.724005 2.11997 4.76976 1.65929 156679 0 -1.26562 0.233028 0
21.1982 29.3925 1.13153 2.37938 6.42631 2.10217 152400 0 1.91474 0.233022 0
29.8235 -11.8997 -0.0590326 0.89854 0.933942 1.77989 92055 0 -2.14873 0.23286 1
66.4101 -5.96506 -1.34032 1.95226 4.2805 1.63595 101061 0 -1.22643 0.232323 0
71.2006 -11.3327 -1.56397 1.84498 4.07323 1.60773 93120 0 1.95995 0.232019 0
48.3748 4.31573 -0.395693 0.883868 0.869031 1.75099 115981 0 -2.52742 0.231595 1
6.27519 35.3858 1.30887 2.04532 4.71357 1.60983 161245 0 2.26161 0.231547 0
-53.9188 33.7399 1.90358 2.0924 4.63523 1.61878 158717 0 0.430756 0.229429 0
-55.7447 33.1327 1.95742 2.22892 5.19956 1.73975 157775 0 2.17196 0.229124 0
29.683 -11.4763 -0.0548923 0.834906 0.876305 1.81218 92990 0 -1.35266 0.227846 1
51.6779 6.46359 -0.590548 2.03984 4.39573 1.56831 119267 0 -1.21016 0.227655 0
58.3397 30.9678 0.519318 1.91158 4.28878 1.56546 154856 0 1.40113 0.227472 0
66.7726 -6.50373 -1.39735 1.95809 4.33884 1.60871 100126 0 -1.21598 0.226723 0
37.8779 -16.7008 -0.46935 0.851075 0.912059 1.63751 85060 0 1.97298 0.226082 1
29.7423 -9.85691 -0.0922438 0.789694 0.814354 1.58233 95330 0 -1.13462 0.225824 1
-10.7441 34.4773 1.19627 0.6801 0.65123 1.57186 159788 0 -1.47285 0.22544 1
67.3673 -6.81524 -1.40551 2.02363 4.5377 1.69018 99660 0 -1.197 0.224479 0
32.2649 -10.8052 -0.246125 0.817876 0.846229 1.67967 93934 0 0.0690521 0.223349 1
5.02896 32.7626 1.14497 2.04373 4.61057 1.50942 157497 0 -1.63255 0.223014 0
34.0437 63.741 1.43492 2.5477 5.82221 2.15358 202984 0 -1.19602 0.22188 0
61.6207 14.9251 -0.381674 2.09537 4.80929 1.73276 131466 0 -0.782973 0.221832 0
-6.87393 36.3884 1.2153 2.07464 4.8398 1.49945 162608 0 -0.915354 0.2214 0
71.1645 -13.9013 -1.53634 2.0139 4.561 1.85558 89376 0 -1.21121 0.220615 0
46.5939 27.7064 0.378574 1.94176 4.35545 1.6012 150139 0 1.88324 0.219955 0
35.5419 -12.6363 -0.424001 0.873244 0.90219 1.66812 91137 0 -1.12485 0.217456 1
57.5411 6.64146 -0.692937 1.85476 4.36676 1.5539 119285 0 1.90611 0.21727 0
-10.7378 34.6427 1.23642 0.705261 0.734403 1.56628 160256 0 -1.41006 0.217188 1
56.5125 30.2735 -0.227094 0.810625 1.07529 1.7626 153914 0 -2.14871 0.216692 1
23.1368 67.2819 1.31477 1.98085 4.51511 1.56877 208098 0 1.97224 0.214941 0
-1.69662 43.8015 1.27921 1.90636 4.25655 1.46424 173388 0 1.65915 0.214241 0
-34.1573 31.1799 1.49502 1.9214 4.2207 1.51854 155035 0 -0.924807 0.213439 0
46.9086 27.3962 0.372905 1.88979 4.25722 1.57371 149672 0 1.87595 0.21302 0
20.6273 26.921 0.90811 1.88541 4.22847 1.51761 149122 0 -1.26673 0.212946 0
30.5255 35.6472 0.954903 1.45421 3.59502 1.35625 161789 0 2.00842 0.212797 0
35.7244 18.7504 0.253218 1.9134 4.36379 1.57495 137001 0 -0.495811 0.21266 0
41.7808 35.9634 0.639824 1.96624 4.58115 1.55821 162292 0 1.71588 0.212627 0
-23.6391 23.1154 1.13061 1.87757 4.32083 1.55199 143368 0 -1.04287 0.211831 0
40.8745 16.7929 0.151076 1.88633 4.19468 1.6278 134209 0 1.84318 0.211267 0
55.9246 1.07511 -0.978396 1.83556 4.01041 1.48505 111324 0 1.96125 0.21102 0
22.3032 16.235 0.828864 1.94879 4.17167 1.63884 133215 0 1.95818 0.210451 0
-35.2624 31.5285 1.58802 2.14615 5.10786 1.69583 155499 0 -0.934524 0.209817 0
-10.4194 64.788 1.71922 2.04112 4.6167 1.61572 204249 0 1.90281 0.209353 0
42.0604 13.611 0.169431 2.06295 4.57677 1.73621 129533 0 1.83834 0.20873 0
31.7245 36.6258 1.15042 0.859836 0.949425 1.7429 163197 0 -2.74523 0.208569 1
-36.5953 40.5173 1.68873 2.10138 4.71558 1.61794 168599 0 -1.0157 0.207521 0
17.7632 69.6143 1.49048 1.93459 4.4191 1.52554 211357 0 1.07533 0.205359 0
-10.7031 9.88525 0.596614 1.69181 3.94977 1.42515 123752 0 -1.0492 0.20513 0
27.1568 -8.87019 -0.121095 0.910242 1.10849 1.77213 96726 0 -0.152635 0.204403 1
19.0268 -9.96538 0.248763 0.90895 1.14402 1.62336 94829 0 -0.984266 0.203393 1
-10.7416 65.0847 1.70648 2.02795 4.56606 1.60284 204716 0 2.18886 0.203093 0
47.5138 27.0604 0.340219 1.83658 4.23777 1.49978 149206 0 1.87513 0.203047 0
69.993 -13.8434 -1.50161 1.90175 4.22028 1.75708 89372 0 1.9769 0.202874 0
22.9914 19.4198 1.04322 1.82321 3.93277 1.51158 137897 0 -1.23666 0.201563 0
-7.76138 37.0457 1.22063 1.95158 4.35386 1.53139 163541 0 2.18792 0.201559 0
-1.46037 43.7426 1.26768 2.01468 4.53357 1.47719 173389 0 -0.952372 0.201533 0
-56.8504 41.3787 2.22734 2.10237 4.6148 1.66224 169940 0 -0.766852 0.201396 0
25.8119 24.5551 0.908219 2.12104 4.83683 1.44351 145394 0 1.8835 0.201363 0
33.4292 65.4733 1.34776 2.39381 5.50801 2.11846 205322 0 -2.73779 0.20115 0
23.1414 16.4295 0.905066 1.82751 3.52084 1.75208 133686 0 1.84517 0.200982 0
41.2188 29.6317 0.511814 1.77128 3.85374 1.55815 152930 0 -1.20532 0.200578 0
41.8186 32.2446 0.61741 1.96522 4.35266 1.57795 156676 0 -1.23074 0.200364 0
57.4677 7.1121 -0.554618 2.07882 4.63608 1.60496 120221 0 1.95573 0.200061 0
-48.7518 20.1311 0.699846 0.757038 0.907788 1.70377 138609 0 2.1404 0.200058 1
-1.54309 43.9043 1.26914 2.0974 4.74025 1.49868 173857 0 2.96297 0.199446 0
71.8215 -11.0389 -1.54529 1.99043 4.4164 1.67915 93590 0 -1.32744 0.197978 0
28.6286 49.7356 1.03659 2.03523 4.70852 1.60271 182375 0 -1.24262 0.19721 0
30.2577 35.1255 0.884267 1.29769 2.7242 1.37265 160852 0 2.0043 0.197008 0
31.512 36.8655 1.1565 0.816471 1.16434 1.75741 163664 0 -3.04513 0.196971 1
25.565 33.4915 1.2664 0.775711 0.742379 1.70503 158497 0 1.99942 0.196342 1
27.1427 -9.06223 -0.106655 0.905077 1.29937 1.76041 96258 0 -2.87607 0.195917 1
16.5776 18.5266 0.84846 1.76505 3.81956 1.44938 136473 0 -1.26138 0.195846 0
-10.7627 36.7663 1.40136 0.735601 0.654919 1.65243 163064 0 1.80037 0.1958 1
61.5794 -24.1142 -0.0753588 3.28513 13.3935 3.60182 74370 0 -1.17836 0.195645 0
19.312 9.70119 0.751441 0.786022 0.839487 1.6555 123846 0 1.7389 0.195621 1
47.9725 4.51005 -0.374925 0.894944 0.969868 1.75833 116447 0 -2.44445 0.195343 1
72.4805 -11.3594 -1.45598 1.95823 4.29308 1.63932 93124 0 -1.23065 0.194883 0
56.4725 1.34128 -0.902243 2.02235 4.58496 1.5846 111794 0 1.88273 0.194536 0
57.7588 11.3854 0.164206 0.780147 0.862978 1.68505 126306 0 -0.259508 0.194321 1
57.8258 31.4922 0.495153 1.95436 4.37984 1.5646 155790 0 1.21556 0.193322 0
67.0529 -5.64931 -1.26647 2.02159 4.50777 1.67607 101531 0 -1.24794 0.192889 0
-10.3792 64.4991 1.7056 2.03493 4.62261 1.62004 203781 0 0.464525 0.192418 0
30.5264 35.0951 0.890372 1.62306 3.79815 1.38676 160853 0 2.02388 0.1924 0
25.8676 34.3686 1.98047 0.817025 0.771278 1.95116 159902 0 0.846063 0.192339 1
20.1081 29.6697 1.15226 1.78723 3.87112 1.69669 152864 0 1.91477 0.192334 0
29.672 -11.9047 -0.0362869 0.877026 0.914704 1.7827 92054 0 -1.58382 0.19132 1
32.3763 -10.94 -0.270164 0.831366 0.85283 1.69429 93467 0 -0.181179 0.190744 1
35.4466 -13.3352 -0.437637 0.831713 0.826828 1.6418 90200 0 -0.770661 0.190216 1
64.9119 -11.6227 -1.30072 1.85414 3.93724 1.71418 92632 0 -1.1661 0.189756 0
-10.0918 64.4629 1.75282 2.03486 4.63671 1.62965 203782 0 -0.694965 0.189592 0
-18.8142 29.9515 1.14082 1.98943 4.5925 1.51201 153211 0 -1.01755 0.189544 0
55.5355 -1.55386 -0.746927 2.01283 4.50395 1.62479 107579 0 1.95663 0.189498 0
-34.4896 31.7504 1.54758 2.14021 4.8638 1.65386 155970 0 -0.902646 0.189407 0
37.624 -16.757 -0.438127 0.760312 0.847739 1.56982 85059 0 2.01127 0.188247 1
27.5725 46.1386 1.13721 2.23069 5.10708 1.84932 177224 0 -1.29998 0.188199 0
35.4368 -14.1668 -0.321055 0.906533 0.954397 1.68535 88796 0 0.44684 0.188117 1
63.1864 14.5426 -0.181802 2.09281 4.80251 1.77093 131003 0 -1.22945 0.187995 0
35.3939 19.03 0.28621 1.9087 4.3431 1.57802 137468 0 1.6749 0.187908 0
32.2557 -10.9414 -0.265486 0.81648 0.847105 1.67776 93466 0 -0.680432 0.187823 1
66.0353 -8.59971 -1.67952 2.00128 4.52627 1.60154 97316 0 -1.27926 0.187737 0
36.3018 18.9541 0.240195 1.95204 4.37386 1.59232 137471 0 -1.27542 0.187632 0
42.0823 16.2271 0.135291 1.93823 4.39625 1.67287 133277 0 1.8854 0.187519 0
62.2043 -0.195412 -0.977558 0.983929 1.15127 1.81645 109472 0 1.69523 0.186718 1
-2.82973 -13.8081 0.910507 0.747269 0.636101 1.6495 89145 0 -1.29265 0.186703 1
29.3438 35.6897 0.998029 1.93788 4.33128 1.46804 161785 0 1.9376 0.186448 0
51.1136 3.1376 -0.507263 1.97451 4.58373 1.77469 114117 0 -1.13972 0.184709 0
-54.9552 33.3874 1.86204 1.99131 4.36933 1.60363 158246 0 2.14687 0.1844 0
-8.07124 47.1553 1.69563 0.801368 0.788544 1.69823 178516 0 -1.30979 0.184328 1
51.9939 56.7847 0.873321 2.04773 4.62019 1.66589 192744 0 -1.23319 0.184085 0
-71.4863 17.3767 2.42289 1.93728 4.29091 1.56679 134794 0 0.608505 0.183858 0
6.51019 35.2779 1.32488 2.08336 4.67978 1.65117 161246 0 2.63592 0.183482 0
-34.3968 30.9396 1.46842 1.98294 4.40709 1.49678 154566 0 -1.00578 0.182537 0
-11.5574 32.5968 1.02169 1.9308 4.59585 1.4239 156977 0 1.5175 0.182526 0
-23.4991 47.8717 1.49723 2.07129 4.69628 1.68352 179404 0 2.17392 0.182219 0
33.1364 11.6443 0.169614 2.11663 4.69255 1.69742 126697 0 -1.23678 0.18094 0
70.8686 -10.4763 -1.55726 1.9945 4.41391 1.64705 94523 0 1.91725 0.180246 0
-59.6036 29.052 2.28577 2.35778 5.55711 2.07406 151679 0 2.13148 0.179997 0
-27.0508 18.9102 1.15701 2.32494 5.43267 1.6711 137273 0 -0.930922 0.179526 0
-11.4244 33.0078 1.0312 2.00569 4.89747 1.4541 157914 0 2.39186 0.179238 0
31.5322 0.403084 2.0691 0.804624 0.862408 1.76177 110312 0 1.06953 0.178197 1
-11.3481 65.4281 1.61027 2.02518 4.57846 1.59429 205182 0 2.00196 0.178132 0
25.8656 43.6127 0.954845 1.68879 3.60249 1.50504 173474 0 -1.20499 0.177841 0
-8.44691 47.7074 1.68052 0.753428 0.736698 1.68167 179451 0 -0.703126 0.17554 1
40.1511 61.8987 2.13891 2.16753 4.92591 1.84673 200195 0 1.67792 0.175358 0
-6.51249 74.419 1.9285 2.30014 6.01445 1.92101 218301 0 1.83774 0.175312 0
27.5647 -8.85748 -0.0847321 0.872447 0.938399 1.72328 96728 0 1.37626 0.17516 1
35.4145 18.7694 0.26334 1.91268 4.34354 1.56827 137000 0 1.41792 0.174484 0
50.6703 42.1088 1.55012 0.833362 1.20438 1.79277 171212 0 0.516601 0.174258 1
-54.8132 35.7294 1.94605 2.1356 4.91094 1.75171 161522 0 2.08936 0.174209 0
31.5032 36.4245 1.14585 0.791023 0.999923 1.69961 162728 0 -2.95282 0.173779 1
42.748 35.1128 0.701703 1.99327 4.47145 1.50789 160891 0 -1.19181 0.173225 0
51.0806 6.5348 -0.485083 2.08313 4.64188 1.60759 119265 0 -1.18802 0.17313 0
11.0431 58.3774 1.35654 2.2796 4.9241 1.85316 194956 0 0.820804 0.172714 0
17.4845 69.6267 1.47905 1.97324 4.48809 1.54267 211356 0 1.44678 0.171851 0
67.9657 -6.81564 -1.29821 2.18452 5.05992 1.85187 99662 0 -1.21534 0.171114 0
-1.03291 -13.5783 0.659485 0.848885 1.58383 1.45401 89618 0 1.70817 0.1711 1
30.2157 35.9267 0.963673 1.6617 3.93357 1.39028 162256 0 1.98349 0.170786 0
1.87807 28.118 1.36527 2.12161 4.67771 1.78126 150467 0 -0.9546 0.170626 0
5.05623 32.2254 1.12373 2.01561 4.50747 1.50449 156561 0 -0.824979 0.170535 0
21.2432 65.034 1.40861 2.15164 4.90187 1.77971 204816 0 1.9431 0.170294 0
18.8096 -9.81105 0.252903 0.880485 1.20828 1.60297 95296 0 -1.51326 0.169712 1
35.8813 -13.8625 -0.420189 0.871262 0.978407 1.69411 89266 0 0.745566 0.169698 1
18.0706 69.3121 1.40373 1.88415 4.37786 1.47966 210890 0 1.99995 0.169266 0
17.7481 69.8583 1.58251 1.96251 4.41364 1.54737 211825 0 -0.380725 0.168986 0
34.6719 63.2536 1.4476 2.63285 6.919 2.29162 202050 0 -1.20419 0.168591 0
42.3728 32.7094 0.757018 2.04781 4.55578 1.61168 157614 0 -1.27162 0.168403 0
-9.79121 34.0258 1.26991 0.769699 0.916624 1.61356 159323 0 -1.14484 0.168307 1
51.7349 56.4687 0.911703 1.95619 4.36694 1.59816 192275 0 -1.07617 0.168215 0
42.122 35.4424 0.666723 2.03609 4.60487 1.54798 161357 0 -0.466926 0.168191 0
-7.93985 47.1651 1.66658 0.849316 0.910546 1.71379 178517 0 -1.20121 0.168113 1
-6.04274 47.4589 1.60729 1.9704 4.5958 1.64899 178991 0 -1.01901 0.167868 0
47.8041 27.3723 0.365011 1.9005 4.33004 1.53441 149675 0 1.87223 0.167862 0
59.3655 -23.1944 -0.363376 2.95868 8.74209 3.3741 75767 0 -1.25243 0.167721 0
-22.9163 48.8331 1.65577 0.828063 0.848652 1.74048 180810 0 2.3349 0.167464 1
-48.6217 20.2521 0.668655 0.746574 0.898166 1.7136 139078 0 2.07165 0.166621 1
29.6892 -10.4577 0.057479 0.82329 0.865403 1.83091 94394 0 2.02051 0.166542 1
-59.3291 13.7183 2.09479 0.804738 1.67739 1.72425 129216 0 2.97935 0.166358 2
72.4783 -8.48227 -1.81444 1.92649 4.24152 1.61288 97336 0 -1.31727 0.165921 0
66.4022 -5.63939 -1.29955 1.99486 4.44181 1.68237 101529 0 -1.24787 0.165919 0
4.18729 15.9115 1.13825 1.96034 3.93112 1.75444 132691 0 2.06686 0.165765 0
7.20877 66.7001 1.48562 1.96817 4.50512 1.54087 207112 0 -0.906615 0.165164 0
-25.037 12.6486 1.26345 0.79565 0.869744 1.79237 127919 0 -0.485386 0.164901 1
-24.4646 46.9068 1.4786 2.01606 4.6136 1.56413 177997 0 2.09929 0.164705 0
4.70243 62.6212 1.47861 2.08936 4.8095 1.60529 201020 0 -1.05251 0.16445 0
56.4047 -2.09254 -0.745854 2.15936 4.95689 1.69567 106646 0 1.88094 0.164381 0
-71.4471 16.5371 2.46941 2.27299 5.26273 1.7826 133390 0 0.439266 0.164281 0
-58.6917 27.3292 2.21327 2.05349 4.66248 1.8343 149342 0 -2.78723 0.164054 0
22.6356 66.8041 1.30787 2.07115 4.74091 1.61857 207160 0 1.91036 0.164031 0
61.3141 15.1737 -0.329976 2.05444 4.7699 1.73626 131933 0 -1.09515 0.163854 0
26.2868 35.3192 1.40685 0.711805 0.686695 1.65574 161308 0 0.682162 0.163787 1
25.8602 34.1836 1.81626 0.80577 0.756792 1.92138 159434 0 1.28442 0.163782 1
52.0068 57.4403 0.879899 2.05545 4.63199 1.67465 193680 0 -1.55652 0.161982 0
23.1865 15.928 0.815926 1.3315 2.22435 1.77407 132750 0 1.81648 0.161969 0
-59.9505 29.5606 2.37254 2.55498 6.28963 2.25327 152614 0 2.1947 0.161562 0
57.7718 11.6208 0.121555 0.800985 0.820773 1.72468 126774 0 2.32834 0.161242 1
-29.1441 -0.428459 0.700748 2.28146 5.3155 1.65392 108718 0 0.38404 0.160716 0
29.8486 -10.3886 0.037078 0.812748 0.868767 1.81741 94395 0 2.04581 0.160623 1
31.0913 54.8234 1.44181 2.2832 5.37574 1.84738 189871 0 -1.22353 0.160398 0
43.6498 35.0468 0.777454 2.13647 4.81191 1.57636 160894 0 -1.23327 0.160349 0
52.87 5.89285 -0.607209 2.29099 5.33538 1.70941 118335 0 -1.16212 0.159344 0
-35.0182 30.9678 1.51147 2.0263 4.6185 1.52665 154564 0 -0.190766 0.158971 0
51.7074 58.0816 0.885226 1.97586 4.44307 1.62627 194615 0 -1.8867 0.15873 0
72.1221 -10.7554 -1.46518 2.08745 4.67259 1.7113 94059 0 -1.28486 0.158728 0
27.5508 -9.03266 -0.090577 0.861854 1.09151 1.71657 96260 0 -2.01726 0.158285 1
15.6502 15.9269 0.800088 1.60917 3.30105 1.36583 132726 0 -1.17813 0.157682 0
57.0196 0.812325 -0.816952 2.31134 5.4037 1.79848 110860 0 1.89914 0.157418 0
42.3026 29.5298 0.457304 2.24014 5.22079 1.76734 152934 0 -1.23477 0.15738 0
-53.9085 33.1706 1.88198 2.07011 4.55876 1.56951 157781 0 0.518566 0.157223 0
46.9168 27.0883 0.360075 1.8335 4.15867 1.54357 149204 0 1.87808 0.156649 0
-12.5321 7.53062 0.978092 0.822732 0.899239 1.75222 120470 0 1.68784 0.15569 1
20.4025 26.1978 0.922194 1.98569 4.43589 1.55407 147717 0 -1.20303 0.155683 0
-19.3999 19.3674 0.977204 0.729145 0.718423 1.47172 137765 0 -0.53162 0.155392 1
47.2263 26.7715 0.31788 1.80357 4.12388 1.52385 148737 0 1.89834 0.154932 0
-0.253014 46.7795 1.59486 2.22568 4.88703 1.78942 178073 0 2.16932 0.154914 0
72.7748 -11.0823 -1.3898 1.94263 4.25545 1.62258 93593 0 -1.26734 0.15436 0
22.5769 15.2774 0.846437 0.917617 0.985586 1.7255 131812 0 1.8601 0.153687 1
37.2035 18.435 0.175269 2.18159 4.86698 1.74453 136538 0 -1.32902 0.153491 0
48.4914 36.3398 0.430403 1.99823 4.41979 1.68108 162781 0 1.98203 0.153454 0
72.1811 -8.18017 -1.78985 1.92002 4.21473 1.58578 97803 0 -1.37056 0.153356 0
-21.9196 48.8152 1.66657 2.09402 4.61333 1.68227 180813 0 2.31348 0.153332 0
25.9799 34.1914 1.85132 0.782102 0.740022 1.94384 159435 0 1.08042 0.152452 1
-8.25349 47.536 1.70798 0.815095 0.823992 1.74496 178984 0 -0.902753 0.152389 1
-38.8916 23.4504 0.553197 0.803275 1.43967 1.72411 143788 0 -0.925935 0.152363 2
-24.1122 22.6813 1.14721 1.97304 4.54329 1.53967 142430 0 -1.01625 0.152312 0
40.5406 13.696 0.0577127 1.97258 4.49951 1.70635 129528 0 1.82671 0.152064 0
22.3413 15.561 0.870988 0.919245 1.13727 1.71977 132279 0 1.84971 0.15163 1
35.8676 -13.3787 -0.460687 0.803286 0.810212 1.58454 90202 0 -0.152478 0.151565 1
30.1246 -9.81423 -0.08619 0.839337 0.865654 1.66653 95332 0 -0.962428 0.151157 1
70.9055 -11.617 -1.54637 1.82915 3.91841 1.60137 92651 0 1.98285 0.1511 0
-11.653 65.4687 1.60369 2.01921 4.5469 1.58964 205181 0 0.35171 0.150663 0
-5.6914 39.5048 1.46962 1.86588 3.93905 1.51682 167292 0 2.22774 0.150491 0
32.2457 60.5911 1.53621 2.04885 4.87219 1.79482 198298 0 -1.27199 0.150462 0
-11.6924 65.7326 1.65389 2.02926 4.56064 1.60428 205649 0 2.18933 0.14995 0
-9.79157 64.1802 1.76661 2.09297 4.76863 1.6502 203315 0 -0.934054 0.149758 0
25.2353 41.1133 1.18871 1.83517 3.85707 1.87254 169728 0 -1.26058 0.14975 0
-25.1094 47.5102 1.51437 2.03876 4.65128 1.59972 178931 0 2.15076 0.14954 0
27.6095 45.7106 1.13475 2.2535 5.2182 1.84866 176288 0 -1.22491 0.14925 0
-10.3391 34.0097 1.32828 0.71005 0.677011 1.65396 159321 0 -1.29248 0.149219 1
18.3706 69.2921 1.45992 1.91195 4.38732 1.52166 210891 0 1.48932 0.148922 0
-7.13081 36.4185 1.19911 2.01437 4.67377 1.50188 162607 0 -0.00731014 0.14888 0
43.3194 35.6267 0.669291 2.12325 4.82936 1.57346 161829 0 -1.2907 0.148628 0
-22.8873 47.5428 1.51334 2.03932 4.63186 1.62028 178938 0 -2.68404 0.148223 0
-10.1329 64.7415 1.75884 2.02993 4.59999 1.63385 204250 0 1.06895 0.148035 0
30.1209 -10.0231 -0.0825206 0.81788 0.833092 1.69378 94864 0 -0.624647 0.147734 1
72.1645 -11.6341 -1.51166 1.95515 4.34824 1.66278 92655 0 -1.30271 0.147722 0
-5.57348 73.8652 1.5887 1.79002 4.04849 1.51559 217368 0 2.0587 0.147511 0
-44.5534 28.0227 1.80043 2.36396 5.55685 1.96222 150322 0 -0.939423 0.147474 0
-10.3762 35.3027 1.32594 2.14314 5.05743 1.62248 161193 0 -1.00075 0.147472 0
25.7458 33.243 1.28538 0.757713 0.713726 1.62956 158030 0 1.96915 0.147074 1
23.4417 16.1447 0.846503 2.23582 5.29605 1.78891 133219 0 1.77899 0.146807 0
61.8521 15.1571 -0.336164 2.21095 5.04195 1.79463 131935 0 -0.975396 0.146688 0
-0.449478 47.4442 1.62676 1.01408 1.16901 1.73251 179008 0 1.47816 0.14665 1
-53.9843 35.7405 1.91277 1.6921 3.67574 1.51828 161525 0 2.20756 0.14656 0
-55.5054 33.6805 1.92671 2.30214 5.38477 1.83548 158712 0 2.21737 0.146518 0
-21.2746 48.1776 1.56363 2.0032 4.53638 1.5901 179879 0 -0.933501 0.146283 0
66.1425 -6.17427 -1.37492 1.98022 4.32568 1.64643 100592 0 -1.20079 0.146203 0
38.8833 63.2951 2.15787 1.97187 4.16195 1.71918 202063 0 -2.88211 0.146114 0
-10.358 64.1985 1.69875 2.05724 4.6586 1.6259 203313 0 -0.726653 0.146081 0
66.7278 -5.3037 -1.24576 2.00975 4.44519 1.67583 101998 0 -1.25448 0.145854 0
-9.70765 34.4987 1.27042 1.7309 3.70841 1.62398 159791 0 -0.958998 0.145785 0
