-21.3707 -3.01611 0.527516 2.22821 4.9342 1.91446 104999 0 0.343258 0.945048 0
-9.72491 12.3639 0.644856 2.11524 4.64484 1.48158 127499 0 -0.982538 0.9379 0
-7.8435 14.507 0.677895 2.0074 4.56266 1.46251 130781 0 -1.04175 0.928217 0
13.6054 10.1277 0.845069 1.95227 4.63953 1.50273 124296 0 -1.17303 0.927742 0
18.3059 8.46783 0.904234 2.0974 4.81699 1.89334 121971 0 1.88318 0.911355 0
-29.2052 -0.465363 0.624467 2.14406 4.85057 1.58842 108718 0 0.305769 0.906795 0
-6.77127 17.197 0.757641 2.0444 4.69076 1.4625 134528 0 -0.985636 0.899103 0
-43.1148 14.8243 1.27688 2.0337 4.42469 1.57792 131139 0 1.9348 0.897449 0
-5.06598 19.3761 0.936065 2.10712 4.79956 1.83634 137810 0 2.16241 0.893192 0
49.0602 -2.74283 -0.374086 1.99898 4.37191 1.6847 105687 0 -1.19064 0.89016 0
37.8595 3.10797 -0.221293 2.06823 4.69871 1.48634 114076 0 1.93014 0.8892 0
4.60083 21.9101 1.23684 2.20264 4.99557 1.97318 141584 0 2.04238 0.884901 0
0.362663 10.6763 1.00783 2.02332 4.58755 1.54772 125191 0 1.92354 0.881818 0
-59.0078 16.5377 1.76501 2.0931 4.54388 1.66864 133429 0 -1.21153 0.879975 0
30.8604 6.36173 0.374222 2.2003 5.29968 1.90303 118734 0 -1.26728 0.875696 0
1.84241 13.971 1.0724 2.14799 4.89175 1.83913 129875 0 1.98848 0.873647 0
-14.6495 27.6255 0.993647 1.99212 4.50338 1.4964 149948 0 2.11843 0.873262 0
21.017 13.9556 0.948403 2.13342 4.92373 1.69783 129935 0 1.90267 0.868226 0
20.0259 11.1109 0.709786 1.9853 4.49261 1.59643 125720 0 1.95256 0.868141 0
-3.12818 21.2845 1.09488 2.02902 4.41837 1.76754 140624 0 -1.00026 0.866298 0
3.32793 16.1078 1.14157 2.17089 4.8006 1.89035 133156 0 2.03017 0.860305 0
-44.7095 11.2762 1.23928 2.15201 4.65543 1.59579 125986 0 -1.20574 0.858235 0
-20.6927 18.5142 0.877293 2.0398 4.42747 1.46099 136357 0 -0.981402 0.854086 0
16.4593 18.6867 0.876397 2.00262 4.78026 1.48144 136941 0 -1.27745 0.853755 0
-0.142014 25.7696 1.03198 2.06329 4.61758 1.46009 147185 0 -0.959109 0.853352 0
-16.524 25.5224 1.18317 2.0097 4.51025 1.72136 146666 0 2.13454 0.849429 0
-25.8013 20.3931 1.24139 2.15301 5.02057 1.81419 139149 0 -1.03157 0.842614 0
31.543 9.36459 0.409183 2.10652 4.59754 1.79901 123416 0 -1.22199 0.840593 0
-6.8332 39.8447 1.38112 2.08848 4.80012 1.6209 167756 0 2.22214 0.836785 0
-47.6044 22.5118 1.44856 1.89122 4.19223 1.54974 142357 0 2.2326 0.834588 0
-13.0594 29.839 1.28668 2.06539 4.5742 1.73557 153229 0 2.15626 0.832672 0
18.7995 24.0992 1.14083 2.04611 4.62733 1.77074 144904 0 -1.27567 0.828405 0
-58.7493 20.339 1.94925 2.0459 4.46346 1.75971 139046 0 1.94312 0.826736 0
-19.0149 19.1042 0.909454 0.864237 0.792655 1.64331 137298 0 -0.942569 0.825591 1
22.9466 19.4518 1.09171 2.02506 4.58492 1.56955 137897 0 -1.22835 0.822919 0
17.7671 21.3184 0.934828 2.03623 4.86081 1.44664 140689 0 1.89923 0.820513 0
-1.44803 23.4779 0.897945 2.05277 4.67983 1.43406 143905 0 -0.970953 0.82013 0
-26.8286 -1.48331 0.533951 1.97191 4.14887 1.5578 107322 0 0.33069 0.819103 0
30.1978 -7.81317 -0.0580219 0.926955 0.896254 1.55492 98140 0 0.652089 0.8146 1
-17.3364 22.9898 0.98252 1.93482 4.47289 1.5195 142919 0 2.13544 0.814369 0
-42.3542 22.556 1.41919 2.17507 4.9443 1.8609 142373 0 -0.942438 0.808893 0
50.339 -0.0746078 -0.453411 2.06725 4.81699 1.65006 109435 0 1.9323 0.808576 0
23.5805 38.0014 1.21654 1.96276 4.4647 1.7015 165043 0 -1.2267 0.800969 0
1.79123 28.007 1.3582 2.28397 5.00246 1.85054 150467 0 -0.950736 0.800144 0
-10.7217 33.7706 1.30078 0.748006 0.703394 1.67451 158852 0 -2.17482 0.797482 1
-19.1053 20.6814 0.856007 1.89349 4.27368 1.43438 139638 0 2.14399 0.794233 0
-44.5935 27.6948 1.54321 2.11545 4.68564 1.6987 149854 0 -0.880748 0.790972 0
15.5314 15.9296 0.846923 1.87946 4.40064 1.4489 132726 0 -1.16728 0.790573 0
-28.8864 16.0473 1.15821 2.1735 4.95593 1.8459 133055 0 -0.989205 0.790465 0
-2.70825 44.2388 1.25836 2.11819 4.84828 1.51499 174321 0 2.17075 0.790124 0
-22.2274 15.2856 0.909924 1.92745 3.76284 1.59876 131672 0 2.16854 0.788465 0
65.4945 -8.76545 -1.23648 1.95227 4.37448 1.6152 96846 0 -1.188 0.787515 0
-21.6264 27.9195 1.09362 1.98193 4.64663 1.56395 150394 0 -1.02185 0.782899 0
-66.504 13.8237 1.99158 2.02862 4.65442 1.67615 129662 0 0.380889 0.777684 0
-4.61926 41.5208 1.14417 1.86202 4.23134 1.42463 170103 0 2.16174 0.776485 0
6.22619 24.8266 0.986745 2.03255 4.626 1.54712 145801 0 2.1149 0.776083 0
38.9084 6.57554 -0.0902738 2.07835 4.82021 1.71631 119227 0 1.8843 0.774577 0
-24.5353 22.8638 1.07332 1.96602 4.55095 1.53612 142897 0 -1.03191 0.773098 0
-39.229 26.9385 1.33706 2.0023 4.44978 1.55816 148935 0 2.24079 0.772578 0
14.9506 13.0578 0.831763 1.87866 4.45802 1.42984 128512 0 -1.20479 0.761337 0
20.0365 26.6831 0.937621 1.9654 4.45324 1.50584 148652 0 -1.23475 0.757196 0
-23.2501 25.1144 1.05946 1.90898 4.26486 1.60704 146177 0 -0.995645 0.754766 0
64.854 -11.4045 -1.10744 2.05964 4.47679 1.82151 93100 0 -1.20482 0.753928 0
-27.3746 18.3508 1.01329 2.11648 4.85766 1.59798 136336 0 -1.02705 0.752996 0
26.4121 27.4687 1.1985 2.02609 4.44641 1.67957 149608 0 1.84738 0.751972 0
17.8623 56.2482 1.15277 1.90132 4.42031 1.511 191701 0 1.92161 0.742902 0
-24.4118 -2.66919 0.452932 2.02846 4.41661 1.57201 105457 0 0.300304 0.739293 0
-29.5081 40.2358 1.67458 2.31621 5.85969 1.90296 168153 0 -0.973738 0.73465 0
-18.6724 32.4718 1.33765 2.09211 4.61779 1.68863 156955 0 -1.04211 0.73267 0
54.1772 -4.66199 -0.831064 2.01344 4.58537 1.56575 102895 0 1.98876 0.725904 0
29.9253 54.9045 1.46283 2.08302 4.72913 1.81652 189867 0 -1.17164 0.724013 0
-11.7039 32.5292 1.05919 1.91624 4.45017 1.38211 156977 0 -0.980875 0.721743 0
37.5025 -16.1512 -0.346274 0.909948 0.941555 1.69744 85995 0 1.8923 0.719182 1
-68.9557 15.2183 2.03967 1.97535 4.38233 1.56889 131526 0 0.411158 0.719161 0
20.3212 29.6619 1.18613 2.23476 5.65676 1.92523 152865 0 -1.66544 0.708979 0
24.8679 41.1104 1.3551 1.9429 4.27224 1.78108 169727 0 -1.25205 0.703875 0
-20.2744 30.2296 1.08811 1.94847 4.48981 1.53113 153674 0 -1.0148 0.70358 0
-7.20545 47.4322 1.62946 2.08966 4.6413 1.70014 178987 0 -1.05923 0.692178 0
25.7538 43.442 1.01927 2.03022 4.64958 1.55853 173006 0 -1.19143 0.684283 0
20.021 29.6846 1.17733 2.0775 5.00109 1.85566 152864 0 -1.44794 0.676825 0
26.4341 46.1646 1.30066 1.93783 4.21847 1.76498 177220 0 -1.27745 0.667746 0
35.0698 -12.5125 -0.366299 0.859782 0.842693 1.62713 91135 0 -1.30865 0.666874 1
-11.9814 32.7405 1.03074 1.90896 4.44674 1.40243 157444 0 -0.366352 0.662959 0
-10.4 34.7295 1.19482 2.10889 5.04226 1.61495 160257 0 -0.952824 0.657605 0
-12.2528 40.8379 1.51334 2.23294 5.46661 1.68936 169143 0 -0.975871 0.657381 0
35.3609 -13.6003 -0.313193 0.885197 0.94746 1.71189 89732 0 -1.22908 0.654666 1
22.7988 69.9415 1.84484 2.12311 4.86939 1.77744 211841 0 1.93614 0.650104 0
18.1067 59.3699 1.31119 1.88744 4.39704 1.5242 196382 0 1.92506 0.649191 0
22.2249 16.4876 0.980984 2.06855 4.76461 1.65054 133683 0 1.93784 0.644205 0
-7.8677 36.914 1.16184 2.05606 4.88473 1.51884 163541 0 2.17288 0.633138 0
29.3803 -11.585 0.0862721 0.95461 0.965742 1.86796 92521 0 1.98938 0.62733 1
19.9662 61.9617 1.47212 2.08456 4.73839 1.81888 200132 0 1.97847 0.627039 0
41.4215 29.6881 0.639719 2.11807 4.99257 1.66602 152931 0 -1.25873 0.624641 0
-13.6001 60.6553 1.83896 2.34011 5.76065 1.90638 198155 0 2.21223 0.623537 0
-31.8483 35.3437 1.54067 2.35261 5.8507 2.01734 161126 0 -1.00999 0.621356 0
-8.43906 66.1374 1.99901 2.06967 4.59158 1.72805 206127 0 -0.929946 0.620349 0
35.3763 -13.3349 -0.411194 0.769168 0.810383 1.59359 90200 0 -1.21573 0.615286 1
20.3036 29.8015 1.17618 2.25976 5.55069 1.92532 153333 0 -2.10445 0.596495 0
3.36644 30.2641 1.01132 2.07751 4.71894 1.51183 153748 0 -0.986097 0.590936 0
56.1984 1.16177 -0.723458 2.06733 4.64234 1.61898 111325 0 1.96481 0.590085 0
-71.5022 16.445 2.05795 1.97401 4.3213 1.63839 133390 0 0.460308 0.577779 0
-19.02 19.2501 0.918534 0.810173 0.790683 1.6358 137766 0 -0.856144 0.577498 1
32.4484 60.5804 1.53607 2.34121 5.59927 1.95908 198299 0 -1.22449 0.569214 0
35.3206 -13.8706 -0.247694 0.862155 0.945626 1.73742 89264 0 -1.09533 0.566914 1
50.7169 3.6431 -0.366795 1.99849 4.46478 1.71153 115052 0 -1.1557 0.565483 0
29.9732 -11.3653 -0.016273 0.80889 0.797984 1.71568 92991 0 2.07481 0.564974 1
-7.80848 36.7106 1.14973 2.04303 4.85516 1.51778 163073 0 1.74936 0.562688 0
29.5541 -9.77617 -0.0665165 0.77322 0.803531 1.73018 95330 0 -0.709338 0.55207 1
20.5482 29.631 1.19682 2.3785 6.17825 2.0434 152866 0 1.85233 0.550439 0
30.8666 36.7453 1.29269 0.779644 0.738262 1.72399 163194 0 1.36902 0.550392 1
-11.3582 10.0916 0.662752 1.9345 4.50553 1.54374 124218 0 -1.00254 0.54804 0
40.1611 14.2313 0.289006 1.94444 4.29639 1.6097 130463 0 1.80877 0.540117 0
-1.08133 46.6293 1.552 2.1029 4.87431 1.73157 177602 0 2.11523 0.537588 0
31.8853 -10.6838 -0.230668 0.828058 0.896438 1.6523 93933 0 -0.710142 0.536679 1
47.5888 4.37159 -0.155459 0.826559 0.833992 1.70422 115978 0 0.508203 0.530056 1
4.96898 32.5181 1.0451 2.06692 4.71911 1.52627 157029 0 -0.955715 0.52753 0
-17.0414 34.4677 1.21927 1.94319 4.51357 1.5026 159768 0 -0.982431 0.526948 0
-20.9558 59.0106 1.89237 2.12998 4.77261 1.65368 195792 0 -1.02921 0.509926 0
-59.7013 28.6325 1.82397 1.99739 4.5412 1.69876 151211 0 2.20614 0.50885 0
51.3944 6.31203 -0.562511 1.92271 4.32054 1.49893 118798 0 -1.13625 0.507813 0
-6.55637 74.3573 1.67216 2.11265 5.13558 1.67293 218301 0 2.16461 0.50632 0
30.8571 36.8413 1.27909 0.800989 0.774005 1.73924 163662 0 1.81876 0.497664 1
20.5971 64.8032 1.44514 2.20301 5.09095 1.72053 204346 0 -1.24745 0.48839 0
22.8205 17.0652 1.01361 0.828579 0.854008 1.61395 134621 0 0.649013 0.486102 1
27.6834 48.8247 1.15298 2.00827 4.61267 1.60654 180968 0 -1.2397 0.4826 0
6.53792 34.708 1.26583 2.14871 5.02244 1.78238 160310 0 -0.937356 0.482215 0
29.5417 -11.4612 0.0422957 0.942489 0.927442 1.86071 92990 0 2.13313 0.478038 1
33.1106 63.774 1.79164 2.30857 5.24801 2.06282 202981 0 -1.17536 0.473644 0
28.978 36.0185 1.02979 1.8427 4.23923 1.45584 162252 0 1.93997 0.473096 0
57.0616 10.9692 0.873566 0.835814 1.96928 1.81637 125836 0 0.403225 0.473056 2
-61.4943 14.9564 1.99962 0.869737 0.842688 1.71928 131081 0 2.72206 0.470536 1
33.1286 12.3411 0.219103 2.01671 4.51691 1.69662 127633 0 -1.27887 0.464138 0
-22.053 15.1712 0.915466 1.88967 3.3581 1.59568 131673 0 -1.32415 0.460037 0
40.7956 16.7658 0.355611 1.94778 4.31424 1.65293 134209 0 1.8263 0.457406 0
-7.56243 36.6541 1.1448 2.1075 5.10075 1.51976 163074 0 -0.745939 0.449457 0
55.5105 -1.75823 -0.506833 2.07629 4.69045 1.62983 107111 0 1.93176 0.447809 0
70.235 -13.5651 -1.32947 2.03719 4.71619 1.72977 89841 0 1.92404 0.44219 0
30.1163 -11.3586 -0.0614653 0.813267 0.795882 1.69084 92992 0 2.03709 0.437918 1
26.1051 24.4927 1.00358 2.063 4.53851 1.42071 145395 0 1.88693 0.437291 0
58.0753 6.90051 -0.325471 2.0601 4.70888 1.80799 119755 0 1.9388 0.427866 0
-63.8771 31.8448 2.08995 2.06358 4.57369 1.65522 155878 0 -0.900317 0.426721 0
63.5221 -13.9128 -1.88569 2.0775 4.63931 1.61718 89352 0 1.88419 0.424173 0
-19.7685 30.1452 1.05495 1.99364 4.60777 1.52965 153676 0 -1.05096 0.424103 0
-21.2263 59.1062 1.92718 1.94932 4.40809 1.59415 195791 0 1.85213 0.418903 0
-71.2518 16.2217 2.07514 1.97424 4.31966 1.60884 132923 0 0.380173 0.416521 0
-6.54657 74.1391 1.60889 1.95271 4.51934 1.59057 217833 0 1.73532 0.415245 0
61.6202 0.100746 -0.86232 0.828376 0.908947 1.78388 109938 0 -1.15775 0.414186 1
-7.61073 36.8667 1.16194 2.08907 5.00567 1.53327 163542 0 3.11901 0.41232 0
5.64046 35.4187 1.32127 2.04071 4.59325 1.65991 161243 0 2.24795 0.411803 0
-35.3879 31.1712 1.36818 1.9821 4.42307 1.57993 155031 0 -1.03385 0.40957 0
29.3958 -9.78815 -0.0212651 0.801442 0.837713 1.71409 95329 0 -1.19064 0.409283 1
-35.6518 31.1891 1.37662 2.04127 4.6447 1.59874 155030 0 1.71187 0.406649 0
51.935 6.21948 -0.544179 2.04495 4.60118 1.56666 118800 0 -1.15015 0.399735 0
35.1382 -13.8902 -0.232236 0.865057 0.91669 1.72829 89263 0 -1.153 0.393964 1
25.4247 25.0757 0.932101 2.06945 4.64382 1.35395 146329 0 1.8835 0.393444 0
56.7815 -22.2513 -0.212885 2.85802 6.76951 3.00948 77163 0 1.89432 0.392754 0
32.0511 -10.6826 -0.201742 0.840752 0.920957 1.6591 93934 0 -0.327991 0.392377 1
-7.78227 47.5611 1.5995 2.30917 5.50873 1.84081 178985 0 -1.05497 0.391648 0
-64.4691 32.1546 2.14822 1.99718 4.40972 1.66849 156344 0 -0.929688 0.390549 0
-61.4017 14.9649 2.02368 0.88664 0.855425 1.73169 131082 0 -1.155 0.388423 1
56.9055 10.7463 0.856445 0.817683 1.90018 1.79636 125367 0 0.516018 0.385008 2
27.9468 49.1006 1.17759 2.06766 4.81663 1.64506 181437 0 -1.24966 0.383486 0
55.929 30.5855 0.0307966 0.816016 1.59655 1.75287 154380 0 0.146814 0.375977 2
30.1849 -7.64208 -0.0646619 0.908591 0.885278 1.56377 98608 0 0.644565 0.373056 1
-21.5823 59.384 1.90499 1.92809 4.38405 1.61923 196258 0 2.20405 0.372886 0
35.9991 18.74 0.351781 1.86283 4.07615 1.51029 137002 0 -1.28715 0.372396 0
26.9986 -8.85046 0.0474302 0.882749 0.956482 1.73158 96726 0 -2.78942 0.370818 1
32.5354 63.8124 1.84761 1.95665 4.34938 1.93694 202979 0 -1.16792 0.367628 0
56.0555 30.5872 0.0475094 0.832058 1.68174 1.74539 154381 0 -0.28395 0.367015 2
-6.8194 74.3677 1.73874 2.21085 5.64804 1.759 218300 0 1.85893 0.366429 0
31.9014 -10.5169 -0.176603 0.856844 0.923358 1.64726 94401 0 -0.245582 0.366416 1
47.7187 4.36885 -0.17987 0.855553 0.896068 1.73661 115979 0 0.560153 0.363415 1
25.1789 33.6762 1.5348 0.733913 0.708551 1.7265 158964 0 1.92024 0.358951 1
-10.471 33.7461 1.29538 0.795016 0.759283 1.63998 158853 0 -2.26516 0.357442 1
26.9369 45.9789 1.34829 2.26305 5.25519 1.91548 176754 0 -1.22988 0.356204 0
33.419 12.5919 0.21784 2.04666 4.49016 1.73844 128102 0 -1.31145 0.355558 0
47.589 4.52049 -0.151476 0.863558 0.966375 1.72048 116446 0 0.396854 0.349715 1
50.1072 3.95168 -0.297707 2.1718 5.12173 1.82321 115518 0 -1.1623 0.348759 0
-10.7158 33.9706 1.25772 0.741078 0.781168 1.62992 159320 0 -1.93606 0.347768 1
32.7996 12.0326 0.225754 2.00989 4.57829 1.66068 127164 0 -1.28663 0.346249 0
22.0056 15.8298 0.981951 0.815121 0.896359 1.67375 132746 0 2.0332 0.341796 1
-31.2815 35.0274 1.59334 2.06485 4.53394 1.84518 160660 0 -1.01274 0.338966 0
0.800011 28.6944 1.37144 2.24935 5.01153 1.78905 151400 0 2.2707 0.337798 0
22.1565 15.8311 0.977567 0.851753 0.978406 1.69069 132747 0 2.02883 0.33141 1
21.949 67.1017 1.36231 2.04966 4.75141 1.59159 207626 0 1.92952 0.330385 0
22.234 16.2211 0.972442 1.62462 3.13971 1.71657 133215 0 1.98122 0.330256 0
56.1156 -1.79365 -0.491088 2.15124 4.84681 1.69673 107113 0 1.90758 0.329587 0
20.0073 61.7041 1.45881 1.96147 4.40811 1.77313 199664 0 2.26339 0.32864 0
5.96516 35.0948 1.35997 1.92764 4.21839 1.64869 160776 0 2.45231 0.326023 0
-8.83952 66.6431 1.91403 2.46551 5.99959 1.96071 207062 0 -0.928076 0.325859 0
-59.9024 13.8341 1.9094 0.828977 1.76706 1.84148 129682 0 -3.11664 0.325458 2
-10.9049 33.7705 1.29204 0.775561 0.705185 1.67809 158851 0 -1.75131 0.320265 1
-10.1038 33.742 1.18126 0.668699 0.701748 1.50281 158854 0 -2.39534 0.317835 1
26.9904 -9.05566 0.0691436 0.883519 0.989905 1.74694 96258 0 -2.79921 0.314823 1
29.913 35.7194 1.0579 1.78558 4.15748 1.46694 161787 0 1.94383 0.314493 0
55.2287 -2.00522 -0.547805 2.05355 4.6029 1.63354 106642 0 1.96381 0.311919 0
29.9108 -11.5796 0.000616491 0.887829 0.88785 1.75913 92523 0 2.00615 0.311711 1
29.5345 -9.99612 0.0317924 0.780751 0.867753 1.7615 94862 0 0.254113 0.311091 1
-4.91225 41.966 1.14866 2.16925 5.11677 1.52272 171038 0 2.18526 0.309877 0
29.556 -9.55552 -0.0277182 0.812351 0.862986 1.69628 95798 0 -1.05736 0.308767 1
-56.1404 32.7996 1.73241 2.10242 4.85613 1.68852 157306 0 2.12019 0.308363 0
33.4435 12.0262 0.244384 2.06091 4.60194 1.7304 127166 0 -1.25051 0.307946 0
61.6236 -0.0526733 -0.866959 0.851593 0.932352 1.78056 109470 0 -1.41851 0.307358 1
-61.4982 15.0677 2.00806 0.886055 0.866194 1.71572 131549 0 1.92451 0.307312 1
20.2656 26.9295 0.939036 2.02037 4.57978 1.55328 149121 0 -1.27633 0.305437 0
3.9793 29.9484 0.999916 2.12583 4.82311 1.54209 153282 0 -0.957992 0.30421 0
70.5101 -13.3403 -1.35471 2.1485 4.96281 1.7539 90310 0 1.95466 0.302662 0
27.4218 48.5548 1.16602 1.95327 4.43188 1.58055 180499 0 -1.21617 0.298699 0
-10.7052 33.5568 1.31541 0.767044 0.713192 1.64553 158384 0 -1.59704 0.298552 1
29.9521 -11.1543 -0.0429825 0.796993 0.805454 1.685 93459 0 2.5405 0.297828 1
4.41194 32.835 1.05459 2.04974 4.65508 1.52929 157495 0 -1.18639 0.296959 0
25.1784 33.5648 1.41149 0.738234 0.695568 1.67802 158496 0 1.86793 0.296296 1
35.158 -13.651 -0.279424 0.907481 0.933395 1.73101 89731 0 -1.22919 0.296275 1
56.172 1.65699 -0.747702 1.99793 4.42504 1.5792 112261 0 1.88037 0.294933 0
-35.9301 31.1942 1.38539 2.16171 5.02753 1.67981 155029 0 2.09608 0.294867 0
-18.8671 19.0805 0.894602 0.903787 0.894836 1.65203 137299 0 -0.940497 0.294126 1
-1.74339 47.1448 1.55055 2.13305 5.00524 1.72901 178536 0 2.12379 0.293743 0
61.2604 -23.8294 0.0935495 3.18144 12.9012 3.57275 74837 0 -1.15509 0.293611 0
40.7638 13.9643 0.268526 1.95658 4.45588 1.62194 129997 0 1.81887 0.293492 0
32.4846 11.7176 0.263272 2.00075 4.48527 1.64617 126695 0 -1.27497 0.291743 0
30.0717 -7.8185 -0.0325851 0.951171 0.903678 1.51277 98139 0 0.646669 0.291407 1
-12.9722 7.40935 1.0333 0.808367 0.904156 1.74222 120469 0 -1.94766 0.289556 1
-10.3545 34.4927 1.19103 1.76812 3.81092 1.62332 159789 0 -0.957631 0.28412 0
22.8082 16.8764 1.00797 0.938593 1.05172 1.62621 134153 0 1.08417 0.280821 1
61.2629 15.237 -0.193358 2.26311 5.3139 1.91182 131933 0 -1.23003 0.280173 0
-35.6678 31.4421 1.4197 2.18372 5.0538 1.71049 155498 0 0.517655 0.279972 0
35.3092 -14.1175 -0.218015 0.886367 0.978205 1.75846 88796 0 -1.26637 0.279442 1
71.8365 -7.52364 -1.29938 2.01293 4.46772 1.60427 98738 0 2.14217 0.277235 0
35.5501 -13.5709 -0.314503 0.883461 0.96313 1.71829 89733 0 -1.21349 0.277195 1
-6.58506 74.7125 1.57487 2.12273 4.97228 1.76052 218769 0 -1.35669 0.276148 0
40.912 29.6917 0.679136 1.85241 4.19396 1.57733 152929 0 -1.26805 0.274017 0
63.8089 0.486298 -0.62765 2.17804 4.97773 1.99899 110413 0 1.60933 0.273982 0
29.255 36.2271 1.05031 1.86053 4.24064 1.4636 162721 0 1.94389 0.272374 0
37.5908 21.6046 0.47942 1.90952 4.34507 1.47342 141219 0 -1.31444 0.272098 0
26.7952 -8.86396 0.062316 0.887416 0.993635 1.73075 96725 0 -2.04995 0.270921 1
22.6837 17.0634 1.01152 0.867219 0.9237 1.62162 134620 0 1.11157 0.270768 1
55.9176 30.7645 0.0589094 0.833904 1.69456 1.75713 154848 0 -0.17602 0.268304 2
41.7406 16.5175 0.315151 2.03535 4.50778 1.71801 133744 0 -1.30622 0.266677 0
25.2251 43.6633 0.980627 1.64708 3.60202 1.46099 173472 0 -1.22011 0.265538 0
35.5541 -13.3464 -0.383763 0.854345 0.908481 1.65744 90201 0 -1.19832 0.265431 1
35.2262 -12.5464 -0.36555 0.888315 0.893799 1.66892 91136 0 -1.25267 0.264133 1
-72.0749 16.4639 2.06059 2.21115 4.93067 1.82687 133388 0 0.550366 0.263878 0
35.0576 19.0317 0.349278 1.84608 4.16755 1.47451 137467 0 1.35456 0.261986 0
17.5118 21.0622 0.944856 1.96227 4.56447 1.47262 140220 0 1.90296 0.261828 0
29.2941 -10.6503 0.151362 0.877359 0.912724 1.89207 93925 0 2.08854 0.260757 1
25.4893 35.3545 1.4336 0.702866 0.704251 1.6785 161305 0 0.74581 0.260735 1
69.6658 -13.5939 -1.45328 1.95736 4.42822 1.69868 89839 0 1.94481 0.260515 0
-2.35423 43.8167 1.26131 1.98567 4.5767 1.48082 173386 0 2.11372 0.259574 0
32.0603 -10.5064 -0.170527 0.869471 0.943999 1.65944 94402 0 -0.0073979 0.259071 1
57.5025 6.96715 -0.359434 1.85751 4.22805 1.72645 119753 0 1.95622 0.258181 0
3.09191 30.0221 1.03788 2.03409 4.55722 1.51379 153279 0 -0.972505 0.257616 0
65.3424 -11.5991 -1.04927 2.37738 5.66296 2.01527 92634 0 -1.17935 0.257324 0
-5.99116 74.0785 1.56086 1.89159 4.16898 1.54948 217835 0 -1.19781 0.257166 0
71.5361 -7.50889 -1.29242 1.93515 4.27163 1.58918 98737 0 1.87859 0.256885 0
31.9228 60.4119 1.55297 2.08182 4.73801 1.82699 197829 0 -1.23584 0.254552 0
56.0832 30.7702 0.0572489 0.828801 1.75173 1.72862 154849 0 -0.541261 0.254043 2
37.9178 21.3036 0.477949 1.90497 4.26756 1.49074 140752 0 -1.28585 0.253738 0
-37.6252 28.6318 1.30916 1.9647 4.33587 1.55512 151280 0 2.20279 0.253651 0
46.5516 27.9885 0.581973 1.84806 4.22792 1.50544 150607 0 1.85424 0.253244 0
62.5849 14.8406 -0.147771 2.05965 4.62792 1.75419 131469 0 -1.22333 0.253214 0
26.8064 -9.05264 0.0674767 0.885866 1.02773 1.73169 96257 0 -1.90564 0.251686 1
22.1702 15.6084 1.00819 0.852487 0.886471 1.70053 132279 0 2.70567 0.251242 1
18.6266 59.3014 1.26613 2.11384 5.06344 1.62627 196384 0 -2.75231 0.248929 0
-21.978 59.9337 1.94111 2.39698 5.64318 1.91092 197193 0 2.19882 0.248619 0
22.8474 17.3227 1.02208 0.836506 0.877678 1.62711 135089 0 0.263589 0.247548 1
-19.2405 19.0939 0.926655 0.889855 0.861582 1.61015 137297 0 -0.966759 0.247506 1
-7.39277 -5.22933 1.93853 0.79418 0.834074 1.75329 101766 0 2.66383 0.246569 1
-59.808 13.6605 1.8755 0.825189 1.37712 1.83364 129215 0 3.09778 0.246166 2
25.3193 33.6861 1.48873 0.7384 0.721049 1.72902 158965 0 1.83743 0.245227 1
37.2927 21.3098 0.421226 1.89048 4.28617 1.45326 140750 0 -1.29039 0.245206 0
38.6348 6.33466 -0.107845 2.08653 4.90074 1.72725 118758 0 1.82544 0.243192 0
71.8536 -7.79713 -1.31659 1.96955 4.38221 1.58809 98270 0 -1.56545 0.243147 0
-3.10736 -12.9608 0.688323 0.739847 0.727275 1.52554 90548 0 -2.40507 0.242706 1
37.5312 -15.9647 -0.359617 0.873101 0.905907 1.68759 86463 0 1.91702 0.242245 1
6.22381 63.2342 1.47863 1.95962 4.40199 1.50153 201961 0 0.584941 0.240496 0
31.8631 -10.9245 -0.185409 0.867049 0.947209 1.69421 93465 0 -0.988343 0.240453 1
30.1684 35.9271 1.13315 1.80455 4.26384 1.52653 162256 0 1.95856 0.24045 0
56.4618 -2.36839 -0.515481 2.13641 4.8071 1.70857 106178 0 1.97052 0.240247 0
-35.3354 30.6147 1.33007 1.71758 3.79586 1.45073 154095 0 -1.08498 0.239611 0
70.8675 -11.0229 -1.47543 1.91646 4.18915 1.56114 93587 0 1.99475 0.238411 0
41.7758 32.486 0.537418 2.05004 4.60082 1.55006 157144 0 -1.33684 0.238113 0
21.9982 15.6195 1.01266 0.849618 0.880255 1.70768 132278 0 1.93326 0.237068 1
33.4544 63.3041 1.74355 2.42226 6.01053 2.14571 202046 0 -1.12831 0.237064 0
-1.37273 -13.5808 0.663903 0.861398 1.76463 1.62799 89617 0 1.59623 0.23627 2
72.1092 -7.53316 -1.35211 2.11629 4.74138 1.67963 98739 0 1.63833 0.235685 0
-6.87994 74.7223 1.66015 2.29226 5.66162 1.85631 218768 0 -3.09733 0.233989 0
61.8063 0.115135 -0.87323 0.877459 1.13775 1.87397 109939 0 -1.07567 0.233705 1
19.6973 62.4515 1.44832 2.35788 5.62252 1.90643 201067 0 1.99303 0.232675 0
3.99099 18.7622 0.832449 2.11255 4.83301 1.60146 136902 0 2.00948 0.232471 0
-6.34676 39.5071 1.42009 1.86108 3.90466 1.54097 167290 0 2.23044 0.232422 0
-3.23773 -13.8412 0.859413 0.782588 0.695749 1.5743 89143 0 -1.52625 0.231354 1
30.6694 36.8827 1.2676 0.808412 0.782995 1.73257 163661 0 1.86606 0.231127 1
5.92228 31.8741 1.08291 2.05733 4.60811 1.57067 156096 0 -0.962424 0.230148 0
29.3724 -10.0217 0.0410424 0.774701 0.836853 1.73923 94861 0 -0.935914 0.230142 1
47.7181 4.52312 -0.191785 0.886802 1.05816 1.74987 116447 0 0.511733 0.228757 1
30.6869 36.7226 1.29128 0.800062 0.791052 1.73379 163193 0 1.71068 0.227707 1
5.73164 24.8442 1.10637 2.25112 5.40545 1.74148 145799 0 2.09592 0.22769 0
36.9881 21.6003 0.464078 1.89681 4.37788 1.45368 141217 0 -1.31954 0.227146 0
5.93761 63.477 1.46701 2.07364 4.68834 1.53613 202428 0 0.41005 0.225596 0
32.5382 12.5973 0.236322 1.99666 4.46505 1.64381 128099 0 -1.29456 0.225354 0
4.30849 62.908 1.48751 1.9821 4.48804 1.52545 201487 0 -1.00848 0.224583 0
-23.2734 28.0075 1.07188 0.764789 0.757494 1.62368 150389 0 -0.814437 0.224129 1
-12.2893 33.0158 0.988815 1.94244 4.91886 1.44732 157911 0 2.18904 0.222963 0
63.2539 -13.6829 -1.87172 1.89925 4.14476 1.53697 89819 0 1.65281 0.222264 0
42.4027 36.3143 0.745287 1.96293 4.41892 1.63992 162762 0 -1.34337 0.221998 0
-35.6732 30.613 1.3261 1.80497 4.0564 1.47347 154094 0 1.79653 0.22175 0
-54.2821 7.2311 1.01582 0.787809 0.992518 1.62379 119872 0 -1.21628 0.219777 1
-25.4295 47.8507 1.2824 1.99246 4.53314 1.55159 179398 0 2.1645 0.21947 0
27.9715 49.704 1.2192 2.00013 4.62949 1.62876 182373 0 -1.27967 0.219248 0
-43.4062 23.469 1.49563 2.04967 4.62386 1.7586 143774 0 2.2003 0.218839 0
-6.00591 74.354 1.56697 2.03202 4.715 1.6046 218303 0 -1.01759 0.217884 0
57.1046 7.44466 -0.2641 2.20343 4.91269 1.91012 120688 0 1.94513 0.217337 0
39.6119 14.4987 0.225123 1.92962 4.36521 1.64417 130929 0 1.83474 0.217316 0
61.2736 -24.0844 0.177954 3.22642 14.0111 3.65267 74369 0 -1.01133 0.217263 0
29.2993 -11.9651 0.0462776 0.801205 0.846104 1.6631 92053 0 2.08461 0.215658 1
-59.45 28.8831 1.77617 2.01089 4.48857 1.70234 151680 0 2.27484 0.214573 0
18.6395 59.1237 1.24105 2.05952 4.98865 1.6124 195916 0 -1.42475 0.214316 0
-35.9824 30.5987 1.32092 1.93735 4.3985 1.52866 154093 0 2.14179 0.214223 0
35.3585 19.0027 0.345438 1.8606 4.24767 1.50142 137468 0 -1.28989 0.213464 0
38.2409 20.9979 0.508288 1.98772 4.47935 1.50344 140285 0 -1.24958 0.213087 0
-19.9515 19.0846 0.899131 0.845046 0.925132 1.45018 137295 0 -0.741056 0.21279 1
38.5488 21.2769 0.541418 1.99699 4.42064 1.53577 140754 0 -1.29508 0.212491 0
68.6543 -6.59797 -1.02462 2.10903 4.94598 1.70241 100132 0 -1.30741 0.212083 0
40.4285 14.4785 0.275591 1.94001 4.39759 1.64652 130932 0 1.80264 0.211628 0
-18.8448 19.3005 0.865681 0.756054 0.825633 1.52282 137767 0 -0.792161 0.211032 1
30.1523 -11.1432 -0.0512095 0.834923 0.836669 1.70235 93460 0 2.206 0.210189 1
5.51682 32.3928 1.02134 2.04257 4.66102 1.52954 157031 0 -0.982165 0.209809 0
36.5915 18.7149 0.351566 1.94719 4.37968 1.57761 137004 0 -1.36327 0.209732 0
63.5518 0.18412 -0.643007 2.0787 4.62022 1.9585 109944 0 1.69672 0.209429 0
35.3358 -13.0615 -0.399602 0.802553 0.833519 1.57357 90668 0 -1.26007 0.209352 1
56.8603 10.4783 0.855783 0.856677 1.86998 1.79003 124899 0 0.47173 0.209085 2
35.1613 -13.3052 -0.362113 0.833484 0.83566 1.64211 90199 0 -1.22639 0.208516 1
29.8215 -9.76208 -0.032423 0.821297 0.846629 1.70312 95331 0 0.145415 0.207576 1
38.2141 21.5854 0.546751 1.95337 4.39351 1.4998 141221 0 -1.30128 0.207547 0
-21.0362 59.2429 1.89538 2.30308 5.10084 1.75018 196260 0 -1.51457 0.207157 0
39.1929 21.2861 0.590048 2.05533 4.54691 1.59001 140756 0 -1.32695 0.20612 0
55.9027 -21.8731 -0.190566 2.52156 5.67618 2.69779 77628 0 -1.15675 0.206031 0
63.8251 -0.138184 -0.674484 2.16969 4.93832 1.9589 109477 0 1.75863 0.204511 0
-56.4153 32.5133 1.72768 2.16074 5.07091 1.72544 156837 0 2.1102 0.203968 0
35.1028 -14.1354 -0.214528 0.877664 0.966515 1.72799 88795 0 -1.25538 0.20344 1
30.2033 -8.03249 -0.0597234 0.862552 0.866538 1.52301 97672 0 0.633236 0.203197 1
-6.24021 73.8577 1.62628 1.77084 3.97354 1.49528 217366 0 -1.3835 0.202044 0
31.6263 -10.7221 -0.155504 0.882102 0.94391 1.69635 93932 0 -0.9895 0.20141 1
21.6692 16.544 0.917014 1.87073 4.29012 1.52683 133681 0 1.9272 0.200251 0
31.0827 36.7106 1.28163 0.834043 0.853443 1.71617 163195 0 0.897782 0.199609 1
-9.06512 47.5139 1.55809 0.791807 0.808053 1.72022 178981 0 -0.974159 0.199398 1
20.0827 65.0917 1.4115 1.99884 4.49808 1.60785 204812 0 -1.6014 0.198806 0
37.2938 21.8827 0.486165 1.88992 4.23177 1.46807 141686 0 -1.33681 0.198791 0
37.5978 21.0064 0.433553 1.8844 4.15577 1.44015 140283 0 -1.23885 0.198781 0
-24.8237 47.8502 1.2626 2.0283 4.59107 1.55032 179400 0 2.17375 0.198387 0
37.5164 -16.3541 -0.384685 0.896108 0.955171 1.6929 85527 0 1.36865 0.198277 1
-2.10522 43.7627 1.24207 2.0655 4.73824 1.48655 173387 0 -2.76759 0.198219 0
3.02657 30.7901 1.05221 2.1001 4.83548 1.53784 154683 0 -1.02645 0.198169 0
30.1325 -11.5768 -0.0642803 0.844938 0.852107 1.69149 92524 0 2.06264 0.198052 1
29.3133 -10.5248 0.136948 0.892487 0.933999 1.88899 94393 0 2.12479 0.197408 1
39.2015 62.2141 1.99908 2.15219 4.88192 1.88222 200660 0 1.50714 0.197017 0
42.0781 36.618 0.759331 1.97894 4.45563 1.63466 163229 0 -1.46273 0.196945 0
41.0686 14.1756 0.303252 1.9771 4.33806 1.63315 130466 0 1.82969 0.196723 0
60.6511 15.498 -0.135398 2.15644 4.97663 1.86421 132399 0 1.66814 0.196523 0
37.8928 21.8753 0.547584 1.93554 4.36715 1.51409 141688 0 -1.33805 0.196357 0
-24.6657 -2.48891 0.440424 1.93768 4.129 1.54718 105924 0 0.353437 0.196128 0
71.5596 -7.78313 -1.29076 1.89485 4.19162 1.57866 98269 0 2.17194 0.196043 0
-35.9465 31.4645 1.43104 2.26959 5.45687 1.81447 155497 0 1.87271 0.195371 0
4.95286 29.2895 1.0677 2.12694 4.8563 1.57199 152349 0 -0.962401 0.194212 0
-55.8813 33.0495 1.73068 2.15791 4.90385 1.71852 157775 0 2.1828 0.194023 0
34.791 19.0564 0.351668 1.85853 4.16954 1.46672 137466 0 1.66964 0.193842 0
35.5611 -13.872 -0.265096 0.865356 0.956456 1.73698 89265 0 -0.984316 0.193547 1
50.7209 6.78925 -0.488558 2.08381 4.66383 1.52104 119732 0 -1.15311 0.193358 0
-65.0624 32.4359 2.25902 2.18384 5.02755 1.81145 156810 0 -0.99083 0.192587 0
25.4989 24.5492 0.942242 2.11753 4.78829 1.45033 145393 0 1.87789 0.192073 0
56.6927 1.38139 -0.789093 2.29323 5.38723 1.80381 111795 0 1.88969 0.191916 0
1.06377 28.5861 1.38007 2.34948 5.0802 1.82507 151401 0 -2.6584 0.19188 0
29.3913 -9.55407 -0.0128644 0.837419 0.886783 1.68878 95797 0 -1.14824 0.191804 1
-55.5486 32.5113 1.73416 1.94631 4.2651 1.59245 156840 0 2.09713 0.19147 0
35.0408 19.2831 0.37242 1.8583 4.19001 1.48582 137935 0 2.75506 0.191022 0
35.0966 -12.9547 -0.374447 0.792742 0.792945 1.5304 90667 0 -1.26546 0.190985 1
28.6969 35.758 1.04113 1.85884 4.2426 1.49525 161783 0 1.9156 0.190701 0
22.4965 67.0718 1.34779 1.86136 4.24289 1.52213 207628 0 1.92224 0.1896 0
25.3131 33.5508 1.4202 0.762845 0.723224 1.69006 158497 0 1.81659 0.189575 1
69.2612 -6.81931 -1.03963 1.89047 4.22197 1.57379 99666 0 1.76521 0.189225 0
70.5696 -10.4558 -1.46682 1.94546 4.27574 1.55642 94522 0 1.9315 0.188935 0
18.3095 21.293 0.91226 2.06685 5.02454 1.46385 140691 0 -1.50893 0.188064 0
42.3615 16.4618 0.289214 2.09467 4.63544 1.7441 133746 0 -1.38988 0.187694 0
38.8848 21.5768 0.565606 1.99805 4.42637 1.5265 141223 0 -1.32989 0.187501 0
-23.4104 28.0217 1.08921 0.76653 0.751328 1.64463 150388 0 -0.779473 0.187335 1
42.7051 36.0205 0.769417 2.06115 4.60893 1.67986 162295 0 -1.33235 0.187021 0
47.1658 27.6984 0.611391 1.90537 4.32742 1.53892 150141 0 1.83213 0.186869 0
17.8288 59.1348 1.31177 1.50543 3.51582 1.43683 195913 0 1.94861 0.186435 0
41.7686 36.3378 0.738468 1.99115 4.50261 1.61644 162760 0 1.51861 0.185961 0
45.9702 28.0471 0.561272 1.83574 4.12779 1.5269 150605 0 1.89467 0.185782 0
-1.96386 23.5994 0.919958 2.07892 4.71487 1.47693 143903 0 -0.962013 0.18433 0
57.7845 6.62096 -0.375503 1.55916 3.85193 1.69963 119286 0 2.00746 0.182974 0
35.0828 18.8014 0.350617 1.89479 4.21414 1.49041 136999 0 0.44554 0.181607 0
65.9833 -9.00232 -1.25273 2.27337 5.38813 1.8589 96380 0 -1.18316 0.181353 0
23.4201 19.5541 1.01772 2.3481 5.37657 1.68147 138367 0 -1.2581 0.180365 0
5.66573 63.2414 1.43528 1.87779 4.1858 1.43603 201959 0 0.00701733 0.180056 0
70.2756 -10.7194 -1.47342 1.89023 4.07386 1.54906 94053 0 1.9815 0.179976 0
42.102 36.0213 0.732852 1.96736 4.43205 1.60729 162293 0 -1.36335 0.179712 0
-14.5493 61.2352 1.90763 2.05619 4.61548 1.78144 199088 0 2.1972 0.179626 0
59.0323 6.60457 -0.221352 2.11521 4.81439 1.83093 119290 0 1.88584 0.179054 0
46.2896 27.7433 0.52408 1.8293 4.25872 1.49497 150138 0 1.88166 0.178506 0
-20.5511 30.0112 1.1133 1.5821 3.73178 1.50456 153205 0 -0.983051 0.178216 0
36.6485 21.9058 0.54016 1.94935 4.46281 1.46693 141684 0 -1.33679 0.178194 0
32.2144 12.2988 0.230056 1.95339 4.44011 1.63572 127630 0 -1.28882 0.178181 0
49.1496 57.4317 0.378544 0.820108 0.923231 1.7584 193671 0 0.628482 0.177762 1
-19.0122 18.8233 0.922435 0.931389 0.893836 1.63415 136830 0 -0.867854 0.176234 1
61.8123 -0.0737228 -0.884507 0.909744 1.2539 1.84416 109471 0 -1.37409 0.175856 1
39.2225 61.9744 1.98287 2.14206 4.88627 1.88732 200192 0 -1.21469 0.175749 0
-58.0655 40.1498 2.08371 2.1393 4.84297 1.79082 168064 0 1.65691 0.175684 0
63.2587 -14.1738 -1.94081 2.00609 4.37954 1.59739 88883 0 1.87469 0.175585 0
42.4106 35.706 0.749991 2.00783 4.40947 1.62109 161826 0 -1.31735 0.174724 0
34.0193 12.3132 0.259152 2.06661 4.53648 1.74676 127636 0 -1.31515 0.174451 0
-58.0476 39.5262 2.07433 2.16131 4.88103 1.78976 167128 0 1.25268 0.174313 0
-7.77821 36.4295 1.16708 1.98943 4.57749 1.50757 162605 0 0.474254 0.173376 0
42.3754 32.1974 0.573958 2.08175 4.69513 1.61665 156678 0 -1.33387 0.173157 0
-10.4026 34.0844 1.21933 0.826204 1.01199 1.5963 159321 0 -1.44769 0.173059 1
40.2111 17.0117 0.367182 2.02225 4.53622 1.68484 134675 0 1.77575 0.173053 0
55.8977 30.3524 0.0160484 0.825873 1.82185 1.7605 153912 0 0.379219 0.172399 2
-58.3878 27.3501 1.6611 1.57734 3.16239 1.58687 149343 0 -1.28091 0.17225 0
31.0811 36.8683 1.27265 0.867112 0.916687 1.72324 163663 0 2.42062 0.172137 1
-8.74782 47.1877 1.66081 0.823496 0.840444 1.73612 178514 0 -0.837976 0.171903 1
50.1065 6.92101 -0.400521 1.89845 4.3127 1.50567 119730 0 -0.82036 0.171255 0
-49.1986 20.014 0.556309 0.715047 0.794213 1.63356 138608 0 1.42973 0.170977 1
-17.4508 34.9428 1.27343 2.09461 5.00832 1.55361 160703 0 -1.00963 0.17097 0
-22.21 12.5719 0.687738 0.822148 1.13806 1.6194 127928 0 -1.07618 0.170796 2
-23.9881 -2.4476 0.410557 1.9207 3.98505 1.56889 105927 0 0.281772 0.170431 0
6.76283 24.7695 0.917468 1.76225 3.78926 1.45134 145803 0 2.15538 0.169928 0
4.58181 63.1608 1.47376 2.03387 4.54373 1.51239 201956 0 -0.819721 0.169251 0
41.7066 16.6806 0.312381 2.09342 4.72669 1.73085 134212 0 -1.66628 0.1691 0
-36.9609 40.4838 1.51587 2.03427 4.50626 1.59402 168598 0 -1.03929 0.168692 0
70.6055 -11.3188 -1.42013 1.87436 4.0937 1.54721 93118 0 2.01334 0.167603 0
-23.7387 25.227 1.05813 2.09954 5.00742 1.68802 146175 0 -0.980451 0.16697 0
35.7149 18.4771 0.324899 1.96732 4.33134 1.54194 136533 0 -1.15419 0.166589 0
26.0486 25.0381 0.985621 1.89102 4.0643 1.30336 146331 0 1.86607 0.166521 0
-0.212692 46.1906 1.53195 2.10057 4.68734 1.74357 177137 0 2.11265 0.166469 0
-40.7759 24.512 1.21696 1.89757 4.29549 1.53839 145186 0 2.27277 0.166395 0
41.106 13.6688 0.312453 2.00509 4.39794 1.65109 129530 0 1.84244 0.166242 0
-60.2197 28.6516 1.97249 2.22989 5.36941 1.89838 151209 0 2.18291 0.165999 0
-24.5028 48.1428 1.34987 2.0427 4.57159 1.58962 179869 0 1.96625 0.16564 0
33.7351 12.898 0.255687 2.03436 4.37839 1.72843 128571 0 -1.36454 0.16553 0
57.013 10.4968 0.87941 0.854704 1.90227 1.80692 124900 0 0.503281 0.165061 2
-25.4394 48.4476 1.46211 2.07371 4.67958 1.60572 180334 0 2.1527 0.164956 0
41.7497 36.9272 0.733849 2.01184 4.52835 1.64284 163696 0 1.94564 0.164952 0
29.5441 -11.9712 0.0215949 0.84495 0.895954 1.72133 92054 0 2.13791 0.164249 1
39.4789 21.5885 0.637364 2.16045 4.84652 1.61275 141225 0 -1.3237 0.164214 0
25.6441 35.3586 1.47804 0.727713 0.74637 1.69944 161306 0 0.73186 0.163889 1
42.0638 32.7413 0.567169 2.05614 4.58947 1.57848 157613 0 -1.37502 0.163577 0
22.5844 16.79 1.01265 1.0997 1.42218 1.62575 134152 0 1.56935 0.163491 1
71.1284 -10.7356 -1.53262 2.01143 4.37982 1.60961 94056 0 1.89898 0.163433 0
33.1288 11.4314 0.274108 2.01473 4.51785 1.6753 126229 0 -1.24064 0.163102 0
32.7807 60.0864 1.44637 2.40437 5.91694 2.06783 197364 0 -1.18527 0.163079 0
21.8935 67.5844 1.46321 2.17493 5.0565 1.72957 208562 0 1.96543 0.162844 0
64.0988 0.763123 -0.655875 2.35938 5.69392 2.09773 110882 0 1.5666 0.162057 0
17.7428 68.884 1.3996 0.735158 0.756323 1.56297 210421 0 -1.76009 0.161867 1
36.9936 21.0181 0.42178 1.85078 4.28673 1.4607 140281 0 -1.20603 0.161411 0
42.7067 36.6051 0.77245 2.01288 4.49577 1.65353 163231 0 -1.38992 0.161405 0
-58.4108 27.6371 1.66748 1.97281 4.70142 1.59106 149811 0 -1.62455 0.16129 0
34.0183 63.5038 1.6737 2.65869 6.90999 2.34838 202516 0 -1.21595 0.160838 0
-19.6989 19.0762 0.882843 0.782513 0.785908 1.45865 137296 0 -0.893142 0.16003 1
-4.30628 -13.9229 1.17853 0.765247 0.698778 1.78513 89140 0 -1.53888 0.159986 1
-34.8114 30.844 1.34053 1.88471 4.05133 1.55297 154565 0 -0.972631 0.159704 0
56.7515 -2.10052 -0.503756 2.08726 4.69355 1.68354 106647 0 1.90715 0.159645 0
29.3967 54.9564 1.42986 1.82058 3.95628 1.73091 189865 0 -1.14452 0.159197 0
-0.771645 26.311 1.07738 2.11744 4.76906 1.42418 148119 0 -0.956464 0.158991 0
43.0151 36.3179 0.784647 2.07452 4.69016 1.71901 162764 0 -1.37099 0.158852 0
-63.4733 31.2628 2.06293 2.11344 4.64381 1.66278 154943 0 -0.897161 0.158819 0
36.6709 21.314 0.460172 1.90216 4.50399 1.48423 140748 0 -1.26965 0.158766 0
72.1351 -8.11565 -1.38477 2.08726 4.68291 1.66173 97803 0 -1.42064 0.158711 0
-10.9755 34.005 1.28318 0.702645 0.691119 1.59597 159319 0 -1.94921 0.158604 1
-24.8101 48.4619 1.44509 2.0372 4.52433 1.58911 180336 0 2.21138 0.158226 0
31.1272 0.492592 2.21743 0.779829 0.830667 1.7312 110311 0 -0.376586 0.157832 1
-24.1712 47.8526 1.30792 2.00246 4.49174 1.58827 179402 0 1.73015 0.157728 0
22.0166 16.1931 0.964123 1.2793 2.20321 1.67102 133214 0 1.97481 0.157652 0
-7.14526 8.55895 1.00484 0.793155 1.05738 1.58932 121891 0 -1.18044 0.157508 1
17.4447 56.6816 1.17768 2.3246 5.48992 1.69004 192636 0 1.94476 0.157368 0
46.2672 -24.1141 0.228261 0.890147 1.91355 1.80262 74322 0 -1.70412 0.157078 2
-24.8217 47.2259 1.23262 1.94907 4.44564 1.51351 178464 0 1.88433 0.156573 0
-44.1234 27.5935 1.49748 1.98316 4.1228 1.60965 149856 0 -0.769106 0.156347 0
-59.3706 28.0625 1.76498 1.94765 4.2803 1.64832 150276 0 2.16365 0.156343 0
70.8892 -7.24407 -1.29721 2.01069 4.41222 1.62265 99203 0 1.8864 0.155051 0
63.2527 0.766121 -0.629754 2.01868 4.42547 1.9105 110879 0 1.57268 0.154578 0
-7.19574 74.7431 1.7622 2.35534 5.85044 1.95587 218767 0 2.39551 0.154456 0
32.828 12.8701 0.245673 2.05454 4.57995 1.68037 128568 0 -1.30258 0.154305 0
-7.13471 74.1319 1.74166 2.21017 5.30361 1.77205 217831 0 1.7864 0.154185 0
-71.7828 15.9109 2.11134 2.30429 5.18285 1.85155 132453 0 0.445286 0.154093 0
-8.86887 47.4866 1.60653 0.834583 0.926905 1.76478 178982 0 -1.02737 0.153627 1
56.183 -2.64965 -0.545454 2.15269 4.85907 1.71298 105709 0 1.99677 0.153203 0
-58.7246 27.6725 1.68996 2.01869 4.72864 1.6109 149810 0 2.31655 0.153139 0
-14.1302 60.7393 1.91679 2.18505 5.29244 1.88448 198153 0 2.20008 0.152568 0
-54.4422 7.19106 1.05 0.835062 1.48484 1.66415 119871 0 -1.22199 0.152312 2
56.1002 30.3344 0.0360484 0.825227 1.82196 1.76231 153913 0 -0.0619914 0.151595 2
-54.3227 31.5877 1.48358 0.851263 0.925348 1.63793 155440 0 -0.58087 0.151517 1
-8.38116 37.0066 1.17564 1.97892 4.61314 1.55544 163539 0 2.15235 0.150724 0
20.0425 29.3941 1.18843 2.10798 5.24264 1.90626 152396 0 -1.23338 0.150696 0
17.8585 55.9585 1.13395 1.73013 4.06785 1.47985 191233 0 1.94353 0.150397 0
46.2839 -23.8973 0.226846 0.899198 1.93248 1.80031 74790 0 -0.81657 0.150103 2
41.1451 32.7964 0.555487 1.95733 4.40419 1.51591 157610 0 -1.37464 0.149922 0
61.9596 14.9181 -0.15514 1.91212 4.21164 1.71281 131467 0 -1.20509 0.149299 0
31.9144 12.0029 0.260246 1.86567 4.04866 1.594 127161 0 -1.25422 0.148545 0
-24.4996 47.5457 1.25431 1.93637 4.43143 1.52816 178933 0 1.82932 0.148379 0
