-7.2522 17.1409 0.75601 2.0493 4.59747 1.46983 134527 0 -1.0007 0.946023 0
-0.146309 10.7276 1.01908 2.07881 4.69337 1.54581 125189 0 1.91676 0.937433 0
30.2843 6.5755 0.461146 2.1577 4.97194 1.8995 119200 0 -1.27284 0.931502 0
-21.8054 -3.11647 0.462815 2.33484 5.06587 1.94482 104997 0 0.320703 0.927085 0
-5.64338 19.3604 0.944975 2.12544 4.86426 1.84685 137808 0 2.156 0.920675 0
1.41873 13.9199 1.08726 2.12021 4.755 1.84058 129874 0 1.97203 0.917362 0
-17.1358 25.4528 1.19091 2.04812 4.65751 1.7074 146664 0 2.11494 0.91221 0
-29.6455 -0.535797 0.571191 2.118 4.76018 1.61521 108717 0 0.277718 0.909276 0
17.7433 8.56696 0.905075 2.03358 4.6603 1.88508 121969 0 1.89422 0.907617 0
-27.321 -1.76161 0.470301 2.0405 4.53822 1.60026 106852 0 0.322114 0.897423 0
-29.2854 15.8715 1.10138 2.11842 4.65388 1.82351 132586 0 -0.963475 0.895565 0
-15.2647 27.6133 1.05042 2.06915 4.7487 1.47969 149946 0 2.12514 0.893353 0
-10.3109 12.3313 0.619073 2.12243 4.85144 1.50157 127497 0 -0.975628 0.893017 0
-21.2165 18.422 0.840513 1.9777 4.42531 1.46301 136355 0 -0.981916 0.892255 0
18.3928 24.1542 1.20186 2.16196 5.00707 1.78011 144903 0 -1.26068 0.889717 0
-44.6861 10.9346 1.13166 2.08188 4.5524 1.53024 125518 0 -1.17903 0.881562 0
-17.8393 22.9029 0.977945 1.90596 4.39525 1.49456 142918 0 2.11446 0.880153 0
4.03519 21.9172 1.24847 2.28997 5.22179 2.00477 141582 0 2.00332 0.879614 0
2.73707 16.1293 1.1307 2.20021 4.91919 1.89542 133154 0 1.99495 0.869674 0
37.3463 3.31958 -0.0260261 2.04402 4.61286 1.54106 114542 0 1.91763 0.868152 0
48.5531 -2.47121 -0.277791 1.92408 4.16307 1.67183 106153 0 -1.16188 0.867242 0
-66.9981 13.5128 1.9009 2.07791 4.74502 1.61102 129192 0 0.363319 0.864695 0
49.7926 0.231804 -0.457579 1.99073 4.60014 1.5394 109901 0 1.89881 0.86221 0
15.9021 18.7521 0.964659 1.95134 4.61823 1.47803 136939 0 -1.27935 0.857727 0
-7.48699 39.8546 1.38366 2.14024 4.92967 1.61096 167754 0 2.20803 0.855575 0
-8.36776 14.5046 0.679321 1.99566 4.60065 1.46718 130779 0 -1.06456 0.850216 0
-48.1297 22.259 1.36501 1.92793 4.26489 1.57722 141887 0 2.20343 0.845013 0
17.0623 56.4191 1.24552 2.07951 4.78822 1.53639 192167 0 1.91591 0.843864 0
64.515 -11.0284 -1.01017 2.02784 4.51361 1.86881 93567 0 -1.18439 0.838253 0
-19.7386 20.6963 0.912605 1.96556 4.55998 1.47747 139636 0 2.13546 0.837785 0
17.1176 21.5143 0.996372 1.97153 4.65351 1.42906 141155 0 1.88564 0.837318 0
-13.6942 29.8345 1.29276 2.11589 4.77103 1.72291 153227 0 2.15444 0.837177 0
19.413 11.2878 0.795634 1.94713 4.33357 1.61432 126186 0 1.94647 0.834799 0
-59.4174 16.2403 1.64805 2.13774 4.52651 1.65301 132960 0 -1.22884 0.833866 0
-24.7657 -2.73883 0.369019 1.99196 4.33654 1.56096 105456 0 0.325533 0.831988 0
13.1832 10.1911 0.850061 1.98196 4.64518 1.52865 124295 0 -1.18153 0.826721 0
-26.3991 20.3726 1.20125 2.18484 5.22906 1.76242 139147 0 -1.03291 0.82383 0
-45.2136 27.4254 1.43914 2.15857 4.68907 1.67559 149384 0 -0.940275 0.823755 0
-39.8272 26.7753 1.34496 1.9802 4.52514 1.53847 148465 0 2.20116 0.822863 0
25.7815 27.6994 1.30893 2.13918 4.69987 1.73799 150074 0 1.90787 0.816343 0
31.1513 9.46119 0.452219 2.12109 4.86988 1.82187 123415 0 -1.19492 0.814197 0
-3.75211 21.3072 1.10488 2.06022 4.34234 1.73505 140622 0 -1.01245 0.81354 0
-22.1489 27.765 1.12837 1.87455 4.36164 1.47767 149924 0 -1.03835 0.800799 0
-22.6096 15.1261 0.866654 1.84635 3.59469 1.57072 131671 0 -1.0967 0.798083 0
37.0349 -15.9078 -0.245671 0.904926 0.941512 1.72644 86461 0 2.04202 0.797683 1
1.16931 28.0481 1.40612 2.22726 4.92031 1.79758 150465 0 -0.983833 0.796133 0
14.5208 13.1732 0.877258 1.96406 4.57422 1.45657 128979 0 -1.22806 0.794436 0
20.5882 14.0237 1.0107 2.11285 4.88857 1.77557 129934 0 1.8971 0.793779 0
5.61713 24.793 0.988075 2.04111 4.68577 1.54194 145799 0 2.07931 0.793141 0
-59.7442 20.2705 1.84433 2.0551 4.4313 1.82172 139043 0 1.95899 0.779862 0
-44.2655 14.8189 1.17311 2.08958 4.70765 1.57654 131135 0 1.92401 0.773324 0
22.5191 19.5751 1.15988 2.08903 4.75488 1.56312 138364 0 -1.24002 0.770096 0
65.1776 -8.38138 -1.28058 1.95728 4.3998 1.55825 97313 0 -1.20089 0.765211 0
14.9346 16.0888 0.904503 1.82087 4.14513 1.44747 133192 0 -1.21708 0.762704 0
53.6312 -4.36337 -0.759064 1.92134 4.33776 1.53947 103361 0 1.94163 0.761544 0
-30.1829 40.1277 1.66154 2.35156 5.84868 1.89077 168151 0 -0.970621 0.758986 0
-0.732712 25.7418 1.05269 2.05109 4.73763 1.47142 147183 0 -0.94007 0.758433 0
-3.31956 44.0626 1.31549 1.96202 4.49953 1.47722 173851 0 2.17022 0.755658 0
-43.0358 22.4787 1.41995 2.13176 4.91647 1.81817 142371 0 -1.00082 0.754687 0
-19.436 18.9354 0.926093 0.84279 0.891996 1.66885 137297 0 -0.942785 0.754107 1
38.5376 6.86269 0.0369208 2.17739 4.95606 1.84759 119694 0 1.90577 0.751754 0
23.142 38.1539 1.25897 2.08884 4.71554 1.69469 165510 0 -1.27394 0.750086 0
19.3756 29.8355 1.28119 2.08677 4.85702 1.78818 153330 0 1.87569 0.748368 0
34.8387 -12.3531 -0.254684 0.884387 0.852939 1.62738 91602 0 -1.16199 0.745368 1
25.0949 43.6544 1.19737 1.98583 4.51037 1.62228 173472 0 -1.27913 0.743949 0
-25.0865 22.636 1.02599 1.94419 4.45773 1.55815 142427 0 -1.01979 0.740414 0
-12.9596 40.7655 1.43609 2.30286 5.54898 1.70069 169141 0 -0.969102 0.734872 0
-5.20628 41.5259 1.20357 1.87133 4.33961 1.42962 170101 0 2.17142 0.730533 0
-19.3389 32.4256 1.37769 2.11118 4.68361 1.64548 156953 0 -1.03959 0.726635 0
-69.3462 14.8518 2.03144 2.0068 4.45712 1.62772 131057 0 0.295348 0.720191 0
17.4266 59.43 1.45973 1.93623 4.53221 1.56462 196380 0 1.92078 0.719898 0
5.92827 34.7858 1.32732 2.12845 4.94701 1.84516 160308 0 -0.94743 0.715742 0
29.03 -11.4025 0.0622362 0.941502 0.977003 1.87962 92988 0 2.58072 0.714876 1
19.3717 26.7504 1.02632 2.0136 4.61194 1.50238 148650 0 -1.22836 0.714499 0
24.4363 41.1639 1.44942 2.04352 4.66255 1.82843 169726 0 -1.28966 0.71428 0
-64.5295 31.4759 2.02476 1.95263 4.27559 1.6109 155408 0 -0.981699 0.712605 0
-1.74926 23.2829 0.927704 2.02413 4.5504 1.42643 143436 0 -0.979233 0.706478 0
-21.6025 58.758 1.94995 2.12756 4.86791 1.62506 195322 0 -0.938529 0.698753 0
-20.6589 30.1549 1.1333 1.97688 4.54514 1.49125 153673 0 -1.06726 0.696908 0
25.7881 46.2419 1.41655 1.94478 4.21864 1.73713 177218 0 -1.27045 0.696889 0
31.5554 60.6014 1.67458 2.28057 5.47767 1.88203 198296 0 -1.164 0.688257 0
19.0855 61.9996 1.53712 2.13844 4.92121 1.7592 200129 0 1.90837 0.676974 0
22.2044 70.0054 1.97772 2.07661 4.58756 1.78686 211839 0 1.95758 0.67539 0
50.4388 3.756 -0.305097 1.98887 4.4684 1.6249 115051 0 -1.15276 0.673024 0
29.7166 -7.73959 0.0111332 0.967368 0.968354 1.64116 98138 0 0.648904 0.672969 1
-23.861 25.0469 1.10286 1.84134 4.24423 1.55749 146175 0 -1.02331 0.66872 0
56.501 11.084 0.993387 0.829539 2.08516 1.88647 125834 0 0.321004 0.668614 2
47.1248 4.59538 -0.153815 0.832849 0.825308 1.67926 116445 0 -2.85563 0.667956 1
-14.4927 60.6009 1.92463 2.33618 5.76153 1.90206 198152 0 2.23768 0.665197 0
-27.6858 18.1301 0.963621 2.11357 4.76789 1.57683 135867 0 -1.03451 0.659136 0
3.01337 30.2084 1.07351 2.07381 4.76992 1.49915 153747 0 -0.981182 0.657522 0
-11.2915 33.6886 1.26608 0.753398 0.688853 1.62975 158850 0 -1.993 0.644036 1
35.1235 -13.3058 -0.290085 0.837884 0.834493 1.52812 90199 0 0.000575366 0.643216 1
-12.5668 32.562 1.05818 1.99527 4.66456 1.42718 156974 0 -0.7945 0.637867 0
28.9956 55.1307 1.64696 1.92581 4.21859 1.69271 190332 0 -1.205 0.637509 0
32.819 12.6703 0.345263 1.95563 4.36368 1.62781 128100 0 -1.34532 0.632467 0
39.5039 14.257 0.308283 1.94248 4.39321 1.64104 130461 0 1.76493 0.618791 0
-62.0121 14.794 1.88783 0.88618 0.858179 1.70201 131080 0 -1.45113 0.611976 1
-12.6549 32.7248 1.03048 1.962 4.60157 1.4202 157442 0 1.63303 0.604983 0
-1.77382 46.5997 1.62098 2.24882 5.2289 1.84179 177600 0 2.17973 0.603469 0
-32.1728 34.9828 1.60958 2.29868 5.02957 1.93883 160657 0 -0.947545 0.593354 0
40.5171 29.9413 0.797339 1.94818 4.37244 1.50941 153396 0 -1.19417 0.577982 0
-7.82128 47.4568 1.68651 2.1331 4.79222 1.70858 178985 0 -1.02432 0.573959 0
30.27 36.9899 1.38581 0.79147 0.76324 1.69179 163660 0 2.88186 0.560866 1
35.1094 -13.5516 -0.187447 0.923801 0.955646 1.75303 89731 0 0.491966 0.55711 1
-8.48854 36.9299 1.19934 2.06272 4.92691 1.55361 163539 0 2.15578 0.557006 0
54.8626 -1.20815 -0.424974 2.04126 4.51984 1.68007 108045 0 1.93176 0.555268 0
-9.19485 66.0296 2.05976 2.11428 4.56362 1.78913 206125 0 -0.956003 0.554012 0
-11.0067 34.7539 1.19977 2.10683 5.11851 1.56459 160255 0 -0.957355 0.548195 0
21.262 67.3595 1.46839 2.02939 4.66778 1.54622 208092 0 1.91835 0.543989 0
-71.8812 16.1264 1.9365 1.85313 4.05176 1.54935 132921 0 0.313445 0.539335 0
32.1603 63.8141 1.8662 2.23322 5.0207 1.9143 202978 0 -1.12625 0.538007 0
29.1929 -11.3553 0.0430615 1.00106 0.998562 1.89239 92989 0 2.38815 0.536771 1
-11.7445 10.0381 0.584303 1.92557 4.32703 1.47887 124217 0 -1.00666 0.533671 0
-56.7726 32.1938 1.67039 2.02599 4.54699 1.62807 156368 0 2.0615 0.5287 0
51.0704 6.56239 -0.387145 1.91786 4.27504 1.51639 119265 0 -1.17774 0.527357 0
29.6232 -11.2664 0.0089352 0.824884 0.860476 1.73043 92990 0 2.09805 0.522328 1
29.6012 -11.143 -0.00436249 0.810396 0.839501 1.70696 93458 0 2.0335 0.512232 1
35.2353 -13.2988 -0.276571 0.846709 0.869761 1.62948 90200 0 0.502285 0.512173 1
55.5723 1.49948 -0.562479 1.96806 4.33345 1.58496 111791 0 1.92296 0.510752 0
28.3549 36.3161 1.15507 1.85127 4.24106 1.43607 162718 0 1.94359 0.5057 0
-17.7196 34.4347 1.21982 1.95845 4.57945 1.47672 159766 0 -1.02462 0.499609 0
21.6045 16.563 0.998136 2.20737 5.01458 1.60903 133681 0 1.91617 0.494743 0
-11.1153 33.6931 1.24598 0.744949 0.708456 1.58119 158851 0 -2.6715 0.493128 1
40.4611 16.8565 0.402677 1.93647 4.34667 1.59618 134208 0 1.80931 0.470057 0
24.5821 33.7831 1.52523 0.737517 0.709477 1.66576 158962 0 1.85565 0.456358 1
-56.5368 32.426 1.67338 1.94793 4.35342 1.57834 156837 0 2.16557 0.455673 0
69.5878 -12.9789 -1.28371 2.05718 4.57743 1.78566 90775 0 1.95585 0.455469 0
25.7978 24.4559 1.18642 1.99545 4.3353 1.49926 145394 0 1.8836 0.451907 0
-7.20519 74.3808 1.73903 2.05205 4.91034 1.62654 218299 0 -0.930312 0.448751 0
66.4136 -5.2971 -0.957102 1.97464 4.41002 1.72917 101997 0 -1.28896 0.44625 0
22.2927 17.1146 1.04304 0.820773 0.872143 1.5776 134619 0 1.25406 0.442112 1
-12.8984 32.8058 1.00889 1.95707 4.55238 1.4316 157441 0 2.07268 0.439486 0
57.4338 7.19971 -0.313316 1.9806 4.46144 1.58005 120221 0 1.94339 0.438479 0
-8.18425 36.6634 1.19566 2.15233 5.18484 1.56169 163072 0 1.24356 0.438206 0
70.2435 -10.0866 -1.33704 1.88859 4.15191 1.59354 94989 0 1.96218 0.436474 0
-11.3081 33.5501 1.2844 0.769468 0.682097 1.64879 158382 0 -1.97025 0.433973 1
28.9205 -10.4711 0.188123 0.930887 1.03115 1.93535 94392 0 -1.21367 0.431818 1
-62.1027 14.7883 1.88305 0.907628 0.884809 1.71958 131079 0 2.22359 0.424126 1
-58.1099 40.7728 1.93772 2.08347 4.59772 1.56469 169000 0 -0.819266 0.41956 0
19.9238 29.6772 1.28925 2.36347 6.16813 1.99828 152864 0 1.8902 0.419344 0
3.64526 62.9078 1.5482 1.93531 4.34928 1.50143 201485 0 -1.00116 0.414565 0
19.7176 64.8273 1.53384 2.08843 4.7364 1.68166 204343 0 -1.90907 0.413944 0
28.9203 -10.6383 0.10145 0.876365 0.949271 1.89901 93924 0 -1.19866 0.406875 1
40.8066 32.8445 1.03368 1.95998 4.38935 1.61439 157609 0 -1.17798 0.405482 0
45.6089 28.3044 0.641491 1.96588 4.56126 1.5764 151072 0 1.88656 0.404048 0
27.0431 49.1144 1.25397 2.0521 4.73963 1.61856 181434 0 -1.22291 0.401543 0
2.48409 30.2924 1.11731 2.07998 4.78382 1.52016 153745 0 -0.993528 0.398103 0
-65.0273 31.5855 2.05558 2.29512 5.20324 1.73761 155406 0 -1.01002 0.397317 0
-57.0493 32.4492 1.74525 2.26148 5.28285 1.78238 156835 0 2.24426 0.396669 0
-7.47176 74.363 1.78708 2.15449 5.32717 1.69872 218298 0 1.41156 0.396274 0
-8.45645 47.5258 1.64203 2.36134 5.69215 1.90264 178983 0 -1.02709 0.391567 0
62.2255 15.1383 0.113666 2.13433 4.86566 1.70016 131936 0 -1.22583 0.380452 0
-58.3811 40.529 1.98204 2.14902 4.71584 1.66139 168531 0 -1.01255 0.376688 0
29.0033 -11.5682 0.0588283 0.932111 0.969869 1.81379 92520 0 2.20334 0.369972 1
21.607 15.8577 1.04169 0.863366 0.942056 1.64661 132745 0 1.94143 0.360534 1
69.3286 -13.2566 -1.20549 1.98721 4.47899 1.78732 90306 0 2.03042 0.35702 0
28.9121 36.2716 1.19193 1.84439 4.24115 1.45979 162720 0 1.95071 0.357002 0
56.5103 -21.8831 -0.233562 2.79371 6.53167 2.89453 77630 0 1.92252 0.356093 0
32.7451 63.7631 1.76936 2.53061 6.05538 2.08191 202980 0 -1.13792 0.356071 0
66.4165 -5.88234 -1.05089 1.96808 4.4306 1.67743 101061 0 -1.21734 0.351298 0
-7.48298 74.1233 1.72017 2.00813 4.61326 1.60899 217830 0 1.6805 0.350187 0
-7.22269 74.1378 1.67076 1.91345 4.36438 1.55989 217831 0 1.07346 0.346636 0
29.5076 54.948 1.58833 2.19562 5.13723 1.8284 189866 0 -1.16502 0.344816 0
63.1858 -13.877 -1.79513 2.1528 4.777 1.65709 89351 0 -1.0955 0.344561 0
30.26 37.1568 1.39866 0.827297 0.853145 1.71528 164128 0 2.67125 0.341531 1
51.6057 6.50193 -0.369717 2.08626 4.73101 1.59149 119267 0 -1.1993 0.332857 0
35.1073 -13.0728 -0.328635 0.761263 0.749789 1.36968 90667 0 -0.877992 0.332714 1
-72.1244 16.4018 1.89252 1.84798 4.04184 1.54411 133388 0 0.403606 0.330684 0
30.4371 36.981 1.38677 0.84347 0.87667 1.70163 163661 0 -2.97864 0.329049 1
41.4089 32.7886 1.08471 2.09072 4.6659 1.72355 157611 0 -1.22335 0.328824 0
47.1437 4.44494 -0.118563 0.873158 0.892158 1.7002 115977 0 -2.80592 0.328592 1
26.7812 48.8517 1.27515 1.95987 4.4217 1.56744 180965 0 -1.21514 0.328073 0
71.837 -7.51472 -1.05541 1.97054 4.36749 1.59972 98738 0 1.85725 0.325988 0
-10.7445 33.7414 1.18717 0.693422 0.738657 1.4867 158852 0 2.78113 0.325987 1
66.1173 -5.56866 -0.982956 1.98103 4.39721 1.70943 101528 0 -1.25579 0.325585 0
56.6496 11.1021 1.00201 0.834455 1.906 1.86519 125835 0 0.384596 0.316853 2
29.2837 -11.0854 0.00225803 0.839521 0.873267 1.81424 93457 0 2.63347 0.314195 1
71.5401 -7.22015 -1.08679 1.91695 4.16133 1.56478 99205 0 1.81885 0.312234 0
24.8868 35.4202 1.49035 0.680708 0.685353 1.65777 161303 0 0.960381 0.311976 1
28.9843 -9.48164 0.0364839 0.86473 0.952633 1.73014 95796 0 -1.12431 0.310461 1
-2.13847 23.7174 0.918895 2.07108 4.73828 1.44469 144371 0 -0.999444 0.305049 0
55.4662 -1.44188 -0.450427 2.13224 4.87921 1.78779 107579 0 2.21926 0.300582 0
34.8226 -12.4918 -0.242669 0.823966 0.809136 1.50422 91134 0 -1.10851 0.300324 1
30.6678 9.53766 0.469799 1.83563 3.8856 1.72785 123413 0 -1.19973 0.298966 0
-21.1836 30.2913 1.17593 1.93925 4.56611 1.49699 153671 0 -1.0237 0.294947 0
-60.3985 13.5554 1.92808 0.854905 1.02499 1.7396 129213 0 -2.71541 0.29205 1
-1.7627 -13.615 0.569073 0.860243 1.75695 1.64722 89616 0 1.75194 0.290196 2
35.0774 -13.8351 -0.141666 0.920619 1.00463 1.77412 89263 0 0.50644 0.29019 1
34.4161 19.3689 0.485377 1.88224 4.26922 1.50427 137933 0 -0.226509 0.288606 0
34.7238 19.3548 0.496856 1.91654 4.34109 1.4991 137934 0 -1.23661 0.286564 0
22.6747 38.1873 1.2718 1.80418 3.83438 1.64359 165508 0 -1.27538 0.28493 0
-38.2129 28.6023 1.33686 2.05256 4.57292 1.56003 151278 0 2.19086 0.284302 0
55.2041 -1.65654 -0.459609 2.12264 4.79418 1.78145 107110 0 1.88942 0.283621 0
27.3211 49.4247 1.31585 2.15103 4.9641 1.69179 181903 0 -1.25259 0.282843 0
38.9633 14.4913 0.292994 1.93915 4.45509 1.61836 130927 0 1.80932 0.281581 0
29.7915 -11.2914 0.00896576 0.884566 0.923374 1.74829 92991 0 2.05531 0.279933 1
-60 28.3465 1.73743 1.95646 4.28741 1.61619 150742 0 2.15592 0.279413 0
22.2934 17.342 1.08884 0.814854 0.837969 1.61454 135087 0 -0.655686 0.279277 1
35.0297 19.0444 0.463642 1.97973 4.49743 1.54553 137467 0 -1.23595 0.278444 0
-9.76825 66.6314 2.01828 2.51254 6.24608 2.08154 207059 0 -0.954444 0.277233 0
-72.3975 15.879 2.01205 2.20128 4.9848 1.7601 132451 0 0.370958 0.275018 0
16.9124 59.6311 1.45265 1.74144 3.88276 1.47363 196846 0 1.89274 0.273349 0
5.56969 35.2323 1.37071 2.05568 4.47512 1.74821 161243 0 -0.942131 0.272908 0
37.1486 -16.0329 -0.249627 0.922905 0.989791 1.74298 85994 0 2.02571 0.272393 1
72.1034 -7.22129 -1.06465 2.03872 4.63786 1.6503 99207 0 1.79359 0.271457 0
66.6995 -5.0265 -0.994831 1.97681 4.39011 1.7456 102466 0 -1.35142 0.269848 0
69.8732 -12.7148 -1.36569 2.10941 4.68231 1.79599 91244 0 1.92611 0.266495 0
25.0042 35.4188 1.50131 0.699739 0.697831 1.66021 161304 0 0.717204 0.265592 1
46.221 28.0508 0.651046 1.84777 4.30493 1.54044 150606 0 1.84415 0.26454 0
24.5988 43.7334 1.18121 1.63812 3.50306 1.48664 173470 0 -1.23157 0.264251 0
32.7857 63.299 1.74997 2.46409 6.18454 2.03939 202044 0 -1.09831 0.262147 0
-6.92545 74.7265 1.57887 1.97826 4.37809 1.6178 218768 0 -1.01336 0.261407 0
-6.92234 74.1293 1.64265 1.83036 4.04372 1.51393 217832 0 -1.24138 0.259826 0
-8.1349 36.3941 1.22273 2.11874 4.91451 1.53816 162604 0 -0.507103 0.257338 0
24.7944 25.1012 0.993267 2.07253 4.63015 1.44701 146327 0 1.92343 0.257309 0
-72.1257 15.5968 2.03629 2.20389 5.00276 1.75644 131984 0 0.304819 0.255952 0
28.7719 -10.4786 0.0948898 0.874394 0.955194 1.84916 94391 0 -1.2832 0.255567 1
28.7579 -10.6377 0.0764746 0.833245 0.890891 1.83248 93923 0 -1.28148 0.255096 1
66.0798 -5.00838 -0.922511 1.97539 4.34781 1.72686 102464 0 -1.31335 0.254772 0
29.0109 -11.0772 0.027157 0.830145 0.880551 1.82799 93456 0 -2.2948 0.252955 1
34.4116 19.6398 0.52 1.92994 4.49094 1.52582 138401 0 1.51997 0.251933 0
4.95666 35.6265 1.3615 2.19667 4.98946 1.7338 161709 0 2.18582 0.249895 0
0.199409 28.7019 1.40829 2.28208 5.12129 1.76692 151398 0 2.3211 0.249713 0
-2.76821 43.7219 1.30243 2.01055 4.58552 1.47214 173385 0 2.87041 0.249217 0
28.9834 -9.71774 0.0768205 0.852747 0.953014 1.77768 95328 0 -1.34941 0.248588 1
70.8304 -10.3921 -1.36219 1.97692 4.41483 1.64437 94523 0 1.96021 0.248335 0
50.3998 57.1059 1.05278 2.05451 4.64198 1.65343 193207 0 -1.15273 0.248282 0
60.9442 -23.2634 0.0869327 3.20141 12.9124 3.51826 75772 0 -1.23575 0.24639 0
21.0423 16.5853 0.967082 1.93228 4.4831 1.5399 133679 0 1.91069 0.245795 0
30.0403 36.9911 1.39191 0.834221 0.830785 1.69736 163659 0 2.0859 0.245364 1
34.7438 18.7557 0.447862 1.95793 4.34219 1.52888 136998 0 -1.09924 0.24511 0
58.0205 7.11552 -0.314176 2.09102 4.74669 1.62371 120223 0 1.90479 0.244873 0
-62.1137 14.6735 1.88674 0.847896 0.814817 1.70848 130611 0 1.92786 0.244326 1
24.2566 40.9055 1.4352 1.9156 4.35899 1.79113 169257 0 -1.21815 0.244225 0
28.0675 36.0519 1.14851 1.82848 4.17283 1.43308 162249 0 1.94861 0.243543 0
-3.56455 -13.0302 0.577279 0.739505 0.693814 1.61771 90546 0 -1.39735 0.243219 1
55.4683 30.9697 0.130428 0.806428 0.83932 1.76573 154847 0 -2.88645 0.242857 1
39.6032 17.1149 0.374834 1.96325 4.33613 1.62728 134673 0 1.77193 0.241594 0
69.9843 -10.3286 -1.3716 1.78765 3.94129 1.56108 94520 0 2.00148 0.24146 0
49.8228 4.04494 -0.252214 2.17492 5.12802 1.74153 115517 0 -1.15823 0.239114 0
-5.35259 41.9616 1.22732 2.19321 5.01743 1.52966 171037 0 2.21344 0.238865 0
-26.0982 47.1749 1.53426 1.94871 4.4715 1.54584 178460 0 2.11699 0.23844 0
19.9598 64.5698 1.55942 2.24004 5.18365 1.79421 203876 0 -2.57696 0.23753 0
19.4513 64.8325 1.49931 1.95771 4.40084 1.59847 204342 0 2.99556 0.237357 0
-12.1223 32.4247 1.09684 1.87567 4.35853 1.43008 156976 0 -1.02391 0.236351 0
5.28738 35.34 1.37304 2.01677 4.44553 1.71271 161242 0 -1.19683 0.23607 0
-71.6125 15.895 1.95132 1.85747 4.15917 1.55651 132454 0 0.230143 0.235554 0
21.5278 67.6005 1.49386 2.03785 4.59073 1.56004 208561 0 1.96019 0.235267 0
65.7887 -5.26067 -0.969953 2.02241 4.51101 1.74776 101995 0 -1.25824 0.233866 0
-7.81804 74.3775 1.93709 2.27663 5.76991 1.84148 218297 0 -0.354745 0.233221 0
24.889 35.5626 1.48173 0.708252 0.699823 1.64134 161771 0 1.06124 0.232798 1
35.0039 19.6264 0.53414 1.97088 4.49431 1.51161 138403 0 -1.44398 0.232316 0
34.4181 19.0584 0.448831 1.83092 4.16139 1.50691 137465 0 -0.950114 0.231713 0
31.6181 63.8961 1.8906 1.966 4.31235 1.72443 202976 0 -1.09221 0.23058 0
47.1441 4.83961 -0.120571 0.910969 1.19003 1.73511 116913 0 -2.959 0.230565 1
0.462044 28.6036 1.41896 2.36212 5.25684 1.80768 151399 0 -1.51049 0.229435 0
35.2433 -13.0941 -0.318424 0.770347 0.786319 1.45043 90668 0 -0.205237 0.229389 1
-57.0448 31.9064 1.67258 2.12712 4.82929 1.68299 155899 0 2.02114 0.2276 0
56.3042 11.0416 0.979806 0.883772 2.10711 1.88749 125833 0 0.296245 0.225481 2
35.3199 19.3334 0.513943 1.9645 4.40025 1.55765 137936 0 -1.36179 0.225461 0
-3.47824 -13.8327 0.70166 0.737649 0.654643 1.5906 89143 0 -2.20944 0.224389 1
29.7951 -11.139 0.016176 0.891868 0.924987 1.75398 93459 0 2.04511 0.224343 1
30.2545 36.7551 1.38374 0.856533 0.889615 1.68782 163192 0 2.05251 0.22316 1
-57.0759 32.7144 1.78595 2.31514 5.47842 1.82866 157303 0 2.89673 0.222793 0
17.0946 21.0839 0.960299 1.99001 4.80315 1.45081 140219 0 1.92689 0.222264 0
26.0765 23.9469 1.19119 2.16291 4.81125 1.58179 144459 0 1.90963 0.221278 0
61.2929 0.543488 -0.789161 0.800332 1.02211 1.781 110405 0 1.907 0.220905 1
35.6573 19.0192 0.486585 1.89013 4.10426 1.6005 137469 0 -1.38016 0.21931 0
50.1234 56.7952 1.03435 1.99096 4.46872 1.60127 192738 0 -0.958373 0.218974 0
33.3897 12.3926 0.331382 1.94928 4.33296 1.62471 127634 0 -1.30069 0.218828 0
58.7234 6.83977 -0.226103 1.98477 4.4061 1.6077 119757 0 -0.76967 0.218364 0
36.9884 61.908 2.00634 0.817657 0.737836 1.68349 200185 0 0.360012 0.217875 1
34.1228 19.3676 0.489019 1.8802 4.29039 1.50324 137932 0 1.5273 0.217266 0
-25.7792 46.881 1.53705 1.95078 4.38043 1.52798 177993 0 1.9101 0.216022 0
56.0636 1.68371 -0.548968 2.21012 5.05429 1.73868 112261 0 1.91493 0.214103 0
61.6798 15.2264 0.0833898 1.92879 4.15867 1.61371 131934 0 -1.18547 0.213969 0
22.4572 17.1296 1.05846 0.865061 0.924915 1.59752 134620 0 0.517047 0.213722 1
-2.81912 43.8873 1.31625 2.08082 4.68003 1.48343 173853 0 2.34717 0.213326 0
-14.164 60.1117 1.95304 2.05864 5.04274 1.79445 197217 0 2.28982 0.212817 0
-58.9643 26.9611 1.59681 0.797903 0.824925 1.68782 148873 0 1.15452 0.212768 1
-55.521 35.3926 1.69417 1.91982 4.39345 1.56418 161052 0 2.07255 0.21248 0
-11.1233 33.5513 1.28581 0.776222 0.72175 1.59389 158383 0 -2.88988 0.212447 1
-7.8862 36.346 1.1914 2.13161 5.07522 1.54709 162605 0 -0.949049 0.212144 0
59.0149 6.83064 -0.176725 2.07221 4.66138 1.67233 119758 0 1.43114 0.211923 0
40.432 14.1689 0.296925 1.98763 4.35601 1.67566 130464 0 1.80572 0.211798 0
50.4415 6.8659 -0.290481 1.91023 4.31776 1.53413 119731 0 -1.18403 0.21171 0
-26.376 46.9294 1.63162 1.98484 4.50864 1.55738 177991 0 2.04299 0.21115 0
26.3095 46.0099 1.41302 2.26853 5.27071 1.88979 176752 0 -1.22142 0.21037 0
-7.61298 8.51978 0.856366 0.822034 1.17534 1.67969 121890 0 -1.09397 0.209482 2
24.5663 33.9629 1.70342 0.779818 0.746607 1.74386 159430 0 1.50564 0.208795 1
-28.032 18.5886 1.06201 2.24561 5.23721 1.70729 136802 0 -0.978045 0.208791 0
19.0437 62.442 1.52724 2.30367 5.34741 1.83713 201065 0 1.95902 0.207092 0
71.2431 -7.49242 -1.1213 1.87413 4.071 1.55084 98736 0 1.91624 0.206964 0
17.1717 59.1488 1.46212 1.62346 3.83854 1.48157 195911 0 1.92581 0.206777 0
35.2632 -13.8354 -0.153385 0.90229 1.10644 1.75182 89264 0 0.699705 0.206698 1
29.1584 -11.5806 0.0515169 0.982059 0.983269 1.81372 92521 0 2.31648 0.206603 1
-12.0568 36.6921 1.3718 0.72877 0.661784 1.61865 163060 0 1.94478 0.205426 1
21.9065 70.4419 1.95092 2.47542 5.72619 1.99458 212774 0 1.95773 0.205217 0
29.2038 -9.47018 0.0440027 0.890931 0.962153 1.76069 95797 0 1.31616 0.205188 1
70.916 -7.19145 -1.12439 1.95214 4.29797 1.58419 99203 0 1.92128 0.204689 0
-22.8939 15.38 0.887538 1.94722 4.23435 1.55022 132138 0 -1.35332 0.202917 0
-7.3207 47.4308 1.65783 2.03126 4.54225 1.6982 178987 0 -0.954644 0.202902 0
-55.1741 32.8072 1.74194 2.00778 4.44871 1.60802 157309 0 0.404629 0.202797 0
40.1469 33.3309 1.00811 2.1164 4.75575 1.63869 158543 0 -1.15455 0.202324 0
58.4369 -22.5436 -0.0209968 2.78215 7.20195 3.1059 76700 0 -1.23889 0.202119 0
63.4888 0.175323 -0.457265 2.12348 4.82343 1.8349 109944 0 -1.43961 0.201408 0
53.8434 -4.12351 -0.765833 2.07128 4.69942 1.5736 103830 0 1.88078 0.201185 0
-57.8027 41.0534 1.90155 1.99283 4.47659 1.52479 169469 0 -0.626357 0.200931 0
57.1387 31.8332 0.620707 1.95013 4.33907 1.60633 156256 0 -1.67084 0.200209 0
29.2702 35.7668 1.15706 1.76763 4.07173 1.4376 161785 0 1.94152 0.199904 0
-2.3021 46.6179 1.63589 2.06596 4.7227 1.68764 177598 0 2.20656 0.199541 0
-33.0292 35.3992 1.58293 2.49845 6.27502 2.05985 161122 0 -0.985692 0.199527 0
-56.2356 31.886 1.69493 1.77858 3.78575 1.48699 155902 0 2.13345 0.199462 0
49.4573 42.6577 1.83759 0.851822 1.09675 1.7623 172144 0 0.510175 0.198667 1
24.7096 33.9977 1.68113 0.771959 0.745754 1.76379 159431 0 1.38714 0.198489 1
55.5213 1.97484 -0.522536 1.89863 4.20517 1.54049 112727 0 1.89298 0.19779 0
-60.52 13.578 1.97858 0.890984 1.14712 1.73222 129212 0 -2.49784 0.197708 1
21.6008 15.6212 1.0644 0.890882 0.912998 1.68548 132277 0 1.78211 0.197609 1
19.3418 27.2347 1.03072 1.86044 4.24457 1.48558 149586 0 -1.24539 0.197591 0
50.4284 57.7409 1.08233 2.02171 4.54394 1.64895 194143 0 -1.3951 0.195902 0
4.03031 61.882 1.52482 0.9132 2.5211 1.44444 200082 0 2.23453 0.194675 0
19.1325 26.5091 1.04624 1.9871 4.46996 1.49352 148181 0 -1.20301 0.194641 0
19.4325 65.0687 1.48802 1.97355 4.45411 1.58736 204810 0 2.47147 0.192152 0
3.35107 19.051 0.841558 2.18791 5.03853 1.67201 137368 0 2.02537 0.191987 0
70.5034 -9.86014 -1.31866 2.01012 4.40373 1.65433 95458 0 1.90465 0.191909 0
-2.36319 47.1275 1.68566 2.26454 5.41227 1.82244 178534 0 2.21171 0.191271 0
20.2354 64.8046 1.60793 2.35697 5.61303 1.91199 204345 0 -3.02343 0.190872 0
47.0097 4.44916 -0.108132 0.879465 0.940697 1.70422 115976 0 -2.73862 0.190598 1
25.5344 24.2419 1.18862 1.99949 4.29405 1.50421 144925 0 1.9426 0.189768 0
3.65311 29.6593 1.05983 2.0736 4.71714 1.50743 152813 0 -0.963966 0.189342 0
-22.1553 59.0567 1.9321 1.8738 4.22027 1.58362 195788 0 -0.955627 0.189132 0
-10.9694 34.4918 1.20265 1.72318 3.70796 1.55606 159787 0 -0.939702 0.188529 0
-58.6827 41.0593 2.04857 2.37767 5.59512 1.85915 169466 0 -0.895196 0.188093 0
24.1931 25.1587 0.988878 1.98064 4.55129 1.43272 146325 0 1.91334 0.187979 0
-25.4473 48.4691 1.6019 1.9904 4.44536 1.53736 180334 0 2.01699 0.187541 0
32.552 12.4118 0.325181 1.93433 4.41248 1.64605 127631 0 -1.28602 0.187403 0
34.1282 19.0583 0.457406 1.57673 3.44028 1.51686 137464 0 1.20853 0.186979 0
56.8741 7.29593 -0.265392 1.85774 4.15882 1.55594 120219 0 1.90616 0.186718 0
25.0167 35.5624 1.5252 0.693938 0.685843 1.63016 161772 0 0.722411 0.186132 1
-69.8046 14.5796 2.03572 2.23944 5.21384 1.81026 130587 0 0.392912 0.185819 0
-7.81155 46.9824 1.68581 1.95563 4.44985 1.66495 178049 0 -1.00215 0.184391 0
66.1321 -6.17566 -1.12188 1.89999 4.20596 1.62143 100592 0 -1.23297 0.183731 0
33.3646 12.8699 0.369273 2.0074 4.39768 1.68576 128570 0 -1.40373 0.183594 0
-37.271 41.1195 1.51188 2.08039 4.61287 1.62579 169533 0 -0.994528 0.183529 0
-11.6049 35.0886 1.26574 2.06202 4.85115 1.57903 160721 0 0.104162 0.183091 0
66.9766 -5.86668 -1.04281 2.11843 4.86379 1.80833 101063 0 -1.2135 0.182782 0
56.0904 1.21288 -0.589207 2.28055 5.26723 1.78797 111325 0 1.93986 0.182473 0
29.5413 35.9537 1.22329 1.81994 4.16578 1.47461 162254 0 1.95119 0.181987 0
-2.06469 25.0991 1.08646 0.662663 0.627565 1.42403 146243 0 -0.339158 0.181922 1
-57.3499 32.4708 1.80976 2.43171 5.88163 1.92974 156834 0 -2.69741 0.181735 0
41.0889 13.904 0.300438 2.07939 4.58784 1.75379 129998 0 1.85676 0.18164 0
-25.1439 48.1681 1.53682 1.99731 4.45145 1.55433 179867 0 1.85997 0.181254 0
21.8083 15.8543 1.0291 0.946599 1.11411 1.64835 132746 0 1.95205 0.179777 1
39.1297 6.60455 0.00055629 1.92303 4.29968 1.78273 119228 0 1.8919 0.179727 0
-9.04543 37.0262 1.21267 2.02789 4.72613 1.56128 163537 0 2.13407 0.179715 0
-18.3406 34.7401 1.29227 1.8731 4.26619 1.42634 160232 0 -1.06508 0.179426 0
-55.2419 35.6744 1.68647 1.88411 4.27375 1.54968 161521 0 2.17469 0.179133 0
50.415 58.0723 1.06759 2.03142 4.58754 1.67186 194611 0 -1.61264 0.179119 0
-58.8194 26.9768 1.56286 0.810433 0.870328 1.67115 148874 0 1.07483 0.178985 1
-36.0043 30.8899 1.3947 1.96367 4.41371 1.61653 154561 0 -0.922801 0.178734 0
6.12003 24.7382 0.945148 1.81385 3.94178 1.48895 145801 0 2.14447 0.178517 0
-25.4698 46.854 1.48881 1.94539 4.42459 1.53608 177994 0 1.37551 0.178287 0
65.4618 -4.7188 -0.903945 2.06645 4.51749 1.77129 102930 0 -1.28582 0.177351 0
-6.98215 39.5143 1.45539 1.92337 4.01115 1.54758 167288 0 2.21803 0.177267 0
-7.21906 73.8518 1.68367 1.81763 4.17908 1.4987 217363 0 1.59431 0.177046 0
30.475 37.1919 1.39507 0.875663 1.05681 1.70399 164129 0 2.99342 0.177039 1
37.6766 6.21967 -0.0236557 1.02798 1.27222 1.76146 118755 0 1.9522 0.176497 1
-25.1284 46.5746 1.48179 1.91597 4.38659 1.52468 177527 0 -0.30473 0.176486 0
61.5791 16.7826 0.270335 2.13792 4.84862 1.77064 134274 0 -3.08103 0.176468 0
25.5435 46.0448 1.39878 1.83083 3.90582 1.68627 176749 0 -1.1901 0.176041 0
-44.7672 27.305 1.42394 1.98368 4.01607 1.56032 149386 0 -0.8612 0.175779 0
37.8703 6.24905 -0.0178126 1.13563 1.58585 1.7429 118756 0 1.92398 0.17489 1
-58.974 26.8141 1.59965 0.791829 0.823472 1.68673 148405 0 1.43647 0.17487 1
49.4544 42.4993 1.83894 0.839529 0.884164 1.74698 171676 0 0.631065 0.174817 1
3.59186 30.166 1.02861 2.13465 4.93437 1.54566 153749 0 -1.00013 0.174721 0
28.6634 35.7642 1.10624 1.84077 4.27324 1.41841 161783 0 1.92066 0.174484 0
-1.08047 46.0075 1.66245 2.06265 4.59931 1.71811 176666 0 2.17364 0.174018 0
29.9352 38.2825 1.37714 1.92777 4.36326 1.59703 165531 0 1.99998 0.173479 0
70.5772 -10.6283 -1.3314 1.99506 4.41642 1.69 94054 0 1.98423 0.173226 0
-69.073 14.6438 1.98259 1.94682 4.42512 1.66077 130590 0 0.269321 0.173092 0
5.62659 24.2743 0.98062 1.92992 4.36028 1.52647 144863 0 1.93691 0.172969 0
30.976 60.6454 1.69345 1.95849 4.51087 1.75229 198294 0 -1.21522 0.171877 0
58.754 6.64745 -0.242669 1.96796 4.43458 1.59955 119289 0 -1.2506 0.171856 0
-25.1532 48.4592 1.58042 1.9583 4.45098 1.52746 180335 0 1.54937 0.170928 0
72.4122 -7.52881 -1.03917 2.14009 4.89568 1.70951 98740 0 1.79365 0.170767 0
-25.7371 48.1852 1.54662 2.00007 4.47022 1.55541 179865 0 2.07298 0.170396 0
63.2154 -0.127396 -0.462805 2.01043 4.52204 1.75286 109475 0 -1.42404 0.169186 0
65.1805 -4.96905 -0.91275 2.02112 4.42396 1.7414 102461 0 -1.26488 0.169124 0
55.7613 -1.46479 -0.393175 2.20145 5.1152 1.81465 107580 0 -1.65487 0.168235 0
-58.6649 40.2035 1.99783 2.23816 4.95863 1.78359 168062 0 -1.15719 0.167978 0
-1.20703 46.4702 1.6452 2.30943 5.26394 1.93089 177602 0 2.1574 0.167725 0
5.60622 -10.9714 0.752505 0.797001 0.848814 1.71056 93383 0 2.25752 0.167392 1
-24.9993 -2.50582 0.374751 1.87367 4.00643 1.52287 105923 0 0.376796 0.167096 0
-59.7502 28.5663 1.68564 1.99301 4.401 1.61554 151211 0 2.14093 0.166844 0
-25.7718 47.5084 1.48112 1.99971 4.56334 1.54269 178929 0 2.12345 0.166393 0
-25.7506 47.8441 1.48682 2.00554 4.57971 1.55537 179397 0 2.11237 0.166357 0
34.8136 -13.2825 -0.255079 0.827874 0.853067 1.51281 90198 0 -0.342962 0.166135 1
-4.30537 21.795 1.07961 2.24626 5.37609 1.77198 141556 0 -0.994653 0.166041 0
40.2339 32.9042 0.969015 1.89898 4.29802 1.57115 157607 0 -1.17859 0.165868 0
24.5497 33.5833 1.53764 0.784201 0.739824 1.62837 158494 0 1.75947 0.164558 1
65.6318 -8.26143 -1.29975 2.20742 5.15265 1.70621 97783 0 -1.25568 0.164373 0
72.1556 -8.07095 -1.01902 2.16413 4.85774 1.74537 97803 0 1.89781 0.164029 0
-24.8007 46.5647 1.45462 1.92652 4.34977 1.50903 177528 0 -0.922283 0.163561 0
69.5723 -13.8621 -1.20509 2.09377 4.74737 1.882 89371 0 2.0288 0.163169 0
-36.3167 30.5773 1.38731 1.96349 4.43579 1.60806 154092 0 -0.93592 0.16303 0
-25.1365 46.8384 1.46159 1.89735 4.32973 1.5198 177995 0 0.61877 0.16263 0
2.40124 30.788 1.17691 2.1177 4.83239 1.55411 154681 0 -0.989317 0.162238 0
45.3662 28.0753 0.625151 1.90439 4.47917 1.5819 150603 0 1.86014 0.162179 0
34.8099 -13.5915 -0.171351 0.893866 0.962927 1.70053 89730 0 0.776287 0.161749 1
53.5214 -20.5568 -1.04833 0.866827 0.950605 1.74935 79493 0 -1.29867 0.161347 1
35.9724 18.7399 0.457019 1.94461 4.25044 1.65595 137002 0 -1.37775 0.16098 0
22.4602 17.3415 1.10611 0.848398 0.89596 1.62919 135088 0 -0.688972 0.160968 1
29.2045 -9.73615 0.0785134 0.873671 0.97429 1.79825 95329 0 1.88269 0.16082 1
46.9789 4.83107 -0.130884 0.886238 1.27268 1.779 116912 0 -2.91924 0.160467 1
61.2646 -23.7584 0.218369 3.29927 13.0134 3.55121 74837 0 -1.09762 0.16008 0
-0.759865 24.5381 1.00105 0.710586 0.692094 1.46977 145311 0 -0.673698 0.159753 1
0.73764 28.5286 1.45122 2.46622 5.50436 1.91056 151400 0 -0.994693 0.158483 0
-26.0448 12.4035 0.678289 0.748779 0.825004 1.67957 127448 0 0.0481887 0.158293 1
-40.3588 27.032 1.43551 2.2689 5.49303 1.72575 148931 0 2.21374 0.158259 0
-7.75864 8.491 0.925036 0.841932 1.39004 1.65189 121889 0 -1.19289 0.157912 1
23.964 41.3797 1.47288 1.78011 3.76286 1.69334 170192 0 -1.30468 0.157599 0
41.734 16.5308 0.345143 2.08575 4.61458 1.69167 133744 0 -1.32816 0.157568 0
14.6603 15.9521 0.90348 1.55336 3.27192 1.40277 132723 0 -1.13487 0.156718 0
17.1681 -8.7769 0.249449 0.797134 0.929163 1.12797 96695 0 1.98082 0.15671 1
34.7188 19.9316 0.52824 1.95268 4.43738 1.51947 138870 0 -1.68914 0.156692 0
-11.5813 33.7213 1.29137 0.779827 0.709381 1.63195 158849 0 -1.47107 0.156285 1
22.2061 16.2588 1.00427 2.03796 4.54385 1.61036 133215 0 1.94762 0.156047 0
-35.7053 31.1829 1.42093 1.97061 4.40477 1.62932 155030 0 -0.951437 0.155616 0
29.2833 54.6818 1.58069 2.06087 4.8105 1.78555 189397 0 -1.1242 0.155544 0
37.1796 61.8713 2.00619 0.763226 0.706872 1.69489 200186 0 0.352755 0.155406 1
-62.5721 27.0428 1.02818 0.803311 1.04626 1.75196 148862 0 -1.23458 0.155197 1
7.18195 65.7275 1.54258 1.9849 4.4638 1.58659 205708 0 -0.956286 0.15507 0
62.9349 0.157875 -0.496082 1.83829 4.06645 1.6527 109942 0 -1.48247 0.154434 0
56.7835 7.74237 -0.24194 2.07495 4.4932 1.67525 121155 0 1.97828 0.154327 0
-57.3391 32.2004 1.76448 2.3373 5.54485 1.88118 156366 0 2.39825 0.154211 0
49.8128 56.4721 1.05826 1.98443 4.41603 1.58841 192269 0 -0.631282 0.1542 0
-60.3811 13.401 1.92029 0.819712 1.13063 1.67461 128745 0 -3.04122 0.154106 1
-7.85265 74.7411 1.79895 2.3003 5.76778 1.91188 218765 0 -1.30661 0.153952 0
27.3427 50.0105 1.3591 2.07234 4.78573 1.66691 182839 0 -1.27205 0.153433 0
67.2655 -5.27699 -0.900947 2.16398 4.93042 1.89659 102000 0 -1.32332 0.153314 0
-25.1604 23.071 1.04502 1.89658 4.46029 1.59174 143363 0 -1.05946 0.153132 0
3.36594 63.4196 1.64385 2.32935 5.46849 1.73815 202420 0 -0.905351 0.153043 0
66.3948 -4.72758 -0.935873 1.91095 4.18002 1.68956 102933 0 -1.35186 0.152114 0
69.9104 4.00329 -0.658941 2.05099 4.55334 1.64249 115580 0 1.60134 0.152066 0
32.1587 65.7786 1.67342 2.26047 5.13754 1.93755 205786 0 -2.6585 0.151668 0
50.1242 58.3986 1.02656 1.90102 4.26795 1.57073 195078 0 -1.68127 0.151335 0
-36.9713 41.3964 1.53019 2.07438 4.65183 1.62203 170002 0 -0.951182 0.151014 0
46.8252 27.9873 0.651119 1.98663 4.59212 1.58625 150608 0 1.73355 0.150625 0
-37.5673 40.8071 1.55915 2.10892 4.708 1.65042 169064 0 -0.997873 0.150558 0
49.4782 42.9716 1.75974 0.867708 1.8176 1.80187 172612 0 0.168667 0.1505 2
-7.79131 73.8339 1.80955 2.1174 4.88444 1.68486 217361 0 1.63191 0.150273 0
45.6009 -26.0462 0.379307 2.05666 4.61432 1.72956 71512 0 0.403094 0.150155 0
-24.838 48.1627 1.53508 1.99773 4.31915 1.5481 179868 0 1.05961 0.149779 0
-59.4091 28.0177 1.64419 2.11527 4.67332 1.69846 150276 0 2.13975 0.149745 0
-28.2133 18.188 1.03795 2.13836 4.94865 1.63764 135865 0 -1.05138 0.149508 0
-11.0448 34.0668 1.20597 0.795581 0.997034 1.55316 159319 0 -1.25818 0.148948 1
63.7816 0.465096 -0.475443 2.27519 5.38306 1.94865 110413 0 1.55781 0.148751 0
-24.7992 46.8469 1.45206 1.93452 4.35778 1.52369 177996 0 -0.567437 0.14845 0
32.2177 63.3059 1.81136 2.24552 5.29715 1.91174 202042 0 -1.07625 0.147456 0
34.7695 -12.9695 -0.313397 0.762811 0.795036 1.38062 90666 0 -0.989649 0.147359 1
21.8807 16.2285 1.02103 1.49233 2.62914 1.64102 133214 0 1.9647 0.147349 0
-55.8138 35.0866 1.72566 2.01378 4.60356 1.61181 160583 0 1.9968 0.147296 0
37.5805 64.1597 2.28583 2.33565 5.36696 2.01875 203463 0 -2.82371 0.147177 0
63.5023 0.7556 -0.514916 2.10773 4.79429 1.84229 110880 0 -1.57415 0.147037 0
62.8068 14.8954 0.108482 2.42004 5.94031 1.91931 131470 0 -1.22988 0.146777 0
-11.6806 35.2992 1.32362 2.12657 5.19093 1.58139 161189 0 2.05037 0.146327 0
47.7887 35.9371 0.71751 0.714463 0.692753 1.71077 162311 0 1.89703 0.146007 1
34.129 18.7832 0.448302 1.74208 3.93167 1.50471 136996 0 -0.699241 0.146001 0
35.3345 18.4583 0.460745 1.99532 4.32548 1.63552 136532 0 -1.23916 0.145366 0
-37.9033 28.0896 1.30858 2.05789 4.40094 1.55247 150343 0 2.16188 0.145317 0
-7.92709 36.8568 1.17711 2.12395 4.9617 1.60129 163541 0 -2.5906 0.145082 0
-25.4776 47.1824 1.46712 1.99151 4.47077 1.52741 178462 0 1.89439 0.144997 0
40.255 29.7097 0.791004 1.85965 4.14881 1.48039 152927 0 -1.14595 0.144992 0
-72.7146 16.152 1.95072 2.21559 5.07383 1.78433 132918 0 0.430371 0.144981 0
3.93358 62.6128 1.52449 1.62715 3.60704 1.41118 201018 0 -0.987887 0.144793 0
24.7034 33.5741 1.55234 0.782731 0.722644 1.57658 158495 0 1.80419 0.144744 1
49.7501 7.16581 -0.213074 1.90556 4.33035 1.52954 120197 0 -1.19876 0.1446 0
47.3993 4.60962 -0.11614 0.873747 0.936126 1.69509 116446 0 -2.85091 0.144594 1
18.7838 61.6861 1.50884 2.17587 5.01847 1.7656 199660 0 1.86448 0.14449 0
30.0112 37.2028 1.39405 0.831475 0.96753 1.68496 164127 0 2.1667 0.144196 1
54.9329 1.77126 -0.610885 1.89419 4.18952 1.51777 112257 0 1.96411 0.144063 0
-42.6567 22.048 1.37224 2.09743 4.70192 1.7729 141436 0 -1.01097 0.144044 0
-49.7426 19.6793 0.48548 0.763052 0.827074 1.69169 138138 0 2.01374 0.143666 1
18.8176 27.0257 1.04331 1.84191 4.00207 1.46016 149116 0 -1.21526 0.143614 0
-18.7524 31.9555 1.33531 1.96968 4.74361 1.64939 156019 0 -1.05001 0.143602 0
-24.8298 47.848 1.50325 2.00631 4.42577 1.58319 179400 0 1.65133 0.143359 0
36.5994 64.116 2.13288 0.785534 0.743171 1.75834 203460 0 2.87125 0.143219 1
-20.0105 21.1257 0.910913 2.08476 5.13621 1.5583 140571 0 2.1698 0.143215 0
61.2867 0.702499 -0.782454 0.875096 1.23615 1.80485 110873 0 1.79947 0.142875 2
-39.3202 26.6608 1.33869 1.64608 3.56119 1.45014 148467 0 2.20996 0.142309 0
-8.12946 74.3975 2.00196 2.33854 5.94908 1.97124 218296 0 -1.30624 0.141844 0
20.7385 67.1283 1.56049 2.19921 5.24821 1.71156 207622 0 1.88173 0.14134 0
28.9738 -10.1519 0.128481 0.865717 0.990981 1.86914 94860 0 -1.31351 0.141337 1
3.43184 62.6524 1.45557 1.83075 4.32271 1.46132 201016 0 -1.08782 0.141098 0
29.2264 55.3953 1.63562 2.10743 4.63858 1.77359 190801 0 -1.24417 0.140955 0
41.0437 29.6894 0.790187 2.22407 5.3521 1.71405 152930 0 -1.2026 0.140655 0
55.7826 -1.69498 -0.367112 2.20608 5.09804 1.83124 107112 0 -2.77396 0.140518 0
69.6122 4.31453 -0.639255 2.01347 4.43517 1.61328 116047 0 1.49187 0.140468 0
5.29327 46.8555 0.758608 1.02686 1.51235 1.48923 178090 0 -0.284549 0.140362 1
