-22.2354 -3.26109 0.460462 2.24506 5.02417 1.91006 104528 0 0.307379 0.947414 0
-7.8377 17.0959 0.804061 2.06112 4.65994 1.48 134525 0 -1.02353 0.944848 0
0.83551 13.9153 1.13081 2.11764 4.79838 1.86462 129872 0 1.95163 0.917501 0
-10.7068 12.229 0.647723 2.11098 4.73781 1.47545 127496 0 -1.00711 0.911011 0
48.1625 -2.14409 -0.310992 1.95577 4.21102 1.68733 106620 0 -1.18542 0.908473 0
-44.7217 10.3987 1.1399 2.13939 4.59526 1.52746 124582 0 -1.22985 0.907375 0
-6.28188 19.3382 0.998705 2.13828 4.92783 1.79445 137806 0 2.13312 0.902287 0
-15.887 27.402 1.0986 1.97394 4.51439 1.44516 149476 0 2.09045 0.900909 0
12.632 10.2838 0.881436 1.98086 4.60343 1.52412 124761 0 -1.18528 0.899815 0
19.9839 14.2196 1.03186 2.12365 4.80642 1.78519 130400 0 1.87858 0.899543 0
-29.8641 15.626 1.1259 2.13313 4.6973 1.83276 132116 0 -1.01663 0.895894 0
-18.4963 22.7994 1.02553 1.98135 4.46854 1.48356 142916 0 2.11395 0.895208 0
-0.694801 10.7073 1.04764 2.06267 4.68537 1.57101 125187 0 1.91117 0.8917 0
16.171 56.5378 1.3395 2.02601 4.72493 1.51685 192164 0 1.87566 0.891305 0
19.0295 11.3424 0.778694 2.05304 4.66794 1.60948 126185 0 1.94033 0.877224 0
-17.7713 25.3583 1.26662 2.0699 4.71591 1.67638 146662 0 2.11495 0.874987 0
-27.7464 -1.83799 0.452959 1.98771 4.30528 1.5975 106851 0 0.312372 0.873361 0
-30.0312 -0.778549 0.564706 2.1152 4.79009 1.64203 108248 0 0.262115 0.872469 0
-45.2975 14.6827 1.28363 2.06349 4.57802 1.56387 130664 0 1.90504 0.868476 0
29.8209 6.77929 0.455136 2.23195 5.07934 1.88167 119667 0 -1.27791 0.868144 0
36.953 3.59243 -0.1262 2.09107 4.66147 1.5356 115009 0 1.90911 0.863535 0
13.9576 13.2619 0.896278 1.91264 4.48549 1.44592 128977 0 -1.24369 0.861953 0
-14.2784 29.6583 1.40422 2.02445 4.52639 1.67754 152757 0 2.15472 0.855048 0
30.5849 9.74271 0.479669 2.13606 4.73157 1.77341 123881 0 -1.24866 0.853236 0
2.15519 16.1755 1.17228 2.24888 5.08572 1.90507 133152 0 2.0186 0.851982 0
21.9115 19.6702 1.16459 2.10455 4.82295 1.616 138362 0 -1.22879 0.848858 0
-8.91054 14.4432 0.737867 1.99454 4.5641 1.46652 130778 0 -1.04551 0.837504 0
14.5344 16.0975 0.9351 1.91586 4.58689 1.49372 133191 0 -1.20611 0.837187 0
-24.4869 24.8594 1.11262 1.93932 4.40871 1.55685 145705 0 -1.0095 0.835541 0
-60.9457 20.0039 1.89526 2.087 4.62867 1.77841 138571 0 1.92103 0.834233 0
22.2969 38.2492 1.32831 2.0161 4.57997 1.71214 165507 0 -1.21809 0.833154 0
3.57994 21.8365 1.30863 2.18441 4.8955 1.94289 141581 0 2.03425 0.831657 0
16.5246 21.5741 1.03824 1.98418 4.70518 1.45233 141153 0 1.92059 0.831562 0
-59.9688 15.7711 1.72645 2.13589 4.63488 1.75678 132490 0 -1.27089 0.829795 0
-40.459 26.3845 1.33211 1.99618 4.47856 1.59086 147995 0 2.16234 0.825545 0
-67.5816 12.9902 1.94504 2.07026 4.72894 1.61128 128254 0 0.379461 0.824974 0
-21.8559 18.3392 0.860603 2.06835 4.72216 1.44987 136353 0 -0.993626 0.824214 0
0.537544 28.0148 1.42829 2.21847 4.93911 1.87478 150463 0 -0.991331 0.820629 0
-20.3685 20.6015 0.927883 1.97173 4.58221 1.45548 139634 0 2.13916 0.81724 0
-19.974 18.721 0.901688 0.897789 0.890222 1.69757 136827 0 -0.951241 0.815291 1
-8.2326 39.7733 1.44406 2.12098 4.75871 1.63011 167752 0 2.19972 0.812093 0
-4.37865 21.2809 1.15307 2.06273 4.30117 1.78873 140620 0 -1.02853 0.809924 0
15.2805 18.8176 0.988719 1.93248 4.56229 1.47378 136937 0 -1.27026 0.809622 0
17.3408 8.69018 0.930238 2.10553 4.81796 1.90054 122436 0 1.89066 0.809504 0
17.756 24.2541 1.25652 2.07678 4.92933 1.82969 144901 0 -1.27889 0.806586 0
-43.6629 22.1542 1.49864 2.26534 5.07267 1.88489 141901 0 -1.02152 0.805439 0
64.1716 -10.6591 -1.10051 2.07038 4.62998 1.81275 94034 0 -1.1624 0.797596 0
29.2337 -7.56867 0.0177451 1.01579 0.947196 1.60042 98605 0 0.589087 0.797544 1
-25.748 22.637 1.07864 1.95148 4.45489 1.54971 142425 0 -1.06208 0.791774 0
-5.94791 41.5011 1.2842 1.87351 4.27088 1.4203 170099 0 2.16354 0.783162 0
-45.8946 27.0306 1.51145 2.06357 4.5888 1.5984 148914 0 -0.932123 0.781948 0
49.2073 0.541069 -0.483058 1.94907 4.37301 1.60788 110367 0 1.88635 0.781687 0
-22.8239 27.6195 1.20433 1.94325 4.55083 1.53401 149922 0 -1.04218 0.780836 0
4.98232 24.8334 1.04578 2.03984 4.64407 1.5542 145797 0 2.09214 0.773138 0
64.7811 -7.88905 -1.15262 2.00006 4.54861 1.61431 98248 0 -1.20888 0.770404 0
38.1923 6.95105 0.0287486 1.99221 4.52398 1.71598 119693 0 1.90669 0.768874 0
-2.70471 23.4946 0.944723 2.03495 4.72301 1.44392 143901 0 -0.999768 0.76412 0
25.1151 27.8974 1.28662 2.15647 4.76278 1.67025 150540 0 1.88445 0.759288 0
53.2631 -4.02197 -0.720943 1.96885 4.49538 1.55088 103828 0 1.94734 0.752811 0
-25.1868 -2.98535 0.411349 2.02869 4.46186 1.61552 104987 0 0.286235 0.752581 0
16.4739 59.5786 1.53171 1.96404 4.49657 1.55977 196845 0 1.90326 0.749592 0
18.7388 29.9404 1.29845 2.09776 4.92419 1.87074 153328 0 1.88719 0.743558 0
36.5721 -15.7286 -0.298969 0.905191 0.910023 1.70846 86460 0 1.926 0.743522 1
-69.9394 14.2807 2.08893 2.04782 4.60404 1.71052 130119 0 0.343906 0.742302 0
28.6284 -11.2661 0.044498 0.880623 0.935277 1.84422 92987 0 2.03942 0.739365 1
-1.38684 25.7298 1.09403 2.03001 4.72227 1.4538 147181 0 -0.982658 0.737715 0
24.4554 43.7224 1.29135 2.0468 4.64801 1.63799 173470 0 -1.28762 0.737098 0
-19.9489 32.1729 1.44192 2.00586 4.50638 1.58793 156483 0 -1.04672 0.734438 0
-30.8319 39.8751 1.68985 2.33349 5.77892 1.89895 167681 0 -0.981076 0.733788 0
-26.976 20.0856 1.21313 2.14407 5.15074 1.82948 138677 0 -1.04505 0.72243 0
-23.2699 15.0708 0.914352 1.9249 3.85223 1.56115 131669 0 -1.16242 0.722004 0
-22.532 58.6795 2.04265 2.19469 4.93879 1.81332 195319 0 -0.975568 0.720975 0
-28.3314 18.0247 1.0166 2.17999 4.96957 1.57955 135865 0 -1.04718 0.714982 0
5.30981 34.7778 1.34634 2.11122 4.97261 1.85424 160306 0 -0.96424 0.71378 0
-4.0545 44.0482 1.3843 1.98464 4.49209 1.45041 173849 0 2.14322 0.709327 0
-48.8253 21.8586 1.4487 1.91468 4.33103 1.52699 141417 0 2.17354 0.706956 0
2.07944 30.2699 1.1389 2.02955 4.65214 1.49913 153744 0 -1.00503 0.69065 0
21.2014 70.1853 2.1197 2.14481 4.81817 1.85853 212304 0 1.94049 0.689802 0
25.1423 46.488 1.48896 2.02944 4.42496 1.78575 177684 0 -1.30062 0.685162 0
23.7756 41.3466 1.49529 2.09574 4.73314 1.87089 170192 0 -1.27965 0.68134 0
49.816 4.25983 -0.26816 2.03171 4.43282 1.72736 115985 0 -1.15187 0.678574 0
28.3353 55.28 1.71264 2.05559 4.55975 1.80272 190330 0 -1.24242 0.672314 0
50.7338 6.82784 -0.494598 1.97921 4.44915 1.50892 119732 0 -1.11659 0.668038 0
18.7534 26.7645 1.02086 2.02608 4.63047 1.52226 148648 0 -1.23617 0.667586 0
-72.4961 15.5335 1.98495 1.95297 4.31071 1.54901 131983 0 0.379357 0.658343 0
-11.9641 33.6553 1.30566 0.678598 0.646173 1.6003 158848 0 -2.68946 0.645102 1
-11.943 33.5583 1.33828 0.703051 0.64549 1.65044 158380 0 -3.06101 0.642093 1
-13.5835 40.5548 1.55798 2.25368 5.41071 1.72099 168671 0 -0.955276 0.629784 0
34.6157 -12.248 -0.278389 0.84732 0.91381 1.68896 91602 0 -1.28859 0.618982 1
29.2107 -11.0271 -0.0185839 0.796657 0.812662 1.7149 93457 0 -0.675747 0.617889 1
55.2078 1.79407 -0.623058 2.02156 4.59465 1.58489 112258 0 1.97203 0.615299 0
-23.4612 15.1717 0.92172 1.95246 4.19511 1.5593 131668 0 -1.5638 0.613663 0
19.2915 29.9026 1.26558 2.39009 6.13085 2.06631 153330 0 1.83988 0.612871 0
-8.48762 47.2686 1.77542 1.96467 4.39368 1.67076 178515 0 -1.0466 0.612434 0
32.4653 12.9078 0.377622 1.97 4.31283 1.58182 128567 0 -1.37927 0.610933 0
46.5814 4.72633 -0.160331 0.887535 0.918799 1.71309 116443 0 0.0505678 0.610583 1
-12.3525 10.1319 0.693252 1.88343 4.26689 1.51062 124215 0 -0.980131 0.606162 0
56.1399 -21.5418 -0.319466 2.91083 6.84552 3.0946 78097 0 1.95225 0.596487 0
39.8747 30.1682 0.865829 1.98034 4.46036 1.53155 153862 0 -1.26061 0.59467 0
-33.1198 34.9911 1.65088 2.40628 5.70982 2.03299 160654 0 -0.960677 0.594447 0
-10.0444 65.8516 2.17317 1.96459 4.44583 1.68348 205654 0 -0.973152 0.592205 0
20.9614 16.748 1.00233 2.09084 4.81912 1.65862 134147 0 1.88236 0.589847 0
-15.1845 60.3536 2.11415 2.22722 5.43444 1.77956 197682 0 2.25672 0.588977 0
-57.1532 32.1825 1.91392 2.00456 4.4728 1.59666 156367 0 -0.792668 0.585001 0
18.1216 61.969 1.6315 2.12455 4.84064 1.81674 200126 0 1.89122 0.581999 0
3.33517 32.8014 1.13754 1.98131 4.45296 1.49385 157492 0 -0.99703 0.570603 0
-21.6074 30.1848 1.20266 2.00116 4.72118 1.4759 153670 0 -1.08548 0.565246 0
23.5484 22.2725 1.09991 2.12935 4.92461 1.52726 142111 0 1.88466 0.56347 0
-65.1414 31.1359 2.01934 2.02906 4.45067 1.7129 154938 0 -0.944834 0.558329 0
-18.4166 34.3423 1.33014 2.01037 4.66003 1.45413 159764 0 -1.05185 0.558283 0
-3.0313 46.8412 1.70378 2.1872 5.20586 1.75914 178064 0 2.12159 0.55593 0
54.5481 -0.87606 -0.440172 2.04342 4.65821 1.63699 108512 0 1.9134 0.553519 0
55.9427 11.402 1.01487 0.826014 1.93384 1.7912 126300 0 0.356133 0.546173 2
-13.5765 32.514 1.16143 1.89126 4.5556 1.44685 156971 0 2.12196 0.540751 0
18.9985 65.0767 1.61471 2.14687 4.9093 1.75554 204809 0 -1.43662 0.538152 0
20.296 67.3883 1.40779 2.01014 4.629 1.55565 208089 0 1.90799 0.536929 0
28.991 39.1837 1.14077 1.94156 4.43808 1.52291 166932 0 1.90879 0.529431 0
34.7891 -13.2216 -0.239618 0.890045 0.935213 1.67915 90198 0 -1.50334 0.527688 1
39.5462 17.1909 0.469874 1.95763 4.46522 1.69083 134673 0 1.83775 0.526832 0
69.2743 -12.6396 -1.20118 1.96956 4.42119 1.70214 91242 0 1.93447 0.515465 0
-9.11988 36.6627 1.20567 2.0268 4.7251 1.51929 163069 0 1.70843 0.51426 0
28.7047 -9.43681 -0.0319744 0.829799 0.88444 1.70681 95795 0 -0.739556 0.5021 1
38.8706 14.6107 0.364291 1.9204 4.37351 1.59476 130927 0 1.89481 0.501933 0
27.6816 36.5823 1.16438 1.90988 4.24802 1.46656 163184 0 1.95524 0.491953 0
29.3739 37.2765 1.4333 0.750377 0.667801 1.75677 164125 0 -2.47062 0.48559 1
-60.6694 28.322 1.89441 1.94292 4.3431 1.76728 150740 0 2.1978 0.48369 0
29.0117 -11.0431 -0.0180487 0.860014 0.87172 1.81725 93456 0 2.04223 0.481638 1
29.4919 37.2704 1.43456 0.793538 0.730618 1.72598 164126 0 -2.48264 0.466778 1
-9.39277 36.9331 1.2486 2.11436 5.02287 1.57769 163536 0 2.20643 0.466714 0
29.2392 -7.70877 0.0198682 0.974526 0.93506 1.5928 98137 0 0.575172 0.461895 1
31.1844 -10.3896 -0.159106 0.882615 0.948777 1.71477 94399 0 0.487164 0.460471 1
30.5588 60.9157 1.71994 2.15794 4.99624 1.81597 198761 0 -1.24925 0.457918 0
-13.3085 32.438 1.17134 1.90051 4.66716 1.44582 156972 0 2.73482 0.45354 0
34.6281 -12.1117 -0.277768 0.867848 0.942163 1.68187 92070 0 -1.31242 0.447771 1
24.1659 25.1233 0.996681 2.15498 4.89521 1.44957 146325 0 1.90393 0.44696 0
56.7984 7.56171 -0.341153 1.94956 4.34305 1.63309 120687 0 1.94277 0.44616 0
-11.9355 34.7813 1.26729 2.10445 5.13059 1.59453 160252 0 -0.94287 0.442031 0
40.4643 33.1386 1.09346 2.04105 4.60707 1.56288 158076 0 -1.29464 0.441554 0
31.4919 64.0887 1.98487 2.30159 5.06951 1.93869 203444 0 -1.21932 0.431673 0
28.5409 -10.3625 0.156518 0.903062 0.969047 1.8836 94391 0 1.90756 0.426391 1
-11.7389 33.644 1.25787 0.696229 0.701691 1.57189 158849 0 -2.98579 0.42302 1
-8.15936 74.4132 1.86903 2.07179 5.04425 1.65343 218296 0 1.21343 0.422752 0
-9.11405 47.5173 1.75734 2.25823 5.39229 1.77298 178981 0 -1.0648 0.416117 0
-62.6492 14.4338 1.95687 0.861247 0.851594 1.67905 130610 0 1.90491 0.411216 1
26.0982 49.1214 1.36686 2.01957 4.64447 1.6078 181431 0 -1.28614 0.399445 0
-72.7269 15.7706 1.90901 1.93652 4.2544 1.55984 132450 0 0.440838 0.397756 0
-12.2797 35.0605 1.31555 2.15538 5.23392 1.61357 160719 0 -0.653131 0.394909 0
71.196 -6.89539 -1.20992 1.9786 4.33275 1.57921 99672 0 1.84896 0.391932 0
25.129 24.7447 1.19189 2.03608 4.44373 1.44894 145860 0 1.87954 0.387253 0
45.2582 28.3606 0.682367 1.85237 4.21212 1.47767 151071 0 1.82849 0.385493 0
69.5506 -12.3607 -1.23887 2.08863 4.79806 1.80022 91711 0 1.89382 0.383259 0
-8.79957 36.3793 1.20974 2.03667 4.81637 1.5176 162602 0 -0.917546 0.371851 0
-8.45063 74.4048 1.9628 2.16554 5.36044 1.72877 218295 0 1.60092 0.369663 0
34.7167 -13.5659 -0.202878 0.879559 0.924543 1.72713 89730 0 -2.58345 0.366174 1
28.8459 -9.41428 -0.0101993 0.851522 0.900613 1.70617 95796 0 0.427349 0.360809 1
-64.7604 30.6605 2.01168 2.10901 4.54906 1.7673 154003 0 -0.94443 0.359977 0
65.7482 -4.95512 -0.85113 2.12441 4.81267 1.74077 102463 0 -1.2685 0.358354 0
34.8032 -13.0699 -0.28953 0.855182 0.892764 1.64747 90666 0 -1.10115 0.356677 1
-32.474 67.3323 1.76856 2.03118 4.56445 1.57831 207924 0 1.10132 0.355734 0
-57.3878 31.922 1.88135 2.05411 4.61804 1.62876 155898 0 -0.94563 0.355127 0
28.8972 -11.2527 0.0142371 0.920537 0.938436 1.84291 92988 0 2.53695 0.35283 1
30.9681 -10.4018 -0.156716 0.883901 0.965025 1.71573 94398 0 -0.415078 0.349141 1
-2.39105 46.3265 1.7196 2.13436 4.88313 1.72615 177130 0 2.08424 0.348468 0
-19.8239 18.7086 0.888594 0.927479 0.957831 1.69736 136828 0 -0.953892 0.343765 1
-19.9551 18.5213 0.922387 0.922358 0.948734 1.69608 136359 0 -0.882309 0.342875 1
29.2132 -10.8416 -0.000199258 0.819364 0.840593 1.71567 93925 0 1.1368 0.342349 1
-11.3835 33.6801 1.19284 0.689952 0.760948 1.49624 158850 0 2.48139 0.340642 1
29.2567 39.4604 1.16619 1.98804 4.51618 1.57534 167401 0 1.91372 0.334518 0
39.8789 33.1925 1.07894 1.97101 4.42654 1.55697 158074 0 -1.27052 0.333415 0
17.851 -9.53574 0.284848 0.872046 0.879241 1.59401 95761 0 1.35502 0.332325 1
46.7611 4.70406 -0.152924 0.922221 0.970078 1.75528 116444 0 -1.28948 0.328518 1
18.3788 62.4732 1.63343 2.21749 5.07994 1.8655 201063 0 1.96081 0.325662 0
-8.17568 74.7127 1.75798 2.14546 5.1086 1.75074 218764 0 -1.02549 0.325628 0
29.2187 -7.30153 0.00241275 0.890333 0.896404 1.46659 99073 0 0.557194 0.32396 1
21.6809 17.3742 1.05509 0.833491 0.863029 1.67669 135085 0 0.244032 0.321739 1
21.8516 16.4542 1.01387 2.1166 4.83839 1.66138 133682 0 1.91834 0.321457 0
69.0212 -12.9163 -1.24046 1.92623 4.29278 1.67095 90773 0 1.9843 0.321399 0
31.1959 -10.1782 -0.171047 0.892222 0.93169 1.71648 94867 0 -0.143019 0.320273 1
-20.0092 18.9119 0.90758 0.867222 0.912676 1.65162 137295 0 -0.797473 0.318748 1
28.5967 36.2885 1.19146 1.89642 4.45488 1.49526 162719 0 1.93496 0.313451 0
34.9362 -13.0609 -0.345206 0.84454 0.873435 1.66303 90667 0 -1.22309 0.313059 1
3.08603 32.565 1.15444 1.99991 4.5452 1.4937 157023 0 -0.988681 0.312361 0
26.3799 49.4123 1.39562 2.07982 4.7929 1.68648 181900 0 -1.31177 0.31085 0
4.30691 35.621 1.35458 2.15942 4.91201 1.83185 161707 0 2.21328 0.307639 0
-31.8341 69.0002 1.84707 1.96614 4.3534 1.57801 210266 0 2.68212 0.307322 0
-9.05077 36.4236 1.21834 2.00377 4.62605 1.50918 162601 0 0.304838 0.305778 0
-56.8848 32.4343 1.93054 2.00662 4.43661 1.57912 156836 0 -0.581222 0.303543 0
-60.902 28.0786 1.88767 2.02723 4.6009 1.7865 150271 0 2.14777 0.303071 0
-8.1125 8.49662 0.887993 0.822556 1.00345 1.63665 121888 0 -0.878874 0.302111 1
65.1524 -4.66479 -0.877359 1.94683 4.32837 1.62551 102929 0 -1.28681 0.301408 0
-12.8535 10.3893 0.700649 2.1394 5.17969 1.60058 124681 0 -1.00658 0.300298 0
55.2867 -21.2211 -0.364542 2.65463 5.64639 2.84665 78562 0 1.88817 0.300187 0
16.2635 21.3626 1.03726 1.91648 4.46032 1.47286 140684 0 1.96361 0.298454 0
-10.4136 66.3036 2.1202 2.29551 5.48739 1.85121 206589 0 -0.943058 0.296256 0
49.7386 58.3899 1.11144 2.16127 4.95887 1.79311 195077 0 -1.48042 0.295959 0
56.1641 8.07934 -0.328678 2.09818 4.65932 1.70566 121621 0 1.98559 0.293946 0
21.5406 16.7096 1.03625 1.88375 3.85593 1.73176 134149 0 1.87322 0.293815 0
28.71 -9.22823 0.028023 0.860798 0.921766 1.65582 96263 0 -0.513062 0.292417 1
40.8008 37.2684 0.993474 1.95394 4.43167 1.54777 164161 0 -1.34936 0.290795 0
65.4589 -5.23017 -0.885275 2.00841 4.50325 1.65907 101994 0 -1.25305 0.290747 0
27.4179 36.3982 1.15404 1.86413 4.19389 1.47799 162715 0 1.92773 0.289861 0
29.278 38.612 1.16347 1.92476 4.28351 1.56659 165997 0 1.908 0.289354 0
-21.025 30.1281 1.24579 1.92099 4.50028 1.48609 153672 0 -1.12325 0.288555 0
-11.3959 33.5363 1.21658 0.646566 0.62211 1.44324 158382 0 2.57721 0.288319 1
39.4714 14.5263 0.379419 2.01215 4.4923 1.63114 130929 0 1.88721 0.28737 0
66.0429 -4.67442 -0.834297 2.22036 5.11285 1.79573 102932 0 -1.27299 0.284754 0
18.6309 61.9635 1.61668 1.93569 4.25234 1.72247 200128 0 1.9127 0.283649 0
65.4537 -4.37233 -0.820415 2.02712 4.47278 1.67117 103398 0 -1.26627 0.28357 0
35.3542 18.7565 0.596049 1.97216 4.37314 1.68996 137000 0 -1.30689 0.283163 0
-2.11478 -13.6269 0.585513 0.830875 1.79289 1.54525 89615 0 1.5007 0.282856 2
25.814 48.8711 1.369 1.93798 4.36734 1.58869 180962 0 -1.26821 0.280582 0
-62.7476 14.3479 1.98101 0.857687 0.862202 1.70505 130141 0 1.90182 0.280545 1
31.4163 -10.3837 -0.154923 0.905892 0.972835 1.75174 94400 0 0.791623 0.280456 1
-20.9507 29.6936 1.21322 1.95416 4.55544 1.45561 152736 0 -1.02251 0.279766 0
25.6702 46.2992 1.52918 2.3226 5.47748 1.97543 177218 0 -1.28083 0.279624 0
-18.9441 34.478 1.34357 1.91623 4.40056 1.43393 159762 0 -1.06796 0.278494 0
18.7468 65.3622 1.6254 2.0297 4.61557 1.68732 205276 0 -1.83017 0.273789 0
69.927 -10.078 -1.34465 1.94851 4.36589 1.56506 94988 0 1.9925 0.273785 0
2.63699 30.1656 1.10769 2.09647 4.72531 1.54405 153746 0 -0.990892 0.272628 0
-8.15846 74.1471 1.79452 1.91724 4.37088 1.56732 217828 0 1.69002 0.272422 0
-22.1574 30.2975 1.19808 1.89218 4.42987 1.47512 153668 0 -1.07388 0.271968 0
23.8919 33.8766 1.67869 0.755301 0.733392 1.63462 158960 0 1.84343 0.271727 1
17.9693 -9.53819 0.276036 0.894239 0.914372 1.63148 95762 0 0.764045 0.270167 1
71.2132 -7.47072 -1.22916 1.97311 4.32357 1.58047 98736 0 1.9222 0.269956 0
29.2294 -11.2511 0.010058 0.816376 0.850207 1.73733 92989 0 -2.5908 0.269696 1
70.9431 -7.16448 -1.20683 1.90027 4.14732 1.5394 99203 0 1.92469 0.269674 0
-8.46947 74.7199 1.86022 2.23043 5.46257 1.83472 218763 0 1.1702 0.269429 0
21.8126 17.3669 1.05931 0.839154 0.860753 1.67223 135086 0 -0.511564 0.268809 1
-31.569 69.2609 1.83752 2.01104 4.48758 1.60585 210735 0 2.82262 0.268673 0
-26.0886 47.841 1.52285 2.06042 4.56882 1.65219 179396 0 2.09512 0.265695 0
31.1785 -10.6123 -0.0966907 0.915778 1.00021 1.73849 93931 0 2.09501 0.26517 1
-2.70502 25.0843 1.11331 0.678723 0.656806 1.43739 146241 0 0.776159 0.265113 1
60.2844 16.1443 -0.0397954 2.25368 5.26423 1.82427 133334 0 1.5419 0.264825 0
57.3844 7.45982 -0.344574 2.10491 4.71945 1.66161 120689 0 1.8992 0.262903 0
28.6565 -9.67696 0.0780955 0.821337 0.891233 1.75357 95327 0 1.71501 0.262699 1
29.0151 -10.8237 -0.0328153 0.741796 0.820739 1.76741 93924 0 1.94879 0.261534 1
-0.915077 25.6344 1.06128 2.06938 4.73714 1.48503 147183 0 -0.956922 0.260763 0
71.4627 -6.60203 -1.23623 2.11613 4.66255 1.68678 100141 0 1.77403 0.259534 0
20.0598 67.1357 1.44147 2.09219 4.84733 1.62722 207620 0 1.84468 0.259042 0
2.70189 19.0208 0.880509 2.14033 4.93663 1.6228 137366 0 2.01576 0.259023 0
60.0393 15.8821 -0.0379764 2.09044 4.78769 1.70416 132865 0 2.3565 0.258763 0
55.8863 11.1079 1.00192 0.841626 2.00804 1.84166 125832 0 0.317902 0.258311 2
41.1109 36.9756 0.983486 1.9516 4.43677 1.57348 163694 0 -1.32639 0.257601 0
19.2736 64.8444 1.64289 2.29117 5.39712 1.86972 204342 0 2.18977 0.255603 0
28.7158 38.9241 1.10308 1.93634 4.34775 1.54785 166463 0 1.91624 0.25341 0
66.3915 -5.2551 -0.892424 2.0497 4.61224 1.72042 101997 0 -1.26327 0.252456 0
-3.91176 -13.8807 0.691046 0.779083 0.714828 1.6626 89141 0 -1.87217 0.250186 1
24.2009 35.6636 1.55373 0.718929 0.70887 1.68417 161769 0 0.562074 0.249552 1
46.3745 4.70547 -0.138239 0.911955 0.96376 1.72607 116442 0 0.0463727 0.248776 1
18.7688 64.5764 1.55441 2.0556 4.65939 1.66488 203872 0 -1.32021 0.248674 0
49.4736 58.1326 1.12293 2.03086 4.57462 1.67175 194608 0 -1.38523 0.248485 0
-25.747 47.5576 1.49088 2.07047 4.64146 1.6684 178929 0 1.70929 0.248072 0
40.202 32.8929 1.07081 1.95341 4.35587 1.53517 157607 0 -1.25594 0.248005 0
-60.402 28.5857 1.89881 1.85695 4.13796 1.73418 151209 0 2.28025 0.247638 0
23.9452 43.9508 1.26735 1.72039 3.73438 1.54423 173936 0 -1.3026 0.247457 0
-3.88844 -13.0597 0.521875 0.723647 0.678108 1.52378 90545 0 -1.32168 0.246357 1
-13.3675 32.708 1.16634 1.79505 4.4214 1.44569 157440 0 2.3243 0.24616 0
-57.4508 40.473 1.87323 2.01954 4.45169 1.634 168534 0 0.288595 0.243519 0
60.2722 15.8935 -0.0595428 2.26923 5.26588 1.80989 132866 0 2.0418 0.243512 0
59.9865 -22.9172 -0.116248 3.192 11.788 3.66348 76237 0 -1.1985 0.243239 0
-57.7588 39.8486 1.81228 2.06726 4.72087 1.61199 167597 0 0.388555 0.243154 0
8.48189 39.5436 1.26126 2.03741 4.69323 1.55647 167336 0 -1.02811 0.243153 0
45.8828 28.2716 0.640437 2.00861 4.55409 1.55694 151073 0 1.79957 0.242395 0
-59.0519 39.8436 1.94307 1.9665 4.38513 1.60762 167593 0 1.8701 0.24223 0
40.4246 17.0543 0.457114 2.10064 4.71796 1.74399 134676 0 1.74212 0.242046 0
-15.5039 60.8706 2.16124 2.32243 5.53492 1.86522 198617 0 2.22382 0.24162 0
40.801 36.0252 1.01219 1.99507 4.45788 1.57568 162289 0 -1.38009 0.241368 0
-36.6427 30.8691 1.43048 1.97836 4.46979 1.6211 154559 0 -0.934045 0.240796 0
1.52396 30.3072 1.16717 2.00488 4.52062 1.51292 153742 0 -1.0033 0.240071 0
-50.349 19.3885 0.560138 0.796808 1.63967 1.74671 137668 0 1.97342 0.240022 2
28.3334 36.0845 1.1856 1.83926 4.28747 1.45233 162250 0 1.92323 0.239084 0
-57.6817 32.4484 1.95479 2.30287 5.53411 1.84694 156833 0 -0.879186 0.238562 0
-14.6393 60.0176 2.1741 2.01854 4.56734 1.65663 197216 0 2.32492 0.237727 0
28.8561 -9.23084 0.0433067 0.871167 0.94296 1.66131 96264 0 0.0817812 0.237425 1
-35.4086 29.2433 0.855986 0.792697 0.938211 1.6859 152223 0 -0.87529 0.236277 1
-12.2145 33.7051 1.32304 0.677038 0.621952 1.60807 158847 0 -2.56279 0.236142 1
60.037 16.1096 -0.0217077 2.08808 4.81661 1.71762 133333 0 3.13444 0.235808 0
1.74345 30.7816 1.17478 2.07649 4.74457 1.53691 154679 0 -1.00673 0.234757 0
28.5669 -10.2022 0.114998 0.889989 0.97422 1.86631 94859 0 1.9174 0.234352 1
46.7551 4.85277 -0.16123 0.934886 0.970266 1.76605 116912 0 0.103376 0.234331 1
49.152 4.58919 -0.270528 2.24837 5.30595 1.82918 116451 0 -1.18569 0.234136 0
70.2029 -9.79195 -1.2451 2.02323 4.54282 1.5956 95457 0 1.93334 0.232228 0
54.9602 1.55187 -0.61546 1.96792 4.40645 1.58403 111789 0 2.00886 0.231613 0
38.3477 14.641 0.308511 1.92157 4.33915 1.58352 130925 0 1.88809 0.229684 0
-8.79682 5.97498 0.448775 0.665645 0.757522 1.37102 118142 0 -0.544159 0.228502 1
33.0459 12.6893 0.31231 2.08403 4.67192 1.62338 128101 0 -1.33891 0.227071 0
-0.489243 28.6812 1.45306 2.21342 4.92934 1.80188 151396 0 2.18269 0.226798 0
4.72813 24.566 1.08252 2.13399 4.95577 1.60714 145328 0 2.01944 0.226502 0
66.7023 -4.97014 -0.843166 2.07075 4.63201 1.74639 102466 0 -1.32064 0.226221 0
40.812 36.6554 0.957542 1.95768 4.4712 1.56079 163225 0 -1.34417 0.224794 0
54.6498 2.04053 -0.575282 1.80179 3.87541 1.5006 112724 0 1.95991 0.224649 0
-26.6976 47.8668 1.50216 2.0717 4.62674 1.62765 179394 0 2.07211 0.22319 0
34.7571 19.0309 0.574682 1.80005 3.88075 1.55468 137466 0 -1.2953 0.222836 0
70.625 -6.85921 -1.2642 1.873 4.1245 1.54679 99670 0 1.88057 0.221664 0
-32.2325 67.1023 1.73506 1.87132 4.20892 1.50391 207457 0 0.969294 0.220761 0
64.2733 -7.82301 -1.10971 1.65018 3.48574 1.46281 98246 0 -1.1685 0.22001 0
18.5111 65.1113 1.57456 1.89206 4.23326 1.6023 204807 0 -1.63959 0.21992 0
4.73535 35.1061 1.40116 1.88322 4.13466 1.74148 160772 0 -1.21796 0.219352 0
69.6426 -10.3516 -1.40808 1.90599 4.20795 1.56622 94519 0 2.02516 0.218767 0
36.9195 64.1438 2.38627 2.1775 4.84726 1.83611 203461 0 -2.86896 0.217136 0
36.468 -15.6384 -0.277614 0.923963 0.940247 1.72279 86927 0 1.93261 0.217098 1
-56.8845 31.9016 1.93294 1.81333 3.89183 1.49109 155900 0 -0.551821 0.216784 0
60.8786 1.16574 -0.791635 0.806115 0.925384 1.80896 111340 0 -1.66716 0.216435 1
34.704 -12.6213 -0.250504 0.892139 0.971544 1.73003 91134 0 -1.10143 0.215635 1
-20.1824 18.7498 0.914737 0.98915 1.13773 1.70827 136826 0 -1.06558 0.214865 1
29.4852 -11.0434 -0.0193294 0.856959 0.889137 1.73406 93458 0 -1.32907 0.214753 1
5.47758 24.7948 1.00267 1.76832 3.79791 1.46195 145799 0 2.14948 0.214702 0
21.6392 17.1403 1.05626 0.997217 1.1766 1.70105 134617 0 1.36759 0.214344 1
30.9651 -10.1886 -0.162877 0.900788 0.964957 1.70774 94866 0 -0.357662 0.213526 1
36.6396 62.5753 2.10889 2.23837 5.2977 1.87604 201120 0 2.71394 0.213119 0
28.4131 -10.2011 0.0708454 0.846039 0.906371 1.82525 94858 0 1.94356 0.212633 1
66.0713 -5.5426 -0.943837 2.00189 4.44124 1.68223 101528 0 -1.24619 0.212384 0
23.5398 22.7739 1.08687 2.10309 4.81226 1.50742 143047 0 1.85539 0.211737 0
-38.8989 28.0188 1.24821 2.05352 4.63052 1.55364 150340 0 2.1047 0.210588 0
40.4826 37.5509 1.03702 1.98039 4.49417 1.54159 164628 0 -1.35989 0.210235 0
-8.88873 36.8661 1.22186 2.09027 4.95643 1.56513 163538 0 -2.11467 0.209437 0
62.866 1.43782 -0.426465 2.10178 4.73979 1.82305 111814 0 1.76196 0.209203 0
60.7353 1.17486 -0.80715 0.799677 0.893548 1.78346 111339 0 -1.67205 0.209158 1
-13.9733 7.23213 0.987599 0.811305 0.900777 1.73889 119998 0 1.22069 0.209031 1
-59.3132 39.8487 2.01516 2.13373 4.83582 1.72439 167592 0 -2.03119 0.209017 0
-2.48671 46.7891 1.76334 2.27375 4.90504 1.84877 178066 0 2.07839 0.208448 0
3.33527 29.6045 1.13271 2.12429 4.78159 1.56445 152812 0 -0.98229 0.208081 0
-8.75892 46.9743 1.80985 1.99212 4.52486 1.66683 178046 0 -1.02113 0.208062 0
-12.3737 10.6086 0.712587 2.09609 4.92486 1.54484 125151 0 -0.929085 0.207931 0
15.955 59.6421 1.55304 1.69393 3.77321 1.446 196843 0 1.90117 0.207668 0
35.6277 19.0083 0.608209 2.07623 4.63827 1.73207 137469 0 -1.35539 0.207513 0
40.5101 36.9845 0.981144 1.97566 4.52429 1.54407 163692 0 -1.36594 0.20731 0
-12.6113 35.3422 1.41372 2.19314 5.30853 1.67591 161186 0 2.15041 0.207285 0
40.5018 36.3129 0.961656 1.99497 4.57968 1.54842 162756 0 -1.37508 0.20725 0
36.945 62.545 2.13453 2.17267 5.04034 1.84572 201121 0 1.93135 0.206654 0
41.0946 36.3265 0.99574 1.99022 4.51177 1.60585 162758 0 -1.36326 0.205251 0
-6.23129 41.9555 1.26202 2.19847 5.09941 1.54858 171034 0 2.17879 0.20485 0
-60.9841 13.234 1.97398 0.848272 1.08694 1.81649 128743 0 2.80609 0.204171 1
-38.223 40.7931 1.55909 2.07189 4.60546 1.59803 169062 0 -0.936595 0.204008 0
54.0172 -0.851402 -0.475822 2.04573 4.68366 1.63685 108510 0 1.92332 0.202987 0
53.5087 -3.77972 -0.749482 2.09321 4.85333 1.59746 104297 0 1.87091 0.202849 0
-36.9443 30.5907 1.42107 1.95995 4.4417 1.60768 154090 0 -0.843685 0.202494 0
41.4065 37.2556 1.03483 2.00861 4.51851 1.59324 164163 0 -1.33477 0.201471 0
-13.0331 32.388 1.15269 1.81262 4.30658 1.42299 156973 0 -1.08937 0.200973 0
21.8209 17.1768 1.06256 0.963991 1.08825 1.69542 134618 0 0.912291 0.200881 1
40.1914 37.2952 0.970293 1.9365 4.47843 1.5309 164159 0 -1.41918 0.200845 0
58.0699 7.20166 -0.290282 2.01963 4.52888 1.64008 120223 0 1.63455 0.200588 0
-65.666 31.2288 2.05052 2.29415 5.35807 1.84867 154936 0 -1.0091 0.200474 0
69.6099 -9.48164 -1.31837 1.98955 4.35667 1.56131 95923 0 1.953 0.200237 0
-8.50314 47.7286 1.78496 2.08464 4.69616 1.70517 179451 0 -1.07518 0.19996 0
-8.75512 74.1206 1.92398 2.11181 4.84987 1.6934 217826 0 1.70623 0.199572 0
-14.8606 59.7657 2.15009 1.93406 4.32572 1.60859 196747 0 2.24315 0.199215 0
30.9396 -10.6271 -0.105433 0.891461 0.992817 1.72629 93930 0 -1.60632 0.198061 1
-4.93273 72.7995 2.02756 1.92177 4.31375 1.56097 215966 0 -1.10369 0.196391 0
-1.80241 46.1981 1.74641 2.12062 4.73832 1.79349 177132 0 2.07004 0.19602 0
37.6102 62.5017 2.22544 2.098 4.75762 1.84079 201123 0 1.81295 0.195101 0
21.3957 19.7305 1.1858 1.84117 3.93683 1.58455 138360 0 -1.23899 0.194645 0
-20.9831 19.013 0.908721 0.729952 0.714401 1.37445 137292 0 -0.218533 0.194491 1
-32.1397 68.7003 1.87334 1.99377 4.37717 1.58377 209797 0 2.41354 0.194473 0
55.215 2.28871 -0.635208 1.98029 4.45675 1.56304 113194 0 1.86539 0.194437 0
-12.2225 33.4933 1.32693 0.707697 0.632872 1.6649 158379 0 -2.96104 0.194222 1
28.8735 55.4262 1.7607 2.32421 5.30622 1.96486 190800 0 -1.2929 0.193913 0
-37.914 41.0966 1.56396 2.08021 4.60407 1.59975 169531 0 -0.934977 0.193315 0
29.9965 60.9856 1.66363 1.88353 4.14861 1.61445 198759 0 -1.27549 0.193155 0
54.8731 -1.32961 -0.469753 2.14317 4.89333 1.73838 107577 0 1.91249 0.192031 0
41.4007 16.7848 0.423452 2.13006 4.72298 1.79403 134211 0 -1.30836 0.191831 0
40.1415 14.2341 0.366711 2.01366 4.4075 1.7084 130463 0 1.90127 0.191752 0
-58.9587 27.6369 1.89684 0.837027 1.14203 1.58038 149809 0 2.03898 0.190885 1
-20.9809 18.7865 0.894603 0.840251 0.91424 1.33349 136824 0 -0.728451 0.18953 1
31.4371 -10.1593 -0.158107 0.934977 0.986405 1.74207 94868 0 0.117857 0.189306 1
51.2657 6.81646 -0.487101 2.186 5.07011 1.63054 119734 0 -1.15534 0.189023 0
60.3475 16.4312 -0.0198487 2.20161 5.05927 1.82071 133802 0 -2.80275 0.188998 0
68.9855 -12.0842 -1.18232 1.94234 4.201 1.69515 92177 0 1.86058 0.187948 0
-20.5451 32.4825 1.45349 2.0893 4.85608 1.63472 156949 0 -1.38289 0.18776 0
8.74833 39.8168 1.22781 2.01946 4.58407 1.5619 167805 0 -0.972027 0.187036 0
-2.68858 24.8915 1.13749 0.717945 0.681806 1.43702 145773 0 0.161152 0.186935 1
-7.57642 74.742 1.58347 1.95486 4.217 1.61517 218766 0 -0.932269 0.186508 0
46.3682 4.86063 -0.147868 0.902952 1.02298 1.74799 116910 0 0.202 0.186238 1
16.492 59.1648 1.4671 1.8247 4.31021 1.54792 195909 0 1.93016 0.185379 0
37.9715 6.67216 0.0402843 1.91373 4.40599 1.71173 119224 0 1.84892 0.18515 0
18.7287 27.2283 1.0055 1.94366 4.39984 1.50233 149584 0 -1.23571 0.185076 0
-72.2592 15.2832 2.02687 2.00059 4.44562 1.57317 131516 0 0.314507 0.184871 0
47.8304 36.6573 0.864291 2.00236 4.58455 1.65402 163247 0 1.77844 0.184353 0
23.2663 22.0152 1.09533 2.12836 4.92925 1.54219 141642 0 1.87922 0.18355 0
25.4238 24.2567 1.2421 2.1375 4.80539 1.54831 144925 0 1.96491 0.18287 0
34.4952 -13.5639 -0.150898 0.870737 0.921753 1.72604 89729 0 -2.07841 0.182696 1
-25.4308 47.253 1.45034 2.03879 4.57201 1.64901 178462 0 0.67177 0.182129 0
24.0267 33.8604 1.63405 0.767497 0.738857 1.57719 158961 0 1.72637 0.181553 1
30.9753 63.9252 2.01283 2.00936 4.3063 1.78504 202974 0 -1.16672 0.180797 0
29.5131 37.4946 1.41012 0.824339 0.802834 1.78929 164594 0 -2.93043 0.180582 1
50.1712 6.929 -0.432025 1.82958 4.05432 1.48614 119730 0 -1.11302 0.180023 0
31.6156 13.0022 0.356095 1.95994 4.41514 1.62845 128564 0 -1.35504 0.179445 0
19.9882 67.8948 1.50416 2.2513 5.2906 1.76712 209024 0 1.9332 0.179113 0
55.1082 -0.895485 -0.422741 2.12209 4.87816 1.69803 108514 0 1.87792 0.178252 0
41.1042 35.71 1.03776 1.98314 4.41285 1.60456 161822 0 -1.37047 0.178232 0
41.098 37.5353 1.04994 1.94235 4.39721 1.54749 164630 0 -1.39366 0.1776 0
-25.6157 -3.01408 0.401769 2.06432 4.55679 1.5951 104985 0 0.362052 0.176961 0
23.5916 40.9056 1.48424 1.99453 4.56746 1.855 169255 0 -1.18396 0.17627 0
29.3579 37.4916 1.402 0.783399 0.732441 1.79874 164593 0 3.02653 0.175666 1
41.4083 36.6705 1.01719 2.01624 4.54967 1.61913 163227 0 -1.33234 0.175631 0
64.8641 -4.93038 -0.902042 1.93845 4.248 1.6282 102460 0 -1.28002 0.175415 0
-25.7358 47.2589 1.44724 2.02991 4.56677 1.63659 178461 0 1.06454 0.175145 0
55.7284 1.76043 -0.616521 2.31632 5.43817 1.77191 112260 0 1.90344 0.175046 0
40.1917 36.046 0.998384 1.98573 4.4666 1.54876 162287 0 -1.34625 0.174917 0
-25.1683 47.4879 1.51054 2.10684 4.66435 1.68259 178931 0 1.42651 0.174887 0
3.02998 62.8686 1.60671 2.02002 4.5729 1.57567 201483 0 -1.01401 0.17435 0
14.0302 16.1793 0.930733 1.60148 3.22669 1.42827 133189 0 -1.23147 0.173856 0
-25.1331 47.2226 1.48931 2.06628 4.65495 1.65574 178463 0 -0.453533 0.173841 0
20.9984 15.91 0.993671 0.874524 0.950888 1.66687 132743 0 2.00464 0.173824 1
-12.5648 9.87926 0.711625 1.84367 4.23418 1.52225 123746 0 -1.04681 0.173703 0
26.6645 49.7337 1.51445 2.1219 4.96297 1.7434 182369 0 -1.32699 0.173678 0
-3.90443 -13.1647 0.539047 0.743886 0.753218 1.51062 90077 0 -1.24242 0.173302 1
-9.38238 47.2782 1.76485 2.17626 5.03124 1.76445 178512 0 -1.00308 0.17279 0
56.2543 7.62429 -0.34519 1.82543 4.06836 1.62904 120685 0 1.92326 0.172679 0
40.7544 17.0297 0.443835 2.08976 4.57848 1.76262 134677 0 -1.03883 0.172575 0
-2.19519 23.4035 0.957048 1.86497 4.42152 1.43202 143903 0 -0.992905 0.172311 0
28.5853 -10.6461 0.00262189 0.780186 0.852871 1.81232 93923 0 1.95217 0.171616 1
-61.0073 13.5223 1.88959 0.834296 1.64496 1.81456 129211 0 2.95606 0.171469 2
28.4256 -9.45421 0.0110561 0.851974 0.925113 1.70805 95794 0 -1.13586 0.171442 1
-12.7549 36.682 1.4024 0.732795 0.664935 1.63661 163058 0 1.8062 0.17089 1
28.4408 -11.2839 0.0544558 0.865594 0.935891 1.82757 92986 0 2.0444 0.170763 1
39.2855 30.2754 0.882293 1.80091 3.88582 1.49771 153860 0 -1.27437 0.170757 0
69.3246 -9.75681 -1.36398 1.91342 4.24466 1.5431 95454 0 2.00861 0.170542 0
-32.743 67.6051 1.84461 2.21401 5.00381 1.71094 208391 0 1.18267 0.169906 0
49.1646 58.6579 1.11108 1.99316 4.34753 1.67492 195543 0 -1.56337 0.169617 0
35.0443 19.2922 0.611725 1.8308 3.99866 1.56314 137935 0 -1.32341 0.169496 0
36.3699 62.6006 2.10064 2.20182 5.18598 1.86647 201119 0 -1.85335 0.169403 0
3.95974 32.4867 1.09377 2.10874 4.7857 1.57726 157026 0 -0.983025 0.169327 0
-2.98414 46.3316 1.67045 2.07675 4.65648 1.63525 177128 0 2.12459 0.169128 0
34.5009 -13.2786 -0.216128 0.896307 0.944482 1.70424 90197 0 -1.7894 0.169055 1
-26.3997 48.427 1.62275 2.09949 4.67003 1.63385 180331 0 2.28166 0.169043 0
35.0671 18.481 0.553171 1.95806 4.28993 1.67324 136531 0 -1.24993 0.16864 0
-38.5264 40.4751 1.60077 2.09619 4.67906 1.61333 168593 0 -0.947933 0.168138 0
29.506 37.0894 1.42751 0.837603 0.809726 1.70629 163658 0 -3.10109 0.168078 1
8.20337 39.2605 1.25165 2.10495 4.89699 1.6177 166867 0 -1.0603 0.168045 0
24.0374 34.002 1.67019 0.750438 0.729124 1.67345 159429 0 1.5604 0.167777 1
70.9092 -6.32485 -1.1899 1.96874 4.24235 1.56643 100607 0 1.80021 0.167594 0
2.49126 33.1452 1.26402 2.03353 4.56629 1.55754 157957 0 -0.993815 0.167352 0
20.7028 16.5691 0.997811 1.82093 3.89752 1.60918 133678 0 1.91088 0.166636 0
-59.3236 40.1184 2.04374 2.19783 5.01966 1.79623 168060 0 -1.676 0.166483 0
29.8448 38.8805 1.24012 1.93997 4.27063 1.59399 166467 0 1.95677 0.166251 0
36.6112 62.8234 2.15377 2.35122 5.52288 1.8754 201588 0 -3.04135 0.165921 0
34.0959 19.0472 0.461119 1.92946 4.4218 1.56772 137464 0 -1.20704 0.165784 0
59.723 16.1289 -0.00807959 1.98859 4.53387 1.68619 133332 0 1.90717 0.165633 0
-3.80424 -13.8649 0.677974 0.763825 0.694003 1.63704 89142 0 -1.61241 0.165468 1
33.7239 19.6658 0.483814 1.21141 2.09797 1.57534 138399 0 -1.24461 0.164204 1
32.1719 -15.5235 -0.127357 0.862132 0.905607 1.75622 86914 0 -2.70888 0.1641 1
34.4777 -12.5659 -0.244002 0.886909 0.986676 1.72177 91133 0 -1.07921 0.163598 1
-26.0803 23.0706 1.09638 2.17589 5.38684 1.67208 143360 0 -1.06248 0.163364 0
19.2329 26.9664 0.990146 2.14463 4.98696 1.58026 149118 0 -1.32658 0.162759 0
40.7705 13.9501 0.373988 2.19292 4.91554 1.83287 129997 0 1.93956 0.162613 0
28.868 -9.68174 0.0539144 0.849469 0.902917 1.73854 95328 0 1.74047 0.162284 1
29.3625 37.0748 1.41463 0.82056 0.796693 1.7473 163657 0 1.91543 0.162203 1
21.005 16.185 0.992421 1.01027 1.36957 1.66499 133211 0 1.99747 0.162004 1
30.8184 61.1694 1.77004 2.27795 5.47696 1.92503 199230 0 -1.24364 0.1612 0
46.2288 28.0632 0.589346 1.94581 4.48501 1.57729 150606 0 -2.23 0.160387 0
56.4904 32.5108 0.586906 2.00679 4.48095 1.62973 157190 0 1.22721 0.160114 0
65.032 -7.633 -1.11159 2.12764 4.89551 1.68862 98717 0 -1.27156 0.159907 0
46.2312 46.2234 0.947557 1.97626 4.40749 1.61065 177282 0 -1.31076 0.159658 0
-25.8241 48.1163 1.53926 1.99996 4.46913 1.63348 179865 0 2.53377 0.159445 0
44.7327 28.3691 0.689762 1.94534 4.51415 1.52543 151069 0 1.84472 0.159444 0
60.0228 15.5721 -0.0501586 2.12909 4.82768 1.732 132397 0 2.86572 0.159187 0
33.4661 19.3704 0.476869 1.62547 3.35008 1.54866 137930 0 -0.0427231 0.15898 0
26.1401 -8.49977 -0.00710323 0.736536 0.729177 1.50865 97191 0 0.308884 0.157723 1
17.8471 61.6861 1.61945 2.18835 5.10049 1.84425 199657 0 1.84186 0.157527 0
-7.87204 39.316 1.48351 1.8038 3.82854 1.5769 166817 0 2.21119 0.157166 0
58.0828 -22.2445 -0.165872 3.16061 10.839 3.79356 77167 0 1.96591 0.156072 0
33.7458 19.3743 0.441205 1.87396 4.19844 1.57163 137931 0 -1.20184 0.155999 0
-15.7542 60.3901 2.17678 2.26945 5.57601 1.87342 197680 0 2.18741 0.155374 0
-59.3195 39.5733 1.99257 2.09491 4.73217 1.6873 167124 0 1.89707 0.155248 0
-32.5438 34.5085 1.68933 2.11266 4.34177 1.8683 159720 0 -0.993762 0.155027 0
-27.3269 20.5341 1.26064 2.27697 5.45237 1.93995 139612 0 -1.02934 0.154897 0
63.6378 -10.4403 -1.02874 1.79056 3.56853 1.68086 94500 0 -1.16327 0.154736 0
33.485 19.6687 0.5151 1.28206 2.10957 1.57195 138398 0 0.451254 0.154433 1
-23.7752 15.4001 0.918172 2.05401 4.88754 1.58121 132135 0 -1.04849 0.153953 0
39.8701 36.3149 0.987012 1.97 4.5112 1.52925 162754 0 -0.619059 0.153793 0
31.5345 63.6264 1.90204 2.28199 5.36576 1.93207 202508 0 -1.16388 0.153511 0
-27.0188 47.5625 1.48435 2.04715 4.61011 1.58631 178925 0 2.03095 0.153508 0
32.5136 12.4232 0.311294 1.91914 4.22312 1.58229 127631 0 -1.29264 0.152741 0
39.2621 33.4435 1.02556 1.92319 4.36684 1.56891 158540 0 -1.29692 0.152628 0
39.871 37.2971 0.984422 1.92586 4.40364 1.50701 164158 0 1.49175 0.15228 0
31.4587 60.6608 1.77944 2.30334 5.43257 1.89363 198296 0 -1.247 0.152234 0
20.3525 17.0271 0.939186 1.91661 4.55082 1.57345 134613 0 1.89494 0.151959 0
69.5289 -13.2222 -1.3489 2.1167 4.96855 1.80015 90307 0 1.93514 0.15152 0
-4.34447 44.5115 1.39367 2.21187 4.89906 1.57246 174784 0 2.16386 0.151251 0
-7.56786 74.1145 1.75511 1.87773 4.12577 1.53335 217830 0 -1.1461 0.150836 0
-58.786 39.8352 1.91707 1.83349 4.01371 1.52003 167594 0 1.41995 0.150792 0
30.8675 60.4004 1.69098 2.23496 5.38976 1.91726 197826 0 -1.24488 0.150609 0
34.7078 -13.8128 -0.187652 0.923629 1.06228 1.78171 89262 0 2.9186 0.149507 1
36.3482 -16.1057 -0.284386 0.732024 0.813215 1.62285 85991 0 1.92377 0.149389 1
32.0816 64.0901 1.90429 2.5704 6.32066 2.15335 203446 0 -1.25634 0.149363 0
23.9024 24.8828 1.03054 2.03487 4.68177 1.43454 145856 0 1.9023 0.149257 0
-12.8688 36.6685 1.39863 0.739104 0.668125 1.64307 163057 0 1.83188 0.149238 1
-61.2025 28.5898 1.95744 2.24485 5.48307 2.02324 151206 0 2.20612 0.149045 0
18.4834 26.5108 1.063 1.99115 4.45939 1.53062 148179 0 -1.20252 0.148837 0
-21.1974 19.0165 0.911707 0.765082 0.846844 1.40903 137291 0 -0.47542 0.148834 1
-3.24417 23.6096 0.968601 2.01612 4.66008 1.48199 143899 0 -0.990188 0.148779 0
59.6952 2.42915 -0.39289 1.96965 4.43838 1.6714 113208 0 1.90743 0.148456 0
-36.3581 31.1443 1.42728 2.02605 4.57614 1.64614 155028 0 -0.910244 0.148222 0
21.6193 16.2651 1.00392 1.86833 3.64082 1.69329 133213 0 1.98642 0.147936 0
38.21 62.2814 2.25277 2.33155 5.4128 1.98195 200657 0 1.88929 0.147865 0
66.9725 -4.6899 -0.785883 2.17085 4.91449 1.82436 102935 0 -1.3574 0.147722 0
-14.9494 60.8652 2.15174 2.38248 5.82962 1.87949 198619 0 2.30382 0.147616 0
36.9635 62.2971 2.09093 2.03368 4.73745 1.83444 200653 0 2.32108 0.147561 0
-35.5564 29.2359 0.881138 0.806049 1.09792 1.68101 152222 0 -0.831575 0.147534 1
