11.6526 10.4181 0.880599 1.96092 4.59923 1.52868 124758 0 -1.2027 0.943243 0
-30.9203 -1.12834 0.535051 2.13069 4.86766 1.63542 107777 0 0.267618 0.93615 0
-0.181213 13.9547 1.09938 2.14642 4.82048 1.83386 129869 0 1.94361 0.925917 0
28.9175 7.13583 0.500095 2.24465 5.17316 1.88493 120132 0 -1.29123 0.92556 0
-19.6615 22.5615 0.953553 1.95813 4.55095 1.51528 142444 0 2.11851 0.919822 0
-30.899 15.2596 1.07522 2.10776 4.64951 1.80727 131645 0 -1.01866 0.91829 0
-23.0012 -3.58099 0.382422 2.2468 5.06693 1.91052 104058 0 0.303342 0.914887 0
-8.90062 17.0141 0.791496 2.1037 4.68973 1.48594 134522 0 -1.02212 0.904129 0
36.0215 4.0399 0.0173963 2.07639 4.7262 1.5276 115474 0 1.89346 0.903373 0
-44.7174 9.46956 1.01743 2.14601 4.64496 1.53119 123178 0 -1.22919 0.903192 0
-11.7415 12.0846 0.642141 2.06324 4.61576 1.44344 127025 0 -0.99281 0.902061 0
-1.64702 10.7222 1.02782 2.05397 4.71098 1.57932 125184 0 1.8983 0.896957 0
2.36723 21.9079 1.31494 2.21569 5.0636 1.95548 141577 0 2.02179 0.896604 0
-22.8827 18.0785 0.796201 2.08768 4.61159 1.47586 135882 0 -0.952103 0.88936 0
-24.4905 14.8452 0.785462 1.98746 4.23237 1.51332 131197 0 2.1069 0.888047 0
16.2551 8.90045 0.952138 2.04025 4.73138 1.82166 122432 0 1.88402 0.883368 0
18.9622 14.4685 1.0486 2.1898 4.96603 1.76157 130865 0 1.87216 0.881287 0
-9.87006 14.2828 0.696135 1.97043 4.49231 1.4287 130307 0 -1.07403 0.881115 0
-47.2382 14.4606 1.11473 2.05321 4.4853 1.51958 130658 0 1.93382 0.87962 0
14.2778 19.0417 0.996002 1.97598 4.67424 1.50702 137402 0 -1.32276 0.87702 0
16.5431 24.5073 1.26501 2.0299 4.675 1.78602 145365 0 -1.29318 0.868631 0
20.6963 19.9733 1.21694 1.99517 4.55537 1.51857 138826 0 -1.2616 0.86807 0
-28.6047 -2.31174 0.418681 2.07436 4.7142 1.57539 105912 0 0.327714 0.866391 0
1.14933 16.1725 1.18823 2.169 4.83915 1.85187 133149 0 1.98841 0.8631 0
-60.6868 14.9365 1.58211 2.11239 4.46802 1.61554 131084 0 -1.2548 0.860723 0
47.2407 -1.505 -0.206435 1.89605 3.98048 1.63676 107553 0 -1.20271 0.858945 0
-44.666 21.5458 1.36422 2.31398 5.20729 1.91249 140962 0 -1.00352 0.857173 0
-15.5701 29.5278 1.29749 2.12172 4.81204 1.77798 152753 0 2.12726 0.85677 0
14.6124 56.7365 1.36752 2.0828 4.81732 1.56455 192627 0 1.87518 0.850434 0
-32.1865 39.4573 1.68051 2.38603 5.73802 1.93279 167209 0 -1.00215 0.84576 0
-7.43146 19.2928 0.98063 2.20083 5.21911 1.79257 137802 0 2.09294 0.844802 0
-68.5522 12.2864 1.81911 2.11214 4.76093 1.60474 127315 0 0.347358 0.833807 0
-41.4381 25.8278 1.20794 1.95279 4.17005 1.59432 147056 0 2.17449 0.831959 0
-18.9853 25.1311 1.13831 2.08577 4.76949 1.71105 146190 0 2.08508 0.830213 0
29.6042 10.1819 0.533838 2.09618 4.74292 1.83801 124346 0 -1.24606 0.829065 0
21.0051 38.5849 1.34097 1.99181 4.54464 1.68296 165971 0 -1.25099 0.827326 0
12.9798 13.3694 0.91224 1.92492 4.57855 1.44412 128974 0 -1.21755 0.827092 0
63.5278 -9.7745 -0.981059 2.06671 4.60137 1.8119 95436 0 -1.23125 0.824446 0
15.4983 21.6428 0.997562 2.02963 4.94709 1.44357 141150 0 1.87627 0.824309 0
14.8939 59.7732 1.49583 2.01902 4.72144 1.58457 196840 0 1.85552 0.821427 0
-9.50848 39.5466 1.42226 2.0332 4.59972 1.61991 167280 0 2.17458 0.820082 0
35.6659 -15.2312 -0.174419 0.902262 0.989947 1.79087 87393 0 1.86511 0.819447 1
-17.0332 27.1558 1.03234 1.95115 4.45852 1.46494 149004 0 2.09628 0.81527 0
-26.0781 -3.32273 0.35696 2.03279 4.4696 1.57374 104516 0 0.300037 0.813541 0
-21.5587 20.3313 0.881346 1.99748 4.75403 1.50212 139162 0 2.1678 0.812072 0
48.4651 1.19032 -0.309354 2.01217 4.54607 1.57434 111301 0 1.88711 0.808726 0
-28.012 19.7653 1.12417 2.12075 5.00521 1.81363 138206 0 -1.02721 0.805456 0
37.0094 7.51978 0.0938957 2.12769 4.88642 1.78077 120625 0 1.83979 0.803828 0
-5.56585 21.2842 1.12459 2.07525 4.40307 1.73834 140616 0 -1.04013 0.802375 0
13.5554 16.3718 0.922702 1.93615 4.62338 1.47471 133656 0 -1.27987 0.784845 0
19.3604 70.5122 2.0783 2.18426 5.03426 1.90703 212766 0 1.91589 0.781468 0
-50.0022 21.3421 1.41016 2.00167 4.43921 1.52365 140477 0 2.26581 0.776777 0
64.1792 -7.10516 -0.973069 2.04133 4.69381 1.61826 99182 0 -1.19031 0.774042 0
4.00304 34.959 1.40254 2.10623 4.77625 1.81931 160770 0 -0.966844 0.771562 0
52.379 -3.28329 -0.625647 1.91404 4.38205 1.54358 104761 0 1.95563 0.769502 0
22.8777 25.7413 1.02298 2.07016 4.67412 1.44985 147257 0 1.87412 0.768278 0
18.0175 11.5653 0.824879 2.00372 4.51041 1.59821 126650 0 1.90874 0.767084 0
-61.8995 27.4189 1.86168 1.93168 4.31745 1.74487 149332 0 2.14714 0.760724 0
26.744 55.5839 1.69074 2.05115 4.50827 1.80222 190793 0 -1.21218 0.752766 0
-20.9951 31.8306 1.32255 2.10735 4.76917 1.64857 156012 0 -1.08611 0.752115 0
-47.1441 26.4608 1.42834 2.10293 4.69338 1.69725 147974 0 -0.958761 0.750955 0
23.8932 28.2319 1.32003 2.19875 4.96902 1.7644 151004 0 1.87603 0.750772 0
3.73286 24.8336 1.06775 2.07769 4.78932 1.56247 145793 0 2.04374 0.750592 0
-24.0984 27.3621 1.11302 1.93487 4.47618 1.54758 149450 0 -1.03421 0.742476 0
17.4654 30.1712 1.31771 2.04805 4.66408 1.8261 153792 0 1.90922 0.740106 0
-34.6854 34.6799 1.53079 2.55365 6.23775 2.15404 160181 0 -1.02944 0.734533 0
-29.5559 17.7192 0.933968 2.14322 4.78694 1.59482 135393 0 -1.0458 0.73275 0
31.2179 13.21 0.371583 1.95188 4.24573 1.55827 129031 0 -1.35144 0.729906 0
-63.1505 19.6084 1.79656 2.12169 4.8188 1.83494 138096 0 1.94434 0.72778 0
22.2672 41.6828 1.54717 1.99131 4.38852 1.81719 170655 0 -1.27493 0.727283 0
-2.40874 25.6737 1.08434 2.00415 4.66857 1.45491 147178 0 -1.00088 0.720818 0
28.3013 -7.3158 0.0662151 0.952688 0.953613 1.62852 99070 0 0.463859 0.720174 1
27.9367 -10.8191 0.0951245 0.875599 0.892059 1.89599 93921 0 2.12845 0.719636 1
34.1743 -11.7844 -0.239324 0.845454 0.87899 1.62175 92536 0 -1.25389 0.716233 1
-70.9267 13.3354 1.89889 2.04783 4.59668 1.74459 128712 0 0.321831 0.709005 0
-20.8642 18.2838 0.919921 0.920159 0.891577 1.72304 136356 0 -0.735233 0.708098 1
-7.28248 41.3851 1.19511 1.96083 4.47641 1.4265 170095 0 2.14719 0.707766 0
-0.546303 27.9828 1.44743 2.24647 5.05261 1.87045 150460 0 -1.00221 0.70607 0
34.3482 -12.9282 -0.267962 0.923112 0.977973 1.679 90665 0 -1.20553 0.703222 1
-25.5004 24.5036 1.01612 1.82089 4.00975 1.58143 145234 0 -1.01225 0.697403 0
22.934 44.2412 1.21101 1.97496 4.45976 1.57351 174401 0 -1.32826 0.663035 0
-24.1365 58.4035 2.05648 2.11309 4.86331 1.67097 194846 0 -0.97189 0.66032 0
26.3759 36.8965 1.13451 1.94471 4.34004 1.49281 163648 0 1.95838 0.654508 0
23.8064 46.8214 1.44032 2.08131 4.72089 1.75159 178148 0 -1.29825 0.64897 0
-11.935 65.8309 2.09495 2.0787 4.88477 1.73185 205648 0 -1.0448 0.639456 0
-5.31653 43.9484 1.31727 2.15346 4.87885 1.5237 173845 0 2.1683 0.638838 0
27.6824 39.5057 1.20358 1.95412 4.4286 1.53339 167396 0 1.94371 0.638189 0
28.5442 -10.6337 0.0579395 0.794051 0.797938 1.74436 93923 0 1.99956 0.638161 1
16.7626 62.2994 1.59613 2.06805 4.68699 1.783 200590 0 1.80621 0.637912 0
-3.95547 23.536 0.992019 1.99897 4.70917 1.45723 143897 0 -1.02271 0.630793 0
34.3981 -12.7172 -0.335953 0.838658 0.866199 1.56081 91133 0 -1.19617 0.629943 1
54.9891 12.2713 1.11845 0.852552 2.11911 1.89071 127701 0 0.234076 0.615833 2
49.7787 7.47852 -0.334899 1.90519 4.24686 1.47321 120665 0 -1.15794 0.609884 0
-13.207 33.4236 1.25244 0.68275 0.641914 1.65892 158376 0 -3.00547 0.601227 1
-10.3965 47.4763 1.67459 2.31382 5.46468 1.81411 178977 0 -1.07544 0.600574 0
-10.4418 36.6493 1.16687 2.01566 4.55124 1.48087 163065 0 2.10374 0.594714 0
-63.8472 13.6804 1.84576 0.873868 0.839973 1.72312 129202 0 1.84706 0.590021 1
53.6045 -0.215569 -0.349832 1.96667 4.42347 1.53118 109445 0 1.93147 0.585088 0
38.6037 17.7905 0.54473 2.0334 4.5799 1.72644 135606 0 1.837 0.584201 0
-14.8688 32.4971 1.06147 1.95921 4.71989 1.47184 156967 0 2.10336 0.582848 0
-37.8863 30.2733 1.24637 1.98234 4.38924 1.57131 153619 0 2.18307 0.581937 0
48.8323 4.92445 -0.161041 2.0249 4.54281 1.78138 116918 0 -1.19389 0.572166 0
29.5899 64.4175 2.01304 2.15857 4.73532 1.89457 203906 0 -1.18823 0.571145 0
7.2058 39.5521 1.12001 2.0322 4.66613 1.51529 167332 0 -1.01945 0.565858 0
-62.1904 12.7137 1.86332 0.900374 1.02747 1.81275 127803 0 2.66983 0.564978 1
1.77021 19.0606 0.941628 2.06064 4.72314 1.57112 137363 0 1.99692 0.554124 0
-26.9843 22.2121 0.935589 1.97192 4.59182 1.51665 141953 0 -1.00254 0.550244 0
54.2568 2.69166 -0.461008 1.94846 4.3271 1.59932 113659 0 1.918 0.546076 0
-66.4202 30.2164 1.86374 1.97956 4.47716 1.58975 153530 0 -1.11617 0.539746 0
45.579 5.18853 -0.0584228 0.841548 0.907952 1.769 117376 0 0.654792 0.535469 1
28.0513 37.7072 1.41472 0.808146 0.772018 1.74378 164589 0 3.08347 0.534563 1
38.2664 14.9255 0.363963 2.01529 4.40169 1.62568 131393 0 1.81594 0.533473 0
18.0159 30.018 1.27771 2.32654 5.91631 2.03141 153326 0 1.89304 0.529204 0
-16.7756 60.0154 1.98453 2.14604 5.12719 1.71689 197209 0 2.19996 0.522076 0
-9.81523 47.2449 1.71351 1.99706 4.47461 1.69811 178511 0 -1.01666 0.506879 0
55.8161 8.38968 -0.241334 2.01459 4.52412 1.65421 122088 0 1.92044 0.500804 0
-19.6821 34.0343 1.22315 2.04466 4.73643 1.53685 159292 0 -1.05532 0.481326 0
29.2819 60.986 1.78953 2.342 5.6443 1.96529 198757 0 -1.15786 0.479802 0
18.4332 67.6722 1.47989 2.1093 4.89131 1.66317 208551 0 1.87886 0.479392 0
38.5521 33.797 0.899183 1.94593 4.30697 1.51821 159006 0 -1.35505 0.478623 0
27.8883 -10.0538 0.148297 0.823177 0.874723 1.84907 94857 0 1.79816 0.477859 1
65.4638 -4.3073 -0.807025 1.96242 4.34334 1.69186 103398 0 -1.28373 0.471913 0
-1.72513 28.702 1.43361 2.17079 4.90822 1.71957 151392 0 2.15463 0.462834 0
-13.6401 34.9817 1.30927 2.13014 5.08829 1.6123 160715 0 2.11643 0.46267 0
0.499687 30.5566 1.1637 2.06086 4.73213 1.5041 154207 0 -1.0159 0.459451 0
-58.4383 31.5273 1.52496 1.97018 4.4021 1.54343 155427 0 2.29249 0.450044 0
-13.0501 33.4433 1.23714 0.688524 0.657391 1.60466 158377 0 2.92797 0.444667 1
-14.8896 40.4403 1.55092 2.19961 5.1676 1.71464 168667 0 -0.961133 0.441039 0
19.6766 17.0947 0.978338 2.01412 4.72578 1.60748 134611 0 1.8956 0.43029 0
28.4199 -10.6284 0.0837853 0.804756 0.817368 1.81625 93922 0 2.08096 0.429625 1
34.3118 -13.2025 -0.225746 0.881946 0.986649 1.70291 90197 0 -1.16525 0.42898 1
55.5033 -20.7282 -0.104213 2.80627 6.78237 2.8356 79499 0 1.9639 0.424749 0
28.392 -10.4902 0.0454027 0.704693 0.754805 1.76117 94390 0 1.8917 0.423348 1
22.2593 22.8964 1.03735 2.14972 4.96884 1.50994 143043 0 1.86365 0.421956 0
28.0231 -9.10614 0.0563498 0.778539 0.856328 1.65973 96261 0 -0.826391 0.417884 1
45.5825 5.07599 -0.0466896 0.841145 1.05277 1.76815 116908 0 0.845588 0.413796 1
34.2046 -12.9832 -0.233733 0.952183 1.00322 1.67988 90664 0 -1.23815 0.408038 1
68.6573 -11.4017 -1.14156 2.02177 4.64343 1.76327 93112 0 1.92509 0.406809 0
-14.549 32.2303 1.09901 2.00381 4.81049 1.46471 156500 0 -0.207158 0.397931 0
20.6408 17.6797 1.12145 0.817483 0.84093 1.65434 135550 0 0.429299 0.397701 1
20.5984 16.798 1.06392 2.07891 4.65669 1.71016 134146 0 1.91859 0.394275 0
65.7267 -4.04553 -0.775571 2.03434 4.54973 1.74653 103867 0 -1.33307 0.39334 0
-4.31425 46.5764 1.63291 2.17442 4.90039 1.80976 177592 0 2.16654 0.393325 0
-66.7011 30.5014 1.93678 2.09737 4.85346 1.64796 153997 0 2.23018 0.390141 0
17.1212 65.4115 1.71139 2.10593 4.7778 1.74822 205271 0 1.86807 0.387841 0
34.2626 -11.8694 -0.256327 0.882331 0.919401 1.66392 92069 0 -1.23666 0.387816 1
20.6338 17.498 1.10053 0.860998 0.937596 1.67608 135082 0 1.30677 0.385118 1
-13.52 34.8107 1.27847 2.11024 4.97827 1.643 160247 0 2.4137 0.384306 0
-66.4536 30.474 1.89823 1.99132 4.54594 1.60043 153998 0 -1.4249 0.37585 0
7.46052 39.7737 1.07333 1.96521 4.48853 1.49023 167801 0 -0.975008 0.374378 0
30.1879 64.172 1.9057 2.43142 5.80976 2.04206 203440 0 -1.18368 0.372039 0
43.6963 28.987 0.689821 1.9677 4.57477 1.50041 152002 0 1.80281 0.370362 0
39.189 14.623 0.380856 1.98735 4.53423 1.66419 130928 0 1.82172 0.366103 0
59.0231 16.7974 0.0189005 2.47069 5.79985 2.0426 134266 0 -1.16263 0.358343 0
55.0839 12.1275 1.11223 0.881363 2.03364 1.86422 127234 0 0.306613 0.358289 2
-12.6491 33.4443 1.14411 0.614644 0.599749 1.45151 158378 0 2.2822 0.354953 1
34.1728 -13.2257 -0.188508 0.878505 0.974254 1.69861 90196 0 -1.22069 0.352163 1
34.7246 22.5695 0.577515 1.98014 4.49006 1.54396 142614 0 -1.28809 0.351565 0
-4.23896 23.6111 1.00227 1.95829 4.54895 1.45903 143896 0 0.633724 0.35132 0
22.6316 34.172 1.55614 0.780693 0.752489 1.66229 159424 0 1.84418 0.342397 1
27.3207 36.5887 1.21991 1.9841 4.54896 1.55101 163183 0 1.91809 0.340092 0
40.1528 17.4047 0.423147 2.11055 4.57492 1.7901 135143 0 -1.33547 0.336533 0
1.06179 30.4947 1.2069 2.10965 4.76771 1.54471 154209 0 -0.994313 0.331671 0
-5.81705 44.0999 1.32338 1.8943 4.25084 1.52424 173843 0 2.1733 0.331452 0
33.7742 19.7292 0.497462 1.89627 4.15284 1.50095 138399 0 -1.3008 0.323962 0
54.8825 -20.3998 -0.00492802 2.44147 5.49242 2.52937 79965 0 2.02985 0.323913 0
-37.7003 30.4764 1.22834 2.06585 4.54947 1.60201 154088 0 2.43342 0.322416 0
69.9096 -9.10564 -1.25686 1.9137 4.23608 1.56749 96392 0 1.90632 0.321652 0
29.5862 45.2376 1.20416 1.98031 4.48863 1.63455 175826 0 1.88485 0.319716 0
30.5583 -9.81042 -0.0183761 0.901975 1.01238 1.77561 95333 0 0.181764 0.319706 1
-58.6816 31.2753 1.56158 1.98331 4.45979 1.56541 154958 0 2.21592 0.318181 0
68.3172 -13.0153 -1.12921 1.92954 4.42666 1.69624 90771 0 1.88572 0.317888 0
35.6762 -15.3867 -0.175971 0.883978 0.976131 1.76023 86925 0 1.89232 0.317385 1
54.8007 2.42795 -0.474851 2.29888 5.35856 1.78973 113193 0 1.92689 0.31642 0
-43.0344 23.4737 1.1076 1.93589 4.37009 1.52408 143775 0 2.16302 0.314612 0
27.4232 39.2582 1.12246 1.92378 4.32877 1.53286 166927 0 1.96631 0.314093 0
65.1799 -4.58009 -0.814239 1.91472 4.21421 1.64999 102929 0 -1.21992 0.314 0
-12.3303 66.3031 2.08853 2.46502 6.16593 1.9548 206583 0 -1.01133 0.312895 0
35.3222 22.5247 0.585512 1.96465 4.4699 1.53391 142616 0 -1.28501 0.312774 0
27.8087 -10.8379 0.108141 0.881355 0.924278 1.8634 93920 0 2.12983 0.310573 1
16.8485 65.1712 1.65077 2.05564 4.68618 1.72255 204802 0 1.81978 0.305611 0
61.9233 2.39187 -0.284807 2.04542 4.56161 1.7373 113215 0 1.77462 0.304803 0
37.6318 34.0359 0.837702 1.89689 4.24947 1.51631 159471 0 -1.33606 0.300826 0
70.5586 -5.91945 -1.22631 1.97832 4.43163 1.56395 101074 0 1.58667 0.29955 0
50.317 7.22701 -0.320423 2.13272 4.95367 1.60337 120199 0 -1.14685 0.299248 0
23.305 46.8557 1.41762 1.79892 3.82698 1.61584 178146 0 -1.30117 0.297769 0
35.5075 -15.2166 -0.16709 0.921668 0.992839 1.79004 87392 0 1.87905 0.296883 1
54.5106 2.95615 -0.467838 2.09805 4.77881 1.66166 114128 0 1.88804 0.294932 0
30.5514 -10.0087 -0.0449245 0.87745 0.960576 1.75163 94865 0 0.423129 0.29268 1
-33.4832 68.654 1.77686 1.96182 4.45039 1.55595 209793 0 2.67638 0.291539 0
4.1932 24.7914 1.01591 1.80068 3.95416 1.4719 145795 0 2.0809 0.291234 0
20.0144 16.2277 1.05847 0.853079 0.924987 1.65072 133208 0 2.05079 0.288938 1
62.1916 2.08322 -0.286994 2.17595 4.91486 1.8039 112748 0 1.78378 0.287792 0
22.6287 34.2993 1.70742 0.801984 0.780139 1.72233 159892 0 1.74147 0.282888 1
28.1423 -7.2637 0.0805248 0.949986 0.945161 1.56471 99069 0 0.523563 0.282388 1
27.9757 -10.3672 0.0349722 0.739863 0.802473 1.82495 94389 0 2.00901 0.278153 1
69.3294 -8.82418 -1.19784 1.91696 4.17689 1.56392 96858 0 1.95264 0.277771 0
-62.0557 12.6922 1.82314 0.901087 1.08071 1.77646 127804 0 2.46571 0.277431 1
61.9317 1.77209 -0.276482 2.05272 4.5623 1.70718 112279 0 1.79148 0.277211 0
-4.9531 47.1615 1.7738 2.17257 4.89627 1.78276 178526 0 2.17323 0.27638 0
28.1928 37.6926 1.42589 0.815201 0.781369 1.71993 164590 0 -2.86819 0.274286 1
27.9362 39.7537 1.27201 2.00673 4.50166 1.53947 167865 0 1.9337 0.271337 0
39.1797 17.5497 0.484406 2.06069 4.55768 1.74046 135140 0 1.72446 0.269109 0
-26.5021 22.1851 0.914611 1.73868 3.96424 1.46124 141955 0 -1.01217 0.26877 0
-4.657 24.0713 0.976984 2.03689 4.80374 1.4743 144831 0 2.14444 0.268755 0
64.8232 -4.01437 -0.747923 2.05372 4.52364 1.67666 103864 0 -1.30296 0.268113 0
-9.12095 73.7292 1.87067 1.98318 4.49781 1.59907 217357 0 -0.990852 0.265603 0
35.8643 -15.2242 -0.20782 0.881604 0.991358 1.77233 87394 0 1.82201 0.265557 1
38.5766 30.8917 0.94584 1.94137 4.31452 1.53474 154794 0 -1.28253 0.264468 0
1.51938 18.8036 0.941659 2.11275 4.90623 1.61292 136894 0 1.99907 0.263118 0
27.9987 -9.41396 0.197963 0.828782 0.923922 1.75679 95793 0 1.76393 0.262053 1
-46.6014 19.6581 0.257524 0.801178 1.3304 1.74177 138148 0 2.02664 0.261367 2
28.7023 61.0194 1.82981 2.1212 4.90378 1.87822 198755 0 -1.04762 0.260009 0
28.0403 -8.90653 0.0479649 0.831741 0.894885 1.6353 96729 0 -1.27538 0.259534 1
22.7576 34.1717 1.53935 0.795983 0.769433 1.66778 159425 0 1.79576 0.258399 1
27.6955 58.1127 1.45392 2.04378 4.61917 1.63245 194540 0 -1.20342 0.258256 0
37.6848 15.1901 0.372263 2.12844 4.75441 1.68538 131859 0 1.81096 0.257609 0
-3.01913 26.0296 1.09806 2.00806 4.68884 1.44235 147644 0 2.24023 0.25713 0
-4.02737 47.2067 1.70776 0.857814 0.89569 1.81562 178529 0 2.11867 0.254932 1
28.1926 37.8097 1.40363 0.815692 0.776284 1.75139 165058 0 3.13262 0.253612 1
70.2684 -5.64513 -1.18832 1.92091 4.25204 1.54686 101541 0 1.74013 0.250924 0
27.9264 -9.84415 0.211629 0.867677 0.935665 1.82559 95325 0 1.8737 0.250375 1
61.6227 2.68002 -0.279057 1.96981 4.30068 1.69817 113682 0 1.76946 0.249678 0
-62.6691 19.4332 1.84049 1.87205 3.89114 1.70454 137630 0 1.90586 0.247335 0
-9.43036 73.7612 1.84144 1.97927 4.4838 1.57614 217356 0 -0.752854 0.246857 0
34.0461 19.9199 0.500041 1.86783 4.14488 1.50543 138868 0 -1.3523 0.246824 0
48.2109 5.22435 -0.167948 2.21033 5.42591 1.91949 117384 0 -1.21227 0.24586 0
-16.245 59.9602 2.01121 2.13475 4.85074 1.64771 197211 0 2.05771 0.245168 0
71.2113 -9.43922 -1.14 1.96794 4.35757 1.67534 95928 0 -1.27681 0.244664 0
-37.3058 29.9266 1.16916 1.96241 4.34454 1.50028 153153 0 -1.18011 0.243395 0
34.1304 22.5982 0.605321 1.93562 4.49038 1.53564 142612 0 -1.29584 0.243019 0
-58.153 31.7987 1.54269 2.04026 4.55556 1.57669 155896 0 2.40311 0.242404 0
44.6459 28.7068 0.667428 1.9348 4.3494 1.5418 151537 0 -1.3813 0.242058 0
18.1699 67.4021 1.51533 2.20309 5.19593 1.77184 208082 0 1.86296 0.241821 0
-16.2415 59.7045 2.01319 1.94995 4.33456 1.59102 196743 0 1.77067 0.241201 0
-8.50815 73.4548 2.05421 2.19575 4.98251 1.7896 216891 0 -1.15629 0.240666 0
33.1301 19.9985 0.51876 1.87719 4.2525 1.50173 138865 0 -1.28973 0.240633 0
1.74014 29.9272 1.26269 2.16873 5.04178 1.60449 153275 0 -0.995132 0.238855 0
49.5303 7.29671 -0.381785 1.75549 3.86436 1.44634 120196 0 -1.11841 0.238178 0
29.3155 45.0228 1.17144 1.96563 4.52533 1.62183 175357 0 1.82849 0.237905 0
-1.38734 28.4016 1.47481 2.03282 4.45354 1.68811 150925 0 1.78237 0.237708 0
49.1572 7.77424 -0.32319 1.90242 4.18233 1.49938 121131 0 -1.18718 0.237481 0
-33.7489 68.3775 1.78126 1.91639 4.33626 1.5465 209324 0 2.5039 0.235639 0
29.5771 66.3981 2.01934 2.31051 5.23082 2.01765 206714 0 -2.71986 0.235617 0
56.7511 8.10916 -0.236946 2.07293 4.60391 1.67474 121623 0 1.8801 0.234894 0
54.6554 -20.5667 0.000188828 2.40363 5.40672 2.50551 79496 0 -1.43746 0.234509 0
-14.5384 35.633 1.39172 2.40046 5.9747 1.80507 161648 0 2.10216 0.233827 0
20.008 16.4686 1.07149 1.0174 1.30999 1.65091 133676 0 1.99844 0.233606 1
-13.2444 33.6758 1.22006 0.654229 0.671202 1.59955 158844 0 -2.76811 0.233387 1
25.4628 -8.17098 0.097799 0.739825 0.752552 1.5196 97657 0 0.235427 0.233206 1
65.137 -3.75765 -0.771144 1.97602 4.34234 1.659 104333 0 -1.34175 0.233166 0
-51.4434 18.7123 0.434559 0.756885 1.08056 1.72457 136729 0 2.03549 0.232596 2
-66.9581 30.2916 1.92436 2.24524 5.24215 1.74527 153528 0 2.16576 0.232136 0
28.2145 -9.09045 0.0899842 0.831478 0.913261 1.69275 96262 0 -0.220012 0.232058 1
59.9697 2.32392 -0.627762 0.753052 0.861754 1.76684 113209 0 1.9992 0.232049 1
-25.9877 24.7354 1.00176 2.06384 5.10131 1.67133 145700 0 -1.04005 0.230021 0
35.6759 -15.0074 -0.191239 0.873879 0.956946 1.77672 87861 0 1.84869 0.229161 1
34.9688 62.5109 2.23297 0.862504 0.848903 1.84677 201115 0 0.0303097 0.228422 1
32.8505 -16.8038 -0.169876 0.74705 0.724688 1.50378 85044 0 -2.85193 0.227857 1
61.6403 1.45678 -0.304478 1.99246 4.3885 1.65361 111810 0 1.8121 0.227334 0
70.1776 -8.86092 -1.1905 1.93941 4.29345 1.58605 96861 0 1.88063 0.226658 0
34.2041 -12.7097 -0.251199 0.909842 0.973859 1.63324 91132 0 -1.21652 0.226432 1
69.5895 -8.56107 -1.18351 1.95973 4.30056 1.57396 97327 0 1.91957 0.225832 0
-6.25655 21.8121 1.12506 2.23915 5.12516 1.79922 141550 0 -1.14123 0.225228 0
69.9553 -5.90651 -1.13766 1.8961 4.18477 1.53319 101072 0 1.87911 0.22464 0
16.5254 62.0317 1.58147 2.07592 4.70228 1.771 200121 0 1.7461 0.224451 0
-4.4276 -14.0235 0.707059 0.777384 0.762392 1.62751 89140 0 -1.43959 0.224374 1
63.6246 -6.90856 -0.99869 1.66856 3.66518 1.42053 99648 0 -1.21889 0.22424 0
-16.4908 59.4398 2.00729 1.8458 3.95709 1.54661 196274 0 2.12457 0.224176 0
-57.1269 31.5556 1.55532 1.94993 4.25465 1.52124 155431 0 0.536343 0.223126 0
-17.1119 60.5556 2.03348 2.32943 5.61592 1.84178 198144 0 2.17485 0.222811 0
23.1868 43.81 1.20675 2.14767 5.01075 1.68148 173466 0 -1.25626 0.222269 0
34.7872 62.5113 2.21185 0.800905 0.755828 1.79572 201114 0 0.206147 0.222199 1
15.5319 22.1135 0.996314 1.97426 4.66856 1.48711 142086 0 1.88802 0.221008 0
22.8269 23.1182 1.07502 2.0859 4.76675 1.49659 143513 0 1.85385 0.220491 0
30.1952 44.9792 1.21916 2.03566 4.62375 1.65048 175360 0 1.96628 0.219957 0
1.14137 30.0054 1.12141 2.06754 4.66885 1.54066 153273 0 -0.978287 0.21985 0
-51.5696 18.7178 0.467906 0.752968 1.47048 1.74171 136728 0 2.0247 0.218435 2
68.3932 -11.6122 -1.14289 1.85132 4.25896 1.72387 92643 0 1.96261 0.218427 0
-37.3711 30.164 1.17765 1.97435 4.30273 1.53379 153621 0 -1.59905 0.218422 0
-57.4467 34.406 1.47022 1.92479 4.35177 1.55474 159642 0 2.20248 0.218056 0
22.8921 35.9609 1.62342 0.758381 0.74989 1.71174 162233 0 0.956609 0.217838 1
6.95885 39.2975 1.20304 2.14488 4.87354 1.59466 166863 0 -1.05571 0.217809 0
27.9783 38.935 1.20979 1.98453 4.36987 1.58535 166461 0 1.95502 0.217456 0
35.9743 22.2436 0.578673 2.05086 4.54685 1.57669 142150 0 -1.28622 0.216629 0
0.221123 30.2976 1.16001 2.03249 4.57489 1.50716 153738 0 -1.01558 0.215626 0
-47.232 26.9152 1.49599 2.37182 5.44137 1.87277 148910 0 -0.855852 0.215301 0
-49.5636 21.1768 1.38331 1.73595 3.66173 1.45123 140479 0 2.29179 0.214967 0
45.4091 5.19932 -0.0364973 0.883885 1.0818 1.78703 117375 0 0.678291 0.213995 1
73.1254 18.0201 -0.329975 1.98842 4.43499 1.63562 136182 0 -1.38119 0.213721 0
61.321 2.40664 -0.307994 1.9175 4.17127 1.68272 113213 0 1.8207 0.213297 0
-57.7393 34.1028 1.484 1.95889 4.4517 1.56986 159173 0 2.15993 0.212947 0
28.5222 -7.43336 0.0605643 0.928016 1.1936 1.62338 98603 0 0.511384 0.210727 1
18.291 -5.94306 0.407351 0.681928 0.695687 1.42351 100911 0 -2.57818 0.20977 1
59.9762 2.15993 -0.608225 0.810053 0.986307 1.76264 112741 0 2.05042 0.209511 1
-39.5354 27.3897 1.18247 1.99894 4.43938 1.51635 149402 0 2.16063 0.209408 0
13.082 16.4426 0.922872 1.63538 3.50847 1.42448 133654 0 -1.29321 0.208996 0
38.8591 31.1489 0.953098 1.99262 4.45458 1.57579 155263 0 -1.37681 0.208773 0
-58.6527 38.1931 1.32854 0.845785 1.68955 1.81374 165254 0 -2.00208 0.207973 2
47.2974 43.4575 1.96518 0.847185 0.916697 1.80119 173073 0 0.723365 0.207864 1
56.0978 -21.0246 -0.0305106 3.15295 8.84766 3.38691 79033 0 1.90716 0.20766 0
-58.96 31.7899 1.66907 2.26607 5.3789 1.78803 155893 0 2.24795 0.206978 0
21.6754 22.9126 1.02035 2.1304 4.89966 1.49771 143041 0 1.87051 0.206908 0
70.2743 -6.20385 -1.21132 1.90303 4.21107 1.54021 100605 0 1.90873 0.206532 0
-12.9839 34.4486 1.19638 2.14464 5.26962 1.62852 159781 0 -0.976798 0.20614 0
-13.501 33.4308 1.25792 0.701487 0.646836 1.66688 158375 0 -2.96782 0.206068 1
-9.09039 8.41665 0.918183 0.80066 1.05518 1.64453 121885 0 -0.898184 0.203821 2
1.4348 62.8562 1.70726 2.05556 4.587 1.64585 201478 0 -0.960179 0.202749 0
55.2075 8.7051 -0.216766 2.03193 4.53968 1.68189 122554 0 1.92763 0.202313 0
-21.0825 20.0378 0.909135 1.80795 3.52621 1.46444 138696 0 2.16438 0.201396 0
70.8224 -6.20889 -1.21576 2.08639 4.69149 1.68797 100607 0 -0.1437 0.201059 0
17.4234 64.8763 1.68568 2.07328 4.67756 1.74946 204336 0 1.73818 0.200245 0
-9.80847 36.3014 1.1728 2.06634 4.82584 1.49493 162599 0 -1.17834 0.198323 0
27.794 -9.87873 0.226249 0.860302 0.942634 1.83334 95324 0 1.90217 0.196541 1
2.4069 29.3199 1.3074 2.1192 4.83016 1.59456 152341 0 -0.988532 0.195949 0
-57.1511 34.7135 1.52285 1.93849 4.30503 1.55756 160111 0 2.26375 0.195702 0
22.7682 34.2921 1.64652 0.797554 0.78182 1.72252 159893 0 1.62612 0.195679 1
-9.74599 74.0351 1.80815 2.02847 4.55391 1.59528 217823 0 0.366953 0.195207 0
66.0023 -4.58189 -0.799752 2.22015 5.12889 1.85356 102932 0 -1.26353 0.194653 0
34.6013 -12.6706 -0.376141 0.816458 0.859905 1.58571 91134 0 -1.2358 0.194253 1
4.08071 34.5317 1.3887 2.1366 4.91918 1.84392 159834 0 -0.950284 0.193995 0
70.8157 -5.64021 -1.22037 2.10825 4.79301 1.71586 101543 0 1.59652 0.193637 0
69.2026 -11.4186 -1.18828 2.1083 4.89615 1.78707 93114 0 1.93562 0.191513 0
-62.4749 27.6523 1.93742 2.25814 5.49796 1.87511 149798 0 2.16056 0.191203 0
-28.3436 47.213 1.4567 2.03458 4.53623 1.55257 178453 0 2.16815 0.190564 0
-20.234 34.167 1.23351 1.94449 4.42476 1.52792 159290 0 -1.05654 0.189852 0
53.926 -0.679619 -0.376192 2.08578 4.77466 1.62198 108510 0 1.94063 0.189569 0
0.173286 31.1254 1.29943 2.09576 4.83939 1.5804 155142 0 -1.03241 0.189412 0
-13.2405 33.241 1.26414 0.699892 0.635854 1.62198 157908 0 -3.0627 0.188931 1
30.7983 -9.78993 -0.0192744 0.911304 1.02635 1.77942 95334 0 0.925195 0.188844 1
32.5188 20.0655 0.510383 1.88022 4.27845 1.49101 138863 0 0.0796743 0.188445 0
54.1556 -0.257256 -0.353216 2.10045 4.77504 1.60725 109447 0 1.8687 0.188331 0
20.5969 17.0583 1.09264 1.74045 3.29621 1.71288 134614 0 1.81535 0.188135 0
22.2745 41.2258 1.53476 1.97972 4.5424 1.83507 169719 0 -1.20887 0.187557 0
32.7984 -16.5663 -0.102554 0.746575 0.72628 1.53019 85512 0 -2.79204 0.187441 1
-14.3396 40.1136 1.51561 1.99295 4.55346 1.67487 168201 0 -0.943759 0.187347 0
-58.6928 38.0135 1.30567 0.882277 1.95598 1.82244 164786 0 -0.263612 0.186295 2
-12.9843 33.6954 1.2069 0.69045 0.757238 1.55906 158845 0 -2.80278 0.185532 1
20.8568 17.7085 1.11219 0.845385 0.889534 1.67967 135551 0 -0.231664 0.185353 1
-3.96543 45.9937 1.5791 2.19663 4.78632 1.7207 176657 0 2.16976 0.185352 0
71.499 -9.16382 -1.03835 2.03674 4.54459 1.73286 96397 0 -1.30578 0.185221 0
59.343 -21.9744 0.140579 3.19481 11.7144 3.54609 77639 0 -1.21902 0.184405 0
50.0862 6.98952 -0.376345 2.00684 4.59164 1.54493 119730 0 -1.0848 0.184176 0
-33.1663 68.9099 1.80995 2.07652 4.70218 1.61479 210262 0 2.82642 0.183488 0
70.5572 -5.33724 -1.18948 2.02503 4.50527 1.62125 102010 0 1.64599 0.183202 0
17.7192 65.1486 1.70427 2.18653 4.98337 1.79864 204805 0 1.73564 0.183052 0
58.1445 17.1001 0.0371965 2.31324 5.43883 1.96624 134731 0 -1.28758 0.182797 0
47.2029 59.0616 1.1457 2.04743 4.60427 1.66764 196005 0 -1.27773 0.182592 0
-15.1329 32.239 1.06738 1.91356 4.52903 1.4689 156498 0 2.10843 0.182577 0
3.06012 35.6608 1.39522 2.12395 4.84773 1.74215 161703 0 2.18062 0.182541 0
-24.4631 48.7976 1.65064 2.05526 4.60595 1.6587 180805 0 2.45514 0.182466 0
38.2496 33.507 0.824808 1.82971 4.08846 1.51688 158537 0 -1.31767 0.182238 0
27.2576 55.747 1.69566 2.3266 5.29515 1.93913 191263 0 -1.2574 0.181913 0
34.4127 -12.4 -0.295155 0.833919 0.879417 1.49945 91601 0 -1.18764 0.181691 1
31.4731 13.4818 0.357443 2.04835 4.48861 1.61939 129500 0 -1.41815 0.181638 0
-3.70922 25.0969 1.11119 0.697395 0.680013 1.42285 146238 0 2.959 0.181328 1
38.2332 12.9596 0.246967 2.10462 4.64129 1.61316 128585 0 1.76865 0.180944 0
20.6235 16.5736 1.04048 1.80711 3.52992 1.71786 133678 0 1.98632 0.180821 0
-4.06323 46.8791 1.67226 1.79398 3.08481 1.87037 178061 0 2.14735 0.180162 0
70.516 -9.14868 -1.19368 1.92482 4.2718 1.60988 96394 0 1.77453 0.179994 0
18.9491 67.4237 1.403 1.86238 4.15298 1.55097 208085 0 1.90728 0.179909 0
28.8485 -10.6915 0.0693616 0.886868 0.912512 1.77656 93924 0 1.9861 0.179407 1
-9.3996 73.4985 1.8479 1.95599 4.49355 1.55144 216888 0 -1.05172 0.179275 0
-5.20284 46.9371 1.73434 2.04844 4.58724 1.65432 178057 0 2.17176 0.17912 0
-10.1729 36.8648 1.16329 1.99838 4.49189 1.48747 163534 0 2.20921 0.178842 0
47.4196 43.4562 1.97652 0.873459 0.948297 1.79438 173074 0 0.610247 0.178607 1
20.8579 17.4855 1.07386 0.909412 1.02027 1.69927 135083 0 0.773094 0.178195 1
23.8277 46.3666 1.39862 2.12289 4.89638 1.77809 177212 0 -1.21687 0.1774 0
47.283 -17.0712 0.441911 0.869065 0.856336 1.83828 84621 0 1.8872 0.177057 1
38.2777 30.5949 0.914687 1.91051 4.21943 1.52581 154325 0 -1.19542 0.176795 0
33.0454 -16.8003 -0.212909 0.734611 0.755703 1.4696 85045 0 -2.86938 0.176193 1
20.217 16.2102 1.02683 0.935818 1.09638 1.68922 133209 0 1.97667 0.175924 1
-27.2618 22.0094 0.971727 2.03404 4.69764 1.56096 141484 0 -1.00143 0.175263 0
-2.05893 25.2592 1.03094 1.93933 4.53251 1.44545 146243 0 -0.972776 0.175123 0
-5.957 44.5328 1.29911 2.16121 4.71544 1.62641 174779 0 2.20667 0.175111 0
-66.1678 30.4718 1.85538 1.88995 4.29591 1.59034 153999 0 -0.978119 0.175102 0
6.90643 40.0868 1.09706 2.17484 5.30631 1.63025 168267 0 -0.978271 0.175076 0
37.939 31.182 0.844115 1.97674 4.50063 1.54165 155260 0 -1.31728 0.174882 0
30.316 -9.81813 0.0183312 0.908153 0.999975 1.76557 95332 0 -0.288719 0.174568 1
35.0761 64.7762 2.5571 2.17224 4.80862 1.82723 204391 0 -3.0611 0.17442 0
-27.3737 47.8244 1.55182 2.10041 4.60311 1.65622 179392 0 2.69309 0.174069 0
-4.54591 -13.0649 0.581304 0.781796 0.770045 1.57416 90543 0 -2.0168 0.173791 1
45.7916 5.22617 -0.0595135 0.883321 1.55242 1.80721 117377 0 0.898919 0.173677 2
61.3175 1.77142 -0.314568 1.89028 4.08533 1.64266 112277 0 1.80598 0.17365 0
-4.42139 -13.0641 0.602081 0.812336 0.824851 1.59539 90544 0 -1.60547 0.17346 1
-8.48818 74.0505 1.98957 2.05842 4.62638 1.72855 217827 0 -1.2737 0.173238 0
64.18 -3.72807 -0.775661 1.98434 4.37126 1.65278 104330 0 -1.293 0.173066 0
-9.13296 74.015 1.87727 1.96495 4.34557 1.59649 217825 0 -0.418925 0.172666 0
69.6328 -9.36189 -1.20332 1.93929 4.25829 1.59148 95923 0 1.89837 0.172077 0
-8.79136 74.0323 1.90092 2.02582 4.53046 1.64155 217826 0 -0.945626 0.170979 0
38.1876 15.4144 0.356754 2.05805 4.47876 1.61406 132329 0 1.83585 0.170932 0
28.565 39.1807 1.35505 1.97036 4.42353 1.58596 166931 0 1.95996 0.170789 0
-24.1654 49.1035 1.64432 2.04594 4.61434 1.64543 181274 0 2.53194 0.169364 0
-62.0507 12.8513 1.81849 0.871163 1.18807 1.76976 128272 0 2.67395 0.169345 1
45.411 5.06495 -0.0101365 0.865129 1.30439 1.78216 116907 0 0.803892 0.16898 1
34.0917 19.446 0.475059 1.99581 4.43393 1.5736 137932 0 -1.29043 0.168329 0
30.7866 -10.0108 -0.0709765 0.888819 0.978035 1.74931 94866 0 1.32249 0.168106 1
-3.75061 46.4888 1.59274 2.32957 5.11568 1.93801 177594 0 2.16715 0.167491 0
-10.9598 47.2908 1.70534 2.23072 5.20443 1.87127 178507 0 -1.06886 0.167351 0
61.9153 2.97388 -0.282238 2.1106 4.71204 1.77823 114151 0 1.7258 0.167051 0
-10.0578 46.9928 1.74085 1.97322 4.56306 1.71588 178042 0 -1.03703 0.166757 0
35.3579 22.0125 0.583316 2.00295 4.46058 1.54675 141680 0 -1.24148 0.166707 0
54.3065 2.19907 -0.443145 2.12612 4.68945 1.68001 112723 0 1.94534 0.166638 0
57.1034 18.4174 -0.160384 2.04661 4.5078 1.72554 136600 0 -2.92085 0.165963 0
-14.8679 6.96461 1.22049 0.808201 0.911982 1.75225 119527 0 -1.53061 0.164838 1
27.6694 36.0862 1.18235 2.05097 4.75575 1.58393 162248 0 1.95274 0.163048 0
-16.7583 59.4048 1.96276 1.66793 3.16245 1.60196 196273 0 2.18282 0.162823 0
-41.9683 26.0772 1.33505 2.25517 5.23713 1.80726 147522 0 2.1519 0.162148 0
27.7381 -10.343 0.0987018 0.777539 0.84136 1.83083 94388 0 2.06215 0.162077 1
-10.0514 74.0627 1.77161 2.00578 4.54374 1.5927 217822 0 -0.0784296 0.1619 0
-4.00253 47.4123 1.7496 0.845282 0.821654 1.81871 178997 0 2.00821 0.161885 1
1.74242 19.5641 0.998024 2.12483 4.82234 1.66926 138299 0 2.03362 0.161818 0
39.2022 36.66 0.907522 2.02955 4.55677 1.71101 163220 0 -1.3643 0.161681 0
33.7988 22.8545 0.60188 1.98981 4.47462 1.55412 143079 0 -1.44273 0.161276 0
46.2383 37.2788 0.890636 2.00235 4.5165 1.62535 164178 0 1.64323 0.16118 0
-9.0813 8.26585 0.888168 0.838574 1.337 1.63939 121417 0 -0.86651 0.16096 2
55.1211 12.5219 1.0168 0.870207 2.1624 1.86196 128170 0 0.247299 0.160548 2
28.2222 -8.88474 0.0862862 0.870309 0.953763 1.66933 96730 0 -1.40473 0.160414 1
70.5588 -6.5015 -1.19899 2.00574 4.47287 1.59397 100138 0 -1.86109 0.1602 0
29.8659 64.68 1.95502 2.37606 5.25403 2.0221 204375 0 -1.20801 0.160093 0
30.3179 -10.0214 -0.00477657 0.898036 0.982106 1.75719 94864 0 -0.0556415 0.159874 1
28.1361 -7.41322 0.0904045 0.993726 0.978822 1.55783 98601 0 0.449244 0.159782 1
-28.0117 47.518 1.46035 2.07841 4.55226 1.5954 178922 0 2.24984 0.159752 0
-64.0218 13.6607 1.85371 0.918336 0.924901 1.72951 129201 0 1.93526 0.158835 1
29.6385 63.9499 1.95797 2.15176 4.97959 1.87121 202970 0 -1.14092 0.158674 0
65.729 -4.85072 -0.907815 2.10691 4.83064 1.78075 102463 0 -1.22956 0.158536 0
39.1286 33.9898 0.884695 2.05456 4.57902 1.58544 159476 0 -1.47201 0.157735 0
-16.1978 59.4266 2.02573 1.78289 3.75072 1.50928 196275 0 1.68564 0.157702 0
16.4983 62.7719 1.66453 2.32383 5.40827 1.9447 201525 0 1.85768 0.157334 0
39.8163 14.3301 0.343219 2.03573 4.51531 1.68515 130462 0 1.86597 0.157325 0
-26.7153 46.5384 1.44955 2.09399 4.65067 1.54531 177522 0 -0.746029 0.157147 0
-4.52574 -14.1282 0.757836 0.833978 0.786168 1.70153 88671 0 -1.42399 0.157075 1
-24.7809 48.4893 1.66232 2.07671 4.68021 1.71069 180336 0 2.33499 0.156895 0
17.3978 65.6731 1.70208 2.13718 4.94261 1.78214 205740 0 1.90263 0.156893 0
-20.6136 62.5456 1.96375 1.99319 4.53994 1.56257 200941 0 -0.928816 0.156739 0
46.8867 38.5603 1.26179 2.05489 4.57611 1.64953 166052 0 0.435852 0.156585 0
50.0048 7.72837 -0.306058 2.03204 4.53711 1.54909 121134 0 -1.21524 0.156579 0
31.4743 12.7531 0.334497 1.93382 4.35485 1.59169 128096 0 -1.22543 0.155903 0
-4.27777 47.1557 1.73494 1.32676 1.86328 1.83114 178528 0 2.19932 0.155712 0
-40.1625 27.9702 1.19031 2.07445 4.6239 1.54365 150336 0 2.14826 0.155498 0
-5.93551 -13.9553 0.908316 0.75398 0.744936 1.76621 89135 0 -2.50725 0.155251 1
28.2792 -10.119 0.0828827 0.776955 0.850019 1.77999 94858 0 1.696 0.155102 1
28.2235 -9.41885 0.152682 0.83725 0.924154 1.73497 95794 0 1.63653 0.154553 1
-21.8305 32.2042 1.33546 2.18291 4.95954 1.69342 156477 0 -1.21005 0.154273 0
46.5731 59.3345 1.15657 2.05571 4.63303 1.68992 196471 0 -1.43743 0.154132 0
-46.6559 26.1346 1.35536 1.82169 3.707 1.51411 147508 0 -0.953613 0.153979 0
-57.7875 31.5181 1.53012 1.9097 4.25741 1.52537 155429 0 2.0224 0.153263 0
-43.3637 19.7743 0.714617 0.761641 0.845141 1.6694 138158 0 2.77754 0.152378 1
34.5811 -12.8986 -0.291537 0.921902 1.00347 1.70779 90666 0 -1.19124 0.152032 1
23.1377 44.5039 1.19501 2.09542 4.80975 1.64064 174870 0 -1.36594 0.151853 0
-57.4024 31.8019 1.53006 1.95032 4.32829 1.5388 155898 0 0.553008 0.151719 0
-14.2204 31.9165 1.06927 1.99205 4.82261 1.46164 156033 0 -0.982973 0.151454 0
27.8049 -9.13152 0.107327 0.827635 0.900533 1.682 96260 0 -1.22643 0.151121 1
-10.0376 73.8018 1.79982 1.96195 4.48333 1.58045 217354 0 -0.805208 0.150224 0
28.2731 58.0745 1.6133 2.18619 5.09041 1.76265 194542 0 -1.21709 0.150051 0
18.6681 67.1285 1.41925 1.90671 4.31925 1.58139 207616 0 1.88 0.149966 0
-8.46582 74.3958 2.16368 2.01509 4.71235 1.76805 218295 0 -1.23443 0.149779 0
2.35605 29.8677 1.35878 2.13695 4.91968 1.63236 153277 0 -1.02337 0.149608 0
-24.7025 27.6928 1.09142 1.95986 4.47125 1.55475 149916 0 -1.09629 0.149443 0
45.2119 28.9045 0.666556 2.18944 4.96793 1.69882 152007 0 -1.33523 0.149328 0
-27.356 47.227 1.47195 2.08248 4.54812 1.56613 178456 0 2.36848 0.149232 0
39.5188 36.9413 0.885697 2.09096 4.68801 1.7682 163689 0 -1.3758 0.14902 0
28.6027 -10.9225 0.0855319 0.847287 0.873487 1.77158 93455 0 2.07021 0.148912 1
-27.0077 46.5673 1.39816 1.99235 4.49971 1.53148 177521 0 -0.054478 0.148834 0
-2.71112 -13.6567 0.571446 0.813693 0.928717 1.54553 89613 0 1.21801 0.14852 1
39.2207 14.3176 0.364539 1.93452 4.11672 1.67593 130460 0 1.85002 0.148255 0
20.4323 17.7035 1.10611 0.871762 0.974977 1.64446 135549 0 1.41967 0.148233 1
29.9119 44.7054 1.21911 2.04448 4.66064 1.64342 174891 0 1.95152 0.147466 0
34.1202 -13.4937 -0.172085 0.925693 1.15924 1.74763 89728 0 -1.30302 0.147045 1
-3.70073 24.8587 1.13022 0.714798 0.659332 1.4301 145770 0 2.13501 0.146832 1
-10.7478 74.7542 1.78639 2.11939 4.68698 1.6779 218756 0 -0.774504 0.146714 0
-12.6808 33.6649 1.16859 0.705471 0.794614 1.50798 158846 0 1.48119 0.146401 1
56.7992 -21.2624 -0.0262969 3.03232 8.23141 3.32675 78567 0 -1.83677 0.145937 0
-4.54624 -13.167 0.591007 0.754503 0.74953 1.55844 90075 0 -1.44033 0.145859 1
-18.0399 60.9474 1.93578 2.02752 4.627 1.68915 198609 0 2.17055 0.145597 0
-6.87371 40.9066 1.19035 1.6812 3.75454 1.35508 169160 0 2.15713 0.145573 0
32.8546 19.7603 0.505585 1.89426 4.21979 1.51612 138396 0 -1.23905 0.145505 0
28.3995 61.2697 1.84906 2.03114 4.65837 1.82608 199222 0 1.21895 0.145297 0
46.8823 37.0032 0.95611 1.9472 4.56836 1.62464 163712 0 -1.3032 0.145235 0
71.7827 -9.73093 -0.933937 2.21013 5.05947 1.84419 95462 0 -1.26903 0.144847 0
22.2307 23.4147 1.05602 2.05642 4.65559 1.48395 143979 0 1.86337 0.144526 0
-4.5897 46.3181 1.66926 1.94851 3.79927 1.68625 177123 0 2.17187 0.144082 0
68.9028 -13.2749 -1.24209 2.06027 4.68287 1.77587 90305 0 1.83879 0.144013 0
-56.8397 35.0287 1.49961 2.00238 4.43006 1.57606 160580 0 2.43943 0.143832 0
26.7549 36.4213 1.13984 1.91149 4.39017 1.49182 162713 0 1.92591 0.143776 0
69.042 -9.05842 -1.22324 1.91618 4.22498 1.6043 96389 0 1.9424 0.14341 0
26.495 55.316 1.65266 1.88544 4.13184 1.76184 190324 0 -1.17037 0.142873 0
-66.079 29.7135 1.82479 1.9911 4.34585 1.59554 152595 0 -0.959925 0.142771 0
-71.4026 13.2686 1.96345 2.24964 5.23783 1.95771 128710 0 0.367567 0.142759 0
39.8338 36.6522 0.884444 2.05391 4.50252 1.74937 163222 0 -1.34833 0.142729 0
63.0007 -9.70982 -0.964573 1.77946 3.70832 1.66559 95434 0 -1.20076 0.142633 0
28.9802 45.5246 1.24618 1.97391 4.51218 1.62425 176292 0 1.86329 0.142537 0
52.9884 -18.9964 -0.991513 0.810025 0.817914 1.71877 81831 0 -1.20564 0.142406 1
70.2661 -6.51102 -1.20342 1.90552 4.19677 1.5575 100137 0 2.28785 0.142403 0
0.777855 63.4727 1.73696 2.2506 5.10675 1.70976 202412 0 -0.954614 0.142305 0
-1.70354 28.4172 1.45704 1.77954 3.49342 1.69234 150924 0 2.23738 0.14189 0
-13.5702 33.7503 1.23175 0.656464 0.636418 1.58911 158843 0 -2.56417 0.141882 1
32.2254 20.2918 0.538107 1.91963 4.21746 1.46923 139330 0 1.58814 0.141697 0
69.9458 -5.34956 -1.12184 1.86654 4.00043 1.52812 102008 0 1.81485 0.141435 0
24.0687 47.1068 1.45796 2.25061 5.18052 1.83524 178617 0 -1.36898 0.141267 0
