-24.5011 -4.23712 0.273354 2.23964 4.9722 1.89475 103117 0 0.276686 0.947422 0
9.75653 10.7274 0.898648 1.97406 4.66327 1.4887 125220 0 -1.23285 0.943456 0
16.8669 14.9639 1.04896 2.12623 4.8293 1.77635 131326 0 1.86731 0.930282 0
-13.6733 11.6697 0.502214 2.10138 4.69965 1.49541 126551 0 -1.03949 0.921077 0
45.8898 -0.217041 0.0285737 2.05346 4.56107 1.69155 109421 0 -1.23999 0.917196 0
-32.4838 -2.13286 0.34928 2.16008 4.83761 1.63947 106368 0 0.239744 0.915959 0
27.0229 7.94334 0.560114 2.15935 4.98864 1.89259 121062 0 -1.30909 0.915257 0
11.3624 57.1187 1.17124 2.06961 4.82803 1.53619 193085 0 1.85002 0.913922 0
-2.14886 13.9008 1.04211 2.12702 4.67958 1.79713 129863 0 1.9244 0.911901 0
-19.3854 26.6599 0.832508 1.95872 4.42882 1.4638 148529 0 2.0834 0.905001 0
-62.2268 12.9506 1.20951 2.12437 4.65186 1.59686 128271 0 -1.28761 0.899758 0
0.104126 21.9228 1.22293 2.23261 5.03111 1.98411 141570 0 1.94518 0.898203 0
-51.3566 13.6353 0.863074 2.05526 4.61966 1.56026 129241 0 1.88364 0.89446 0
-11.9059 13.9269 0.542865 1.96677 4.56181 1.46935 129832 0 -1.10218 0.893077 0
-21.8597 21.9105 0.776224 1.91439 4.3748 1.4775 141501 0 2.07857 0.887127 0
-33.0355 14.3389 0.85837 2.22509 4.97502 1.82758 130234 0 -1.03577 0.876598 0
-18.0427 28.9774 1.09899 2.04524 4.71427 1.77442 151809 0 2.09972 0.873939 0
-44.4176 7.44544 0.746973 2.07104 4.61191 1.55283 120371 0 -1.27439 0.864777 0
-21.2136 24.4869 0.966074 2.0095 4.56905 1.68854 145247 0 2.07656 0.863284 0
-10.9805 16.6845 0.631832 2.05187 4.60778 1.50875 134047 0 -1.05227 0.863087 0
62.5836 -5.26665 -0.766902 1.92604 4.35843 1.50648 101985 0 -1.24511 0.856616 0
14.2251 25.0163 1.23659 2.08585 4.72966 1.80492 146294 0 -1.3527 0.852948 0
1.52224 34.7194 1.26382 2.22877 5.2977 1.87026 160294 0 -0.959607 0.851351 0
-30.1432 -3.09431 0.243016 1.99543 4.33412 1.58944 104971 0 0.318614 0.847297 0
16.1533 12.0492 0.839795 2.02724 4.70873 1.58081 127112 0 1.88986 0.842791 0
18.4689 20.5839 1.24106 2.05086 4.52393 1.55831 139755 0 -1.28901 0.838353 0
14.4898 9.37244 0.94587 2.13274 4.91646 1.85575 123363 0 1.87455 0.837054 0
-12.2729 39.2614 1.21064 2.01046 4.68785 1.55809 166803 0 2.15213 0.836855 0
-7.74766 21.0645 0.991003 2.09852 4.62235 1.67971 140141 0 -1.07499 0.836014 0
12.0826 19.4326 0.964299 1.94948 4.65386 1.48564 137863 0 -1.35923 0.834589 0
-0.890747 16.1452 1.07405 2.14594 4.81412 1.85645 133143 0 1.98253 0.834287 0
-3.57208 10.6354 0.97673 2.05462 4.71674 1.54606 125178 0 1.86616 0.834091 0
-26.3816 13.9795 0.651807 1.90872 3.93075 1.59382 129787 0 1.83338 0.831683 0
11.0128 13.6996 0.892149 1.99366 4.76868 1.48042 129436 0 -1.27409 0.828765 0
35.3499 8.56605 0.262396 2.08004 4.64799 1.80196 122024 0 1.86127 0.82725 0
34.1659 5.06171 0.124041 1.97643 4.52734 1.47662 116872 0 1.88728 0.825468 0
-13.3294 36.3048 1.01771 1.94929 4.44015 1.45844 162588 0 2.17719 0.824312 0
50.9629 -1.795 -0.3176 1.9913 4.58118 1.50641 107097 0 1.93292 0.811778 0
33.3924 -10.9653 -0.0311917 0.828378 0.890172 1.62633 93470 0 -1.41346 0.803485 1
18.1396 39.1641 1.32775 1.95669 4.38933 1.63759 166898 0 -1.31948 0.800518 0
-25.0275 17.3803 0.623592 2.09395 4.64982 1.4853 134939 0 -0.996637 0.798312 0
21.3187 28.8702 1.33386 2.11774 4.90833 1.59081 151932 0 1.84084 0.796859 0
-27.993 23.754 0.784336 1.96858 4.42954 1.60014 144290 0 -1.06246 0.792591 0
47.263 6.20449 0.0472896 1.94752 4.27978 1.73446 118785 0 -1.2164 0.790464 0
-35.0825 38.5524 1.36976 2.27821 5.40191 1.89033 165796 0 -1.00782 0.784694 0
11.431 16.5886 0.914001 1.8968 4.57012 1.45844 133649 0 -1.25042 0.784199 0
1.46575 24.8628 0.92798 2.00973 4.5764 1.50092 145786 0 1.9465 0.782722 0
15.2172 30.6346 1.28702 2.18894 5.34127 1.88853 154253 0 1.83945 0.781262 0
27.4082 10.9381 0.667628 1.93942 4.15576 1.7812 125743 0 -1.28425 0.779483 0
-27.6734 -4.02149 0.252927 1.9664 4.30394 1.54533 103575 0 0.313497 0.776312 0
-0.446358 19.0579 0.86703 2.05863 4.78392 1.52709 137356 0 1.92941 0.770057 0
11.659 60.2303 1.33102 2.03956 4.72691 1.61089 197766 0 1.77818 0.766344 0
61.9603 -7.87715 -0.735705 1.94501 4.18259 1.73336 98239 0 -1.27925 0.762472 0
26.6345 -9.99412 0.311222 0.817331 0.851036 1.85387 94853 0 2.22926 0.757308 1
15.7923 70.9347 1.8229 2.12467 4.88272 1.86545 213223 0 1.88692 0.756522 0
-23.5407 31.1314 1.08113 2.1018 4.68254 1.64448 155068 0 -1.10247 0.753924 0
-26.6607 26.7165 0.863681 2.02882 4.54937 1.57636 148506 0 -1.08091 0.751577 0
-23.5411 19.4454 0.643739 1.87959 4.1677 1.41437 137752 0 2.08895 0.751092 0
-5.95823 23.2367 0.838464 2.05891 4.77823 1.45668 143423 0 -1.07084 0.748039 0
-70.4869 10.1081 1.37873 2.03468 4.60995 1.58018 124033 0 0.321567 0.739284 0
-3.06597 28.0213 1.33488 2.30911 5.09069 1.82452 150452 0 -1.01986 0.73185 0
13.2662 62.6427 1.41362 2.04683 4.6316 1.71685 201047 0 1.762 0.728228 0
46.8074 2.60328 -0.104637 2.08389 4.66633 1.5845 113636 0 1.85952 0.726685 0
27.3268 -9.77863 0.235781 0.797747 0.796732 1.77153 95323 0 2.13246 0.726514 1
-52.054 19.8946 0.980517 1.89964 4.21571 1.59956 138599 0 2.14761 0.724711 0
52.6558 4.06354 -0.179814 2.07574 4.70345 1.64527 115526 0 1.94472 0.721126 0
13.5495 22.0126 1.02129 1.99444 4.7531 1.43641 141612 0 1.72042 0.715428 0
34.0346 -14.1123 0.0393609 0.873223 0.920762 1.72426 88792 0 1.92828 0.712443 1
20.6699 47.4642 1.36739 2.00056 4.4156 1.77712 179074 0 -1.3405 0.701176 0
20.0324 44.7208 1.14456 2.00172 4.56912 1.55671 174860 0 -1.30539 0.701057 0
52.0125 1.18822 -0.156229 2.06208 4.69118 1.63089 111312 0 1.93088 0.689976 0
54.8655 -19.3193 0.247148 3.01828 8.01115 3.18923 81369 0 1.8765 0.681544 0
19.3991 42.3104 1.47291 1.99232 4.39837 1.79271 171582 0 -1.34608 0.680545 0
-49.432 25.107 0.958092 2.03463 4.52868 1.59059 146095 0 -0.976836 0.678228 0
17.1726 17.7266 0.893818 1.91452 4.4496 1.44864 135539 0 1.83118 0.677251 0
29.0123 13.973 0.452863 1.76343 3.88363 1.50306 129960 0 -1.28387 0.671143 0
-72.8163 11.315 1.43737 2.02367 4.48604 1.68398 125898 0 0.268755 0.666195 0
26.5165 -6.67303 0.226725 0.975081 0.929668 1.64272 100000 0 0.754971 0.664295 1
-15.2513 65.4136 1.76044 2.03735 4.47688 1.65245 205170 0 -1.01851 0.663941 0
-9.4696 18.9706 0.902229 2.19919 5.12316 1.80035 137328 0 2.19205 0.661455 0
-4.92917 25.791 0.96446 2.06846 4.7463 1.50123 147170 0 -1.05739 0.658952 0
-64.2181 25.4948 1.3863 1.84576 4.03137 1.55607 146517 0 2.06845 0.658848 0
-31.5385 16.7183 0.681296 2.12516 4.78683 1.59564 133983 0 -1.07561 0.653019 0
23.5105 56.436 1.6255 2.04706 4.52605 1.75203 192187 0 -1.25875 0.652488 0
-22.2677 33.3884 0.970649 1.98441 4.62017 1.48277 158348 0 -1.04202 0.642058 0
-36.9289 33.4131 1.21386 2.36073 5.54997 2.0023 158302 0 -1.00464 0.641847 0
-17.1494 31.8528 0.85268 1.98602 4.77583 1.4547 156024 0 2.07235 0.638201 0
-67.3412 18.3119 1.3191 2.07383 4.69057 1.70022 136211 0 1.79509 0.630437 0
13.9388 65.4585 1.45856 2.06544 4.68795 1.73748 205261 0 1.76328 0.6274 0
-8.52122 43.9127 1.11683 2.05338 4.76444 1.48299 173835 0 2.0312 0.625972 0
20.0091 23.5254 1.04234 2.10166 4.8246 1.49835 143972 0 1.83805 0.619973 0
48.1311 8.81975 -0.178968 1.97372 4.5094 1.47779 122532 0 -1.16877 0.619031 0
-29.0016 21.5175 0.73305 2.04834 4.62979 1.59133 141011 0 -1.08947 0.61814 0
36.0182 15.9118 0.667844 1.94181 4.29389 1.65326 132790 0 1.8669 0.612607 0
3.02876 37.2584 1.19101 2.00367 4.52926 1.58147 164043 0 -0.952784 0.603009 0
43.6531 5.90061 0.208628 0.840445 0.932713 1.70491 118306 0 0.328929 0.600632 1
-66.1412 11.923 1.42807 0.824203 0.85964 1.62052 126855 0 1.86389 0.598652 1
-22.6654 17.3579 0.692935 0.859128 0.881043 1.69106 134947 0 -0.730945 0.595766 1
20.6494 26.1435 1.05654 2.09965 4.75372 1.44307 147718 0 1.85021 0.591522 0
-43.9514 24.7404 0.95581 2.05973 4.6241 1.65325 145644 0 2.19444 0.587126 0
53.9289 9.83749 -0.0380295 1.90771 4.38741 1.56841 123954 0 1.90787 0.585587 0
4.36182 39.7906 1.01401 2.07612 4.81065 1.51937 167791 0 -0.995847 0.582473 0
-15.7644 33.02 1.09422 0.717443 0.643581 1.64551 157900 0 -2.9817 0.581225 1
-30.2144 19.0616 0.930097 2.21224 5.14258 1.87075 137263 0 -1.03463 0.567263 0
-13.28 46.8738 1.49251 2.08526 4.66338 1.60586 178032 0 -1.18432 0.567098 0
23.8133 37.5752 1.19495 1.86512 4.19239 1.39111 164576 0 1.84798 0.565522 0
30.2367 16.866 0.643567 1.98676 4.51852 1.79708 134176 0 -1.3571 0.559905 0
-64.4488 11.1241 1.42104 0.937481 1.07996 1.70999 125456 0 1.96459 0.556621 1
15.1623 68.2669 1.30125 2.03827 4.64083 1.59172 209477 0 1.86197 0.552068 0
-10.3721 41.1906 1.12419 1.83896 4.22529 1.40872 169617 0 2.06761 0.551969 0
-46.8895 20.266 1.08362 2.24053 4.88887 1.76049 139083 0 -1.00937 0.546989 0
29.25 14.1693 0.446697 1.93839 4.35505 1.55286 130429 0 -1.3502 0.541465 0
37.3081 37.2784 1.09089 1.94784 4.36556 1.53881 164150 0 -1.28091 0.537378 0
36.0089 34.7107 1.21765 1.9186 4.25434 1.56238 160402 0 -1.23498 0.533944 0
26.6394 -9.8818 0.261445 0.79271 0.800883 1.84802 95321 0 2.34706 0.524149 1
-17.7002 39.876 1.32053 1.98723 4.57114 1.54401 167722 0 -0.959156 0.521375 0
25.164 38.7816 1.28586 0.748487 0.68356 1.69148 166452 0 -1.67711 0.51384 1
25.4586 61.9468 1.70179 2.1718 5.07434 1.81457 200149 0 -1.27914 0.512389 0
41.4085 30.2999 0.832591 2.02118 4.53563 1.49535 153867 0 1.82621 0.508395 0
24.0916 -7.46803 0.243917 0.788359 0.820945 1.58841 98589 0 1.78064 0.506699 1
-26.6306 14.1397 0.645821 2.0383 4.51854 1.58517 130254 0 2.0694 0.502003 0
35.7076 31.8489 1.00271 1.92542 4.42551 1.47851 156189 0 -1.27193 0.499675 0
33.5009 -12.0134 -0.0106177 0.881049 0.927757 1.60818 92066 0 -1.22498 0.494267 1
36.6594 19.0081 0.672973 2.08759 4.56326 1.63176 137472 0 1.90377 0.481922 0
32.7774 23.5037 0.700533 1.91857 4.34626 1.47936 144012 0 -1.17921 0.480163 0
64.1581 -2.36441 -0.589438 2.03411 4.57594 1.73924 106202 0 -1.28834 0.480119 0
-10.9818 8.1236 0.823322 0.826472 1.10781 1.61884 121411 0 -0.788463 0.464951 1
25.7885 65.3999 1.91262 2.08428 4.50904 1.82239 205298 0 -1.22146 0.457981 0
24.7905 40.456 1.16805 1.92412 4.44451 1.55985 168791 0 1.88947 0.450876 0
56.7883 18.4597 0.276662 2.22406 5.21512 1.81912 136599 0 -1.16425 0.450104 0
18.0057 17.4843 0.890964 2.06095 4.67519 1.46419 135074 0 -1.12631 0.442261 0
33.3872 -12.2494 0.0120903 0.843556 0.921215 1.62795 91598 0 -1.24897 0.434506 1
-27.6881 57.7143 1.72759 2.03623 4.50684 1.60993 193899 0 -1.00571 0.431868 0
-15.7712 32.9181 1.12646 0.732896 0.655378 1.68819 157432 0 2.79662 0.427207 1
33.6634 -11.9418 -0.0989702 0.802789 0.854499 1.46378 92067 0 -1.20768 0.426661 1
33.7772 26.4017 0.727156 2.01441 4.5847 1.54734 148227 0 -1.23542 0.419344 0
-66.1342 11.8006 1.44627 0.862846 0.886227 1.64411 126387 0 1.90435 0.416757 1
26.3779 45.9718 1.21938 1.99982 4.56892 1.57931 176752 0 1.85768 0.41531 0
42.0683 33.1064 0.825377 1.92497 4.45215 1.44849 158081 0 1.875 0.412561 0
-4.39468 25.6882 0.945252 2.05645 4.62314 1.49881 147172 0 -1.08624 0.410638 0
67.06 -9.45107 -0.856962 1.90231 4.31795 1.58727 95915 0 1.82763 0.408779 0
-64.7196 25.7088 1.42181 2.19354 5.11459 1.75456 146983 0 2.08546 0.400109 0
20.2629 36.6142 1.55746 0.675975 0.674052 1.61699 163161 0 0.587584 0.398672 1
24.5133 40.1695 1.167 1.89913 4.33062 1.57547 168322 0 1.8883 0.397081 0
31.4832 65.7468 2.24429 2.14904 4.85387 1.77316 205784 0 -3.02405 0.393734 0
-17.1449 35.0608 1.24913 2.32802 5.7943 1.86965 160704 0 2.09606 0.388965 0
-20.0284 59.3755 1.60767 2.10484 4.96611 1.68159 196263 0 2.16506 0.387068 0
43.6812 35.4007 0.863852 1.94212 4.41569 1.52647 161362 0 1.83579 0.385442 0
-67.5969 18.3553 1.37288 2.19419 5.15852 1.78242 136210 0 1.27216 0.38528 0
63.5478 -2.11195 -0.539529 2.03394 4.39347 1.70127 106668 0 -1.30516 0.38165 0
33.2048 -12.273 0.036161 0.818072 0.879511 1.63953 91597 0 -1.27101 0.380954 1
-15.6276 33.0177 1.072 0.703452 0.633869 1.61875 157901 0 3.11465 0.373283 1
37.5923 18.7211 0.703392 2.19631 4.64026 1.70776 137007 0 1.8622 0.372385 0
24.7962 39.8621 1.19669 1.88556 4.36079 1.5864 167855 0 1.86814 0.371589 0
27.1581 -9.76118 0.236773 0.754017 0.755746 1.80279 95322 0 2.19164 0.367312 1
-56.1722 36.6487 1.30394 2.01729 4.52156 1.65719 162922 0 -0.841749 0.36478 0
-41.739 26.7622 0.904233 1.89516 4.1906 1.462 148459 0 -0.894991 0.363507 0
-27.9761 47.2344 1.20471 2.01526 4.58426 1.54963 178454 0 2.00143 0.362718 0
37.559 37.5202 1.13939 2.07686 4.71175 1.58465 164619 0 -1.31653 0.358168 0
-7.85188 46.8519 1.47861 2.1409 4.80739 1.75214 178049 0 2.00554 0.3581 0
26.658 -8.20941 0.217933 0.762711 0.772819 1.66708 97661 0 1.44069 0.357123 1
27.3346 -9.96071 0.259911 0.801821 0.827219 1.80331 94855 0 2.09996 0.355143 1
53.9891 -19.026 0.301754 2.71827 6.19769 2.79992 81834 0 1.89895 0.354418 0
36.2739 34.9667 1.19759 2.07814 4.6753 1.64821 160871 0 -1.31267 0.352047 0
-22.7557 17.2523 0.726152 0.918385 0.98397 1.68513 134478 0 -0.647819 0.349762 1
18.4618 18.108 1.00312 0.870857 1.00565 1.53402 136011 0 -0.2648 0.349757 1
26.3516 65.3647 1.82457 2.30886 5.1723 1.95697 205300 0 -1.22449 0.349755 0
-48.1839 15.1776 2.3862 0.746821 0.791145 1.7414 131591 0 -2.7388 0.347638 1
43.4807 5.90101 0.202834 0.867768 1.00686 1.69931 118305 0 0.405262 0.345029 1
43.6569 5.71859 0.208788 0.863284 1.03377 1.6907 117838 0 0.581605 0.344369 1
-9.1921 18.7826 0.913656 2.01006 4.7544 1.76279 136861 0 -1.2414 0.343993 0
-4.01913 28.6301 1.38045 2.2068 4.85641 1.71406 151385 0 -1.14938 0.338213 0
20.016 34.8242 1.56647 0.776992 0.763668 1.58837 160352 0 1.53255 0.335473 1
-43.4596 24.4982 0.924693 1.6634 3.43399 1.45883 145178 0 2.18117 0.332487 0
25.4269 43.3425 1.2398 1.89924 4.34265 1.52219 173005 0 1.82474 0.329197 0
-17.0768 31.6477 0.838269 1.98671 4.78765 1.45993 155556 0 1.60548 0.328909 0
-16.8826 31.762 0.861845 1.96504 4.8673 1.45208 156025 0 2.51904 0.326974 0
71.1752 19.9618 -0.041463 2.02194 4.57718 1.69435 138984 0 -1.39009 0.326807 0
-13.8576 46.935 1.43961 2.21261 5.23285 1.74066 178030 0 -1.19793 0.325578 0
-27.7409 47.4734 1.20454 1.95014 4.33553 1.52599 178923 0 2.12781 0.323168 0
67.019 -10.7473 -0.820289 1.91134 4.38124 1.63848 94043 0 1.84225 0.3209 0
19.7467 23.2725 1.01496 2.12977 4.84156 1.51396 143503 0 1.86805 0.320822 0
33.6798 -11.7864 -0.117158 0.741712 0.767062 1.33845 92535 0 -1.15175 0.320717 1
41.4522 33.3681 0.903932 1.86771 4.24064 1.42681 158547 0 1.9017 0.319126 0
26.5141 -9.88258 0.303904 0.805934 0.844134 1.82937 95320 0 2.40044 0.31352 1
-6.45916 23.3071 0.856117 1.94589 4.44572 1.42615 143421 0 -1.06847 0.312589 0
41.4315 48.1664 1.12428 1.95743 4.37146 1.56968 180075 0 -1.25017 0.312115 0
-5.38609 -14.1538 0.704947 0.750918 0.674194 1.63406 88669 0 -2.43627 0.312094 1
13.6599 65.1955 1.43679 2.02603 4.6712 1.68614 204792 0 1.74545 0.308925 0
43.0695 35.6699 0.901673 1.95292 4.39926 1.50901 161828 0 1.83012 0.307093 0
14.6714 30.619 1.30038 1.85546 4.20808 1.72995 154251 0 1.86994 0.306054 0
23.9575 -7.47409 0.263156 0.801871 0.824696 1.63182 98588 0 0.171258 0.305975 1
-42.4064 27.3285 0.93849 1.92211 4.37538 1.50732 149393 0 -0.832243 0.305896 0
42.6941 32.8483 0.923126 1.97103 4.49723 1.45568 157615 0 1.86217 0.305594 0
18.4616 18.3314 1.05368 0.84827 0.894724 1.58056 136479 0 -0.256807 0.304788 1
26.5889 -9.12262 0.382426 0.856967 0.843263 1.93536 96257 0 1.76189 0.303238 1
25.3276 38.787 1.26596 0.782572 0.725548 1.71483 166453 0 -1.95921 0.296209 1
-15.7664 65.7839 1.72347 2.30643 5.78734 1.83069 205636 0 -1.02717 0.295916 0
25.7363 43.04 1.25535 1.92594 4.37621 1.49969 172538 0 1.8212 0.295494 0
4.85881 39.5569 0.903768 1.69307 3.70874 1.36467 167325 0 -0.974073 0.291163 0
34.6765 26.0804 0.762051 2.08436 4.71358 1.57146 147762 0 -1.20749 0.29033 0
25.3327 38.6559 1.30122 0.784185 0.723318 1.68428 165985 0 -1.4255 0.290194 1
32.2189 23.5811 0.667509 1.85658 4.23241 1.44876 144010 0 -1.19249 0.288987 0
2.49007 37.3451 1.23885 2.08851 4.69813 1.63686 164041 0 -0.984871 0.285527 0
-40.8076 29.2972 0.942898 1.92947 4.27044 1.56366 152206 0 2.14124 0.28534 0
38.5804 39.8506 1.29368 1.89573 4.28648 1.49675 167898 0 -1.22312 0.283911 0
44.2796 35.344 0.876207 1.96652 4.53022 1.57201 161364 0 1.83789 0.282141 0
62.1952 -7.6413 -0.64273 2.06168 4.64778 1.78864 98708 0 -1.37914 0.2818 0
25.4512 42.7546 1.23141 1.94418 4.43502 1.49814 172069 0 1.80539 0.281736 0
27.5631 -9.7723 0.230411 0.850931 0.855114 1.76067 95324 0 2.05324 0.279592 1
-10.8588 8.144 0.791429 0.823238 1.0224 1.61911 121412 0 -0.825831 0.279293 1
-6.94714 47.1377 1.419 0.849282 0.851666 1.75511 178520 0 2.14762 0.279144 1
11.6719 59.7865 1.30423 1.91231 4.48813 1.58033 196830 0 1.81182 0.278389 0
25.8244 45.997 1.1883 1.90624 4.31609 1.58693 176750 0 1.86126 0.27378 0
-8.48309 47.1765 1.54441 1.95999 4.32343 1.63374 178515 0 2.02414 0.273113 0
52.6145 4.53561 -0.204787 2.04671 4.63081 1.65391 116462 0 1.84767 0.270996 0
33.3941 23.4421 0.731656 2.00526 4.49612 1.54189 144014 0 -1.22095 0.270739 0
24.4423 37.5503 1.21539 1.90927 4.42017 1.42473 164578 0 1.88384 0.27056 0
43.9967 38.542 1.09471 2.0047 4.62273 1.59623 166043 0 1.75252 0.26361 0
33.5535 -11.7971 -0.036304 0.804667 0.826306 1.5304 92534 0 -1.1826 0.26311 1
68.9621 -3.70081 -0.86116 1.97063 4.33643 1.57613 104345 0 1.80767 0.261867 0
-19.7121 59.0884 1.60814 1.97255 4.45746 1.64064 195796 0 1.91157 0.259809 0
40.8331 48.234 1.05706 1.97412 4.586 1.59196 180073 0 -1.1651 0.259721 0
67.3287 -9.19888 -0.842188 2.02248 4.62236 1.64097 96384 0 1.79161 0.257279 0
-28.0083 58.0104 1.74402 2.1074 4.73071 1.6556 194366 0 -2.06775 0.256974 0
24.0923 -7.33157 0.256132 0.817531 0.847858 1.6235 99057 0 0.257625 0.256859 1
47.5899 9.08418 -0.104059 1.73802 3.74067 1.44427 122998 0 -1.27489 0.256791 0
26.654 -8.37962 0.279394 0.807253 0.829467 1.74671 97193 0 1.72859 0.255824 1
25.0922 40.7523 1.20683 1.99468 4.5223 1.58411 169260 0 1.9005 0.255518 0
66.4242 5.89569 -0.422239 1.94175 4.38413 1.5545 118377 0 -1.13234 0.255428 0
14.664 68.068 1.29107 2.23363 5.28513 1.72372 209007 0 1.82036 0.254619 0
-3.97021 -13.8102 0.603982 0.821536 0.820145 1.54781 89141 0 1.42908 0.253255 1
24.1975 59.0805 1.35332 2.00002 4.49154 1.55008 195933 0 1.80873 0.25259 0
29.6781 16.8408 0.616325 1.99895 4.45442 1.82131 134174 0 -1.36847 0.252092 0
17.9974 17.6384 0.942094 1.93788 4.33303 1.50074 135542 0 1.71515 0.251966 0
47.9159 8.58374 -0.173036 1.83063 4.06263 1.45922 122063 0 -1.17666 0.251235 0
28.9733 14.4391 0.451239 1.848 3.96264 1.5196 130896 0 -1.3983 0.250736 0
35.7368 34.9902 1.2584 1.73424 3.77963 1.48764 160869 0 -1.24901 0.250729 0
43.662 6.14139 0.223941 0.864913 1.29567 1.73581 118774 0 0.292453 0.24953 1
-11.0455 7.95702 0.821589 0.834163 1.27743 1.56887 120943 0 -0.673803 0.24925 1
60.962 -10.704 -1.01203 2.10921 4.68006 1.58807 94024 0 1.75526 0.246976 0
-55.9103 36.9182 1.25292 1.87809 4.2689 1.61856 163391 0 -0.682089 0.246846 0
37.0315 37.0165 1.08892 1.8002 3.98869 1.48097 163681 0 -1.24485 0.245884 0
62.8897 -2.05 -0.525629 2.05359 4.53622 1.66105 106666 0 -1.3302 0.245544 0
35.0717 32.1407 1.0221 1.95169 4.43606 1.48805 156655 0 -1.29476 0.244533 0
56.0949 -19.4575 -0.00814122 3.04779 10.0642 3.4686 81373 0 1.83651 0.243869 0
0.0366898 19.0041 0.850863 1.75131 3.79448 1.44219 137358 0 1.94798 0.242383 0
20.8972 47.7258 1.3749 2.17227 4.91876 1.84717 179543 0 -1.37135 0.242307 0
25.1628 43.0619 1.19367 1.94383 4.53571 1.49459 172536 0 1.81719 0.240912 0
25.1122 39.5652 1.15981 1.97721 4.31543 1.63573 167388 0 1.8254 0.240113 0
-16.5268 34.6924 1.26157 1.95991 4.4969 1.67184 160238 0 2.12512 0.238507 0
27.3318 -9.55975 0.221921 0.786885 0.800795 1.74941 95791 0 2.03979 0.237915 1
33.8977 -14.1523 0.0626915 0.876909 0.909127 1.73266 88791 0 1.92652 0.237508 1
29.196 -9.03772 0.114844 0.854662 0.953938 1.68984 96265 0 0.962981 0.237051 1
68.6735 -3.98013 -0.814893 1.90792 4.18517 1.53505 103876 0 1.85622 0.235718 0
-5.64883 -13.2368 0.60401 0.816001 0.864086 1.64664 90072 0 -1.59565 0.235691 2
-24.7979 28.9531 0.681632 2.03358 4.65376 1.48032 151788 0 -1.08717 0.235364 0
38.857 40.1092 1.31861 1.95165 4.41682 1.52855 168367 0 -1.30407 0.235097 0
20.1202 36.6146 1.53536 0.696248 0.681622 1.62647 163160 0 0.650037 0.233402 1
-5.47292 -14.1677 0.713784 0.777141 0.689926 1.65772 88668 0 2.93775 0.232938 1
-17.6589 31.9399 0.879098 1.9609 4.72035 1.47725 156022 0 2.07793 0.23213 0
-52.5326 20.0115 0.986798 2.19315 5.17385 1.6823 138597 0 2.08741 0.232097 0
-28.2806 58.0733 1.71025 2.07686 4.81413 1.6481 194365 0 2.22256 0.232036 0
-56.437 36.3778 1.32029 2.15334 4.81385 1.72912 162453 0 -1.06129 0.23189 0
29.0528 -9.05083 0.131503 0.845776 0.937257 1.6629 96264 0 1.19895 0.231866 1
36.6305 41.0811 1.10094 1.92296 4.37491 1.51484 169764 0 -1.23983 0.230727 0
36.3274 40.8255 1.0474 1.91692 4.39191 1.50638 169295 0 -1.31438 0.230225 0
37.9342 40.1617 1.17489 1.84451 4.22948 1.4803 168364 0 -1.21844 0.230197 0
37.8293 37.018 1.19244 2.22603 5.19977 1.74276 163684 0 -1.26964 0.229536 0
43.873 5.90941 0.208923 0.879502 1.11634 1.73463 118307 0 0.258435 0.229461 1
37.3117 36.7116 1.09906 1.97201 4.39701 1.59287 163214 0 -1.20275 0.229265 0
-7.12405 47.1291 1.44559 0.916879 0.995013 1.75239 178519 0 1.83709 0.228689 1
57.0622 18.634 0.280523 2.36301 5.49743 1.89064 137068 0 -1.55143 0.227631 0
29.5776 -15.2409 0.130524 0.751072 0.796675 1.46012 87374 0 -2.7233 0.22617 1
63.9098 -2.63354 -0.58947 1.96668 4.38918 1.70744 105733 0 -1.23779 0.224917 0
19.4132 41.8733 1.47066 2.0133 4.59666 1.83393 170646 0 -1.27533 0.222992 0
2.40387 37.8467 1.29068 2.09284 4.72428 1.64713 164977 0 -0.949131 0.22255 0
41.8041 32.8834 0.822416 1.824 4.13032 1.38558 157612 0 1.89201 0.221744 0
44.6258 38.5362 1.23038 2.02178 4.52287 1.57739 166045 0 1.65589 0.221575 0
33.1747 26.45 0.777072 1.97515 4.47176 1.54827 148225 0 -1.29505 0.22154 0
68.9711 -4.30898 -0.879483 1.94468 4.31724 1.55395 103409 0 1.84344 0.221019 0
13.8493 22.1196 1.04771 2.07424 4.89606 1.46076 142081 0 -2.0233 0.220939 0
66.1227 5.60046 -0.428795 1.91153 4.29944 1.53801 117908 0 -0.894594 0.220866 0
-22.7822 33.5158 0.979071 1.79397 3.96555 1.41298 158346 0 -1.05153 0.219876 0
73.4317 -8.46861 -1.02465 1.96453 4.37309 1.62118 97339 0 1.67206 0.219711 0
30.2238 17.3475 0.698062 2.09101 4.74783 1.79576 135112 0 -1.31003 0.219702 0
26.5302 -8.20765 0.233364 0.790893 0.795676 1.6437 97660 0 1.5635 0.219632 1
13.2324 63.0767 1.42976 2.23709 5.16642 1.82854 201983 0 1.84236 0.218432 0
-39.8187 28.6326 0.785523 1.98118 4.47305 1.51158 151273 0 -1.04538 0.218372 0
4.62802 39.3066 0.966381 1.81881 4.0777 1.42643 166856 0 -1.05849 0.218273 0
13.8952 65.977 1.49228 2.15066 5.00712 1.79291 206197 0 1.82689 0.217136 0
-7.51468 46.302 1.41763 1.92751 3.72292 1.71018 177114 0 1.98568 0.215665 0
53.0015 13.862 1.37967 0.821384 1.84199 1.87545 130035 0 0.271717 0.215334 2
48.3871 9.04517 -0.146913 2.14376 4.98685 1.56876 123001 0 -1.21783 0.214685 0
67.9989 -7.20804 -0.939952 1.91453 4.23369 1.55273 99194 0 1.86527 0.214635 0
-40.1877 28.9481 0.85704 1.96608 4.44618 1.52454 151740 0 3.02499 0.213913 0
30.807 17.0701 0.674185 1.97786 4.4582 1.7221 134646 0 -1.34658 0.213254 0
22.9876 56.5015 1.59865 1.8039 3.86834 1.65486 192185 0 -1.21248 0.213121 0
18.6286 18.146 1.01247 0.886776 0.982695 1.55505 136012 0 -0.509004 0.212889 1
35.7748 34.4862 1.2122 1.77642 3.89382 1.49964 159933 0 -1.17431 0.212043 0
-66.2627 11.7989 1.43034 0.88278 0.927393 1.58361 126386 0 1.89737 0.21162 1
66.7866 -9.71852 -0.855899 1.78679 4.05884 1.56776 95446 0 1.8856 0.211432 0
20.3158 26.5898 1.00788 1.99119 4.43587 1.40694 148653 0 1.81338 0.21095 0
25.527 65.2016 1.9322 1.86895 4.05876 1.79329 204829 0 -1.20556 0.210742 0
44.0048 35.1074 0.847171 1.85838 4.19549 1.48229 160895 0 1.85589 0.210486 0
35.0159 8.98734 0.293874 2.36386 5.44211 1.87596 122959 0 1.90443 0.210394 0
3.27124 37.5062 1.16026 1.93774 4.46337 1.57916 164512 0 -0.943116 0.209632 0
66.7043 6.2281 -0.350021 2.05547 4.62464 1.60968 118846 0 1.16845 0.209186 0
-54.5252 36.2501 0.964439 0.816179 1.82443 1.72119 162459 0 2.57809 0.208892 2
-19.3828 59.0263 1.6248 2.06689 4.59772 1.64501 195797 0 -0.974321 0.207435 0
11.1422 60.0528 1.34616 1.66388 3.74377 1.48421 197296 0 1.80399 0.207023 0
-16.6987 6.5518 0.910092 0.818689 0.907718 1.75417 119053 0 -0.988922 0.205106 1
-20.3476 59.9056 1.62728 2.35791 5.63188 1.83864 197198 0 2.13908 0.204685 0
36.5478 34.4518 1.19535 2.21904 5.07784 1.79482 159936 0 -1.23499 0.203526 0
29.2082 -8.88352 0.138848 0.843291 0.968369 1.66988 96733 0 0.44124 0.202661 1
26.0587 42.7439 1.30388 1.99775 4.52736 1.52084 172071 0 1.83349 0.202507 0
-26.0878 13.7505 0.64586 1.77094 3.23645 1.57923 129320 0 -1.12394 0.202056 0
29.9329 54.5465 1.72546 2.04894 4.55232 1.5892 189399 0 1.81911 0.201724 0
33.2235 -12.0886 0.0452557 0.856732 0.992976 1.67749 92065 0 -1.24848 0.201712 1
-64.7081 11.2828 1.36471 0.909249 1.74964 1.57693 125923 0 1.88509 0.200145 2
68.361 -3.68053 -0.785047 1.96424 4.27795 1.57461 104343 0 1.83961 0.199704 0
66.4461 6.2064 -0.399467 1.90343 4.22804 1.53976 118845 0 0.113888 0.199016 0
38.2833 39.564 1.26705 1.84079 4.11685 1.46734 167429 0 -1.13181 0.198528 0
30.2222 16.577 0.604577 1.92431 4.20716 1.75735 133708 0 -1.346 0.19824 0
23.7707 56.6877 1.61559 2.22569 5.0316 1.85032 192656 0 -1.3116 0.198093 0
-28.9412 21.0734 0.720803 1.90118 4.24776 1.59642 140075 0 -1.06533 0.197638 0
3.36587 36.7481 1.1981 2.0102 4.50408 1.67631 163108 0 -0.958288 0.197548 0
-17.7847 32.3739 0.861263 1.92128 4.55085 1.47465 156958 0 2.08713 0.196846 0
66.7729 -10.4439 -0.8283 1.79889 4.1144 1.58937 94510 0 1.88566 0.195257 0
37.2654 40.7961 1.08049 1.82727 4.14008 1.47111 169298 0 -1.27248 0.19408 0
-45.3031 22.2149 0.832252 1.9956 4.4245 1.60146 141896 0 2.19082 0.194038 0
37.5902 40.4833 1.11701 1.81089 4.07621 1.46184 168831 0 -1.26758 0.193958 0
25.7461 42.4476 1.31104 1.96101 4.41211 1.51587 171602 0 1.81289 0.193896 0
12.9961 62.3616 1.43216 2.02528 4.63467 1.72822 200578 0 1.71394 0.193494 0
27.0466 -10.0018 0.280165 0.806705 0.823 1.85278 94854 0 2.17221 0.192611 1
66.7184 6.53923 -0.321523 2.03206 4.5657 1.59898 119314 0 1.5376 0.192274 0
38.4822 18.6509 0.695617 2.35775 5.30526 1.85401 137010 0 1.79255 0.192231 0
-15.6325 32.9209 1.11595 0.723857 0.657427 1.66102 157433 0 2.93613 0.191403 1
39.5302 27.6712 1.34526 2.15741 4.80001 1.79667 150117 0 1.85669 0.190486 0
-64.4308 25.2444 1.40019 1.98359 4.32674 1.60588 146048 0 1.9948 0.189846 0
36.6247 15.6506 0.652692 1.96763 4.32458 1.61876 132324 0 1.86506 0.189001 0
1.96862 24.7936 0.885214 1.73634 3.62424 1.46551 145788 0 1.99885 0.188402 0
26.9864 45.9179 1.25525 2.03295 4.56163 1.58326 176754 0 1.84469 0.188397 0
-54.3438 36.0133 0.845807 0.805766 1.79403 1.71605 161992 0 2.64503 0.18787 2
-41.5183 26.9664 0.865062 1.7396 3.98667 1.42039 148928 0 -0.81962 0.187407 0
-46.5187 19.806 1.04353 2.19614 4.6822 1.80065 138148 0 -1.01104 0.186686 0
62.4564 -8.06801 -0.638141 2.23728 5.21357 1.86893 97773 0 -1.23646 0.186514 0
23.2522 37.819 1.21311 1.91061 4.20472 1.45456 165042 0 1.84371 0.185663 0
31.4519 65.205 2.25323 1.91237 3.91749 1.61094 204848 0 -3.00354 0.185403 0
1.44036 25.311 0.942941 2.18781 4.98055 1.58735 146722 0 2.07419 0.185223 0
68.6584 -4.63361 -0.844988 1.91329 4.21107 1.52109 102940 0 1.84486 0.18443 0
-30.5624 46.2467 0.945364 1.95367 4.40357 1.52025 177042 0 2.16689 0.184243 0
29.5115 13.6993 0.41461 2.07277 4.7846 1.58718 129494 0 -1.23472 0.183799 0
-29.501 21.3602 0.778781 2.1564 5.15375 1.72035 140541 0 -1.04316 0.183537 0
26.4753 -9.35905 0.354187 0.757574 0.780389 1.86414 95788 0 1.91008 0.183396 1
26.51 -8.41652 0.261031 0.807589 0.809429 1.71313 97192 0 1.76073 0.182611 1
-21.5901 36.0049 1.20202 1.87518 4.20786 1.49416 162094 0 2.1107 0.182607 0
43.9924 40.1153 1.54172 2.07131 4.67924 1.5464 168383 0 0.321989 0.181414 0
74.0762 -8.46021 -1.03661 1.94064 4.30837 1.61531 97341 0 1.66237 0.181349 0
25.1293 65.7021 1.89448 2.22394 5.02011 1.92265 205764 0 -1.22736 0.181339 0
44.9333 38.2661 1.24244 2.04191 4.65735 1.61567 165578 0 1.70724 0.180777 0
44.0237 38.3267 1.08025 1.94261 4.40311 1.58273 165575 0 -1.91783 0.180145 0
-66.126 12.2374 1.32482 0.763323 0.778472 1.37947 127323 0 1.78712 0.179872 1
-23.8366 19.8541 0.605171 2.09868 4.93622 1.51055 138687 0 2.14739 0.179686 0
31.222 64.1879 2.22206 2.29647 5.19923 1.90307 203443 0 -1.65339 0.179635 0
34.6021 5.16031 0.1325 2.23779 5.14146 1.55128 117342 0 1.89704 0.179549 0
73.7668 -8.19151 -1.07998 1.97908 4.43416 1.64651 97808 0 1.6362 0.179089 0
29.0663 -8.89051 0.158616 0.863011 0.960286 1.65871 96732 0 0.863897 0.179084 1
32.8321 26.7207 0.867805 2.05053 4.62088 1.59632 148692 0 1.23879 0.179018 0
42.341 33.3276 0.935284 2.0111 4.48523 1.48853 158550 0 1.85566 0.178974 0
-8.76326 46.9545 1.53964 1.93031 4.28163 1.59796 178046 0 1.98388 0.178538 0
38.2242 40.4324 1.2552 1.87896 4.23226 1.49466 168833 0 -1.28125 0.178346 0
36.7284 37.3204 1.05098 1.77879 3.9062 1.4706 164148 0 -1.27541 0.177232 0
42.351 30.2015 0.931263 2.17801 4.83094 1.65417 153870 0 1.76109 0.177146 0
26.3278 61.8595 1.71889 2.40983 5.83306 1.90083 200152 0 -1.29465 0.176905 0
43.3389 35.9031 0.907947 1.96462 4.41506 1.51206 162297 0 1.87275 0.176754 0
-40.1184 28.683 0.845098 1.96308 4.38087 1.50826 151272 0 -1.38856 0.17649 0
-66.819 18.1301 1.31203 1.86235 3.87782 1.58962 135745 0 1.78997 0.175967 0
-5.59873 -13.0928 0.64065 0.847356 1.24131 1.69391 90540 0 -1.65905 0.17574 2
-22.1861 32.2065 0.909899 0.728088 0.708785 1.6074 156476 0 1.7808 0.175713 1
-19.7491 59.6128 1.60794 2.277 5.32696 1.69663 196732 0 1.9143 0.175562 0
40.2179 48.489 1.03809 1.93456 4.50794 1.59274 180539 0 -1.2689 0.175481 0
-29.9215 45.9226 1.02068 1.97081 4.45206 1.53077 176576 0 2.16606 0.175375 0
-59.9968 32.8066 1.36368 1.97691 4.48112 1.56525 157294 0 -0.865097 0.175138 0
-8.17838 43.4834 1.15012 1.97229 4.46204 1.47226 172900 0 2.10377 0.175073 0
13.3548 65.7335 1.44391 2.08676 4.88056 1.73399 205727 0 1.79522 0.174672 0
43.4702 5.70655 0.219263 0.870885 1.15052 1.67915 117837 0 0.454593 0.1746 1
36.964 40.5099 1.01542 1.85432 4.34279 1.44251 168829 0 -1.28951 0.174447 0
25.1833 61.6933 1.69938 1.95005 4.48161 1.73498 199680 0 -1.30726 0.173608 0
28.9565 54.8704 1.50967 1.94719 4.37874 1.54195 189864 0 1.8847 0.173395 0
20.2698 36.4479 1.69178 0.714963 0.692819 1.66729 162693 0 0.604277 0.173158 1
69.2449 -3.41937 -0.812103 2.11374 4.70745 1.66049 104814 0 1.71822 0.173054 0
67.6947 -6.91992 -0.964606 1.92458 4.25266 1.55389 99661 0 1.86206 0.172397 0
24.866 43.3732 1.16508 1.94047 4.45151 1.53624 173003 0 1.83304 0.172371 0
-59.7062 33.0953 1.33422 2.00202 4.50167 1.57832 157763 0 -0.930091 0.172134 0
25.1596 42.4408 1.26764 1.9079 4.35699 1.4831 171600 0 1.81025 0.172128 0
52.1165 4.33997 -0.270818 1.86879 4.05672 1.56004 115992 0 1.92338 0.172077 0
67.0389 -10.072 -0.848544 1.82954 4.22847 1.6129 94979 0 1.87648 0.171677 0
-41.8029 27.2903 0.877144 1.71465 3.86731 1.38726 149395 0 -0.628827 0.171658 0
47.8382 9.32423 -0.103927 1.92945 4.19979 1.48321 123467 0 -1.26363 0.171502 0
72.4826 -8.47031 -1.0165 1.96946 4.4336 1.66931 97336 0 1.71469 0.17149 0
-32.4081 17.1137 0.815863 2.21218 4.93157 1.77714 134448 0 -1.09649 0.171435 0
29.2831 54.5627 1.6015 1.98723 4.47136 1.55962 189397 0 1.82611 0.171428 0
-8.8338 47.7955 1.57226 2.0182 4.47984 1.69204 179450 0 2.03694 0.170734 0
20.1838 34.8094 1.55015 0.813151 0.810661 1.60172 160353 0 1.30848 0.170638 1
-4.30298 25.2351 0.924685 2.03087 4.68001 1.5056 146236 0 -1.0307 0.170516 0
-5.81434 -13.2658 0.592501 0.788962 0.861217 1.62307 90071 0 -1.54196 0.170439 2
74.713 -8.18629 -1.02619 1.99808 4.40924 1.72137 97811 0 -1.60534 0.170346 0
69.2467 -4.6047 -0.862482 2.0399 4.5809 1.60167 102942 0 1.70704 0.170145 0
67.7059 -7.48062 -0.928612 1.89397 4.14967 1.55055 98725 0 1.89198 0.17005 0
39.1263 39.5554 1.28745 2.04854 4.61212 1.61647 167432 0 -1.26256 0.169969 0
71.2042 -8.18787 -0.859449 2.08439 4.70678 1.75184 97800 0 1.74515 0.168585 0
38.8668 39.2705 1.25342 1.96077 4.39457 1.54119 166963 0 -1.22506 0.168144 0
-39.8734 28.8921 0.806629 2.03509 4.61093 1.53318 151741 0 -2.00908 0.167907 0
24.2355 39.8958 1.24306 1.9066 4.31432 1.56406 167853 0 1.86421 0.167568 0
36.3124 34.1922 1.17636 2.07868 4.66499 1.68064 159467 0 -1.14871 0.166951 0
-42.4285 27.5913 0.932202 1.87467 4.32105 1.50794 149861 0 2.627 0.165656 0
-73.3379 10.7278 1.49079 2.27086 5.20303 1.92689 124960 0 0.300454 0.165655 0
20.1938 34.9519 1.62682 0.791598 0.793492 1.68033 160821 0 1.22573 0.16564 1
74.7103 -8.47851 -0.980012 2.09411 4.64908 1.74292 97343 0 -1.36867 0.165253 0
73.1248 -8.21655 -1.14869 1.95442 4.30823 1.64618 97806 0 1.68043 0.165044 0
51.7635 0.913666 -0.15783 2.06906 4.67148 1.6458 110843 0 1.92588 0.16419 0
69.53 -3.99786 -0.875419 2.14816 4.82635 1.70403 103879 0 1.77869 0.163495 0
24.541 39.6065 1.21474 1.85261 4.12102 1.56935 167386 0 1.85108 0.163307 0
33.2591 -10.8472 -0.0172644 0.882125 0.943428 1.64673 93937 0 -1.33615 0.162816 1
-20.5449 59.4464 1.62234 2.24824 5.43007 1.81546 196261 0 2.16534 0.16261 0
43.4275 38.5804 0.942085 2.03199 4.60462 1.58914 166041 0 -2.39542 0.162531 0
-27.3571 57.2137 1.67591 2.03149 4.68469 1.62167 192964 0 -1.04084 0.162482 0
-7.18628 46.8979 1.45063 1.15914 1.52605 1.78969 178051 0 1.96402 0.16242 0
-6.95329 46.9534 1.42041 0.894299 0.971169 1.79721 178052 0 2.00351 0.161636 1
25.3797 39.832 1.22063 1.86125 3.94216 1.60164 167857 0 1.84891 0.161475 0
28.6374 55.184 1.43399 1.9411 4.36571 1.52852 190331 0 2.00115 0.161454 0
37.2868 40.2094 1.05291 1.85869 4.2932 1.43018 168362 0 -1.26787 0.161353 0
-32.1708 46.894 1.03226 1.94027 4.3735 1.57925 177973 0 2.07295 0.16132 0
31.5669 23.8649 0.680604 1.88697 4.3961 1.4943 144476 0 -1.25767 0.161282 0
23.2769 37.3676 1.19762 1.83858 4.09949 1.42358 164106 0 1.86409 0.161092 0
41.7227 48.4046 1.18043 2.02229 4.49072 1.61845 180544 0 -1.32586 0.160196 0
-6.28496 -14.2968 0.900817 0.735159 0.649504 1.81034 88666 0 -2.35569 0.160085 1
33.6235 -10.9968 -0.00872439 0.872139 0.993233 1.67305 93471 0 -1.27649 0.159799 1
26.1141 45.6969 1.24808 1.93475 4.38541 1.58416 176283 0 1.87234 0.158926 0
70.2686 20.0449 -0.15859 1.89549 4.23336 1.60119 138981 0 -1.33877 0.1587 0
15.5026 71.4029 1.78614 2.44119 5.8225 2.00453 214158 0 1.91316 0.158307 0
69.59 20.2488 -0.227942 1.97322 4.39713 1.66849 139447 0 1.7738 0.158185 0
24.8994 61.9667 1.71123 1.90958 4.37559 1.72422 200147 0 -0.923404 0.158024 0
24.0649 56.2235 1.63922 2.32915 5.60436 1.93857 191721 0 -1.23279 0.157931 0
15.1796 67.7925 1.23957 1.90106 4.32031 1.53154 208541 0 1.81539 0.157544 0
36.5579 16.0458 0.648344 2.06849 4.50209 1.65658 133260 0 1.87363 0.157423 0
-40.2359 29.2178 0.871476 1.98051 4.46503 1.53973 152208 0 2.47573 0.157391 0
26.6362 -8.86903 0.365085 0.799187 0.818249 1.8492 96725 0 1.8381 0.157231 1
26.4015 64.9092 1.80044 2.26445 5.45712 1.96915 204364 0 -1.18252 0.156977 0
-56.4755 37.2033 1.29563 2.30145 5.44517 1.89125 163857 0 -0.713238 0.15669 0
-40.5672 29.5341 0.921646 1.95292 4.34859 1.57906 152675 0 2.21346 0.156316 0
18.6194 18.3254 1.07257 0.861328 0.920739 1.55464 136480 0 -0.535986 0.155183 1
26.6205 -9.37439 0.225781 0.74854 0.768907 1.86403 95789 0 1.96048 0.15514 1
25.7536 67.355 1.70243 2.13051 4.76622 1.85879 208106 0 -2.68505 0.155116 0
65.8002 5.29179 -0.453125 1.96361 4.37826 1.57453 117439 0 -0.450139 0.154948 0
-11.7904 38.9182 1.25216 1.77279 3.47645 1.46724 166337 0 2.15861 0.154783 0
-56.7361 36.9409 1.30148 2.37981 5.72988 1.96788 163388 0 -0.902749 0.154731 0
-26.2881 13.7548 0.636028 1.86334 3.741 1.58521 129319 0 0.559262 0.154553 0
13.7238 25.047 1.2474 1.84096 3.72663 1.69985 146292 0 -1.35942 0.154164 0
23.9603 -7.32368 0.264036 0.804772 0.831483 1.63455 99056 0 0.253086 0.153739 1
-4.08897 28.844 1.36867 2.35363 5.22785 1.73736 151853 0 2.32508 0.153053 0
-60.2866 32.7899 1.4234 2.0465 4.70231 1.63587 157293 0 1.46845 0.15284 0
64.4633 4.99306 -0.34287 2.05853 4.6259 1.61381 116967 0 0.405164 0.152808 0
68.3592 -4.31799 -0.822524 1.93292 4.26426 1.54636 103407 0 1.85359 0.152679 0
42.736 32.5715 0.919371 1.85554 4.03941 1.41907 157147 0 1.87844 0.152096 0
-44.293 25.0379 1.04925 2.32736 5.56902 1.88358 146111 0 2.39219 0.151952 0
-47.7935 20.6932 1.10914 2.21191 4.83973 1.78522 139548 0 -1.01189 0.151657 0
-41.085 29.0342 0.958358 2.01771 4.36008 1.59071 151737 0 1.80262 0.151299 0
35.7172 16.3894 0.627434 2.06726 4.6469 1.73084 133725 0 1.89134 0.151175 0
29.6078 54.8429 1.64931 1.99653 4.45267 1.58474 189866 0 1.81198 0.151174 0
-5.38401 -14.0474 0.697199 0.783777 0.739042 1.63256 89137 0 -2.65566 0.150792 1
-43.6359 24.2904 0.917713 1.78573 3.72111 1.49461 144709 0 2.19961 0.150531 0
-20.9328 59.9744 1.60231 2.1903 5.05808 1.80358 197196 0 2.11628 0.149932 0
74.7294 -7.87124 -1.03541 1.99334 4.41462 1.71637 98279 0 -1.20812 0.149885 0
35.9893 35.2746 1.23499 1.89769 4.21552 1.54714 161338 0 -1.29814 0.149658 0
51.9694 1.63267 -0.144891 2.07886 4.61919 1.68932 112248 0 1.90432 0.149562 0
-31.1919 46.5597 0.926124 1.9797 4.42333 1.55846 177508 0 2.13439 0.149197 0
55.2043 20.6494 0.121972 2.00144 4.43956 1.6256 139870 0 -2.80278 0.149079 0
44.2864 39.848 1.55125 2.04299 4.53544 1.53976 167916 0 0.587177 0.149 0
-41.1916 26.4115 0.927956 1.8974 4.25751 1.46386 147993 0 -0.923738 0.148342 0
-18.7632 58.6899 1.65088 2.08353 4.58712 1.61772 195331 0 -0.979729 0.148319 0
27.5842 -9.98618 0.232567 0.854697 0.873925 1.75899 94856 0 2.05371 0.147884 1
-27.4014 46.9336 1.14816 1.83924 4.01306 1.45588 177988 0 2.1193 0.147799 0
66.7148 7.18293 -0.270759 2.0254 4.5631 1.60103 120250 0 1.24805 0.147692 0
-54.3653 36.23 0.910635 0.830909 1.84412 1.7265 162460 0 2.6364 0.147345 2
27.1043 -9.53947 0.193001 0.737948 0.766161 1.7872 95790 0 2.00011 0.147265 1
37.8861 40.7628 1.16198 1.87027 4.2383 1.49805 169300 0 -1.29129 0.147147 0
33.6742 -12.2254 -0.00879547 0.865723 1.2369 1.59459 91599 0 -1.23709 0.146949 1
-6.4843 -14.285 0.963898 0.739969 0.649285 1.8222 88665 0 -2.25538 0.146649 1
44.3288 38.7922 1.2279 2.02421 4.48383 1.57025 166512 0 1.55956 0.146588 0
-41.3706 29.5806 1.01073 2.12 4.78877 1.70438 152672 0 -1.30726 0.146319 0
18.1767 20.4346 1.22655 1.79767 3.9364 1.49586 139286 0 -1.2947 0.146237 0
26.5035 -8.89093 0.360784 0.792595 0.809042 1.83096 96724 0 1.86551 0.1458 1
43.7053 38.326 1.0456 1.98905 4.50935 1.60742 165574 0 -1.67597 0.145766 0
-19.6557 58.8144 1.61262 1.94644 4.3611 1.61617 195328 0 1.52444 0.145677 0
33.4464 22.9745 0.665838 1.95848 4.4032 1.51738 143078 0 -1.14142 0.145612 0
25.4415 42.1333 1.35741 1.94049 4.31927 1.51345 171133 0 1.8086 0.145422 0
10.5106 13.8418 0.902964 1.69288 3.54544 1.41548 129902 0 -1.31009 0.145134 0
-64.2879 11.2399 1.38856 0.942107 1.14072 1.73936 125925 0 1.85801 0.145037 1
