-26.1703 -5.2901 0.137005 2.24866 5.02224 1.94093 101708 0 0.233886 0.953122 0
-13.5167 16.1753 0.568043 2.02318 4.52285 1.4844 133103 0 -1.09405 0.928399 0
7.45299 11.0765 0.88584 2.01777 4.68811 1.49312 125681 0 -1.26108 0.920445 0
-5.84558 10.3872 0.942208 2.01881 4.58197 1.49774 124703 0 1.80354 0.919476 0
14.335 15.5789 1.14869 2.05758 4.70558 1.78608 132254 0 1.82196 0.912974 0
-10.4192 20.6647 0.952426 2.13294 4.54925 1.73036 139665 0 -1.07706 0.909054 0
-63.5081 10.1252 0.833392 2.13721 4.5617 1.54614 124055 0 -1.2919 0.907317 0
-35.4512 12.8848 0.648901 2.1701 4.85119 1.67023 128355 0 -1.0836 0.902893 0
24.7901 8.99922 0.759429 2.22505 5.01184 1.87999 122927 0 -1.36813 0.901962 0
7.11477 57.4765 1.30426 2.09294 4.9264 1.57939 193540 0 1.80697 0.889822 0
-2.73971 21.8403 1.23139 2.2382 5.14381 1.94948 141561 0 1.91149 0.887683 0
-4.59287 13.7133 1.06676 2.12821 4.65835 1.82356 129387 0 1.88899 0.886967 0
-34.177 -3.41489 0.184384 2.07059 4.64902 1.64598 104491 0 0.213184 0.885154 0
-15.9403 11.0354 0.457475 2.06307 4.52108 1.47312 125608 0 -1.10183 0.884853 0
-24.5499 20.9357 0.673101 1.84931 4.20976 1.44883 140089 0 2.04578 0.884733 0
-14.2959 13.3722 0.470879 2.01163 4.66162 1.46742 128889 0 -1.14308 0.883788 0
-1.66967 34.7436 1.33788 2.27588 5.34864 1.8159 160284 0 -1.06449 0.878174 0
-31.7828 -4.37241 0.0807253 2.01468 4.33424 1.6283 103094 0 0.225434 0.875728 0
25.0785 -9.09413 0.396689 0.842648 0.864977 1.85447 96252 0 2.05199 0.875239 1
32.1455 6.46597 0.33762 2.13924 4.80524 1.50482 119206 0 1.82809 0.874105 0
11.3684 25.4578 1.29962 2.09173 4.92581 1.7888 146753 0 -1.36753 0.870913 0
-72.7281 7.23921 1.08128 2.00704 4.61998 1.52434 119814 0 0.277175 0.870825 0
12.2605 9.86154 1.02324 2.07899 5.06372 1.95941 123824 0 1.80774 0.867009 0
43.9587 1.63353 0.315004 2.047 4.46002 1.69372 112223 0 -1.27404 0.858898 0
13.656 12.6803 0.911791 2.00768 4.61515 1.62748 128040 0 1.86183 0.856238 0
-1.43605 24.7968 0.978934 2.01414 4.57642 1.50886 145777 0 1.84929 0.856072 0
15.8715 21.1931 1.30402 2.08536 4.75139 1.57297 140683 0 -1.34071 0.853098 0
44.711 4.4128 0.112469 1.96222 4.44564 1.55396 115969 0 1.81787 0.850389 0
60.9495 -2.78973 -0.420581 2.03101 4.6385 1.61329 105724 0 -1.32278 0.846132 0
-20.9482 28.0839 1.01375 1.97776 4.53439 1.79658 150396 0 2.07157 0.84465 0
-22.3323 25.7445 0.741895 1.94144 4.33735 1.47697 147116 0 2.0322 0.839993 0
-24.0786 23.5361 0.872635 1.94855 4.54462 1.6763 143834 0 2.03158 0.837951 0
-43.6496 4.77245 0.47884 2.06935 4.56732 1.52018 116161 0 -1.29572 0.836615 0
25.3818 12.0254 0.749783 2.1418 4.81498 1.83862 127141 0 -1.33307 0.836073 0
-56.4308 12.1055 0.684527 2.11449 4.7501 1.54816 126885 0 1.7948 0.834713 0
49.0703 0.20076 -0.0538717 1.966 4.52397 1.55597 109899 0 1.86169 0.834336 0
60.6096 -5.55066 -0.420188 2.14139 4.78979 1.80559 101511 0 -1.30837 0.828802 0
-3.43978 16.0678 1.05552 2.17466 4.8809 1.78735 133135 0 1.93156 0.826881 0
9.42843 19.8866 1.04486 2.00676 4.77547 1.49262 138791 0 -1.38779 0.82564 0
18.1449 29.6069 1.43925 1.97299 4.54358 1.4813 152858 0 1.82131 0.825414 0
33.1331 9.86073 0.46142 2.09074 4.74527 1.70405 123889 0 1.78287 0.821391 0
45.2313 8.06462 0.217542 2.02023 4.41798 1.74397 121587 0 -1.27021 0.812318 0
8.562 14.0279 0.93193 1.98382 4.71675 1.46895 129896 0 -1.31628 0.811674 0
-27.4433 16.2096 0.518147 1.95033 4.04064 1.45171 133060 0 -1.00991 0.81161 0
26.7226 15.21 0.596926 1.92535 4.36947 1.51173 131825 0 -1.33275 0.810014 0
-30.8529 22.5444 0.660261 2.055 4.46544 1.61451 142409 0 -1.08545 0.807871 0
25.7922 -8.7874 0.314651 0.77675 0.781347 1.75551 96722 0 1.95778 0.799115 1
33.3919 17.4324 0.786264 2.05842 4.66476 1.7231 135122 0 1.83984 0.796322 0
8.85582 17.0498 0.954501 1.93399 4.5808 1.44452 134577 0 -1.33011 0.793932 0
-16.5607 35.6508 0.976812 1.9513 4.45393 1.454 161642 0 2.20212 0.791678 0
-29.2683 25.3891 0.726601 2.02869 4.5956 1.66184 146626 0 -1.10321 0.790821 0
7.19099 60.5594 1.38068 2.11227 4.92211 1.68953 198220 0 1.79135 0.785069 0
-15.5519 38.6104 1.1837 1.99585 4.50129 1.53333 165857 0 2.13402 0.776828 0
12.3024 31.1644 1.37506 2.2971 5.85598 1.91865 155180 0 1.76835 0.77358 0
53.5927 -17.0493 0.414847 3.00385 7.39156 3.12761 84641 0 1.83226 0.771499 0
14.8264 39.8516 1.37854 2.07387 4.77499 1.71367 167824 0 -1.33704 0.765835 0
15.8551 43.0263 1.62129 2.02546 4.5178 1.82703 172507 0 -1.34259 0.760309 0
8.80299 63.2586 1.5751 2.15546 4.96626 1.86329 201969 0 1.77717 0.758666 0
-3.08886 18.9578 0.916357 2.0282 4.61666 1.51186 137348 0 1.89296 0.755737 0
-5.96167 27.739 1.29345 2.15651 4.79834 1.72331 149975 0 -1.05275 0.755347 0
-26.1369 18.4856 0.559214 1.89443 4.08589 1.45916 136340 0 2.11978 0.753411 0
-46.6296 22.8103 0.649392 1.91257 4.1816 1.59008 142828 0 2.17254 0.742708 0
-28.9093 12.8909 0.49881 1.91836 4.06805 1.52654 128375 0 1.73046 0.741085 0
50.0525 3.27312 0.109498 2.03453 4.55653 1.56558 114582 0 1.81354 0.731415 0
10.9584 71.4594 2.00959 2.16626 4.91666 1.81337 214144 0 1.82896 0.728077 0
-26.7118 30.1358 0.964289 2.1736 4.81284 1.73841 153654 0 -1.14589 0.72705 0
-20.3585 31.1352 0.81314 1.96753 4.58164 1.44192 155078 0 2.06854 0.723595 0
24.4909 -5.97574 0.362245 0.95027 0.9515 1.62301 100930 0 -0.644455 0.723042 1
-40.4415 32.0828 1.10642 2.43752 6.17568 2.05546 156419 0 -1.03577 0.719354 0
-32.579 17.6632 0.762036 2.16489 4.72732 1.81044 135384 0 -1.01478 0.712993 0
-28.654 12.7626 0.493724 1.82305 3.47941 1.51826 127908 0 -1.06409 0.709601 0
-38.264 36.9473 1.19598 2.35673 5.4486 1.91601 163446 0 -1.0725 0.702129 0
-54.8456 17.5089 0.722987 1.97392 4.30719 1.63376 134846 0 1.98722 0.697919 0
-45.3406 25.3988 0.78656 1.97162 4.41014 1.60812 146576 0 -0.930074 0.69545 0
-49.4452 18.3046 0.803894 2.15991 4.98485 1.78403 136267 0 -1.06179 0.693546 0
-34.0656 15.2661 0.565878 2.14353 4.79002 1.62696 131635 0 -1.1502 0.692041 0
11.0492 22.5032 1.09756 1.93322 4.45354 1.4206 142540 0 -1.43473 0.6841 0
14.865 18.3265 1.0527 2.10714 5.17067 1.59276 136468 0 1.84786 0.683342 0
32.0835 -12.649 0.177364 0.953079 0.934393 1.72987 91126 0 -1.39145 0.68173 1
-31.8116 20.0462 0.593596 2.03511 4.56214 1.6131 138662 0 -1.08434 0.672244 0
-24.8895 15.9003 0.554749 0.831944 0.924121 1.74113 132600 0 -0.361992 0.661949 1
17.751 26.7411 1.29661 2.11323 4.81434 1.49739 148645 0 1.81781 0.661799 0
32.5417 -9.95618 0.132679 0.803095 0.862542 1.65336 94871 0 1.80975 0.66104 1
-43.3906 27.6485 0.949919 2.14565 4.72973 1.80327 149858 0 -1.00616 0.658309 0
50.4531 6.31696 0.0985482 1.94973 4.40364 1.58591 118795 0 1.86657 0.654354 0
16.8159 24.1154 1.17099 2.07827 4.79611 1.47595 144898 0 1.78622 0.651928 0
-7.79961 25.7682 0.963909 2.10976 4.72515 1.54305 147161 0 -1.13359 0.64847 0
-67.3586 9.01596 1.02471 0.839605 1.88434 1.76704 122639 0 2.21115 0.642172 2
-17.1229 46.4729 1.44888 2.20368 4.93535 1.62675 177552 0 -1.20522 0.634109 0
-0.145317 37.2932 1.2735 2.04036 4.62467 1.54422 164033 0 -1.05344 0.634065 0
-29.2219 -5.23765 0.0317337 2.02904 4.57201 1.52136 101698 0 -2.96987 0.620429 0
17.0824 47.9025 1.49237 2.17718 4.93625 1.89683 179531 0 -1.30596 0.613759 0
-52.316 22.8809 0.689676 2.01851 4.44343 1.62906 142810 0 -1.01697 0.610073 0
-25.4632 32.4095 0.888028 1.98451 4.58791 1.48916 156934 0 -1.08071 0.609294 0
9.45001 66.0544 1.38479 2.11834 4.86944 1.64986 206183 0 1.79416 0.600773 0
45.9126 10.7833 0.0439709 1.93365 4.41335 1.48333 125333 0 -1.24478 0.594356 0
34.0718 20.3044 0.822071 2.21032 4.98845 1.70595 139336 0 1.83803 0.593413 0
61.9611 0.199799 -0.141568 1.88279 4.13556 1.67332 109939 0 -1.36172 0.59 0
25.0527 -7.19899 0.306418 0.743084 0.760013 1.66277 99060 0 0.328853 0.588746 1
34.0691 38.887 1.38853 2.08118 4.70999 1.63853 166480 0 -1.28165 0.573838 0
27.3585 18.3341 0.772684 1.95088 4.41498 1.70706 136507 0 -1.4252 0.566479 0
20.3007 38.4792 1.32089 1.99257 4.54593 1.43361 165969 0 1.80109 0.565937 0
31.1838 27.6696 0.946137 1.95993 4.3805 1.43221 150091 0 -1.36645 0.564877 0
1.118 39.7892 1.02401 1.94506 4.40465 1.47728 167781 0 -1.05112 0.564273 0
-20.9137 38.9129 1.19117 2.01682 4.75121 1.52012 166308 0 -1.0739 0.562438 0
38.2093 31.8752 1.06542 2.01309 4.53965 1.46197 156197 0 1.78085 0.559795 0
32.792 36.3194 1.3805 2.04642 4.60979 1.58645 162732 0 -1.30567 0.554841 0
34.4006 41.812 1.2017 1.9764 4.46146 1.48169 170693 0 -1.28038 0.549008 0
41.2271 6.97346 0.332867 0.853918 0.891699 1.70813 119702 0 0.176452 0.531113 1
51.6586 11.9576 0.256396 1.96574 4.52814 1.5822 127223 0 1.87351 0.525856 0
-11.3501 46.2497 1.52608 2.01366 4.68145 1.68393 177102 0 1.96771 0.511575 0
16.8515 18.7105 1.14722 0.835987 0.831334 1.68344 136942 0 -0.152295 0.511289 1
-12.0257 18.4696 0.820416 2.2208 5.0814 1.77321 136384 0 2.03008 0.509137 0
11.7649 31.1766 1.37711 2.02503 4.63203 1.72955 155178 0 1.75917 0.505444 0
10.3916 68.6305 1.47537 2.00697 4.59802 1.54369 209930 0 1.77937 0.491738 0
21.3693 39.8809 1.49054 0.764896 0.721108 1.74716 167844 0 1.57299 0.49095 1
-20.0517 30.9459 0.818161 1.95692 4.60281 1.444 154611 0 -2.76553 0.487518 0
-20.6079 65.1658 1.70219 2.32616 5.48796 1.88041 204685 0 -1.11225 0.486264 0
-72.7659 15.838 1.1381 2.14326 4.77712 1.7669 132450 0 1.71287 0.476767 0
-13.9072 40.8023 1.00771 1.97864 4.52362 1.47822 169138 0 2.14797 0.476157 0
21.4998 39.8677 1.50226 0.796965 0.775995 1.75617 167845 0 1.33568 0.454869 1
32.801 -10.6938 0.00820173 0.718716 0.760326 1.43031 93936 0 -1.21693 0.44755 1
22.4687 -6.52031 0.313678 0.737643 0.772168 1.51448 99988 0 0.16166 0.44427 1
21.2784 40.824 1.49038 2.00421 4.65119 1.68102 169248 0 1.82996 0.443062 0
41.3235 7.09103 0.322082 0.848413 0.963772 1.71262 120171 0 -2.50807 0.441307 1
24.5006 -6.11005 0.36624 1.02084 0.97922 1.65047 100462 0 -0.613064 0.437926 1
-67.336 22.8472 0.969618 2.03591 4.5472 1.62966 142763 0 2.05836 0.434205 0
-20.0853 31.1056 0.835659 1.94293 4.60335 1.42366 155079 0 3.11306 0.433566 0
70.8849 -7.87968 -0.590111 2.01351 4.47096 1.61093 98267 0 0.701406 0.432114 0
65.7631 -6.86227 -0.445137 1.97996 4.64007 1.63018 99655 0 1.81051 0.431273 0
-19.0445 32.3875 1.10184 0.69342 0.665055 1.65866 156954 0 -1.449 0.429241 1
49.4282 22.2787 0.348896 1.89264 4.37478 1.49471 142192 0 -1.25791 0.428914 0
25.9392 -8.79736 0.304949 0.824044 0.83525 1.76768 96723 0 1.88218 0.422644 1
-25.7788 59.3161 1.29339 2.09708 4.7429 1.80443 196245 0 2.08484 0.421405 0
70.8399 -8.13406 -0.61264 1.93876 4.18348 1.53775 97799 0 2.61878 0.41758 0
-12.0687 18.6052 0.827182 2.27672 5.23966 1.75767 136852 0 2.38988 0.416083 0
21.277 62.8888 1.89203 2.26175 5.26649 1.88984 201540 0 -1.26769 0.410621 0
56.2647 8.09376 0.170294 0.814502 0.876715 1.78305 121621 0 -1.00994 0.404181 1
52.7183 -16.7699 0.424453 2.58408 5.65065 2.72739 85106 0 1.87005 0.397803 0
67.0565 -1.08185 -0.568441 1.91142 4.21427 1.47387 108083 0 1.81671 0.397748 0
66.3955 -4.03098 -0.558022 1.93651 4.35861 1.4847 103869 0 1.80255 0.394121 0
19.6653 57.1315 1.83739 2.21487 5.03261 1.92567 193111 0 -1.26672 0.392275 0
32.4199 -11.0683 0.175803 0.870677 1.20846 1.66484 93467 0 -1.38433 0.391445 1
-19.0638 32.2391 1.1432 0.705128 0.650013 1.66637 156486 0 -1.36784 0.391035 1
40.4831 40.1719 1.27619 1.91184 4.40827 1.55012 168372 0 -1.62338 0.389 0
54.2418 20.6338 0.434973 2.43664 5.40122 1.91963 139867 0 -1.25343 0.383167 0
21.2785 66.3356 1.97054 2.05191 4.3927 1.80173 206688 0 -1.25376 0.37799 0
68.3421 22.6109 0.244761 1.98963 4.44378 1.65466 142719 0 -1.27325 0.377283 0
25.0803 -8.91288 0.405619 0.790375 0.820796 1.85599 96720 0 2.11229 0.374624 1
17.011 18.705 1.13082 0.848638 0.824332 1.67953 136943 0 0.0721224 0.373079 1
-67.6037 9.13242 0.920405 0.829464 1.81269 1.58777 122638 0 2.16511 0.371996 2
19.9846 35.3732 1.32698 2.06126 4.63367 1.52906 161288 0 1.79411 0.365357 0
24.943 -7.20013 0.303573 0.748461 0.748707 1.64311 99059 0 0.917288 0.362443 1
32.8086 33.1471 1.16337 2.06727 4.73114 1.56382 158052 0 -1.37123 0.361053 0
26.7971 66.7396 2.79687 2.03504 4.54186 1.75193 207173 0 -3.02477 0.359576 0
-29.1673 12.9872 0.483602 2.02168 4.53204 1.52884 128374 0 2.04589 0.348247 0
67.3386 -0.859375 -0.514622 1.9939 4.42934 1.52579 108552 0 1.76181 0.345649 0
71.1287 -7.84862 -0.510408 2.15308 4.80847 1.71189 98268 0 0.399943 0.344859 0
-24.1307 34.7305 0.874364 1.8194 4.29891 1.41697 160214 0 -1.05118 0.342463 0
56.2489 7.92341 0.117719 0.819278 1.05093 1.78672 121153 0 -0.950598 0.341473 1
70.6455 -8.1673 -0.678071 1.75886 3.80735 1.45054 97798 0 -3.10545 0.334763 0
40.2159 40.219 1.24188 1.90028 4.39103 1.55849 168371 0 1.78803 0.325921 0
32.2622 -11.0824 0.161077 0.873587 1.03605 1.66177 93466 0 -1.32998 0.32546 1
24.9554 -9.0955 0.395289 0.859382 0.874891 1.84134 96251 0 1.98294 0.320989 1
-71.8411 21.5992 0.845384 1.98471 4.48091 1.56584 140877 0 -1.32771 0.320198 0
-13.1842 7.5701 0.806834 0.814188 1.02472 1.59758 120468 0 -0.852218 0.31831 1
17.1758 26.993 1.04688 2.01012 4.56829 1.42057 149111 0 1.80513 0.316225 0
-19.0239 44.0135 0.970129 1.94349 4.4432 1.54003 173802 0 -1.12117 0.315997 0
25.7631 -8.61572 0.328237 0.793759 0.808285 1.78288 97190 0 1.80522 0.314033 1
-21.9008 62.921 1.14174 1.97309 4.3343 1.52534 201405 0 2.00081 0.313363 0
40.818 39.9145 1.29314 1.94194 4.36552 1.56327 167905 0 -1.30654 0.310997 0
16.5743 47.9195 1.46475 1.86022 4.01953 1.73484 179529 0 -1.29282 0.310714 0
37.5703 50.0722 1.38314 2.04583 4.59431 1.61395 182871 0 -1.22545 0.310481 0
52.2702 11.8931 0.232047 2.10795 4.77042 1.67833 127225 0 1.82218 0.310092 0
14.3436 39.8727 1.38449 1.78989 3.92252 1.63604 167822 0 -1.35629 0.309908 0
18.3904 59.0222 1.72294 2.10727 4.74181 1.82863 195915 0 -2.88646 0.309438 0
-6.95914 25.458 0.887958 2.02228 4.62778 1.55458 146696 0 -1.11953 0.309081 0
36.6382 27.0657 0.854074 2.0084 4.55498 1.52691 149172 0 1.76174 0.308736 0
50.9618 6.28526 0.0630077 2.26032 5.4061 1.73627 118797 0 1.82466 0.308558 0
32.1611 33.4264 1.24861 2.06614 4.62877 1.54786 158518 0 1.65477 0.306785 0
38.8728 34.7032 1.01312 2.0266 4.60315 1.43832 160411 0 1.79205 0.306384 0
33.8276 42.06 1.14635 1.82962 4.01245 1.412 171159 0 -1.35092 0.305025 0
33.8119 38.6325 1.38728 1.92588 4.28072 1.57062 166011 0 -1.2045 0.304477 0
9.70559 66.3173 1.34141 2.09613 4.77939 1.60676 206652 0 1.8476 0.30237 0
56.3846 7.91959 0.113546 0.818929 1.09601 1.80106 121154 0 -1.08756 0.301418 1
32.8086 -10.4847 0.0399103 0.73403 0.791047 1.43323 94404 0 1.86753 0.301207 1
16.8164 23.613 1.26919 2.12146 4.95615 1.52639 143962 0 1.85284 0.299488 0
-11.0901 46.4749 1.52811 2.01391 4.57394 1.65572 177571 0 1.99283 0.298754 0
-20.3534 34.1149 1.18822 2.14283 5.14737 1.72005 159290 0 2.09102 0.298269 0
16.8146 18.9403 1.1747 0.834748 0.826782 1.67431 137410 0 -0.120741 0.294726 1
-43.9332 27.9903 0.956576 2.41912 5.80207 1.9825 150324 0 -0.981272 0.294656 0
-20.896 65.3973 1.6873 2.3907 5.60889 1.9325 205152 0 -1.38284 0.294457 0
20.6779 41.0836 1.46536 2.007 4.471 1.60798 169714 0 1.80601 0.293461 0
-5.2576 -13.981 0.603699 0.853979 0.905147 1.51242 89137 0 1.54853 0.292806 1
24.6515 -5.9746 0.370512 0.977161 1.01347 1.6306 100931 0 -0.369072 0.292408 1
-7.79314 -14.6342 1.00683 0.828731 0.788506 1.81743 88193 0 -1.83161 0.291576 1
50.3811 27.3473 0.568434 2.0367 4.61037 1.63654 149683 0 -1.41494 0.290143 0
-25.0889 58.7954 1.43259 2.14622 4.94118 1.86521 195311 0 2.09512 0.289899 0
33.4992 39.1696 1.35916 1.87548 4.10543 1.5455 166946 0 -1.28631 0.289049 0
25.0062 -8.13792 0.54762 0.870356 0.858205 1.94794 97656 0 1.36784 0.288438 1
70.8031 -8.4129 -0.652701 1.91637 4.11121 1.4993 97331 0 1.07599 0.287415 0
30.5738 27.9024 0.950921 2.1051 4.72581 1.4924 150557 0 -1.41273 0.287234 0
67.3616 -1.39174 -0.528449 1.95464 4.33299 1.50233 107616 0 1.81739 0.286666 0
-26.3249 59.3946 1.0706 2.21959 5.17842 1.81725 196243 0 2.08274 0.286473 0
-6.32607 -14.4985 0.78664 0.790403 0.752038 1.50252 88198 0 -2.03017 0.284205 1
41.4121 39.8717 1.30204 2.07593 4.66411 1.63776 167907 0 -1.31739 0.28321 0
56.4135 8.39704 0.0201603 0.793201 0.918678 1.77989 122090 0 -1.47097 0.282208 1
-29.8759 25.707 0.72313 2.18259 4.88077 1.69307 147092 0 -1.09042 0.28199 0
17.507 26.4895 1.21996 2.07655 4.70139 1.47335 148176 0 1.82691 0.2817 0
32.5345 36.0877 1.35783 1.87044 4.17822 1.52071 162263 0 -1.28325 0.281413 0
-64.4944 26.7387 0.952395 1.9458 4.37763 1.6341 148388 0 2.10796 0.279887 0
-68.8559 9.35079 0.993741 0.74811 0.747935 1.63723 123102 0 -1.18834 0.279494 1
-31.8567 45.9254 1.28494 2.04769 4.59196 1.65441 176570 0 1.63729 0.277422 0
-54.323 17.3581 0.726187 1.73787 3.24572 1.54078 134848 0 2.00786 0.277124 0
9.44696 65.5471 1.38766 2.02609 4.53942 1.61976 205247 0 1.71145 0.276803 0
-72.2447 15.8093 1.06311 1.87581 3.88391 1.54172 132452 0 1.71751 0.273044 0
-24.5354 58.7081 1.51693 2.09877 4.7362 1.85049 195313 0 2.10386 0.272594 0
-50.6718 18.9914 0.822039 2.04235 4.56056 1.69463 137199 0 2.08164 0.271839 0
16.8507 18.4942 1.16009 0.8265 0.852964 1.66891 136474 0 -0.472946 0.270715 1
19.9588 57.3834 1.89587 2.39439 5.63845 2.05733 193580 0 -1.31362 0.267908 0
50.0979 27.0698 0.589278 2.02503 4.54633 1.60299 149214 0 -1.29705 0.267579 0
15.8811 18.9807 1.20458 0.804404 0.825588 1.62905 137407 0 0.389385 0.267392 1
-7.57922 -14.6401 1.00254 0.809007 0.775941 1.80724 88194 0 -1.95009 0.266681 1
45.368 10.9991 0.110468 1.68061 3.61858 1.4305 125799 0 -1.29834 0.266499 0
35.0185 20.0498 0.852977 2.0955 4.5698 1.66806 138871 0 1.82376 0.266459 0
26.4867 18.4203 0.816503 2.06393 4.59588 1.75154 136504 0 -1.40845 0.266413 0
70.9123 -7.60726 -0.524052 2.1424 4.84915 1.74723 98735 0 0.162171 0.266309 0
19.7113 35.0742 1.33287 2.04459 4.57537 1.51216 160819 0 1.79647 0.265575 0
31.5492 33.5134 1.27627 2.12664 4.88812 1.60609 158516 0 1.79367 0.265328 0
50.6912 27.0483 0.563318 2.09893 4.68703 1.68025 149216 0 -1.31912 0.263124 0
-18.7398 44.2752 1.09267 1.98407 4.44672 1.56164 174271 0 -1.13246 0.262379 0
66.1339 -4.25478 -0.555219 1.79099 4.03304 1.45991 103400 0 1.80718 0.261431 0
-68.7392 9.34857 0.982268 0.758328 0.782781 1.54721 123103 0 -1.195 0.260458 1
-21.284 62.6097 1.02948 1.88312 4.17189 1.45438 200939 0 2.00854 0.259234 0
61.2991 0.432465 -0.149765 1.9708 4.40909 1.65309 110405 0 -1.36391 0.25766 0
21.8876 66.1398 1.89293 2.31059 5.36212 1.98928 206222 0 -1.24989 0.257458 0
25.0502 -7.0136 0.303551 0.767785 0.774498 1.60963 99528 0 -0.0816272 0.257015 1
34.4072 42.3185 1.21837 2.03391 4.52277 1.50785 171629 0 -1.42162 0.255742 0
40.4353 40.3791 1.30415 1.91927 4.35494 1.53962 168840 0 2.08778 0.254375 0
-12.5995 18.7045 0.823211 1.98475 4.34117 1.66703 136850 0 2.08926 0.252427 0
32.5154 -10.8062 0.18305 0.899346 1.18914 1.67853 93935 0 -1.2989 0.250334 1
-68.8577 9.21926 0.996843 0.80036 0.809074 1.57131 122634 0 -1.10694 0.250065 1
53.2255 11.669 0.268442 2.14124 4.75102 1.76126 126760 0 1.82586 0.248524 0
-64.7859 26.429 0.965536 2.01147 4.50396 1.65474 147919 0 2.01795 0.248443 0
-66.7847 22.5616 0.923166 1.73839 3.74443 1.49279 142297 0 2.07172 0.248217 0
20.9054 38.471 1.39595 2.07707 4.74359 1.50947 165971 0 1.75259 0.247157 0
72.135 -9.44981 -0.44926 2.20263 4.9861 1.84712 95931 0 1.7293 0.246109 0
19.3922 56.8801 1.78484 2.04593 4.59405 1.81923 192642 0 -1.1917 0.245062 0
-6.43098 -14.4785 0.796399 0.786973 0.728956 1.52389 88197 0 -2.29734 0.244583 1
36.9297 27.2982 0.937119 2.06426 4.6029 1.55444 149641 0 1.78794 0.24356 0
40.1631 34.4452 1.06217 2.07189 4.69888 1.52819 159947 0 -1.41372 0.242618 0
37.3064 49.8163 1.3164 1.89982 4.30517 1.59719 182402 0 -1.21326 0.241697 0
36.9629 26.7501 0.825127 2.0528 4.61364 1.56049 148705 0 1.7648 0.241356 0
25.0527 -7.41099 0.40914 0.809937 0.850917 1.76487 98592 0 1.33119 0.241334 1
66.9884 -4.30518 -0.540066 2.00922 4.51794 1.53886 103403 0 1.80398 0.24033 0
68.916 22.6016 0.329612 2.25058 5.41358 1.82514 142721 0 -1.3033 0.240009 0
39.5035 34.6768 1.09443 1.99296 4.44588 1.45936 160413 0 1.79532 0.239281 0
-0.401955 37.0571 1.27753 2.00944 4.53556 1.56884 163564 0 -1.06994 0.239181 0
-23.8882 34.9936 0.851235 1.88473 4.43613 1.43225 160683 0 -1.13164 0.239154 0
20.6459 63.1449 1.87605 2.08435 4.73089 1.8011 202006 0 1.70942 0.239118 0
1.14773 42.4154 1.24148 1.98584 4.45305 1.57797 171525 0 -1.12603 0.239104 0
62.4816 0.383377 -0.09435 2.10945 4.78477 1.79477 110409 0 -1.37551 0.239043 0
-72.1261 21.3312 0.8406 2.01222 4.5515 1.57713 140408 0 -1.38686 0.238552 0
-64.2127 27.0238 0.95049 1.95521 4.35347 1.66466 148857 0 2.21592 0.237937 0
-59.358 34.0768 1.17534 2.03891 4.55023 1.78395 159168 0 -0.720505 0.237523 0
-25.0011 16.0316 0.56671 0.901604 1.02093 1.7362 133067 0 -0.401285 0.235356 1
50.4001 27.6186 0.557651 2.03498 4.60213 1.64071 150151 0 -1.7014 0.2351 0
10.6676 68.8795 1.53987 1.99398 4.47129 1.54871 210399 0 1.82773 0.235018 0
-7.50327 25.2148 0.88281 2.03602 4.53961 1.54038 146226 0 -1.12903 0.232965 0
-32.1173 45.9305 1.3545 2.20098 5.1064 1.79321 176569 0 -1.08472 0.232452 0
19.4144 35.3693 1.26684 2.00672 4.48166 1.49467 161286 0 1.791 0.232355 0
66.6834 -3.76328 -0.556079 2.09151 4.64599 1.55981 104338 0 1.77348 0.232218 0
-67.6016 22.6143 1.01607 2.18785 4.91937 1.73919 142294 0 1.93659 0.232166 0
-47.092 22.9216 0.685867 2.19542 5.10834 1.75194 142826 0 2.10734 0.231397 0
-31.8513 46.1962 1.34065 2.14559 4.82511 1.72671 177038 0 -0.613155 0.230768 0
39.1321 31.8066 1.11702 2.19045 4.93422 1.56719 156200 0 1.73254 0.230527 0
-11.6019 46.0041 1.51671 2.0875 4.80127 1.70966 176633 0 1.94085 0.230514 0
-31.3018 19.9694 0.592437 1.84361 4.05646 1.57767 138664 0 -1.09699 0.230356 0
21.3446 40.0873 1.47887 0.907857 1.22036 1.77207 168312 0 1.91862 0.230261 1
-67.1712 8.98884 1.03983 0.883588 1.80825 1.75832 122640 0 2.20217 0.229279 2
25.5024 -8.78112 0.333104 0.771221 0.783508 1.81785 96721 0 2.06576 0.228382 1
-25.167 59.2696 1.41223 2.14748 4.81954 1.83095 196247 0 2.10267 0.228017 0
-71.5479 21.8683 0.829151 1.96136 4.37136 1.56928 141346 0 -1.20814 0.227832 0
16.5726 18.7226 1.19241 0.864343 0.891994 1.69174 136941 0 -0.385253 0.227361 1
-27.3657 27.665 0.65383 1.93488 4.50918 1.4737 149908 0 -1.16594 0.227074 0
33.7647 39.4297 1.36908 1.95556 4.37334 1.57449 167415 0 -1.35547 0.226609 0
32.4334 -11.2645 0.148883 0.870018 1.6401 1.60327 92999 0 -1.35077 0.225139 1
-7.58244 -14.7931 1.02003 0.810518 0.786813 1.76134 87726 0 -2.31175 0.224315 1
-68.7332 9.21575 0.900247 0.80581 0.831394 1.57971 122635 0 -0.649205 0.224216 1
-7.77003 -14.7875 1.06273 0.826466 0.813074 1.76383 87725 0 -2.11481 0.223593 1
-33.1228 57.4199 1.63763 2.10491 4.82131 1.77856 193414 0 1.55634 0.222951 0
48.8778 22.3095 0.364551 1.90239 4.31927 1.5019 142190 0 -1.24107 0.221225 0
50.0167 22.205 0.28733 1.97086 4.39261 1.54793 142194 0 -1.30099 0.220812 0
-67.057 22.3366 0.929499 1.84014 4.02808 1.53529 141828 0 1.97057 0.220472 0
25.1 -9.31606 0.343604 0.84894 0.886398 1.77932 95784 0 2.05886 0.218856 1
6.65176 60.4106 1.36057 1.84311 4.23978 1.59629 197750 0 1.76738 0.217332 0
54.8158 -17.2145 0.364786 3.03869 8.84849 3.4988 84645 0 1.8146 0.217028 0
-32.8292 57.1333 1.5977 2.01193 4.59018 1.6936 192947 0 -0.0671081 0.216629 0
32.1067 -12.4412 0.141409 0.883125 0.901252 1.68766 91594 0 -1.33027 0.216625 1
-51.7506 22.5787 0.669969 1.75627 3.62148 1.50029 142344 0 -0.992569 0.216274 0
0.379501 37.2605 1.24902 2.02014 4.53849 1.55596 164035 0 -1.05175 0.215244 0
27.0228 67.3257 2.75168 2.38798 5.67799 2.02145 208110 0 -2.93581 0.214706 0
37.3001 50.3383 1.39501 2.0836 4.65326 1.63307 183338 0 -0.937575 0.21449 0
32.6508 -9.87849 0.126927 0.854757 0.966578 1.68253 95340 0 1.75436 0.214282 1
66.4586 -0.83506 -0.615324 1.89168 4.15729 1.51618 108549 0 1.8047 0.213741 0
-34.6262 15.3066 0.594246 2.28611 5.03256 1.68352 131633 0 -1.17751 0.21307 0
37.5812 27.011 0.976736 2.1138 4.7214 1.5867 149175 0 1.80551 0.212072 0
21.2481 68.319 1.82734 2.37275 5.43128 2.04575 209496 0 -2.85376 0.211829 0
19.0773 57.377 1.75672 1.87766 4.07628 1.7358 193577 0 -1.25844 0.211414 0
17.0413 18.4893 1.13356 0.846764 0.835065 1.65979 136475 0 -0.244408 0.209874 1
25.7895 -8.99503 0.314662 0.773225 0.807367 1.74829 96254 0 2.02762 0.209634 1
-19.7339 64.7369 1.67495 2.24322 5.05141 1.81917 204220 0 -1.11202 0.208728 0
-33.085 57.1842 1.59729 1.94987 4.5241 1.687 192946 0 1.9165 0.208385 0
34.1381 41.5406 1.16482 1.82058 4.12977 1.43021 170224 0 -1.22476 0.208065 0
-19.2513 32.4077 1.12277 0.728635 0.683647 1.63599 156953 0 -1.27929 0.207798 1
-19.2421 32.2063 1.15665 0.749432 0.680139 1.65254 156485 0 -1.21536 0.206758 1
21.5361 40.1062 1.47889 0.929274 1.26438 1.80897 168313 0 1.90954 0.206575 1
37.9023 49.4855 1.28561 1.9227 4.38794 1.58829 181936 0 -1.05565 0.206306 0
21.0183 62.6377 1.8736 2.12822 4.80209 1.87177 201071 0 -1.16641 0.204446 0
37.2773 26.4247 0.842542 2.10602 4.74825 1.61459 148238 0 1.77962 0.203548 0
31.4811 27.894 0.989541 2.06831 4.5698 1.49201 150560 0 -1.41 0.203136 0
66.7246 -4.56258 -0.567506 1.93501 4.3423 1.51346 102934 0 1.80368 0.203057 0
-8.17629 -14.5857 0.976513 0.792169 0.784051 1.74901 88192 0 -1.7708 0.202533 1
19.0325 32.7856 1.31347 2.15969 4.98294 1.60249 157541 0 1.78065 0.202314 0
36.3429 26.7566 0.760917 1.9762 4.45031 1.52329 148703 0 1.75046 0.202046 0
55.8223 20.3037 0.500517 2.20194 5.01176 1.90255 139404 0 -1.29095 0.201881 0
-19.3094 43.7382 0.941134 1.92712 4.35655 1.50265 173333 0 -1.17149 0.200599 0
20.2517 35.6196 1.31531 2.10091 4.74002 1.56083 161757 0 1.77206 0.200316 0
-19.7792 30.8783 0.808463 1.95399 4.6048 1.45694 154612 0 -2.10424 0.200094 0
-10.4489 45.9343 1.43088 2.0606 4.58882 1.63131 176637 0 1.85814 0.199979 0
56.2474 8.39313 0.0597569 0.802449 0.939437 1.78821 122089 0 -1.16826 0.198653 1
49.8002 27.0788 0.607821 2.0249 4.61817 1.60475 149213 0 -1.0437 0.197905 0
-49.9874 18.4722 0.831595 2.13302 4.71751 1.77822 136265 0 -0.838543 0.196689 0
36.0431 27.3383 0.883254 2.02721 4.50256 1.53289 149638 0 1.79551 0.196092 0
-67.7062 9.33685 0.799379 0.684579 1.3775 1.26921 123106 0 2.19045 0.195883 2
-3.5617 18.8121 0.952143 2.15834 5.14822 1.61394 136878 0 1.85517 0.194878 0
36.646 26.4263 0.787301 2.02581 4.60843 1.55949 148236 0 1.75235 0.19475 0
60.4439 -2.71665 -0.449134 1.76292 3.66729 1.48046 105722 0 -1.30728 0.194696 0
32.0906 -12.8437 0.161946 0.915449 0.969695 1.74157 90658 0 -1.36153 0.193662 1
19.9825 34.7647 1.39683 2.08812 4.64864 1.54414 160352 0 1.81568 0.193561 0
-6.43638 27.7902 1.34751 2.0297 4.43822 1.67015 149973 0 -1.05888 0.193108 0
24.307 -5.94613 0.335192 0.940522 0.968474 1.53452 100929 0 -1.06559 0.192536 1
-59.0747 34.3752 1.16844 2.01821 4.53713 1.76787 159637 0 -0.513204 0.192119 0
-0.156975 43.6645 0.970202 1.97479 4.4616 1.5429 173393 0 -1.14726 0.191957 0
65.4515 -8.16794 -0.398588 1.83733 4.23157 1.6533 97782 0 1.81043 0.191644 0
-71.5016 14.5492 0.992354 1.95096 4.32273 1.58748 130582 0 0.20804 0.191621 0
40.7563 40.3747 1.32283 1.92273 4.28652 1.56264 168841 0 -1.83864 0.191218 0
-50.1027 18.6783 0.819183 1.99738 4.36327 1.71315 136733 0 1.96966 0.189949 0
-20.3867 38.6297 1.15489 1.6966 3.80756 1.42171 165842 0 -1.0466 0.189713 0
53.9361 17.761 -0.30454 2.11801 4.80802 1.63907 135654 0 1.75207 0.18933 0
50.415 6.75512 0.0926899 2.01007 4.44537 1.63572 119731 0 1.819 0.189183 0
-31.4849 56.1922 1.56888 1.98547 4.54422 1.71419 191547 0 -0.9994 0.18808 0
-59.9749 34.0975 1.23008 2.38371 5.59838 2.01235 159166 0 -0.883626 0.18721 0
-7.28201 25.9536 0.974475 2.10887 4.80441 1.57 147631 0 -1.12407 0.186532 0
65.7838 -3.76097 -0.602173 1.95091 4.28609 1.50984 104335 0 1.81841 0.186282 0
17.0922 48.3704 1.46599 2.18417 4.95106 1.88457 180467 0 -1.38949 0.186234 0
21.5268 39.6441 1.49391 0.838618 0.826564 1.7518 167377 0 -0.0048306 0.186211 1
37.8862 50.3543 1.42665 2.08742 4.66617 1.64258 183340 0 -1.4613 0.184529 0
16.5182 19.0065 1.21627 0.846483 0.851567 1.68146 137409 0 -0.340429 0.184349 1
16.7838 37.3384 1.63284 0.781712 0.753472 1.70311 164086 0 0.727418 0.184014 1
65.5017 -7.14235 -0.444374 1.83317 4.34791 1.59222 99186 0 1.83037 0.183491 0
-8.3838 25.8094 1.05365 2.12924 4.70988 1.53549 147159 0 -1.1474 0.183309 0
-50.3076 14.516 1.36672 0.831254 0.900671 1.784 130648 0 -1.16663 0.183031 1
-6.31368 -14.3366 0.735211 0.818891 0.818155 1.50392 88666 0 -2.74802 0.182557 1
8.58821 16.9018 0.960601 1.70781 3.95844 1.42346 134108 0 -1.25739 0.182517 0
2.67259 43.4554 1.08267 0.804329 0.86273 1.71999 172934 0 -0.774772 0.182448 1
-18.3868 43.4318 1.15546 2.01116 4.58517 1.56019 172868 0 -1.08156 0.181835 0
-20.658 62.5234 1.01184 1.91271 4.36211 1.47433 200941 0 2.01956 0.181224 0
38.5669 34.4963 1.00992 1.93889 4.41058 1.43229 159942 0 1.85829 0.180517 0
-32.8756 57.3894 1.63534 2.13606 4.84887 1.77977 193415 0 -0.734632 0.179664 0
0.581337 39.8616 1.08514 2.1899 5.21666 1.61009 167779 0 -1.11994 0.179239 0
17.0336 18.9354 1.15517 0.808371 0.795513 1.68962 137411 0 0.166955 0.178905 1
-18.132 43.6784 1.17909 2.01869 4.55743 1.57776 173337 0 -1.0911 0.178609 0
-17.6901 46.3331 1.42878 2.18822 5.13251 1.74948 177082 0 -1.24784 0.178582 0
21.8894 40.5405 1.51678 2.04356 4.78349 1.75984 168782 0 1.89529 0.178573 0
16.0726 18.9932 1.21777 0.827902 0.840487 1.65945 137408 0 -0.238962 0.178163 1
-67.1157 23.1117 0.960436 2.01451 4.46853 1.61571 143232 0 2.1236 0.178047 0
10.9906 22.752 1.10268 1.92993 4.48724 1.43699 143008 0 -1.86093 0.178045 0
51.3351 27.3533 0.540314 2.16953 4.84618 1.76406 149686 0 -1.46093 0.177327 0
-14.144 40.5808 0.978487 1.87134 4.26464 1.44118 168669 0 2.13362 0.176985 0
66.7797 -1.38094 -0.643466 1.85485 4.1282 1.47046 107614 0 1.84395 0.176939 0
-30.2512 46.25 1.17509 1.98384 4.3973 1.56623 177043 0 0.463962 0.176805 0
-31.2084 44.3424 1.1457 2.0352 4.64713 1.60095 174232 0 -2.70459 0.175687 0
19.3833 34.7369 1.34648 2.04509 4.55281 1.51523 160350 0 1.78861 0.17558 0
25.4811 -8.56784 0.302814 0.739411 0.7643 1.81526 97189 0 1.74852 0.174105 1
19.6791 34.4297 1.41645 2.08985 4.66523 1.54315 159883 0 1.82213 0.173287 0
-64.7669 27.3145 0.982321 2.32925 5.51234 1.90979 149323 0 2.17554 0.173273 0
-53.9598 14.7582 0.146691 0.782887 1.21617 1.6212 131105 0 1.90543 0.173241 2
37.2729 49.142 1.27123 0.777878 0.85113 1.63195 181466 0 -0.892961 0.173232 1
1.63374 39.5468 0.992408 1.63665 3.47442 1.3978 167315 0 -1.01745 0.172971 0
-22.81 66.4339 1.32214 0.770181 0.675431 1.71484 206550 0 -1.83692 0.172632 1
24.6725 -6.14509 0.36214 0.957622 1.0527 1.6219 100463 0 -0.265212 0.17257 1
-30.5496 45.5971 1.10526 2.03429 4.53044 1.57099 176106 0 -0.48373 0.172334 0
38.2506 34.9556 0.982354 1.98397 4.52576 1.45978 160877 0 1.84545 0.171606 0
18.6465 58.7662 1.74819 2.10147 4.65915 1.80668 195448 0 -2.82135 0.171282 0
0.495506 43.0416 1.11137 2.00273 4.52236 1.58822 172459 0 -1.12951 0.171198 0
15.3041 21.2633 1.33468 1.77353 3.82796 1.49483 140681 0 -1.3363 0.17059 0
41.6893 40.112 1.35321 2.21192 5.04841 1.75043 168376 0 -1.2386 0.17052 0
-65.7601 25.429 1.00437 2.15134 4.79352 1.72654 146512 0 2.047 0.170496 0
-32.4753 56.8252 1.5603 2.00615 4.66877 1.70356 192480 0 -1.07108 0.170469 0
-31.5953 46.2039 1.29114 2.04428 4.47515 1.62388 177039 0 -0.256578 0.170238 0
-31.8769 20.5143 0.610762 2.11619 4.86668 1.65992 139598 0 -1.09768 0.170238 0
-9.0475 -14.2845 1.02517 0.840624 0.849631 1.79528 88657 0 -2.38793 0.169719 1
-6.44824 -14.3465 0.769966 0.806439 0.786306 1.51266 88665 0 -2.72738 0.169468 1
-7.15682 28.3591 1.37875 2.13636 4.76849 1.60741 150907 0 2.10041 0.16937 0
26.1071 67.6061 2.79889 0.912738 1.01144 1.81469 208575 0 -0.022824 0.169306 1
8.7409 63.7216 1.58623 2.39166 5.63505 1.95338 202905 0 1.84141 0.168689 0
52.6523 15.2233 0.293016 2.33045 5.27834 2.02263 131906 0 -1.34133 0.167181 0
-16.7974 46.0439 1.44842 1.92712 4.36098 1.63245 176617 0 -1.20067 0.166784 0
16.1124 18.7702 1.18639 0.848295 0.911187 1.65132 136940 0 0.355219 0.166662 1
-44.6217 25.7188 0.834648 0.866281 1.00395 1.60167 147046 0 0.50841 0.166382 1
-30.3733 22.5 0.6472 1.72137 3.67067 1.52367 142411 0 -1.0693 0.16605 0
32.5162 32.8826 1.16864 1.96555 4.54834 1.53557 157583 0 -1.39898 0.165823 0
-28.7606 25.371 0.735772 1.91904 4.62983 1.63196 146628 0 -1.12399 0.16572 0
-26.3818 18.9032 0.545896 2.13077 4.96723 1.55484 137275 0 2.1539 0.16436 0
34.9347 42.0435 1.27338 2.21027 5.08951 1.63015 171163 0 -1.38202 0.16399 0
32.98 -10.6594 -0.0175016 0.759027 0.798551 1.42221 93937 0 1.02441 0.163835 1
67.705 22.8631 0.135563 2.0903 4.69797 1.74219 143185 0 -1.33035 0.163787 0
36.9616 26.0977 0.787963 2.06799 4.63835 1.61103 147769 0 1.77406 0.163645 0
48.8748 -0.0271301 -0.0596868 1.74198 4.0798 1.53766 109430 0 1.84903 0.16349 0
-73.0536 16.0675 1.20334 2.31978 5.45364 1.96221 132917 0 1.54256 0.163483 0
45.673 10.5101 0.0520895 1.75086 3.82002 1.45655 124864 0 -1.22651 0.163004 0
33.1984 20.5926 0.827711 2.16957 4.80407 1.71135 139801 0 1.8608 0.162757 0
70.2142 -8.7847 -0.822709 1.17484 2.63912 1.40731 96861 0 -2.92276 0.16259 0
25.6633 3.28757 2.52871 0.84319 0.850294 1.73878 114506 0 1.44762 0.162405 1
-54.1674 14.807 0.131468 0.809461 1.77846 1.65157 131104 0 1.87989 0.161814 2
-8.87417 -14.2855 1.02559 0.818729 0.794451 1.81498 88658 0 -2.0877 0.161551 1
-0.476974 37.8142 1.27557 2.07127 4.79248 1.58431 164968 0 -1.01414 0.16086 0
-65.093 26.1027 0.975998 2.10155 4.72627 1.7067 147450 0 1.98931 0.160691 0
-31.1707 44.6016 1.12554 2.05924 4.68658 1.60483 174700 0 -2.21124 0.160367 0
38.188 49.751 1.35084 1.96005 4.33405 1.59533 182405 0 -1.28273 0.159936 0
31.7686 27.4474 0.951507 2.13732 4.9207 1.54346 149625 0 -1.3111 0.159886 0
-50.1659 14.5265 1.42564 0.806319 0.836063 1.75311 130649 0 -1.17963 0.1595 1
-18.845 32.4244 1.08456 0.714978 0.771003 1.64477 156955 0 -1.9045 0.159182 1
2.68188 43.5666 1.07236 0.819462 0.867408 1.71688 173402 0 -0.840588 0.158853 1
-59.6753 34.6777 1.21228 2.43125 5.83137 2.0657 160103 0 -0.681489 0.158675 0
-13.6175 5.04831 0.25908 0.671637 0.727099 1.29901 116723 0 2.05222 0.158631 1
58.4076 7.83286 0.121944 2.1028 4.71766 1.87621 121160 0 1.64844 0.158551 0
-13.3703 40.7117 1.05897 2.08528 4.67964 1.53702 169140 0 2.13278 0.158392 0
-6.29181 -14.9211 0.87924 0.81834 0.792388 1.69995 87730 0 -1.88299 0.157523 1
38.1994 50.0817 1.40821 2.00346 4.42222 1.60303 182873 0 -1.59945 0.157425 0
-29.4746 -5.03611 0.00285818 1.90187 4.1693 1.50654 102165 0 -2.92173 0.157402 0
21.3557 39.6362 1.50413 0.811992 0.818481 1.74863 167376 0 0.790467 0.157282 1
-63.8861 27.348 0.928458 2.01603 4.5204 1.698 149326 0 2.43656 0.157261 0
-30.2929 45.944 1.12801 1.90889 4.33514 1.53305 176575 0 0.166864 0.157193 0
9.82778 68.9021 1.49544 2.14371 5.05608 1.69066 210396 0 1.81554 0.156736 0
38.222 26.7238 1.02613 2.11704 4.70259 1.64467 148709 0 1.7289 0.1565 0
48.487 39.1767 1.30749 2.05345 4.53752 1.65686 166993 0 -2.97804 0.156284 0
-52.8461 22.9152 0.698893 2.1618 4.98859 1.71268 142808 0 -1.10028 0.156052 0
-30.8754 44.9704 1.07859 2.0285 4.68295 1.59482 175169 0 -0.836361 0.15603 0
36.9474 51.0425 1.41633 2.03421 4.49091 1.65978 184273 0 2.76283 0.154426 0
48.7995 38.9102 1.27634 1.97317 4.34378 1.59546 166526 0 -2.77683 0.153191 0
-16.5838 46.447 1.46724 2.16863 4.65107 1.64223 177554 0 -1.17185 0.15318 0
19.7792 38.3636 1.25821 1.78586 3.98902 1.43879 165499 0 1.82715 0.153096 0
11.133 25.2462 1.32522 1.91829 4.35649 1.73178 146284 0 -1.36747 0.152839 0
33.0536 10.2678 0.505539 2.29528 5.1389 1.77939 124825 0 1.83011 0.152029 0
-65.0619 27.0127 1.01764 2.30809 5.48113 1.8887 148854 0 2.10338 0.151906 0
25.0379 -7.93985 0.539379 0.807307 0.852522 1.86308 98124 0 1.75188 0.151838 1
-42.8121 27.3458 0.936567 1.97072 4.31396 1.82722 149392 0 -1.01894 0.151263 0
15.8639 18.7687 1.19246 0.87097 0.986458 1.64324 136939 0 1.24961 0.15106 1
54.9234 21.9569 0.36275 2.25007 5.10363 2.00236 141741 0 -2.92811 0.150837 0
39.1767 34.9401 1.08382 1.99833 4.45942 1.43787 160880 0 2.60502 0.150801 0
49.101 38.8866 1.26939 2.02267 4.50676 1.61688 166527 0 -2.34705 0.150676 0
37.5928 26.0995 0.910215 2.16179 4.87078 1.67693 147771 0 1.77009 0.150624 0
67.0728 -1.70784 -0.586627 1.93743 4.26084 1.49002 107147 0 1.81373 0.150471 0
21.0123 40.5783 1.44112 1.99119 4.53231 1.63503 168779 0 1.83069 0.150435 0
37.9089 26.4273 0.952973 2.1449 4.77672 1.66746 148240 0 1.7717 0.150069 0
-0.793503 43.9653 0.992513 2.0226 4.59654 1.53909 173859 0 -1.19504 0.149394 0
-26.6007 18.507 0.571631 2.02925 4.79822 1.57468 136338 0 2.09462 0.149347 0
13.9181 67.9746 1.42719 1.96345 4.33247 1.46554 209005 0 1.81819 0.148695 0
36.6497 25.7769 0.804255 2.0491 4.56953 1.61038 147300 0 1.80028 0.148504 0
32.5574 -10.3832 0.158594 0.800507 0.991704 1.57209 94403 0 1.87104 0.148466 1
36.32 27.6085 0.996331 2.0386 4.53534 1.55979 150107 0 1.81703 0.148444 0
67.6565 -1.70715 -0.495804 2.05681 4.59796 1.5853 107149 0 1.80304 0.148427 0
18.7589 32.5071 1.30779 2.12037 4.82747 1.58108 157072 0 1.79685 0.148256 0
24.9062 -7.44102 0.369592 0.789553 0.817418 1.73998 98591 0 1.599 0.148027 1
41.1497 39.6125 1.24717 1.94397 4.41094 1.57625 167438 0 -1.25205 0.147345 0
51.3278 26.75 0.578579 2.21418 4.85415 1.8033 148750 0 -1.27371 0.147086 0
19.0456 32.1985 1.43762 2.10191 4.62914 1.58995 156605 0 1.78263 0.146269 0
-2.5083 18.7491 0.87123 1.66937 3.41882 1.36715 136882 0 1.9082 0.146118 0
-32.0701 19.8006 0.632805 2.11848 4.75395 1.68709 138193 0 -1.0595 0.146003 0
54.5129 20.8571 0.445251 2.5597 5.67121 2.06002 140336 0 -0.874233 0.14574 0
20.3801 40.868 1.4202 2.03747 4.55711 1.62084 169245 0 1.7795 0.145489 0
-0.43924 43.4038 0.916737 1.89804 4.36026 1.47362 172924 0 -1.17417 0.144968 0
25.346 -9.09106 0.347913 0.83269 0.856067 1.83074 96253 0 2.09224 0.144903 1
9.98807 65.8089 1.38064 1.85873 4.13746 1.52186 205717 0 1.77553 0.144883 0
21.5743 66.6188 1.91473 2.30341 4.991 1.95391 207157 0 -1.27541 0.144608 0
-19.6357 44.6157 0.97834 1.93388 4.46419 1.56502 174736 0 -1.15673 0.144421 0
26.1113 67.4502 2.7794 0.92382 1.02966 1.82505 208107 0 -0.228629 0.144365 1
-19.6999 33.7633 1.12179 1.99987 4.53163 1.66898 158824 0 2.10429 0.144332 0
-39.8844 31.5938 1.02772 2.0483 4.72443 1.86033 155485 0 -1.00116 0.144328 0
19.0385 34.0805 1.39828 2.09796 4.69029 1.53719 159413 0 1.78885 0.144157 0
-32.7762 56.89 1.55217 1.86761 4.36822 1.63351 192479 0 1.31808 0.144007 0
37.2712 25.7818 0.84945 2.11244 4.71847 1.65235 147302 0 1.77944 0.143836 0
-31.0984 22.3634 0.65197 2.29381 5.01995 1.70083 141940 0 -1.09287 0.143735 0
-14.924 38.2185 1.20582 1.94897 4.28089 1.51832 165391 0 2.34412 0.143454 0
20.2539 56.8663 1.99209 2.57039 6.33521 2.20564 192645 0 -1.27374 0.143375 0
50.4422 -17.4372 -0.167434 2.06417 4.48979 1.76859 84163 0 -2.81755 0.14318 0
-24.4714 35.3027 0.955154 1.9638 4.59507 1.48045 161149 0 -1.19133 0.142606 0
67.0452 22.944 0.0407797 2.09617 4.67048 1.71613 143183 0 1.93492 0.142356 0
