24.4058 9.19202 0.760443 2.22127 5.16472 1.91148 122926 0 -1.36948 0.922845 0
-2.36417 34.7708 1.30534 2.36002 5.51941 1.81259 160282 0 -1.03077 0.918192 0
6.93337 11.107 0.91877 1.95115 4.55214 1.50254 125679 0 -1.27241 0.916581 0
-16.5024 10.994 0.410421 2.13808 4.82522 1.47933 125606 0 -1.11019 0.9158 0
13.8873 15.7365 1.19507 2.13012 4.83115 1.78204 132721 0 1.788 0.913837 0
11.6797 10.0108 1.11052 2.03442 4.82057 1.85497 124290 0 1.83554 0.909723 0
-32.192 -4.65448 0.0839559 2.0319 4.46927 1.60918 102625 0 0.230405 0.90944 0
-73.1365 6.54867 0.993347 2.01032 4.63504 1.5495 118877 0 0.283888 0.904405 0
31.8705 6.6535 0.398266 2.1274 5.04976 1.56893 119205 0 1.82069 0.903636 0
-3.3623 21.8456 1.20711 2.31219 5.31476 1.98834 141559 0 1.88913 0.901888 0
-34.6307 -3.71058 0.155548 2.14457 4.75982 1.63258 104021 0 0.222528 0.901856 0
-26.519 -5.50491 0.116414 2.23123 4.9629 1.89482 101239 0 0.238306 0.899076 0
-14.8291 13.2743 0.457181 1.95899 4.4141 1.44211 128887 0 -1.16235 0.897669 0
-6.31686 10.3177 0.951639 2.03978 4.56068 1.56931 124702 0 1.80562 0.895991 0
-10.9975 20.6114 0.958337 2.12277 4.53079 1.67657 139663 0 -1.11208 0.894447 0
6.29678 57.5151 1.31379 2.04054 4.79083 1.55301 193537 0 1.81588 0.894123 0
-43.4553 4.26899 0.398692 2.10136 4.61117 1.54576 115694 0 -1.31186 0.887351 0
-27.9946 15.8982 0.51412 1.95133 4.17155 1.4629 132590 0 -1.04827 0.886314 0
8.13029 14.1479 0.944405 1.98181 4.70601 1.4406 130363 0 -1.31894 0.882705 0
-35.9821 12.6307 0.647138 2.21782 4.93386 1.76464 127885 0 -1.08029 0.877304 0
43.6245 1.99711 0.309213 2.08231 4.55568 1.71753 112690 0 -1.27843 0.877092 0
60.309 -4.99335 -0.276423 2.14922 4.85069 1.84471 102446 0 -1.33657 0.87663 0
8.85337 19.9429 1.02932 1.96765 4.70899 1.50229 138789 0 -1.39519 0.875669 0
-63.8094 9.47972 0.746949 2.14988 4.6321 1.57644 123118 0 -1.32064 0.873063 0
-57.3868 11.7814 0.667587 2.10772 4.75164 1.57294 126414 0 1.81591 0.872949 0
-5.03053 13.6666 1.06237 2.07711 4.54075 1.8202 129386 0 1.87466 0.871229 0
-21.5795 27.9507 1.00106 2.08021 4.77498 1.78758 150394 0 2.03569 0.864535 0
15.2625 21.3414 1.32865 1.95644 4.61062 1.53667 140681 0 -1.33016 0.859353 0
14.2537 18.4192 1.06042 2.01658 4.93346 1.55389 136466 0 1.84734 0.858181 0
-14.0122 16.035 0.580833 2.01065 4.39668 1.50636 133102 0 -1.09541 0.85726 0
-2.07693 24.7966 1.00076 2.05167 4.68547 1.52503 145775 0 1.83958 0.850772 0
-25.144 20.7257 0.652186 1.8777 4.30279 1.46311 139619 0 2.04543 0.850666 0
8.45601 17.107 0.981284 1.96915 4.71599 1.46881 134576 0 -1.30173 0.849327 0
24.7996 12.231 0.808202 2.12962 4.64351 1.84267 127607 0 -1.32542 0.849009 0
-3.97011 15.9543 1.06306 2.14241 4.83231 1.85486 132665 0 1.88612 0.847508 0
-24.5662 23.2751 0.880245 1.91442 4.26582 1.65933 143365 0 2.02114 0.834203 0
10.7451 25.6514 1.34268 2.10919 4.8187 1.77541 147219 0 -1.39416 0.833796 0
44.6197 8.42561 0.205144 1.95345 4.23054 1.65724 122053 0 -1.27491 0.830913 0
48.7741 0.710464 -0.0394357 2.08136 4.72094 1.53021 110834 0 1.84942 0.828981 0
60.6111 -2.18842 -0.349717 1.99955 4.5649 1.51257 106659 0 -1.35133 0.826936 0
-29.2351 12.6213 0.520319 1.89156 3.85317 1.57242 127906 0 1.80261 0.817423 0
44.3202 4.8418 0.167262 2.04238 4.57466 1.5798 116904 0 1.79732 0.8167 0
24.7756 -8.85288 0.395448 0.826678 0.852376 1.84768 96719 0 1.98668 0.81667 1
-26.7877 18.3087 0.537274 1.93553 4.37027 1.44502 136338 0 2.10056 0.813538 0
-22.9702 25.6414 0.718831 2.01522 4.55562 1.47616 147114 0 2.01373 0.811631 0
-31.477 22.2726 0.626211 2.04869 4.53089 1.5686 141939 0 -1.09735 0.806787 0
32.8047 17.7715 0.817053 2.11539 4.8667 1.74536 135588 0 1.83604 0.800575 0
13.0209 12.8818 0.965285 1.9486 4.34577 1.60525 128506 0 1.86409 0.797915 0
31.7085 -12.3386 0.193008 0.896405 0.945569 1.72227 91593 0 1.80364 0.791334 1
53.2761 -16.5097 0.467234 2.92258 7.25489 3.11613 85576 0 1.80739 0.783045 0
-3.67583 18.7987 0.887563 2.04708 4.60328 1.55065 136878 0 1.88173 0.773933 0
9.81256 71.5799 1.9936 2.14056 4.98186 1.80349 214140 0 1.80354 0.772133 0
17.4874 29.8261 1.52738 2.05497 4.54455 1.50169 153324 0 1.78369 0.771704 0
-47.2309 22.256 0.582366 1.88947 4.12463 1.61301 141890 0 2.12837 0.770887 0
-27.3146 29.8816 0.927596 2.09209 4.65219 1.7477 153184 0 -1.15629 0.764831 0
11.6652 31.2674 1.37161 2.28798 5.81676 1.87636 155178 0 1.77252 0.762708 0
24.0908 -5.8985 0.387091 0.952659 0.967285 1.69006 100929 0 -1.08895 0.76185 1
-25.3572 15.5886 0.593891 0.829217 0.899834 1.63472 132130 0 -0.356802 0.759457 1
26.1372 15.5476 0.6198 1.88914 4.25307 1.55453 132291 0 -1.38801 0.753825 0
-29.8771 25.1801 0.71214 1.91808 4.28696 1.55888 146156 0 -1.14131 0.75248 0
32.3714 -9.697 0.130676 0.806346 0.886618 1.62703 95339 0 1.85148 0.749573 1
14.2231 39.9225 1.37485 2.09037 4.82918 1.69526 167822 0 -1.32675 0.738618 0
16.1692 48.1985 1.50988 2.04022 4.64129 1.73282 179996 0 -1.38474 0.735013 0
7.8315 63.446 1.59463 2.18809 5.07238 1.87034 202434 0 1.78168 0.725797 0
10.4055 22.5376 1.12727 1.83804 4.23049 1.39594 142538 0 -0.314167 0.724791 0
25.4856 -8.55563 0.325515 0.782348 0.820855 1.7244 97189 0 2.06373 0.717519 1
32.8309 10.1783 0.587483 2.12338 4.63852 1.83012 124356 0 1.79603 0.712769 0
40.8202 7.21926 0.431198 0.83426 0.887264 1.67678 120169 0 0.233485 0.706861 1
6.25507 60.6173 1.44564 2.02164 4.70161 1.68624 198217 0 1.80044 0.705269 0
-32.2397 19.9319 0.607657 2.01877 4.44208 1.617 138661 0 -1.10464 0.703836 0
32.4418 36.5962 1.47352 2.08175 4.71302 1.67213 163199 0 -1.31723 0.70273 0
-33.1284 17.4325 0.773233 2.14913 4.8919 1.84771 134914 0 -1.02488 0.700059 0
15.1519 43.0985 1.6201 2.0842 4.75345 1.83152 172505 0 -1.38943 0.698656 0
33.7666 42.3512 1.2688 2.01827 4.64222 1.4719 171627 0 -1.38475 0.696581 0
-55.2201 17.0626 0.720105 1.88146 4.11349 1.52963 134377 0 2.04796 0.696019 0
50.0927 6.80035 0.120902 1.9966 4.52378 1.58988 119730 0 1.84873 0.692696 0
-40.847 31.518 1.00208 2.32027 5.59376 2.01353 155482 0 -1.04044 0.68878 0
-39.1671 36.705 1.10198 2.32136 5.26791 1.92693 162975 0 -1.09553 0.682424 0
-0.775314 37.2987 1.26118 2.03974 4.63204 1.52024 164031 0 -0.978484 0.678455 0
8.50983 66.1358 1.37241 2.12465 4.83938 1.65959 206180 0 1.75589 0.678274 0
33.1735 39.2851 1.40362 1.95918 4.41561 1.53886 166945 0 -1.31308 0.674428 0
-16.4242 38.5135 1.11613 2.0565 4.73146 1.57106 165854 0 2.10835 0.673538 0
-12.6291 18.4139 0.850938 2.18912 5.07785 1.7356 136382 0 -1.4474 0.672766 0
-34.4207 15.1476 0.492215 2.03477 4.5172 1.61892 131634 0 -1.07915 0.670917 0
-17.1298 35.338 0.913198 1.93733 4.42113 1.44765 161172 0 2.10259 0.661137 0
16.1581 24.1867 1.27247 2.06039 4.70302 1.50397 144896 0 1.80953 0.652522 0
-19.6735 32.1109 1.00325 0.689318 0.641172 1.64513 156484 0 2.0023 0.645322 1
45.3035 11.1252 0.100016 1.93073 4.26409 1.47147 125799 0 -1.22961 0.643242 0
-17.4604 46.162 1.47933 2.09315 4.56937 1.58196 177083 0 -1.18763 0.643186 0
-29.0835 12.55 0.521373 1.82168 3.5499 1.57032 127907 0 -0.878467 0.633446 0
-43.962 27.1276 0.910423 2.13967 4.70779 1.78348 148920 0 -1.05615 0.627591 0
-45.6124 24.8409 0.787801 1.75051 3.8096 1.52884 145639 0 -0.99424 0.624653 0
30.5362 27.9281 0.975779 2.02485 4.49738 1.44744 150557 0 -1.30108 0.616058 0
49.463 3.69236 0.121137 2.05018 4.60546 1.63461 115048 0 1.85824 0.612183 0
33.1262 20.604 0.872654 2.04829 4.59674 1.61869 139801 0 1.84955 0.604836 0
-20.9321 30.8686 0.790928 2.02248 4.90588 1.44014 154608 0 0.000531668 0.60266 0
19.6874 38.5509 1.24377 1.90912 4.2244 1.5045 165967 0 1.82199 0.599002 0
-20.6179 30.631 0.815111 1.99104 4.67877 1.41767 154141 0 -1.05183 0.593481 0
36.6632 50.0894 1.53426 1.92696 4.35825 1.49035 182868 0 -1.31727 0.592588 0
-8.47879 25.7572 0.990416 2.15268 4.66753 1.5469 147159 0 -1.13187 0.592415 0
32.7204 -10.4262 -0.0451355 0.710404 0.742515 1.36239 94404 0 -1.36335 0.590009 1
-67.9204 8.50327 0.943342 0.881604 1.89393 1.78933 121701 0 1.48123 0.581489 2
27.0404 18.4686 0.794655 1.85352 4.17094 1.69689 136506 0 -1.40487 0.579237 0
51.3436 12.3603 0.297579 1.92952 4.5082 1.54516 127690 0 1.86478 0.57898 0
-28.2996 27.6324 0.64993 1.95888 4.58196 1.46735 149905 0 -1.11065 0.576626 0
0.48674 39.8664 1.0176 1.91669 4.28849 1.4262 167779 0 -0.96363 0.572702 0
21.6144 47.1925 1.44951 2.00185 4.59917 1.48935 178609 0 1.76708 0.569135 0
37.6003 32.2325 1.09688 2.06256 4.62436 1.4664 156663 0 1.80032 0.560586 0
10.1526 22.5559 1.12757 1.89252 4.42106 1.40513 142537 0 1.70325 0.560199 0
-21.3094 64.8421 1.68742 2.31485 5.37592 1.77267 204215 0 -1.10623 0.544583 0
-26.3484 32.2368 0.81032 1.9212 4.46199 1.4985 156463 0 -1.06314 0.543664 0
-12.0107 46.2013 1.54042 2.03961 4.7426 1.65803 177100 0 1.97975 0.538699 0
-6.81705 27.7181 1.38101 2.07284 4.66293 1.62743 149972 0 -1.0401 0.528613 0
-73.7551 15.2524 1.04426 2.14193 4.71399 1.75533 131511 0 1.47366 0.522504 0
-60.6781 33.7329 0.971465 2.37883 5.62544 1.9862 158696 0 -1.02423 0.520625 0
-16.799 35.105 0.921678 1.95493 4.47696 1.43671 160705 0 1.88975 0.515815 0
70.5997 -7.51727 -0.560343 1.96986 4.43604 1.5617 98734 0 0.437059 0.514071 0
9.43105 68.6749 1.47741 1.98043 4.50971 1.53636 209927 0 1.75494 0.511447 0
-14.2819 40.4904 1.05229 1.94911 4.43433 1.43838 168669 0 2.07373 0.509118 0
-67.7666 8.41229 0.946086 0.835126 1.78989 1.71834 121702 0 1.70737 0.505901 2
24.7673 -8.98767 0.383128 0.818954 0.86382 1.77982 96251 0 1.97755 0.495794 1
25.4849 -8.67934 0.340831 0.768272 0.819928 1.73174 96721 0 2.06664 0.477279 1
-67.9616 22.2439 0.910367 2.06309 4.60401 1.64374 141825 0 2.02925 0.475163 0
32.2105 -10.7997 0.15556 0.809814 0.897587 1.63139 93934 0 -1.31046 0.466885 1
65.4273 -6.28096 -0.33185 1.98708 4.56434 1.71761 100590 0 1.82107 0.465463 0
53.9063 20.9942 0.534946 2.33092 5.30083 1.78434 140334 0 2.88501 0.458452 0
38.2312 35.0399 1.13712 2.03436 4.7368 1.46173 160877 0 1.81885 0.457216 0
32.4498 33.4361 1.21656 2.03732 4.57137 1.59255 158519 0 -1.30023 0.454643 0
24.7492 -6.95336 0.328545 0.733868 0.755692 1.66525 99527 0 -0.132578 0.448489 1
32.1947 -10.9601 0.163723 0.86552 0.91973 1.66178 93466 0 -1.29727 0.447292 1
17.1094 27.0123 1.45113 2.08417 4.69021 1.52607 149111 0 1.79968 0.44712 0
-74.0294 15.249 1.05799 2.27257 5.133 1.85675 131510 0 -1.38758 0.446091 0
-69.377 8.81539 0.923068 0.713136 0.750913 1.3766 122165 0 0.489656 0.445915 1
-7.81241 28.3426 1.40114 2.07893 4.65577 1.59355 150905 0 2.10816 0.445143 0
55.8508 8.72447 0.191952 0.83328 0.858921 1.79414 122556 0 -2.44576 0.444515 1
61.5979 0.780357 -0.148519 1.95169 4.37147 1.58678 110874 0 -1.35206 0.441401 0
-73.7629 15.4289 1.05336 2.15814 4.81939 1.79194 131979 0 -0.905479 0.441039 0
-22.9041 62.8167 1.36572 2.0097 4.59261 1.60458 201402 0 -1.06017 0.424513 0
-19.6881 31.9619 1.02106 0.717939 0.646842 1.6259 156016 0 1.82201 0.422869 1
32.5869 -10.4575 0.0413783 0.772737 0.835919 1.55411 94403 0 -1.32144 0.421329 1
32.4352 -10.7145 0.136936 0.919774 1.08225 1.67113 93935 0 -1.40814 0.412246 1
-21.6176 38.8195 1.17436 2.07608 4.83662 1.54826 166306 0 -1.04415 0.408861 0
70.6267 -7.27956 -0.524134 2.08772 4.77708 1.65492 99202 0 -3.132 0.403369 0
20.6105 38.5387 1.21221 2.19954 5.01438 1.74264 165970 0 1.74569 0.402836 0
-20.8769 30.6694 0.810294 2.02567 4.83224 1.44095 154140 0 -0.468839 0.400759 0
25.6217 -8.55527 0.339385 0.81699 0.852815 1.73767 97190 0 2.00821 0.400754 1
53.659 21.0277 0.527007 2.23855 5.07432 1.7375 140333 0 -1.66094 0.398826 0
-12.8748 18.4698 0.856016 2.08547 4.79319 1.71322 136381 0 -2.59532 0.396954 0
15.2789 19.0211 1.25378 0.789151 0.79676 1.66261 137405 0 0.923396 0.39657 1
39.1855 40.474 1.25436 1.9443 4.54067 1.49679 168836 0 1.75807 0.392923 0
-51.0164 18.4666 0.625635 1.94944 4.35606 1.57857 136262 0 2.04577 0.39274 0
19.9891 63.2041 1.86782 2.15052 4.95963 1.85622 202004 0 -1.30244 0.387816 0
18.4162 57.7304 1.88224 2.05616 4.57476 1.75528 194043 0 -1.5295 0.386072 0
55.8431 8.5745 0.146828 0.804323 0.916021 1.7629 122088 0 -2.83146 0.385382 1
-15.929 38.1974 1.22545 1.86117 4.00356 1.47331 165388 0 2.10898 0.384917 0
52.0168 15.5222 0.597095 2.26896 5.04463 2.07996 132372 0 -1.24572 0.383753 0
61.3222 0.531876 -0.143831 1.91827 4.3198 1.56005 110405 0 -1.31771 0.378666 0
-6.5934 -14.6086 0.663176 0.786645 0.684849 1.60796 88197 0 -1.51188 0.37742 1
-69.486 8.80122 0.941104 0.72152 0.738676 1.30915 122164 0 0.184079 0.370108 1
40.8219 7.40378 0.439839 0.843138 1.03563 1.69673 120637 0 0.228013 0.365405 1
-29.3887 25.1416 0.704945 1.93385 4.57303 1.55857 146158 0 -1.14108 0.365225 0
-46.1446 25.0612 0.77805 2.04928 4.75683 1.6453 146105 0 -0.999497 0.364481 0
-54.5917 16.7681 0.689008 1.7267 3.00229 1.46084 133911 0 2.02612 0.363371 0
-19.6492 43.7067 1.02926 1.96794 4.52496 1.51087 173332 0 -1.13904 0.360628 0
-44.3475 27.5835 0.905384 2.31872 5.46686 1.9094 149855 0 -1.00343 0.359411 0
-50.0753 18.0583 0.671491 2.13573 4.89952 1.65702 135797 0 2.04858 0.356334 0
22.1452 -6.29242 0.363998 0.720184 0.792584 1.50294 100455 0 -2.73149 0.356256 1
31.2284 33.7834 1.22204 2.02166 4.62831 1.53704 158983 0 1.8348 0.354269 0
48.4951 22.8887 0.412722 1.87804 4.31423 1.48306 143125 0 1.73814 0.351974 0
-52.9484 22.5144 0.642592 2.03945 4.62281 1.57383 142340 0 1.91719 0.350901 0
54.1772 20.9515 0.545254 2.31062 5.25224 1.78946 140335 0 1.79139 0.350664 0
-5.53768 -13.9797 0.598179 0.791475 0.83791 1.41542 89136 0 1.92867 0.346251 1
65.1898 -6.50861 -0.336884 1.87226 4.31587 1.6586 100121 0 1.82573 0.343295 0
26.0179 67.0403 2.88059 2.1672 4.85056 1.84077 207639 0 -3.00056 0.34145 0
24.0761 -5.73351 0.366533 0.920546 0.963472 1.64814 101397 0 -0.853 0.341355 1
20.6282 66.3662 1.96502 2.13103 4.64908 1.91861 206686 0 -1.23839 0.334992 0
-29.1496 12.4643 0.510935 1.8833 3.71366 1.56243 127438 0 -0.519399 0.332445 0
54.5346 -16.7814 0.35993 3.052 9.13654 3.52293 85112 0 1.79095 0.331447 0
66.7423 -1.45021 -0.453127 1.90326 4.16858 1.48839 107614 0 1.74526 0.329524 0
49.1239 22.6002 0.388422 1.92396 4.3184 1.50952 142659 0 -1.29529 0.327806 0
65.7566 -4.02662 -0.609428 1.89376 4.18019 1.48971 103867 0 1.81852 0.325316 0
-26.7225 59.3414 1.67265 2.09303 4.8049 1.79715 196242 0 2.11617 0.325272 0
-32.5009 45.6421 1.24022 2.00925 4.47264 1.60211 176100 0 2.04366 0.325244 0
31.8528 33.6821 1.25741 2.13122 4.84034 1.58484 158985 0 -1.43228 0.323969 0
58.0662 8.4984 0.205114 2.17272 4.95382 1.8817 122095 0 1.65759 0.323403 0
24.8011 -8.53632 0.34713 0.746647 0.77869 1.79539 97187 0 2.01313 0.319626 1
-7.49673 28.073 1.4042 2.00401 4.4209 1.6074 150438 0 0.440877 0.318631 0
-21.2733 31.106 0.803326 1.99086 4.89854 1.45537 155075 0 2.05168 0.317993 0
20.2797 68.3324 1.82382 2.43017 5.54206 2.0736 209493 0 -2.84667 0.315613 0
-34.1059 57.1193 1.4731 1.98777 4.46162 1.60303 192943 0 2.1254 0.312037 0
-7.91533 25.6691 1.0042 2.12116 4.70083 1.56443 147161 0 -1.1489 0.309834 0
15.9112 23.9254 1.28043 2.03371 4.57985 1.5145 144427 0 1.83149 0.309617 0
40.4899 40.1747 1.30264 1.97335 4.44594 1.54935 168372 0 -1.35394 0.308869 0
-32.5082 45.8736 1.26227 2.08176 4.67436 1.64035 176568 0 -0.471216 0.306584 0
24.7387 -7.06847 0.360295 0.758899 0.795984 1.7128 99059 0 0.655063 0.305892 1
20.0058 38.7783 1.27985 1.98294 4.37672 1.57549 166436 0 1.75767 0.300508 0
-14.7847 40.5554 1.02932 1.83244 4.23056 1.40992 168667 0 2.07575 0.299634 0
40.8144 7.0054 0.409227 0.869784 0.970275 1.69057 119701 0 0.235969 0.297722 1
67.0126 -1.1319 -0.435403 1.97504 4.36004 1.52306 108083 0 1.77813 0.293988 0
32.5231 20.8763 0.7748 2.14174 4.74558 1.67532 140267 0 1.85978 0.293415 0
-27.7182 27.6471 0.687753 1.84642 4.35811 1.42964 149907 0 -1.15744 0.293245 0
-12.938 18.6127 0.879086 2.12524 4.75855 1.69055 136849 0 2.95275 0.290169 0
-68.0186 8.66657 0.879425 0.858249 1.86056 1.71312 122169 0 -1.3791 0.287862 2
-67.6998 8.28466 0.955508 0.833121 1.79323 1.71901 121234 0 1.9123 0.287294 2
40.9788 7.21383 0.436946 0.873966 0.992281 1.71162 120170 0 0.225727 0.286331 1
24.1446 -6.12218 0.390259 0.925075 0.960795 1.69105 100461 0 -1.08889 0.284993 1
14.9258 42.8357 1.60235 1.97561 4.48447 1.83617 172036 0 -1.35889 0.284768 0
71.7939 -8.85315 -0.519897 2.18761 4.89244 1.77075 96866 0 -0.977249 0.284319 0
71.5675 -8.85689 -0.58764 2.02149 4.42606 1.66129 96865 0 -1.29603 0.283678 0
-19.4092 43.9434 1.08116 2.0095 4.54489 1.56209 173801 0 -1.12129 0.28322 0
26.446 18.6458 0.827496 1.93758 4.47809 1.75451 136972 0 -1.41246 0.281368 0
-9.02808 25.8395 1.00702 2.15519 4.66755 1.56336 147157 0 -1.13199 0.279675 0
15.4188 19.0216 1.2872 0.794148 0.796239 1.66065 137406 0 0.61255 0.27958 1
10.6889 22.3471 1.13778 1.78057 4.16013 1.38991 142071 0 -1.42067 0.277438 0
38.8714 34.8023 1.18999 1.98658 4.47879 1.4645 160411 0 1.81852 0.277278 0
-31.0103 22.2245 0.626227 1.71447 3.68927 1.48208 141941 0 -1.04885 0.276852 0
19.6964 62.9225 1.9139 2.08082 4.61317 1.7562 201535 0 -1.32345 0.275912 0
31.7296 -12.5126 0.189214 0.876686 0.950314 1.71816 91125 0 1.80223 0.273314 1
18.135 57.4789 1.82057 1.88203 4.14841 1.62845 193574 0 -1.42178 0.271047 0
32.3586 -10.9465 0.174448 0.848463 0.995105 1.65767 93467 0 -1.32575 0.270884 1
19.3659 35.3768 1.16372 2.04359 4.55007 1.58338 161286 0 1.77071 0.270481 0
-69.356 9.01579 0.959541 0.752243 0.807198 1.41593 122633 0 0.375962 0.269592 1
34.0121 20.3784 0.812391 2.09043 4.65714 1.63935 139336 0 1.79147 0.268198 0
-24.8074 35.0349 0.890067 1.98006 4.65138 1.48244 160680 0 -1.12536 0.267587 0
25.061 -8.78411 0.367034 0.8223 0.850658 1.83642 96720 0 2.01378 0.267555 1
-60.0562 33.4114 0.992977 1.94745 4.329 1.73377 158230 0 -1.05128 0.267504 0
-12.3759 18.176 0.859489 2.21971 5.139 1.76558 135915 0 -1.14621 0.267346 0
39.8178 40.4163 1.30064 1.95228 4.42974 1.5034 168838 0 0.766193 0.266498 0
67.0001 -1.73093 -0.393693 2.02368 4.51967 1.5389 107147 0 1.76374 0.265795 0
-60.321 33.2155 0.977834 2.2 4.78999 1.82353 157761 0 -1.17198 0.26387 0
66.7504 -0.832336 -0.491621 1.93171 4.24603 1.51831 108550 0 1.76632 0.26294 0
24.6892 -7.8707 0.536201 0.869508 0.870325 1.92449 98123 0 1.76036 0.262075 1
-26.1074 59.0151 1.55599 1.96323 4.31148 1.69777 195776 0 2.08674 0.261627 0
20.6488 41.1073 1.46625 2.15417 4.95597 1.74986 169714 0 1.78482 0.259445 0
36.6459 26.4076 0.972741 2.07079 4.64293 1.58633 148236 0 1.7753 0.258608 0
25.1508 -8.51968 0.323528 0.736697 0.776777 1.78115 97188 0 2.04495 0.257535 1
65.4145 -7.49573 -0.438582 2.02362 4.79128 1.71478 98718 0 1.81486 0.25749 0
31.7533 -12.1097 0.163468 0.845079 0.904124 1.65483 92061 0 1.7952 0.256042 1
48.4652 23.1069 0.443745 1.93937 4.39047 1.51355 143593 0 2.0738 0.255755 0
-30.4776 25.4367 0.70385 2.08298 4.70353 1.63464 146622 0 -1.13292 0.25454 0
-32.7668 45.8816 1.31553 2.23088 5.14581 1.79178 176567 0 -0.847469 0.25433 0
-18.0658 46.4617 1.49017 2.30046 5.29799 1.66225 177549 0 -1.2464 0.254183 0
-69.5172 8.54693 0.874366 0.703882 0.714288 1.11568 121696 0 0.294597 0.254102 1
-19.8576 32.1092 1.01965 0.751427 0.705421 1.65256 156483 0 -1.41602 0.250703 1
50.4754 12.6769 0.309948 1.93846 4.42459 1.60632 128155 0 1.87244 0.250162 0
-26.9909 59.0864 1.68878 2.13857 4.91872 1.82467 195773 0 2.04789 0.249933 0
32.7247 -10.6142 0.0324336 0.803061 0.850831 1.45623 93936 0 -1.38758 0.248833 1
-65.73 25.1252 0.795682 2.08207 4.65819 1.6608 146044 0 1.86708 0.248496 0
36.3326 26.7139 0.887317 2.07481 4.67102 1.54561 148703 0 1.76669 0.247177 0
70.3568 -7.83384 -0.64464 1.70255 3.81574 1.43727 98265 0 2.75517 0.246731 0
31.931 36.4169 1.46921 1.86495 4.10928 1.62568 162729 0 -1.27104 0.24637 0
36.9679 26.7058 1.03377 2.07169 4.62085 1.58689 148705 0 1.7544 0.246361 0
-11.6752 45.7014 1.49303 1.98195 4.43867 1.58288 176165 0 1.90833 0.245753 0
52.9594 18.3801 0.215319 2.03957 4.47631 1.60472 136587 0 -1.21036 0.245352 0
40.6139 7.20803 0.428694 0.886407 0.939974 1.70917 120168 0 0.314048 0.244955 1
-7.29994 -13.59 0.598266 0.785769 0.839657 1.55468 89599 0 -1.52812 0.243677 1
61.5914 0.225586 -0.189994 1.92287 4.4031 1.57421 109938 0 -1.3199 0.243438 0
52.6309 18.3961 0.211301 2.01534 4.43761 1.63822 136586 0 -0.535214 0.242293 0
-25.0911 34.7536 0.922052 1.92384 4.49363 1.42778 160211 0 -1.0975 0.242291 0
23.9433 -5.71648 0.375452 0.848107 0.875355 1.56509 101396 0 -0.856732 0.241812 1
36.6382 27.0238 1.01643 2.07291 4.60156 1.54796 149172 0 1.77718 0.241467 0
-45.3557 25.0327 0.809253 1.69572 3.57111 1.51414 146108 0 -0.957749 0.240741 0
-67.4409 21.9674 0.883241 1.78088 3.73723 1.48097 141359 0 2.02986 0.240246 0
39.855 40.2451 1.32219 1.94566 4.39804 1.49896 168370 0 -1.0214 0.239216 0
55.1822 20.6653 0.588855 2.09788 4.84153 1.75336 139870 0 -1.28661 0.238237 0
-0.270599 37.2304 1.23787 1.96544 4.34973 1.50136 164033 0 -0.95808 0.238052 0
70.361 -7.54089 -0.64694 1.79738 4.0952 1.49384 98733 0 3.09748 0.237838 0
-19.4928 32.1276 0.985932 0.694574 0.693543 1.61699 156485 0 1.95265 0.237633 1
-18.0149 46.0327 1.47347 2.08948 4.82552 1.64488 176613 0 -1.23008 0.237452 0
36.0122 27.0351 0.833143 2.01324 4.5079 1.511 149170 0 1.80336 0.235818 0
-15.8275 38.0254 1.2218 1.77583 3.79956 1.45212 164920 0 1.79357 0.235761 0
38.4769 32.1102 1.14872 2.18543 4.80676 1.58688 156666 0 1.76375 0.235593 0
-55.7386 17.15 0.732543 2.15114 4.975 1.64187 134375 0 1.96221 0.235409 0
39.5119 40.2602 1.30513 1.9284 4.37671 1.49714 168369 0 1.55906 0.235337 0
-23.4463 62.8791 1.37339 2.17178 5.05047 1.71491 201400 0 -1.05481 0.23495 0
65.469 -4.26675 -0.608817 1.89623 4.17734 1.49388 103398 0 1.81944 0.234441 0
70.5033 -8.07535 -0.585432 1.87397 4.03311 1.48596 97798 0 0.38201 0.233952 0
-25.4819 58.6993 1.55218 2.01774 4.64502 1.69806 195310 0 1.97225 0.233898 0
13.7033 39.934 1.4004 1.77001 3.90981 1.61927 167820 0 -1.34598 0.233723 0
18.6875 58.0032 1.94302 2.25415 5.12249 1.90322 194512 0 -1.57957 0.23369 0
-9.10435 26.3112 0.997766 2.06315 4.48455 1.54385 148093 0 -1.1216 0.233018 0
-49.5054 17.7724 0.7011 2.10983 4.8317 1.70411 135331 0 2.52993 0.232658 0
-48.5177 19.6797 0.513114 1.95947 4.40193 1.57653 138142 0 2.12719 0.231711 0
26.0757 67.6705 2.76818 2.55572 6.10091 2.13931 208575 0 0.167749 0.231496 0
-13.6115 7.49362 0.763036 0.805927 1.14403 1.58882 120467 0 -0.965685 0.231171 1
52.3289 18.4071 0.221073 2.0188 4.46335 1.67977 136585 0 1.40176 0.230454 0
-53.2082 22.2778 0.637984 2.08808 4.77676 1.60527 141871 0 1.97074 0.230039 0
22.2182 46.9611 1.46275 1.9039 4.27204 1.47347 178143 0 1.74769 0.22833 0
18.9725 57.4686 1.98879 2.3263 5.42957 1.95149 193577 0 -1.44385 0.228144 0
66.4621 -1.15219 -0.53262 1.8579 4.06264 1.47793 108081 0 1.74872 0.22688 0
39.8798 46.8928 2.39042 0.811861 0.819661 1.71943 178198 0 0.839292 0.226601 1
33.5226 42.6162 1.27803 1.89742 4.25623 1.46342 172094 0 0.708525 0.226298 0
-69.4938 9.00909 0.960245 0.759914 0.785254 1.37438 122632 0 0.30219 0.226182 1
52.6386 18.1191 0.229419 2.00183 4.45243 1.62883 136118 0 -1.24617 0.225637 0
-33.6935 17.7184 0.779861 2.45455 6.00331 1.99668 135380 0 -1.05472 0.224774 0
21.224 66.3641 1.9112 2.4787 5.84559 2.1291 206688 0 -1.27337 0.22459 0
-16.4448 34.8268 0.896033 1.91879 4.43323 1.44142 160238 0 -1.06235 0.224531 0
20.0764 66.4009 1.99451 1.97362 4.1671 1.78994 206684 0 -1.10734 0.224345 0
48.5195 22.6375 0.397613 1.90975 4.38666 1.49603 142657 0 1.17386 0.223781 0
34.0002 42.6158 1.30267 2.13672 5.03684 1.5614 172096 0 -1.38998 0.223313 0
25.6276 -8.68305 0.340311 0.825257 0.864331 1.72412 96722 0 2.03969 0.222737 1
49.4517 27.9871 0.668579 2.04903 4.56715 1.6534 150616 0 -1.31243 0.222628 0
36.02 26.4137 0.801023 2.07765 4.67326 1.56443 148234 0 1.76998 0.222624 0
-19.3279 5.65358 0.972405 0.84248 0.921173 1.75254 117641 0 1.81719 0.221759 1
65.4291 -6.84483 -0.370801 1.90531 4.4531 1.70434 99654 0 1.82616 0.221682 0
53.3188 21.2213 0.542578 2.163 4.93985 1.73244 140800 0 -1.33694 0.221255 0
-65.4504 24.8465 0.745701 1.93765 4.28398 1.56094 145577 0 1.64782 0.221235 0
31.1022 27.9316 1.01953 2.18705 4.94873 1.56258 150559 0 -1.31233 0.221167 0
44.7422 11.3372 0.152006 1.74851 3.74652 1.46154 126265 0 -1.24507 0.221029 0
49.7645 27.6855 0.657923 2.06788 4.61368 1.6892 150149 0 -1.33734 0.220889 0
24.6248 -8.85032 0.41538 0.833209 0.86078 1.83327 96718 0 1.91746 0.220326 1
-32.2291 45.6221 1.18695 1.9144 4.15898 1.53998 176101 0 -2.45778 0.220091 0
35.6886 27.3417 0.800698 1.94594 4.364 1.47811 149637 0 1.83355 0.219168 0
-20.0806 30.5205 0.780943 1.97272 4.6948 1.43751 154143 0 -1.10608 0.219095 0
-20.3828 64.4269 1.63196 2.28623 5.08364 1.8167 203750 0 -1.10478 0.218579 0
66.352 -4.02873 -0.522568 1.95923 4.38992 1.54562 103869 0 1.78356 0.218451 0
9.1853 68.4169 1.44916 2.06622 4.7186 1.60302 209458 0 1.69925 0.218325 0
-69.3976 8.57286 0.875428 0.730913 0.785239 1.30627 121697 0 0.855898 0.218119 1
60.959 1.04121 -0.122918 2.0685 4.57744 1.61574 111340 0 -1.3679 0.217824 0
15.2556 19.2661 1.34718 0.838821 0.867849 1.6887 137873 0 0.261612 0.21781 1
33.1611 39.7227 1.36328 1.93145 4.35323 1.55495 167881 0 -1.40065 0.217535 0
-0.0832825 40.1361 1.05023 2.18689 5.21959 1.57373 168245 0 -1.00576 0.217468 0
-47.4392 22.0529 0.558472 2.04162 4.46932 1.69021 141421 0 2.0694 0.217231 0
24.72 -8.10618 0.427991 0.80533 0.818391 1.88481 97655 0 1.6971 0.216886 1
36.9572 26.1038 0.983884 2.07724 4.6405 1.62091 147769 0 1.82701 0.215797 0
-5.4159 -13.9782 0.612722 0.797754 0.827002 1.407 89137 0 1.65398 0.215754 1
36.3199 27.3303 0.978665 2.0601 4.61735 1.51029 149639 0 1.81656 0.215495 0
55.8798 9.06208 0.132342 0.720282 0.972853 1.76051 123024 0 -1.59617 0.215119 1
37.9671 34.8166 1.10935 1.87809 4.2718 1.4175 160408 0 1.83441 0.214899 0
53.5873 18.1047 0.237701 2.08455 4.6281 1.63282 136121 0 -1.31212 0.214031 0
-6.56039 -14.8246 0.719982 0.837695 0.712338 1.66515 87729 0 -2.062 0.21326 1
16.1636 24.6935 1.25283 2.04466 4.65961 1.52529 145832 0 1.76472 0.212301 0
60.1127 -2.08787 -0.398031 1.68825 3.61862 1.38055 106657 0 -1.33508 0.21101 0
37.5127 50.028 1.53597 2.19514 5.13388 1.70697 182871 0 -1.33065 0.210808 0
-65.4681 25.4146 0.733555 1.92234 4.32618 1.5776 146513 0 1.7968 0.210414 0
-35.4633 8.85492 1.03421 0.759731 0.776841 1.75081 122271 0 -2.91658 0.210275 1
-52.3925 22.2252 0.630715 1.89313 4.11272 1.4888 141874 0 1.80797 0.209537 0
54.526 20.8849 0.577439 2.23182 4.91793 1.75266 140336 0 1.00952 0.209446 0
29.9384 28.2135 0.928089 2.11783 4.76806 1.47788 151023 0 -1.31683 0.208563 0
-45.8972 25.3364 0.778352 2.00369 4.63729 1.66024 146574 0 -0.979456 0.208306 0
50.1293 6.3674 0.146273 2.05557 4.72941 1.60164 118794 0 1.91905 0.207806 0
18.4281 57.1946 1.84417 1.98439 4.45896 1.68567 193107 0 -1.36768 0.206852 0
17.8027 57.7313 1.82659 1.92227 4.1815 1.65635 194041 0 -1.6343 0.206852 0
35.7011 26.717 0.740524 2.00752 4.54884 1.5248 148701 0 1.77574 0.205505 0
36.3451 26.1135 0.890484 2.09516 4.67646 1.59631 147767 0 1.80848 0.204783 0
-26.3757 58.7947 1.56258 1.91611 4.2128 1.6765 195307 0 2.03215 0.204473 0
21.2579 40.8089 1.46991 2.20998 5.12194 1.84134 169248 0 1.84201 0.204345 0
-25.1345 58.4184 1.53109 1.96738 4.52103 1.69487 194843 0 1.43475 0.204329 0
24.6081 -7.10567 0.344112 0.750219 0.766992 1.68596 99058 0 0.906842 0.203381 1
-8.14942 25.2105 0.927522 2.03514 4.53108 1.55948 146224 0 -1.11776 0.203088 0
-19.6565 33.1216 0.949981 2.21836 5.20546 1.69095 157888 0 -1.09557 0.201911 0
24.6186 -6.94571 0.342556 0.794485 0.789889 1.67734 99526 0 -0.129173 0.199433 1
47.9037 22.9094 0.370233 1.90569 4.31353 1.51133 143123 0 1.63139 0.199292 0
31.6313 -12.1348 0.180389 0.86484 0.910372 1.69242 92060 0 1.83486 0.198738 1
-73.2084 15.2308 0.9781 1.91186 3.94087 1.57549 131513 0 1.62164 0.198624 0
65.4531 -3.73858 -0.613944 1.94211 4.32435 1.50794 104334 0 1.85339 0.198543 0
33.7644 41.8797 1.25521 1.993 4.62286 1.50108 170691 0 -1.31246 0.198509 0
-9.39017 -13.2909 0.524317 1.9957 4.44752 1.56653 90060 0 -3.01714 0.198396 0
15.9297 47.9625 1.49006 1.90891 4.29428 1.64592 179527 0 -1.33528 0.19757 0
-26.4645 59.614 1.62326 2.10042 4.77768 1.78479 196711 0 2.19504 0.197423 0
-20.2743 44.0111 0.929875 1.936 4.50385 1.47582 173798 0 -1.19904 0.197031 0
65.7015 -6.01048 -0.368831 2.13366 4.88494 1.78585 101059 0 1.79916 0.196244 0
49.1926 3.4694 0.129926 2.03217 4.53428 1.65652 114579 0 1.82825 0.195532 0
8.58855 19.7993 1.0277 1.70014 3.97468 1.46787 138320 0 -1.3653 0.195462 0
19.0803 63.2168 1.85999 2.11125 4.78767 1.75333 202001 0 -1.24455 0.195368 0
-52.9524 22.7893 0.647236 2.12748 4.86695 1.63316 142808 0 1.64429 0.19408 0
-31.2217 45.2689 0.835925 2.00099 4.58587 1.5815 175636 0 -1.3401 0.19266 0
65.1675 -7.20165 -0.454896 1.8697 4.27872 1.65426 99185 0 1.80456 0.192479 0
-7.81762 -14.8461 0.903257 0.78834 0.751685 1.73268 87725 0 -1.80843 0.192205 1
33.3755 10.2802 0.591619 2.2496 4.95927 1.89146 124826 0 1.78677 0.191985 0
-49.5198 18.0029 0.672808 2.0523 4.80341 1.6871 135799 0 2.16454 0.191764 0
-5.53402 -14.1065 0.563756 0.814793 0.832068 1.45065 88668 0 1.78488 0.191121 1
61.8885 1.02618 -0.141146 2.02927 4.52163 1.66715 111343 0 -1.38837 0.190805 0
-34.3386 56.8718 1.44502 1.92809 4.3655 1.57914 192474 0 2.04162 0.190665 0
53.9321 20.7504 0.522591 2.31523 5.245 1.78981 139866 0 -2.01267 0.190195 0
70.3106 -8.12107 -0.655148 1.74442 3.76747 1.4189 97797 0 2.27582 0.190045 0
18.1226 58.0032 1.86827 1.95504 4.27196 1.69993 194510 0 -1.67881 0.189793 0
36.9526 27.3116 1.14727 2.05826 4.51859 1.55412 149641 0 1.75432 0.18973 0
-40.2638 31.1318 1.02225 2.01261 4.25014 1.84289 155016 0 -1.01873 0.189268 0
-12.7447 5.64984 1.98391 0.74299 0.776049 1.75549 117662 0 1.70136 0.189234 1
32.2889 -9.58425 0.14839 0.824163 0.920387 1.62935 95806 0 1.87583 0.188815 1
67.0223 -0.532661 -0.468697 2.02505 4.46588 1.57008 109019 0 1.76792 0.188701 0
67.3027 -1.42695 -0.367713 2.08811 4.71576 1.57094 107616 0 1.77793 0.188672 0
14.805 -4.65218 0.598916 0.685681 0.697008 1.50307 102772 0 -2.75882 0.188244 1
14.0019 39.6438 1.37548 1.9517 4.44676 1.65868 167353 0 -1.30018 0.187593 0
-19.886 31.9154 1.01441 0.749744 0.688998 1.62415 156015 0 -1.13473 0.186828 1
50.0622 27.9703 0.66027 2.13648 4.70195 1.73887 150618 0 -1.35603 0.186753 0
-65.149 24.8239 0.703215 1.84911 4.07182 1.53741 145578 0 -0.547594 0.18673 0
19.6341 35.6407 1.16181 2.10223 4.78805 1.62148 161755 0 1.76171 0.184808 0
7.84151 62.9997 1.56926 1.95732 4.50913 1.79952 201498 0 1.74612 0.184778 0
-64.4572 24.5038 0.675336 2.00996 4.45298 1.6228 145112 0 -1.20599 0.184755 0
22.8171 47.1342 1.43723 2.11373 4.73322 1.59264 178613 0 -1.47876 0.184669 0
70.8599 -6.97168 -0.378782 2.3293 5.49975 1.87823 99671 0 1.86979 0.184268 0
52.2866 12.2551 0.264481 2.02964 4.59946 1.61168 127693 0 1.80196 0.183619 0
8.49022 66.5982 1.44431 2.22593 5.16448 1.72462 207116 0 1.82984 0.182955 0
12.3268 34.7292 1.30894 1.98243 4.4696 1.62746 160328 0 -1.36378 0.18257 0
32.485 10.601 0.587754 2.38092 5.14185 1.9024 125291 0 1.81581 0.181422 0
-65.1742 25.1059 0.696905 1.79301 3.95436 1.52984 146046 0 0.73668 0.181422 0
48.747 23.0987 0.435184 1.94902 4.34922 1.52024 143594 0 -1.84725 0.180656 0
15.635 48.2438 1.46799 1.70274 3.68165 1.55787 179994 0 -1.36732 0.180592 0
71.1072 -7.49115 -0.436147 2.2839 5.12677 1.76914 98736 0 0.481128 0.180032 0
19.653 35.0721 1.21175 2.09676 4.7343 1.62519 160819 0 1.76921 0.180008 0
-52.6564 22.0019 0.651807 1.89043 4.18068 1.48825 141405 0 1.98559 0.1799 0
32.5163 -10.073 0.108547 0.808976 0.87251 1.57729 94871 0 1.87902 0.179824 1
-31.4704 44.967 0.939321 2.05271 4.67662 1.58151 175167 0 -0.903335 0.179658 0
50.339 7.09014 0.0882031 2.17224 5.12226 1.67322 120199 0 1.80461 0.178901 0
22.151 -6.4303 0.367607 0.793028 0.869825 1.57573 99987 0 0.132751 0.178614 1
71.805 -8.55636 -0.471299 2.25752 4.99632 1.81092 97334 0 1.38847 0.178569 0
-36.5568 12.902 0.664932 2.51274 6.24786 1.90925 128351 0 -1.07747 0.178046 0
54.2365 20.7517 0.542132 2.15007 4.85059 1.73168 139867 0 -1.70889 0.177837 0
35.3912 27.0516 0.721981 1.97908 4.50326 1.48605 149168 0 1.80981 0.177662 0
49.1395 27.7059 0.66254 2.0167 4.52487 1.63043 150147 0 -1.34381 0.177423 0
19.3542 34.7388 1.26344 2.04881 4.54261 1.57879 160350 0 1.76744 0.177271 0
58.3336 8.21989 0.165452 2.40283 5.75911 2.03578 121628 0 1.67905 0.177052 0
30.0052 27.8 0.930296 1.93756 4.3561 1.44474 150087 0 -1.30111 0.177012 0
67.6932 23.2329 0.316372 1.97083 4.53555 1.61141 143653 0 -1.39085 0.176717 0
-31.8615 44.3065 1.02684 1.93346 4.36944 1.54296 174230 0 0.383873 0.176474 0
-21.0496 38.5392 1.13284 1.85181 4.06332 1.5026 165840 0 -1.05474 0.176377 0
8.24581 65.8621 1.40655 2.20767 5.15952 1.7245 205711 0 1.67205 0.176321 0
-1.03113 37.0668 1.27885 2.12252 4.87186 1.60235 163562 0 -1.02175 0.176303 0
-68.2494 21.9817 0.967925 2.21516 5.05593 1.72817 141356 0 1.90954 0.17623 0
18.7547 35.6774 1.15673 2.05228 4.56838 1.55626 161752 0 1.78581 0.176103 0
-11.4552 46.1464 1.49591 2.03262 4.57237 1.62837 177102 0 1.98354 0.176079 0
20.6384 40.1282 1.38561 0.939911 1.10195 1.79211 168310 0 1.78542 0.175472 1
30.5848 27.4697 0.934754 1.89975 4.24857 1.44128 149621 0 -1.20404 0.175463 0
37.3288 35.3094 1.13261 1.88871 4.33961 1.45771 161342 0 1.82762 0.175442 0
36.6528 25.7985 0.97241 2.07855 4.62029 1.61396 147300 0 1.85826 0.175049 0
45.809 11.2773 0.107358 2.17529 5.05309 1.58029 126269 0 -1.25565 0.175049 0
20.6285 38.0232 1.20878 2.16074 5.01983 1.69567 165034 0 1.82156 0.174707 0
-68.2437 8.72228 0.701149 0.77112 1.67223 1.42022 122168 0 3.10523 0.174679 2
57.7934 8.22366 0.202115 2.06279 4.57512 1.78237 121626 0 1.65608 0.174528 0
-74.7734 15.2318 1.24838 2.55344 6.60019 2.23449 131508 0 -1.47806 0.174087 0
51.1134 12.0967 0.320759 1.68164 3.73422 1.52007 127221 0 1.87541 0.17396 0
12.3209 34.4262 1.33874 2.0912 4.84352 1.63805 159860 0 -1.35943 0.173718 0
33.6403 39.4525 1.36349 2.19899 5.11738 1.62951 167415 0 -1.35924 0.173714 0
19.4335 38.3471 1.20686 1.83368 4.19008 1.50373 165498 0 1.86003 0.173246 0
-24.8456 58.3918 1.53721 2.05221 4.66154 1.70797 194844 0 -0.41649 0.172467 0
10.311 71.3125 2.09137 1.82835 4.02514 1.6722 213674 0 1.77336 0.172465 0
-58.1805 33.064 0.716511 0.74721 1.68967 1.57957 157768 0 -0.782255 0.172017 2
-3.15623 18.7294 0.858073 1.78749 3.6291 1.42514 136880 0 1.88814 0.1718 0
-32.4999 46.1596 1.31293 2.17845 4.90397 1.71547 177036 0 -0.802873 0.17164 0
13.2585 67.9591 1.55234 2.04078 4.58655 1.5 209003 0 1.81607 0.171566 0
-30.8849 45.904 0.86185 1.94101 4.47768 1.54086 176573 0 -2.74441 0.171411 0
-25.2448 15.703 0.607377 0.839067 0.90801 1.64591 132599 0 -0.220959 0.17133 1
20.3643 40.853 1.35731 2.14045 4.82946 1.76493 169245 0 1.79877 0.171234 0
12.6049 35.0326 1.3513 2.09816 4.87377 1.66294 160797 0 -1.34809 0.17096 0
-11.0698 45.6564 1.40196 2.00436 4.54902 1.5589 176167 0 1.74599 0.170545 0
36.003 27.6396 0.955104 2.04265 4.5282 1.49746 150106 0 1.84536 0.170504 0
-35.0984 53.3182 0.300489 0.805806 1.25804 1.77984 187324 0 2.43776 0.170392 1
-43.397 26.7928 0.936506 1.97744 4.19726 1.75295 148454 0 -1.0277 0.169878 0
-35.3041 15.5052 0.592005 2.3055 5.24879 1.81315 132099 0 -1.11552 0.168833 0
-13.2635 18.6661 0.881964 1.90752 4.09099 1.60668 136848 0 1.97217 0.168762 0
35.7135 50.3571 1.52318 1.9126 4.37398 1.51581 183333 0 -1.35763 0.167771 0
27.5842 18.6716 0.780693 2.01315 4.53393 1.68928 136976 0 -1.42822 0.167743 0
-45.8698 24.6151 0.755272 1.98386 4.34146 1.57792 145170 0 -1.03591 0.167161 0
17.123 59.0564 1.85991 1.99295 4.33773 1.71091 195911 0 -3.11321 0.16715 0
-24.5301 35.2983 0.887333 2.0744 4.84475 1.52753 161149 0 -1.14312 0.167079 0
-12.264 45.676 1.50967 2.08727 4.8304 1.63477 176163 0 1.90756 0.166692 0
-33.4902 56.771 1.40097 2.03199 4.6381 1.60697 192477 0 -1.37433 0.166546 0
-7.57897 -14.8609 0.851063 0.763661 0.713925 1.71907 87726 0 -1.7763 0.166504 1
-19.3294 43.1133 1.17371 1.98654 4.49775 1.52909 172397 0 -1.13225 0.166347 0
-51.9692 15.8006 0.0402285 0.860006 0.988887 1.42797 132515 0 -1.24944 0.166025 1
52.5816 15.7956 0.501727 2.51223 5.89154 2.19357 132842 0 -1.30368 0.165625 0
39.4459 34.9708 1.21539 2.13352 4.80491 1.54599 160881 0 1.75587 0.165042 0
-22.2894 62.5841 1.34259 1.83935 3.98248 1.49941 200936 0 1.81729 0.164996 0
-33.8322 57.3824 1.52949 2.08798 4.59509 1.67585 193412 0 -1.03107 0.163871 0
48.8273 28.0049 0.724684 2.04763 4.54694 1.64724 150614 0 -1.39664 0.163802 0
19.0497 35.9576 1.16724 2.0598 4.56542 1.57111 162221 0 1.78367 0.163179 0
-16.2567 34.945 0.893505 2.06619 4.88293 1.46167 160707 0 -1.48918 0.163134 0
17.1455 57.748 1.71994 2.14252 4.80904 1.70289 194039 0 -2.74819 0.162617 0
-1.11379 37.8106 1.29855 2.13824 4.96027 1.63971 164966 0 -0.978335 0.162481 0
48.1891 22.6337 0.375788 1.89687 4.25327 1.49767 142656 0 1.53245 0.161722 0
-35.2759 53.2975 0.322736 0.853086 1.76678 1.84317 187323 0 1.97672 0.16154 2
49.4682 27.3984 0.685334 2.03816 4.60936 1.67215 149680 0 -1.38422 0.161505 0
-23.26 66.6612 1.34582 0.703768 0.615589 1.6757 207017 0 -1.2627 0.160997 1
33.2272 42.3632 1.26514 1.7735 3.95233 1.40047 171625 0 -1.33056 0.160778 0
-22.863 62.3428 1.42214 2.02895 4.50892 1.60541 200466 0 -1.20839 0.160447 0
-8.16534 -14.6212 0.888704 0.796197 0.777045 1.77583 88192 0 -2.03195 0.16005 1
52.0347 18.1212 0.285801 1.96137 4.32587 1.66909 136116 0 1.38842 0.15995 0
20.9459 41.3788 1.55648 2.20789 5.00277 1.80534 170183 0 1.77464 0.159947 0
66.7645 -2.00761 -0.386596 2.00111 4.38504 1.52252 106678 0 1.7927 0.159709 0
13.9174 36.9763 1.44762 2.14874 4.85542 1.6505 163609 0 -1.36774 0.159042 0
54.2442 17.7836 0.339025 2.10528 4.65621 1.68969 135655 0 -1.28738 0.158987 0
-68.2091 8.56309 0.857884 0.901221 1.8349 1.66904 121700 0 -1.4481 0.158958 2
54.8592 20.8431 0.595143 2.1647 4.67171 1.76469 140337 0 -0.522407 0.158613 0
17.1158 26.4932 1.50569 2.11339 4.70943 1.55862 148175 0 1.85345 0.158368 0
36.6343 27.6385 1.16576 2.03744 4.44073 1.52794 150108 0 1.78626 0.158297 0
-71.8373 21.2699 0.762443 1.9544 4.36623 1.57679 140409 0 -1.21824 0.158155 0
-25.4243 35.3296 0.968683 1.95393 4.38048 1.46857 161146 0 -1.22452 0.158051 0
39.4713 40.6877 1.31671 1.99406 4.61763 1.51581 169305 0 1.79187 0.157692 0
11.1071 -8.1554 0.450231 0.850048 1.91599 1.3645 97612 0 1.91314 0.157659 0
33.4456 9.8931 0.512639 2.09142 4.77475 1.82512 123890 0 1.79562 0.15745 0
-65.733 25.7228 0.791329 2.15665 4.90963 1.72706 146980 0 1.95267 0.157429 0
-38.5504 9.81953 -0.15628 0.877615 1.00327 1.45123 123665 0 -1.30194 0.157218 1
-26.9475 32.5147 0.798576 1.84261 4.11467 1.46962 156929 0 -1.11445 0.157125 0
51.7028 18.4092 0.303558 1.98265 4.31999 1.6932 136583 0 1.72509 0.156168 0
-26.0966 35.6573 1.07887 2.05331 4.58634 1.54787 161612 0 -0.754266 0.156114 0
0.232262 39.6352 1.03518 2.00609 4.58003 1.48288 167310 0 -1.0331 0.155925 0
57.5037 8.50304 0.181263 1.82231 3.94586 1.66926 122093 0 1.68804 0.155436 0
24.576 -8.07829 0.49666 0.791397 0.800735 1.86303 97654 0 1.82706 0.154937 1
