30.9134 7.23248 0.612044 2.11624 4.73816 1.57583 120138 0 1.79477 0.929638 0
7.19705 14.2405 1.00659 2.00292 4.78007 1.47335 130360 0 -1.37394 0.924513 0
42.7614 2.70396 0.55704 1.99041 4.30656 1.70785 113623 0 -1.30357 0.922676 0
-36.9102 12.0106 0.470733 2.17707 4.92653 1.81253 126946 0 -1.10895 0.91625 0
-27.1558 -5.9464 -0.0843539 2.21623 4.96797 1.87831 100769 0 0.211375 0.90786 0
-43.0613 3.25474 0.093363 2.17225 4.79705 1.62091 114291 0 -1.34543 0.907694 0
7.85778 19.9909 1.0999 1.96771 4.7497 1.50297 138786 0 -1.42674 0.906844 0
-15.1139 15.8195 0.523345 1.99438 4.4711 1.4498 132630 0 -1.11953 0.905623 0
-5.97715 13.5812 1.02658 2.07601 4.56255 1.78787 129383 0 1.86547 0.904681 0
-17.4168 10.6636 0.368863 2.05612 4.67499 1.46943 125135 0 -1.09149 0.899377 0
-35.3152 -4.36718 -0.0639248 2.13385 4.77293 1.72258 103083 0 0.214022 0.897604 0
12.8935 15.9217 1.25087 2.08 4.8565 1.82322 132718 0 1.80223 0.893984 0
-4.32162 21.6796 1.16968 2.21448 5.07431 1.92735 141088 0 1.8873 0.893189 0
23.4804 9.55809 0.91855 2.13976 5.17201 1.85158 123391 0 -1.38242 0.89195 0
-15.7728 13.017 0.397391 1.95189 4.4496 1.43941 128416 0 -1.1827 0.891234 0
-24.1292 25.1616 0.588875 1.96621 4.5024 1.5051 146174 0 2.02558 0.889046 0
47.8657 1.42554 0.280602 1.93156 4.44038 1.49922 111767 0 1.84548 0.884647 0
-32.7727 -5.22446 -0.134627 2.0434 4.54719 1.62779 101687 0 0.203525 0.883077 0
-7.16274 10.1852 0.933132 1.94907 4.47291 1.55606 124231 0 1.79098 0.882009 0
14.2851 21.5956 1.39171 2.0852 4.80794 1.61263 141146 0 -1.34526 0.879053 0
-3.60681 34.6519 1.32725 2.34767 5.41139 1.85315 160278 0 -1.02926 0.877393 0
43.4355 5.53455 0.444988 1.95029 4.34194 1.58368 117837 0 1.80479 0.873776 0
4.63219 57.5472 1.46017 2.02033 4.81351 1.53851 193532 0 1.79115 0.869912 0
-4.94446 15.9074 1.04887 2.1119 4.85117 1.81507 132662 0 1.90043 0.868786 0
9.72078 25.7814 1.40307 2.13894 5.05805 1.82754 147216 0 -1.41585 0.862916 0
10.8011 10.176 1.1515 2.0193 4.82725 1.84668 124287 0 1.81603 0.862855 0
23.8767 12.6349 0.951555 2.0962 4.60643 1.84371 128072 0 -1.34586 0.860635 0
-29.0141 15.5168 0.344372 1.9842 4.37146 1.45309 132119 0 -1.03332 0.859498 0
43.714 9.1908 0.6122 1.91689 4.30087 1.75889 122986 0 -1.31407 0.856613 0
-59.109 11.0835 0.294577 1.96576 4.30058 1.47486 125473 0 1.82758 0.853513 0
-11.9977 20.3284 0.900922 2.14489 4.50841 1.76253 139192 0 -1.12712 0.852267 0
59.6415 -3.9939 0.0733216 2.15433 4.76186 1.67422 103848 0 -1.3404 0.85172 0
-26.3171 20.3583 0.534587 1.96811 4.48071 1.50993 139147 0 2.01946 0.850983 0
6.01272 11.2584 0.983464 2.0036 4.60432 1.46106 126144 0 -1.28857 0.848966 0
-22.901 27.6314 0.886895 2.06287 4.79842 1.75989 149922 0 2.01454 0.842917 0
16.4742 30.0094 1.60751 2.12525 4.95641 1.68423 153321 0 1.78684 0.842562 0
12.3008 13.0057 1.01674 2.03911 4.78015 1.56376 128504 0 1.82496 0.841496 0
-47.1718 24.1318 0.579114 2.01098 4.50569 1.66108 144698 0 -1.0182 0.839014 0
24.1871 -8.40876 0.591452 0.92518 1.00008 1.89923 97185 0 1.90929 0.83264 1
-64.1503 8.26493 0.369348 2.09552 4.64303 1.62306 121245 0 -1.31933 0.830752 0
-3.09695 24.7705 0.998176 1.96371 4.43088 1.50738 145772 0 1.87427 0.830027 0
-30.2274 12.1127 0.29755 1.91367 3.92216 1.49495 126967 0 1.98111 0.822652 0
13.2583 18.6611 1.14559 2.09034 5.15242 1.67872 136931 0 1.76866 0.819239 0
-4.66171 18.7693 0.880573 2.00342 4.52141 1.5215 136875 0 1.86268 0.816412 0
-42.1327 30.9002 0.845645 2.28165 5.5263 1.93138 154542 0 -1.04081 0.812905 0
31.8402 10.769 0.671388 2.08143 4.53825 1.71534 125289 0 1.78634 0.812101 0
10.4063 31.5268 1.47555 2.30996 5.78559 1.92668 155642 0 1.73705 0.80642 0
59.953 -1.21069 0.120813 2.02602 4.57416 1.53886 108061 0 -1.37208 0.806252 0
15.8214 27.3552 1.46757 2.07692 4.74394 1.53466 149575 0 1.77436 0.802296 0
25.1629 15.862 0.821453 1.90999 4.22437 1.514 132756 0 -1.37137 0.799066 0
-27.7494 17.7571 0.367908 1.88569 4.13074 1.46464 135399 0 2.05724 0.794962 0
30.9344 -11.8087 0.349334 0.901934 0.994615 1.71779 92526 0 1.76422 0.791695 1
52.905 -15.6289 0.630868 3.0067 7.38187 3.318 86979 0 1.80336 0.789673 0
-73.9963 5.28976 0.561001 2.05699 4.66192 1.56343 117002 0 0.283952 0.787395 0
-34.3531 16.8751 0.523976 2.27547 5.24589 1.88033 133974 0 -1.06907 0.776227 0
4.62863 60.6523 1.5483 2.02529 4.78244 1.64422 198212 0 1.72584 0.775209 0
-28.3613 29.3396 0.746293 2.14016 4.82036 1.75249 152245 0 -1.18559 0.763263 0
-32.4376 21.6898 0.444628 2.00619 4.39117 1.60875 141000 0 -1.06973 0.762099 0
12.6741 40.1416 1.53977 2.01791 4.5411 1.71441 168285 0 -1.32122 0.758711 0
14.9303 24.7643 1.42747 2.03084 4.65753 1.49075 145828 0 1.78392 0.755044 0
7.26234 17.3345 1.06241 1.88307 4.48854 1.46453 135040 0 -1.36382 0.752367 0
23.2963 -5.61185 0.536109 0.976789 0.981825 1.65163 101394 0 0.476401 0.748562 1
31.7487 -10.3491 0.204892 0.767019 0.814032 1.55749 94401 0 -1.39546 0.746817 1
-48.4619 21.5308 0.379989 1.99634 4.4631 1.57478 140950 0 2.10372 0.741266 0
44.32 11.9722 0.402309 1.81205 4.07264 1.43246 127200 0 -1.32141 0.739626 0
-25.7249 22.8589 0.715351 1.97707 4.43751 1.7632 142893 0 1.99227 0.738099 0
7.8606 71.8054 2.0626 2.23029 5.27523 1.89725 214602 0 1.78471 0.727142 0
69.9658 -6.55775 -0.143985 2.0012 4.48352 1.56162 100136 0 0.215009 0.721888 0
-19.3399 45.8737 1.45876 2.11239 4.75817 1.62014 176609 0 -1.24107 0.71727 0
-31.1448 24.5322 0.482107 2.01601 4.4823 1.69115 145216 0 -1.08215 0.712321 0
5.94141 63.4573 1.70419 2.25081 5.211 1.86608 202428 0 1.72227 0.710455 0
-17.7301 38.2134 1.07237 2.07638 4.80297 1.54305 165382 0 2.09415 0.709216 0
-56.43 16.1243 0.347304 2.00912 4.49554 1.58034 132969 0 2.00748 0.70703 0
24.887 -8.19532 0.480174 0.811647 0.895281 1.71436 97655 0 1.87778 0.70465 1
-7.87904 27.6005 1.30384 2.2466 4.96704 1.72455 149969 0 -1.07442 0.692109 0
32.0339 -9.20141 0.273494 0.775437 0.842841 1.63119 96274 0 -1.36898 0.67747 1
-33.4059 19.3943 0.389232 2.06948 4.69991 1.68462 137721 0 -1.09506 0.677256 0
-2.06575 37.3192 1.26881 2.0498 4.64755 1.5519 164027 0 -1.02374 0.675159 0
49.4083 7.56973 0.437877 2.11628 4.8575 1.67153 120664 0 1.76672 0.671451 0
36.2956 32.8583 1.37807 2.15317 4.83657 1.5465 157595 0 1.77526 0.66849 0
-40.1724 35.934 0.922741 2.34475 5.17764 1.84641 162036 0 -1.07782 0.658629 0
-35.6423 14.5097 0.3519 2.08767 4.84222 1.6715 130694 0 -1.13783 0.655677 0
26.1237 18.7683 0.974097 1.83681 4.08473 1.61187 136971 0 -1.34186 0.650523 0
31.8319 18.3154 1.03251 2.16879 5.0213 1.74662 136521 0 1.81101 0.648195 0
32.5032 21.0499 1.12808 2.17687 4.89816 1.68976 140267 0 1.777 0.643478 0
30.8759 37.0406 1.66367 2.03652 4.58589 1.65224 163662 0 -1.34913 0.636545 0
-45.2494 26.4356 0.719129 2.14711 4.75221 1.83585 147980 0 -1.06917 0.629145 0
48.76 4.55891 0.455821 2.0065 4.42376 1.61639 116450 0 1.79183 0.623496 0
-22.9517 38.4614 1.19003 2.08156 4.82718 1.53824 165834 0 -1.0428 0.620861 0
-20.9683 31.8288 0.988527 0.707745 0.657222 1.65643 156012 0 -1.34011 0.620741 1
21.5165 -5.96365 0.49682 0.721056 0.756794 1.56698 100921 0 0.532423 0.619022 1
-26.1858 14.9517 0.427244 0.877898 0.919454 1.75338 131192 0 -0.307467 0.616394 1
32.1939 42.7745 1.46774 1.94493 4.43839 1.46199 172090 0 -1.35505 0.613972 0
29.5682 28.3265 1.16762 2.03654 4.56246 1.4833 151022 0 -1.36649 0.610902 0
-18.3846 35.1115 0.877776 2.00302 4.54801 1.46672 160700 0 2.08773 0.599079 0
13.6073 43.3834 1.67949 2.07155 4.59937 1.90988 172968 0 -1.41783 0.596876 0
-13.5987 45.936 1.46589 2.0561 4.73243 1.73703 176627 0 2.02083 0.595481 0
35.6656 50.6422 1.91785 2.04835 4.59892 1.60105 183801 0 -1.32537 0.594397 0
31.8334 39.8844 1.59876 2.06147 4.66465 1.61973 167877 0 -1.35931 0.594034 0
30.8708 34.0534 1.52143 2.16319 4.94856 1.59635 159450 0 -1.34527 0.592905 0
-22.2418 30.5653 0.752088 1.98322 4.69038 1.43989 154136 0 1.96477 0.590442 0
-68.8797 7.53983 0.730601 0.822013 1.73766 1.65385 120294 0 2.09627 0.587294 2
18.4184 66.7121 2.26891 1.94669 4.3238 1.70028 207147 0 -1.23468 0.58713 0
64.81 -5.25855 0.121899 1.95006 4.50404 1.64769 101992 0 1.77595 0.585629 0
39.9255 7.71878 0.597958 0.94965 1.00584 1.8053 121102 0 0.0670047 0.580753 1
-0.837708 39.8182 1.02526 1.8739 4.20286 1.42043 167775 0 -0.953524 0.577081 0
-61.5875 32.5284 0.696108 2.11004 4.67651 1.71815 156821 0 -0.836114 0.566835 0
18.107 38.8785 1.59028 1.98476 4.48014 1.48342 166430 0 1.84926 0.5506 0
6.57731 66.3557 1.70749 2.19261 5.05591 1.78893 206642 0 1.6778 0.548202 0
-51.0168 17.1612 0.411696 2.11223 4.88665 1.68075 134390 0 1.75827 0.547299 0
-23.5029 64.7441 1.73777 2.27202 5.24858 1.79319 204208 0 -1.11093 0.540928 0
9.46581 22.6521 1.15223 1.96932 4.64174 1.48636 142535 0 -1.47405 0.540893 0
-21.9496 30.5 0.76975 2.01045 4.75145 1.43769 154137 0 -1.49906 0.533612 0
50.0934 13.2976 0.590531 1.92435 4.41091 1.59198 129090 0 1.81582 0.524187 0
32.3797 -9.99734 0.0771346 0.674435 0.691118 1.16486 94871 0 -1.32453 0.519197 1
-15.8569 40.4322 0.971474 2.02171 4.62891 1.48294 168664 0 2.09094 0.509071 0
-10.0744 25.4504 0.942415 2.16885 4.75349 1.57145 146686 0 -1.14147 0.506783 0
-30.2162 -5.9432 -0.132892 1.99985 4.3884 1.60325 100759 0 0.215079 0.505316 0
60.9586 1.77119 0.243889 1.87178 4.1884 1.58323 112276 0 -1.3295 0.493272 0
18.7319 41.4618 1.72551 2.07247 4.64671 1.70231 170176 0 1.79826 0.490445 0
7.80525 68.9077 1.64445 1.99997 4.52925 1.55473 210390 0 1.54608 0.481878 0
-34.0916 45.2259 1.02176 2.16523 4.88563 1.63521 175627 0 -1.02212 0.480955 0
-51.3773 17.373 0.369273 2.06098 4.74817 1.64747 134857 0 2.02895 0.478387 0
19.9993 47.4917 1.58862 1.96565 4.38751 1.47392 179072 0 1.80106 0.475504 0
50.0862 10.3927 0.255678 2.01064 4.47978 1.55218 124878 0 1.74924 0.471685 0
65.1163 -2.42036 -0.0494982 1.82519 4.08182 1.47314 106205 0 1.82859 0.455116 0
-20.1045 5.27634 0.944119 0.857582 0.958693 1.78989 117171 0 1.86534 0.448512 1
66.11 0.44352 -0.1218 1.95123 4.27489 1.47924 110420 0 1.79649 0.445079 0
47.2204 23.7712 0.736896 1.88883 4.2443 1.43388 144525 0 -1.3577 0.437164 0
54.9838 9.82063 0.44587 0.886855 0.985728 1.80782 123957 0 -1.92818 0.427425 1
7.57686 68.7042 1.62206 2.06753 4.72232 1.61072 209921 0 -1.25111 0.41565 0
14.5807 48.7926 1.781 2.04868 4.55509 1.80938 180927 0 -1.4137 0.414958 0
21.4073 -5.9661 0.488278 0.719799 0.754199 1.58371 100920 0 0.371575 0.412725 1
32.28 -9.86031 0.149857 0.682804 0.761872 1.35238 95338 0 -1.32351 0.409548 1
-55.9148 15.9068 0.348533 1.70212 3.18752 1.48639 132503 0 1.97173 0.409407 0
24.072 -7.50681 0.708783 0.907108 1.01017 1.9473 98589 0 1.8512 0.407619 1
36.9583 35.7255 1.38406 2.10896 4.87786 1.49942 161809 0 1.748 0.402547 0
47.8195 23.5565 0.694349 1.93705 4.37829 1.46662 144059 0 -1.31108 0.40094 0
-61.8367 32.5552 0.725621 2.27511 5.13516 1.82315 156820 0 -1.0974 0.399891 0
-27.3874 31.7812 0.739951 1.98006 4.57119 1.50585 155992 0 -1.14661 0.396268 0
-68.6604 7.30167 0.732852 0.849238 1.73812 1.67608 119827 0 2.1874 0.395095 2
48.8145 31.2114 1.09888 2.00167 4.46184 1.59993 155294 0 -1.44994 0.3948 0
17.8079 68.3354 2.41376 2.01833 4.37957 1.75602 209485 0 -2.84453 0.390168 0
-13.5936 18.0837 0.783459 2.21001 4.97702 1.79502 135911 0 -1.19855 0.38772 0
64.5098 -6.83371 0.120193 1.99307 4.57653 1.65193 99651 0 1.7171 0.385929 0
55.14 9.99176 0.397283 0.887331 1.80102 1.84726 124426 0 -2.12349 0.384782 2
46.1665 38.6014 1.14837 0.788344 0.816063 1.71276 166050 0 -2.61004 0.374451 1
31.7712 -10.2094 0.26362 0.759447 0.82189 1.55887 94869 0 -1.45003 0.372358 1
-8.48657 27.9479 1.33619 2.23796 4.9843 1.71552 150435 0 1.13867 0.366114 0
29.924 34.3315 1.49904 2.15314 5.00079 1.56914 159915 0 1.74613 0.365739 0
-14.5214 7.2401 0.670101 0.819925 1.08991 1.61062 119996 0 -1.0166 0.360619 1
-8.38544 27.7648 1.33878 2.19637 4.87357 1.69813 149967 0 -0.857618 0.35939 0
24.3655 -8.41596 0.563431 0.927883 1.00658 1.87961 97186 0 1.88466 0.358136 1
48.17 28.619 0.973462 2.03297 4.56415 1.60323 151548 0 -1.45644 0.355139 0
-29.2829 27.061 0.488329 1.82237 4.34545 1.48963 148966 0 -1.12006 0.354858 0
48.7882 28.3232 1.03212 2.12455 4.65459 1.67028 151082 0 -1.41129 0.346557 0
52.6514 21.9369 0.909792 2.22559 4.91302 1.72293 141734 0 -1.47902 0.346201 0
19.0218 41.6892 1.78121 2.11847 4.76213 1.71549 170645 0 1.80134 0.345931 0
18.6741 38.5995 1.61211 2.05362 4.66661 1.53793 165964 0 1.87139 0.344136 0
49.1066 31.4874 1.14468 2.02229 4.4703 1.60899 155763 0 -1.44399 0.341396 0
14.9167 24.273 1.44269 2.08069 4.86238 1.54202 144892 0 1.8621 0.339321 0
35.1247 50.6667 1.89442 1.78905 3.86028 1.44943 183799 0 -1.33758 0.335812 0
32.4274 43.2705 1.50515 2.06488 4.72294 1.53497 173027 0 -1.49161 0.335298 0
-47.9389 21.2624 0.390397 1.71825 3.31845 1.42733 140484 0 2.07543 0.333165 0
69.7163 -6.87524 -0.195238 1.75911 3.84493 1.46478 99667 0 -2.91051 0.331676 0
15.4718 19.2963 1.29846 0.874494 0.877239 1.7075 137874 0 -0.222581 0.330698 1
-50.4901 17.0491 0.409736 1.97788 4.55882 1.65468 134392 0 -1.12214 0.330396 0
34.7071 52.2666 1.90924 2.10975 4.65076 1.62988 186138 0 -2.90854 0.330059 0
60.3628 1.82925 0.273946 1.86706 4.15433 1.51264 112274 0 -1.32446 0.327004 0
48.9112 7.61199 0.462266 1.81307 3.89061 1.53767 120662 0 1.80439 0.325909 0
31.2532 40.1416 1.58805 1.99318 4.40023 1.54649 168343 0 -1.40738 0.325664 0
-61.571 32.2434 0.657421 2.07347 4.5636 1.65034 156353 0 1.04457 0.318198 0
15.4635 19.0976 1.26975 0.860263 0.876977 1.71253 137406 0 -0.261723 0.315426 1
51.0065 10.3239 0.228348 2.05794 4.53786 1.53406 124881 0 1.74797 0.315237 0
19.0398 44.9145 1.62572 2.02789 4.53718 1.53153 175325 0 1.80878 0.312241 0
-21.356 30.2399 0.731256 1.98544 4.49437 1.44836 153671 0 -1.26006 0.31162 0
31.5666 39.6087 1.59344 1.95767 4.38665 1.55155 167408 0 -1.30759 0.310584 0
-8.78593 28.0439 1.33805 2.18763 4.93873 1.67526 150434 0 2.01847 0.309661 0
18.6795 66.9319 2.28701 2.10161 4.64256 1.83241 207616 0 -1.27141 0.308377 0
52.9058 21.8728 0.91229 2.25538 4.98137 1.75804 141735 0 3.12002 0.30744 0
59.4672 -1.14078 0.0415697 1.75242 3.61393 1.4189 108059 0 -1.37005 0.306002 0
14.1559 -4.37761 0.63724 0.684929 0.712913 1.51014 103238 0 -2.89361 0.305089 1
39.2214 40.8456 1.58651 1.99672 4.4121 1.6409 169304 0 -1.39256 0.303686 0
-20.9627 31.6236 1.00129 0.736086 0.669602 1.65525 155544 0 -1.16256 0.301551 1
-68.9167 7.70391 0.744516 0.832332 1.83865 1.72247 120762 0 2.42974 0.301468 2
-54.2242 21.6341 0.424024 2.04622 4.47844 1.56214 140932 0 -0.992682 0.299772 0
-45.855 26.7309 0.656369 2.41923 5.90627 2.02595 148446 0 -1.02993 0.299498 0
47.8727 28.3612 1.00086 1.98078 4.42354 1.52908 151079 0 -1.43527 0.296755 0
37.8939 41.1321 1.56042 1.95208 4.41538 1.57235 169768 0 1.70353 0.295619 0
31.8325 40.3919 1.56439 2.04994 4.63289 1.61505 168813 0 -1.44322 0.293931 0
15.2861 19.0866 1.26669 0.861939 0.896834 1.73703 137405 0 -0.22899 0.292976 1
-21.1604 31.8308 1.00893 0.762486 0.710422 1.61852 156011 0 -1.15589 0.292054 1
13.3385 43.1219 1.68793 2.10903 4.55445 1.93831 172499 0 -1.41196 0.291482 0
15.2776 19.3135 1.30382 0.877791 0.886115 1.72176 137873 0 -0.345317 0.289799 1
14.2679 19.3415 1.36467 0.827085 0.84038 1.70375 137870 0 0.219684 0.289758 1
14.8322 49.051 1.82145 2.22493 5.05253 1.92627 181396 0 -1.45124 0.289754 0
17.784 35.3756 1.4625 2.08634 4.66094 1.59628 161281 0 1.76996 0.28831 0
-54.2349 21.8946 0.406878 2.10047 4.66924 1.57212 141400 0 1.06147 0.287504 0
-34.0821 55.5854 1.43962 2.03591 4.71753 1.68599 190603 0 -1.16217 0.286481 0
49.7523 31.1883 1.16264 1.99672 4.39319 1.6036 155297 0 -1.44382 0.285805 0
4.38935 60.4166 1.51694 1.85957 4.32219 1.61977 197743 0 1.71844 0.285167 0
51.6584 13.0111 0.566076 2.09303 4.65081 1.75079 128627 0 1.77103 0.284951 0
46.0383 38.6053 1.15603 0.800166 0.880973 1.7344 166049 0 -2.56038 0.284279 1
-67.0324 20.5447 0.341879 0.835542 1.24134 1.7905 139488 0 -3.00351 0.283778 2
-9.49047 25.3806 0.956174 2.2077 4.82409 1.58997 146688 0 -1.15408 0.28375 0
65.3826 -2.15595 -0.0405086 1.96492 4.39175 1.53138 106674 0 1.76966 0.283687 0
40.025 7.62653 0.585672 0.968817 0.995995 1.81346 120635 0 0.10429 0.282094 1
21.5248 -6.10002 0.520442 0.76124 0.795043 1.58671 100453 0 -2.93915 0.27913 1
-1.34537 39.902 1.08864 2.10719 4.89788 1.51321 167773 0 -1.03345 0.278674 0
-32.8996 19.3311 0.38127 1.81972 4.04973 1.59461 137723 0 -1.10478 0.278384 0
48.4848 31.8305 1.09932 2.03213 4.64966 1.64061 156229 0 -1.54988 0.278061 0
64.8148 19.0316 0.389239 1.95201 4.36731 1.50775 137560 0 -1.43706 0.276924 0
59.7135 2.09734 0.242211 1.96093 4.41584 1.53389 112740 0 -1.33711 0.276664 0
21.9363 57.774 1.96407 1.95605 4.29681 1.60433 194054 0 -2.9623 0.276484 0
65.8279 0.222397 -0.164008 1.84228 3.95899 1.44961 109951 0 1.81132 0.270826 0
16.1565 59.0593 2.03908 1.98162 4.33039 1.7189 195908 0 -2.79701 0.268585 0
8.0724 68.6904 1.66145 1.85236 4.09085 1.48684 209923 0 -1.44854 0.268144 0
22.5547 56.7846 1.89607 1.94371 4.30628 1.53172 192652 0 -1.77295 0.267878 0
-22.8322 64.2474 1.73266 2.09809 4.79051 1.70625 203274 0 -1.12111 0.266725 0
-52.2809 17.7523 0.355382 1.98729 4.4324 1.59584 135322 0 2.07724 0.266099 0
36.3233 53.2895 1.90466 2.04675 4.61591 1.66943 187547 0 -1.29815 0.265777 0
17.1077 32.8041 1.51568 2.12771 4.83033 1.62411 157535 0 1.74092 0.265331 0
-18.0502 34.8207 0.878815 2.01413 4.59053 1.45587 160233 0 1.30258 0.265112 0
-28.6243 58.4233 1.81323 2.11253 4.77157 1.77834 194832 0 2.00107 0.265019 0
19.3198 41.1843 1.77011 2.01241 4.57363 1.72762 169710 0 1.81623 0.261918 0
-20.9445 32.0558 0.956629 0.743587 0.829144 1.66809 156480 0 -1.37312 0.261259 1
25.0123 -8.34991 0.470293 0.866027 0.92576 1.73903 97188 0 1.86953 0.260846 1
17.8216 66.7878 2.21812 1.95467 4.57112 1.60375 207145 0 -1.15312 0.260553 0
50.7061 13.0703 0.574683 1.94808 4.45144 1.65326 128624 0 1.82099 0.259333 0
-26.2718 15.0603 0.388102 0.902193 0.976389 1.76302 131659 0 -0.26622 0.259164 1
6.57148 65.8346 1.68055 2.14692 4.86612 1.77953 205706 0 1.62355 0.258497 0
66.3873 0.712791 -0.0852097 2.11741 4.70942 1.58572 110889 0 1.75371 0.258063 0
12.4158 39.9268 1.54396 1.87872 4.14001 1.65924 167816 0 -1.3065 0.2556 0
-20.7738 31.8325 0.950621 0.687097 0.663207 1.62779 156013 0 -1.37011 0.25542 1
50.0597 30.915 1.14024 2.02764 4.47328 1.62278 154830 0 -1.38243 0.254774 0
14.2894 49.0808 1.73736 1.92615 4.24642 1.69201 181394 0 -1.4504 0.252919 0
15.8618 59.3331 2.04157 2.07323 4.57714 1.74192 196375 0 -2.9888 0.25229 0
7.5549 69.1822 1.66171 2.15631 5.04279 1.67836 210857 0 1.70114 0.252074 0
-53.9718 21.8815 0.399106 1.99503 4.30527 1.53505 141401 0 -0.642865 0.251814 0
8.42921 71.5709 2.16955 1.99162 4.34344 1.80662 214136 0 1.6364 0.251739 0
26.7161 21.6352 1.03061 1.88927 4.22622 1.50655 141185 0 -1.43409 0.251615 0
24.8623 -8.3618 0.489201 0.832963 0.912542 1.75272 97187 0 1.89372 0.251085 1
13.6575 17.8265 1.32031 0.891747 0.942751 1.71467 135528 0 1.13591 0.250029 1
-10.4445 25.9607 0.963886 2.12757 4.61662 1.55662 147621 0 -1.16589 0.249327 0
19.647 44.6322 1.67509 2.06314 4.64184 1.56879 174859 0 1.82729 0.24881 0
-5.96065 -14.0382 0.53619 0.795318 1.10885 1.23021 89135 0 1.52794 0.247916 1
51.6346 10.1176 0.246448 2.05489 4.56876 1.51278 124415 0 1.76635 0.247469 0
24.1445 -6.58569 0.487193 0.815982 0.887656 1.67677 99993 0 1.38613 0.247407 1
66.6652 0.20639 -0.0498589 2.14972 4.93137 1.59224 109954 0 1.7819 0.247323 0
26.6203 18.9644 0.964674 2.08056 4.74368 1.6251 137441 0 -1.44484 0.246359 0
19.3654 63.2073 2.07946 2.08319 4.71457 1.76889 202002 0 -1.27686 0.245313 0
18.0601 35.6625 1.38323 2.14717 4.89086 1.64726 161750 0 1.77082 0.245055 0
18.3726 39.1057 1.64413 2.02838 4.46765 1.55748 166899 0 1.75566 0.244463 0
64.8757 -2.65124 -0.0449547 1.71695 3.82067 1.45574 105736 0 1.8415 0.244004 0
37.9062 35.6551 1.53922 2.02524 4.44052 1.53486 161812 0 1.73206 0.242018 0
6.4672 63.2586 1.72422 1.92111 4.27608 1.71989 201962 0 1.68587 0.24181 0
16.7809 58.7138 2.08883 2.04822 4.51774 1.75497 195442 0 -2.22207 0.240943 0
-48.1525 35.3582 0.67492 2.05358 4.50184 1.59969 161075 0 -1.05982 0.240855 0
-17.8432 34.9813 0.877904 2.11797 4.99012 1.47714 160702 0 2.19636 0.240805 0
-20.9309 32.8293 0.86827 2.14544 4.8883 1.6486 157416 0 -1.11291 0.239782 0
54.9846 9.95895 0.440733 0.904857 1.41207 1.83661 124425 0 -1.88135 0.239708 1
-29.8694 27.0769 0.490716 1.95262 4.50385 1.56686 148964 0 -1.1161 0.237519 0
-28.3618 58.6896 1.72815 2.05034 4.60404 1.72686 195301 0 2.06422 0.237424 0
34.7408 28.0277 1.05949 2.01056 4.55026 1.52073 150570 0 1.79924 0.236913 0
20.285 47.7377 1.61187 2.08253 4.63469 1.52396 179541 0 1.72374 0.236253 0
-17.7899 34.7826 0.853368 2.04243 4.69885 1.44983 160234 0 -1.42444 0.236063 0
-68.8595 7.33947 0.728505 0.854989 1.72494 1.62574 119826 0 2.08698 0.235852 2
19.3774 44.3635 1.60568 2.02509 4.54317 1.54126 174390 0 1.83127 0.235625 0
44.8539 11.9575 0.374684 2.09071 4.88554 1.55022 127202 0 -1.31842 0.235593 0
-51.6515 13.2858 0.917249 0.75543 0.788317 1.68633 128772 0 -1.22322 0.235204 1
-34.6426 45.3085 1.07215 2.36579 5.68717 1.88791 175625 0 -1.09115 0.234968 0
16.8027 58.4247 2.08736 1.98669 4.36978 1.73456 194974 0 -1.96379 0.234749 0
26.4107 21.8895 0.977667 1.84804 4.20536 1.46925 141652 0 -1.42657 0.234138 0
-34.6974 55.8682 1.42866 1.90595 4.34269 1.6092 191069 0 1.79203 0.233155 0
-1.54787 37.2455 1.19232 1.81331 3.96085 1.48416 164029 0 -0.971825 0.231345 0
48.4819 28.0686 1.07188 2.06588 4.50694 1.62238 150613 0 -1.4225 0.231007 0
-15.5142 39.9386 0.931262 1.94591 4.33369 1.439 167729 0 2.08213 0.230509 0
7.61876 19.7987 1.11407 1.77106 4.12063 1.47891 138317 0 -1.39376 0.229203 0
22.5476 57.0935 1.94673 1.97855 4.41123 1.55797 193120 0 -2.00687 0.229113 0
60.6998 1.535 0.245661 1.88711 4.16844 1.57871 111807 0 -1.31344 0.228664 0
15.8473 58.7369 2.02214 1.99919 4.36335 1.77061 195439 0 -2.91243 0.227168 0
-44.7458 26.3422 0.727561 1.87384 4.00908 1.71086 147982 0 -1.04994 0.226838 0
6.97974 17.2206 1.06448 1.60797 3.81816 1.41878 134571 0 -1.3144 0.226362 0
-6.9335 -14.8288 0.663311 0.862687 0.81196 1.6376 87728 0 -3.04682 0.22501 1
20.5903 47.2539 1.57848 1.96605 4.36152 1.50982 178606 0 1.81011 0.224815 0
14.3071 48.5214 1.72792 1.92347 4.20668 1.70536 180458 0 -1.36686 0.224035 0
-61.6399 33.0092 0.756201 2.18884 5.21246 1.86439 157757 0 -0.875113 0.223907 0
26.1016 21.6309 0.994214 1.81996 4.12207 1.47624 141183 0 -1.41946 0.221886 0
24.4463 -8.21806 0.548308 0.844379 0.922187 1.83162 97654 0 1.84908 0.22182 1
65.785 0.716476 -0.134045 1.99604 4.23435 1.48571 110887 0 1.79264 0.221752 0
-54.4953 21.9048 0.404503 2.19304 4.96967 1.62002 141399 0 1.83067 0.220904 0
48.1771 32.1493 1.11038 2.02888 4.59349 1.63009 156696 0 -1.62754 0.220652 0
65.1192 24.7191 0.555964 2.00208 4.55937 1.55806 145985 0 1.55834 0.220298 0
61.2352 1.99662 0.245728 1.93288 4.36835 1.63739 112745 0 -1.3457 0.220288 0
66.4128 24.7567 0.760439 2.00453 4.43548 1.57544 145989 0 -1.56793 0.219781 0
-26.0448 34.0914 0.714491 1.90408 4.53583 1.44197 159272 0 -1.092 0.219247 0
47.8548 28.8984 0.981916 2.01696 4.59019 1.59856 152015 0 -1.59402 0.219086 0
23.2832 -5.77638 0.537177 0.999668 0.990458 1.68177 100926 0 0.578915 0.219011 1
19.7215 47.3058 1.58045 1.79434 3.94194 1.43809 178603 0 1.82116 0.218845 0
-50.9594 16.9122 0.416123 2.28009 5.19001 1.75203 133922 0 1.52043 0.218654 0
-19.0297 35.5876 0.895859 2.04531 4.6676 1.53779 161634 0 2.08403 0.217421 0
65.6972 -2.72345 -0.0602618 1.99005 4.54093 1.52449 105739 0 1.8241 0.217286 0
7.10774 66.1393 1.68274 1.9866 4.36327 1.6451 206176 0 -1.30503 0.216944 0
65.4424 -2.94633 -0.03829 1.96196 4.36718 1.53455 105270 0 1.82371 0.216477 0
-13.8381 45.6985 1.47262 2.16764 5.06533 1.79116 176158 0 1.99042 0.216274 0
33.1166 -10.7168 0.235016 0.827492 0.844154 1.59711 93937 0 -1.28722 0.215673 1
18.9671 66.4747 2.24442 2.24363 5.32059 1.97088 206681 0 -1.20345 0.215666 0
66.0842 24.5348 0.688564 1.938 4.35153 1.55157 145520 0 -1.45247 0.214247 0
22.2288 57.4671 1.92416 1.94424 4.2561 1.57221 193587 0 -2.58025 0.21409 0
18.7626 44.6997 1.49763 1.99508 4.56495 1.52048 174856 0 1.79765 0.213854 0
17.126 57.7645 2.09854 2.09095 4.64263 1.78795 194039 0 -1.41671 0.213574 0
-12.3059 45.2815 1.32607 2.06064 4.65775 1.70662 175695 0 -1.03493 0.213265 0
53.8993 21.6154 0.881341 2.01403 4.61839 1.79746 141270 0 -1.09666 0.212792 0
-13.0425 45.8377 1.44501 2.04486 4.51951 1.71365 176629 0 2.01485 0.212616 0
22.8418 56.4984 1.90388 2.01887 4.54708 1.58612 192185 0 -1.56602 0.211852 0
53.6162 21.6379 0.875977 1.92832 4.31503 1.73546 141269 0 1.42988 0.211226 0
46.1894 38.7671 1.17756 0.779833 1.28542 1.76801 166518 0 -2.70502 0.211142 1
70.1954 -6.03497 -0.066547 2.33658 5.44803 1.83494 101073 0 0.228513 0.211093 0
-34.056 44.7458 1.0232 2.11007 4.6533 1.60091 174691 0 -1.18195 0.210167 0
48.5194 30.9448 1.07878 1.97746 4.45703 1.59164 154825 0 -1.45174 0.209874 0
-45.3386 26.9345 0.709124 2.33225 5.40269 1.90988 148916 0 -0.99563 0.209358 0
49.097 28.5808 0.989452 2.12868 4.66284 1.69336 151551 0 -1.44316 0.209191 0
52.9719 21.6988 0.893791 2.02307 4.56571 1.71223 141267 0 -2.72626 0.208445 0
-35.0453 56.1386 1.41014 2.03317 4.60652 1.66901 191536 0 2.05479 0.208009 0
31.6393 -10.2158 0.25554 0.794022 0.839372 1.61727 94868 0 -1.37949 0.207471 1
64.5673 -5.5185 0.11958 1.77462 4.19307 1.61816 101523 0 1.81193 0.207354 0
27.03 21.9081 1.06481 1.93583 4.39084 1.55173 141654 0 -1.41035 0.207312 0
35.7014 53.5966 1.78002 1.95735 4.3857 1.55508 188013 0 -1.29115 0.20665 0
44.0853 11.809 0.412498 1.62954 3.53517 1.38509 126731 0 -1.29482 0.206163 0
-54.4837 21.632 0.415538 2.14579 4.83302 1.60785 140931 0 1.43224 0.20589 0
-54.2406 22.1765 0.406018 2.14651 4.83428 1.59039 141868 0 2.02856 0.204881 0
13.0129 43.6011 1.70333 2.18246 4.7473 1.93204 173434 0 -1.39672 0.204684 0
-70.542 7.27393 0.522433 0.749632 0.758477 1.42448 119821 0 1.91456 0.204119 1
24.8458 -7.96214 0.496131 0.854035 0.947411 1.74963 98123 0 1.80195 0.203613 1
-47.867 35.6722 0.673772 1.99485 4.34382 1.58868 161544 0 -1.07289 0.203583 0
34.9359 52.3246 1.90539 2.26704 5.06472 1.6991 186139 0 -2.35148 0.203295 0
65.4896 0.498802 -0.183472 1.92248 4.25049 1.48427 110418 0 1.82253 0.202416 0
65.4279 24.5507 0.586057 2.01558 4.58096 1.59027 145518 0 0.0412178 0.202362 0
48.2654 4.40779 0.466855 1.97019 4.42468 1.63074 115980 0 1.80758 0.202361 0
13.8127 17.8117 1.30237 0.88565 0.921669 1.71933 135529 0 1.06888 0.200965 1
-9.7403 24.892 0.90527 2.11412 4.72882 1.5919 145751 0 -1.11483 0.200933 0
35.0196 28.2764 1.24507 2.07649 4.63856 1.54845 151039 0 1.78896 0.200335 0
37.6055 35.4508 1.47891 2.0099 4.4615 1.49963 161343 0 1.74916 0.200031 0
49.4941 10.6318 0.270441 2.06402 4.64007 1.61789 125344 0 1.76992 0.199634 0
48.4774 32.4342 1.20914 2.04569 4.60786 1.6277 157165 0 -1.61565 0.199391 0
48.2003 31.5229 1.08053 2.04094 4.63723 1.62299 155760 0 -1.52867 0.199038 0
28.7022 28.5663 1.15925 2.0389 4.702 1.46951 151487 0 -1.43429 0.198425 0
64.522 18.7736 0.357234 1.85556 4.13626 1.4881 137091 0 -1.39681 0.197362 0
49.4085 28.0564 1.0816 2.13345 4.70426 1.70869 150616 0 -1.36828 0.196326 0
-14.5293 7.38568 0.603593 0.818538 1.18311 1.62957 120464 0 -1.0731 0.196095 1
12.6905 39.6229 1.5163 2.04388 4.63453 1.70669 167349 0 -1.24681 0.195762 0
19.6881 44.0366 1.70649 2.03896 4.57118 1.55879 173923 0 1.85607 0.194885 0
-17.1025 37.7024 1.15201 1.81815 3.98249 1.43521 164448 0 2.0882 0.194401 0
14.4736 19.3451 1.36507 0.838978 0.854232 1.73033 137871 0 -0.0825865 0.194386 1
-28.9577 27.3252 0.517786 1.55128 3.43445 1.46991 149435 0 -1.20329 0.194338 0
53.2916 21.6683 0.892447 1.92983 4.31225 1.70625 141268 0 1.70681 0.194056 0
15.5476 59.0592 2.01126 2.05278 4.4672 1.76587 195906 0 3.06874 0.193347 0
32.121 -10.3434 0.179643 0.763279 0.835341 1.47683 94402 0 -1.49791 0.192968 1
55.2161 10.3092 0.34835 0.793683 1.8235 1.81273 124894 0 -2.46263 0.192929 2
16.8182 58.099 2.07266 1.97262 4.30086 1.74704 194506 0 -1.74249 0.192502 0
18.7417 63.2416 2.05957 2.1342 4.83006 1.80626 202000 0 -1.20749 0.192444 0
19.0627 62.6111 2.0737 0.930985 1.07004 1.76666 201065 0 -0.797642 0.19239 1
50.0486 31.4648 1.15069 2.01323 4.41053 1.62336 155766 0 -1.48308 0.191535 0
65.7435 24.7312 0.640293 2.04543 4.65802 1.56565 145987 0 -1.17105 0.191335 0
-17.2233 38.1239 1.168 2.03109 4.37016 1.47855 165384 0 2.07376 0.191309 0
-2.32985 37.0696 1.32838 2.16848 4.90853 1.65774 163558 0 -1.08536 0.191086 0
-53.6466 21.5869 0.372205 1.96641 4.20659 1.49447 140934 0 -0.997826 0.190837 0
-68.7386 7.70528 0.729547 0.873725 1.87601 1.73892 120763 0 2.50269 0.189993 2
18.0531 68.8986 2.53558 2.38134 5.52625 2.09687 210422 0 -2.81507 0.189864 0
35.0439 27.7168 1.08296 2.04461 4.6231 1.54909 150103 0 1.79777 0.189275 0
38.5935 40.8796 1.62724 1.99567 4.43671 1.62151 169302 0 -1.28559 0.18798 0
31.7891 -10.6104 0.246242 0.8632 0.915438 1.63735 93933 0 -1.40209 0.187791 1
68.6445 9.43369 0.242119 1.9526 4.36619 1.57243 123532 0 1.36994 0.18768 0
-54.2244 21.3644 0.417837 2.01752 4.35909 1.54358 140464 0 -1.28428 0.187356 0
33.4044 20.9079 1.09301 2.10738 4.54886 1.70883 140270 0 1.7407 0.187164 0
24.0772 67.3911 2.71324 2.11874 4.6818 1.8365 208101 0 -2.93996 0.18713 0
23.4259 -5.7765 0.513343 0.946383 0.987129 1.66526 100927 0 0.586181 0.186952 1
65.4124 -24.4385 2.18759 3.06026 15.5291 4.39072 73914 0 1.80414 0.185232 0
68.6357 8.47501 0.173626 1.88787 4.21187 1.52525 122128 0 1.62496 0.185123 0
29.9839 37.2705 1.66635 2.06504 4.68459 1.59841 164127 0 -1.41926 0.184961 0
7.8364 68.4265 1.6324 2.00097 4.49582 1.54997 209454 0 -1.51266 0.184872 0
48.8379 16.2041 0.891057 0.782988 0.751324 1.75075 133298 0 1.85458 0.184423 1
69.8172 -7.09571 -0.191901 1.84904 3.81046 1.51616 99200 0 2.78257 0.184294 0
-26.6972 58.0109 1.63878 0.758044 0.788885 1.73692 194370 0 1.38632 0.184179 1
26.7366 22.231 1.02011 1.89948 4.32836 1.52121 142121 0 -1.38048 0.183795 0
14.5864 48.2362 1.77944 2.04739 4.52713 1.79793 179991 0 -1.3456 0.183403 0
14.1701 -4.50892 0.628561 0.754947 0.789743 1.56332 102770 0 -2.41514 0.183228 1
21.6481 58.0504 1.98345 2.00061 4.47958 1.65368 194521 0 -3.07631 0.183127 0
55.4044 10.0754 0.350569 0.830905 1.82486 1.81834 124427 0 -2.12108 0.181966 2
46.8704 40.4684 1.70047 1.98829 4.45206 1.56596 168860 0 0.289299 0.181459 0
-28.0372 58.1144 1.67145 1.94041 4.24183 1.6235 194366 0 1.99753 0.180628 0
54.2163 -15.9015 0.781808 3.13051 10.1135 3.94012 86515 0 1.68473 0.180296 0
35.6816 27.9903 1.35704 2.07763 4.60665 1.57446 150573 0 1.77149 0.180052 0
15.1157 48.5263 1.8092 2.3381 5.48289 2.0165 180461 0 -1.37913 0.179983 0
-14.2458 18.3924 0.814872 2.07687 4.43886 1.76911 136377 0 1.98048 0.179363 0
16.1544 58.424 2.06105 1.90827 4.12457 1.71674 194972 0 -2.48834 0.178797 0
15.8188 57.7672 1.94348 2.17722 4.6194 1.78744 194035 0 -0.23661 0.178785 0
68.3157 9.42625 0.213874 1.96197 4.39189 1.57456 123531 0 1.6274 0.178734 0
-13.9164 18.3167 0.797964 2.33091 5.23831 1.85738 136378 0 -1.43736 0.178353 0
-21.9935 30.76 0.777981 2.02093 4.76709 1.47066 154605 0 -2.16235 0.17805 0
21.3979 -6.10287 0.503509 0.745395 0.784025 1.58325 100452 0 3.09001 0.178013 1
-12.6912 45.553 1.41826 2.13742 4.78757 1.70526 176162 0 1.75592 0.177768 0
17.3994 33.0749 1.56111 2.18237 4.92143 1.65981 158004 0 1.70608 0.177678 0
30.6075 36.7465 1.67405 1.81772 4.01897 1.54709 163193 0 -1.33504 0.177536 0
36.0453 53.0352 1.84526 2.0025 4.49182 1.63844 187078 0 -1.24592 0.177388 0
13.9625 48.8035 1.71096 1.93973 4.2123 1.66735 180925 0 -1.31825 0.177129 0
5.9491 62.9947 1.66869 2.01996 4.59885 1.80297 201492 0 1.66545 0.17696 0
66.3994 -0.0673828 -0.0864871 2.01427 4.50861 1.52912 109485 0 1.78646 0.176887 0
-68.9509 21.2695 0.574017 2.05366 4.61644 1.68738 140418 0 1.9019 0.176857 0
-31.977 21.6219 0.438143 1.69271 3.65087 1.51675 141002 0 -1.02938 0.17681 0
21.9175 56.7857 1.83427 1.98833 4.4539 1.53844 192650 0 -2.19775 0.176669 0
49.7095 28.3154 1.06475 2.16746 4.81462 1.71672 151085 0 -1.39229 0.176219 0
19.5993 41.4271 1.81881 2.134 4.82757 1.74482 170179 0 1.78836 0.175984 0
-22.7782 30.6353 0.738053 1.95154 4.6937 1.47024 154134 0 2.03716 0.175492 0
-31.7428 24.815 0.477136 2.21874 5.2236 1.79519 145682 0 -1.08913 0.175276 0
19.9716 44.3237 1.7197 2.04734 4.5959 1.58257 174392 0 1.84391 0.175255 0
49.0915 32.1318 1.18469 2.04404 4.59132 1.60748 156699 0 -1.66339 0.175233 0
36.0047 27.7004 1.31398 2.08845 4.62432 1.6206 150106 0 1.7559 0.174713 0
16.8365 32.5466 1.55188 2.0347 4.60677 1.61459 157066 0 1.76224 0.174334 0
15.5079 57.7421 1.93944 2.31219 4.20073 1.84407 194034 0 0.429981 0.174065 0
49.4131 31.7991 1.15404 2.01582 4.47387 1.60657 156232 0 -1.57183 0.173881 0
15.2779 27.579 1.32464 1.94441 4.27178 1.42556 150041 0 1.74953 0.173823 0
-47.19 34.0896 0.524882 2.0501 4.47344 1.57536 159206 0 -1.05743 0.173591 0
-61.0623 32.4888 0.664605 1.79872 3.79902 1.54658 156823 0 -0.95128 0.173065 0
31.9252 42.5034 1.46053 1.81634 4.06342 1.42613 171621 0 -1.3265 0.1728 0
-45.5322 26.1835 0.681701 2.34484 5.40851 1.9559 147511 0 -1.08928 0.172577 0
18.1409 41.7234 1.58552 2.00873 4.51971 1.57135 170642 0 1.81448 0.170506 0
19.0675 62.8865 2.0716 1.94444 3.53999 1.74863 201533 0 -1.19421 0.17031 0
-30.6417 24.7085 0.470493 1.92921 4.39433 1.68349 145686 0 -1.13292 0.170206 0
65.3833 18.7551 0.418547 2.10133 4.79956 1.59125 137094 0 -1.39368 0.170066 0
-26.3724 34.3676 0.758713 1.95177 4.50504 1.4667 159739 0 -1.32912 0.169896 0
-12.8604 20.6836 0.921054 2.20736 5.09567 1.73983 139657 0 -1.13152 0.169449 0
31.4262 37.1998 1.6622 2.26368 5.34033 1.76702 164132 0 -1.39441 0.169318 0
-28.6658 27.0688 0.50243 1.46631 3.455 1.44871 148968 0 -1.16946 0.169306 0
-48.1665 34.7563 0.645368 2.0189 4.41315 1.57947 160139 0 -1.07513 0.168844 0
65.0872 19.2921 0.482737 2.02318 4.54433 1.54876 138029 0 -1.5116 0.168834 0
68.0006 9.13009 0.119818 1.99567 4.37461 1.58024 123062 0 1.64681 0.168641 0
38.2245 40.8832 1.59364 2.05023 4.66632 1.6045 169301 0 1.55132 0.168503 0
17.4883 35.9674 1.42366 2.02508 4.46058 1.57009 162216 0 1.77381 0.168058 0
18.4794 41.2163 1.70346 2.06351 4.63336 1.67211 169707 0 1.81597 0.168056 0
-25.7974 34.3368 0.716971 1.98193 4.60814 1.47521 159741 0 -1.12663 0.167941 0
23.268 -5.41095 0.517889 0.947861 0.988004 1.62754 101862 0 0.406927 0.167736 1
68.3163 8.78429 0.129982 1.9114 4.2782 1.5431 122595 0 1.64881 0.166951 0
-28.893 58.113 1.86882 2.21552 5.09608 1.8637 194363 0 1.91901 0.166528 0
27.0353 22.5577 1.07643 1.8898 4.28899 1.53667 142590 0 -1.35941 0.166516 0
38.2018 41.3568 1.59264 2.03541 4.60699 1.60531 170237 0 2.08653 0.166065 0
-7.77244 -15.1627 0.895545 0.844146 0.807437 1.7506 87257 0 -2.87884 0.165922 1
27.349 22.2284 1.10425 1.93675 4.38535 1.57545 142123 0 -1.38687 0.165837 0
36.2106 50.6633 1.92027 2.3342 5.63283 1.82028 183803 0 -1.29904 0.165655 0
17.3803 58.0595 2.1126 2.27084 5.15449 1.90866 194508 0 -1.56894 0.165471 0
16.8218 57.4465 2.04741 1.96673 4.32968 1.70831 193570 0 -1.22077 0.165468 0
17.037 30.136 1.62787 2.47921 5.87523 1.94091 153791 0 1.74499 0.165262 0
-33.5146 55.5228 1.48993 2.26638 5.31146 1.89138 190605 0 -1.22763 0.165202 0
-67.3242 21.9298 0.498188 1.97923 4.38296 1.64946 141359 0 0.296383 0.165062 0
46.0132 38.7755 1.17099 0.79146 1.3515 1.77992 166517 0 -2.83222 0.16473 2
-26.7046 57.8271 1.61654 0.705082 0.859226 1.69613 193902 0 1.01764 0.164662 1
17.7125 32.5138 1.56327 2.13309 4.66254 1.63158 157069 0 1.74237 0.164538 0
18.7219 42.02 1.69557 2.01965 4.51263 1.62688 171112 0 1.81606 0.164527 0
33.7325 20.8802 1.06732 2.162 4.71319 1.75937 140271 0 1.40517 0.164217 0
9.83486 31.3026 1.50225 2.01139 4.66418 1.77539 155172 0 1.70509 0.163977 0
27.3362 21.6199 1.09313 1.95797 4.38782 1.58627 141187 0 -1.40652 0.16393 0
15.5545 58.4018 2.00205 2.23812 5.16237 1.90287 194970 0 2.94914 0.163905 0
24.1548 -8.72167 0.516019 0.861095 0.907528 1.70576 96717 0 1.94826 0.163356 1
-4.35233 32.1548 1.17056 2.09653 4.74981 1.48941 156532 0 -1.09486 0.162616 0
14.1581 43.5854 1.67615 2.3195 5.40101 1.98117 173438 0 -1.43624 0.162214 0
63.8468 20.6315 0.57525 2.00869 4.53172 1.56111 139897 0 -2.99967 0.161843 0
5.998 66.1229 1.70219 2.16915 5.09548 1.82282 206172 0 1.68587 0.1618 0
-68.4542 7.25784 0.72909 0.849201 1.75144 1.71356 119828 0 2.43244 0.1616 2
36.5872 53.5591 1.94855 2.12539 4.8223 1.74687 188016 0 -1.34305 0.161162 0
32.7878 18.0655 1.04998 2.11274 4.63237 1.73963 136056 0 1.65631 0.16109 0
18.4219 63.243 2.06363 2.12768 4.83453 1.8341 201999 0 1.58409 0.16078 0
30.8722 37.4725 1.71494 2.06202 4.51622 1.64135 164598 0 -1.43314 0.160543 0
34.9963 52.5971 1.89728 2.31958 5.39851 1.74812 186607 0 -0.932933 0.160424 0
17.4774 35.071 1.52157 2.08575 4.65799 1.57796 160812 0 1.77376 0.159614 0
18.3984 63.4942 2.04376 2.15449 4.91044 1.87456 202467 0 -0.543833 0.159265 0
-22.2428 33.4905 1.08709 2.0752 4.68446 1.71492 158348 0 2.06298 0.158956 0
47.2604 28.6566 0.99114 2.00167 4.57974 1.56141 151545 0 1.59616 0.158269 0
14.2519 19.595 1.38328 0.854839 0.886473 1.70596 138338 0 -0.436118 0.157821 1
-6.92197 -14.6492 0.619818 0.861474 0.854818 1.5983 88196 0 -2.8854 0.157733 1
37.6228 40.8862 1.56283 1.87903 4.18207 1.55944 169299 0 1.64419 0.157615 0
18.3134 68.3636 2.43506 2.21379 4.9299 1.90233 209487 0 -2.73498 0.157324 0
14.5401 49.373 1.76521 2.11548 4.75602 1.8106 181863 0 -1.59375 0.157232 0
-8.83789 -14.6574 0.881747 0.762802 0.744853 1.7554 88190 0 -2.14243 0.156917 1
19.9659 62.9271 2.11674 2.06705 4.57257 1.72735 201536 0 -1.26614 0.156544 0
31.9195 43.2537 1.49703 1.81755 3.99551 1.44212 173025 0 -1.44731 0.156511 0
24.1477 67.9612 2.76741 2.47098 5.80569 2.12458 209037 0 -2.98917 0.156431 0
15.2467 57.4968 1.96627 1.10793 1.31029 1.84636 193565 0 0.299457 0.155549 1
36.9287 32.5875 1.41253 2.2663 5.09238 1.55531 157129 0 1.76231 0.15542 0
69.9195 9.11991 0.303508 1.98569 4.37212 1.61912 123068 0 -1.54616 0.155364 0
-2.10873 37.8058 1.23652 2.06832 4.85837 1.57954 164963 0 -0.958643 0.154942 0
-28.9151 58.9864 1.85176 2.39284 5.78052 2.03041 195767 0 2.0688 0.154523 0
25.7932 21.9044 0.960726 1.81136 4.14307 1.45341 141650 0 -1.39095 0.15449 0
-16.3722 40.5111 0.934766 1.96835 4.5252 1.4833 168662 0 2.07557 0.154289 0
-9.69166 -14.5319 0.972796 0.797333 0.787074 1.71751 88187 0 -2.58715 0.15419 1
65.1121 18.4489 0.396527 2.01267 4.60187 1.5505 136625 0 -1.36786 0.152511 0
-8.41303 -14.8612 0.845589 0.792082 0.756506 1.72559 87723 0 -2.2707 0.152408 1
36.898 33.0004 1.48501 2.42031 5.37532 1.61164 158065 0 1.73496 0.152224 0
-14.3801 7.23347 0.612024 0.808959 1.02425 1.61932 119997 0 -1.10834 0.152135 1
68.9345 10.7418 0.470655 2.04575 4.51805 1.58405 125405 0 -1.52361 0.151757 0
-69.1512 7.53964 0.715716 0.800105 1.83793 1.69111 120293 0 3.09341 0.151667 2
