-8.0777 10.1037 0.895707 2.03592 4.59626 1.56872 124228 0 1.79793 0.92659 0
-27.7465 -6.35032 -0.160207 2.23566 4.88489 1.93287 100299 0 0.186335 0.915085 0
6.241 14.3237 1.03595 1.97582 4.72546 1.46175 130357 0 -1.37744 0.914839 0
11.9225 16.134 1.32138 2.12319 4.89728 1.82717 133183 0 1.75852 0.909787 0
-4.93211 34.6159 1.36014 2.2768 5.37881 1.85782 160274 0 -1.04165 0.903788 0
-37.6886 11.363 0.360817 2.10031 4.67269 1.78782 126008 0 -1.11363 0.897297 0
-5.36237 21.6065 1.19319 2.17008 4.95285 1.90891 141085 0 1.88127 0.897257 0
42.729 6.22223 0.516075 1.98705 4.55522 1.56727 118771 0 1.78958 0.894562 0
-31.2032 11.6685 0.24234 1.86099 4.05813 1.45935 126496 0 2.01821 0.889302 0
9.99681 10.3136 1.22314 2.07241 4.90942 1.88429 124753 0 1.80279 0.887616 0
-6.94933 13.5024 1.03642 2.11589 4.62013 1.83892 129380 0 1.83999 0.88751 0
-35.928 -4.93358 -0.213108 2.1626 4.86812 1.69073 102145 0 0.179453 0.887338 0
59.0302 -2.99787 0.303735 2.16956 4.84834 1.80852 105250 0 -1.36172 0.887111 0
-18.1794 10.3889 0.299362 2.05556 4.63544 1.46636 124665 0 -1.1309 0.886561 0
8.52451 25.8606 1.45916 2.09541 4.93929 1.83751 147212 0 -1.42851 0.880127 0
6.3096 17.4161 1.09897 1.90831 4.54409 1.4324 135037 0 -1.34426 0.877107 0
22.6063 9.96638 1.02679 2.20776 5.0426 1.82876 124324 0 -1.42065 0.877042 0
22.9259 13.0046 1.04462 2.06135 4.5669 1.82236 128537 0 -1.33 0.876521 0
-15.9178 15.5029 0.470011 1.97222 4.38062 1.44823 132160 0 -1.13452 0.876512 0
5.08463 11.3474 0.965277 1.97658 4.56354 1.46786 126141 0 -1.31525 0.875132 0
-42.4582 2.28411 -0.050774 2.02803 4.59355 1.53356 112889 0 -1.32297 0.872938 0
59.318 -0.220695 0.261157 2.07017 4.76987 1.57178 109463 0 -1.36726 0.867359 0
-5.9091 15.8467 1.06173 2.15241 4.94351 1.83881 132659 0 1.90652 0.866718 0
42.0299 3.41067 0.598127 1.99057 4.47119 1.73068 114557 0 -1.28656 0.865139 0
2.94356 57.6976 1.46165 2.08427 4.90001 1.55406 193995 0 1.79062 0.862398 0
-25.217 24.7348 0.572668 1.94326 4.37983 1.49233 145703 0 1.98267 0.845589 0
13.0261 21.8431 1.46282 2.01448 4.54549 1.66751 141610 0 -1.38112 0.843582 0
6.82259 20.0977 1.19412 1.97684 4.87353 1.49487 138783 0 -1.43952 0.840631 0
30.8743 11.2952 0.846162 2.15009 4.79703 1.81041 126222 0 1.74639 0.839233 0
-4.30537 24.7548 1.04446 2.04485 4.6923 1.52343 145768 0 1.84494 0.837422 0
52.6633 -14.8127 0.860016 2.98276 7.66799 3.24033 87914 0 1.79727 0.837166 0
47.1912 2.18031 0.46933 1.93244 4.46953 1.53546 112701 0 1.80971 0.836762 0
-64.4466 7.09643 0.14763 2.14958 4.7355 1.64168 119840 0 -1.35621 0.835007 0
-33.398 -5.68748 -0.260531 1.96336 4.28253 1.59017 101217 0 0.198523 0.834365 0
7.83563 22.8465 1.20526 1.95413 4.55424 1.44251 142998 0 1.709 0.833332 0
29.9848 7.72492 0.64608 2.04153 4.58283 1.51533 121071 0 1.7899 0.829036 0
30.8454 18.7767 1.11034 2.11271 4.79152 1.79853 136986 0 1.78737 0.828166 0
-16.7242 12.7602 0.368729 1.91643 4.27495 1.46973 127945 0 -1.16709 0.827166 0
-57.4088 15.2153 0.20625 1.99305 4.41219 1.64096 131562 0 1.99578 0.818724 0
-27.302 19.9129 0.482178 1.96537 4.35181 1.51342 138676 0 2.03838 0.816591 0
-28.717 17.3967 0.353211 1.89986 4.21731 1.48078 134928 0 2.07999 0.814856 0
-5.63354 18.6989 0.932086 1.96491 4.43437 1.50891 136872 0 1.85734 0.810185 0
-12.9831 20.0952 0.86063 2.15864 4.68234 1.73959 138721 0 -1.15485 0.80925 0
-29.8841 14.9627 0.272008 1.87699 4.0941 1.42177 131180 0 -1.05884 0.808138 0
11.3716 13.2655 1.06204 2.04843 4.71527 1.58796 128969 0 1.80573 0.805627 0
-61.0319 10.3339 0.125892 1.92286 4.20985 1.47518 124531 0 1.82917 0.80409 0
12.0813 18.948 1.20044 1.9825 4.69888 1.52151 137395 0 1.7873 0.798153 0
-48.2148 23.2956 0.464464 2.03709 4.34543 1.68249 143291 0 -1.02922 0.797823 0
30.1621 -11.2557 0.417363 0.924754 0.965474 1.78255 92992 0 1.76004 0.793533 1
42.8055 9.85131 0.697339 1.91925 4.39488 1.75373 123919 0 -1.33389 0.791779 0
-29.6479 28.9106 0.718006 2.1105 4.65719 1.71791 151773 0 -1.17399 0.788657 0
2.74094 60.6582 1.59135 1.95903 4.57463 1.54903 198206 0 1.74869 0.777139 0
43.4004 12.6415 0.546073 1.84073 4.09508 1.43331 128133 0 -1.32611 0.776851 0
48.4628 8.43751 0.574674 2.0322 4.61404 1.56029 122065 0 1.76262 0.768935 0
13.9341 25.0738 1.46373 2.05644 4.697 1.52704 146293 0 1.76131 0.757408 0
24.4137 16.4499 0.949441 2.02064 4.66544 1.54877 133690 0 -1.49976 0.755426 0
22.5185 -5.38323 0.592249 1.00433 0.983701 1.63424 101860 0 0.280516 0.755321 1
15.2559 30.3424 1.73366 2.21376 5.0019 1.76974 153785 0 1.79449 0.753122 0
69.2398 -5.88321 0.0425011 1.98264 4.38853 1.58706 101070 0 0.172699 0.749624 0
-9.09174 27.4426 1.31195 2.18724 4.91636 1.7598 149497 0 -1.08597 0.747118 0
4.32508 63.5524 1.82427 2.17615 4.98521 1.8265 202423 0 1.71014 0.745634 0
-3.40954 37.2315 1.2987 2.05324 4.62719 1.60585 164023 0 -1.08261 0.741836 0
-26.8092 22.4537 0.672341 1.98218 4.40586 1.74037 142422 0 1.9912 0.740426 0
25.1448 19.3213 0.993167 1.91157 4.28864 1.57618 137904 0 -1.43299 0.739927 0
9.09765 31.5643 1.48863 2.26744 5.65731 1.87852 155638 0 1.67688 0.736933 0
-27.0343 14.3225 0.332793 0.870994 0.915088 1.68583 130253 0 0.0875647 0.736593 1
-33.4694 21.1742 0.409804 1.96444 4.2837 1.63741 140529 0 -1.06727 0.733302 0
5.96642 71.8558 2.23362 2.19335 5.14893 1.81055 214596 0 1.78412 0.73313 0
-24.124 27.2683 0.875175 2.04881 4.77814 1.70594 149450 0 1.96925 0.726658 0
-51.7222 16.1619 0.286465 2.14135 4.92081 1.75723 132984 0 -1.12405 0.72578 0
-36.3372 13.8576 0.234646 2.04261 4.59079 1.59929 129756 0 -1.14196 0.723191 0
-19.041 37.8733 1.12039 2.05277 4.69039 1.52526 164910 0 2.08747 0.719198 0
31.7399 -8.77566 0.316916 0.836987 0.904198 1.68386 96741 0 -1.44403 0.716505 1
-41.1166 35.0506 0.919933 2.21478 4.84192 1.69873 160629 0 -1.06417 0.707123 0
34.08 51.1082 1.8109 2.01269 4.58255 1.56064 184264 0 -1.29329 0.705669 0
-49.3949 20.7109 0.252494 1.91768 4.2152 1.54838 139543 0 2.07852 0.702804 0
48.1352 5.24128 0.600085 2.07478 4.58977 1.6976 117384 0 1.80136 0.697856 0
-34.3867 18.7481 0.33493 1.94512 4.3495 1.60733 136782 0 -1.06436 0.694929 0
31.5269 21.6307 1.25208 2.30586 5.43853 1.75319 141200 0 1.76676 0.687311 0
54.1951 10.9746 0.620877 0.810049 0.849231 1.74884 125827 0 -1.95489 0.685178 1
-14.5257 17.8239 0.748091 2.12614 4.76662 1.73646 135440 0 -1.17177 0.679833 0
-32.2007 24.1592 0.465794 2.00772 4.41882 1.67821 144745 0 -1.12491 0.679335 0
-35.2899 16.2432 0.541012 2.25763 5.00031 1.91645 133035 0 -1.08945 0.677865 0
23.6021 -7.93719 0.638266 0.850474 0.892662 1.88428 98119 0 1.94195 0.677527 1
51.3878 22.9259 1.07727 2.34183 5.3785 1.8839 143134 0 -1.31465 0.676957 0
24.3645 -7.79666 0.543577 0.820065 0.860619 1.73453 98122 0 2.00276 0.652495 1
12.3277 43.6228 1.7734 2.09453 4.69099 1.94073 173432 0 -1.39774 0.6353 0
-14.8561 45.6563 1.43321 2.01973 4.63759 1.74897 176155 0 2.02236 0.62699 0
-30.5687 26.4573 0.416352 1.80933 4.19604 1.46857 148026 0 -1.14854 0.622723 0
4.97596 66.3477 1.66707 2.09114 4.79824 1.66025 206637 0 1.72363 0.615469 0
28.2936 28.8799 1.31103 2.03706 4.58016 1.43533 151954 0 -1.40221 0.613667 0
-71.4896 6.27982 0.514819 0.82123 0.824929 1.66793 118414 0 -2.93439 0.603384 1
-43.274 30.0016 0.746727 2.15785 5.18504 1.94418 153134 0 -1.0641 0.599497 0
-2.39723 39.7941 1.10376 1.96309 4.50607 1.45413 167770 0 -1.05212 0.598082 0
39.0034 8.04858 0.643034 0.978635 0.977592 1.85791 121567 0 0.274774 0.586026 1
31.2756 -9.98561 0.301821 0.847722 0.975784 1.59857 94867 0 -1.38087 0.584607 1
-22.1764 31.4525 0.937116 0.684178 0.643611 1.59944 155540 0 -1.12767 0.582965 1
17.1407 38.933 1.64424 1.99118 4.51588 1.52701 166427 0 1.84131 0.57766 0
20.9088 -5.62207 0.551032 0.762616 0.812091 1.60334 101387 0 0.155076 0.576617 1
5.89268 68.9541 1.76323 2.00992 4.60197 1.56125 210384 0 1.6954 0.576519 0
65.4478 25.4738 0.961392 1.94901 4.32281 1.57661 146922 0 -1.35518 0.569333 0
64.1545 -4.07802 0.283464 1.94612 4.47793 1.64324 103862 0 1.75364 0.560969 0
-23.5089 30.2306 0.718175 1.92279 4.49691 1.43435 153664 0 1.94621 0.557181 0
-20.6088 45.6022 1.4285 2.03792 4.56886 1.57432 176137 0 -1.09755 0.555007 0
-46.2301 25.7543 0.496712 2.11276 4.60562 1.60559 147041 0 -1.07836 0.55033 0
-23.2417 30.1531 0.749636 1.94247 4.44016 1.42105 153665 0 -2.95851 0.547603 0
-17.4281 40.1328 0.947068 2.0173 4.61291 1.45891 168191 0 2.0967 0.539395 0
-24.4091 37.9647 1.13834 2.06908 4.80212 1.56989 164893 0 -1.00302 0.531754 0
14.8397 27.6602 1.53109 2.10064 4.72853 1.55905 150040 0 1.75528 0.531488 0
24.8792 19.1244 0.964024 1.68569 3.81333 1.5327 137435 0 -1.33378 0.523283 0
-25.1286 64.1957 1.75335 2.24129 5.18212 1.78147 203267 0 -1.14965 0.520243 0
30.2491 43.3424 1.53544 1.94281 4.42917 1.44753 173020 0 -1.40087 0.518027 0
34.4097 54.2114 1.88088 1.99483 4.49198 1.61443 188945 0 -1.2622 0.517365 0
-23.1807 30.0105 0.746063 1.83268 4.09814 1.3992 153197 0 2.59116 0.515006 0
18.077 41.4801 1.79092 2.00225 4.58097 1.69773 170174 0 1.86006 0.506423 0
23.4653 -7.13335 0.728636 0.906515 0.991121 1.94664 99055 0 1.59768 0.504387 1
-35.4019 44.6315 1.01187 2.0654 4.5552 1.58795 174687 0 -1.02694 0.503657 0
-19.6673 34.713 0.848527 1.98342 4.50831 1.4329 160228 0 2.03294 0.499975 0
65.4576 1.69642 0.16405 1.96219 4.2949 1.61851 112290 0 1.70723 0.494411 0
54.2017 10.8443 0.61327 0.828715 0.853265 1.76842 125359 0 -1.63224 0.49411 1
64.5188 -1.42425 0.128542 1.83587 4.07825 1.54949 107607 0 1.78144 0.493597 0
-22.1983 31.3242 0.944701 0.721225 0.670459 1.55402 155072 0 -0.96413 0.485936 1
32.08 -9.52905 0.20066 0.753624 0.76897 1.34846 95806 0 -1.4932 0.482854 1
28.9404 34.7391 1.63575 2.01367 4.67494 1.52068 160380 0 1.77372 0.481746 0
26.0689 22.8865 1.0849 1.91541 4.43359 1.51416 143055 0 -1.39906 0.480444 0
35.0362 33.4025 1.52719 2.05529 4.59909 1.51438 158527 0 1.77548 0.479592 0
60.0131 2.77036 0.389014 1.86871 4.17682 1.64528 113677 0 -1.39763 0.471461 0
23.7311 -7.90946 0.623843 0.836843 0.868051 1.87469 98120 0 2.04615 0.462 1
-28.6641 31.4433 0.636204 1.99159 4.5478 1.51095 155520 0 -1.18516 0.461809 0
31.4439 -9.99402 0.308618 0.820289 1.14796 1.59701 94868 0 -1.42613 0.459361 1
-69.6681 6.49588 0.566947 0.823293 1.5562 1.67509 118888 0 2.07308 0.459263 2
8.57023 31.5858 1.52959 1.98226 4.5126 1.71282 155636 0 1.70792 0.456379 0
49.7573 13.9474 0.706436 2.03222 4.73946 1.73655 130025 0 1.82227 0.455973 0
-11.6696 22.5515 0.853261 2.15679 4.89474 1.58259 142469 0 -1.18436 0.450154 0
35.6572 36.2901 1.5725 2.07413 4.69975 1.47867 162741 0 1.74562 0.446635 0
11.0589 40.4848 1.57006 2.08747 4.62578 1.79697 168748 0 -1.39972 0.441647 0
29.5953 37.6179 1.799 2.0793 4.62246 1.6705 164594 0 -1.33925 0.431988 0
30.2496 40.464 1.7846 1.9861 4.46381 1.55379 168808 0 -1.42828 0.428725 0
-62.8617 31.5329 0.640689 2.20179 4.95095 1.7729 155413 0 -1.03563 0.425785 0
29.914 34.4494 1.60852 1.97822 4.5486 1.5741 159915 0 -1.38589 0.417702 0
16.81 67.0214 2.3823 2.044 4.56443 1.83927 207610 0 -1.27137 0.413992 0
-30.6152 -6.53474 -0.23688 2.01775 4.5084 1.56446 99822 0 0.208779 0.411186 0
-11.3594 25.4263 0.968262 2.1978 4.852 1.55804 146682 0 -1.14397 0.402701 0
-21.6053 32.216 0.831988 2.0311 4.81758 1.52146 156478 0 -1.18024 0.402378 0
36.641 41.7916 1.70142 1.92008 4.41046 1.51812 170700 0 1.62704 0.398837 0
-71.495 6.43491 0.532419 0.858794 0.898041 1.71483 118882 0 -2.84211 0.397145 1
23.5239 -6.20493 0.486113 0.800657 0.850659 1.62617 100459 0 -0.399011 0.396901 1
46.2271 24.4639 0.824428 1.94798 4.50375 1.52847 145458 0 -1.20718 0.395444 0
49.1751 14.024 0.736867 1.85636 4.32253 1.64669 130023 0 1.86673 0.393956 0
-69.6112 6.35278 0.581019 0.820448 1.58048 1.70049 118420 0 2.04803 0.388303 2
-19.0669 34.4192 0.851155 2.03478 4.74192 1.4173 159762 0 2.32811 0.383191 0
24.2325 -7.6424 0.577419 0.812691 0.862548 1.74529 98589 0 2.01059 0.382695 1
-9.68825 27.745 1.34535 2.21261 4.86521 1.71987 149963 0 -0.808355 0.379929 0
59.3753 3.00595 0.358574 1.94394 4.41012 1.65907 114143 0 -1.41444 0.37519 0
24.3884 -7.63996 0.554327 0.835383 0.881615 1.73972 98590 0 2.00341 0.371716 1
64.7886 -1.21187 0.10509 2.00714 4.45803 1.60381 108076 0 1.76108 0.370113 0
-22.93 29.9579 0.745185 1.90452 4.29774 1.40378 153198 0 -1.33459 0.369449 0
29.3109 34.4928 1.59712 1.94472 4.53426 1.53656 159913 0 -1.7129 0.357489 0
16.5221 36.0226 1.4967 2.05246 4.55717 1.5672 162213 0 1.80218 0.356973 0
37.5624 41.7035 1.71403 1.99874 4.46504 1.58269 170703 0 -1.44841 0.356595 0
27.3509 25.7582 1.19213 1.93606 4.45432 1.41796 147271 0 -1.31673 0.350688 0
54.0511 10.9857 0.61155 0.845413 0.877629 1.75682 125826 0 -1.85227 0.348339 1
16.1328 33.4012 1.69063 2.17109 4.94282 1.73979 158468 0 1.79241 0.344409 0
11.3481 40.7381 1.55535 2.07894 4.63666 1.79007 169217 0 -1.41264 0.341696 0
23.719 -8.04768 0.605882 0.848127 0.888995 1.85184 97652 0 2.06373 0.340851 1
25.3872 19.5676 1.02407 2.06837 4.72653 1.66928 138373 0 -1.50151 0.337997 0
-69.9428 19.9835 0.351822 1.95783 4.37726 1.59999 138543 0 1.88554 0.335684 0
-30.252 26.665 0.416663 1.65113 3.7554 1.41487 148495 0 -1.24101 0.334792 0
25.7898 22.6008 1.04816 1.93385 4.42837 1.51322 142586 0 -1.44537 0.332668 0
13.9184 24.5933 1.4242 2.12645 4.87883 1.54894 145357 0 1.81952 0.330872 0
48.7999 32.1507 1.33277 1.98001 4.49898 1.5284 156698 0 -1.25165 0.32317 0
-27.3591 33.7681 0.72803 2.00154 4.62242 1.48465 158800 0 -1.07446 0.322065 0
29.9527 40.2271 1.75916 1.98116 4.35471 1.56002 168339 0 -1.39715 0.318903 0
-49.6687 20.8905 0.276886 2.11696 4.87839 1.62554 140010 0 1.7075 0.317333 0
47.8525 32.4863 1.28304 2.03463 4.71287 1.56149 157163 0 -1.29395 0.315484 0
-11.04 21.9421 0.860466 1.8993 4.37154 1.54858 141535 0 -1.21728 0.315423 0
50.6829 13.8424 0.725933 2.07914 4.62634 1.82991 130028 0 1.78761 0.31528 0
-22.0547 31.4842 0.918645 0.699629 0.717547 1.56801 155541 0 -1.13253 0.314623 1
-31.1229 26.7001 0.40377 2.08942 4.73554 1.56535 148492 0 -1.13417 0.313223 0
-12.297 25.7965 0.961228 2.03796 4.55482 1.51181 147147 0 -1.18122 0.311946 0
-62.3166 31.4903 0.608489 1.80335 3.91278 1.58724 155415 0 -0.945875 0.311773 0
32.7859 24.4829 1.17368 1.99511 4.53275 1.51928 145416 0 1.5677 0.310855 0
-26.6959 61.974 1.301 2.045 4.63008 1.63609 199986 0 1.95378 0.309526 0
46.4955 24.4413 0.835792 1.97478 4.59122 1.56761 145459 0 -0.873627 0.299069 0
29.9767 43.1063 1.52324 1.86862 4.24745 1.41264 172551 0 -1.35775 0.298183 0
43.891 12.6014 0.49376 2.134 4.98721 1.54511 128135 0 -1.30859 0.298133 0
-35.9361 44.9255 1.18601 2.3526 5.74766 1.9014 175153 0 -1.03769 0.295248 0
28.9976 37.8812 1.7994 2.15245 4.81214 1.72296 165060 0 -1.35828 0.294722 0
21.2644 56.8022 2.10342 2.0562 4.59835 1.65545 192648 0 -1.5138 0.287007 0
49.432 31.867 1.4491 2.00856 4.51059 1.54919 156232 0 -1.27314 0.286804 0
-56.404 12.3304 0.681634 0.822015 0.936532 1.78059 127353 0 -1.97925 0.282165 1
-10.0567 27.985 1.33283 2.25456 5.04394 1.69754 150430 0 2.0015 0.281212 0
63.8574 19.9891 0.497486 1.92113 4.34353 1.52557 138961 0 -1.49962 0.280227 0
29.9204 40.7491 1.74392 2.02554 4.52731 1.54965 169275 0 -1.45482 0.276935 0
-19.099 34.6248 0.865662 2.00514 4.6868 1.40963 160230 0 2.05132 0.276884 0
-30.2403 57.7857 1.68433 2.05156 4.5978 1.7525 193891 0 1.8978 0.275168 0
-71.3223 6.27141 0.520383 0.87651 0.903257 1.71094 118415 0 -3.10885 0.274732 1
28.9055 28.8915 1.35763 2.07503 4.66408 1.49912 151956 0 -1.40095 0.273018 0
35.9875 38.8445 1.70653 2.02536 4.6021 1.55154 166486 0 1.62417 0.272368 0
-54.9228 21.2611 0.291288 2.02029 4.46822 1.58454 140462 0 -0.992584 0.271026 0
32.4892 24.215 1.15876 1.96077 4.41589 1.45859 144947 0 1.65102 0.270611 0
-11.0985 22.5 0.875789 2.15209 4.92783 1.60309 142471 0 -1.1901 0.270177 0
-55.165 20.9751 0.340669 2.11592 4.60514 1.62573 139993 0 -1.04328 0.268349 0
30.8293 43.0929 1.52374 1.99725 4.61465 1.49411 172554 0 -1.37794 0.267579 0
28.3171 25.4586 1.24412 2.03342 4.57068 1.50775 146806 0 -1.33134 0.265703 0
25.7834 22.2617 1.02774 1.86826 4.28978 1.51363 142118 0 -1.46234 0.265322 0
25.7811 21.9695 1.0274 1.81695 4.09476 1.52769 141650 0 -1.45548 0.263433 0
-15.4216 45.9399 1.46885 2.26524 5.42201 1.88325 176621 0 2.02084 0.259334 0
-16.8869 40.0683 1.01159 2.12805 4.77693 1.51773 168193 0 2.04657 0.258525 0
30.5585 43.598 1.54786 1.97074 4.47 1.48368 173489 0 -1.47128 0.258465 0
-9.78076 27.915 1.33589 2.30052 5.07229 1.74176 150431 0 1.22874 0.258433 0
47.6053 5.05883 0.57833 2.04826 4.55638 1.67308 116914 0 1.82289 0.258359 0
31.7363 -8.61546 0.318951 0.868275 0.960851 1.67075 97209 0 -1.48348 0.257924 1
-22.0508 31.3148 0.941059 0.740658 0.706162 1.53153 155073 0 -0.999957 0.256225 1
58.3952 -16.1897 1.30017 3.18446 13.0439 3.19864 86060 0 1.83759 0.255743 0
58.8278 -0.164024 0.197162 1.77332 3.78289 1.42581 109461 0 -1.36761 0.255292 0
6.48587 71.6141 2.32048 1.89539 4.10712 1.71841 214130 0 1.70423 0.255101 0
65.068 -1.68034 0.0884588 2.00543 4.59918 1.6107 107141 0 1.75391 0.253806 0
20.9143 -5.79425 0.59078 0.818037 0.876544 1.65056 100919 0 0.148963 0.25215 1
32.1823 24.4768 1.18845 1.9475 4.34727 1.46744 145414 0 1.69223 0.251123 0
-13.6378 17.4771 0.710446 2.153 4.8777 1.68025 134975 0 -1.17355 0.249618 0
26.3384 23.1254 1.18261 1.90676 4.42884 1.55784 143524 0 -1.3808 0.249617 0
14.2694 27.9305 1.35615 2.01213 4.5763 1.49592 150506 0 1.74157 0.249517 0
-71.4872 6.03175 0.531113 0.960939 0.897624 1.54395 117946 0 3.14096 0.249321 1
-12.2598 22.626 0.855455 2.17756 4.90231 1.57511 142467 0 -1.1826 0.248605 0
-29.9477 58.0678 1.66364 2.02251 4.50092 1.73013 194360 0 1.96152 0.248362 0
20.7703 -5.62671 0.552047 0.779879 0.823406 1.62433 101386 0 0.127769 0.24747 1
-21.2349 45.9124 1.42939 2.31078 5.36146 1.76808 176603 0 -1.16033 0.246312 0
-69.8735 6.79169 0.502438 0.853465 1.8616 1.80632 119355 0 2.13725 0.246053 2
-66.6703 -1.00845 0.64354 0.794217 0.892784 1.75354 107665 0 3.1376 0.245342 1
45.6697 24.537 0.857906 1.85878 4.19552 1.47757 145456 0 -1.30185 0.244391 0
23.5061 -7.50121 0.618242 0.787547 0.872344 1.875 98587 0 1.91295 0.243896 1
-45.6886 25.6598 0.458048 2.04823 4.34335 1.55995 147043 0 -1.04186 0.243323 0
-49.116 20.4549 0.262584 1.71341 3.47288 1.46479 139076 0 2.71237 0.242976 0
5.34475 69.1938 1.8024 2.19394 5.16626 1.73031 210850 0 1.75768 0.242578 0
23.3304 -7.14224 0.685185 0.850616 0.945551 1.87404 99054 0 1.80327 0.242428 1
10.7713 40.2042 1.58469 2.07873 4.66307 1.8056 168279 0 -1.37485 0.241346 0
22.8618 65.4232 2.38416 2.08974 4.71299 1.65441 205289 0 1.76853 0.240623 0
21.0075 57.1092 2.07623 1.89801 4.22187 1.55254 193115 0 -1.65483 0.240038 0
17.3806 67.0118 2.35871 2.34041 5.52726 2.04015 207612 0 -1.29777 0.2352 0
13.5001 -4.19653 0.682778 0.692467 0.692997 1.48957 103236 0 2.95099 0.234649 1
25.5019 23.1507 1.11684 1.94536 4.48446 1.53345 143521 0 -1.39111 0.234634 0
18.0807 41.197 1.77184 1.8524 3.94429 1.69674 169706 0 1.90253 0.234372 0
47.9497 8.47987 0.561027 1.69857 3.64267 1.43875 122063 0 1.79266 0.234347 0
47.5958 5.50046 0.606643 1.99261 4.42586 1.6723 117850 0 1.82725 0.234303 0
62.2384 11.6797 0.480473 2.03031 4.48623 1.71497 126788 0 -1.74017 0.233998 0
64.821 25.6759 0.899832 1.96372 4.28701 1.55517 147388 0 -1.36085 0.23372 0
17.1327 39.4248 1.66177 2.02244 4.47728 1.59916 167363 0 1.75625 0.233415 0
64.1267 19.7003 0.547723 2.07474 4.78673 1.60037 138494 0 -1.43958 0.232718 0
64.1549 -4.55515 0.311518 1.8298 4.34184 1.70483 102926 0 1.80403 0.231988 0
-23.92 37.6546 1.1163 1.82075 4.0392 1.51455 164427 0 -0.997811 0.231561 0
-20.0979 45.5167 1.40288 2.14249 4.84915 1.63389 176139 0 -1.05415 0.231298 0
33.4243 24.1719 1.14863 2.09802 4.76364 1.61258 144950 0 -1.45397 0.231123 0
33.8041 54.5131 1.79751 1.91135 4.2859 1.51829 189411 0 -1.27046 0.230857 0
-26.1399 61.9049 1.34953 2.05418 4.66673 1.59591 199988 0 2.05099 0.230521 0
-70.1851 19.7365 0.380862 2.05847 4.66773 1.65802 138074 0 1.79898 0.230512 0
-11.0195 21.6459 0.837515 1.29531 2.50174 1.568 141067 0 -1.21135 0.230133 0
31.8018 -9.0381 0.341166 0.830729 0.933566 1.62236 96273 0 -1.4508 0.229301 1
-48.9261 20.57 0.259687 1.67524 3.38443 1.45341 139545 0 -2.36309 0.229156 0
18.0393 40.8235 1.73725 0.894429 1.08133 1.70697 169238 0 2.00332 0.228831 1
-27.0918 34.0364 0.730422 2.06225 4.85339 1.52671 159269 0 -1.11904 0.228762 0
64.1367 -5.59697 0.296481 1.97357 4.68791 1.77108 101522 0 1.75065 0.228143 0
35.9375 33.3418 1.54851 2.20215 4.80592 1.58791 158530 0 1.73168 0.225548 0
-12.5835 25.8435 0.942718 2.03242 4.65909 1.50062 147146 0 -0.897675 0.225308 0
60.3098 2.48734 0.320789 1.94965 4.47611 1.69205 113210 0 -1.37711 0.225172 0
28.621 25.7277 1.25518 2.07538 4.64695 1.53149 147275 0 -1.35442 0.222701 0
17.6874 39.1446 1.71067 2.0807 4.70135 1.63655 166897 0 1.76667 0.222026 0
-22.1834 32.4495 0.854868 2.15994 4.92171 1.55748 156944 0 -1.41108 0.22101 0
11.6296 40.2022 1.61558 2.16959 4.94913 1.82371 168282 0 -1.36094 0.21945 0
-13.5867 44.9883 1.28576 1.94781 4.4034 1.63637 175223 0 -1.09012 0.218371 0
11.362 39.8883 1.58739 2.19278 5.01976 1.84406 167813 0 -1.34269 0.218149 0
5.22988 66.625 1.69102 2.06745 4.72652 1.62839 207106 0 1.75422 0.217629 0
21.2486 57.3849 2.15428 2.15164 4.80947 1.7311 193584 0 -1.70448 0.217123 0
36.3 36.0681 1.59529 2.07557 4.6933 1.51995 162275 0 1.72599 0.216288 0
50.0463 31.8308 1.52757 2.07775 4.6576 1.59443 156234 0 -1.33053 0.215599 0
23.5113 -6.02953 0.487985 0.799194 0.837354 1.54232 100927 0 -0.76829 0.215115 1
-54.2251 22.2352 0.296021 1.98134 4.39801 1.55697 141868 0 -1.05125 0.214504 0
-69.6789 6.7859 0.49639 0.883199 1.81451 1.82098 119356 0 2.23307 0.214429 2
-20.9161 45.3608 1.41143 1.91689 4.38364 1.60003 175668 0 -1.17489 0.214226 0
-52.9544 16.792 0.282186 2.09033 4.717 1.67951 133916 0 1.93559 0.213605 0
-27.2298 14.2947 0.326204 0.921004 0.953894 1.68993 130252 0 0.0332555 0.212538 1
32.4929 24.7309 1.21058 1.99945 4.57296 1.50892 145883 0 1.56396 0.212356 0
4.98036 65.8695 1.62494 2.06191 4.61424 1.64182 205701 0 1.65481 0.211652 0
34.7088 53.697 1.93577 2.10022 4.82624 1.69985 188010 0 -1.22863 0.211149 0
29.3186 37.356 1.77001 1.88596 4.1558 1.58917 164125 0 -1.32211 0.211011 0
32.8175 23.9102 1.09841 1.95592 4.37383 1.45004 144480 0 1.60377 0.211008 0
17.1881 41.7671 1.79399 2.15212 4.94028 1.73186 170639 0 1.84923 0.210926 0
-71.7094 6.27121 0.540264 0.91509 0.927654 1.70052 118413 0 3.02449 0.210421 1
47.235 32.5217 1.36892 1.98975 4.51296 1.55569 157161 0 -1.38206 0.21029 0
27.0705 25.5025 1.21083 1.94338 4.4257 1.41695 146802 0 -1.32544 0.20951 0
16.4564 32.8684 1.76306 2.24325 5.00801 1.78641 157533 0 1.77639 0.208772 0
-34.6403 18.4981 0.330216 2.03109 4.60493 1.66748 136313 0 -1.07685 0.208304 0
65.9883 1.50906 0.197719 2.20124 5.03982 1.72834 111824 0 1.76348 0.208225 0
11.0356 38.5605 1.53661 2.14742 4.8646 1.70027 165940 0 -1.40286 0.207337 0
34.6697 54.4729 1.93919 2.09581 4.78007 1.72063 189414 0 -1.32041 0.207186 0
15.5574 33.1869 1.73493 2.12339 4.76293 1.7032 157998 0 1.80428 0.207018 0
18.6756 41.1837 1.83568 2.10774 4.79117 1.67233 169708 0 1.90685 0.206812 0
60.5678 2.96301 0.345268 2.03402 4.66306 1.71609 114147 0 -1.40528 0.205783 0
30.27 42.7869 1.54155 1.84213 4.14801 1.39619 172084 0 -1.3587 0.205758 0
26.7487 26.03 1.22348 1.93293 4.50724 1.43245 147737 0 -1.42388 0.205234 0
24.1896 -8.06035 0.551771 0.82188 0.869045 1.79222 97653 0 2.09608 0.204976 1
5.50811 66.1319 1.61515 1.91594 4.27275 1.55451 206171 0 1.7079 0.204814 0
-20.8915 5.02441 0.780719 0.823604 0.908438 1.75919 116700 0 1.5968 0.204481 1
65.352 -1.43439 0.0968196 2.0151 4.64194 1.60942 107610 0 1.75532 0.203743 0
17.4531 63.5533 2.2357 2.03438 4.54752 1.71798 202464 0 -1.37343 0.203606 0
13.2459 19.6209 1.3991 0.869804 0.907367 1.69035 138335 0 -0.164707 0.20359 1
58.4613 3.04984 0.359014 1.96341 4.3017 1.64798 114140 0 -1.4112 0.202239 0
54.0514 10.8346 0.617577 0.853968 0.906154 1.75423 125358 0 -1.67793 0.201842 1
23.8391 -7.57082 0.61313 0.722392 0.803064 1.80635 98588 0 2.04679 0.201184 1
15.5406 33.6949 1.70716 2.12046 4.72724 1.67685 158934 0 1.80234 0.200891 0
36.9851 41.5396 1.75743 1.85139 4.15166 1.51977 170233 0 -1.45423 0.200487 0
-26.8656 14.3221 0.377162 0.91107 0.961876 1.71091 130254 0 -0.146407 0.200134 1
-19.0282 34.1767 0.846653 2.03382 4.70022 1.44249 159294 0 -1.24083 0.199888 0
-70.1468 6.56529 0.544214 0.85043 1.9091 1.75528 118886 0 1.91705 0.199399 2
33.5564 51.1293 1.84021 1.69586 3.74868 1.43316 184262 0 -1.30219 0.198608 0
30.1956 37.3479 1.78665 2.16931 5.04986 1.7086 164128 0 -1.33847 0.198135 0
5.35507 68.7198 1.73744 2.17869 5.11614 1.70415 209914 0 1.70738 0.197974 0
-2.93658 39.8633 1.16713 2.139 5.07257 1.57943 167768 0 -1.11472 0.197235 0
29.315 40.5066 1.6971 2.08176 4.77295 1.62359 168805 0 -1.41658 0.197007 0
30.9807 -10.0125 0.252945 0.756894 0.875903 1.36159 94866 0 -1.42018 0.196228 1
63.8656 -5.30958 0.308437 1.77979 4.12668 1.69665 101989 0 1.79011 0.195922 0
21.5265 57.0893 2.20905 2.25846 5.09321 1.81322 193117 0 -1.59376 0.195654 0
-33.0187 24.4816 0.440146 2.2844 5.22343 1.78826 145210 0 -1.10178 0.19546 0
-69.8379 6.35445 0.595732 0.842087 1.55214 1.66588 118419 0 1.90252 0.194426 2
17.7134 38.6244 1.72811 2.04594 4.69947 1.59025 165961 0 1.8552 0.193717 0
-22.1782 31.7749 0.924904 0.737673 0.992011 1.61199 156008 0 -1.20807 0.193111 1
-10.7862 25.3716 0.917477 2.25087 4.9627 1.59266 146684 0 -1.15801 0.192609 0
-30.5643 26.9526 0.413752 1.81164 4.18821 1.52396 148962 0 -1.19229 0.192232 0
24.3975 -8.03712 0.545069 0.831625 0.873321 1.75686 97654 0 2.0677 0.192076 1
65.7288 1.97713 0.18113 2.16175 4.78537 1.75409 112759 0 1.65973 0.192023 0
22.7656 -5.50584 0.588339 0.903055 0.952865 1.67048 101393 0 0.49081 0.191851 1
48.4243 5.49577 0.58428 2.13387 4.79355 1.74702 117853 0 1.7733 0.191613 0
17.0717 35.7129 1.51246 2.22542 5.14491 1.66806 161747 0 1.80427 0.191181 0
31.8845 -9.68757 0.270046 0.822146 1.0529 1.54915 95337 0 -1.54168 0.191148 1
30.1845 -11.6059 0.385467 0.863732 0.934625 1.74149 92524 0 1.73495 0.19052 1
-56.886 14.9555 0.204914 1.7129 3.29633 1.532 131096 0 1.98662 0.190425 0
-17.6666 39.9366 0.932129 1.89583 4.28521 1.44183 167722 0 2.09986 0.19034 0
72.8101 20.6711 0.970656 2.04436 4.62087 1.60712 139925 0 2.94136 0.190216 0
16.1147 30.2777 1.73517 2.27777 5.17326 1.84461 153788 0 1.75394 0.188448 0
61.964 11.3743 0.479685 1.90678 4.19157 1.62566 126319 0 -1.65581 0.187825 0
-41.7845 35.5681 0.914162 2.44958 5.88005 1.90273 161563 0 -1.0311 0.187808 0
30.7965 40.204 1.74873 2.1358 4.95193 1.69168 168342 0 -1.33741 0.187214 0
43.3507 40.4812 1.82825 1.96652 4.49125 1.58228 168849 0 1.74958 0.187094 0
-33.8366 18.4133 0.354627 1.69805 3.69096 1.5544 136316 0 -1.05686 0.187013 0
16.2442 67.0717 2.36298 1.97066 4.35 1.84109 207608 0 -1.21492 0.186808 0
65.4684 1.22311 0.140455 1.83331 4.11426 1.5469 111354 0 1.77866 0.186095 0
34.0888 24.1504 1.1488 2.05051 4.61107 1.60368 144952 0 -1.39108 0.18595 0
-26.3908 61.6931 1.34168 2.05959 4.64932 1.61465 199519 0 0.0634383 0.185879 0
21.0209 56.5223 2.05837 1.87073 4.16862 1.51871 192179 0 -1.37306 0.185685 0
-16.8185 39.6162 0.972029 2.00831 4.46867 1.47946 167257 0 2.0954 0.185162 0
-63.4618 31.8448 0.667098 2.47411 6.09231 2.00231 155879 0 -1.02947 0.184946 0
-29.9575 15.3973 0.299981 2.07931 4.72046 1.50546 132116 0 -0.974276 0.184803 0
64.8804 1.5099 0.0527085 1.74235 3.89449 1.50508 111820 0 1.76329 0.184402 0
30.2678 39.9301 1.80256 1.91864 4.24291 1.53393 167872 0 -1.36283 0.184374 0
-29.3025 57.7478 1.58332 2.07581 4.64796 1.79906 193894 0 1.9036 0.184348 0
-1.85152 39.5449 1.10902 1.63355 3.56463 1.3684 167304 0 -1.01954 0.183881 0
25.1352 18.844 0.963746 1.82357 4.34746 1.58206 136968 0 -1.24943 0.183743 0
12.9795 49.1002 1.78689 2.00593 4.54682 1.69716 181390 0 -1.40102 0.183563 0
22.5808 65.7146 2.35978 1.97024 4.39062 1.55978 205756 0 1.74405 0.183536 0
34.3956 60.6396 1.81 2.05223 4.59626 1.61031 198305 0 -0.919239 0.183492 0
54.4489 11.0084 0.610047 0.883658 1.07583 1.79173 125828 0 -2.01873 0.183292 1
48.4918 31.8937 1.19696 2.00551 4.56196 1.52774 156229 0 -1.32414 0.183286 0
29.6343 43.6007 1.50247 1.99744 4.55928 1.47227 173486 0 -1.4083 0.183149 0
-29.5983 57.4893 1.57265 2.0174 4.49366 1.75136 193425 0 1.87826 0.182946 0
60.9427 11.3226 0.467199 1.96561 4.42481 1.57981 126316 0 1.38336 0.182919 0
-30.5402 57.4886 1.68917 2.14602 4.86742 1.81725 193422 0 1.83953 0.18286 0
-3.36555 36.7716 1.3195 1.96263 4.36001 1.5984 163087 0 -1.13648 0.182759 0
29.984 -11.6162 0.391203 0.783992 0.868394 1.67013 92523 0 1.74095 0.182578 1
35.0714 36.5387 1.52717 2.03071 4.61708 1.47801 163207 0 1.76967 0.181938 0
17.8444 40.821 1.71543 0.919966 1.11935 1.70508 169237 0 1.99191 0.181158 1
34.4125 60.0038 1.76221 2.00955 4.54052 1.56689 197369 0 -0.849598 0.181128 0
63.8619 19.4179 0.542842 1.99986 4.53001 1.56567 138025 0 -1.33288 0.180906 0
13.4074 -4.12411 0.68595 0.696292 0.709966 1.47741 103703 0 2.87833 0.180409 1
10.7168 38.279 1.48462 2.16965 4.94727 1.70505 165471 0 -1.40122 0.18002 0
-21.3339 32.3861 0.81548 2.06387 4.83914 1.53103 156947 0 -1.45067 0.179945 0
48.5064 7.96397 0.523024 2.13593 4.93158 1.63511 121129 0 1.85165 0.179382 0
-11.3028 21.6659 0.836995 1.78241 3.9637 1.55566 141066 0 -1.17695 0.179315 0
62.2327 11.08 0.470969 2.0855 4.63506 1.73804 125852 0 -1.59315 0.179211 0
54.2239 11.2839 0.589874 0.882298 1.39076 1.79217 126295 0 -2.70526 0.179083 1
27.6276 25.9789 1.22793 1.91238 4.40014 1.42285 147740 0 -1.34431 0.178553 0
27.7799 28.7516 1.28839 1.8989 4.2374 1.43094 151484 0 -1.36487 0.177956 0
-22.156 32.2303 0.873468 1.85402 4.18691 1.52291 156476 0 -1.28211 0.177109 0
34.4198 23.8732 1.09214 2.03184 4.5468 1.58578 144485 0 -1.37433 0.176855 0
22.614 65.1713 2.33261 1.93064 4.37139 1.5325 204820 0 1.82299 0.176753 0
-28.651 57.7305 1.5647 2.08092 4.75104 1.83357 193896 0 1.79428 0.176684 0
41.7391 61.916 1.72865 2.06876 4.66117 1.76393 200200 0 2.15628 0.176535 0
-54.5517 21.9242 0.264268 1.9723 4.43826 1.55959 141399 0 -1.32432 0.176523 0
-6.55336 -14.2131 0.465656 0.856806 1.09642 1.54711 88665 0 1.35167 0.176268 1
17.4406 47.8668 1.44997 1.93203 4.54669 1.49498 179532 0 1.53781 0.175618 0
66.0081 25.6653 1.0373 2.27039 5.33834 1.77431 147392 0 -1.41429 0.175558 0
63.5877 19.6987 0.453818 1.83827 4.12007 1.49362 138492 0 -1.36503 0.175475 0
35.9533 36.5232 1.64166 2.08406 4.58653 1.50244 163210 0 1.74669 0.175166 0
69.4932 -5.34669 0.0181868 2.30702 5.52499 1.83156 102007 0 0.198327 0.174891 0
-31.9187 24.3712 0.476538 1.86614 4.08598 1.62199 145214 0 -1.14447 0.174678 0
-45.5896 25.2137 0.463012 2.03481 4.31515 1.58284 146107 0 -1.05817 0.174072 0
48.7079 8.68546 0.558721 2.19713 5.1318 1.66377 122534 0 1.70685 0.172326 0
63.5669 20.2939 0.481742 1.81289 4.05359 1.48245 139428 0 -1.69477 0.172303 0
16.4899 36.556 1.47665 2.03495 4.51077 1.56285 163149 0 1.77149 0.171834 0
-27.0325 62.4815 1.30788 2.07331 4.66358 1.65997 200921 0 1.9972 0.171532 0
63.9033 -1.17229 0.153008 1.83802 4.00595 1.55333 108073 0 1.80077 0.171 0
28.3172 28.4299 1.29405 1.87756 4.22611 1.40984 151018 0 -1.29155 0.17099 0
24.8758 19.5649 1.00965 1.79756 3.84662 1.57261 138371 0 -1.42498 0.170912 0
36.363 41.5455 1.69974 1.79345 3.99189 1.50542 170231 0 1.71124 0.170731 0
6.15121 69.1903 1.83543 1.9601 4.38356 1.57197 210853 0 -1.52527 0.170232 0
31.1046 43.3511 1.52683 2.0805 4.87427 1.55952 173023 0 -1.4284 0.170164 0
-8.9837 -5.68481 2.09604 0.75039 0.75784 1.68009 101293 0 2.53516 0.169507 1
-46.8015 25.8395 0.521909 2.24039 4.97967 1.72663 147039 0 -1.08625 0.169447 0
11.0522 39.5559 1.56906 2.15529 4.83663 1.81546 167344 0 -1.37337 0.169135 0
16.8005 35.425 1.54316 2.20565 4.981 1.65986 161278 0 1.81253 0.168572 0
35.0877 36.1057 1.50125 1.98934 4.53436 1.45032 162271 0 1.75042 0.168073 0
-44.6364 24.8075 0.548641 1.98565 4.15826 1.64833 145642 0 -1.05526 0.168005 0
-21.9185 44.9605 1.42194 0.74012 0.703803 1.71376 175197 0 -1.16877 0.167549 1
12.6544 18.1011 1.36629 0.925049 1.0708 1.70367 135993 0 1.79485 0.167397 1
9.37356 31.3202 1.47563 2.33889 6.09766 1.95425 155171 0 1.4879 0.167377 0
25.1885 22.8816 1.08205 1.97065 4.57127 1.58572 143052 0 -1.43788 0.16727 0
15.498 38.772 1.1014 0.762127 0.777438 1.61517 166422 0 0.0652329 0.167204 1
64.2308 -1.6816 0.142054 1.69843 3.75074 1.49546 107138 0 1.80573 0.167134 0
62.5032 11.3782 0.486096 2.1872 4.95202 1.81867 126321 0 -1.60895 0.16671 0
47.5478 32.2231 1.25786 2.00216 4.67873 1.54803 156694 0 -1.3947 0.166621 0
48.1787 4.75483 0.571736 2.23057 5.02652 1.79037 116448 0 1.81984 0.165935 0
30.9822 -9.83849 0.267322 0.757404 0.859037 1.36794 95334 0 -1.37892 0.16586 1
-26.1037 61.6749 1.33971 2.05982 4.68316 1.60112 199520 0 2.42055 0.165856 0
-68.2916 20.6522 0.251619 1.94403 4.30157 1.55175 139484 0 -2.9538 0.165794 0
36.9047 48.1054 2.91397 0.87818 1.06927 1.854 180061 0 1.03646 0.165674 2
33.7477 24.445 1.20009 2.12514 4.81634 1.64248 145419 0 -1.42137 0.165424 0
-11.6185 21.9959 0.856261 1.98936 4.53144 1.52859 141533 0 -1.15673 0.165418 0
-27.9372 33.8023 0.768357 1.90001 4.39107 1.45071 158798 0 -1.02668 0.165326 0
73.0911 20.9163 1.06837 2.10308 4.73737 1.67484 140394 0 2.97705 0.165188 0
22.3697 -5.47375 0.604906 1.01055 0.969754 1.66748 101391 0 0.404694 0.165185 1
-23.7631 30.0243 0.696355 1.86124 4.35569 1.44662 153195 0 1.95963 0.164839 0
-62.9071 32.0831 0.620302 2.33385 5.55731 1.86947 156349 0 -0.940427 0.164688 0
33.7629 23.8922 1.11924 2.09065 4.69403 1.60729 144483 0 -1.40555 0.164531 0
-29.2625 66.3969 1.6833 2.07086 4.70123 1.68617 206530 0 -1.21279 0.164495 0
-54.5929 21.6034 0.278692 1.92689 4.2915 1.54974 140931 0 -1.102 0.164477 0
64.1192 20.2651 0.548335 2.07489 4.74637 1.60558 139430 0 -1.58199 0.164266 0
13.2574 19.4194 1.36043 0.891584 0.948573 1.67411 137867 0 0.559332 0.164189 1
30.181 37.8413 1.82216 2.05941 4.60805 1.63921 165064 0 -1.42111 0.164033 0
-48.8557 20.3935 0.265258 1.65005 3.21176 1.44972 139077 0 -1.16023 0.164006 0
-26.6899 61.6906 1.30681 2.07165 4.6527 1.61773 199518 0 1.01768 0.163575 0
48.1222 32.7101 1.37596 2.07897 4.7608 1.59006 157632 0 -1.07132 0.163257 0
-2.11411 39.3165 1.14938 1.67542 3.69814 1.3992 166835 0 -1.0755 0.163238 0
-3.88672 37.0443 1.31582 2.23263 5.3094 1.76919 163553 0 -1.12589 0.163191 0
-7.30616 -14.8733 0.512243 0.831743 0.814282 1.62817 87727 0 -2.87344 0.162698 1
17.745 48.1069 1.48588 1.9949 4.55861 1.53701 180001 0 1.5946 0.162616 0
-34.7147 56.1719 1.2448 2.03077 4.49437 1.5961 191537 0 -0.964884 0.162081 0
-28.5957 30.9717 0.568263 1.65578 3.67847 1.46841 154584 0 -1.0876 0.162044 0
-8.36983 -13.8509 0.46595 0.783285 1.01458 1.51106 89127 0 -1.96669 0.161879 2
-2.17267 40.0568 1.09378 1.96322 4.49411 1.47459 168239 0 -1.00154 0.161496 0
-35.4222 45.1787 1.09377 2.27475 5.22818 1.73916 175623 0 -0.84269 0.160357 0
63.6225 -4.24522 0.273376 1.75557 4.03793 1.58045 103392 0 1.75059 0.15992 0
-20.7186 46.1551 1.48298 2.31884 5.21535 1.68774 177073 0 -0.961554 0.159525 0
28.705 37.6669 1.76586 1.96882 4.24469 1.66764 164591 0 -1.36526 0.159512 0
16.4698 68.9538 2.5713 2.36756 5.31902 2.02762 210417 0 -2.82119 0.159419 0
-68.6275 22.5682 0.0152425 1.94436 4.34959 1.52702 142291 0 1.85909 0.159367 0
-53.9638 22.5038 0.309672 2.07278 4.57992 1.58013 142337 0 -0.980392 0.158993 0
31.8751 24.216 1.22794 1.90029 4.21471 1.45954 144945 0 1.74899 0.158727 0
61.9692 11.9752 0.497613 1.92188 4.21583 1.64068 127255 0 -1.87239 0.15844 0
60.3154 11.6753 0.531639 0.804766 1.03005 1.66816 126782 0 1.39237 0.158349 1
-29.6508 58.3564 1.6511 2.02359 4.45187 1.72969 194829 0 2.01115 0.158243 0
-63.1273 31.2913 0.626692 2.38108 5.36101 1.82782 154944 0 -1.15298 0.157927 0
52.6413 27.6855 1.20106 2.09664 4.83644 1.68996 150158 0 1.82886 0.157922 0
17.1211 48.1106 1.47413 2.02434 4.68216 1.56287 179999 0 -1.40188 0.15774 0
61.2664 11.3415 0.492806 1.87075 4.13672 1.56559 126317 0 -1.4313 0.156843 0
2.51079 60.4459 1.56431 1.76105 4.03027 1.49492 197737 0 1.75512 0.156618 0
16.4357 33.7017 1.76218 2.29306 5.14607 1.82134 158937 0 1.76819 0.15621 0
59.6736 3.24855 0.383792 1.88123 4.2041 1.58759 114612 0 -1.38101 0.156194 0
17.7312 63.7805 2.27903 2.04308 4.5676 1.68921 202933 0 -1.32228 0.15489 0
37.2555 41.9614 1.73752 2.00328 4.4221 1.54983 171170 0 -1.50553 0.154691 0
27.6893 25.2109 1.20515 1.90963 4.28383 1.42825 146336 0 -1.31948 0.154645 0
-29.9599 26.6795 0.415823 1.33619 3.042 1.38891 148496 0 -1.24378 0.154588 0
11.052 39.195 1.58473 2.12994 4.75191 1.77405 166876 0 -1.38116 0.154381 0
-56.3975 12.5342 0.728623 0.83129 1.10486 1.7973 127821 0 -1.6695 0.153695 1
17.4674 62.9212 2.20845 0.951035 1.19986 1.74186 201528 0 -1.556 0.153513 1
-69.3338 19.7161 0.253301 1.75842 3.84402 1.50031 138077 0 1.87854 0.153402 0
22.2994 65.4593 2.35181 1.80908 4.03139 1.46042 205287 0 1.69514 0.15334 0
-34.4068 56.4531 1.26906 2.09539 4.61703 1.62599 192006 0 -0.557167 0.153216 0
22.7466 -5.37628 0.601455 0.951375 1.01934 1.68161 101861 0 0.46555 0.152518 1
16.8267 47.8723 1.5398 1.99548 4.5825 1.53905 179530 0 -1.50453 0.152374 0
26.4575 25.7832 1.23074 1.94959 4.59325 1.44893 147268 0 -1.45668 0.151978 0
8.42407 22.6679 1.24863 1.80872 4.15059 1.46502 142532 0 -1.35302 0.151809 0
-47.182 26.3631 0.584643 2.12968 4.71408 1.70641 147974 0 -1.03598 0.151802 0
-42.8044 29.6869 0.745591 1.84955 4.14081 1.77383 152668 0 -1.05743 0.151683 0
-20.2512 34.8002 0.858124 1.90755 4.30628 1.4453 160226 0 1.96527 0.151659 0
60.3509 11.0716 0.47216 1.92908 4.46848 1.55964 125846 0 1.28357 0.151613 0
-53.3753 -4.98469 0.210059 0.823305 0.909622 1.78221 102091 0 -1.38523 0.151319 1
-8.89668 -5.69189 2.10577 0.698096 0.693448 1.6724 101294 0 -2.57021 0.150533 1
65.2041 25.2376 0.914753 1.81768 4.1035 1.53399 146453 0 -1.32868 0.150262 0
36.9184 36.2646 1.68123 2.14427 4.8516 1.60784 162745 0 1.64368 0.150082 0
11.3313 38.8617 1.58939 2.14686 4.87621 1.73012 166409 0 -1.3904 0.14968 0
19.9913 58.3905 2.09045 2.05666 4.61124 1.64793 194984 0 -3.04619 0.149659 0
-35.9028 44.4084 1.06593 2.25529 5.33401 1.78179 174217 0 -1.20951 0.149599 0
17.7486 63.2156 2.23746 2.0983 4.31263 1.71371 201997 0 -1.38991 0.149262 0
-54.8694 21.8837 0.28205 2.10758 4.81044 1.61906 141398 0 -2.29815 0.149244 0
49.0175 8.22271 0.51875 2.3528 5.62933 1.78777 121599 0 1.79912 0.149231 0
-13.8664 45.0603 1.32867 1.93161 4.26712 1.62667 175222 0 1.55285 0.149032 0
10.8472 13.3077 1.0635 1.81344 3.99713 1.56118 128967 0 1.84469 0.148972 0
41.143 62.2396 1.72831 2.0711 4.64443 1.69028 200666 0 2.07927 0.148299 0
-66.5351 -1.01376 0.620343 0.766697 0.796227 1.73968 107666 0 3.11967 0.148291 1
21.2574 56.2313 2.13444 2.08319 4.7244 1.66473 191712 0 -1.25814 0.148168 0
31.2594 21.4025 1.27356 2.04247 4.45514 1.7079 140731 0 1.81789 0.147911 0
