4.31379 11.3892 0.99698 2.0429 4.70552 1.50273 126139 0 -1.31177 0.939204 0
-28.3934 -6.82406 -0.294481 2.23149 5.00582 1.89188 99361 0 0.169354 0.934477 0
29.2869 8.1737 0.812497 2.09806 4.77836 1.5873 121537 0 1.77582 0.928777 0
5.94437 20.2755 1.21479 2.07531 5.1538 1.52386 139248 0 -1.40976 0.924321 0
-7.91489 13.3689 1.02728 2.09172 4.67141 1.78788 128909 0 1.8223 0.911458 0
41.1854 4.06261 0.755421 1.93916 4.25794 1.713 115490 0 -1.31565 0.909662 0
-64.533 5.91241 -0.059105 2.06048 4.45884 1.59797 117968 0 -1.34775 0.905277 0
-19.0674 10.0793 0.254067 2.08514 4.7236 1.47217 124194 0 -1.14822 0.898937 0
21.7074 10.3204 1.08838 2.18292 4.95501 1.86735 124789 0 -1.40561 0.897386 0
-34.071 -6.26773 -0.296011 2.01024 4.4154 1.66458 100279 0 0.203799 0.887548 0
5.35561 17.4572 1.16284 1.93501 4.61485 1.45412 135034 0 -1.34601 0.882787 0
-26.4211 24.4065 0.53218 1.9993 4.55787 1.51298 145231 0 1.97654 0.882576 0
-6.2785 34.6141 1.38105 2.39694 5.64838 1.89592 160270 0 -1.05919 0.881567 0
-28.2967 19.433 0.414 1.91336 4.29659 1.47521 137737 0 1.9759 0.881452 0
7.43795 26.0067 1.53705 2.16338 5.01746 1.86634 147677 0 -1.39395 0.88091 0
5.29415 14.4522 1.0574 2.06613 4.95712 1.47761 130822 0 -1.40074 0.880724 0
1.36869 57.6984 1.66716 2.06449 4.76823 1.55475 193990 0 1.77063 0.877689 0
-6.51688 21.591 1.26777 2.26556 5.19567 2.00452 141081 0 1.86381 0.876462 0
-41.8241 1.34344 -0.156211 2.00906 4.60042 1.51634 111487 0 -1.36143 0.876345 0
-6.91145 15.7545 1.08012 2.12372 4.91897 1.82166 132656 0 1.90725 0.871388 0
-36.6394 -5.52743 -0.322529 2.15672 4.92253 1.75845 101207 0 0.202886 0.867313 0
13.9858 30.6085 1.69045 2.14691 4.96976 1.81823 154249 0 1.71798 0.86163 0
41.8636 6.90235 0.678604 1.97258 4.42162 1.49671 119704 0 1.76043 0.859716 0
21.9923 13.3264 1.14909 2.05368 4.4941 1.78092 129002 0 -1.37891 0.857177 0
12.0304 22.0074 1.52989 1.98394 4.65309 1.62953 141607 0 -1.38458 0.844786 0
-38.5196 10.7298 0.272394 2.09307 4.54428 1.83913 125069 0 -1.15828 0.843335 0
-25.1167 26.7876 0.792962 2.01691 4.68654 1.7649 148511 0 1.98582 0.839665 0
-27.9273 22.0121 0.65009 1.93157 4.54868 1.75849 141482 0 1.9543 0.838236 0
29.362 -10.7048 0.500312 0.941525 1.02489 1.80542 93925 0 1.77834 0.837277 1
10.9399 16.2764 1.39903 2.08197 4.88581 1.82736 133180 0 1.76354 0.834547 0
9.07771 10.4976 1.2386 2.07334 4.92547 1.88005 124750 0 1.76406 0.833144 0
-5.33835 24.7245 1.08896 2.00889 4.59576 1.52955 145765 0 1.84574 0.832945 0
46.2951 2.94006 0.560493 1.95691 4.4037 1.49784 114102 0 1.80696 0.829421 0
12.6831 25.1145 1.61572 2.00363 4.57881 1.52275 146289 0 1.74262 0.825491 0
58.133 -2.01715 0.424271 2.00315 4.35241 1.73981 106651 0 -1.37645 0.824574 0
-8.90867 9.95536 0.90438 2.03343 4.55397 1.53704 124226 0 1.76655 0.821755 0
51.9805 -14.0061 0.943385 2.89752 7.54198 3.09143 89316 0 1.78718 0.821 0
-17.0378 15.2717 0.421345 1.95764 4.36012 1.46261 131688 0 -1.14704 0.820817 0
-14.1867 19.9208 0.863773 2.12315 4.57546 1.6924 138717 0 -1.152 0.818384 0
-32.0971 11.1309 0.155265 1.91406 4.05464 1.52917 125557 0 1.98282 0.818137 0
38.1349 8.42251 0.842823 0.930878 0.956363 1.838 122033 0 0.256953 0.816712 1
42.0469 10.4834 0.841502 1.91854 4.38208 1.76657 124853 0 -1.31765 0.816459 0
-30.8731 14.5201 0.193291 1.94342 4.30395 1.42068 130709 0 -1.09065 0.810984 0
-6.58749 18.6615 0.938663 1.94774 4.42929 1.48024 136869 0 1.89996 0.810408 0
-29.8741 16.855 0.228203 1.94389 4.47131 1.46178 133988 0 2.03159 0.809471 0
-17.539 12.422 0.314418 1.97269 4.42618 1.45691 127475 0 -1.17026 0.796854 0
13.3211 27.9454 1.51429 2.02757 4.61067 1.53718 150503 0 1.74085 0.793474 0
-63.1503 9.51942 -0.0302241 2.01435 4.53705 1.51457 123120 0 1.777 0.791089 0
58.3961 0.687294 0.328657 1.9553 4.37443 1.51044 110864 0 -1.36059 0.789942 0
-30.8468 28.4091 0.679302 2.08577 4.56977 1.70775 150833 0 -1.18063 0.784794 0
-72.4518 5.25674 0.164332 0.857995 0.856363 1.67083 117007 0 1.78172 0.783721 1
2.74242 63.5566 1.9234 2.05436 4.67158 1.71703 202418 0 1.72655 0.78314 0
-50.4309 19.9587 0.131064 1.95659 4.3485 1.58577 138604 0 2.12515 0.777946 0
-31.8524 26.0639 0.469165 1.93756 4.4562 1.49753 147554 0 -1.13137 0.776376 0
68.5715 -4.98338 0.25795 1.95948 4.3968 1.61461 102472 0 0.190153 0.775821 0
30.2126 11.7197 0.929819 2.12149 4.59048 1.7617 126688 0 1.75421 0.774143 0
11.1021 19.0407 1.32849 2.01446 4.83327 1.59711 137392 0 1.78225 0.770401 0
-34.4536 20.5903 0.334383 1.88225 4.02473 1.59261 139590 0 -1.13279 0.757578 0
10.3595 13.5361 1.12693 2.05164 4.7207 1.57521 129434 0 1.75233 0.756621 0
22.9779 -7.57065 0.705739 0.838914 0.93113 1.84113 98585 0 1.89558 0.753708 1
4.3028 71.8975 2.43854 2.09158 4.80572 1.77398 214591 0 1.77175 0.752778 0
32.5027 51.6886 2.16007 1.97256 4.46006 1.55529 185195 0 -1.33092 0.748789 0
7.81648 31.8686 1.57 2.20591 5.23054 1.83103 156102 0 1.49601 0.746973 0
6.90629 23.1507 1.26481 1.98093 4.6692 1.4684 143463 0 1.76381 0.743955 0
24.1889 19.4477 1.1815 1.87727 4.34617 1.63563 137901 0 -1.31425 0.736543 0
-35.3666 18.0992 0.284362 1.92824 4.28227 1.58757 135843 0 -1.15088 0.736388 0
-58.3837 14.2579 0.0490958 2.01538 4.51216 1.53494 130155 0 1.95718 0.73424 0
47.2144 5.98394 0.77669 2.0373 4.59519 1.65608 118317 0 1.79634 0.728965 0
-4.67136 37.2275 1.24032 2.03454 4.55519 1.56805 164019 0 -1.07725 0.713566 0
23.2651 16.7095 0.995232 1.93224 4.25292 1.48175 134154 0 -1.44581 0.709084 0
47.5408 9.16815 0.780731 1.97269 4.44728 1.56448 122998 0 1.77928 0.709014 0
-36.3265 15.7332 0.406709 2.2589 5.23792 1.9892 132564 0 -1.12619 0.707609 0
-44.6715 29.5317 0.697871 2.40199 5.88967 2.00717 152662 0 -1.10573 0.705146 0
-49.3926 22.6048 0.389484 1.9878 4.38286 1.57925 142351 0 -1.09295 0.69942 0
-27.7758 13.6702 0.205444 0.875029 0.924015 1.73929 129315 0 -0.396246 0.6963 1
42.4248 13.2436 0.715564 1.78245 3.9588 1.41817 129066 0 -1.34816 0.688003 0
-37.259 13.2377 0.0690352 2.05268 4.60311 1.64718 128817 0 -1.17633 0.68546 0
29.8566 19.2687 1.26494 2.06733 4.7978 1.69345 137919 0 1.77295 0.682955 0
3.32838 66.3755 2.00417 2.05817 4.61672 1.71431 206632 0 1.71829 0.67502 0
15.5266 39.4927 1.72859 1.9618 4.21827 1.52661 167358 0 1.77949 0.667467 0
-22.2208 45.2092 1.43032 2.09269 4.70043 1.65079 175664 0 -1.25562 0.663673 0
-24.7788 29.9624 0.721861 1.91175 4.43331 1.41711 153192 0 2.01955 0.658121 0
-16.1758 45.3283 1.49016 1.93887 4.39417 1.60683 175683 0 2.00498 0.643923 0
-42.4148 34.4219 0.79819 2.21081 4.7467 1.76295 159689 0 -1.09796 0.642279 0
30.2687 22.1661 1.38374 2.2226 5.19867 1.63258 142132 0 1.76663 0.642083 0
10.766 43.6975 1.89171 2.06988 4.6327 1.82615 173427 0 -1.38941 0.641937 0
22.8322 -6.76463 0.805 0.822233 0.9258 1.91309 99521 0 1.8321 0.641445 1
32.7814 54.8424 2.00413 2.07011 4.71472 1.59117 189876 0 -1.29323 0.637691 0
1.41678 60.6598 1.71549 2.01868 4.80615 1.57762 198202 0 1.76196 0.636741 0
23.7368 -7.45091 0.617647 0.810251 0.87813 1.71944 98588 0 2.05497 0.627567 1
30.9389 -9.52402 0.365696 0.747524 0.836389 1.42793 95802 0 -1.42623 0.608079 1
28.0094 35.0583 1.72981 2.07089 4.76021 1.54996 160845 0 -1.37927 0.606126 0
48.4559 14.8133 1.00838 2.0092 4.59177 1.47874 131425 0 1.76702 0.604803 0
64.4613 26.6706 1.39124 2.01969 4.50835 1.59589 148791 0 -1.43959 0.603494 0
22.9435 -7.74157 0.646125 0.786323 0.856662 1.71982 98117 0 1.8757 0.590973 1
31.3274 -8.26206 0.443432 0.79449 0.841777 1.67298 97675 0 1.59778 0.576121 1
21.8063 -5.19458 0.621815 0.906916 0.895248 1.60445 101858 0 1.91042 0.571478 1
-3.6904 39.7855 1.14205 2.02247 4.62352 1.51514 167766 0 -1.11371 0.570547 0
21.7137 -5.18195 0.632914 0.911116 0.876046 1.61096 101857 0 2.50043 0.557142 1
53.2713 12.2207 0.815356 0.788406 0.867806 1.7194 127696 0 -2.41758 0.555983 1
-33.4574 23.7675 0.432661 1.94894 4.31824 1.6359 144273 0 -1.18028 0.55405 0
64.8055 2.46334 0.347608 1.95017 4.30133 1.55994 113224 0 1.78019 0.553754 0
-20.9635 34.4375 0.905364 1.97124 4.4792 1.43107 159756 0 2.02231 0.553291 0
9.77731 40.7959 1.67986 2.049 4.65337 1.67501 169212 0 -1.39771 0.550521 0
-11.3667 27.9188 1.34554 2.20921 4.93649 1.64608 150426 0 2.02803 0.547405 0
-15.5797 17.6786 0.740109 2.16509 4.81347 1.66561 135437 0 -1.28755 0.546789 0
63.5021 -4.6257 0.458546 1.9107 4.45709 1.62564 102924 0 1.74199 0.542354 0
-10.1449 27.2885 1.33494 2.18633 4.75057 1.73803 149494 0 -1.10206 0.533481 0
33.7464 34.0382 1.65845 2.15775 4.8711 1.54851 159459 0 1.72222 0.526032 0
23.5827 -7.28705 0.644889 0.78547 0.863118 1.7205 99055 0 1.9884 0.51095 1
53.2692 12.109 0.800974 0.803389 0.864259 1.73918 127228 0 -2.04919 0.49603 1
50.4352 23.6055 1.30186 2.31875 5.50257 1.8611 144067 0 1.7323 0.495573 0
16.4812 41.7853 1.8669 2.01788 4.56912 1.71292 170637 0 1.89873 0.493902 0
-47.4741 24.8619 0.422038 2.13275 4.70673 1.60916 145633 0 -1.11323 0.488799 0
27.0281 29.2637 1.38707 2.07226 4.66707 1.47697 152418 0 -1.37757 0.488295 0
30.9474 -9.63389 0.367223 0.815848 0.938681 1.54269 95334 0 -1.39534 0.488199 1
-63.8478 30.5476 0.466785 2.00334 4.51837 1.58377 154006 0 -1.08341 0.487812 0
27.9621 38.1626 1.95774 2.16197 4.88168 1.73807 165525 0 -1.4088 0.485426 0
58.7313 3.71823 0.575422 1.90677 4.28018 1.57696 115077 0 -1.3742 0.484582 0
23.752 -7.32713 0.616047 0.820717 0.881707 1.70826 99056 0 2.03144 0.481638 1
20.2591 -5.28387 0.590489 0.740159 0.785236 1.5618 101853 0 -2.9419 0.473245 1
46.5773 33.0962 1.41495 2.02671 4.64601 1.53651 158095 0 -1.39442 0.472512 0
-19.6603 37.2348 1.16729 1.95667 4.39449 1.46476 163972 0 -1.20145 0.471243 0
-70.6286 5.57179 0.428907 0.759511 1.49732 1.57491 117481 0 -0.186383 0.4647 2
-52.3458 15.2096 0.154616 2.01227 4.50529 1.7557 131578 0 -1.08638 0.456758 0
-31.5134 57.751 1.54298 2.03443 4.5269 1.69761 193887 0 2.02217 0.440595 0
22.8831 -5.84791 0.57977 0.793355 0.842509 1.64189 100925 0 1.78515 0.440089 1
-35.3277 44.3485 0.890829 2.0135 4.50992 1.50159 174219 0 -2.74165 0.439669 0
4.00131 68.996 1.99635 1.99953 4.54473 1.51268 210378 0 1.71816 0.432344 0
-25.5073 37.5341 1.15663 1.98031 4.56044 1.49308 164422 0 -0.978554 0.431669 0
49.7915 23.8354 1.35075 2.09369 4.75277 1.77519 144533 0 1.75578 0.42716 0
23.8379 23.5368 1.1952 1.89604 4.48759 1.50426 143984 0 -1.39159 0.423801 0
-26.3859 63.5103 1.78554 2.03449 4.55297 1.64288 202327 0 -1.26436 0.423543 0
-70.7779 5.6045 0.429405 0.76074 1.58081 1.56612 117480 0 -0.313097 0.417167 2
23.1805 -7.25002 0.680963 0.706207 0.806461 1.75797 99054 0 1.90531 0.415996 1
31.3959 -8.36933 0.433278 0.806344 0.866506 1.67188 97208 0 -1.33815 0.414335 1
-12.6387 24.7761 0.919086 2.16604 4.90715 1.56893 145742 0 -1.14989 0.413216 0
26.0593 26.3385 1.30512 1.88037 4.20151 1.43096 148203 0 -1.40454 0.408779 0
-22.8874 31.9121 0.763542 2.04071 4.83872 1.59418 156006 0 -1.11426 0.408718 0
34.382 36.9078 1.69893 2.13756 4.87798 1.54255 163673 0 1.74971 0.408448 0
62.8806 20.6325 0.896803 1.99763 4.48387 1.56228 139894 0 -1.28714 0.40527 0
8.06431 31.8727 1.55719 2.31443 5.7781 1.9003 156103 0 1.25004 0.401548 0
15.2289 36.6278 1.57853 2.02015 4.48887 1.5603 163145 0 1.71805 0.40076 0
31.1482 -9.50642 0.374142 0.806057 1.22056 1.57365 95803 0 -1.48989 0.396485 1
-29.9026 30.8929 0.582616 1.89821 4.30196 1.52813 154580 0 -1.10372 0.395201 0
15.5121 36.346 1.55582 2.03426 4.59315 1.5674 162678 0 1.72204 0.391595 0
28.6439 40.8327 1.85258 2.01295 4.48346 1.57194 169271 0 -1.42987 0.390062 0
-20.3303 37.5647 1.13641 2.04819 4.78683 1.50613 164438 0 2.02521 0.388808 0
17.1175 48.1317 1.94708 1.98694 4.50844 1.53732 179999 0 1.58333 0.382953 0
-70.8199 5.85608 0.410093 0.801932 1.73404 1.71328 117948 0 -0.437192 0.381734 2
59.3475 3.66902 0.56692 1.88202 4.20807 1.63497 115079 0 -1.37859 0.380501 0
63.8311 -3.07883 0.413366 2.03352 4.75388 1.69408 105265 0 1.75254 0.37688 0
47.5061 32.8498 1.50836 2.01622 4.48751 1.55876 157630 0 -1.34669 0.369945 0
35.0879 42.4111 1.85733 2.04071 4.69864 1.57562 171631 0 1.73481 0.366979 0
22.9263 -7.25197 0.699304 0.792192 0.87498 1.8481 99053 0 1.85326 0.366595 1
53.2378 -14.2345 0.960822 3.09744 9.80151 3.6019 88852 0 1.79355 0.365741 0
45.2837 25.2049 1.09346 1.98493 4.58292 1.51574 146391 0 1.82356 0.36407 0
7.5835 31.604 1.58301 2.08522 4.80053 1.78612 155633 0 -1.32296 0.361704 0
-70.6456 5.83502 0.41606 0.814511 1.73568 1.75331 117949 0 -0.238057 0.356217 2
23.0677 -7.73089 0.646968 0.804859 0.891453 1.76166 98118 0 1.92081 0.353987 1
36.3087 42.3226 1.93741 2.00593 4.38854 1.62437 171635 0 -1.45885 0.35364 0
15.8446 63.7904 2.46271 2.13308 4.748 1.74456 202927 0 -1.37658 0.350583 0
29.3611 -10.528 0.477782 0.867781 0.985279 1.75743 94393 0 1.70279 0.348268 1
42.9377 13.2205 0.663184 2.06288 4.79371 1.50137 129068 0 -1.34194 0.347651 0
28.6406 34.8114 1.7098 1.93916 4.42675 1.58402 160379 0 -1.36489 0.344543 0
-28.3352 61.5786 1.31017 1.99428 4.52417 1.53417 199513 0 2.00575 0.340558 0
31.1932 18.9942 1.26838 2.01986 4.43087 1.6738 137455 0 -1.3891 0.339309 0
10.3376 40.4947 1.62382 2.11217 4.86388 1.7056 168746 0 -1.32827 0.338892 0
13.3345 27.4767 1.56125 2.08384 4.81885 1.59786 149567 0 1.76609 0.337834 0
-28.9253 33.415 0.740161 1.99793 4.5963 1.46986 158327 0 -1.03596 0.333913 0
32.2365 54.8515 1.98338 1.78032 3.9649 1.45185 189874 0 -1.30296 0.32929 0
63.8406 -0.187477 0.205558 1.95876 4.31979 1.50512 109477 0 1.77826 0.327861 0
-23.4253 30.9688 0.928884 0.724709 0.666657 1.6964 154600 0 -1.1304 0.324654 1
-20.3388 34.1406 0.852477 2.05022 4.80409 1.45006 159290 0 2.09008 0.324509 0
-72.459 5.09377 0.153182 0.880999 0.893364 1.68312 116539 0 1.79385 0.323536 1
52.9443 37.6266 1.4737 2.01169 4.4705 1.58872 164667 0 0.506668 0.322737 0
10.0919 40.2216 1.64944 2.07889 4.80562 1.70764 168277 0 -1.35665 0.321795 0
-71.1772 18.7476 0.238555 2.08278 4.69461 1.67356 136667 0 1.96121 0.320507 0
31.5266 24.8295 1.30895 1.98053 4.50275 1.4694 145880 0 1.63568 0.315516 0
15.884 42.0858 1.83295 2.00944 4.51703 1.67373 171103 0 1.86663 0.314229 0
-72.3044 5.25429 0.182112 0.892028 0.897421 1.6901 117008 0 1.78349 0.313902 1
-14.2474 25.4531 0.893305 2.10611 4.87169 1.52702 146673 0 2.02664 0.313238 0
10.0541 41.0484 1.69414 2.05976 4.73141 1.69291 169681 0 -1.40116 0.312964 0
-26.7546 63.7748 1.77162 2.19943 4.95334 1.74444 202794 0 0.760886 0.311456 0
62.6187 20.3534 0.875843 1.87614 4.1508 1.50473 139425 0 -1.14351 0.310515 0
31.8253 25.0859 1.30027 2.04752 4.65197 1.52778 146349 0 -1.37454 0.309871 0
16.0982 39.2359 1.78162 2.12138 4.75639 1.61505 166892 0 1.81756 0.308428 0
-26.9982 63.8437 1.76279 2.2009 5.09415 1.78573 202793 0 1.78862 0.306775 0
31.1395 -9.65499 0.37131 0.809424 1.31994 1.59815 95335 0 -1.3934 0.306117 1
46.8674 17.7613 1.38014 0.838607 0.870112 1.72763 135632 0 1.72483 0.304079 1
-37.2431 43.9548 0.920045 2.20819 5.11186 1.66163 173745 0 -1.15543 0.303627 0
-29.8916 62.2025 1.36904 2.09323 4.70838 1.65548 200444 0 2.01968 0.302249 0
27.6523 29.2563 1.36305 2.02762 4.51038 1.47658 152420 0 -1.40049 0.300856 0
46.8715 40.5167 1.83793 1.98618 4.43742 1.58407 168860 0 0.28749 0.29924 0
17.42 47.8942 1.89697 1.99693 4.50226 1.53502 179532 0 1.49484 0.298675 0
-23.3992 31.1156 0.885654 0.706482 0.674141 1.69545 155068 0 -1.18408 0.297783 1
29.3331 -10.9311 0.499037 0.891777 0.970747 1.74797 93457 0 1.73745 0.293799 1
-10.7592 27.6064 1.38146 2.2133 4.83492 1.7096 149960 0 -0.589646 0.290759 0
-12.9081 24.5345 0.89977 2.112 4.75031 1.55331 145273 0 -1.12873 0.288941 0
22.6901 -6.78134 0.739967 0.814785 0.902629 1.86155 99520 0 1.80088 0.287916 1
59.0585 3.45296 0.567316 1.86807 4.12016 1.60967 114610 0 -1.33811 0.286437 0
-31.5569 26.3097 0.469873 1.68905 3.97866 1.45187 148023 0 -1.16293 0.285588 0
14.8713 67.3143 2.65897 2.0186 4.47905 1.67225 208072 0 -1.29965 0.285524 0
9.47542 40.535 1.70941 2.04447 4.61989 1.68281 168743 0 -1.37668 0.285012 0
12.2778 19.69 1.50495 0.848468 0.932331 1.64459 138332 0 0.144044 0.283383 1
21.6275 66.4532 2.81916 2.18156 4.99803 1.87647 206689 0 1.72787 0.283202 0
13.2068 67.0817 2.59717 0.852966 0.809274 1.77718 207599 0 -3.05961 0.282794 1
-56.1662 19.705 -0.0282832 1.97694 4.41956 1.52014 138118 0 -1.17555 0.281461 0
-13.9514 25.4021 0.910484 2.11085 4.83665 1.52899 146674 0 -1.66384 0.281441 0
-30.9555 57.69 1.52931 1.94541 4.17703 1.56598 193889 0 2.08821 0.281355 0
65.1135 5.88338 0.474658 1.99701 4.46008 1.71758 118373 0 1.74225 0.278617 0
-63.556 30.8208 0.470908 1.92367 4.32554 1.56854 154475 0 -0.980923 0.277605 0
-23.3049 30.9776 0.929511 0.751619 0.714829 1.69175 154601 0 -1.14649 0.27662 1
-70.5869 5.4079 0.38415 0.722471 1.4189 1.44802 117013 0 -2.47576 0.275592 2
-57.85 14.1472 0.0530539 1.71617 3.53693 1.45437 130157 0 2.01457 0.275038 0
-5.17907 37.2692 1.28933 2.28283 5.37763 1.83325 164017 0 -1.13533 0.272845 0
12.8605 -3.97744 0.730492 0.677725 0.704196 1.38987 103702 0 2.68723 0.271937 1
28.0278 41.0798 1.834 2.06424 4.68462 1.58328 169737 0 -1.4234 0.271787 0
14.8711 33.4505 1.66046 2.11599 4.74994 1.60081 158464 0 1.69846 0.271634 0
22.6858 -6.65385 0.739721 0.825235 0.910263 1.84926 99988 0 1.80159 0.269696 1
-46.962 24.7764 0.416149 1.89028 4.00292 1.51398 145635 0 -1.06264 0.268467 0
-25.8115 63.2561 1.67912 2.13863 5.00839 1.7146 201861 0 -1.15899 0.268356 0
29.26 40.5534 1.88045 2.04148 4.64273 1.62247 168805 0 -1.39591 0.267753 0
-70.9187 18.9881 0.227557 2.01461 4.50586 1.60627 137136 0 2.10477 0.267416 0
28.9442 41.0584 1.88182 1.96937 4.41755 1.56159 169740 0 -1.45107 0.266947 0
-31.7882 57.5027 1.54433 2.08292 4.6868 1.74963 193418 0 1.9236 0.266229 0
63.1293 20.9174 0.918303 2.1342 4.87194 1.6424 140363 0 -1.40065 0.265235 0
-34.9281 20.6867 0.301783 2.1629 5.00764 1.67658 139588 0 -1.15956 0.264104 0
3.25478 63.4976 1.91327 1.77132 3.84202 1.56133 202420 0 1.76246 0.263621 0
-64.0873 30.3097 0.457422 2.14151 4.87264 1.6505 153537 0 -1.24549 0.263293 0
-28.9324 61.6477 1.35182 2.0417 4.58113 1.55884 199511 0 2.01234 0.262895 0
46.5878 40.7694 1.82978 2.09385 4.7394 1.65596 169327 0 0.123908 0.262806 0
58.1042 3.90881 0.547219 1.99577 4.47682 1.61367 115543 0 -1.39188 0.262482 0
13.8973 68.9877 2.81737 2.00597 4.48565 1.67201 210409 0 -2.92244 0.262064 0
-6.9717 -14.3136 0.398181 0.810882 0.907936 1.64416 88664 0 1.59425 0.258893 1
64.8142 5.63254 0.456483 1.96895 4.46357 1.68106 117904 0 1.72445 0.258421 0
7.31198 31.8722 1.54255 1.91024 4.22088 1.68806 156100 0 1.56467 0.25814 0
22.8735 -5.72012 0.569482 0.820908 0.862623 1.61371 101393 0 1.69274 0.257734 1
-35.3056 44.8757 0.956469 2.29777 5.44498 1.7268 175155 0 -2.7848 0.256785 0
46.9442 18.493 2.20138 0.885489 0.922359 1.76815 136568 0 2.0741 0.256613 1
-72.6651 5.26173 0.20606 0.890027 0.92205 1.72623 117006 0 1.7417 0.255319 1
-15.7355 17.5623 0.727725 2.18488 4.96742 1.71907 134968 0 2.56971 0.255153 0
-67.3129 -1.86532 0.356744 0.850433 0.910092 1.75353 106727 0 1.84101 0.254788 1
35.3475 36.9118 1.7854 2.038 4.55266 1.51312 163676 0 1.66856 0.254756 0
24.1503 23.2706 1.21796 1.75337 4.15023 1.50523 143517 0 -1.38702 0.254346 0
-52.9004 15.5061 0.164582 2.22544 5.14193 1.8727 132044 0 -1.42637 0.254276 0
23.1283 -6.88056 0.735918 0.802914 0.909491 1.82972 99522 0 1.8615 0.253361 1
47.5369 38.8844 1.56191 1.9579 4.36607 1.55702 166522 0 -1.29994 0.252885 0
33.8031 36.729 1.62833 2.01845 4.651 1.48842 163203 0 1.71896 0.251015 0
63.9253 26.4927 1.30949 1.78992 3.96932 1.51529 148321 0 -1.39074 0.249216 0
15.83 39.7595 1.81811 2.05525 4.44893 1.61552 167827 0 1.70004 0.248326 0
63.7623 -4.39513 0.445783 1.78386 4.32701 1.66806 103393 0 1.72906 0.247198 0
15.4965 36.8799 1.53156 2.07233 4.68981 1.60808 163614 0 1.70301 0.247061 0
65.7575 32.812 1.19745 1.9821 4.4814 1.52814 157687 0 -1.5748 0.246927 0
16.7854 63.5778 2.37943 2.14366 4.83259 1.81364 202462 0 -1.38545 0.246841 0
35.7032 42.172 1.9143 1.94856 4.38924 1.58362 171165 0 -1.44921 0.245701 0
31.5942 -9.09441 0.341528 0.761015 0.791413 1.47039 96272 0 -1.5594 0.245436 1
10.4821 43.4352 1.87962 1.95228 4.3353 1.82054 172958 0 -1.30528 0.243044 0
53.6016 39.1783 1.73859 2.02675 4.54371 1.59306 167009 0 -3.02835 0.241189 0
27.4322 35.1264 1.71387 2.02196 4.69248 1.55887 160843 0 -1.23993 0.239773 0
-47.5413 25.3464 0.501317 2.25752 4.99601 1.74242 146569 0 -1.02303 0.239522 0
66.7332 20.0165 0.956959 1.98376 4.47986 1.59875 138970 0 2.90054 0.238903 0
32.4632 24.8326 1.34635 2.1566 4.96995 1.61472 145883 0 -1.42452 0.238331 0
1.148 60.4346 1.72357 1.86528 4.39261 1.57667 197733 0 1.76583 0.238133 0
-30.8608 57.1918 1.5539 2.01954 4.47087 1.58474 192953 0 1.96044 0.237655 0
11.2607 43.9228 1.84675 2.26718 5.16962 1.92709 173897 0 -1.45106 0.237294 0
15.2544 36.0449 1.61636 2.00118 4.45509 1.54068 162209 0 1.73207 0.236784 0
13.0539 67.1098 2.57208 0.878616 0.819398 1.78346 207598 0 -3.00412 0.234942 1
14.5663 33.1532 1.63521 2.05297 4.52482 1.58538 157995 0 1.70224 0.234514 0
-55.89 19.9614 -0.0654688 1.96442 4.36025 1.51766 138587 0 -1.4152 0.234171 0
62.602 20.8954 0.898142 1.78505 3.94281 1.48241 140361 0 -1.52821 0.2339 0
25.19 26.4185 1.27677 1.90207 4.37003 1.48439 148200 0 -1.51338 0.232112 0
-72.462 5.46776 0.17814 0.861889 0.903688 1.73615 117475 0 1.77228 0.231302 1
35.3389 48.7061 3.00414 0.874024 0.877366 1.79053 180992 0 0.196059 0.230424 1
46.5598 39.2048 1.51592 1.98825 4.57551 1.55221 166987 0 -1.22065 0.229387 0
38.0447 8.30853 0.82344 0.96615 0.996848 1.81811 121564 0 0.237584 0.228622 1
53.5897 38.914 1.66945 1.91724 4.26062 1.54257 166541 0 0.836481 0.228002 0
18.0477 48.148 2.00202 2.02302 4.56245 1.57849 180002 0 1.57081 0.227832 0
16.152 42.317 1.89959 2.00088 4.4671 1.6824 171572 0 1.91127 0.227133 0
52.713 37.8877 1.4362 2.01238 4.45821 1.57697 165134 0 0.870588 0.225319 0
12.7743 -3.98944 0.745063 0.689445 0.716069 1.36535 103701 0 1.92046 0.224675 1
-52.5784 14.9722 0.166694 2.18501 4.95445 1.82909 131109 0 -1.20027 0.223877 0
27.4251 38.0193 1.97561 1.94651 4.42631 1.66393 165055 0 -1.41919 0.223838 0
2.79639 66.638 2.0963 2.17189 5.18421 1.79131 207098 0 1.732 0.223531 0
66.0596 33.108 1.23861 1.99969 4.55152 1.5703 158156 0 -1.55133 0.22187 0
31.7195 -9.06368 0.307666 0.755236 0.755885 1.40036 96273 0 -1.45782 0.221427 1
67.0606 32.808 1.38502 1.99875 4.41976 1.58615 157691 0 -1.57666 0.220189 0
25.4936 26.1831 1.30365 1.85919 4.1152 1.45392 147733 0 -1.45939 0.219953 0
53.8952 39.1784 1.79276 2.11594 4.76227 1.66213 167010 0 0.46278 0.219036 0
20.1281 -5.2891 0.598934 0.755264 0.80137 1.58402 101852 0 -2.92493 0.218191 1
17.424 48.3998 1.95673 2.0354 4.58474 1.59352 180468 0 1.66785 0.217962 0
9.16542 41.0439 1.73356 2.01331 4.54449 1.66179 169678 0 -1.4195 0.216856 0
16.1917 48.1471 2.09881 2.01866 4.52547 1.61319 179996 0 1.54967 0.216662 0
15.8587 38.981 1.71849 2.0178 4.4998 1.54632 166423 0 1.88222 0.21664 0
23.5421 23.2841 1.18903 1.81748 4.16817 1.49414 143515 0 -1.39718 0.216468 0
22.6694 -5.86826 0.591869 0.835981 0.843826 1.64934 100924 0 1.77558 0.216008 1
16.2155 41.5158 1.80978 2.01862 4.57331 1.71029 170168 0 1.91439 0.215882 0
23.2522 23.7551 1.18168 1.84016 4.07878 1.50908 144450 0 -1.37196 0.215806 0
11.2706 43.4291 1.81574 2.20402 5.03072 1.91365 172961 0 -1.27668 0.21578 0
66.0759 32.5005 1.19657 1.98601 4.46768 1.53708 157220 0 -1.58905 0.215701 0
65.7506 33.4313 1.25458 2.01515 4.56512 1.55913 158623 0 -1.46526 0.214738 0
65.727 5.6222 0.48908 2.06134 4.6217 1.71592 117907 0 1.73275 0.214399 0
-14.9318 17.4242 0.730457 2.0802 4.62453 1.66585 134971 0 -1.21444 0.21365 0
53.3189 38.8839 1.60298 1.87858 4.13711 1.5243 166540 0 -3.00123 0.213557 0
30.5584 19.0723 1.27975 1.94269 4.37696 1.64775 137453 0 2.12688 0.212826 0
-32.8948 23.7492 0.411489 1.89399 4.36269 1.60483 144275 0 -1.17826 0.212565 0
-58.6399 14.0263 0.0911961 2.14038 4.86203 1.56613 129686 0 1.89555 0.212363 0
-35.8103 15.5092 0.39589 1.99604 4.24497 1.80485 132098 0 -1.13625 0.211276 0
66.7404 19.7019 0.968464 2.0042 4.54313 1.60047 138502 0 -3.1151 0.209734 0
9.37691 11.7004 1.12225 0.723578 0.779094 1.64487 126623 0 -0.043009 0.209211 1
-29.3396 62.1591 1.32385 2.01528 4.41178 1.61787 200446 0 2.08275 0.208376 0
-62.6794 9.43736 -0.00199798 1.75517 3.6412 1.43989 123122 0 1.79735 0.208222 0
16.505 47.8994 2.01463 1.98149 4.39802 1.54487 179529 0 1.49156 0.208069 0
-29.3523 30.8139 0.584053 1.96245 4.54423 1.56187 154582 0 -1.14323 0.207361 0
-27.8754 13.78 0.183624 0.862702 1.04244 1.79053 129782 0 -0.44908 0.207262 1
63.5575 26.7414 1.27779 2.01909 4.51752 1.60531 148788 0 -1.45082 0.207019 0
15.1703 33.7304 1.70172 2.16546 4.83176 1.62528 158933 0 1.6729 0.205357 0
-35.5995 17.8736 0.237852 2.076 4.66395 1.70446 135374 0 -1.16369 0.204861 0
11.0095 43.124 1.81375 2.12444 4.81667 1.89021 172492 0 -1.25974 0.204644 0
-52.0802 15.4326 0.110758 1.90526 4.21576 1.66929 132047 0 -1.10239 0.203319 0
-30.5098 30.9498 0.518875 1.75794 4.0427 1.526 154578 0 -1.08988 0.203101 0
65.1184 5.30909 0.409193 1.99462 4.47498 1.6796 117437 0 1.70827 0.202398 0
57.7736 -15.2195 1.07255 3.19978 13.9624 3.37662 87462 0 1.83631 0.202324 0
-28.616 32.8877 0.668276 1.90529 4.48626 1.50392 157392 0 -1.00331 0.200879 0
13.6265 69.2277 2.80087 2.1384 4.83439 1.72899 210876 0 -2.98595 0.200777 0
-35.905 18.3433 0.234491 2.17599 5.2235 1.70553 136309 0 -1.13395 0.199757 0
45.9537 33.3827 1.50647 2.0351 4.60173 1.56061 158561 0 -1.36048 0.199658 0
31.831 24.5407 1.31768 1.9871 4.4732 1.48647 145413 0 -1.34422 0.198608 0
67.352 33.097 1.37111 2.05415 4.5673 1.64241 158160 0 -1.59849 0.198177 0
64.752 26.94 1.42952 2.22842 5.11017 1.75296 149260 0 -1.50359 0.19796 0
67.0012 20.0158 0.967818 1.98486 4.47925 1.61695 138971 0 -2.86686 0.196615 0
47.5511 9.64285 0.764736 2.02499 4.59431 1.60678 123934 0 1.66534 0.195775 0
-28.3934 33.3664 0.735399 2.02653 4.77622 1.52562 158329 0 -1.06336 0.195757 0
31.9603 51.7374 2.11622 1.73649 3.74619 1.44015 185193 0 -1.36028 0.195502 0
32.2458 51.4891 2.11502 1.72157 3.92531 1.45798 184726 0 -1.31762 0.195111 0
22.5316 66.3807 3.00626 2.21589 5.00463 1.91039 206692 0 1.72408 0.195035 0
-12.3642 25.0499 0.910308 2.22957 4.95556 1.57427 146211 0 -1.1642 0.194602 0
53.0786 12.2531 0.811788 0.849159 1.29352 1.74552 127695 0 -2.46379 0.19457 1
46.9515 18.6209 2.23493 0.832448 0.8788 1.76223 137036 0 1.91863 0.194108 1
32.7988 54.3479 1.99507 2.05942 4.79599 1.61008 188940 0 -1.2253 0.192764 0
-14.8377 25.5128 0.901789 2.10282 4.82131 1.54825 146671 0 1.98059 0.192137 0
-16.6952 45.3769 1.49103 2.07218 4.95836 1.69145 175681 0 1.97176 0.191989 0
62.3068 20.65 0.875801 1.66445 3.59984 1.41467 139892 0 -1.43096 0.190754 0
31.6121 -8.88867 0.361046 0.737792 0.783058 1.40795 96740 0 -1.54535 0.190544 1
33.0332 55.1001 2.00619 2.27252 5.19276 1.74637 190345 0 -1.34851 0.190476 0
32.7885 25.0803 1.39726 2.13021 4.81026 1.63114 146352 0 -1.46859 0.190095 0
-16.5134 45.8164 1.52102 2.1886 5.10231 1.71195 176618 0 2.0652 0.189964 0
2.81793 66.1614 2.00592 2.14578 5.12636 1.78483 206162 0 1.66345 0.189889 0
42.1858 13.0851 0.721939 1.60787 3.37379 1.38682 128597 0 -1.34868 0.189711 0
46.8848 18.0262 1.80345 0.888446 1.02809 1.75882 136100 0 1.77784 0.189343 1
35.6402 42.6125 1.92943 2.02166 4.46402 1.59164 172101 0 -1.83613 0.189328 0
-70.8049 5.38924 0.415884 0.769433 1.54605 1.48958 117012 0 -3.1173 0.189039 2
-2.39266 70.8862 2.1143 2.15804 4.87189 1.67887 213166 0 -1.48494 0.187946 0
31.8325 25.368 1.33516 2.0527 4.61852 1.54435 146817 0 -2.64889 0.187896 0
-29.4074 16.7371 0.23644 1.70742 3.50517 1.37441 133990 0 2.02288 0.187834 0
11.6998 18.1288 1.48121 0.863614 0.906274 1.67025 135990 0 1.74719 0.187616 1
-50.4035 13.9491 0.125763 2.08105 4.26984 1.83235 129712 0 -0.963407 0.186673 0
-36.9593 54.5491 1.27938 2.04527 4.58151 1.65877 189190 0 1.78449 0.186104 0
-23.8995 29.5954 0.708812 2.01227 4.76623 1.44377 152727 0 2.02641 0.186016 0
7.51565 68.3578 2.00158 1.95659 4.38723 1.49999 209453 0 1.82298 0.185871 0
12.1031 19.6683 1.47827 0.930383 1.10441 1.67191 138331 0 0.763957 0.18587 1
-35.5709 44.5992 0.949963 2.17267 4.89136 1.60955 174686 0 -2.41222 0.185602 0
-35.1474 44.078 0.869654 1.81038 3.92791 1.43009 173752 0 -2.60065 0.184773 0
-23.7626 32.2383 0.770015 2.18594 4.98737 1.63732 156471 0 -1.14433 0.183228 0
31.7247 -8.91985 0.320899 0.720568 0.731422 1.33657 96741 0 -1.57104 0.183202 1
49.4029 14.6267 0.978025 2.00755 4.41611 1.55729 130960 0 1.76006 0.183159 0
-13.646 25.3804 0.919566 2.15398 4.90524 1.54251 146675 0 -1.33296 0.183029 0
-35.9929 54.2449 0.950308 1.99367 4.51726 1.56847 188725 0 2.27338 0.182478 0
64.2435 2.4691 0.265759 1.72715 3.84406 1.47234 113222 0 1.79242 0.182002 0
25.7247 26.6059 1.33217 1.87637 4.19466 1.44782 148670 0 -1.45243 0.181185 0
15.5171 35.7308 1.60683 2.09778 4.78577 1.59613 161742 0 1.74401 0.180594 0
64.1752 5.8998 0.507486 1.98994 4.47198 1.68721 118370 0 1.76807 0.180077 0
53.2971 38.567 1.58573 1.89852 4.15596 1.53413 166072 0 0.455257 0.179524 0
48.0643 9.37353 0.772048 2.27556 5.42513 1.72544 123468 0 1.7071 0.1795 0
53.5073 12.2801 0.779792 0.835328 1.76512 1.77048 127697 0 -2.05202 0.179081 1
24.6688 19.6251 1.11974 2.11045 5.04889 1.63468 138371 0 -1.3943 0.17852 0
65.0469 26.4727 1.37839 2.25203 5.53375 1.85363 148325 0 -1.3795 0.178098 0
23.1152 -6.61214 0.746303 0.860802 0.939944 1.83081 99990 0 1.87085 0.177801 1
26.6559 26.1423 1.278 2.00926 4.59318 1.51853 147737 0 -1.35381 0.177515 0
12.2883 19.884 1.54573 0.82392 0.913142 1.64904 138800 0 -0.463889 0.177277 1
53.2899 12.5887 0.786674 0.799672 1.94359 1.79977 128164 0 -3.04937 0.177105 2
13.2153 67.2763 2.59057 0.90884 0.986444 1.82454 208067 0 -1.7829 0.176987 1
-30.2827 57.1295 1.52868 1.98368 4.5189 1.63166 192955 0 2.01162 0.176774 0
-63.2627 30.281 0.444589 1.67556 3.57379 1.42993 153540 0 -1.17672 0.176521 0
13.0409 67.266 2.59439 0.909161 0.944434 1.81648 208066 0 -1.27758 0.176403 1
7.85002 28.654 1.39634 2.09443 5.01629 1.67372 151422 0 -1.39661 0.176184 0
24.7611 23.4875 1.29079 1.91506 4.36366 1.57278 143987 0 -1.40158 0.176114 0
47.1653 40.2152 1.79976 1.97837 4.35931 1.57828 168393 0 0.292425 0.175229 0
68.8379 -4.6522 0.250855 2.21224 5.1609 1.71355 102941 0 0.0808355 0.175104 0
7.53129 65.76 1.96067 2.10862 4.75646 1.67048 205709 0 1.75921 0.175053 0
-55.5263 19.3939 -0.138175 1.95038 4.27807 1.48674 137652 0 -1.10106 0.175034 0
12.6697 24.6128 1.57147 2.05821 4.77664 1.56704 145353 0 1.77299 0.174982 0
10.384 13.0955 1.08768 2.06146 4.72822 1.58559 128498 0 1.81912 0.174963 0
62.9081 21.2048 0.89608 1.99786 4.48036 1.59056 140830 0 -1.57934 0.1742 0
64.4154 -0.454727 0.294021 2.04125 4.63676 1.58164 109011 0 1.77097 0.174057 0
47.0808 18.4915 2.20771 0.885188 0.964388 1.77836 136569 0 -1.6911 0.173611 1
11.935 18.9745 1.4506 2.03685 4.76895 1.71691 137395 0 1.75647 0.173442 0
-36.651 54.5569 1.19034 2.01056 4.48778 1.6207 189191 0 2.02789 0.173288 0
-48.9353 22.5224 0.441403 1.69875 3.54775 1.51336 142353 0 -1.05047 0.172913 0
-14.8635 20.2543 0.891565 2.17813 4.76258 1.69943 139183 0 -1.28437 0.172834 0
22.8677 -6.20123 0.686775 0.851954 0.917807 1.7879 100457 0 1.81041 0.172572 1
-30.1637 61.9721 1.35956 2.14886 4.82105 1.66773 199975 0 1.9442 0.172136 0
-33.0978 23.3135 0.400056 1.91125 4.28988 1.6323 143338 0 -1.14081 0.172085 0
47.8058 39.1521 1.61321 2.00775 4.4755 1.58903 166991 0 -1.35431 0.172044 0
-4.62385 36.7722 1.22514 1.91694 4.22196 1.52743 163083 0 -1.15449 0.171697 0
-15.6071 45.1956 1.45557 1.98936 4.36484 1.59259 175685 0 1.99965 0.171576 0
46.5942 40.2132 1.7149 1.87161 4.09743 1.5256 168391 0 -0.0384053 0.170782 0
46.8461 33.3302 1.46208 2.02133 4.632 1.53186 158564 0 -1.39041 0.170553 0
-7.58944 -15.1011 0.592212 0.750655 0.683109 1.70108 87258 0 -1.97434 0.170374 1
20.2656 -5.47113 0.618907 0.808805 0.87256 1.61636 101385 0 -2.93215 0.170202 1
13.9345 67.6385 2.57747 2.10316 4.71735 1.70388 208537 0 -1.23936 0.170149 0
-14.892 44.6884 1.34837 1.96811 4.46285 1.64889 174751 0 -1.02995 0.169939 0
53.0876 12.0834 0.795654 0.863793 1.15944 1.75757 127227 0 -2.17361 0.1699 1
46.3027 40.5208 1.7697 1.92733 4.25111 1.55895 168858 0 -0.00500189 0.169742 0
46.8505 39.4737 1.62734 1.9808 4.49867 1.54258 167456 0 -1.32881 0.169472 0
63.2313 0.0635986 0.225769 1.96538 4.31961 1.49215 109943 0 1.75198 0.169251 0
66.4385 20.026 0.935957 1.99612 4.50995 1.59288 138969 0 2.50222 0.16909 0
36.882 42.1205 1.93938 2.20514 5.09279 1.79253 171169 0 -1.37704 0.167879 0
65.1344 33.1149 1.19893 2.05644 4.69563 1.56527 158153 0 -1.57561 0.167492 0
-20.347 7.79254 0.19502 1.87743 4.26215 1.5021 120914 0 -1.21938 0.166864 0
59.6386 3.89784 0.5514 1.92886 4.31813 1.69614 115548 0 -1.40602 0.165913 0
31.2339 24.5407 1.31976 1.9256 4.35892 1.44982 145411 0 1.70694 0.165631 0
65.4266 4.97781 0.417148 1.99191 4.44492 1.67322 116970 0 1.70177 0.164963 0
-10.9719 27.4837 1.36713 2.06143 4.39571 1.68285 149491 0 1.25669 0.164884 0
-34.0454 24.075 0.414022 2.18308 4.88567 1.6869 144739 0 -1.16863 0.164744 0
67.3451 32.5205 1.37035 2.06128 4.58434 1.64532 157224 0 -1.56537 0.164413 0
64.5426 2.19715 0.318199 1.75522 3.98335 1.48333 112755 0 1.79801 0.164283 0
18.3891 56.7993 2.09269 0.861267 0.985367 1.59614 192639 0 -1.72897 0.164256 1
-26.0144 37.876 1.14276 2.23772 5.58042 1.62516 164888 0 -0.991391 0.164166 0
-32.3664 26.1225 0.483896 2.20166 4.9739 1.61324 147552 0 -1.1618 0.164144 0
48.1445 32.5547 1.624 2.03871 4.48075 1.60124 157164 0 -1.27383 0.164051 0
17.135 47.5755 1.92449 1.95311 4.44531 1.52403 179063 0 1.37199 0.164018 0
16.1702 63.2837 2.46659 2.08651 4.68189 1.74756 201992 0 -1.36601 0.163429 0
4.26668 68.7208 2.02356 1.92328 4.19697 1.4866 209911 0 1.69108 0.163293 0
-27.3364 64.1052 1.70964 2.3573 5.65725 1.95031 203260 0 1.6122 0.163004 0
-54.8638 19.0773 -0.252047 1.97659 4.51123 1.5182 137186 0 -1.06653 0.162651 0
8.88155 40.8207 1.70062 2.05227 4.74278 1.69478 169209 0 -1.39164 0.162635 0
14.603 36.9165 1.56925 1.99947 4.45956 1.54891 163611 0 1.72263 0.162457 0
63.5861 -0.402481 0.206915 1.89029 4.24065 1.48776 109008 0 1.76709 0.162452 0
65.4665 33.7382 1.31189 2.01344 4.46172 1.57036 159090 0 -1.32181 0.162041 0
28.3467 40.5534 1.87023 2.04773 4.51847 1.6228 168802 0 -1.40075 0.161913 0
12.0404 36.3685 1.86959 0.821406 0.890706 1.69946 162667 0 1.63012 0.161816 1
9.77092 41.3351 1.72391 2.00055 4.54545 1.6868 170148 0 -1.42004 0.161769 0
34.6581 34 1.76501 2.29151 5.1967 1.6951 159462 0 1.68159 0.160999 0
-19.7673 37.4729 1.16365 2.08618 4.62003 1.47284 164440 0 -2.7621 0.1608 0
-35.715 54.5413 0.901077 1.94726 4.37979 1.51084 189194 0 2.58989 0.160694 0
-70.596 18.4753 0.185228 1.74373 3.69341 1.49124 136201 0 1.99242 0.160528 0
66.0507 33.7313 1.3545 2.06382 4.69167 1.59498 159092 0 -1.48058 0.160392 0
-36.7262 43.6836 0.87661 1.95213 4.16214 1.52785 173279 0 -1.08153 0.159761 0
3.97253 13.2239 1.06712 0.773213 0.767714 1.60032 128946 0 0.501307 0.159691 1
26.4445 29.5257 1.37114 2.01263 4.53245 1.48866 152884 0 -1.42732 0.159598 0
16.4891 48.4147 2.03097 2.01488 4.51915 1.61481 180465 0 1.67232 0.159494 0
63.1576 20.0702 0.908189 2.27667 5.28291 1.71725 138959 0 -1.15208 0.159263 0
-21.8408 34.7603 0.897149 2.01988 4.57441 1.4727 160221 0 1.98574 0.159149 0
-71.4566 18.4582 0.251533 2.22271 5.02179 1.79772 136198 0 1.8833 0.159093 0
32.8013 31.2086 1.71696 2.02461 4.56261 1.63964 155244 0 1.73269 0.158941 0
46.9491 5.72676 0.775615 2.02552 4.51546 1.69513 117848 0 1.7973 0.158928 0
-23.8349 32.396 0.803964 2.18417 5.18276 1.65898 156939 0 1.62519 0.158852 0
18.091 57.4517 2.10798 2.04369 4.59825 1.62288 193574 0 -1.54311 0.158587 0
27.7381 40.8581 1.8057 2.00023 4.5326 1.5587 169268 0 -1.42637 0.158506 0
27.383 38.4348 1.9776 2.19966 4.89221 1.68353 165991 0 -1.40199 0.158349 0
-3.65887 39.3174 1.14893 1.91489 4.30735 1.50742 166830 0 -1.16779 0.158232 0
-50.915 20.0276 0.141463 2.18781 5.07383 1.70716 138602 0 2.08012 0.157998 0
23.0727 -5.87702 0.606389 0.855694 0.910264 1.66672 100926 0 1.70439 0.157856 1
16.5266 41.1307 1.83609 1.13636 1.59317 1.70301 169701 0 1.97043 0.157832 1
-7.57432 -14.9752 0.567389 0.755619 0.741203 1.68564 87726 0 -2.2994 0.157606 1
15.2585 63.5849 2.41318 2.07992 4.67853 1.74298 202457 0 1.82384 0.157586 0
18.7162 57.4254 2.22121 1.99976 4.55813 1.58122 193576 0 2.49061 0.157536 0
67.0624 33.4113 1.3832 2.00331 4.44221 1.58331 158627 0 -1.59439 0.157335 0
57.888 0.783852 0.312917 1.63718 3.25389 1.33501 110862 0 -1.35856 0.156761 0
62.9093 26.7631 1.13926 2.12355 4.95926 1.70363 148786 0 1.59708 0.156555 0
33.18 34.267 1.63527 2.10723 4.75716 1.53619 159925 0 1.7143 0.156207 0
-56.4489 19.4275 -0.00165886 2.01124 4.52005 1.52657 137649 0 -1.4901 0.156147 0
-21.3171 34.9212 0.88789 1.95602 4.36255 1.4494 160691 0 2.05013 0.156129 0
-52.3932 15.741 0.150998 2.00424 4.5265 1.71524 132514 0 -1.30739 0.155609 0
47.2954 8.92284 0.748829 1.86994 4.00815 1.54039 122529 0 1.85133 0.155395 0
20.2762 -5.09085 0.611276 0.803198 0.881952 1.62517 102321 0 -2.98171 0.155235 1
48.424 32.7784 1.66385 2.07146 4.58299 1.61754 157633 0 -1.33908 0.155139 0
64.4899 26.175 1.32958 1.91928 4.46613 1.61412 147855 0 -1.35581 0.154872 0
24.1822 19.8664 1.14816 1.96387 4.44896 1.62571 138837 0 -1.41488 0.154553 0
45.8503 25.3368 1.20155 1.94303 4.22151 1.53767 146861 0 1.79633 0.15453 0
65.3464 2.42962 0.362891 2.2581 5.25157 1.72781 113226 0 1.75004 0.154297 0
23.6211 19.6353 1.21421 1.57992 3.06786 1.59559 138367 0 -1.38408 0.154128 0
28.0069 37.6894 1.93959 1.88584 4.2709 1.6495 164589 0 -1.36437 0.154107 0
65.1323 32.5092 1.19479 2.02484 4.60617 1.54512 157217 0 -1.56852 0.153715 0
13.2857 67.6834 2.48285 2.06024 4.66221 1.76112 208535 0 -1.3666 0.153489 0
3.41108 69.232 2.03419 2.15277 4.96627 1.67315 210844 0 1.74979 0.153391 0
64.1646 -0.738281 0.283377 1.95417 4.41651 1.53739 108542 0 1.76 0.152568 0
-35.7072 54.8712 0.928867 1.96049 4.3175 1.52084 189662 0 2.83752 0.152461 0
64.1233 0.0698318 0.278338 2.06833 4.60104 1.5748 109946 0 1.73953 0.151754 0
-57.2041 11.3877 0.816984 0.776265 0.804465 1.75499 125947 0 -1.3354 0.151707 1
52.6672 38.1933 1.45573 1.99399 4.53675 1.55348 165602 0 1.64902 0.151441 0
58.4645 3.47179 0.559873 1.88978 4.15186 1.57896 114608 0 -1.35689 0.150613 0
-56.1655 20.228 0.00790712 2.07938 4.75494 1.57345 139054 0 -0.956369 0.150473 0
46.8637 17.561 1.40206 0.897718 0.910338 1.75054 135164 0 1.77737 0.150197 1
64.5033 5.32122 0.409194 1.89576 4.28192 1.66402 117435 0 1.7721 0.149955 0
19.0265 57.41 2.32873 2.03014 4.5874 1.60047 193577 0 1.88386 0.149402 0
-37.0107 44.231 0.973656 2.28258 5.11882 1.69201 174214 0 -0.915183 0.14938 0
30.6885 -9.48698 0.31285 0.705452 0.769571 1.18174 95801 0 -1.39874 0.149288 1
32.1428 25.3621 1.35464 2.16161 4.90513 1.60353 146818 0 -1.48335 0.149146 0
