26.7575 9.4579 0.734596 2.08425 4.68206 1.55788 123401 0 1.71453 0.940344 0
-11.4056 9.46263 0.928193 1.97106 4.47616 1.51991 123282 0 1.7105 0.933204 0
8.15189 16.7455 1.39977 2.09926 4.92039 1.76727 134107 0 1.68734 0.931659 0
38.9084 5.89451 0.686078 1.95417 4.25481 1.71278 118291 0 -1.35999 0.922656 0
3.01833 20.4265 1.25478 2.0737 5.08004 1.50869 139239 0 -1.47458 0.919137 0
2.63553 14.5857 1.10212 2.00578 4.73617 1.46781 130814 0 -1.43432 0.913851 0
-38.2706 -7.21583 -0.177557 2.11686 4.75324 1.67894 98862 0 0.113477 0.905941 0
-10.4874 12.9012 1.09682 2.03159 4.58009 1.80752 128433 0 1.78726 0.89882 0
-21.595 9.09918 0.337028 2.06613 4.6833 1.50255 122782 0 -1.20789 0.89792 0
4.31699 26.1631 1.53118 2.17161 5.1998 1.86135 147667 0 -1.43574 0.894008 0
19.2644 11.2665 1.0286 2.22287 5.26811 1.87972 126186 0 -1.46619 0.8932 0
-9.84103 34.1455 1.46088 2.33275 5.61409 1.85433 159323 0 -1.11771 0.890694 0
19.402 14.2878 1.15307 2.09904 4.69005 1.85704 130398 0 -1.41807 0.887051 0
-30.0347 -8.25001 -0.205474 2.20933 4.91912 1.89902 97484 0 0.100982 0.885119 0
3.65316 23.2696 1.3146 1.99019 4.76464 1.45827 143453 0 1.6882 0.876774 0
-41.08 8.89904 0.238882 2.16299 4.82213 1.69208 122253 0 -1.14874 0.871865 0
51.0007 -11.6261 0.841732 2.95704 8.12938 3.39303 92589 0 1.71597 0.870179 0
10.6076 31.1866 1.75078 2.25027 5.19026 1.90664 155175 0 1.68326 0.865768 0
1.71313 11.5511 1.05749 2.04496 4.68648 1.492 126599 0 -1.39403 0.864541 0
-31.2319 18.007 0.47997 1.93928 4.34771 1.47351 135856 0 1.94775 0.862476 0
39.4946 8.81605 0.599533 1.941 4.56323 1.49598 122505 0 1.70724 0.85715 0
-9.4455 21.0791 1.25965 2.18346 4.91393 1.96763 140136 0 1.81902 0.856834 0
-35.7511 -7.87936 -0.251727 1.94897 4.23329 1.59203 97934 0 0.134669 0.856762 0
-30.9672 20.6592 0.74023 1.96358 4.41853 1.72037 139601 0 1.92627 0.854279 0
9.11002 22.51 1.49549 2.12047 4.80481 1.77313 142534 0 -1.44641 0.853468 0
56.226 0.552246 0.331134 2.07017 4.57561 1.76666 110389 0 -1.36196 0.851982 0
2.46628 17.5339 1.18693 1.94909 4.73013 1.47462 135025 0 -1.38839 0.850762 0
-64.7445 2.47233 0.115353 2.12353 4.641 1.61006 112819 0 -1.42114 0.848981 0
-13.5677 26.6963 1.38576 2.17491 4.90484 1.83365 148547 0 -1.15737 0.847267 0
21.268 20.6319 1.25521 1.92421 4.37359 1.72191 139764 0 -1.39963 0.845138 0
21.0291 -6.56044 0.631959 0.86687 0.932465 1.87277 99983 0 1.86618 0.841447 1
39.4429 12.3989 0.728681 1.89474 4.32258 1.71416 127653 0 -1.35784 0.84075 0
-39.5736 -1.33329 -0.0931019 2.12743 4.85473 1.52064 107282 0 -1.44969 0.840104 0
56.2324 3.36454 0.276188 1.90325 4.26682 1.48189 114601 0 -1.40439 0.838499 0
-32.5366 15.5083 0.347099 1.93958 4.30551 1.45565 132108 0 1.9913 0.833251 0
26.7336 20.5954 1.25057 2.02283 4.74999 1.67689 139781 0 1.75413 0.833094 0
21.3202 24.4621 1.17033 1.93376 4.45818 1.47326 145380 0 -1.40696 0.832428 0
6.50143 10.8343 1.21058 2.04391 4.80612 1.82586 125210 0 1.74279 0.830307 0
44.0429 5.03265 0.444554 1.84882 4.21591 1.51156 116903 0 1.77382 0.825378 0
-8.49862 24.2393 1.12044 1.91715 4.37871 1.50412 144819 0 1.73546 0.816781 0
-29.6074 23.107 0.606232 2.04571 4.73299 1.53595 143349 0 1.92906 0.815799 0
-37.5591 18.9982 0.376542 2.09876 4.6564 1.64363 137240 0 -1.15136 0.81067 0
20.5887 17.7073 0.988788 1.97199 4.62207 1.47877 135550 0 -1.49543 0.808245 0
-9.70892 15.3271 1.08791 2.14293 4.951 1.81853 131711 0 1.82165 0.804246 0
-52.3576 20.2259 0.548572 1.97759 4.32378 1.64703 139066 0 -1.07245 0.803939 0
35.5695 9.41877 0.734888 0.870615 0.858067 1.6986 123429 0 0.095698 0.799945 1
-28.3445 25.537 0.938091 2.06102 4.52559 1.76803 146629 0 1.92308 0.789953 0
27.4215 13.174 0.910893 2.21116 4.87195 1.75509 129019 0 1.69373 0.783041 0
-9.47774 18.1826 0.982366 1.94546 4.3676 1.49671 135924 0 1.79277 0.782514 0
-53.3379 17.3907 0.261446 1.87347 4.10208 1.54546 134851 0 2.0648 0.779976 0
61.5951 -0.211891 0.34734 1.9377 4.52494 1.60527 109470 0 1.68699 0.779443 0
39.8454 15.24 0.638647 1.84937 4.15692 1.46823 131866 0 -1.38267 0.776153 0
-38.2261 16.4953 0.313125 2.05033 4.56303 1.73918 133494 0 -1.18062 0.775592 0
-33.6794 13.0706 0.278478 2.014 4.59338 1.47629 128360 0 -1.13814 0.768815 0
-20.2414 11.594 0.363325 1.9887 4.45983 1.44698 126530 0 -1.23902 0.766643 0
-68.9206 6.98431 0.0849972 2.06938 4.66587 1.55033 119358 0 1.70162 0.766377 0
-19.7013 14.4403 0.538896 2.04351 4.56134 1.46394 130744 0 -1.24526 0.765001 0
-30.0331 11.7218 0.303042 0.913197 0.914061 1.73229 126500 0 -0.505487 0.763432 1
-34.7035 9.63796 0.226663 1.93799 4.18401 1.52216 123677 0 1.95523 0.760229 0
-35.0368 24.4316 0.598636 1.97718 4.65663 1.55563 145204 0 -1.16058 0.757569 0
4.91946 31.8897 1.61095 2.18043 5.26002 1.91136 156093 0 1.67195 0.757473 0
-11.346 31.8084 1.25074 2.07622 4.77028 1.4546 156042 0 -1.16987 0.755181 0
-39.1325 13.9868 0.465386 2.29665 5.38322 1.99148 129747 0 -1.1284 0.748681 0
-39.818 11.4502 0.237764 2.06958 4.6174 1.66684 126001 0 -1.21208 0.748284 0
66.646 -2.42086 0.176187 2.14559 4.84662 1.83562 106210 0 0.123139 0.743964 0
44.9349 8.10823 0.618073 2.12514 4.75114 1.70732 121586 0 1.74015 0.73832 0
-36.3774 21.9208 0.526525 1.9359 4.28606 1.6302 141456 0 -1.212 0.734722 0
-45.9103 32.2556 0.965962 2.13153 4.65098 1.59333 156402 0 -1.12359 0.72915 0
27.1115 -9.24673 0.423342 0.848619 0.942884 1.66788 96258 0 1.75677 0.716563 1
8.49448 19.4039 1.39241 2.05534 4.88128 1.61708 137852 0 1.69382 0.712948 0
27.0702 23.4793 1.41685 2.089 4.9786 1.57438 143994 0 1.72685 0.710602 0
60.9876 29.5216 1.08258 1.98963 4.43247 1.63976 152992 0 -1.4447 0.703211 0
28.0452 53.1919 2.08627 1.99961 4.41529 1.58112 187521 0 -1.43067 0.691601 0
10.0729 28.3455 1.51458 2.06892 4.712 1.57445 150961 0 1.7116 0.690859 0
-3.64907 57.7032 1.63938 1.98238 4.47922 1.49336 193974 0 1.7294 0.687043 0
-8.47617 36.7015 1.39586 1.98605 4.45164 1.6162 163071 0 -1.11778 0.685622 0
28.6739 62.586 1.9917 2.06676 4.69139 1.61793 201095 0 -1.51205 0.68559 0
44.9576 11.2863 0.615082 1.9798 4.51781 1.56583 126266 0 1.7505 0.67832 0
-17.3834 19.3028 0.988295 2.04738 4.46251 1.68939 137771 0 -1.21807 0.677513 0
6.90993 43.995 1.97093 2.25805 5.14212 1.81368 173883 0 -1.44148 0.65613 0
21.9886 -6.35942 0.511831 0.817973 0.895664 1.7082 100454 0 1.99344 0.655259 1
18.4871 -4.37578 0.484804 0.774529 0.804376 1.59215 103251 0 0.220206 0.650935 1
-18.4236 16.7756 0.810962 2.1087 4.73148 1.73196 134024 0 -0.905072 0.646439 0
-60.9812 11.5788 0.153319 1.97329 4.41834 1.57217 126403 0 2.00225 0.645279 0
7.55059 13.9231 1.08892 2.03205 4.69567 1.48462 129893 0 1.74876 0.643418 0
10.3898 64.4598 2.58931 2.1715 5.00489 1.80369 203846 0 -1.42833 0.635656 0
24.5006 39.2793 1.9348 2.00951 4.46933 1.73308 166918 0 -1.46939 0.632849 0
-2.41596 63.5474 1.89649 2.0457 4.64058 1.64516 202402 0 1.72536 0.632619 0
-55.8032 12.9821 0.275458 2.09177 4.69804 1.58924 128291 0 -1.18878 0.619465 0
10.9735 -3.39819 0.678438 0.70133 0.743074 1.52421 104632 0 3.09384 0.618494 1
57.112 6.50618 0.497702 1.92478 4.31401 1.63225 119284 0 -1.43082 0.617492 0
29.9008 35.4116 1.59984 2.04595 4.6997 1.54625 161319 0 1.72922 0.616404 0
28.9656 65.489 2.11944 2.03598 4.53725 1.73746 205308 0 -1.47913 0.61375 0
24.5234 36.2418 1.73827 2.05281 4.59509 1.53515 162706 0 -1.44774 0.607124 0
29.9701 -8.21187 0.216055 0.762946 0.80049 1.54717 97671 0 -1.4595 0.606212 1
-50.3849 22.8335 0.623833 1.98295 4.44702 1.51828 142816 0 -1.04583 0.603313 0
-34.3621 26.989 0.8172 2.13065 4.64575 1.71853 148950 0 -1.22158 0.599848 0
19.5984 -4.6452 0.520536 0.905338 0.978148 1.7041 102787 0 -0.359161 0.591633 1
-7.55027 39.5381 1.25946 1.94576 4.40394 1.45815 167286 0 -1.08222 0.58496 0
28.027 56.4655 2.06862 2.0078 4.55892 1.56938 192201 0 -1.37632 0.583484 0
47.2329 26.0231 1.19256 2.45979 5.66801 1.87687 147801 0 -1.34061 0.577305 0
43.0393 35.1041 1.42123 1.94013 4.37575 1.55641 160892 0 -1.41288 0.570263 0
61.6113 2.68023 0.224229 1.78713 3.97924 1.49219 113682 0 1.76191 0.55911 0
21.1613 -6.54421 0.608782 0.848154 0.929746 1.84943 99984 0 1.85817 0.557855 1
9.47154 25.4707 1.48298 2.05116 4.75522 1.54421 146747 0 1.71516 0.555813 0
62.2706 5.56202 0.199522 1.77819 3.88643 1.4718 117896 0 1.73321 0.552884 0
22.5697 27.3772 1.26581 1.92735 4.43657 1.4784 149596 0 -1.41602 0.551892 0
59.7292 23.5874 0.68456 1.91123 4.31812 1.47194 144096 0 -1.34314 0.551263 0
-3.68647 60.6987 1.81375 1.93095 4.42788 1.48033 198186 0 1.7144 0.548476 0
-47.5336 26.9933 0.836874 2.00219 4.61513 1.5513 148909 0 -1.16344 0.545872 0
19.4538 -4.60509 0.522217 0.93498 0.96806 1.69416 102786 0 -0.546897 0.542322 1
30.4673 -7.10912 0.306429 0.821846 0.890767 1.70396 99077 0 -1.23407 0.533931 1
10.0693 67.7308 2.85854 2.0441 4.68604 1.77581 208525 0 -1.31135 0.528062 0
-26.8163 29.8697 0.971275 0.646681 0.580969 1.69454 153186 0 -1.30997 0.518157 1
-1.4407 71.9294 2.46897 2.03061 4.54275 1.78978 214573 0 1.73432 0.516531 0
46.8651 22.8381 0.857734 2.02546 4.65793 1.50164 143120 0 1.74663 0.515854 0
10.076 55.2314 2.12195 1.98331 4.58687 1.48528 190273 0 -1.54494 0.507176 0
45.2983 17.0473 0.820715 1.98568 4.54012 1.53869 134691 0 1.75706 0.49837 0
-31.5182 62.2498 2.01434 2.17766 5.00469 1.64798 200439 0 -1.17882 0.485011 0
21.1792 -5.66405 0.701113 0.867148 0.934332 1.90978 101388 0 1.59487 0.476029 1
-29.3254 36.2973 1.27654 2.00902 4.75967 1.49908 162538 0 -1.00487 0.471601 0
-26.7004 30.9085 0.872962 1.95851 4.41868 1.67027 154590 0 -1.13056 0.471324 0
-18.6434 16.8518 0.804226 2.23254 5.14369 1.74818 134023 0 1.83854 0.469522 0
-67.3357 27.3847 0.729709 2.09008 4.65807 1.68871 149315 0 -1.1694 0.469369 0
-24.4994 33.413 1.0212 1.96964 4.4729 1.42747 158341 0 2.02744 0.466021 0
-26.368 44.0385 1.57913 2.04652 4.67946 1.65308 173779 0 -1.34598 0.464046 0
10.1114 58.4467 2.32829 2.0409 4.68852 1.6604 194953 0 -1.50066 0.443743 0
29.5835 68.3333 2.0512 2.12308 4.83754 1.71547 209522 0 -1.47945 0.438225 0
12.0206 39.8534 1.84325 2.13475 4.73958 1.67989 167815 0 1.71228 0.435851 0
25.1366 42.0366 1.96517 1.98703 4.37641 1.61394 171132 0 -1.48012 0.435399 0
-28.0209 28.6288 0.802412 1.83664 4.24381 1.39555 151310 0 1.90118 0.433069 0
-26.9141 29.8757 0.956071 0.688853 0.631563 1.71156 153185 0 -1.2347 0.432818 1
-69.1932 -4.53782 0.589795 0.888363 0.910046 1.76681 102509 0 1.69655 0.431969 1
13.906 51.6748 2.26821 2.05384 4.67402 1.62169 185137 0 -1.50029 0.424754 0
41.1001 23.9121 0.921579 1.97497 4.4508 1.48639 144506 0 1.58104 0.423563 0
22.2805 27.387 1.269 1.89794 4.31989 1.47417 149595 0 1.43595 0.421073 0
20.9905 -6.79215 0.558544 0.793838 0.837157 1.69533 99515 0 1.87903 0.41322 1
7.80431 14.1736 1.10348 2.00041 4.56884 1.47959 130362 0 1.72958 0.412675 0
28.2993 26.4121 1.22555 2.00836 4.63554 1.42117 148210 0 1.65338 0.410412 0
-2.14696 63.7793 1.88807 1.99645 4.5067 1.62203 202871 0 1.78723 0.410062 0
-41.7318 52.6145 1.42776 2.12684 4.80366 1.69637 186367 0 -1.18743 0.405753 0
10.8458 -3.40376 0.664278 0.731962 0.773744 1.59028 104631 0 -3.13273 0.403426 1
21.2637 -6.25667 0.57406 0.733101 0.814927 1.78225 100452 0 1.85809 0.398191 1
22.1031 -6.44868 0.50474 0.853489 0.923752 1.68093 99987 0 1.96231 0.398189 1
12.9564 48.7907 1.84022 1.9657 4.43028 1.47076 180922 0 1.66552 0.397641 0
-18.708 25.403 0.978935 2.03574 4.68923 1.53746 146659 0 -1.20137 0.397638 0
21.2048 -5.86737 0.638358 0.818905 0.894573 1.86013 100920 0 1.81631 0.395082 1
43.0451 41.1808 1.49965 1.92465 4.3704 1.45301 169784 0 -1.44821 0.3906 0
-32.1261 31.596 0.786956 1.96102 4.47471 1.45097 155509 0 -1.05123 0.389477 0
30.179 -8.18392 0.248238 0.850902 1.3438 1.61212 97672 0 -1.51296 0.389017 1
49.1159 40.4071 1.54924 1.95893 4.50168 1.50987 168867 0 1.79712 0.387337 0
21.0218 -6.34054 0.621387 0.795562 0.864468 1.83858 100451 0 1.86019 0.385372 1
41.0792 24.0688 0.953378 2.09603 4.67762 1.51059 144974 0 1.16932 0.384128 0
27.7402 56.2173 1.99172 1.80356 4.03508 1.45991 191732 0 -1.3576 0.373977 0
-2.6692 63.2789 1.93759 2.12244 4.84378 1.70804 201933 0 1.68043 0.37303 0
30.3701 -6.99557 0.299941 0.821425 0.895508 1.72465 99544 0 -1.27919 0.37012 1
-23.8372 36.3464 1.21868 1.99012 4.5999 1.51394 162555 0 2.02374 0.364975 0
28.2433 56.726 2.10893 2.19133 5.00491 1.70759 192670 0 -1.42119 0.362929 0
10.9769 -3.55553 0.684137 0.758514 0.809962 1.60283 104164 0 3.09942 0.361316 1
-20.9627 44.6463 1.66239 1.9543 4.51179 1.63676 174732 0 1.7354 0.357418 0
13.9045 39.8289 2.03963 2.12005 4.80452 1.73096 167821 0 1.77464 0.356268 0
13.6168 39.525 2.0414 2.23665 5.11561 1.82386 167352 0 1.71205 0.355379 0
62.8209 5.55829 0.204313 2.06022 4.68746 1.61617 117898 0 1.69223 0.352831 0
-56.4614 13.2534 0.29089 2.08825 4.71599 1.54163 128757 0 -0.957093 0.352248 0
-23.88 33.0821 1.00053 2.0601 4.79221 1.44306 157875 0 -1.18931 0.349908 0
42.4282 35.3192 1.44337 1.95047 4.46821 1.5269 161358 0 -1.41311 0.348769 0
-69.0866 -4.42948 0.543766 0.880123 0.884336 1.74867 102978 0 1.72551 0.346298 1
41.1387 44.0122 1.92224 1.88018 4.19923 1.50296 173990 0 -1.56963 0.343183 0
21.05 -4.8391 0.461697 0.762843 0.807551 1.6933 102323 0 1.46533 0.339502 1
-24.4335 33.215 1.00968 2.00085 4.64845 1.43528 157873 0 1.65406 0.339133 0
-30.9259 61.9573 2.03575 1.99574 4.37749 1.54534 199973 0 -1.18212 0.334588 0
41.7615 23.8553 0.946622 2.01592 4.58471 1.48634 144508 0 -1.42834 0.33329 0
6.24415 40.5118 1.84446 1.96685 4.56071 1.55753 168733 0 -1.49556 0.332631 0
4.96622 28.9669 1.39412 2.15454 5.15087 1.70317 151881 0 -1.4115 0.332289 0
18.4762 -4.52296 0.512944 0.808426 0.832449 1.60931 102783 0 0.318648 0.332007 1
14.8649 58.0496 2.20244 1.97806 4.42889 1.52727 194500 0 -1.54818 0.331052 0
41.7578 27.2742 1.04357 2.03051 4.68596 1.49176 149656 0 1.60843 0.325663 0
-28.6029 28.7008 0.74808 1.82025 4.29254 1.39989 151308 0 1.98417 0.32563 0
21.6017 -6.27408 0.554151 0.73951 0.8183 1.72162 100453 0 1.92894 0.321687 1
-27.7311 28.5853 0.822493 1.89909 4.39192 1.42263 151311 0 -3.02074 0.320034 0
-23.4638 36.0879 1.23899 1.96527 4.48753 1.51695 162088 0 0.739524 0.319456 0
28.3204 29.6216 1.42385 2.0012 4.45296 1.49086 152890 0 1.73839 0.317944 0
-18.0974 16.5867 0.820255 1.9406 4.26445 1.6861 133557 0 -1.20118 0.317705 0
13.6521 51.4053 2.17231 1.90805 4.28035 1.50279 184668 0 -1.43339 0.312764 0
-8.10418 39.8133 1.28535 2.15254 5.02742 1.56399 167752 0 -1.10389 0.31271 0
30.5347 43.3866 1.85103 0.716369 0.685475 1.64766 173021 0 -1.38017 0.312142 1
9.46931 58.6634 2.37841 2.05541 4.70175 1.70126 195419 0 -1.54145 0.309855 0
46.2292 16.851 0.809136 1.86366 4.21736 1.52957 134226 0 1.72258 0.309316 0
34.7132 64.4697 2.07932 1.99214 4.48367 1.61835 203922 0 1.64664 0.309048 0
-30.0186 11.8682 0.283978 0.921122 1.00596 1.75196 126968 0 -0.319043 0.307612 1
-40.8145 42.0749 0.959185 1.9764 4.46921 1.53062 170926 0 2.16294 0.307414 0
50.6752 15.6099 0.754371 0.860556 0.939667 1.73654 132368 0 1.98087 0.307155 1
30.5601 38.2801 1.67883 2.05333 4.72462 1.52079 165533 0 1.72029 0.305308 0
10.6627 67.6889 2.96095 2.42521 5.90433 2.05494 208527 0 -1.3402 0.304404 0
9.81821 28.0945 1.51881 2.03564 4.63663 1.56276 150492 0 1.73079 0.301127 0
30.5667 -7.86909 0.239019 0.692157 1.07013 1.35825 98141 0 -1.45397 0.300319 1
64.804 22.8923 0.814276 1.99283 4.49086 1.61033 143176 0 -1.63879 0.300124 0
29.9712 -8.35516 0.237817 0.79136 0.971872 1.58176 97203 0 -1.44135 0.299928 1
50.6729 15.748 0.763494 0.834796 0.920786 1.73428 132836 0 1.96404 0.299315 1
-24.2156 33.3483 1.02578 2.02341 4.70367 1.42965 158342 0 -2.89336 0.296944 0
-27.0166 44.0418 1.53675 2.09889 4.90689 1.71526 173777 0 -1.42951 0.293889 0
5.9412 40.7838 1.87789 1.97822 4.44293 1.6513 169200 0 -1.50369 0.292035 0
19.6426 -4.84937 0.525408 0.889977 0.907274 1.69282 102319 0 0.0504283 0.291967 1
13.6473 51.9394 2.24748 1.90989 4.26248 1.52128 185604 0 -1.51815 0.291304 0
10.9704 64.2096 2.56903 1.93286 4.24066 1.69347 203380 0 -1.46182 0.290118 0
-0.867393 72.064 2.52679 2.27235 5.08281 1.8685 215043 0 1.63959 0.288488 0
-53.8077 17.4713 0.255262 2.16269 4.91964 1.64175 134849 0 2.0248 0.287382 0
-26.7971 29.7168 1.02532 0.692682 0.618536 1.69665 152718 0 -1.24712 0.28721 1
31.1643 35.2978 1.67825 2.09235 4.61732 1.5413 161323 0 -1.4575 0.28558 0
28.0327 55.9342 2.05623 1.94882 4.41217 1.55376 191265 0 -1.31969 0.285561 0
-17.4624 16.4565 0.755306 2.12222 4.75138 1.7118 133559 0 -1.22575 0.284116 0
62.1799 2.43592 0.229925 2.0004 4.61081 1.58585 113216 0 1.75158 0.284094 0
23.5132 30.5478 1.50707 1.98488 4.46318 1.50747 154279 0 -1.41595 0.283715 0
-21.2646 44.3641 1.6373 1.92044 4.58527 1.60245 174263 0 1.73307 0.280981 0
-41.1791 52.3403 1.36897 1.90458 4.10176 1.52817 185901 0 -1.22761 0.279665 0
-22.8503 6.80927 0.298015 1.97985 4.57654 1.63658 119502 0 -1.2933 0.278999 0
66.4832 -2.92461 0.159335 1.81935 3.98519 1.64071 105273 0 0.113386 0.278724 0
19.3901 -4.42892 0.498772 0.867069 0.947193 1.65852 103254 0 -0.52471 0.278475 1
8.09915 13.6755 1.13156 2.08502 4.78597 1.56536 129427 0 1.76523 0.278352 0
-27.6969 28.3876 0.795543 1.94522 4.5181 1.43552 150843 0 2.18076 0.278215 0
42.0566 27.1413 1.05495 1.9515 4.43711 1.46359 149189 0 -1.25294 0.27706 0
41.1626 27.3153 1.0426 1.96362 4.55026 1.47831 149654 0 -1.38149 0.276269 0
29.5938 29.3098 1.33243 2.10984 4.90151 1.59273 152426 0 1.7201 0.275377 0
47.4855 22.839 0.92736 2.0611 4.65286 1.51149 143122 0 1.74262 0.274795 0
-23.2654 36.2125 1.23267 2.04726 4.5906 1.52958 162557 0 -1.26888 0.274764 0
64.5111 22.9157 0.787328 1.96351 4.39579 1.59234 143175 0 -2.27291 0.273873 0
23.2099 30.2625 1.44856 1.9378 4.50879 1.48531 153810 0 -1.43637 0.272263 0
14.2072 40.1419 2.05621 2.05095 4.59574 1.67858 168290 0 1.92057 0.272128 0
9.47004 55.431 2.1627 2.05927 4.67286 1.53413 190739 0 -1.49556 0.271916 0
29.3426 68.0777 2.02523 1.98275 4.43291 1.60004 209053 0 -1.43089 0.271196 0
29.939 38.499 1.67531 1.97907 4.56761 1.49523 165999 0 1.74093 0.270405 0
-42.0233 52.3638 1.43728 2.19777 5.14652 1.74533 185898 0 -1.36063 0.26808 0
-36.3241 56.4865 1.87538 2.01836 4.56728 1.77104 192000 0 1.90153 0.266063 0
14.5919 55.1811 2.27448 2.04262 4.65305 1.6351 190287 0 -1.53098 0.265969 0
49.732 40.1878 1.5801 1.94811 4.46803 1.54119 168401 0 1.76776 0.265448 0
-59.0203 18.0553 0.269423 1.99957 4.51257 1.5404 135769 0 -1.09519 0.265144 0
-0.50631 71.8568 2.53093 2.13311 4.79275 1.82138 214576 0 1.43377 0.264785 0
13.2623 49.0327 1.91826 2.08275 4.73024 1.53911 181391 0 1.62331 0.264472 0
12.004 69.9575 2.8899 2.03143 4.55344 1.68412 211807 0 -1.45639 0.262717 0
-2.07236 68.9985 1.84531 1.98233 4.52513 1.59546 210359 0 1.72641 0.261198 0
35.5849 9.26839 0.730458 0.909518 0.909413 1.70127 122961 0 0.0879067 0.26066 1
56.2075 6.56336 0.465022 1.98641 4.47369 1.63551 119281 0 -1.43021 0.260598 0
41.4051 44.2583 1.94139 2.05282 4.58961 1.63041 174459 0 -1.57548 0.259094 0
31.1769 38.2547 1.77504 2.00249 4.50825 1.48227 165535 0 -1.64707 0.259074 0
-25.0499 33.511 1.04 1.94767 4.37222 1.4454 158339 0 1.97889 0.258419 0
9.35655 20.2792 1.44621 0.796223 0.849403 1.63829 139259 0 -0.169171 0.256352 1
15.5226 67.3359 2.95109 2.0231 4.64728 1.89931 208074 0 1.57933 0.255838 0
-56.7603 13.3049 0.289568 2.17293 4.91711 1.57364 128756 0 1.88849 0.255382 0
28.3034 53.4838 2.10782 2.22587 4.96935 1.74104 187990 0 -1.49636 0.2549 0
-34.7585 24.7146 0.602805 1.72962 4.16478 1.5077 145673 0 -1.15176 0.253578 0
-41.4882 52.8936 1.43995 2.14609 4.7683 1.7191 186836 0 -0.93709 0.252131 0
-2.32765 72.1691 2.38567 2.25113 5.2008 1.94966 215038 0 1.73335 0.2515 0
14.1737 51.947 2.30693 2.23678 5.16795 1.77783 185606 0 -1.53332 0.250885 0
9.1847 20.2807 1.45605 0.832811 0.934873 1.63933 139258 0 0.855563 0.248711 1
-18.1549 25.3733 1.03342 2.11903 4.84525 1.5293 146661 0 -1.24477 0.248113 0
41.4375 43.7545 1.9242 1.94594 4.30719 1.54037 173523 0 -1.46334 0.247352 0
5.91801 40.1788 1.86653 1.98625 4.61664 1.60368 168264 0 -1.51843 0.246842 0
22.2841 27.1175 1.2405 1.84566 4.20459 1.46485 149127 0 -1.02777 0.246773 0
5.90116 39.8315 1.87643 1.98711 4.60567 1.62401 167796 0 -1.48975 0.246546 0
-22.9567 35.9785 1.21654 2.08422 4.71025 1.5473 162090 0 -0.644511 0.245758 0
28.0065 26.1901 1.24018 1.90406 4.32195 1.39608 147741 0 1.6616 0.244838 0
10.838 -3.56129 0.678986 0.76398 0.823693 1.59859 104163 0 -3.0535 0.244345 1
21.9607 27.6015 1.30198 1.91479 4.41277 1.5712 150062 0 1.64929 0.243603 0
34.411 64.2248 1.99139 1.93885 4.44349 1.59456 203453 0 1.63918 0.243125 0
63.8396 23.2186 0.774323 1.95049 4.34057 1.5524 143641 0 2.16718 0.24284 0
-60.4214 11.3142 0.20544 1.67994 3.1601 1.5114 125937 0 1.96956 0.242281 0
15.8079 67.0604 2.87303 2.09501 4.81566 1.93811 207607 0 1.63129 0.241839 0
15.9003 38.8973 1.81394 0.738126 1.03741 1.68936 166423 0 1.75962 0.240266 1
-40.509 41.7929 0.928914 1.87923 4.13241 1.50541 170459 0 1.82297 0.240053 0
-20.6657 44.9225 1.67868 1.91247 4.4126 1.58459 175201 0 1.76015 0.239057 0
28.6455 29.3347 1.36788 1.9901 4.53226 1.48914 152423 0 1.71863 0.236437 0
5.60615 39.5377 1.96015 2.03249 4.54528 1.74284 167327 0 -1.49238 0.235958 0
46.8292 16.8464 0.787249 2.09317 4.67395 1.65575 134228 0 1.66875 0.233936 0
-36.0349 56.775 1.83029 1.99734 4.50712 1.73326 192469 0 2.00195 0.23369 0
-66.8129 27.3767 0.739403 1.70078 3.67018 1.45559 149317 0 -1.07451 0.233539 0
-34.6821 55.5428 1.78486 0.78421 0.800983 1.76976 190601 0 -1.05633 0.232916 1
-41.4649 52.078 1.36483 1.88278 4.19701 1.51855 185432 0 -1.39951 0.232707 0
-49.8567 22.5433 0.655314 1.7272 3.64134 1.44618 142350 0 -1.0653 0.232401 0
24.2033 42.0936 1.9285 2.07709 4.61595 1.68555 171129 0 -1.46802 0.23201 0
64.4795 23.1691 0.789863 1.99929 4.49488 1.59257 143643 0 -2.87778 0.23139 0
10.4018 58.1713 2.35521 2.03573 4.64262 1.64487 194486 0 -1.50405 0.229949 0
-33.7612 29.5828 0.730967 1.91418 4.32342 1.43945 152696 0 -1.14279 0.229932 0
23.8288 30.2694 1.51855 1.94835 4.42522 1.50586 153812 0 -1.38989 0.22984 0
40.5515 24.1209 0.912752 2.26572 5.28353 1.63717 144972 0 1.63892 0.229744 0
28.5335 56.1998 2.1408 2.23005 5.22017 1.75602 191735 0 -1.33473 0.22905 0
61.9778 5.37139 0.141025 1.76679 3.94249 1.47313 117427 0 1.76012 0.228971 0
-20.3617 44.3331 1.54828 1.94054 4.69282 1.6205 174266 0 1.6714 0.22891 0
21.5328 -5.96883 0.544088 0.780148 0.855397 1.7395 100921 0 1.86591 0.228317 1
25.0325 39.4357 1.91434 2.26032 5.27807 1.86039 167388 0 -1.50739 0.227397 0
-16.5748 19.0796 0.883533 2.28688 5.2969 1.80525 137306 0 -1.19014 0.22732 0
-1.79417 69.2426 1.90541 1.9455 4.39808 1.55648 210828 0 1.76033 0.227209 0
-26.9385 29.7006 1.00086 0.677444 0.604458 1.69709 152717 0 -1.1337 0.226697 1
-46.9638 26.7447 0.885069 1.61662 3.45215 1.47456 148443 0 -1.15705 0.226551 0
-18.4822 16.979 0.803269 2.18517 4.92774 1.76201 134492 0 2.75342 0.225807 0
32.4952 43.6679 2.14548 2.03847 4.55078 1.66947 173495 0 1.66803 0.225074 0
40.3706 15.2125 0.598535 2.15219 5.01574 1.6031 131868 0 -1.37766 0.224817 0
12.3209 46.2398 1.87696 2.03161 4.55449 1.50899 177176 0 1.66217 0.224688 0
12.6332 39.5504 1.95964 2.41332 5.68127 1.9398 167349 0 1.76295 0.223814 0
60.2233 23.7735 0.684809 2.19298 5.08703 1.62065 144566 0 -1.44305 0.223367 0
-41.0813 41.8104 0.993183 2.04972 4.59889 1.57943 170457 0 2.03481 0.222926 0
32.7704 43.3681 2.16339 2.15028 4.87428 1.78643 173028 0 1.63926 0.222026 0
30.8407 38.473 1.7537 2.10734 4.75402 1.55002 166002 0 2.0511 0.221242 0
23.5137 29.9441 1.45801 1.93945 4.44335 1.49716 153343 0 -1.40772 0.220843 0
12.6044 40.1079 2.02324 2.4204 5.56363 1.92 168285 0 1.69304 0.220523 0
50.5074 15.6101 0.770871 0.858651 0.960897 1.72769 132367 0 1.68022 0.218707 1
-69.9144 -4.89851 0.420532 0.782129 0.800234 1.54815 102039 0 2.2263 0.21844 1
-9.01904 36.9725 1.4256 2.30767 5.55429 1.86256 163537 0 -1.1111 0.217649 0
11.7427 39.5616 1.74006 2.03033 4.52425 1.61336 167346 0 1.70627 0.216169 0
25.6706 41.8166 1.95363 2.2166 5.09746 1.77912 170666 0 -1.44906 0.216092 0
27.4301 56.4738 2.02361 1.74278 3.80833 1.44223 192199 0 -1.38331 0.215983 0
-20.971 45.2379 1.74383 1.99461 4.52679 1.62407 175668 0 1.81479 0.215543 0
50.4936 15.7595 0.79258 0.86207 0.945761 1.73521 132835 0 1.75139 0.215344 1
23.2003 30.8234 1.55193 1.99705 4.5085 1.53837 154746 0 -1.39975 0.215295 0
13.3182 39.2396 2.02625 2.35988 5.48322 1.90969 166883 0 1.72477 0.214868 0
8.5928 22.519 1.53197 1.86745 4.0318 1.70577 142532 0 -1.44229 0.212921 0
-27.3269 31.1572 0.911289 2.16757 4.92311 1.78202 155056 0 -1.17102 0.212754 0
13.3615 51.6783 2.17343 1.7615 3.84662 1.42272 185135 0 -1.49177 0.212657 0
29.0303 68.5897 2.05372 1.89334 4.17273 1.55657 209988 0 -1.54092 0.212474 0
12.2926 70.2091 2.80385 2.04414 4.56744 1.69353 212276 0 -1.44133 0.211951 0
13.8711 38.9388 2.03185 2.05156 4.51757 1.70007 166417 0 1.71423 0.211931 0
19.0992 -4.56106 0.505454 0.80154 0.840975 1.61455 102785 0 -0.581842 0.211662 1
61.3528 2.48957 0.211066 1.6389 3.6803 1.45181 113213 0 1.78139 0.211369 0
44.4205 11.3204 0.57757 1.72971 3.80944 1.507 126264 0 1.75835 0.211181 0
28.7123 65.2273 2.13156 1.85632 4.0421 1.67006 204839 0 -1.43438 0.211141 0
12.656 45.9369 1.90854 2.058 4.67937 1.54027 176709 0 1.64376 0.210688 0
-67.6099 27.0777 0.742505 2.24252 5.04619 1.76659 148846 0 -1.3541 0.210198 0
29.1853 62.7933 1.89392 2.28893 5.34575 1.7765 201565 0 -1.52849 0.209285 0
9.18855 68.0195 2.80533 2.05285 4.48217 1.79743 208990 0 -1.32164 0.209026 0
65.1099 22.618 0.867356 2.03637 4.61517 1.64704 142709 0 -1.47174 0.209005 0
64.1833 22.9312 0.793789 1.95889 4.41529 1.58579 143174 0 1.9546 0.208932 0
6.84969 40.7559 1.98278 2.07195 4.59552 1.67909 169203 0 -1.49577 0.207952 0
25.4176 42.3101 1.93441 2.11042 4.77688 1.69561 171601 0 -1.48633 0.207248 0
48.2204 40.5323 1.48921 1.8482 4.16625 1.51728 168864 0 1.74138 0.207114 0
-29.0753 22.8784 0.632257 1.84177 4.08431 1.48574 142883 0 1.89693 0.206092 0
9.53767 28.5589 1.46661 1.88887 4.28473 1.50873 151427 0 1.69767 0.205795 0
-3.95741 57.9741 1.66516 2.05998 4.53369 1.56559 194441 0 1.71296 0.205705 0
11.4052 40.1278 1.72562 1.97667 4.29682 1.53753 168281 0 1.66891 0.205667 0
-30.1234 11.8639 0.25339 0.923026 1.18638 1.7943 126967 0 -0.284383 0.204741 1
28.9442 26.1655 1.29427 2.01098 4.50602 1.45066 147744 0 -1.49112 0.204691 0
-58.7529 18.3717 0.295052 1.97107 4.41003 1.53021 136238 0 -1.06442 0.204409 0
-33.1511 29.2502 0.768287 1.98824 4.56855 1.51711 152230 0 -1.13873 0.204018 0
61.8808 2.93474 0.209051 1.99622 4.45019 1.5889 114151 0 1.70367 0.203576 0
-43.9958 -8.17975 -0.0968588 1.98066 4.46814 1.58396 97440 0 3.07584 0.203554 0
-36.6092 56.1933 1.91231 2.07126 4.71028 1.80378 191531 0 1.82089 0.202956 0
35.3363 64.1966 2.08484 2.09544 4.71434 1.68701 203456 0 1.68789 0.202843 0
21.1497 -4.84549 0.493544 0.80811 0.873934 1.74356 102324 0 0.218887 0.202633 1
-27.4032 28.3505 0.805311 1.97245 4.55142 1.47121 150844 0 -1.98142 0.20241 0
7.26572 13.6924 1.07139 1.98165 4.54852 1.50448 129424 0 1.72546 0.202276 0
12.0036 40.4082 1.93908 2.18836 4.83698 1.70444 168751 0 1.62748 0.201167 0
8.50414 19.1463 1.38336 1.80335 3.73832 1.64139 137384 0 1.70958 0.201157 0
21.0446 20.4666 1.24409 1.74025 3.77789 1.69959 139295 0 -1.34028 0.199985 0
62.5445 37.6054 0.931759 2.10444 4.76568 1.61573 164697 0 -1.47733 0.199741 0
-0.190964 71.8268 2.52178 2.19305 4.92022 1.88107 214577 0 -1.30947 0.199224 0
42.4503 41.3769 1.55308 1.96806 4.43682 1.47551 170250 0 -1.50383 0.198499 0
18.6226 -4.52139 0.501118 0.817366 0.82595 1.6099 102784 0 0.171109 0.198235 1
-11.0397 31.3197 1.2445 1.99556 4.51925 1.43706 155107 0 -1.14552 0.197986 0
65.099 23.153 0.858346 2.05597 4.65788 1.66236 143645 0 -1.57998 0.197106 0
15.2003 67.0248 2.99521 1.76896 4.02276 1.85207 207605 0 1.64971 0.197059 0
8.18813 38.6351 1.96957 0.771313 0.735771 1.78961 165931 0 -1.54787 0.197008 1
22.9098 29.9419 1.46113 1.89821 4.40967 1.48577 153341 0 -0.843198 0.196723 0
6.2233 41.0868 1.97216 2.06168 4.51261 1.7345 169669 0 -1.45964 0.196493 0
7.52085 14.4522 1.14225 1.87886 4.19216 1.47542 130829 0 1.71828 0.195829 0
-71.8749 15.1304 0.392096 0.864891 0.958978 1.79082 131517 0 0.434045 0.194711 1
23.2051 29.6216 1.41145 1.87874 4.17294 1.47333 152874 0 0.234208 0.194682 0
-59.0475 17.4918 0.252169 1.91884 4.26864 1.50821 134833 0 -1.26771 0.194548 0
40.8538 44.2948 1.93168 1.83187 4.00743 1.49332 174457 0 -1.6009 0.194514 0
-57.3883 10.3838 0.196614 0.798274 0.824171 1.67647 124542 0 -0.949194 0.194292 1
4.08127 32.0966 1.63466 2.3559 5.79116 1.99959 156558 0 1.65782 0.193807 0
-3.39109 60.4134 1.7922 1.91392 4.40851 1.51756 197719 0 1.76697 0.193582 0
-66.394 25.4412 0.614459 1.99837 4.48913 1.56075 146510 0 -2.99526 0.19357 0
7.84121 42.3726 0.759894 0.889897 1.08541 1.83277 171546 0 -1.38961 0.192191 1
-74.059 15.193 0.720629 2.15392 4.77452 1.82958 131510 0 0.318633 0.191719 0
9.17878 25.1978 1.53221 2.00562 4.60958 1.5701 146278 0 1.71267 0.19109 0
-19.3032 25.4977 0.968786 2.01458 4.70834 1.58237 146657 0 1.7762 0.190545 0
61.9489 5.80056 0.171487 1.79281 3.78174 1.45054 118363 0 1.75185 0.190535 0
61.6444 5.61399 0.10863 1.78273 4.05756 1.44399 117894 0 1.7644 0.189898 0
29.5791 68.8852 2.07423 2.23313 5.04646 1.80223 210458 0 -1.5662 0.189619 0
61.2573 29.7918 1.12675 2.16002 4.92047 1.78135 153461 0 -1.48348 0.189358 0
-71.8501 -3.59654 0.349384 0.779151 0.783021 1.64035 103905 0 -1.45747 0.18899 1
23.8795 39.4388 1.96251 2.25047 4.97452 1.8278 167384 0 -1.51386 0.188881 0
30.5466 -7.51853 0.330897 0.828404 1.43165 1.59853 98609 0 -1.1379 0.188434 2
43.6314 41.3622 1.55616 2.03785 4.54708 1.52886 170254 0 -1.47699 0.188407 0
22.5745 30.5622 1.50343 1.99728 4.56415 1.5466 154276 0 -1.38086 0.188305 0
13.9132 52.2559 2.32512 2.11127 4.80368 1.67044 186073 0 -1.54107 0.187186 0
-40.3843 11.4698 0.261801 2.28417 5.18303 1.78596 125999 0 -1.22643 0.186946 0
-25.8258 44.2134 1.56545 2.13137 4.79521 1.69805 174249 0 -1.32972 0.186756 0
9.76176 68.1963 2.90567 2.11584 4.51396 1.79236 209460 0 -1.3756 0.186283 0
12.0152 39.2583 1.83212 2.16176 4.88563 1.72263 166879 0 1.74637 0.186153 0
-4.57092 60.6983 1.77099 1.91408 4.46252 1.5043 198183 0 1.71702 0.186151 0
16.0586 38.9007 1.88288 0.73358 1.06383 1.67844 166424 0 1.85872 0.185929 1
7.45875 44.2139 1.93146 2.44955 5.60409 1.8696 174353 0 -1.42798 0.185819 0
-3.67151 61.1719 1.9068 2.00094 4.59571 1.59388 199122 0 1.72783 0.185741 0
-40.5511 42.3506 0.954026 1.99956 4.44702 1.54503 171395 0 2.31315 0.18568 0
-19.0491 25.6629 0.987639 2.09973 4.75464 1.56254 147126 0 -1.68019 0.185401 0
32.783 43.0791 2.14599 2.1604 4.88619 1.78253 172560 0 0.038867 0.184968 0
-34.4852 55.5572 1.78112 0.806662 0.872945 1.78498 190602 0 -1.29072 0.184542 1
-19.3582 25.71 0.971685 2.06894 4.71806 1.57341 147125 0 2.12442 0.184304 0
39.7849 43.122 1.50274 0.751308 0.690005 1.67814 172582 0 -2.70683 0.184277 1
12.0068 46.5224 1.87715 1.99722 4.47314 1.48539 177643 0 1.66543 0.18402 0
7.17785 40.4883 2.00153 1.9703 4.53082 1.56848 168736 0 -1.49163 0.183857 0
-35.6981 56.1769 1.77482 1.95824 4.36411 1.66528 191534 0 1.87864 0.183648 0
62.2788 37.9208 0.916967 1.97087 4.45484 1.58675 165164 0 -1.58216 0.183456 0
-19.9974 45.6107 1.73785 1.94501 4.39423 1.55578 176139 0 2.16802 0.183335 0
-22.5603 32.4918 1.12813 2.18516 4.81412 1.49205 156943 0 -1.13595 0.183154 0
6.86369 40.2121 1.88676 2.00138 4.73841 1.57 168267 0 -1.5164 0.182869 0
-71.8492 -3.45296 0.33469 0.784047 0.813165 1.64259 104373 0 -1.42474 0.18283 1
-20.9413 44.0552 1.59274 1.65613 3.19042 1.63147 173796 0 1.75133 0.182811 0
23.5834 36.3528 1.70686 2.10024 4.89325 1.56291 162703 0 1.43785 0.182559 0
9.73996 25.9927 1.54457 2.13018 4.93671 1.59705 147684 0 1.66593 0.182379 0
39.5892 15.0224 0.65979 1.66897 3.5722 1.40125 131397 0 -1.35776 0.18233 0
61.846 29.5482 1.08523 2.38494 5.79464 1.94497 152995 0 -1.44516 0.182222 0
43.6046 35.2589 1.44292 2.11483 4.75964 1.64276 161362 0 -1.41269 0.182197 0
15.5341 41.0988 2.18915 2.09842 4.75415 1.71005 169698 0 -3.06384 0.182033 0
63.5551 23.4955 0.764123 1.93754 4.34152 1.54729 144108 0 2.38734 0.181958 0
-40.2065 41.7434 0.908688 1.8906 4.19251 1.50825 170460 0 -0.994824 0.181662 0
-8.54604 37.1577 1.40481 2.1838 5.04983 1.68251 164007 0 -1.02917 0.181088 0
8.17786 38.7809 1.97205 0.768209 0.722924 1.72845 166399 0 -1.82002 0.180811 1
64.5212 22.6261 0.786122 1.93608 4.33722 1.61147 142707 0 -1.728 0.180497 0
30.87 38.0065 1.71954 2.02731 4.56624 1.47078 165066 0 1.65437 0.179572 0
-3.12154 60.9016 1.89389 2.14148 5.01487 1.65617 198656 0 1.71059 0.179533 0
32.1725 43.9823 2.1192 1.95224 4.28704 1.60731 173962 0 1.64014 0.179489 0
41.7859 35.5892 1.52577 1.94871 4.4738 1.5751 161824 0 1.14103 0.179279 0
-74.0609 15.4986 0.778427 2.23146 4.93421 1.86361 131978 0 -1.21937 0.179245 0
21.1681 -6.77907 0.550411 0.843721 0.921192 1.78751 99516 0 1.89951 0.178674 1
30.1957 -8.4048 0.266375 0.870622 1.73308 1.62891 97204 0 -1.47043 0.17862 1
8.78163 18.7662 1.43343 0.882538 1.04478 1.69583 136917 0 1.74445 0.178363 1
-67.3614 26.765 0.68609 2.01469 4.428 1.61616 148379 0 -1.55504 0.177768 0
-32.513 32.0651 0.808165 2.04143 4.68512 1.46035 156444 0 -1.05575 0.177517 0
-20.6491 45.5908 1.74381 1.90958 4.35751 1.56501 176137 0 1.90422 0.177479 0
13.5452 48.5682 1.88053 2.00884 4.65572 1.54026 180456 0 1.7226 0.177289 0
6.27021 44.2338 2.0213 2.46424 5.90516 2.02449 174349 0 -1.4394 0.177256 0
8.13274 67.5923 2.6946 0.808971 0.753416 1.81068 208519 0 -2.22771 0.176659 1
46.3077 22.6543 0.833134 1.96249 4.43559 1.53387 142650 0 1.69693 0.176609 0
-50.3527 22.3572 0.631934 1.92469 4.25286 1.52797 141880 0 -1.13007 0.176328 0
44.9771 10.8367 0.613818 2.04768 4.74617 1.63269 125330 0 1.81441 0.176048 0
43.3278 34.8252 1.35648 1.97012 4.44401 1.61793 160425 0 -1.4043 0.175695 0
27.7488 29.8907 1.4537 2.12349 4.79046 1.57908 153356 0 1.75731 0.175517 0
-27.6192 31.2298 0.975321 2.11471 4.86773 1.81876 155055 0 -0.877858 0.17497 0
-73.8034 15.5051 0.790867 2.0571 4.53754 1.7642 131979 0 -0.255416 0.174494 0
19.1044 -4.40061 0.488912 0.801734 0.868716 1.63475 103253 0 -0.422628 0.174274 1
40.1458 45.2636 2.02013 2.02207 4.58464 1.59399 175859 0 0.0576442 0.174164 0
10.6227 58.6275 2.41623 2.08114 4.75633 1.6961 195423 0 -1.50526 0.174157 0
49.7319 41.7443 1.86654 2.06809 4.63274 1.63267 170741 0 0.184836 0.174137 0
66.9089 -2.10001 0.192407 2.46273 5.85488 2.03154 106679 0 0.142652 0.173969 0
-47.2923 27.2609 0.841495 2.05096 4.60341 1.58345 149378 0 -1.08367 0.173315 0
57.4049 6.76346 0.491617 1.98838 4.46751 1.70649 119753 0 -1.44615 0.173234 0
41.1232 23.6201 0.905416 1.82916 3.98923 1.46461 144038 0 1.4827 0.17224 0
56.6695 0.697968 0.343105 2.3098 5.33007 1.83633 110859 0 -1.40384 0.171689 0
-21.5437 44.9166 1.74438 1.98037 4.49897 1.62253 175198 0 1.79229 0.17148 0
48.1054 22.8427 1.04353 2.05395 4.57826 1.54441 143124 0 1.72776 0.171446 0
14.5227 40.4626 2.08378 2.01028 4.50829 1.64806 168759 0 2.16539 0.171273 0
65.3995 22.8696 0.852702 2.06531 4.71461 1.66472 143178 0 -1.5256 0.170509 0
-73.802 15.1937 0.721174 2.00068 4.38666 1.7348 131511 0 1.51926 0.1705 0
-40.4744 41.5143 0.909037 1.98258 4.4072 1.53974 169991 0 0.208515 0.170427 0
-72.4954 15.8594 0.598443 2.09615 4.83018 1.78547 132451 0 0.152531 0.170187 0
-28.6515 25.9401 0.941628 2.30413 5.40274 1.84577 147564 0 1.96607 0.169195 0
-1.78161 72.3687 2.45554 2.23591 4.95403 1.90587 215508 0 1.77126 0.168629 0
65.7739 28.2944 0.727458 1.95721 4.49457 1.60287 151135 0 1.6769 0.168457 0
27.7319 26.6072 1.23439 1.99052 4.64779 1.45761 148676 0 1.70871 0.168226 0
35.0261 64.7186 2.12848 2.02586 4.53518 1.65264 204391 0 1.66923 0.168197 0
-67.0625 27.9104 0.731759 2.10452 4.91234 1.70587 150252 0 -0.912583 0.168068 0
-35.0408 55.839 1.72723 2.06409 4.53054 1.67069 191068 0 1.85888 0.168007 0
12.9751 45.6479 1.91493 2.07246 4.64986 1.57404 176242 0 1.70128 0.167586 0
21.6233 -6.49367 0.559811 0.7478 0.837499 1.72418 99985 0 1.91154 0.167507 1
29.2876 29.0331 1.30738 2.01396 4.74731 1.49703 151957 0 1.71549 0.167113 0
-3.97805 60.4143 1.72259 1.89598 4.36589 1.46465 197717 0 1.73432 0.166622 0
46.2851 23.1033 0.835664 1.95545 4.46708 1.51159 143586 0 1.75362 0.16655 0
33.8177 64.4662 2.01374 2.0265 4.61725 1.60576 203919 0 1.66739 0.166342 0
-24.0963 3.36559 1.1998 1.00337 1.55444 1.91596 114350 0 0.195832 0.165969 2
3.9322 23.0209 1.34182 1.74773 4.02566 1.43014 142986 0 1.66311 0.165953 0
30.2967 -7.90799 0.242095 0.786907 1.26069 1.57748 98140 0 -1.48599 0.165863 1
32.7592 43.9613 2.20341 2.20737 4.94181 1.80785 173964 0 1.61916 0.165768 0
32.196 43.3975 2.07302 1.95802 4.36078 1.62374 173026 0 1.76047 0.165212 0
59.729 24.0426 0.708694 1.8801 4.22814 1.47757 145032 0 -1.43762 0.165147 0
-24.386 36.4344 1.20269 1.83926 4.24502 1.54116 162553 0 2.04492 0.164994 0
8.15275 67.4712 2.73794 0.822231 0.788226 1.77903 208051 0 -1.9901 0.164864 1
15.5037 66.7643 2.89413 1.95187 4.4527 1.82004 207138 0 1.67677 0.164138 0
-57.4016 10.094 0.685122 0.905306 1.01654 1.75892 124074 0 -0.193844 0.163357 1
19.9338 -4.90163 0.506104 0.810025 0.825979 1.61803 102320 0 0.965318 0.16328 1
43.3469 40.8857 1.48693 1.83446 4.09798 1.47597 169317 0 -1.37819 0.163115 0
5.23097 31.6521 1.64464 1.9406 4.68044 1.81617 155626 0 -0.79517 0.16281 0
-47.509 26.5172 0.845288 1.89724 4.26058 1.54315 147973 0 -1.21127 0.162689 0
40.8375 43.7467 1.86469 1.87234 4.15766 1.48706 173521 0 -1.61307 0.162639 0
-74.0579 14.9092 0.651143 2.15045 4.71891 1.81719 131042 0 1.66843 0.162545 0
-33.7607 13.4682 0.331933 2.12988 4.96903 1.53021 129296 0 -1.02301 0.162435 0
28.5953 26.6092 1.28118 2.05548 4.77452 1.4773 148679 0 -2.13084 0.161944 0
30.5394 43.6182 1.86269 1.08514 1.54379 1.62233 173489 0 -1.62936 0.161454 1
-69.6031 -4.65004 0.587122 0.932032 1.26617 1.73605 102508 0 1.74425 0.161389 1
12.3621 49.026 1.87509 2.05904 4.65733 1.5495 181388 0 1.65348 0.161264 0
-25.8067 43.7999 1.54738 1.8789 4.34012 1.65477 173313 0 -1.2927 0.161233 0
64.1291 23.4705 0.772924 2.01635 4.59096 1.57261 144110 0 2.43571 0.160763 0
42.0864 35.575 1.5256 1.96822 4.48642 1.54771 161825 0 -1.41668 0.159976 0
29.1834 62.3327 2.02143 2.31762 5.45556 1.79233 200629 0 -1.46344 0.159938 0
7.4639 43.7643 1.81701 2.18754 5.00041 1.72455 173417 0 -1.45022 0.159918 0
-66.8036 27.0929 0.736476 1.6686 3.51334 1.43042 148849 0 -1.25705 0.15976 0
-28.6088 28.3979 0.732852 1.69753 4.09959 1.37436 150840 0 1.96564 0.159594 0
40.4749 44.9755 1.99744 1.94457 4.36623 1.54494 175392 0 0.116515 0.15848 0
32.5226 43.0826 2.12798 2.03566 4.5921 1.68256 172559 0 1.69598 0.158099 0
44.5292 5.15952 0.47076 2.157 5.09252 1.59995 117373 0 1.74617 0.157553 0
-43.7197 -8.42084 -0.0711818 2.0058 4.58618 1.62477 96973 0 -3.098 0.157544 0
