18.8075 11.3955 1.11196 2.21031 5.16024 1.86865 126184 0 -1.47477 0.930668 0
38.5746 6.18538 0.780419 1.97368 4.35335 1.75895 118758 0 -1.3806 0.928476 0
-39.1413 -1.72704 -0.182507 2.13522 4.88452 1.56569 106815 0 -1.42763 0.928025 0
-38.6098 -7.51457 -0.316747 2.15834 4.8496 1.72379 98393 0 0.141572 0.914267 0
-30.3294 -8.48981 -0.246957 2.22515 4.94779 1.88264 97015 0 0.124203 0.913705 0
26.395 9.70431 0.81025 2.14697 4.84514 1.58825 123868 0 1.71487 0.913474 0
-10.4636 34.082 1.43913 2.27641 5.45382 1.81249 159321 0 -1.1188 0.901064 0
27.0147 13.3262 0.99612 2.18922 4.93386 1.74281 129018 0 1.6905 0.900886 0
7.6311 16.7674 1.42314 2.02451 4.73206 1.77999 134105 0 1.67776 0.897751 0
-20.5704 11.3834 0.336413 1.97117 4.40221 1.45571 126061 0 -1.26018 0.893522 0
19.0097 14.4889 1.17954 2.12549 4.84915 1.8388 130865 0 -1.4456 0.893357 0
50.3954 -11.144 0.803402 2.91747 7.52418 3.08976 93523 0 1.71568 0.887312 0
-10.0973 15.2195 1.14568 2.10067 4.86431 1.81257 131710 0 1.8218 0.886951 0
-21.9321 8.89582 0.280224 2.11109 4.72716 1.52891 122313 0 -1.20882 0.88465 0
6.16374 10.9406 1.28697 2.12398 4.83095 1.89048 125677 0 1.72375 0.884105 0
-41.4656 8.56006 0.22267 2.06346 4.64473 1.62647 121784 0 -1.18753 0.883826 0
-10.0303 21.0218 1.25022 2.22366 5.12275 1.98315 140134 0 1.80213 0.876769 0
9.99758 31.2463 1.79295 2.23822 5.10365 1.95322 155173 0 1.66645 0.876547 0
-11.9076 9.37869 0.926265 2.04742 4.65926 1.5173 123280 0 1.68396 0.876508 0
-11.0403 12.8495 1.09047 2.12603 4.76864 1.81964 128431 0 1.77607 0.876187 0
3.73927 26.2909 1.58646 2.20588 5.17958 1.84619 148133 0 -1.44581 0.873078 0
39.107 9.11161 0.708927 1.96677 4.6522 1.50041 122972 0 1.68722 0.871595 0
55.9153 1.0367 0.514748 2.13558 4.67742 1.80802 111324 0 -1.40891 0.87145 0
8.52734 22.554 1.56793 2.06988 4.73055 1.7471 142532 0 -1.41946 0.870722 0
2.29409 14.5781 1.1253 1.96276 4.50023 1.48917 130813 0 -1.41549 0.867614 0
-35.9926 -8.18513 -0.410166 1.95289 4.28622 1.60168 97465 0 0.140768 0.861655 0
26.7209 -9.06223 0.463753 0.890935 1.00347 1.77226 96257 0 1.73882 0.861463 1
-33.1162 15.2552 0.31078 1.98804 4.50338 1.50839 131638 0 1.99904 0.849224 0
-31.4699 20.4057 0.645371 1.97872 4.49699 1.77931 139131 0 1.93703 0.841069 0
43.7271 5.36987 0.555554 1.85294 4.22148 1.51259 117370 0 1.74525 0.84025 0
3.99732 32.092 1.63716 2.39505 5.8704 2.01543 156558 0 1.6986 0.832571 0
2.47402 20.4422 1.26911 2.05565 5.11786 1.5538 139237 0 -1.48433 0.831803 0
20.041 17.8698 1.05415 1.96025 4.45617 1.47493 135548 0 -1.49582 0.826561 0
-9.07763 24.2186 1.12508 1.9746 4.6029 1.51581 144817 0 1.75761 0.822983 0
-10.0486 18.098 0.998546 1.98514 4.52112 1.48922 135922 0 1.78306 0.82254 0
2.04766 17.5431 1.18743 1.96485 4.73416 1.49918 135024 0 -1.39914 0.821792 0
-39.4944 13.6438 0.456319 2.26499 5.18744 1.90414 129278 0 -1.19863 0.821464 0
56.0897 3.77351 0.435459 2.06704 4.77267 1.63715 115069 0 -1.40995 0.820204 0
-69.6763 6.50346 0.0361618 1.92945 4.29347 1.49996 118888 0 1.72599 0.815674 0
-34.0513 12.7488 0.218228 1.98574 4.41564 1.45531 127891 0 -1.16754 0.813785 0
-30.2126 22.8677 0.546016 2.04552 4.67929 1.5769 142879 0 1.92234 0.810652 0
3.29111 23.2444 1.37484 1.92498 4.57034 1.45963 143452 0 1.62317 0.808334 0
38.9446 12.7264 0.876357 1.87929 4.26848 1.66477 128119 0 -1.38875 0.801092 0
-35.0832 9.33533 0.194793 1.87396 4.04247 1.52396 123208 0 1.933 0.800884 0
-4.28974 57.6852 1.73979 2.14642 4.97905 1.613 193972 0 1.71835 0.800825 0
1.23 11.4889 1.05081 1.94785 4.56675 1.51241 126129 0 -1.38034 0.796702 0
-37.9631 18.668 0.356981 1.97594 4.1872 1.59693 136771 0 -1.14022 0.795113 0
-14.2073 26.6528 1.4106 2.22193 4.89632 1.74723 148545 0 -1.15206 0.79438 0
-31.7645 17.8246 0.411788 2.02678 4.56751 1.5077 135386 0 1.95059 0.792112 0
-28.9549 25.3966 0.894603 2.10816 4.65246 1.8299 146627 0 1.90847 0.786167 0
-30.442 11.3847 0.253478 0.848528 0.942848 1.72546 126030 0 -0.367358 0.778382 1
20.6852 20.8405 1.32342 1.93374 4.23098 1.6939 140230 0 -1.44784 0.774858 0
66.3224 -2.34131 0.262796 2.0923 4.54964 1.79533 106209 0 0.0927955 0.770211 0
-40.1712 11.0821 0.114697 2.03366 4.43883 1.57459 125532 0 -1.2299 0.770162 0
-64.5221 1.85841 0.0506816 2.07488 4.3036 1.6073 111884 0 -1.42652 0.764799 0
-17.7048 19.045 0.961275 2.00948 4.34272 1.60839 137302 0 -1.18157 0.763963 0
-52.923 19.756 0.389091 2.05451 4.56252 1.57827 138128 0 -1.1177 0.76212 0
44.349 8.47199 0.750859 2.02435 4.4776 1.6906 122052 0 1.76023 0.7516 0
-9.11471 36.6938 1.43676 1.99634 4.49053 1.53229 163069 0 -1.12184 0.751385 0
-35.6525 24.1078 0.575654 1.95306 4.54216 1.59521 144734 0 -1.19255 0.750992 0
26.3712 20.8626 1.2838 2.07134 4.79415 1.68863 140248 0 1.74373 0.750316 0
24.1507 36.3703 1.73953 1.93591 4.41588 1.4689 162705 0 -1.44718 0.74758 0
7.53296 13.9192 1.14122 2.06228 4.68949 1.53933 129893 0 1.7497 0.734861 0
-11.6882 31.5863 1.25033 1.99658 4.60893 1.41581 155573 0 -1.12761 0.733363 0
35.1299 9.55269 0.733508 0.905684 0.947303 1.68245 123427 0 0.177667 0.731662 1
39.5009 15.578 0.709973 1.92846 4.34292 1.44955 132333 0 -1.39647 0.729817 0
26.7227 23.7447 1.41621 2.20421 5.28958 1.62472 144461 0 1.70733 0.72608 0
-20.0243 14.1824 0.532456 2.02717 4.53423 1.50217 130275 0 -1.25387 0.725694 0
30.2868 -6.8447 0.370794 0.844781 0.921443 1.70317 99544 0 -1.49555 0.720129 1
19.311 -4.6394 0.583071 0.851895 0.877174 1.67369 102786 0 0.712692 0.714536 1
20.704 24.6859 1.26665 1.91672 4.28843 1.51751 145846 0 -1.40182 0.713644 0
21.9518 27.5973 1.32399 1.82897 4.13928 1.41843 150062 0 -1.38694 0.707347 0
-38.5924 16.1228 0.208211 1.97952 4.35376 1.56882 133025 0 -1.15441 0.706193 0
21.6893 -6.20263 0.527673 0.845034 0.908325 1.69883 100453 0 1.90441 0.691961 1
46.5657 26.3571 1.35126 2.38436 5.51827 1.86359 148267 0 -1.41607 0.686532 0
-36.6784 21.5474 0.436565 1.92218 4.32625 1.6494 140987 0 -1.15006 0.684702 0
7.87395 19.6063 1.3871 2.10658 5.10569 1.58787 138318 0 1.73771 0.678457 0
18.1548 -4.28201 0.528032 0.786807 0.831236 1.58927 103250 0 0.1372 0.677033 1
-53.9115 17.0528 0.23751 1.96917 4.43077 1.54514 134381 0 2.01722 0.663689 0
27.3354 53.5257 2.27663 2.03369 4.57514 1.53747 187987 0 -1.44764 0.66145 0
60.3291 29.8915 1.28313 1.94836 4.30806 1.58924 153458 0 -1.40003 0.657241 0
42.4081 35.4343 1.61011 1.83828 4.1372 1.47486 161358 0 -1.41494 0.654003 0
-18.7549 16.5355 0.832408 1.97932 4.4035 1.72449 133555 0 -1.22936 0.649339 0
27.7277 62.9161 2.18713 2.05044 4.6339 1.58824 201560 0 -1.50403 0.639595 0
9.74725 64.4945 2.67969 2.04408 4.53168 1.76906 203844 0 -1.41522 0.639286 0
6.266 44.0411 1.87255 2.09319 4.79409 1.68077 173881 0 -1.46115 0.6335 0
20.8709 -6.29223 0.621611 0.833615 0.918748 1.82127 100451 0 1.86166 0.62953 1
35.1321 9.62775 0.732245 0.890805 0.935928 1.69648 123895 0 -2.05712 0.623069 1
24.139 39.4721 2.01655 2.16445 5.04459 1.81825 167385 0 1.56672 0.621451 0
-61.2583 11.0793 0.102983 1.90088 4.17929 1.57661 125466 0 1.9582 0.620115 0
28.0136 65.772 2.33117 1.97561 4.36461 1.71157 205773 0 -1.53779 0.617396 0
44.6513 11.6292 0.723261 1.94391 4.41106 1.5195 126733 0 1.7741 0.611737 0
27.3414 56.5201 2.27166 2.04145 4.68616 1.56709 192199 0 -1.35982 0.610609 0
-48.1809 26.6647 0.82711 2.04734 4.65306 1.56623 148439 0 -1.17823 0.610187 0
-46.5886 31.9004 0.937804 2.13109 4.60419 1.67002 155932 0 -1.19573 0.601354 0
19.0218 -4.37157 0.570822 0.830794 0.853649 1.63325 103253 0 0.665397 0.594337 1
-8.19563 39.4587 1.28969 1.9208 4.34706 1.42839 167284 0 -1.10833 0.590517 0
19.1203 -4.55663 0.589238 0.911509 0.905024 1.69917 102785 0 0.729634 0.576176 1
-34.7444 26.6691 0.75846 2.15959 4.73419 1.74586 148481 0 -1.209 0.574986 0
20.7422 -6.35038 0.640079 0.847332 0.94428 1.86207 100450 0 1.88317 0.55324 1
62.2256 6.1794 0.367042 2.04748 4.53928 1.5935 118832 0 1.66545 0.548658 0
-51.0412 22.2204 0.544657 2.09416 4.71797 1.68439 141878 0 -1.11421 0.54649 0
-32.5084 62.1642 1.86131 2.4763 5.86078 1.97023 200436 0 -1.14837 0.545897 0
10.6373 -3.36387 0.669255 0.746895 0.807221 1.61465 104631 0 2.71636 0.545727 1
61.3076 0.205605 0.49043 1.96587 4.68401 1.75927 109937 0 1.6997 0.540901 0
29.5717 35.6672 1.80342 2.07077 4.62731 1.4566 161786 0 1.70995 0.529427 0
44.964 17.4126 0.943823 2.02766 4.5989 1.5639 135158 0 1.74006 0.521307 0
56.4703 6.90724 0.572468 1.89675 4.17173 1.59506 119750 0 -1.43704 0.509594 0
-56.1823 12.5742 0.222576 2.08908 4.90522 1.57415 127822 0 -1.17747 0.503256 0
8.45588 58.677 2.4752 2.05515 4.77134 1.75477 195416 0 -1.43883 0.502372 0
59.3694 24.4845 0.818087 1.95619 4.39902 1.50392 145499 0 -1.41041 0.489436 0
28.6544 29.6143 1.3362 2.09513 4.74084 1.54128 152891 0 1.73149 0.487381 0
-24.1376 36.028 1.26435 2.03312 4.66763 1.47681 162086 0 1.76864 0.478366 0
27.6623 26.715 1.31385 1.98152 4.52762 1.44203 148676 0 1.751 0.473723 0
20.8494 -5.57223 0.72681 0.891946 0.962495 1.89874 101387 0 1.81615 0.469297 1
8.77027 20.3252 1.55739 0.804074 0.86757 1.67029 139257 0 0.728361 0.469162 1
20.8441 -6.44814 0.636303 0.872378 0.959346 1.84454 99983 0 1.90717 0.467792 1
28.607 68.6503 2.25688 2.04531 4.6309 1.65766 209987 0 -1.52557 0.462012 0
24.1986 42.12 2.00962 1.93791 4.29546 1.63581 171129 0 -1.49727 0.45764 0
-69.5072 -4.99683 0.451768 0.88225 0.916314 1.79682 102040 0 1.09049 0.453035 1
12.0027 42.4256 2.00449 2.05874 4.64751 1.64741 171559 0 1.81798 0.451369 0
-23.8625 35.9551 1.27575 2.06033 4.6642 1.48648 162087 0 -1.01625 0.449683 0
20.9514 -5.93613 0.602552 0.768092 0.85848 1.78685 100919 0 1.82446 0.445301 1
41.1363 27.6299 1.09661 2.08224 4.95959 1.51283 150122 0 -1.39071 0.444542 0
18.2851 -4.28798 0.545252 0.823065 0.866192 1.62069 103251 0 0.430769 0.444354 1
29.8905 -8.08368 0.26407 0.815693 0.917793 1.57505 97671 0 -1.49663 0.441238 1
-27.4367 29.619 0.973235 0.718734 0.657494 1.7595 152716 0 -1.38021 0.43614 1
-59.3802 17.0956 0.160561 1.96527 4.43405 1.51483 134364 0 -1.05405 0.434777 0
12.3354 48.8442 2.02067 1.88915 4.37519 1.5507 180920 0 1.71352 0.432023 0
5.30358 40.7713 1.89607 1.96932 4.46925 1.66195 169198 0 -1.51854 0.430163 0
13.9137 58.0856 2.37581 1.94403 4.34736 1.52382 194497 0 -1.21692 0.429029 0
-28.3128 43.6912 1.49343 2.05817 4.94048 1.76636 173305 0 -1.68924 0.424667 0
-33.0852 31.54 0.793092 1.96504 4.4312 1.42032 155506 0 -1.1479 0.419316 0
-30.2225 36.053 1.27917 1.89665 4.39876 1.50271 162067 0 -1.10742 0.415523 0
40.4865 44.324 1.95819 1.92973 4.26708 1.53155 174456 0 -1.61559 0.411261 0
10.5202 -3.35686 0.664186 0.74476 0.799152 1.62925 104630 0 2.99314 0.404558 1
42.387 41.7743 1.62058 2.03014 4.48455 1.53398 170718 0 -1.52467 0.400178 0
61.2904 2.98879 0.284105 1.84738 4.1523 1.51681 114149 0 1.73745 0.399775 0
21.6579 -6.04608 0.536382 0.859879 0.924801 1.70459 100921 0 1.93139 0.396139 1
18.8147 -4.34325 0.551352 0.771272 0.80625 1.62875 103252 0 0.682707 0.3945 1
-28.6262 43.6692 1.54731 2.15178 5.10487 1.76004 173304 0 2.04848 0.393167 0
58.103 15.8508 0.83976 1.93013 4.16493 1.5926 132859 0 -1.66279 0.391301 0
60.8944 29.8887 1.27696 2.17081 4.92933 1.70296 153460 0 -1.34063 0.390763 0
41.3885 27.6086 1.123 2.09535 5.04131 1.53028 150123 0 1.42942 0.384659 0
-29.3015 28.6148 0.711079 1.82489 4.15653 1.44259 151306 0 1.96656 0.384571 0
-22.9328 6.48146 0.270483 1.93266 4.34577 1.58688 119034 0 -1.26346 0.384114 0
9.10361 67.9457 3.01793 2.19538 4.99706 1.94375 208990 0 -1.3486 0.380466 0
-27.6813 43.9411 1.52274 2.12716 4.88243 1.73621 173775 0 -1.72188 0.377065 0
-27.35 30.6025 0.891115 2.08951 4.61867 1.72836 154120 0 -1.14231 0.375546 0
12.9704 51.6628 2.26245 1.94172 4.32144 1.54595 185134 0 1.42392 0.375218 0
-67.9979 26.7057 0.605203 2.0643 4.62975 1.64075 148377 0 1.76523 0.372485 0
24.807 44.9604 2.16499 2.0198 4.57481 1.55479 175343 0 0.864875 0.37047 0
29.8594 -7.95495 0.231501 0.827715 0.904209 1.58525 98139 0 -1.49376 0.367713 1
23.6067 39.2863 1.96287 1.86295 4.16771 1.67379 166915 0 -1.43373 0.367095 0
28.3624 68.4 2.23643 1.93238 4.34502 1.54715 209518 0 -1.4709 0.365963 0
41.1174 24.1499 1.04555 2.02153 4.55481 1.43642 144974 0 -1.4471 0.363854 0
11.3589 39.8425 1.74533 2.10706 4.68333 1.69331 167813 0 1.68182 0.36239 0
48.172 40.7919 1.5824 1.94544 4.46673 1.55479 169332 0 1.68237 0.360207 0
40.7959 24.1996 1.03434 2.02364 4.60757 1.42321 144973 0 1.16285 0.359632 0
13.6667 58.0848 2.33912 1.76463 3.92921 1.41775 194496 0 -1.53999 0.359544 0
12.6468 39.5146 1.99017 2.30909 5.39271 1.92003 167349 0 1.72253 0.357027 0
-51.2784 21.9958 0.540639 2.24118 5.15308 1.77423 141409 0 -1.12903 0.35702 0
9.1161 55.4719 2.20434 2.04952 4.69982 1.54097 190738 0 -1.49072 0.356847 0
45.6008 14.2762 0.598029 2.0596 4.63393 1.58973 130480 0 1.74552 0.354474 0
25.1032 44.9632 2.16992 2.00588 4.54382 1.57606 175344 0 1.51621 0.353097 0
27.3881 26.4764 1.32193 1.96178 4.48653 1.43605 148207 0 1.71983 0.350298 0
-24.482 36.2544 1.24991 2.10613 4.86504 1.52679 162553 0 2.02346 0.349309 0
12.2907 42.6621 2.0883 2.09207 4.6522 1.67075 172028 0 1.75278 0.347193 0
14.1766 58.081 2.44391 2.12324 4.81515 1.65783 194498 0 1.57468 0.343986 0
9.18665 64.7511 2.62676 2.35386 5.50963 1.958 204310 0 -1.41386 0.33978 0
21.2411 -5.99039 0.580187 0.777862 0.844916 1.67109 100920 0 1.86983 0.339018 1
-59.6282 16.839 0.180004 2.05188 4.68624 1.55809 133895 0 -1.1266 0.338719 0
12.9717 51.4088 2.1719 1.87642 4.27084 1.52309 184666 0 -0.887781 0.337061 0
24.8091 45.2535 2.16606 2.03497 4.60568 1.57281 175811 0 1.5524 0.336122 0
24.8087 44.6857 2.12956 1.98052 4.49789 1.54395 174875 0 -1.17088 0.334211 0
61.5803 2.73534 0.291733 1.8534 4.21189 1.50526 113682 0 1.76977 0.333329 0
18.1547 -4.13068 0.544556 0.783541 0.836571 1.60911 103718 0 2.11102 0.332312 1
24.5049 44.9632 2.1416 1.98803 4.49622 1.53189 175342 0 -1.43036 0.332189 0
-42.4115 51.9781 1.34327 1.952 4.39416 1.57114 185429 0 1.56674 0.329891 0
-19.6579 24.7737 1.02376 0.710178 0.742711 1.55254 145720 0 2.18592 0.327671 1
19.3329 -4.83974 0.568003 0.82024 0.833643 1.67045 102318 0 0.766149 0.323877 1
26.8109 56.5229 2.22428 1.73243 3.86924 1.41139 192197 0 -1.41174 0.320166 0
29.7186 -8.05379 0.220211 0.772392 0.799317 1.49874 97670 0 -1.48776 0.316187 1
42.7267 32.1954 1.40388 2.05389 4.58944 1.59095 156679 0 -1.39645 0.313727 0
29.9222 38.5263 1.86814 1.89117 4.30542 1.43609 165999 0 1.7067 0.313616 0
13.2603 51.4139 2.24887 1.97438 4.51949 1.56304 184667 0 1.59859 0.312081 0
41.3987 27.4616 1.1392 2.01809 4.74383 1.48346 149655 0 -1.0905 0.310341 0
40.7896 44.581 2.00063 2.00881 4.49754 1.57654 174925 0 -1.66982 0.307708 0
27.0843 56.2566 2.19401 1.84152 4.21034 1.46795 191730 0 -1.35737 0.306017 0
63.5113 18.0808 0.798302 1.94766 4.33047 1.53982 136152 0 1.52652 0.304336 0
30.8916 38.5313 1.975 1.92842 4.34156 1.50634 166002 0 1.6368 0.3043 0
-34.3741 59.719 1.47831 2.18181 4.91949 1.72837 196686 0 -1.08587 0.304165 0
23.8618 42.363 1.98822 2.01562 4.49632 1.64137 171596 0 -1.52547 0.303249 0
30.2805 -6.69665 0.375098 0.872216 0.971086 1.71824 100012 0 -1.42984 0.303152 1
26.8341 53.3982 2.24804 1.68099 3.8022 1.38947 187517 0 -1.42429 0.301177 0
41.7594 23.9369 0.984318 1.90888 4.47594 1.45542 144508 0 -1.44809 0.301098 0
-20.9025 44.9282 1.72546 0.771215 0.763557 1.68917 175200 0 -1.64655 0.301037 1
-24.4949 32.8065 0.965217 2.02038 4.62654 1.45012 157405 0 -1.14452 0.300132 0
7.59201 58.7516 2.36494 2.16152 5.10991 1.86832 195413 0 -1.51001 0.29985 0
-42.6709 51.699 1.38291 2.07711 4.77283 1.64184 184960 0 1.57762 0.299639 0
-4.96033 60.6226 1.89483 1.91048 4.28105 1.52138 198182 0 1.66616 0.297978 0
10.6629 -3.56405 0.709477 0.791624 0.859588 1.63068 104163 0 2.62271 0.29728 1
5.01412 40.5013 1.91262 2.0364 4.69812 1.67947 168729 0 -1.53671 0.297165 0
25.0982 44.6875 2.13527 1.98628 4.51042 1.56938 174876 0 -0.223318 0.296505 0
-60.6852 10.8 0.121644 1.68942 3.14044 1.56548 125000 0 1.94571 0.295756 0
55.5563 6.96788 0.551732 2.01618 4.46908 1.65442 119747 0 -1.4724 0.293493 0
59.1109 24.2222 0.791881 1.82206 4.08095 1.46276 145030 0 -1.29592 0.29172 0
33.7509 64.7797 2.17579 2.00138 4.49273 1.57525 204387 0 1.66559 0.291109 0
-53.3952 16.7827 0.279486 1.60108 3.27594 1.48701 133915 0 2.00596 0.29015 0
-23.5999 35.9194 1.2755 2.13109 4.79464 1.53172 162088 0 0.140987 0.289834 0
-22.577 44.6219 1.76505 1.86044 4.09981 1.59128 174727 0 1.55049 0.287232 0
-21.3208 43.7777 1.64307 0.831845 0.832733 1.70043 173327 0 2.17556 0.284718 1
-24.8222 33.0645 0.944311 1.96082 4.52491 1.46193 157872 0 2.29762 0.282245 0
58.3621 15.5828 0.813183 2.1436 4.69817 1.6871 132392 0 -1.61656 0.280766 0
28.3449 29.3334 1.36861 2.03908 4.57445 1.51861 152422 0 1.69462 0.280657 0
9.07467 19.391 1.53606 2.04961 4.5639 1.63311 137854 0 1.73405 0.280105 0
64.4625 29.9604 1.31594 2.00457 4.42425 1.53642 153471 0 0.206276 0.278374 0
28.0389 29.8772 1.34557 2.04234 4.52798 1.52872 153357 0 1.75556 0.278048 0
-27.5612 29.6079 0.999424 0.767089 0.715547 1.76293 152715 0 -1.30382 0.277953 1
56.7924 7.10641 0.55463 1.87816 4.17992 1.58264 120219 0 -1.46133 0.277926 0
61.0398 2.76676 0.316438 1.66096 3.77848 1.47213 113680 0 1.75493 0.275354 0
-57.8072 10.0521 -0.623709 0.795736 0.825504 1.30238 124073 0 1.28934 0.274221 1
11.7269 49.0826 2.07189 1.88979 4.24802 1.52169 181386 0 1.67677 0.273904 0
-28.6736 28.3242 0.738447 1.96285 4.49692 1.4652 150840 0 1.9505 0.27369 0
59.616 24.734 0.862925 2.13156 4.86527 1.59627 145968 0 -1.52808 0.273285 0
12.6779 51.6816 2.22761 1.85943 4.11111 1.51656 185133 0 -1.29582 0.272303 0
50.1378 16.3952 0.947599 0.818798 0.906951 1.753 133770 0 1.97746 0.272078 1
63.807 18.3869 0.838416 2.08034 4.67579 1.62126 136621 0 1.81605 0.271687 0
42.1012 32.4655 1.4797 2.0241 4.59122 1.56706 157145 0 1.67031 0.271233 0
50.1456 16.2508 0.945453 0.818432 0.878568 1.74352 133302 0 2.30083 0.270058 1
41.8237 35.608 1.56769 1.8599 4.28298 1.43363 161824 0 -1.45916 0.269274 0
-4.63364 60.3465 1.8553 1.95008 4.4225 1.53411 197715 0 1.66426 0.267322 0
-41.7689 41.4598 0.891534 1.97619 4.4506 1.58792 169987 0 1.75151 0.26655 0
-35.4079 24.3859 0.592137 1.72857 4.1421 1.55533 145203 0 -1.18187 0.264874 0
33.4624 31.8483 1.28591 0.822808 1.03487 1.47836 156182 0 3.09968 0.264638 1
-21.306 43.9434 1.64347 0.835131 0.87364 1.71199 173795 0 1.82079 0.262941 1
-56.7823 12.8715 0.265647 2.04492 4.72569 1.56461 128288 0 -1.39017 0.261296 0
8.39705 18.7735 1.49086 0.832269 0.908909 1.68285 136916 0 1.58037 0.260297 1
-34.3823 29.281 0.594519 1.95621 4.39706 1.46846 152226 0 -1.16118 0.259274 0
24.4605 41.8488 2.02738 1.96677 4.38305 1.67251 170662 0 -1.39106 0.257261 0
47.8409 41.0601 1.59708 1.89813 4.25998 1.53026 169799 0 1.77578 0.256564 0
11.0753 39.5777 1.67524 2.02424 4.52786 1.64277 167344 0 1.72015 0.25652 0
12.6121 42.116 2.09285 2.14618 4.77418 1.72098 171093 0 1.83993 0.256394 0
13.5377 51.6621 2.39416 2.07558 4.68541 1.62897 185136 0 1.64602 0.256151 0
40.7721 44.0728 1.94687 1.97685 4.40371 1.55243 173989 0 -1.56851 0.2546 0
40.4949 24.3852 1.04354 2.15377 4.97627 1.45472 145440 0 1.61076 0.254321 0
63.2324 17.7889 0.762801 1.84913 4.08751 1.49805 135683 0 1.50699 0.253265 0
64.1823 30.2086 1.30245 2.08432 4.65048 1.58461 153938 0 0.108738 0.25273 0
27.7552 65.5454 2.28 1.80056 3.89177 1.61631 205304 0 -1.47649 0.252455 0
42.6987 42.0067 1.65138 1.99256 4.40764 1.52528 171187 0 -1.59879 0.252392 0
-42.4031 52.2645 1.36149 2.02319 4.55234 1.62204 185897 0 -0.78826 0.24949 0
9.70679 67.9405 3.1606 2.5635 6.36378 2.30462 208992 0 -1.35866 0.249277 0
24.7255 42.3476 1.99657 2.12627 4.78336 1.73201 171599 0 -1.52392 0.248942 0
12.9659 39.7832 2.0997 2.27158 5.20497 1.89088 167818 0 1.71021 0.248341 0
-24.0864 35.7844 1.27292 1.98077 4.51946 1.48025 161618 0 1.01047 0.247918 0
-28.6428 43.4621 1.49574 2.02316 4.78377 1.71332 172836 0 1.72425 0.247856 0
6.81635 44.2185 1.95374 2.28871 5.23483 1.8104 174351 0 -1.45089 0.247452 0
45.8782 17.3454 0.943428 2.07601 4.61221 1.6219 135161 0 1.68894 0.24695 0
29.2398 29.3515 1.33104 2.12547 4.8753 1.5689 152425 0 1.7245 0.245916 0
14.5116 66.9918 3.11647 1.07508 1.39025 1.92289 207603 0 1.46716 0.244539 1
-28.9522 43.4429 1.55291 2.04646 4.79008 1.69893 172835 0 1.4047 0.244287 0
12.9004 49.0542 2.10216 2.09432 4.85131 1.68726 181390 0 1.64133 0.244032 0
9.10387 58.4786 2.43802 2.06678 4.7394 1.73946 194950 0 -1.43416 0.243974 0
-25.4055 33.1536 0.990521 1.92277 4.39607 1.46005 157870 0 1.98998 0.24237 0
44.9431 11.8865 0.708306 2.15273 5.00658 1.61997 127202 0 1.73896 0.240769 0
10.6438 -3.15538 0.693524 0.749532 0.837693 1.62599 105099 0 3.09405 0.239804 1
38.9882 15.5786 0.739225 1.67581 3.47062 1.40092 132331 0 -1.39132 0.238455 0
-23.872 32.7644 0.99172 2.08612 4.6991 1.47001 157407 0 -1.14713 0.237944 0
23.8655 45.2848 2.09589 1.92307 4.43264 1.47924 175808 0 -1.50058 0.236847 0
-30.4593 11.549 0.267171 0.891301 1.04497 1.7656 126498 0 -0.216732 0.235869 1
-42.1362 51.7279 1.27904 1.79856 3.93187 1.50335 184962 0 1.64248 0.235052 0
26.8984 -9.07328 0.454595 0.878074 1.02834 1.77599 96258 0 1.62447 0.235034 1
15.1634 66.7369 2.86904 2.02718 4.63335 1.96402 207137 0 1.73199 0.234341 0
41.1471 23.9206 1.00408 1.78507 3.96973 1.39139 144506 0 -1.47709 0.234071 0
-42.0665 41.1325 0.837639 2.04348 4.60335 1.63745 169518 0 1.77501 0.233384 0
11.4189 42.678 2.00875 2.04693 4.53627 1.62476 172025 0 1.82035 0.23255 0
20.8659 -4.65501 0.521991 0.770815 0.832591 1.63508 102791 0 0.195982 0.232258 1
41.7971 41.9837 1.62828 2.07442 4.66262 1.56682 171184 0 -1.61759 0.232017 0
-48.756 26.9687 0.83107 2.35306 5.92295 1.82245 148905 0 -1.18597 0.231948 0
-58.0014 10.0514 -0.503611 0.869726 0.934236 1.24364 124072 0 1.44832 0.231883 1
27.9551 26.9493 1.35025 1.98165 4.52307 1.47816 149145 0 1.75214 0.231598 0
20.8604 -5.39116 0.721894 0.852286 0.943282 1.86255 101855 0 1.82459 0.231456 1
25.1118 45.5445 2.18538 1.99948 4.51724 1.58496 176280 0 1.57256 0.231441 0
-31.8465 61.6854 1.90729 2.10064 4.60743 1.7687 199502 0 -1.17331 0.231357 0
15.178 67.0403 2.92578 2.19825 5.03261 2.03923 207605 0 1.71442 0.230868 0
-35.6716 60.6287 1.62937 2.15107 4.86847 1.66748 198086 0 1.51648 0.230042 0
43.3592 31.8962 1.34996 2.09523 4.77765 1.68741 156213 0 -1.36828 0.22965 0
-24.5212 33.0403 0.965914 2.0212 4.70042 1.45699 157873 0 -1.52678 0.229574 0
24.1949 44.6757 2.09809 1.95734 4.45493 1.52161 174873 0 -1.48967 0.229276 0
24.1791 42.6357 1.97754 1.9683 4.33288 1.62097 172065 0 -1.55105 0.22914 0
42.0924 41.5283 1.60639 2.03517 4.51369 1.57462 170249 0 -1.43433 0.228694 0
8.57156 20.3043 1.53847 0.846245 0.966308 1.68491 139256 0 0.924963 0.228542 1
33.4534 64.5386 2.11775 1.92351 4.42405 1.53822 203918 0 1.61606 0.228192 0
19.2754 -4.42232 0.585614 0.910358 0.950124 1.6785 103254 0 0.663796 0.228137 1
30.2484 50.4531 3.10106 0.857106 0.883534 1.73912 183316 0 0.688306 0.227434 1
5.25417 40.2115 1.89402 2.0021 4.63295 1.6645 168262 0 -1.50164 0.227404 0
5.55354 41.0502 1.98619 2.01445 4.38422 1.68027 169667 0 -1.45994 0.227394 0
-50.4486 21.9309 0.521458 1.76498 3.81641 1.54571 141412 0 -1.10005 0.227061 0
64.8065 23.231 1.08413 1.96211 4.39524 1.62048 143644 0 -1.52338 0.226949 0
-25.0695 32.8729 0.931701 1.92103 4.48341 1.44931 157403 0 1.71168 0.226597 0
8.24222 18.783 1.47239 0.875149 0.988712 1.66754 136915 0 1.66277 0.226138 1
42.959 35.5924 1.61818 2.07316 4.58868 1.57966 161828 0 -1.43085 0.225249 0
-22.8635 44.3728 1.74522 1.93177 4.34528 1.60046 174258 0 1.54135 0.225157 0
62.2313 5.72097 0.341077 1.98874 4.50604 1.57566 117896 0 1.76245 0.224744 0
15.2324 39.1124 2.00245 0.834031 0.809406 1.71982 166889 0 0.160183 0.224245 1
23.6015 36.5301 1.77619 1.91108 4.20405 1.45658 163171 0 -1.50007 0.224162 0
-20.7306 44.9472 1.71166 0.791508 0.780549 1.67838 175201 0 -2.0573 0.223694 1
10.7498 40.1109 1.68454 2.00774 4.48236 1.60644 168279 0 1.61405 0.223619 0
61.583 3.26969 0.271926 2.02641 4.52455 1.57831 114618 0 1.70379 0.221341 0
61.6977 6.19596 0.325386 1.79538 3.88221 1.49944 118830 0 1.70529 0.22073 0
21.8097 -6.04929 0.520535 0.861537 0.917374 1.67746 100922 0 1.92123 0.220187 1
-36.3338 55.8254 1.72173 2.05164 4.6126 1.72215 191064 0 1.91873 0.219505 0
12.6259 48.5702 2.00275 1.92353 4.41339 1.58027 180453 0 1.75841 0.21899 0
12.3354 45.9085 2.09243 2.00856 4.542 1.56409 176708 0 1.76206 0.218781 0
57.0749 6.66147 0.470572 2.0126 4.54851 1.68492 119284 0 -1.41349 0.218564 0
65.4551 28.6521 1.09188 1.92508 4.36984 1.52398 151602 0 1.56455 0.21795 0
48.7538 40.529 1.60703 1.95327 4.59806 1.56948 168866 0 1.71061 0.217494 0
61.3147 2.48029 0.264664 1.68682 3.76757 1.47425 113213 0 1.75252 0.217452 0
26.5464 -9.09217 0.453124 0.903005 1.02527 1.7806 96256 0 1.74361 0.217206 1
50.3044 16.2237 0.938545 0.9164 1.04471 1.75986 133303 0 1.78689 0.216533 1
27.3159 57.0192 2.26533 2.1707 4.91863 1.66684 193135 0 -1.46006 0.216034 0
-50.7443 21.7047 0.537263 1.87462 4.19246 1.59179 140943 0 -1.13692 0.214903 0
-19.4209 24.7866 1.00868 0.825384 1.03062 1.5213 145721 0 1.59573 0.21406 1
30.5545 38.327 1.95961 1.82376 4.03326 1.42205 165533 0 1.68156 0.213916 0
63.2438 18.3651 0.794775 1.86121 4.06654 1.50691 136619 0 1.49323 0.213861 0
43.6431 32.1484 1.35693 2.1334 4.80031 1.68843 156682 0 -1.38644 0.211696 0
-19.6553 24.5569 1.00991 0.744765 0.86306 1.53502 145252 0 1.36679 0.211585 1
-22.8746 44.9231 1.83463 1.9598 4.40815 1.62869 175194 0 1.62997 0.211466 0
-35.3686 60.3555 1.59947 2.07223 4.56088 1.64331 197619 0 -0.990263 0.211371 0
-30.7903 36.3292 1.29545 2.11317 5.08934 1.61765 162533 0 -1.15067 0.211348 0
14.3062 66.9844 3.07304 0.907515 0.998303 1.89511 207602 0 1.2196 0.211281 1
8.77434 20.5547 1.58175 0.825323 0.894826 1.69374 139725 0 0.232934 0.210493 1
25.4076 44.6919 2.13331 2.05275 4.68593 1.62269 174877 0 1.56448 0.210016 0
-26.0507 33.4853 1.04639 1.91979 4.28319 1.47165 158336 0 1.9743 0.209999 0
63.5378 18.6589 0.856741 1.99443 4.38883 1.57759 137088 0 1.49211 0.209556 0
28.0878 68.875 2.22798 1.84464 4.01417 1.50296 210453 0 -1.57151 0.209263 0
6.95533 14.1686 1.13744 1.88812 4.32706 1.44043 130359 0 1.76238 0.208398 0
-42.6625 52.261 1.43657 2.15049 5.01124 1.74183 185896 0 -1.10396 0.20795 0
-36.6199 55.5487 1.73699 2.02589 4.54697 1.74175 190595 0 1.91857 0.207604 0
21.2711 -6.18584 0.588453 0.787501 0.857064 1.7155 100452 0 1.86508 0.206469 1
26.6949 -9.348 0.475656 0.881908 0.962612 1.7547 95789 0 1.64405 0.206447 1
-8.60178 24.1249 1.15411 1.71468 3.64112 1.48321 144819 0 1.78827 0.205673 0
15.2427 38.9777 1.98878 0.810897 0.800542 1.6957 166421 0 0.165405 0.20522 1
48.4442 41.0322 1.67518 1.98317 4.53223 1.5541 169801 0 1.76781 0.204492 0
28.222 63.1163 2.20579 2.24518 5.1928 1.74312 202030 0 -1.53248 0.204397 0
56.1872 6.67606 0.539978 1.98002 4.38215 1.64396 119281 0 -1.40158 0.203977 0
45.1799 11.4366 0.689642 2.2437 5.36197 1.66943 126267 0 1.76549 0.203866 0
-41.4863 41.7328 1.00804 1.99636 4.40656 1.58963 170456 0 -0.522937 0.203214 0
-36.6088 21.0778 0.414462 1.9416 4.38808 1.66773 140051 0 -1.09503 0.203178 0
-69.3826 -5.14884 0.469079 0.86085 1.22081 1.81355 101573 0 1.28833 0.203092 1
-69.523 -5.15839 0.451226 0.899226 1.25371 1.84391 101572 0 0.913418 0.202942 1
-21.2988 44.3206 1.64979 1.68913 3.68494 1.70298 174263 0 1.82238 0.202538 0
19.564 -4.66347 0.567882 0.812272 0.892358 1.67872 102787 0 0.648611 0.202142 1
-47.6289 26.3729 0.825083 1.75924 3.80359 1.50552 147973 0 -1.19147 0.202139 0
-5.28584 60.9073 1.99043 1.96397 4.31355 1.56232 198649 0 1.58782 0.201983 0
-28.0294 27.9936 0.732125 2.02271 4.57972 1.53381 150374 0 1.83447 0.201924 0
-17.7628 24.4831 1.15449 2.06004 4.65317 1.50674 145258 0 -1.18987 0.201596 0
-67.4452 26.6718 0.610099 1.69155 3.60233 1.47158 148379 0 1.61333 0.200334 0
-23.5158 32.1984 1.09516 2.09921 4.56507 1.46656 156472 0 -1.07821 0.200116 0
8.25767 22.3468 1.55756 1.84999 4.17626 1.69631 142063 0 -1.36813 0.199846 0
-35.401 60.6173 1.65193 2.07756 4.61309 1.63812 198087 0 1.02508 0.199249 0
33.4433 65.0519 2.1476 1.97708 4.4754 1.57574 204854 0 1.66157 0.199203 0
-8.75061 39.7567 1.3414 2.20186 5.25976 1.56849 167750 0 -1.11267 0.198764 0
-19.2514 16.7753 0.806295 2.27334 5.26787 1.78697 134021 0 1.91329 0.198579 0
-67.7429 26.9505 0.603132 1.94404 4.30781 1.60333 148846 0 1.6249 0.198115 0
40.833 23.9364 1.01138 1.79488 3.9806 1.3852 144505 0 1.1208 0.197938 0
30.2277 -8.16223 0.319716 0.889978 1.81883 1.66676 97672 0 -1.53145 0.197899 2
8.78271 55.7434 2.30253 2.07365 4.62979 1.59498 191205 0 -1.40446 0.197753 0
-42.1239 52.2787 1.32833 1.88559 4.14507 1.55908 185898 0 0.436993 0.197628 0
24.491 44.3818 2.09844 1.99221 4.48001 1.56981 174406 0 -1.46805 0.197603 0
64.12 18.3847 0.853528 2.17302 5.024 1.68537 136622 0 -1.68071 0.197165 0
18.2998 -4.12088 0.573842 0.836482 0.90844 1.64405 103719 0 0.91405 0.196885 1
43.018 41.5062 1.56646 2.12372 4.75428 1.59243 170252 0 -1.47112 0.196349 0
-29.5337 28.3909 0.690862 1.77166 4.26938 1.43538 150837 0 1.97664 0.196291 0
15.1944 41.1517 2.28032 1.97832 4.4138 1.70671 169697 0 -3.03417 0.196062 0
63.5129 17.4842 0.764547 1.98965 4.41113 1.55354 135216 0 1.55064 0.195845 0
-37.2436 21.8267 0.461317 2.16031 5.04733 1.73592 141453 0 -1.19462 0.195669 0
8.22816 68.0496 2.97585 1.92708 4.39864 1.78976 208987 0 -1.36734 0.19556 0
25.096 44.3893 2.07844 1.96839 4.42164 1.58343 174408 0 -1.35915 0.195512 0
46.5473 17.3561 0.95938 2.18079 4.84617 1.72189 135163 0 1.25107 0.195416 0
12.8849 42.3907 2.13198 2.20648 4.83783 1.7433 171562 0 1.80353 0.194799 0
61.87 2.44616 0.260881 1.9072 4.50423 1.56573 113215 0 1.77555 0.194584 0
50.311 16.4274 0.944867 0.956188 1.21587 1.75742 133771 0 1.79934 0.194477 1
-25.1506 33.3527 1.00509 1.94924 4.47348 1.45873 158339 0 1.99505 0.194287 0
18.7945 -4.51927 0.565215 0.788515 0.795854 1.62777 102784 0 0.792866 0.194265 1
21.2415 -5.62682 0.615834 0.846108 0.924249 1.79223 101388 0 1.80586 0.194198 1
3.70053 29.0008 1.49508 2.12907 4.99169 1.66839 151877 0 -1.40935 0.192935 0
12.0278 39.2724 1.87588 2.26601 5.25517 1.8482 166879 0 1.77483 0.19265 0
28.5593 66.0084 2.28023 2.32455 5.37049 1.90711 206243 0 -1.56472 0.192011 0
31.1733 38.8033 1.95907 2.06256 4.68392 1.58773 166471 0 1.61199 0.191645 0
-28.324 31.1322 1.03577 2.06184 4.51815 1.68725 155053 0 -1.15092 0.191039 0
11.7313 42.1494 1.89982 2.0659 4.3404 1.62311 171090 0 1.87819 0.19098 0
-21.9359 44.3424 1.69799 2.08018 4.80316 1.72204 174261 0 1.62311 0.190914 0
-12.2056 31.6207 1.30582 1.95096 4.43865 1.42708 155571 0 -1.11751 0.190857 0
10.5096 -3.16085 0.710222 0.744107 0.831556 1.65993 105098 0 2.88423 0.190321 1
-41.108 41.1462 0.824353 1.91284 4.37465 1.56601 169521 0 -1.61582 0.190129 0
8.55849 67.7645 2.89167 1.77845 4.16356 1.7412 208520 0 -1.34075 0.190106 0
-28.9353 43.9166 1.64646 2.21565 5.17222 1.81796 173771 0 1.53971 0.187738 0
29.2245 29.8363 1.38565 2.22419 5.06938 1.63373 153361 0 1.75537 0.187665 0
57.824 15.6015 0.822151 1.86514 3.97067 1.52021 132390 0 -1.63492 0.186062 0
63.2075 23.5082 1.01273 1.8813 4.33086 1.52174 144107 0 1.72857 0.185936 0
-5.24533 60.3493 1.86581 1.91614 4.26679 1.50769 197713 0 1.55922 0.185426 0
46.5442 17.2019 0.938356 2.10471 4.70035 1.69938 134695 0 -1.34914 0.185149 0
65.7109 28.6333 1.07739 2.10269 4.91161 1.62388 151603 0 1.21474 0.185117 0
24.167 45.553 2.11479 1.97526 4.47851 1.53658 176277 0 -1.51767 0.184646 0
-26.7429 44.0596 1.58555 1.9814 4.54354 1.6752 173778 0 -1.69698 0.18463 0
48.4882 42.0661 1.80352 1.98375 4.45235 1.58032 171205 0 3.06501 0.183736 0
-42.3847 40.8 0.824237 2.12591 4.91328 1.69717 169049 0 1.76476 0.18352 0
21.6713 -6.44675 0.548892 0.874176 0.941493 1.72173 99985 0 1.90546 0.18348 1
44.3112 48.1679 1.48963 1.94845 4.4915 1.55502 180084 0 -1.52474 0.18288 0
20.7194 -5.92042 0.644148 0.805474 0.8876 1.8375 100918 0 1.82647 0.18275 1
-41.4634 41.1586 0.856586 1.8835 4.13339 1.54595 169520 0 2.28113 0.18172 0
10.5099 -3.55669 0.716146 0.786691 0.866785 1.59787 104162 0 2.88241 0.181285 1
13.9047 55.1938 2.50189 2.08976 4.67329 1.67156 190285 0 1.61116 0.180691 0
-59.1258 17.3798 0.171441 1.93061 4.33097 1.51135 134833 0 -0.977235 0.180647 0
46.5453 20.6608 0.705638 2.21788 5.28476 1.83624 139843 0 1.59986 0.180255 0
60.9555 39.532 1.27581 1.92107 4.31332 1.54409 167500 0 -2.17808 0.179316 0
47.8842 40.5536 1.52577 1.86602 4.26525 1.51269 168863 0 1.63277 0.179204 0
-37.2028 21.3705 0.453078 2.12298 4.90242 1.75675 140517 0 -1.17021 0.17893 0
33.7345 31.8387 1.30216 1.4765 2.65609 1.47212 156183 0 2.95987 0.177466 0
-12.0068 32.035 1.29404 1.99702 4.62743 1.4402 156508 0 -1.14168 0.177234 0
33.76 32.1426 1.28721 1.9625 4.20792 1.4866 156651 0 0.898861 0.177069 0
12.967 51.1156 2.10839 1.89589 4.07228 1.52542 184198 0 -1.37188 0.175873 0
28.6444 29.028 1.34079 2.00193 4.56803 1.52046 151955 0 1.69787 0.175865 0
-33.8135 29.2067 0.645901 2.00496 4.59116 1.52158 152228 0 -1.19533 0.175612 0
49.0702 40.7429 1.67617 1.96556 4.40176 1.55556 169335 0 1.68613 0.175303 0
12.3301 51.9248 2.21833 1.88571 4.09933 1.51523 185600 0 -1.1093 0.174235 0
-36.9569 56.1388 1.73449 2.0016 4.4794 1.73589 191530 0 1.97222 0.174178 0
-36.0175 55.209 1.70769 2.03882 4.64902 1.77952 190129 0 1.7858 0.174013 0
27.1006 26.9611 1.30363 1.91632 4.34387 1.45381 149142 0 1.75539 0.173981 0
-41.7887 40.8153 0.812966 1.92639 4.13996 1.56265 169051 0 1.70533 0.173934 0
-42.0924 40.505 0.814673 1.98575 4.50788 1.60733 168582 0 1.68062 0.173511 0
13.2873 40.1229 2.16805 2.19968 4.93757 1.82415 168287 0 1.77978 0.173321 0
28.2938 26.4764 1.335 2.0574 4.7192 1.46477 148210 0 -1.37631 0.173274 0
12.3352 41.8276 2.01338 2.07467 4.57613 1.69103 170624 0 1.85863 0.173132 0
-51.603 22.5349 0.546344 2.36501 5.64044 1.94433 142344 0 -1.08441 0.172775 0
64.5186 23.4828 1.10413 1.94389 4.31983 1.60359 144111 0 -1.58108 0.171594 0
9.716 55.2697 2.20847 1.84293 4.19117 1.47301 190272 0 -1.52845 0.171225 0
12.6282 46.1848 2.11151 2.0455 4.64773 1.6153 177177 0 1.68545 0.170995 0
-27.4284 29.3971 1.0118 0.751321 0.695946 1.74332 152248 0 -1.36096 0.170915 1
-21.2629 44.6317 1.69624 1.61984 3.55466 1.71356 174731 0 1.5953 0.170866 0
-39.8466 14.1039 0.430605 2.46561 6.09787 2.08108 130213 0 -1.1385 0.170738 0
42.4295 31.8995 1.42796 2.00945 4.46486 1.61674 156210 0 -1.32382 0.169838 0
5.98316 43.7798 1.71087 2.12487 4.88896 1.68038 173412 0 -1.4462 0.169814 0
29.6152 38.3286 1.76648 1.82112 4.22372 1.40513 165530 0 1.68975 0.169545 0
41.7972 32.1998 1.4661 2.08292 4.69644 1.59134 156676 0 1.69749 0.169417 0
41.7752 32.7397 1.48598 2.0426 4.63737 1.5978 157612 0 1.76209 0.169209 0
10.7475 36.6559 1.57707 2.08023 4.66874 1.62859 163131 0 1.71826 0.169204 0
68.9227 27.0252 1.38038 2.07245 4.64475 1.72853 149273 0 0.93771 0.168962 0
9.74023 67.4396 3.0232 2.38116 5.8231 2.08592 208056 0 -1.33472 0.168958 0
42.6891 35.1574 1.56056 1.8598 4.24993 1.52981 160891 0 -1.37659 0.168918 0
-20.9847 44.3294 1.63407 1.297 2.29392 1.68179 174264 0 2.39374 0.168764 0
46.2341 17.2066 0.940518 2.00896 4.44141 1.63661 134694 0 -0.883979 0.168243 0
45.1795 8.42044 0.706519 2.20606 5.1634 1.74532 122055 0 1.70494 0.168149 0
-40.8076 41.4056 0.907203 2.0065 4.45028 1.57363 169990 0 -1.48147 0.168128 0
5.88181 40.5405 1.87355 1.9083 4.53046 1.5588 168732 0 -1.47641 0.167896 0
-21.6178 44.6059 1.73615 2.01455 4.6137 1.75896 174730 0 1.5326 0.167826 0
64.7723 29.6384 1.25961 1.97881 4.35949 1.53224 153004 0 0.388683 0.167612 0
-57.8013 9.84304 -0.216258 0.85549 0.92692 1.49566 123605 0 1.26597 0.16758 1
68.6708 27.0332 1.34823 2.01361 4.48877 1.70994 149272 0 2.89278 0.167537 0
-57.0886 12.9059 0.281051 2.18336 5.12981 1.62583 128287 0 2.92244 0.167433 0
-9.56803 18.0518 1.01554 1.74334 3.64274 1.42811 135924 0 1.78673 0.167297 0
-9.65489 36.955 1.43114 2.25583 5.48421 1.71275 163535 0 -1.12133 0.167293 0
-19.4148 24.5349 1.0282 1.1175 1.76656 1.50688 145253 0 -0.61516 0.167262 1
-30.4704 11.1758 0.269277 0.898262 0.994648 1.72107 125562 0 -0.354784 0.167237 1
32.8607 64.7839 2.10336 1.96946 4.47039 1.56463 204384 0 1.58725 0.167073 0
-20.9375 44.7053 1.68187 0.796424 0.893087 1.73282 174732 0 -1.72162 0.167027 1
30.2125 35.4694 1.78785 2.13783 4.87364 1.49618 161320 0 1.71513 0.166981 0
-74.3747 14.564 0.263073 2.01551 4.48061 1.66583 130573 0 1.61116 0.166975 0
13.2188 39.2546 2.0354 2.05437 4.54397 1.75386 166883 0 1.70244 0.166707 0
60.6561 39.8315 1.30234 1.96775 4.38978 1.55312 167967 0 -2.7298 0.166707 0
63.5009 23.5256 1.03817 1.93706 4.43396 1.54776 144108 0 2.81748 0.166705 0
13.6393 54.8941 2.47884 1.96456 4.41654 1.581 189816 0 1.60918 0.166662 0
12.9061 45.6176 2.17057 2.16787 4.93284 1.69808 176242 0 1.75912 0.166454 0
-29.6916 35.9276 1.21327 1.91836 4.40878 1.56842 162069 0 -1.11583 0.166386 0
14.5372 66.8051 3.07068 1.09701 1.42869 1.92071 207135 0 1.40975 0.165957 1
-36.0269 56.123 1.69929 2.05138 4.59051 1.70577 191533 0 1.95867 0.165715 0
42.3739 32.7168 1.48361 2.07931 4.63764 1.59067 157614 0 -1.5176 0.165709 0
57.8485 16.0868 0.86215 1.75456 3.74278 1.52252 133326 0 -1.69348 0.165351 0
-52.4252 19.6886 0.401102 1.7833 3.7448 1.5282 138130 0 -1.10714 0.164953 0
-53.87 16.605 0.233994 1.77121 3.91175 1.50344 133445 0 1.95589 0.164669 0
-74.112 14.8649 0.210077 2.00588 4.42651 1.59593 131042 0 -0.801923 0.1646 0
12.6414 45.3175 2.21752 2.09286 4.72847 1.6363 175773 0 1.81053 0.164542 0
14.8896 66.4822 2.85616 1.82573 3.97122 1.86667 206668 0 1.71665 0.164497 0
4.67924 15.8387 1.1903 0.763085 0.761025 1.57076 132692 0 0.0865586 0.164479 1
10.7394 49.1722 1.91723 1.96566 4.628 1.59721 181383 0 -1.46612 0.164191 0
34.0852 32.1666 1.28525 1.98319 4.39186 1.50256 156652 0 -0.0177989 0.164027 0
68.9295 26.7465 1.34685 2.05108 4.55926 1.72157 148805 0 1.37261 0.163927 0
39.5373 44.2904 1.84407 1.9963 4.58598 1.54308 174453 0 -1.64443 0.163783 0
65.7329 28.349 1.03355 2.10487 5.01479 1.61675 151135 0 -0.582507 0.163512 0
13.8789 51.3761 2.38775 2.04984 4.6006 1.61652 184669 0 1.7021 0.163374 0
44.6785 11.1467 0.713707 1.98186 4.60236 1.57455 125797 0 1.82806 0.162793 0
28.3241 30.1559 1.39086 2.12 4.72763 1.56899 153826 0 1.78824 0.162737 0
44.003 48.4473 1.48605 1.96226 4.48341 1.56335 180551 0 -1.54116 0.162312 0
4.96489 39.8805 1.94251 2.03668 4.65104 1.72128 167793 0 -1.46003 0.162244 0
6.84116 43.7852 1.75756 2.02962 4.64003 1.66 173415 0 -1.46 0.162185 0
61.9779 6.44936 0.352825 1.96466 4.22478 1.5858 119299 0 1.60583 0.162146 0
11.9933 51.943 2.1681 1.85916 4.07355 1.50366 185599 0 1.51902 0.162097 0
60.9678 39.2306 1.28448 1.79068 4.04301 1.48643 167032 0 -1.76033 0.162002 0
-36.3946 21.8348 0.424135 1.74336 3.97146 1.61323 141456 0 -1.23585 0.161486 0
