-12.2568 12.6156 1.06529 2.12991 4.855 1.8429 127959 0 1.75641 0.934783 0
-37.9482 -2.72279 -0.346023 2.04832 4.63457 1.47784 105415 0 -1.48035 0.931098 0
-31.127 -9.0661 -0.452874 2.28054 4.92163 2.03998 96076 0 0.0980201 0.930546 0
-12.9774 9.09606 0.892579 1.98539 4.54432 1.50882 122809 0 1.66158 0.928429 0
6.3045 16.8902 1.46384 2.052 4.79873 1.80992 134101 0 1.6668 0.920564 0
17.528 11.7356 1.18218 2.17646 5.04646 1.84133 126648 0 -1.4726 0.919851 0
49.7364 -10.292 1.05324 2.91478 7.63554 3.24185 94457 0 1.70476 0.916045 0
0.762001 17.7135 1.23572 2.0725 4.80059 1.5085 135488 0 -1.41935 0.910073 0
-23.171 8.46944 0.177155 2.10788 4.803 1.50062 121841 0 -1.21401 0.904716 0
42.716 6.26631 0.800491 1.97495 4.56551 1.49704 118771 0 1.72808 0.900595 0
1.10683 20.5367 1.31527 2.10396 5.10962 1.50044 139701 0 -1.48955 0.898314 0
4.9008 11.0199 1.2411 2.12993 4.75598 1.8442 125673 0 1.67976 0.891618 0
54.9143 2.09261 0.721673 2.15389 4.73543 1.79381 112725 0 -1.41235 0.889766 0
17.7576 14.8271 1.28357 2.14959 4.88104 1.86524 131329 0 -1.45565 0.886338 0
25.6908 13.8673 1.16851 2.24424 4.93183 1.7929 129950 0 1.68937 0.88472 0
25.1747 10.1953 0.953425 2.08014 4.81224 1.53701 124332 0 1.70471 0.879265 0
-11.3985 20.8537 1.26825 2.26413 5.04382 1.97788 140130 0 1.80834 0.878181 0
37.3496 6.9698 0.939633 1.9125 4.17151 1.70366 119690 0 -1.39002 0.863328 0
25.4998 -8.44801 0.581302 0.924747 1.03867 1.83274 97189 0 1.77495 0.863192 1
19.3709 25.0914 1.37891 1.9601 4.56726 1.48861 146310 0 -1.45365 0.862405 0
19.343 21.2392 1.42397 1.90718 4.36301 1.67616 140694 0 -1.44706 0.861632 0
2.18273 26.3068 1.65815 2.16361 5.05375 1.81973 148128 0 -1.46565 0.857296 0
54.8766 4.87907 0.636086 1.9786 4.42041 1.5498 116937 0 -1.45362 0.855862 0
0.0814743 11.5526 1.03221 2.0212 4.69122 1.47359 126594 0 -1.40565 0.852221 0
-32.8255 19.7393 0.560387 1.99076 4.57223 1.74517 138191 0 1.89169 0.848223 0
-11.3336 14.973 1.09797 2.09892 4.75126 1.85145 131238 0 1.81266 0.846986 0
-72.471 5.30244 -0.183098 2.02435 4.52234 1.57562 117007 0 1.68082 0.84464 0
-33.1029 17.1242 0.318967 1.99566 4.47683 1.54746 134446 0 1.90987 0.839443 0
65.3531 -1.42996 0.54317 2.08666 4.63948 1.67839 107610 0 0.0315475 0.83325 0
-39.3082 -8.22754 -0.47763 2.03883 4.54305 1.69038 97455 0 0.0748484 0.832175 0
8.41719 31.4371 1.86627 2.25068 5.17323 1.94063 155636 0 1.6487 0.831944 0
-12.0765 33.7986 1.44452 2.36609 5.61567 1.89094 158848 0 -1.13764 0.829552 0
37.6619 13.5364 1.10119 1.95679 4.2484 1.6654 129519 0 -1.39833 0.826711 0
-36.8574 -8.83544 -0.501283 1.96602 4.30105 1.63773 96526 0 0.105555 0.821149 0
18.7296 18.2963 1.17792 1.93661 4.4564 1.49395 136480 0 -1.55832 0.819205 0
20.6418 28.0664 1.41516 1.9439 4.5089 1.47528 150526 0 -1.40438 0.818904 0
1.76643 23.2723 1.39313 1.90253 4.5971 1.42359 143447 0 1.65271 0.818058 0
-21.8386 10.986 0.2805 2.01065 4.41046 1.51597 125589 0 -1.27055 0.816214 0
0.847 14.6775 1.14923 2.00486 4.76685 1.49412 130808 0 -1.45 0.813732 0
7.16053 22.7836 1.60757 2.12992 4.98026 1.7194 142996 0 -1.4844 0.810671 0
-64.4301 0.388184 -0.26528 2.09108 4.71589 1.57062 110012 0 -1.4335 0.809916 0
19.8937 -5.90585 0.761589 0.907883 0.977412 1.81679 100916 0 1.84671 0.809531 1
43.378 12.5671 0.973374 2.009 4.61169 1.57505 128133 0 1.73087 0.808526 0
2.6928 32.1184 1.768 2.27011 5.52165 1.91603 156554 0 1.7059 0.807621 0
-34.3965 14.515 0.222597 1.99355 4.48442 1.49562 130698 0 1.94207 0.806513 0
37.8192 9.86512 0.880572 1.8775 4.41267 1.50533 123904 0 1.69413 0.806465 0
-42.6787 7.73917 0.0849451 2.09056 4.68508 1.68216 120844 0 -1.20175 0.801177 0
4.35452 44.2728 2.23869 2.17834 4.93843 1.85854 174343 0 -1.46002 0.800234 0
25.0747 21.2664 1.43213 2.06955 4.95941 1.69484 140712 0 1.69793 0.787033 0
-35.1077 12.0529 0.0868396 1.99298 4.1705 1.46741 126952 0 -1.14366 0.786459 0
-40.7851 12.8924 0.32834 2.29483 5.37491 1.95838 128338 0 -1.21134 0.78228 0
-36.2593 8.57911 0.0608041 1.92066 4.08763 1.45255 121800 0 1.93426 0.78046 0
-6.14691 57.4122 1.78109 1.93461 4.41033 1.49094 193498 0 1.66302 0.776097 0
44.9895 27.3206 1.52345 2.31504 5.43922 1.85858 149666 0 -1.36762 0.774544 0
-31.5307 22.2206 0.478961 2.00736 4.54535 1.55095 141939 0 1.87749 0.771888 0
-10.6698 24.0817 1.11811 2.05677 4.81556 1.53206 144812 0 1.76101 0.762974 0
18.1033 -4.39896 0.640982 0.911091 0.915212 1.63318 103250 0 0.686436 0.759858 1
43.3544 9.37556 0.943635 2.10512 4.78794 1.68573 123453 0 1.69036 0.757134 0
-4.33351 71.836 2.66969 2.08176 4.55444 1.85022 214564 0 1.701 0.755367 0
-11.3357 17.8666 0.964474 1.94046 4.40777 1.48435 135450 0 1.7381 0.753849 0
38.2344 16.2552 0.915796 1.95601 4.49689 1.45712 133265 0 -1.37448 0.753121 0
-55.2072 15.8183 0.074726 1.95345 4.32669 1.55943 132505 0 1.98581 0.752427 0
6.56228 19.6865 1.40842 2.12874 5.11019 1.60042 138314 0 1.66432 0.738173 0
25.1666 24.2402 1.60828 2.09898 4.94831 1.62767 144924 0 1.33846 0.736501 0
-30.3007 24.7528 0.824468 2.03999 4.3807 1.80394 145687 0 1.88564 0.731985 0
60.3593 1.41853 0.735867 2.01505 4.82227 1.73276 111806 0 1.66511 0.730715 0
20.9195 -5.70024 0.648986 0.83833 0.92687 1.71474 101387 0 1.82823 0.722138 1
-39.2437 17.8543 0.247097 1.94407 4.12748 1.59911 135363 0 -1.22719 0.721206 0
21.0294 30.9913 1.5356 1.92447 4.40947 1.49381 154739 0 -1.34115 0.719688 0
-13.3118 31.2425 1.23117 2.05844 4.70978 1.45529 155100 0 -1.18416 0.717668 0
25.1691 53.8766 2.39754 1.96826 4.34266 1.53512 188448 0 -1.45761 0.712728 0
-41.458 10.3242 0.017379 1.97323 4.47793 1.59329 124592 0 -1.2132 0.700868 0
29.8187 -6.27051 0.56448 0.840039 0.969853 1.65897 100479 0 -1.56121 0.69454 1
58.7664 31.112 1.43712 2.02994 4.45 1.72305 155325 0 -1.44159 0.690897 0
40.5068 36.3609 1.73354 1.92239 4.26765 1.58785 162756 0 -1.49238 0.689712 0
-20.0635 16.1959 0.757833 2.02179 4.44647 1.71805 133083 0 1.72012 0.68894 0
3.40393 40.8577 1.8863 2.0594 4.63776 1.65971 169192 0 -1.50217 0.685422 0
22.2837 36.889 1.82075 2.08097 4.7561 1.65704 163635 0 -1.4477 0.685212 0
-62.5644 9.7289 -0.104774 1.95014 4.28758 1.59079 123590 0 1.93034 0.683106 0
60.9982 7.2077 0.732537 1.91248 4.19882 1.55184 120232 0 1.68587 0.678562 0
-31.3147 10.4994 0.129488 0.923478 0.934472 1.72867 124624 0 -0.710513 0.675368 1
-54.2456 18.7104 0.164238 2.06967 4.50038 1.64249 136720 0 -1.14682 0.674873 0
-38.543 20.9446 0.360671 2.06011 4.60709 1.68668 140045 0 -1.23262 0.667239 0
6.24313 14.2121 1.13994 2.011 4.61109 1.51628 130357 0 1.73623 0.660296 0
-21.2964 13.8497 0.503374 2.14671 4.84595 1.56625 129803 0 -1.26344 0.653233 0
-11.3055 36.6055 1.45556 2.27311 5.36154 1.8648 163062 0 -1.14205 0.653061 0
-5.58037 63.2592 2.13546 2.05656 4.71788 1.71623 201924 0 1.55995 0.645514 0
55.5639 7.86073 0.836624 1.85138 4.10528 1.64215 121151 0 -1.46286 0.641815 0
-57.1444 11.2584 0.00467297 2.03869 4.63149 1.53793 125947 0 -1.19225 0.640827 0
-19.0569 18.7115 0.911562 2.04231 4.50889 1.59795 136830 0 -1.23489 0.627684 0
43.6756 18.314 1.20787 2.0285 4.69324 1.55811 136558 0 1.71696 0.624842 0
25.7305 66.4387 2.51862 1.98655 4.44577 1.66787 206702 0 -1.59431 0.623236 0
7.51045 25.5003 1.53307 2.07977 4.84802 1.56818 146741 0 1.60465 0.616274 0
-39.8888 15.4574 0.15363 1.94681 4.30048 1.57193 132085 0 -1.19975 0.615122 0
21.9535 39.8492 1.93811 2.0076 4.55094 1.71352 167846 0 -1.4656 0.611118 0
-36.9743 23.4721 0.47157 1.88709 4.35033 1.51232 143794 0 -1.28393 0.607522 0
22.8463 45.632 2.2019 1.99676 4.52495 1.53092 176273 0 -1.49745 0.589642 0
-5.01398 66.1014 2.0062 1.9279 4.3029 1.5515 206138 0 1.6067 0.589112 0
-4.61012 68.9522 2.17878 1.97471 4.49787 1.5288 210351 0 1.64924 0.588299 0
22.8582 42.7206 2.18468 2.10332 4.79492 1.7602 172061 0 -1.54306 0.583841 0
33.8732 9.96325 1.0142 0.924949 1.05948 1.73763 124359 0 0.202707 0.57609 1
25.1563 24.3556 1.61152 2.12849 5.08432 1.63726 145392 0 -1.4662 0.573983 0
-36.3109 26.0188 0.657352 2.12415 4.68676 1.67058 147540 0 -1.2691 0.554951 0
-49.725 25.4622 0.674461 2.04995 4.70606 1.62099 146562 0 -1.23373 0.551265 0
-48.203 30.9053 0.72283 2.1673 4.73531 1.73746 154523 0 -1.18545 0.546683 0
-15.7913 26.3267 1.36691 2.1014 4.65541 1.75675 148072 0 -1.21248 0.538414 0
25.4627 63.4899 2.43495 2.00686 4.45393 1.59365 202489 0 -1.5984 0.536023 0
-6.54752 60.3654 1.89704 1.98315 4.59305 1.62992 197709 0 1.57301 0.535443 0
-52.3692 21.2155 0.405401 2.02811 4.52262 1.61439 140470 0 -1.12211 0.535297 0
-10.359 39.2235 1.29026 2.12943 4.84998 1.55525 166809 0 -1.10281 0.534909 0
24.8296 57.1374 2.31138 1.93184 4.26392 1.5138 193127 0 -1.43514 0.532922 0
5.92681 58.7741 2.47129 2.06574 4.68955 1.66609 195408 0 -1.49677 0.529732 0
25.4077 24.3491 1.61906 2.24148 5.4371 1.69354 145393 0 -0.830491 0.525161 0
27.0299 30.1819 1.49332 2.08607 4.84404 1.50355 153822 0 1.71529 0.523353 0
19.9998 -5.05842 0.820475 0.828183 0.917282 1.8827 102320 0 1.82585 0.51701 1
6.25305 68.0121 2.89503 2.01774 4.53297 1.7732 208981 0 -1.32305 0.516457 0
9.75484 43.0178 2.29487 2.1339 4.93164 1.77096 172488 0 1.72062 0.510003 0
25.7757 27.0915 1.40999 1.96053 4.51079 1.41333 149138 0 1.68534 0.509614 0
-60.6597 15.5235 -0.0770499 1.97097 4.40438 1.50694 132020 0 -1.15687 0.505381 0
-16.8327 26.7287 1.38259 2.04158 4.56302 1.67831 148537 0 1.91742 0.502972 0
27.6465 36.2552 1.9181 2.02383 4.6131 1.53306 162716 0 1.70807 0.500762 0
18.1338 -4.51849 0.660012 0.948363 0.925598 1.66094 102782 0 1.03309 0.486265 1
57.4667 25.0946 1.04692 1.89774 4.27391 1.49479 146429 0 -1.33658 0.484911 0
10.0561 46.2039 2.20791 2.01882 4.57471 1.60023 177169 0 1.76123 0.480213 0
-35.0483 61.5337 1.95316 2.28686 5.35446 1.7878 199492 0 -1.16167 0.45954 0
60.0053 39.2129 1.51448 2.04711 4.67467 1.59959 167029 0 -1.41369 0.4553 0
60.0187 4.33725 0.505131 1.83288 4.19104 1.47746 116017 0 1.70912 0.454561 0
17.8484 -4.31234 0.622671 0.795535 0.808616 1.53997 103249 0 0.606818 0.451402 1
-23.5173 44.0187 1.57695 2.06641 4.74992 1.68437 173788 0 1.73914 0.449187 0
-34.3857 30.5889 0.619506 1.99138 4.51058 1.45812 154098 0 -1.15665 0.44533 0
-10.7967 36.3535 1.39287 1.93784 4.33179 1.57902 162596 0 -1.13798 0.44392 0
-26.1138 35.6441 1.25768 2.05105 4.64633 1.49802 161612 0 1.94064 0.442678 0
40.4788 42.4225 1.81813 1.96842 4.39584 1.48311 171648 0 -1.51931 0.442139 0
10.069 49.1212 2.18621 2.00432 4.50723 1.56034 181381 0 1.67974 0.435945 0
46.571 41.4851 1.76053 1.94767 4.32372 1.55908 170263 0 1.28764 0.433311 0
11.9865 69.2522 3.513 2.29498 5.0533 2.02277 210871 0 -3.13573 0.432488 0
11.6922 58.3465 2.42227 2.01786 4.3809 1.57837 194958 0 1.63599 0.431872 0
17.3467 -3.93559 0.606797 0.794171 0.829342 1.53736 103716 0 0.151001 0.429652 1
20.743 -5.6595 0.676168 0.859289 0.951254 1.72676 101386 0 1.83125 0.42501 1
25.1051 56.8645 2.32796 1.96972 4.40535 1.54571 192660 0 -1.39398 0.421823 0
28.002 39.184 1.98164 2.12047 4.86376 1.58696 166929 0 1.69081 0.420983 0
39.8441 24.8812 1.28488 1.92036 4.42073 1.43095 145906 0 -1.48616 0.420064 0
26.0881 69.2641 2.46251 1.96853 4.42113 1.6301 210915 0 -1.61835 0.414403 0
19.938 -5.67016 0.729204 0.837036 0.92836 1.83067 101384 0 1.85488 0.403408 1
5.61929 68.2717 2.8613 2.25198 5.07778 1.88978 209447 0 -1.16799 0.400729 0
39.827 28.4113 1.33413 2.07029 4.70878 1.55682 151054 0 -1.44094 0.398074 0
6.57817 46.8479 2.16983 2.03076 4.55401 1.62588 178094 0 -1.46943 0.393975 0
38.2383 19.0599 1.06742 1.9856 4.53237 1.48303 137477 0 -1.45236 0.378365 0
-36.331 59.0516 1.48975 2.0355 4.60351 1.56256 195744 0 2.23339 0.378121 0
6.57269 55.5565 2.1082 2.03094 4.62384 1.59043 190730 0 -1.49759 0.373922 0
25.504 -8.29365 0.557515 0.877964 1.00355 1.81993 97657 0 1.7528 0.364645 1
59.7322 39.4926 1.47155 1.84565 4.16784 1.48955 167496 0 -1.44366 0.36135 0
9.81525 45.9817 2.10701 1.84001 4.17445 1.47103 176700 0 1.78933 0.360558 0
-28.9404 43.339 1.49632 1.91473 4.39789 1.62249 172835 0 -1.70419 0.360117 0
60.2671 39.4827 1.60483 2.20207 5.09155 1.71507 167498 0 -1.42989 0.360103 0
29.9157 -6.91267 0.415435 0.731213 0.882919 1.37559 99543 0 -1.61877 0.359398 1
38.8784 45.3114 2.08932 1.98288 4.42661 1.58034 175855 0 -1.56893 0.357127 0
64.1287 30.2104 1.38509 2.1512 4.95943 1.68225 153938 0 -1.58827 0.356161 0
39.2077 25.0476 1.29046 2.11146 4.77176 1.43415 146372 0 -1.39609 0.355858 0
17.1506 -9.15248 0.681354 0.802233 0.817393 1.65506 96227 0 0.411498 0.354413 1
-19.678 18.9529 0.930529 2.12338 4.74663 1.61099 137296 0 -1.3117 0.34669 0
-36.6073 59.1012 1.47862 2.03223 4.55252 1.58676 195743 0 1.88932 0.345266 0
29.3033 -7.51008 0.430433 0.78736 0.975082 1.57592 98605 0 -1.54969 0.341719 1
9.14756 40.173 1.87228 2.06256 4.65112 1.64565 168274 0 1.70471 0.33924 0
57.7565 25.3817 1.03375 2.02112 4.60418 1.56779 146898 0 -1.43513 0.338796 0
9.42001 40.4524 1.91324 2.16982 4.90268 1.72013 168743 0 1.71916 0.334868 0
9.11076 52.2709 1.88714 1.96265 4.41141 1.4774 186058 0 1.73359 0.332737 0
13.2736 67.7352 3.26962 2.13277 4.87662 1.92864 208535 0 1.56613 0.332193 0
22.6115 45.3765 2.09957 1.87194 4.24219 1.44323 175804 0 -1.47364 0.331496 0
27.6559 29.979 1.57069 2.04199 4.68486 1.48169 153356 0 -1.41295 0.329103 0
6.9222 18.8031 1.59198 0.845959 0.862766 1.69433 136911 0 1.0771 0.328192 1
28.3105 44.9415 2.28189 1.94072 4.44789 1.53325 175354 0 1.6026 0.32811 0
-4.87894 72.0758 2.61092 2.42142 5.69193 2.03756 215030 0 1.70516 0.326477 0
-19.9831 19.0065 0.923909 2.07997 4.6792 1.59937 137295 0 1.50539 0.325684 0
9.77103 46.4878 2.16952 1.91956 4.32664 1.51875 177636 0 1.74598 0.323578 0
21.4812 31.1037 1.4891 2.17102 5.11414 1.55576 155209 0 -1.40257 0.318455 0
-49.2168 25.3913 0.686745 1.77492 3.84251 1.55368 146564 0 -1.21683 0.317138 0
10.3709 42.7615 2.24538 2.23272 5.16616 1.83172 172022 0 1.74833 0.317022 0
10.7149 51.7059 2.15834 1.99346 4.49432 1.55505 185127 0 -0.9457 0.309249 0
26.3588 69.011 2.4487 2.07427 4.6624 1.72868 210448 0 -1.57713 0.307242 0
-30.6006 30.8049 1.02404 2.26218 5.20759 1.74393 154578 0 1.99361 0.30705 0
18.2752 -4.41264 0.641004 0.896643 0.932951 1.6506 103251 0 0.688014 0.306447 1
3.63418 40.5858 1.91131 1.92279 4.26965 1.62172 168725 0 -1.49334 0.305387 0
60.3203 4.06137 0.521974 1.81666 4.17789 1.49159 115550 0 1.74925 0.304527 0
6.83425 19.4515 1.51179 1.89432 4.14837 1.67739 137847 0 1.69238 0.304069 0
-32.1261 35.4234 1.15422 1.93525 4.3962 1.48974 161125 0 -1.11612 0.303863 0
10.7132 51.9748 2.16279 2.00602 4.51371 1.58077 185595 0 1.5897 0.300815 0
60.2794 4.56276 0.528765 2.01415 4.56862 1.56409 116486 0 1.67588 0.299729 0
-29.0306 29.0455 0.913167 0.714452 0.656148 1.69701 151775 0 -1.64083 0.297232 1
-18.0907 65.7907 1.93568 1.99087 4.45655 1.5369 205629 0 0.131962 0.295981 0
22.3392 45.6435 2.08612 1.72263 3.76982 1.35536 176271 0 -1.52749 0.295202 0
-29.6017 43.3 1.46059 2.12699 5.00065 1.74751 172833 0 -1.63843 0.2946 0
19.9172 -6.12073 0.70907 0.860565 0.925094 1.71898 100448 0 1.89936 0.292578 1
-60.9104 15.2766 -0.0375203 2.09293 4.74412 1.58214 131551 0 -1.25719 0.292094 0
26.3731 27.2565 1.4714 2.00009 4.60935 1.46355 149608 0 -1.65174 0.2901 0
-23.2325 44.2696 1.64681 2.06669 4.82807 1.66527 174257 0 1.6718 0.289744 0
25.5024 66.186 2.53421 1.77657 3.94481 1.56667 206233 0 -1.52356 0.288562 0
38.5758 45.5488 2.06616 1.95599 4.33417 1.56229 176322 0 -1.5715 0.287083 0
-36.0478 58.9996 1.51204 2.05719 4.63603 1.55943 195745 0 -1.61843 0.286312 0
-33.1069 35.9855 1.28879 2.0913 4.65867 1.61875 162058 0 -1.17069 0.286184 0
12.3095 67.6675 3.28477 2.06062 4.60609 1.85088 208532 0 1.53969 0.285345 0
13.3747 39.4224 2.02269 0.857459 0.898361 1.752 167351 0 0.143445 0.28454 1
-58.0489 11.6204 0.0364374 2.08842 4.77593 1.55833 126412 0 2.31158 0.284332 0
28.6178 38.9596 2.0846 2.01387 4.50063 1.55188 166463 0 1.67013 0.283997 0
-57.7845 11.5761 -0.00103444 2.01594 4.57824 1.53424 126413 0 -1.46269 0.283365 0
-39.1992 55.1712 1.57463 2.02356 4.56625 1.73635 190119 0 2.09473 0.283149 0
7.12273 68.0004 3.04671 2.26845 5.2481 1.9376 208984 0 -1.40523 0.283007 0
26.3598 69.5474 2.55583 2.18522 4.95845 1.7958 211384 0 -1.62282 0.282818 0
-25.8106 35.593 1.259 2.04845 4.66668 1.5022 161613 0 -1.69299 0.279279 0
-40.2767 12.6807 0.299615 2.01182 4.22048 1.76511 127872 0 -1.20986 0.279158 0
41.3702 42.4106 1.80288 2.09459 4.76026 1.60422 171651 0 -1.50746 0.277346 0
9.41954 39.8704 1.85395 2.14731 4.87658 1.72197 167807 0 1.74016 0.276044 0
28.9491 39.1789 2.12241 2.0375 4.53338 1.59785 166932 0 1.62264 0.274489 0
59.9916 39.798 1.56379 2.06271 4.68198 1.62369 167965 0 -1.5049 0.273192 0
7.5202 25.9761 1.55238 2.07098 4.85883 1.58433 147677 0 1.57144 0.273144 0
10.4184 51.7086 2.10527 1.95032 4.38548 1.52449 185126 0 -1.30566 0.27268 0
57.2047 24.8589 1.03541 1.87467 4.14225 1.48228 145960 0 -1.24104 0.272337 0
12.2497 58.1303 2.57366 2.29217 5.18774 1.80656 194492 0 1.69368 0.271735 0
10.0928 45.6767 2.15772 1.98288 4.45353 1.55714 176233 0 1.81593 0.270325 0
59.7423 38.9364 1.45441 1.90799 4.32626 1.52105 166560 0 -1.38289 0.270072 0
-28.9335 29.9565 0.848866 1.91679 4.35816 1.58677 153179 0 -1.14332 0.269851 0
22.8378 46.1655 2.25267 2.08026 4.69427 1.59179 177209 0 -1.48121 0.26913 0
22.3082 42.9746 2.1327 1.94981 4.3338 1.62071 172527 0 -1.57821 0.268552 0
25.4509 -8.68557 0.591311 0.922766 1.01856 1.81752 96721 0 1.72747 0.268173 1
-37.9913 20.6961 0.361894 1.87121 4.17621 1.6306 139579 0 -1.20987 0.267962 0
46.2839 41.6779 1.77557 1.96554 4.4013 1.52905 170730 0 1.52555 0.266682 0
8.14489 64.4792 2.44624 2.10798 4.66131 1.68031 203839 0 -1.46907 0.266376 0
19.785 -5.72136 0.738644 0.846166 0.938474 1.81971 101383 0 1.82973 0.263369 1
9.74429 52.0187 2.03542 1.95815 4.49937 1.48542 185592 0 1.69851 0.262829 0
7.4782 55.4684 2.08272 2.01681 4.5932 1.6138 190733 0 -1.4938 0.262311 0
-4.08082 68.9369 2.17052 1.79312 3.93211 1.45703 210353 0 1.40458 0.262292 0
45.9228 35.3991 1.51357 1.94566 4.36681 1.52308 161369 0 1.75648 0.261091 0
62.2929 31.207 1.19663 1.96547 4.36485 1.5247 155336 0 -0.0466336 0.26101 0
-60.3938 15.7766 -0.0911755 1.90636 4.19923 1.48994 132489 0 -1.04145 0.260642 0
-19.7821 16.1125 0.749517 2.0015 4.35375 1.72609 133084 0 1.32515 0.26054 0
-40.3855 15.2756 0.151157 2.2053 5.07847 1.707 131615 0 -1.25071 0.260412 0
58.0046 24.8545 1.08799 2.24337 5.26137 1.70114 145963 0 -1.36018 0.259099 0
5.65099 69.5741 3.0052 2.23836 4.80239 1.89734 211319 0 -3.05419 0.257136 0
9.51783 46.256 2.11644 1.74286 3.84446 1.41425 177167 0 1.77133 0.257009 0
-9.86521 39.1521 1.26585 1.87342 4.13005 1.47414 166811 0 -1.06593 0.256604 0
20.263 -5.2776 0.747976 0.848938 0.937487 1.82195 101853 0 1.84969 0.25619 1
29.8415 -6.46784 0.558058 0.946402 1.02377 1.63658 100011 0 -1.61792 0.255341 1
10.0459 43.2799 2.26994 2.14055 4.88652 1.77569 172957 0 1.70451 0.254591 0
-9.19774 -14.9246 0.319589 0.788349 1.02973 1.61387 87721 0 1.55158 0.253418 1
21.3482 36.9798 1.7958 2.11182 4.904 1.72343 163632 0 -1.57287 0.252307 0
28.632 44.6531 2.28502 1.99261 4.50547 1.56694 174887 0 1.57597 0.252254 0
63.5952 30.2112 1.32299 1.82673 4.019 1.51744 153936 0 1.31047 0.251925 0
9.1583 49.1655 2.13767 1.94874 4.45035 1.58701 181378 0 1.67927 0.251463 0
46.2221 35.654 1.57846 2.0424 4.56988 1.56578 161838 0 1.75293 0.251176 0
22.4687 40.0933 1.97542 2.23384 5.28752 1.8516 168316 0 -1.49901 0.250722 0
28.0126 44.6607 2.19415 1.91507 4.24544 1.52807 174885 0 2.80004 0.249697 0
17.1404 -9.3484 0.699753 0.825479 0.869535 1.67388 95759 0 0.284363 0.248533 1
-19.6713 65.1112 1.84871 2.07778 4.72253 1.6541 204688 0 -1.21099 0.248507 0
2.42538 28.9984 1.50208 2.12825 4.95217 1.66035 151873 0 -1.43052 0.248198 0
25.8237 69.0232 2.41566 1.8249 4.015 1.54002 210446 0 -1.57259 0.248113 0
13.4997 39.2989 2.00782 0.84314 0.889128 1.75125 166884 0 0.170919 0.247662 1
-20.5456 16.4189 0.748859 2.31493 5.47063 1.79391 133549 0 -1.9865 0.247084 0
11.0871 58.1463 2.27608 1.93566 4.32041 1.51042 194488 0 1.74458 0.247023 0
-52.9205 21.5332 0.406829 2.32982 5.43629 1.78509 140936 0 -1.09265 0.246401 0
22.3159 42.4576 2.13752 1.97183 4.37786 1.66953 171591 0 -1.47507 0.245206 0
22.549 -4.56939 0.617332 0.799123 0.904268 1.58469 102796 0 -1.34144 0.24507 1
-21.8293 13.6961 0.390234 2.03279 4.70271 1.52797 129333 0 -1.25338 0.244976 0
6.81674 58.723 2.51677 2.09631 4.79747 1.74059 195411 0 -1.44434 0.244522 0
25.9967 63.2658 2.39649 2.25093 5.22223 1.7647 202023 0 -1.53881 0.243447 0
25.8106 69.5438 2.50164 1.88294 4.19836 1.55329 211382 0 -1.6274 0.243258 0
-16.4572 26.4875 1.3761 1.91966 4.15429 1.69701 148070 0 1.69234 0.242549 0
5.9417 55.7964 2.2254 2.05351 4.69066 1.64567 191196 0 -1.44829 0.241655 0
6.23209 58.4961 2.46668 2.04918 4.5328 1.64635 194941 0 -1.44735 0.240909 0
-22.9268 43.7527 1.53757 1.9893 4.5551 1.63593 173322 0 1.82566 0.240448 0
17.333 -9.1357 0.689189 0.822936 0.870711 1.66991 96228 0 0.88618 0.23995 1
56.0871 8.06216 0.811144 2.0201 4.63658 1.72063 121621 0 -1.48399 0.239431 0
3.33701 41.3158 1.89566 2.1414 4.75309 1.66239 170128 0 -1.41975 0.238931 0
29.5253 -7.50052 0.475214 0.868799 1.79645 1.58537 98606 0 -1.59883 0.238824 1
7.79362 19.6658 1.53702 2.03828 4.62706 1.59646 138318 0 1.65203 0.238764 0
7.25297 25.2253 1.56855 1.98418 4.48387 1.53664 146272 0 -1.46146 0.237454 0
-29.0326 29.1984 0.897198 0.688831 0.671013 1.69878 152243 0 -1.99709 0.237279 1
-11.0265 36.1187 1.41546 2.04808 4.58085 1.65422 162127 0 -1.20099 0.236385 0
9.7834 -3.1319 0.804003 0.690392 0.760275 1.39127 105096 0 2.40619 0.236268 1
-5.97211 60.5581 1.96356 2.02208 4.63656 1.59126 198179 0 1.57091 0.235763 0
6.89899 19.0305 1.53139 0.920444 1.13721 1.68154 137379 0 1.70212 0.235747 1
38.5542 18.7929 1.03391 1.88121 4.44026 1.48144 137010 0 -1.44738 0.235111 0
46.5448 35.3737 1.60385 2.04732 4.53392 1.57721 161371 0 1.75573 0.233921 0
-58.0137 11.4455 0.0655269 2.23467 4.8969 1.59799 125944 0 0.191656 0.233386 0
8.16954 49.4229 2.19019 2.04546 4.61658 1.73084 181843 0 1.66252 0.233201 0
-20.2653 19.07 0.90883 1.99225 4.47671 1.55499 137294 0 2.12693 0.23265 0
-18.6853 65.7623 1.91079 2.0159 4.5524 1.56556 205627 0 -0.140114 0.232348 0
19.7648 -6.15668 0.70269 0.762436 0.824999 1.60239 100447 0 1.85937 0.232342 1
46.5806 41.1733 1.75252 1.94783 4.25161 1.5729 169795 0 0.626335 0.230694 0
9.78596 48.9052 2.11224 1.88006 4.19131 1.52452 180912 0 1.721 0.230215 0
-5.32345 63.0017 2.10347 1.81836 3.98916 1.63263 201457 0 1.52477 0.230036 0
7.09926 18.7831 1.61283 0.871632 0.885566 1.72099 136912 0 0.673673 0.229904 1
20.1221 28.0682 1.42523 1.61559 3.31234 1.39026 150524 0 -1.38925 0.22863 0
-23.8131 43.7465 1.53378 2.00704 4.63225 1.63366 173319 0 1.65142 0.228479 0
40.4806 33.4305 1.67295 2.08613 4.72923 1.66204 158544 0 -1.4386 0.227514 0
-38.8678 54.6079 1.54497 1.97425 4.37308 1.68126 189184 0 2.04364 0.22725 0
21.6742 39.6052 1.91359 1.96646 4.36222 1.68522 167377 0 -1.44683 0.227229 0
2.04462 23.0195 1.44756 1.57815 3.55302 1.38811 142980 0 1.63779 0.226931 0
6.26169 35.4202 1.49049 0.774825 0.772568 1.61776 161245 0 2.96615 0.225635 1
27.7015 44.6738 2.16906 1.96066 4.50989 1.53604 174884 0 1.72413 0.225521 0
54.909 8.0731 0.821773 1.90528 4.31334 1.5995 121617 0 -1.46676 0.224898 0
-70.2329 -6.20718 0.052 0.859169 1.87791 1.83295 100166 0 -1.60073 0.224801 2
5.34642 58.9738 2.42731 2.17502 4.84447 1.76092 195874 0 -1.49837 0.224314 0
2.29436 23.1713 1.46472 1.60863 3.62267 1.37498 143449 0 -2.06731 0.224175 0
26.0051 66.1672 2.43459 2.12262 4.8873 1.76475 206235 0 -1.51199 0.223108 0
-39.4793 54.9161 1.55641 2.10713 4.79655 1.77885 189650 0 2.06076 0.222621 0
11.9818 58.6343 2.5297 2.14889 4.75895 1.70615 195427 0 1.57919 0.222428 0
-5.50669 66.3194 2.10827 2.26026 5.27793 1.82773 206604 0 1.60082 0.222348 0
72.2114 4.31505 0.590514 0.785122 0.816519 1.66367 116055 0 1.64606 0.222244 1
20.3181 -5.58655 0.692962 0.734855 0.845941 1.73508 101385 0 1.84204 0.221868 1
10.9796 51.7144 2.2128 2.06256 4.60321 1.62935 185128 0 1.50605 0.221624 0
38.5464 19.2945 1.05305 2.00054 4.59109 1.48967 137946 0 -1.44289 0.220295 0
40.8073 42.1785 1.79427 1.89901 4.25029 1.48833 171181 0 -1.4831 0.219922 0
9.77961 -3.24319 0.795729 0.694289 0.769625 1.40016 104628 0 2.608 0.217162 1
26.4708 29.9936 1.51829 1.94664 4.5019 1.4903 153352 0 1.68846 0.21684 0
46.841 43.0349 1.9128 2.00527 4.45423 1.57151 172604 0 -3.09503 0.216061 0
48.8175 17.7617 1.18049 0.961948 1.22438 1.70553 135638 0 1.61703 0.215557 1
39.1656 45.0414 2.12128 2.09383 4.67039 1.67427 175388 0 -1.53449 0.215025 0
41.1186 33.1452 1.67669 2.17981 5.04357 1.75426 158078 0 -1.42243 0.214461 0
-42.1934 7.73283 0.068819 1.81826 3.91529 1.58073 120846 0 -1.17635 0.213812 0
-34.9759 30.6256 0.706 2.01253 4.49953 1.47653 154096 0 -1.16236 0.212484 0
-10.1915 23.8833 1.12914 1.76708 3.71316 1.46972 144346 0 1.71655 0.212206 0
-36.2948 58.8274 1.50624 2.04308 4.60955 1.57487 195276 0 -0.149229 0.212033 0
12.3094 67.3901 3.23771 1.83119 4.08617 1.82383 208064 0 1.55182 0.21201 0
17.3392 -3.80688 0.638904 0.787265 0.855934 1.53227 104184 0 -0.0618054 0.211624 1
13.8743 67.9455 3.59509 2.44197 5.71366 2.20855 209005 0 1.55457 0.211613 0
20.7443 -5.82433 0.681842 0.852434 0.932764 1.72118 100918 0 1.79256 0.211513 1
-18.3745 66.0157 1.95237 2.13951 4.84277 1.64761 206096 0 0.0220384 0.210551 0
25.2339 66.4467 2.54866 1.72634 3.71593 1.53046 206700 0 -1.64185 0.210372 0
28.0265 45.2098 2.33456 1.98964 4.44629 1.55317 175821 0 1.43536 0.210289 0
7.19683 64.7626 2.66 2.10282 4.7071 1.73669 204304 0 -1.44967 0.210276 0
25.3623 57.3717 2.40871 2.13698 4.86913 1.69869 193597 0 -1.46445 0.210246 0
3.28748 31.9106 1.77785 1.85588 4.21269 1.76465 156088 0 1.7051 0.209914 0
27.0195 27.0629 1.56069 2.05458 4.67483 1.51549 149142 0 -1.4712 0.208844 0
26.0773 26.8353 1.47578 1.97904 4.53645 1.41763 148671 0 1.65386 0.20846 0
-39.8426 14.9973 0.123678 1.90125 4.16699 1.60444 131149 0 -1.22726 0.208316 0
6.89792 64.4861 2.70155 2.09135 4.71308 1.75296 203835 0 -1.4932 0.208158 0
46.8713 35.6759 1.59315 2.03446 4.49879 1.5811 161840 0 1.7388 0.207894 0
-44.0008 51.6707 1.24379 2.05991 4.50393 1.62305 184956 0 2.45606 0.207464 0
29.6134 -7.22321 0.523591 0.89517 1.8004 1.63872 99074 0 -1.55988 0.206058 1
19.9166 -4.24694 0.595148 0.765133 0.828456 1.6129 103256 0 -1.22288 0.205628 1
5.65641 14.4688 1.12862 1.88983 4.25404 1.47347 130823 0 1.72643 0.20518 0
-22.8728 44.3138 1.62938 1.06793 1.39513 1.65159 174258 0 1.67219 0.204115 0
-37.2351 59.3981 1.4884 2.07694 4.67351 1.61767 196209 0 1.94403 0.203803 0
-30.2147 43.0816 1.42268 2.0055 4.75724 1.72789 172363 0 -1.66513 0.203463 0
22.4852 39.6079 1.92172 2.15527 5.01247 1.76002 167380 0 -1.46023 0.203439 0
9.18655 42.795 2.33515 2.05476 4.64502 1.69239 172018 0 1.7462 0.203268 0
10.0914 42.4741 2.23731 2.13569 4.95302 1.78259 171553 0 1.76843 0.202652 0
-69.5784 25.126 0.422469 2.11181 4.7127 1.6769 146032 0 -1.50331 0.20264 0
57.177 25.3668 1.02934 1.7936 3.92334 1.45936 146896 0 -1.37931 0.202602 0
61.5148 7.41238 0.77269 2.25975 5.25581 1.77605 120702 0 1.62287 0.202552 0
20.3758 27.8159 1.41799 1.73995 3.93306 1.41509 150057 0 -1.3713 0.201607 0
28.9443 44.36 2.28503 2.04775 4.61428 1.62403 174420 0 1.52583 0.20143 0
28.2953 36.0894 1.94865 1.95077 4.36203 1.52821 162250 0 1.69484 0.201173 0
-50.0078 25.2049 0.661012 2.22607 5.22746 1.75579 146093 0 -1.25053 0.200571 0
6.88274 55.2938 2.06449 1.98554 4.56529 1.56781 190263 0 -1.50793 0.200217 0
-24.1254 44.2638 1.6865 1.96681 4.48212 1.61108 174254 0 1.69048 0.199834 0
-19.9856 15.9676 0.750814 1.99075 4.35855 1.72783 132615 0 -0.272168 0.199481 0
25.1861 63.7483 2.4855 1.9466 4.24241 1.56277 202956 0 -1.61346 0.199472 0
26.0281 63.7506 2.42127 2.29224 5.28487 1.82585 202959 0 -1.61612 0.199196 0
47.8455 41.7123 1.9508 2.03063 4.41203 1.63617 170735 0 1.58346 0.198766 0
61.927 24.4966 1.27037 1.99702 4.52132 1.56477 145507 0 2.1764 0.198536 0
21.6519 36.7362 1.79461 1.87091 4.37906 1.67409 163165 0 -1.54735 0.198379 0
-37.8474 23.5478 0.485211 2.0632 4.59601 1.57748 143791 0 -1.32227 0.197761 0
47.1428 41.7152 1.89951 2.06242 4.57434 1.60678 170733 0 1.52773 0.197746 0
38.5706 45.0434 2.03308 1.90637 4.20683 1.52069 175386 0 -1.55244 0.197684 0
61.5312 6.95956 0.756862 2.1474 5.13605 1.76864 119766 0 1.70972 0.195831 0
63.5898 29.9945 1.32727 1.77983 3.89904 1.49932 153468 0 1.58773 0.195637 0
29.8953 -7.12175 0.477778 0.854514 1.57174 1.51365 99075 0 -1.54916 0.195296 1
-35.3608 31.1688 0.773757 2.05906 4.61111 1.50245 155031 0 2.06066 0.194919 0
-44.3179 51.3941 1.27585 2.04372 4.48967 1.6313 184487 0 2.4696 0.194903 0
-56.5911 11.0006 -0.00574389 2.00554 4.59129 1.53372 125481 0 -1.06061 0.194856 0
44.6022 18.1503 1.18138 1.96634 4.44202 1.64536 136093 0 1.59357 0.194749 0
-69.3139 25.4426 0.395956 1.97117 4.37651 1.57418 146501 0 -1.2273 0.194487 0
-31.5928 35.2917 1.11995 1.94818 4.58803 1.56014 161127 0 -1.07482 0.19376 0
22.858 42.1784 2.17547 2.12949 4.88699 1.81133 171125 0 -1.46272 0.193486 0
-25.2054 35.3316 1.20829 2.07964 4.70842 1.54806 161147 0 -1.17635 0.192753 0
-20.5343 16.2723 0.730244 2.20346 5.19416 1.79135 133081 0 -1.70136 0.192604 0
17.7574 -4.08439 0.598488 0.765567 0.833614 1.51464 103717 0 0.414459 0.192305 1
12.3246 67.9623 3.3923 2.2631 4.86112 1.91538 209000 0 1.80179 0.192253 0
61.9075 24.7871 1.27112 2.03739 4.62117 1.59403 145975 0 2.57588 0.192203 0
57.7248 24.574 1.11811 2.14918 5.00389 1.64699 145494 0 -1.2382 0.192191 0
56.0893 7.62346 0.75727 2.03223 4.68525 1.69548 120685 0 -1.41939 0.192122 0
-36.3974 23.4871 0.450247 1.78142 4.28974 1.53142 143796 0 -1.30321 0.192046 0
39.4668 45.5533 2.08812 2.2447 5.10663 1.82065 176325 0 -1.56228 0.191632 0
-29.9555 30.5424 1.0197 2.10763 4.44236 1.6781 154112 0 1.9513 0.190641 0
46.8831 35.0486 1.58414 2.03307 4.50228 1.59413 160904 0 1.78285 0.190611 0
-24.4576 44.0274 1.58825 1.90086 4.24833 1.58286 173785 0 1.67972 0.190228 0
59.4571 39.2245 1.50135 1.69595 3.74854 1.41991 167027 0 -1.40478 0.189262 0
-45.6056 38.8627 0.350849 2.13203 4.8308 1.82345 166231 0 -1.18862 0.188695 0
9.15118 39.5529 1.80987 2.04535 4.62779 1.66509 167338 0 1.73147 0.188435 0
-68.9462 23.8347 0.384279 2.02267 4.53646 1.60711 144162 0 -2.54255 0.187914 0
8.48315 55.2726 2.20435 1.93084 4.33081 1.54569 190268 0 -1.44453 0.187337 0
-62.0045 9.49005 -0.0940297 1.72587 3.40725 1.54574 123124 0 1.91031 0.187195 0
-29.1641 29.0287 0.91596 0.762209 0.700051 1.72136 151774 0 -1.50037 0.186868 1
24.8464 56.5574 2.30086 1.86233 4.08668 1.4859 192191 0 -1.39789 0.186831 0
60.7295 6.98013 0.669212 1.76712 3.8838 1.48873 119763 0 1.75332 0.186768 0
-19.3555 65.4029 1.87513 2.06313 4.62603 1.62674 205157 0 -0.931016 0.18666 0
-44.9363 39.2326 0.403947 2.12288 4.75588 1.79049 166701 0 -1.2472 0.186627 0
59.7001 40.1463 1.56727 1.93988 4.35364 1.55599 168432 0 -1.46301 0.186614 0
31.5735 32.5252 1.50988 0.634365 0.660389 1.51907 157112 0 -3.10456 0.186544 1
-24.1758 5.91264 0.118776 1.89214 4.29972 1.44967 118094 0 -1.29748 0.186046 0
7.08547 19.0138 1.56122 0.921151 1.13958 1.70883 137380 0 1.63751 0.18587 1
9.77721 51.7441 2.03464 1.8765 4.2947 1.47073 185124 0 1.19891 0.185821 0
6.86022 47.1212 2.21961 1.99536 4.4595 1.59629 178563 0 -1.40347 0.185543 0
61.6151 24.7989 1.2636 2.00714 4.50267 1.5651 145974 0 2.84685 0.185453 0
-18.3815 65.5274 1.87293 1.82543 3.99194 1.46835 205160 0 -0.00788821 0.185354 0
26.0811 69.8588 2.58056 2.09264 4.69942 1.69492 211851 0 -1.66986 0.185187 0
-28.6607 43.1141 1.49679 1.95433 4.21156 1.55435 172368 0 -1.53712 0.184836 0
28.6136 45.2296 2.3862 1.9794 4.40095 1.56711 175823 0 1.64345 0.183923 0
17.4846 -4.23023 0.622896 0.751614 0.76199 1.42399 103248 0 0.0795871 0.183885 1
47.1984 35.3563 1.61519 2.0064 4.40184 1.58898 161373 0 1.76305 0.183491 0
5.67928 14.014 1.08906 2.06034 4.66042 1.51531 129887 0 1.76512 0.183321 0
-40.4132 15.7485 0.164905 2.24023 5.24913 1.70332 132551 0 -1.18522 0.182908 0
61.6202 24.5005 1.24485 1.97378 4.50144 1.53799 145506 0 2.5833 0.182512 0
10.0577 52.2498 2.08097 1.94907 4.36402 1.5142 186061 0 1.68471 0.182347 0
37.9588 45.3115 2.0305 1.9571 4.42842 1.53415 175852 0 -1.53995 0.182281 0
59.6746 40.4591 1.59794 2.02021 4.54361 1.62226 168900 0 -0.887675 0.182145 0
40.4057 25.0157 1.242 2.13349 4.80927 1.54385 146376 0 -1.4865 0.18016 0
42.803 9.23351 0.936764 2.09232 4.68023 1.67229 122983 0 1.75519 0.179948 0
37.7072 16.4234 0.938989 1.70269 3.58229 1.42046 133731 0 -1.41846 0.179745 0
64.1554 18.4082 1.50288 2.09331 4.68517 1.69394 136622 0 -1.62852 0.179737 0
46.5908 40.8549 1.71093 1.97215 4.27522 1.58361 169327 0 0.19173 0.179572 0
-32.5334 35.9162 1.25925 2.01638 4.39111 1.53 162060 0 -1.11113 0.179501 0
-68.6626 23.5329 0.372655 2.00639 4.59108 1.6023 143695 0 -2.84454 0.179433 0
-38.2777 54.5417 1.55467 1.98725 4.53417 1.6883 189186 0 2.04143 0.178852 0
62.2443 24.1749 1.35709 1.99825 4.55162 1.5844 145040 0 1.77887 0.178844 0
9.4543 51.7492 1.97965 1.89552 4.23919 1.45927 185123 0 1.58555 0.178835 0
7.84463 28.3825 1.56711 2.07101 4.83658 1.59244 150954 0 1.72449 0.178607 0
10.6672 48.8769 2.22356 2.05095 4.59087 1.58943 180915 0 1.76638 0.178272 0
29.5862 44.6308 2.4176 2.09237 4.63721 1.71144 174890 0 1.64963 0.177833 0
47.5126 34.7254 1.6188 2.02538 4.53729 1.64047 160438 0 1.7775 0.177707 0
-35.7081 58.7651 1.49184 2.09313 4.66365 1.56332 195278 0 -1.32411 0.177593 0
-18.5033 18.6965 0.852616 2.31418 5.24612 1.79056 136832 0 -1.22976 0.177553 0
-41.982 10.1763 0.0306946 2.24843 5.25444 1.74191 124122 0 -1.28803 0.17745 0
55.2661 7.63226 0.805883 1.83826 4.02297 1.63331 120682 0 -1.44585 0.177361 0
62.8984 24.1547 1.3935 2.02366 4.54853 1.61628 145042 0 1.58118 0.177296 0
8.47356 64.2112 2.33935 2.03459 4.53485 1.6008 203372 0 -1.48662 0.176912 0
-67.4236 24.8269 0.0345798 0.779857 1.7934 1.7882 145571 0 -0.0925491 0.176854 2
41.0574 36.5391 1.70411 2.17947 4.9411 1.72298 163226 0 -1.5155 0.176361 0
-3.75625 71.6101 2.69442 1.80277 3.90405 1.72635 214098 0 1.68094 0.176357 0
-58.3404 11.6785 0.0640037 2.19918 5.05627 1.61545 126411 0 1.81614 0.176216 0
-71.9283 5.25169 -0.18822 1.79351 3.70008 1.48794 117009 0 1.69317 0.175192 0
-43.2775 7.85801 0.0709024 2.39883 5.75197 1.91183 120842 0 -1.21628 0.17478 0
-18.9829 65.7327 1.91017 2.08073 4.69341 1.62247 205626 0 -0.40095 0.174614 0
3.04897 38.2544 1.81241 2.14074 4.92737 1.66458 165447 0 -1.43476 0.174551 0
46.245 35.0858 1.5156 1.99179 4.50193 1.55027 160902 0 1.76153 0.174354 0
-43.7085 51.9466 1.15844 2.08791 4.70398 1.63918 185425 0 2.74833 0.17285 0
17.1648 -8.90025 0.634653 0.833432 0.873463 1.65951 96695 0 0.36504 0.172422 1
62.5542 18.7224 1.14887 2.00601 4.48007 1.63412 137085 0 -1.82931 0.171827 0
31.8079 32.5002 1.50072 1.02953 1.35216 1.51146 157113 0 3.07759 0.171391 1
-44.5966 51.3897 1.3317 2.15661 4.92428 1.70789 184486 0 -1.8768 0.171346 0
61.6091 25.1147 1.29537 2.02372 4.5638 1.59735 146442 0 3.10471 0.171322 0
-6.14743 63.4556 2.10647 2.33632 5.6849 1.9022 202390 0 1.57741 0.171047 0
46.5704 35.9639 1.63747 2.03269 4.48212 1.57357 162307 0 1.73524 0.170916 0
46.8958 34.4194 1.55791 2.0637 4.63136 1.63453 159968 0 1.78011 0.170847 0
26.106 68.7147 2.38785 1.93757 4.33843 1.60731 209979 0 -1.51587 0.170437 0
6.66269 22.654 1.64333 1.75786 3.89467 1.62136 142526 0 -1.4486 0.170329 0
43.6419 12.8306 0.994401 2.19041 5.22911 1.68484 128602 0 1.69624 0.170223 0
-22.6153 44.5858 1.66343 0.903273 0.997999 1.64265 174727 0 1.65795 0.169808 1
62.2395 18.7167 1.11591 1.99414 4.42596 1.61982 137084 0 1.91573 0.169743 0
-20.9716 13.4035 0.469764 2.1684 4.99044 1.59147 128868 0 -1.21833 0.169148 0
-61.1998 15.8024 0.0207513 2.20973 5.1474 1.64302 132486 0 -1.15108 0.169061 0
8.79566 52.5488 1.92647 1.99204 4.49632 1.49031 186525 0 1.75246 0.168669 0
-22.6276 43.9943 1.58531 1.98679 4.27832 1.66932 173791 0 1.73846 0.168323 0
59.7268 4.07309 0.504195 1.66957 3.87761 1.44087 115548 0 1.72132 0.168284 0
10.3198 46.4786 2.25464 2.226 5.0819 1.74486 177638 0 1.72381 0.168272 0
46.5791 34.7387 1.55769 2.04107 4.56821 1.58601 160435 0 1.7873 0.168177 0
-69.337 24.801 0.399013 1.91995 4.24672 1.56177 145565 0 -1.69879 0.167946 0
-68.9864 25.7716 0.388116 1.93555 4.29637 1.53596 146970 0 -0.849736 0.16787 0
-35.0547 31.1332 0.752536 2.05421 4.58005 1.48404 155032 0 -1.48929 0.167446 0
-21.2553 43.6554 1.44907 0.712582 0.77649 1.54236 173327 0 -0.650831 0.166797 1
29.2591 44.94 2.42973 2.0585 4.54817 1.65787 175357 0 1.63939 0.166589 0
-23.5135 44.5855 1.73496 2.04594 4.71556 1.66165 174724 0 1.53705 0.166411 0
9.17938 43.2738 2.31931 2.06009 4.5825 1.65703 172954 0 1.73265 0.166366 0
27.3946 39.4353 1.90478 2.0546 4.77082 1.54937 167395 0 1.6852 0.166155 0
11.395 58.6312 2.42054 1.94371 4.18211 1.53314 195425 0 1.72703 0.165772 0
37.3007 46.5951 2.195 1.89586 4.18608 1.54515 177722 0 -3.133 0.165634 0
25.7608 66.9369 2.49867 2.13611 4.81502 1.73687 207638 0 -1.6695 0.165629 0
9.707 40.7516 1.97193 2.27026 5.16728 1.81795 169212 0 1.728 0.165512 0
25.3896 56.5605 2.3852 2.06076 4.65197 1.64848 192193 0 -1.36738 0.165335 0
5.29799 15.2169 1.24765 0.774262 1.00875 1.53511 131758 0 1.46705 0.165334 1
11.7006 67.3397 3.28467 1.59714 3.32362 1.86957 208062 0 1.50542 0.164935 0
45.2628 21.5998 0.908375 2.32315 5.45526 1.79623 141243 0 1.57207 0.164398 0
-22.5602 45.2641 1.78824 2.04346 4.58233 1.65838 175663 0 1.97731 0.164243 0
42.0574 33.1057 1.57318 2.14972 4.85025 1.6966 158081 0 -1.4228 0.163772 0
38.8694 45.8498 2.09467 2.03169 4.56115 1.6427 176791 0 -1.60589 0.163637 0
-10.4266 39.7358 1.30345 2.2485 5.33053 1.63684 167745 0 -1.04252 0.163616 0
45.3246 35.657 1.49066 1.95695 4.43678 1.53177 161835 0 1.74266 0.163326 0
63.8648 18.7078 1.4002 1.9948 4.42496 1.63572 137089 0 -1.73087 0.163239 0
-26.9652 35.97 1.14992 2.0559 4.64942 1.56794 162077 0 1.9634 0.163183 0
17.3226 -9.34501 0.705259 0.824768 0.866012 1.68197 95760 0 0.495189 0.163003 1
-25.4115 2.78325 0.598964 0.933034 1.08337 1.78808 113410 0 0.0279924 0.162827 1
46.6007 42.003 1.83002 1.93685 4.36327 1.5035 171199 0 1.40496 0.162153 0
7.52991 64.2102 2.53053 2.07375 4.57581 1.6679 203369 0 -1.53157 0.160944 0
2.82297 41.1028 1.87666 2.19914 5.09138 1.74866 169658 0 -1.46758 0.16087 0
-69.3167 24.4719 0.398416 1.97037 4.38985 1.59237 145097 0 -1.9351 0.160624 0
6.59707 64.1604 2.66335 2.09368 4.72905 1.73608 203366 0 -1.52038 0.160483 0
-23.2147 45.2609 1.85847 2.06799 4.65604 1.67252 175661 0 1.89986 0.160406 0
-5.1767 68.9633 2.29057 2.2559 5.27817 1.75155 210349 0 1.61992 0.160226 0
28.3136 44.3789 2.17019 1.8706 4.17173 1.53471 174418 0 1.72348 0.160089 0
