24.8343 10.4054 0.982722 2.15527 4.83056 1.53919 124799 0 1.69591 0.946037 0
-37.6028 -3.05031 -0.374747 2.11925 4.61864 1.4863 104948 0 -1.49538 0.938144 0
4.58222 11.012 1.25669 2.13531 4.82796 1.83728 125672 0 1.65904 0.929669 0
49.4049 -9.84792 1.1173 2.89302 7.64302 3.03502 95392 0 1.67748 0.929025 0
54.5787 2.40506 0.788157 2.13368 4.78784 1.80969 113192 0 -1.40985 0.928964 0
5.91953 17.037 1.50028 2.13414 5.00947 1.78349 134568 0 1.66457 0.922424 0
17.1806 11.8918 1.24164 2.26368 5.1222 1.90986 127115 0 -1.49632 0.909722 0
42.3658 6.56083 0.860412 1.97991 4.55502 1.53047 119238 0 1.71686 0.907654 0
1.74974 26.322 1.64905 2.19813 5.10661 1.84575 148127 0 -1.45133 0.901686 0
37.0545 7.19308 1.02006 1.96082 4.37169 1.72155 120157 0 -1.39403 0.894081 0
-13.3567 9.02159 0.880306 1.9967 4.48901 1.5272 122808 0 1.67939 0.888822 0
-11.7155 20.7055 1.23915 2.09972 4.74204 1.96473 139661 0 1.77674 0.887475 0
65.0566 -1.19638 0.704967 2.09877 4.73335 1.79257 108077 0 0.04355 0.887231 0
21.9631 36.9289 1.88727 2.01264 4.5971 1.58441 163634 0 -1.4428 0.884256 0
-12.7074 33.7747 1.39165 2.35663 5.59693 1.9355 158846 0 -1.15306 0.878049 0
-31.4286 -9.32756 -0.499872 2.29569 5.07114 1.96658 95607 0 0.0754322 0.877419 0
0.231094 17.7277 1.21319 2.07421 4.91392 1.52291 135486 0 -1.4197 0.877307 0
6.62766 22.8081 1.64101 2.0829 4.79009 1.65461 142994 0 -1.49257 0.869849 0
-12.5919 12.5146 1.03938 2.0929 4.65666 1.82529 127958 0 1.76257 0.865875 0
-23.5126 8.26003 0.160257 2.13958 4.77747 1.51108 121372 0 -1.27729 0.865543 0
-37.2077 -9.11848 -0.567233 1.97712 4.31875 1.63768 96057 0 0.163529 0.861772 0
-43.0431 7.48539 0.0194656 2.12855 4.83082 1.68588 120375 0 -1.18837 0.861714 0
54.5736 5.22777 0.660115 1.98341 4.51604 1.54686 117404 0 -1.43281 0.861496 0
17.3982 14.9004 1.275 2.1822 5.02942 1.86406 131328 0 -1.42938 0.859799 0
25.2073 14.0041 1.16144 2.14707 4.78942 1.70875 129948 0 1.65746 0.857902 0
-11.7288 14.9253 1.10552 2.10368 4.70775 1.83453 131237 0 1.81459 0.855975 0
0.405579 14.6666 1.16354 1.97969 4.69208 1.51434 130807 0 -1.43592 0.855362 0
-11.0316 23.8965 1.06432 1.96455 4.59372 1.50783 144343 0 1.70886 0.854421 0
-22.1695 10.805 0.221046 1.93857 4.3329 1.51746 125120 0 -1.29 0.853548 0
18.7587 21.3216 1.45191 1.86021 4.15339 1.66661 140692 0 -1.42413 0.853366 0
-6.97424 57.4407 1.83529 2.05137 4.79956 1.5744 193496 0 1.66699 0.852341 0
33.4797 10.0181 1.07299 0.884486 0.973918 1.67732 124358 0 0.182221 0.845303 1
-39.633 -8.52414 -0.509524 2.05271 4.60311 1.66441 96986 0 0.0749703 0.844031 0
20.6422 31.2392 1.57166 2.02321 4.73709 1.48941 155206 0 -1.40857 0.843731 0
0.701225 20.5245 1.32827 2.04688 4.95313 1.5064 139700 0 -1.47515 0.83459 0
-11.6974 17.8128 0.947054 1.86726 4.24288 1.4707 135449 0 1.74095 0.832689 0
24.7501 24.4419 1.5879 2.29099 5.56232 1.74707 145391 0 -1.46882 0.830574 0
7.8849 31.5167 1.89116 2.20495 5.01509 1.92978 155634 0 1.65909 0.830363 0
-13.8829 31.1894 1.22856 2.05699 4.79129 1.45703 155098 0 -1.21985 0.828175 0
-0.41404 11.5453 1.04884 2.01614 4.60336 1.47089 126592 0 -1.40469 0.827707 0
18.3345 18.411 1.19713 1.98032 4.5954 1.45804 136479 0 -1.54335 0.82361 0
18.7918 25.1768 1.43617 1.8586 4.32685 1.4647 146308 0 -1.42068 0.820604 0
-54.6488 18.3368 0.14825 2.0172 4.45439 1.66352 136251 0 -1.10002 0.819481 0
37.5442 10.12 0.968114 1.92907 4.69361 1.49848 124371 0 1.6849 0.818052 0
-34.7378 14.262 0.164969 1.91896 4.34571 1.48087 130229 0 1.93977 0.817846 0
25.1437 -8.28897 0.60839 0.882861 0.992559 1.72169 97656 0 1.78908 0.813182 1
-35.7236 11.9562 0.0424724 2.08555 4.63113 1.48158 126950 0 -1.08011 0.809659 0
-36.6379 8.35952 0.0609196 1.88384 4.07594 1.52973 121799 0 1.93731 0.807452 0
-33.3678 19.5993 0.539502 2.08304 4.785 1.79586 138189 0 1.89815 0.805284 0
17.7222 -4.33976 0.685192 0.911927 0.924668 1.67951 103249 0 -1.45518 0.805028 1
-64.2034 -0.0948715 -0.301662 2.18085 4.56178 1.62507 109077 0 -1.41301 0.804356 0
20.0572 28.2473 1.49722 1.90433 4.27643 1.48149 150992 0 -1.43593 0.801619 0
-33.4053 16.8859 0.270334 1.95013 4.33428 1.54934 133977 0 1.88365 0.798812 0
24.4595 21.5424 1.43158 2.07787 4.96026 1.68712 141178 0 1.7078 0.790195 0
-31.8764 21.9619 0.429272 1.98299 4.42733 1.5281 141470 0 1.87444 0.789469 0
-73.191 4.97554 -0.333806 1.91399 4.15334 1.52823 116537 0 1.74976 0.788151 0
-20.6746 16.1346 0.726719 2.01249 4.54304 1.64332 133081 0 1.89807 0.786972 0
1.3735 23.297 1.40288 1.84363 4.31322 1.40182 143446 0 1.64987 0.784252 0
37.3014 13.796 1.1326 2.07326 4.58979 1.71369 129986 0 -1.4329 0.781725 0
-30.8703 24.5455 0.809079 2.03011 4.50706 1.78956 145217 0 1.8588 0.779881 0
37.6332 16.5482 0.986631 1.87861 4.20934 1.42884 133731 0 -1.39415 0.775246 0
-39.8381 17.6677 0.22828 2.06006 4.55102 1.68397 135361 0 -1.20943 0.775058 0
-57.4058 10.7511 -0.128459 2.1042 4.60242 1.57858 125010 0 -1.16303 0.77501 0
43.0167 9.67958 1.05348 2.08003 4.76313 1.63536 123920 0 1.72529 0.758898 0
-41.1294 12.5857 0.290918 2.30183 5.29667 1.98509 127869 0 -1.18508 0.758709 0
-16.1136 26.1558 1.31367 2.07924 4.6349 1.74815 147603 0 -1.20534 0.755034 0
20.6355 -5.53158 0.630174 0.855526 0.908296 1.65673 101386 0 1.78881 0.751309 1
-5.2734 71.821 2.6704 2.08806 4.7323 1.82625 214561 0 1.71578 0.737009 0
43.0562 12.7392 1.02393 2.01736 4.58474 1.54016 128132 0 1.70814 0.735715 0
19.5893 -5.80919 0.717592 0.872303 0.919661 1.80756 100915 0 1.78735 0.728581 1
-6.28733 63.4451 2.12594 2.18456 5.0051 1.84166 202390 0 1.61948 0.726917 0
-41.7499 10.0151 -0.120356 1.99483 4.46698 1.56228 124123 0 -1.22849 0.719931 0
-55.557 15.5376 -0.0490913 1.87527 4.13125 1.5548 132036 0 2.0204 0.717106 0
-5.91769 66.1367 1.96192 2.05245 4.62037 1.63877 206135 0 1.62342 0.708871 0
27.0146 36.4023 1.93541 2.01875 4.60904 1.56109 162714 0 1.69384 0.703089 0
26.4038 30.3057 1.53721 2.07011 4.77583 1.45957 153820 0 1.67322 0.698314 0
5.94861 19.9488 1.40662 2.09139 4.98748 1.54628 138780 0 1.65488 0.697655 0
-7.52889 60.3623 1.82547 2.04494 4.74446 1.67624 197706 0 1.60446 0.694581 0
2.03157 32.0925 1.78186 2.1091 5.11673 1.82263 156552 0 1.68904 0.692293 0
-62.9111 9.44398 -0.164595 1.98451 4.29122 1.6325 123121 0 1.98499 0.685213 0
-11.6263 36.3802 1.42092 2.15142 4.94432 1.64846 162593 0 -1.24077 0.683802 0
-38.848 20.4049 0.333803 1.99185 4.47921 1.6871 139108 0 -1.26093 0.67123 0
3.39972 44.3482 2.19823 2.23122 5.06443 1.98367 174340 0 -1.45307 0.660218 0
-40.475 15.1687 0.044165 2.04 4.55659 1.64447 131615 0 -1.20318 0.657413 0
-36.6945 25.6956 0.653516 2.10685 4.65316 1.6505 147071 0 -1.26585 0.657405 0
40.134 36.6319 1.83466 1.91761 4.23509 1.57418 163223 0 -1.42869 0.656351 0
-10.7516 39.1316 1.22739 2.0211 4.56109 1.45619 166808 0 -1.24036 0.651328 0
60.0248 1.79527 0.79756 2.03252 4.85528 1.69185 112273 0 1.69769 0.649811 0
-31.6224 10.2031 0.0962389 0.88852 0.951449 1.72505 124155 0 -0.833416 0.647393 1
55.1835 8.22377 0.887872 1.88556 4.2357 1.66338 121618 0 -1.42806 0.632219 0
-48.7731 30.6554 0.72167 2.16499 4.82592 1.6808 154053 0 -1.20169 0.619414 0
25.1054 66.4521 2.52826 2.03961 4.55358 1.71528 206700 0 -1.57796 0.613042 0
-37.5695 23.1808 0.423837 1.91153 4.42244 1.52326 143324 0 -1.2642 0.612388 0
44.6509 27.641 1.67574 2.36273 5.46216 1.88373 150133 0 -1.42497 0.609493 0
58.3842 31.5541 1.62499 2.07863 4.59983 1.75803 155792 0 -1.51337 0.592471 0
22.2066 45.9095 2.14177 2.06619 4.65619 1.6354 176739 0 -1.49252 0.575475 0
2.73069 41.0442 1.9362 2.08934 4.62537 1.64986 169658 0 -1.46399 0.569148 0
6.87082 64.5577 2.71533 2.05671 4.57739 1.72212 203835 0 -1.43735 0.568523 0
29.6608 -6.15228 0.566192 0.858038 0.965999 1.65338 100478 0 -1.53668 0.568003 1
24.829 63.5097 2.50835 2.04203 4.57403 1.63079 202487 0 -1.57763 0.55516 0
-23.837 43.6929 1.54809 2.01719 4.74537 1.75629 173319 0 1.78194 0.553458 0
25.1307 27.3447 1.45583 2.03013 4.71028 1.48608 149604 0 1.68778 0.549274 0
-31.1675 30.5701 0.985599 2.13351 4.83169 1.71747 154108 0 1.9861 0.547956 0
5.597 14.2255 1.25416 2.00095 4.60276 1.49718 130355 0 1.70629 0.54462 0
60.6419 7.56648 0.787311 1.91564 4.24168 1.60859 120699 0 1.71186 0.537185 0
24.4833 54.187 2.36008 2.09218 4.6354 1.67508 188914 0 -1.49847 0.529612 0
43.3705 18.458 1.20961 1.8925 4.40842 1.56094 136557 0 1.67588 0.524488 0
5.28767 58.7815 2.46021 2.00273 4.60315 1.68753 195406 0 -1.48034 0.524393 0
37.9414 19.3771 1.06446 1.92022 4.4618 1.4617 137944 0 -1.45631 0.5114 0
11.6723 67.4013 3.0171 1.96051 4.33754 1.90403 208062 0 1.64407 0.508601 0
5.6163 68.034 2.89339 2.0213 4.51558 1.80229 208979 0 -1.34721 0.505838 0
9.43208 46.179 2.20951 2.05717 4.58721 1.6107 177167 0 1.74002 0.505585 0
17.5648 -4.28941 0.661377 0.838549 0.874197 1.63668 103248 0 -1.45491 0.502384 1
-19.6767 18.7261 0.883192 2.08162 4.5991 1.64302 136828 0 -1.31015 0.487471 0
-49.7802 25.1368 0.619884 1.87945 4.20755 1.50836 146094 0 -1.20591 0.486217 0
27.3627 39.2491 1.99568 2.00335 4.66686 1.4888 166927 0 1.70248 0.485952 0
9.43751 -3.05393 0.684746 0.7711 0.869739 1.56682 105095 0 3.1246 0.484264 1
11.049 58.4048 2.46081 1.98818 4.391 1.54509 194956 0 -1.49661 0.481841 0
-35.6866 61.2491 1.93226 2.22543 5.09412 1.80924 199022 0 -1.26224 0.480543 0
57.4224 25.7757 1.17057 1.99386 4.5585 1.57824 147365 0 -1.56308 0.478127 0
60.0048 4.65856 0.574719 1.87234 4.2846 1.52897 116485 0 1.73703 0.471949 0
45.6088 42.0104 1.85521 1.9492 4.46497 1.52964 171196 0 1.65103 0.4692 0
9.72198 49.0628 2.17956 2.05142 4.60452 1.56791 181380 0 1.71211 0.468998 0
38.8628 25.1833 1.30931 2.07014 4.66841 1.43055 146371 0 1.61622 0.468987 0
11.9786 67.6247 3.05504 2.1064 4.80347 1.93603 208531 0 1.63303 0.46423 0
24.1854 57.4183 2.37298 1.96418 4.36073 1.59216 193593 0 -1.43786 0.459154 0
-29.5984 43.0125 1.47745 1.92557 4.37795 1.56393 172365 0 -1.46188 0.452516 0
-5.57948 68.9478 2.21417 2.02552 4.60536 1.58749 210348 0 1.68234 0.447362 0
40.1639 42.6732 1.8455 1.98735 4.44403 1.51031 172115 0 -1.52354 0.442304 0
5.5676 55.5337 2.1721 1.99172 4.46339 1.58078 190727 0 -1.50947 0.436928 0
12.8794 39.4776 1.99072 0.887169 0.917392 1.79248 167350 0 0.291017 0.428998 1
5.29827 13.9981 1.2361 2.06134 4.68131 1.50623 129886 0 1.72117 0.419165 0
10.098 51.7091 2.27821 2.00748 4.57565 1.57708 185125 0 1.62232 0.413203 0
16.7814 -9.08994 0.76314 0.797554 0.808582 1.69897 96226 0 3.12719 0.412799 1
21.9475 45.682 2.07556 1.874 4.15537 1.51213 176270 0 -1.46404 0.410036 0
59.3683 40.1526 1.54292 2.06146 4.71389 1.60276 168431 0 -1.49127 0.405566 0
-69.921 24.7877 0.330046 1.99817 4.48336 1.56107 145563 0 -1.36149 0.403661 0
40.8076 33.4091 1.75122 2.09969 4.62352 1.64364 158545 0 -1.36285 0.401435 0
28.3249 39.1987 2.18432 1.92178 4.27889 1.49327 166930 0 1.67065 0.392579 0
-37.0205 23.1693 0.414154 1.75089 4.10471 1.49536 143326 0 -1.2487 0.391082 0
-32.4963 35.3073 1.10249 1.95672 4.40607 1.4897 161124 0 -1.19889 0.389859 0
21.6556 45.9069 2.06521 1.78654 3.91308 1.45052 176737 0 -1.51117 0.387861 0
5.60774 46.8539 2.16136 2.07617 4.65083 1.65213 178091 0 -1.4728 0.37977 0
25.443 69.2797 2.4485 2.02973 4.55894 1.68265 210913 0 -1.58601 0.377524 0
28.0182 44.9543 2.22325 2.12298 4.8369 1.7226 175353 0 1.72779 0.375915 0
9.77857 51.9849 2.19398 1.96252 4.41308 1.53613 185592 0 1.69829 0.375904 0
29.5713 -7.23737 0.555111 0.883996 1.81792 1.70814 99074 0 -1.53028 0.375455 2
20.3953 -5.56134 0.649892 0.817539 0.856636 1.61665 101385 0 1.8214 0.375406 1
-69.9262 24.4907 0.333755 1.98549 4.44509 1.56796 145095 0 -1.71932 0.366695 0
6.50915 19.0664 1.58425 0.86476 0.947347 1.67695 137378 0 1.71215 0.366614 1
-52.9357 20.9455 0.214581 2.07768 4.6927 1.57133 140000 0 -1.20858 0.364599 0
12.7493 39.4954 2.01935 0.921341 0.971175 1.78557 167349 0 0.633677 0.360584 1
17.0233 -3.77706 0.614029 0.784506 0.850365 1.5648 104183 0 -0.583118 0.358412 1
17.7745 -4.52922 0.689451 0.899172 0.890953 1.67951 102781 0 -1.4666 0.357883 1
-61.2843 15.7825 -0.12279 2.07002 4.66092 1.54829 132486 0 -1.08047 0.355644 0
29.6939 -6.58923 0.515951 0.7845 0.927187 1.51186 100010 0 -1.55211 0.351473 1
24.844 27.1052 1.45756 1.96044 4.50828 1.44805 149135 0 1.70203 0.348225 0
9.44505 55.2153 2.38731 2.07573 4.68454 1.62896 190271 0 1.56581 0.347469 0
46.5711 35.6921 1.76486 1.90087 4.26136 1.5243 161839 0 1.7282 0.345741 0
29.3322 -7.27455 0.544374 0.776528 1.5898 1.68739 99073 0 -1.49252 0.344752 2
-39.8447 54.8756 1.61902 2.04307 4.59216 1.6898 189649 0 2.11537 0.342423 0
-44.9382 51.0789 1.10255 2.0459 4.55566 1.63042 184017 0 2.36446 0.341801 0
-21.5908 13.5781 0.370923 2.11224 4.70053 1.54795 129334 0 -1.28861 0.337609 0
46.2474 35.9917 1.77304 1.92493 4.27114 1.52783 162306 0 1.70492 0.336129 0
46.8724 35.3688 1.83492 1.91517 4.29352 1.54969 161372 0 1.71563 0.333614 0
25.4417 27.5849 1.46035 2.06726 4.84731 1.5279 150073 0 1.6826 0.332598 0
24.4516 56.8702 2.29917 1.97768 4.47555 1.6216 192658 0 -1.28868 0.332094 0
4.70678 58.9715 2.38247 2.12259 4.92859 1.79026 195872 0 -1.48618 0.328268 0
5.29362 55.2587 2.18022 2.0517 4.62933 1.63392 190258 0 -1.55763 0.328236 0
11.0567 58.1729 2.43823 2.01795 4.47524 1.55442 194488 0 1.31632 0.326089 0
-23.5704 43.9377 1.59006 2.02809 4.50664 1.66963 173788 0 1.76608 0.323133 0
26.0478 27.3817 1.50277 2.11294 4.89424 1.50307 149607 0 1.63383 0.320871 0
30.8765 56.4995 2.57954 1.98635 4.44988 1.63903 192210 0 1.55322 0.319616 0
-69.656 24.7982 0.317555 1.81049 3.9952 1.46721 145564 0 -1.0109 0.317866 0
-26.3857 35.3786 1.20877 2.00828 4.46437 1.48643 161143 0 2.02568 0.317858 0
38.2313 19.1163 1.05057 1.83034 4.31901 1.44028 137477 0 -1.47452 0.315547 0
6.91349 25.4736 1.49144 2.01748 4.68255 1.52346 146739 0 1.6762 0.31355 0
-27.0494 35.6567 1.16478 2.09061 4.70982 1.5455 161609 0 1.98279 0.313488 0
-24.1232 43.4323 1.5242 2.09769 4.76695 1.79734 172850 0 1.73075 0.310224 0
-20.3112 18.9722 0.924807 2.17488 4.87232 1.61841 137294 0 -1.47367 0.30991 0
29.5564 -7.41059 0.543954 0.850307 1.87946 1.66997 98606 0 -1.47394 0.308191 2
2.11943 41.1413 1.9064 2.09496 4.69856 1.70163 169656 0 1.42694 0.307704 0
-26.1109 35.3083 1.21783 2.02156 4.48185 1.49698 161144 0 -1.41353 0.307493 0
24.4404 57.7006 2.43271 2.13848 4.77919 1.73558 194062 0 -1.54499 0.306065 0
20.8197 -5.54476 0.631324 0.857211 0.916841 1.63867 101387 0 1.71939 0.30477 1
57.1661 25.5235 1.14046 1.91963 4.30793 1.54643 146896 0 -1.43366 0.302513 0
-37.296 59.0295 1.46981 2.02436 4.60834 1.59106 195741 0 1.96469 0.302105 0
54.6245 8.4195 0.91114 1.86627 4.19694 1.65021 122084 0 -1.46315 0.300671 0
-69.9162 24.1842 0.331085 2.02271 4.5451 1.59596 144627 0 -1.96455 0.297631 0
16.9204 -3.78247 0.612623 0.754265 0.838051 1.52507 104182 0 0.197867 0.296657 1
-70.5676 -6.60094 0.0529281 0.84497 1.35501 1.81385 99697 0 -1.4168 0.296642 1
-35.0327 30.2767 0.587357 1.9381 4.42832 1.46641 153628 0 -1.153 0.296077 0
19.9925 -5.59113 0.653289 0.741189 0.815909 1.7075 101384 0 1.90382 0.294793 1
5.01315 68.2725 2.86421 2.17743 4.91135 1.89194 209445 0 -1.31486 0.294368 0
29.6839 -6.86913 0.571241 0.819326 1.17502 1.60651 99542 0 -1.52459 0.293973 1
45.6176 36.0059 1.71422 1.93836 4.35764 1.50822 162304 0 1.71749 0.293765 0
19.9693 -5.29566 0.650918 0.746469 0.819306 1.74421 101852 0 1.80809 0.292081 1
-69.6679 24.5004 0.32425 1.80559 3.9781 1.4746 145096 0 -2.1438 0.290983 0
59.0846 40.4511 1.56078 1.88259 4.22206 1.52388 168898 0 -1.46181 0.288502 0
44.3202 24.4948 1.32929 1.99546 4.57631 1.5016 145452 0 1.67737 0.288246 0
39.2061 28.6779 1.36737 2.07757 4.85694 1.55278 151520 0 1.55874 0.286681 0
28.616 44.6893 2.22777 2.1466 4.81866 1.79433 174887 0 1.69692 0.286665 0
17.032 -3.87997 0.612849 0.780564 0.814901 1.50578 103715 0 -0.974825 0.285862 1
9.16658 48.8988 2.04657 1.94341 4.29952 1.52599 180910 0 1.7271 0.284242 0
22.8658 43.0207 2.15817 2.12553 4.75671 1.75363 172529 0 -1.43302 0.284018 0
25.1505 69.5617 2.48224 1.93066 4.32081 1.58198 211380 0 -1.59515 0.282882 0
38.2285 45.9135 2.23979 1.98229 4.47624 1.57828 176789 0 -1.59545 0.282513 0
39.479 28.6456 1.36629 2.04331 4.73017 1.53907 151521 0 1.07464 0.282341 0
23.9071 57.1605 2.33763 1.76079 3.88929 1.48692 193124 0 -1.36524 0.28168 0
19.6622 -5.0047 0.796018 0.831296 0.907096 1.86054 102319 0 1.6678 0.27862 1
-29.5361 28.8728 0.841629 0.643711 0.554874 1.70704 151773 0 -2.46998 0.278406 1
-11.1518 36.3343 1.36833 1.85857 4.0039 1.47373 162595 0 -1.19886 0.277482 0
10.1103 51.4324 2.27025 2.00297 4.542 1.57024 184657 0 -0.770417 0.277416 0
3.27993 40.853 1.93903 2.02988 4.45433 1.63764 169192 0 -1.49042 0.277255 0
63.2348 30.5421 1.29002 1.93579 4.33592 1.62759 154403 0 -1.58505 0.273995 0
17.511 -4.08917 0.609964 0.751837 0.794639 1.53289 103716 0 -1.36793 0.271712 1
12.601 67.416 2.99447 2.27867 5.35609 2.02885 208065 0 1.68483 0.271427 0
-44.692 51.3177 1.03078 1.98603 4.54535 1.59628 184486 0 2.56274 0.270729 0
61.2773 25.418 1.39122 1.94935 4.43698 1.55537 146909 0 1.80397 0.268924 0
28.6068 39.4333 2.23787 1.97034 4.35251 1.54295 167399 0 1.62514 0.266692 0
45.9368 35.7195 1.70378 1.93781 4.35869 1.5216 161837 0 1.74306 0.265914 0
45.2973 24.4839 1.48642 2.03645 4.58245 1.53795 145455 0 1.63839 0.265868 0
10.3744 51.4278 2.28364 2.05522 4.67769 1.62902 184658 0 0.927733 0.265515 0
9.44047 -3.24575 0.742469 0.813016 0.943065 1.5648 104627 0 3.05759 0.265062 1
10.0828 52.2519 2.26431 1.98007 4.45567 1.59083 186061 0 1.64379 0.262808 0
-20.9374 19.0777 0.912174 2.01851 4.50341 1.58062 137292 0 1.86612 0.262148 0
20.3598 -5.36122 0.625982 0.825704 0.865611 1.64517 101853 0 1.79531 0.261269 1
40.5229 33.1801 1.75963 2.04291 4.48492 1.63882 158076 0 -1.36138 0.260213 0
8.52124 49.1875 2.10814 1.96057 4.40571 1.56379 181376 0 1.68703 0.258556 0
46.5572 36.2846 1.81142 2.00942 4.52559 1.59414 162775 0 1.6788 0.258253 0
9.23351 -3.05055 0.756316 0.807478 1.17997 1.64818 105094 0 -2.58455 0.25825 1
45.9276 36.2713 1.75453 1.93099 4.30183 1.53864 162773 0 1.68369 0.257209 0
2.39684 29.0216 1.53787 2.10043 4.85254 1.63369 151873 0 -1.41592 0.256555 0
24.706 57.1523 2.37381 2.1608 4.96816 1.75828 193127 0 -1.36657 0.25644 0
26.9722 30.4612 1.61787 2.20025 4.97197 1.52143 154290 0 1.69553 0.255422 0
25.1571 69.0219 2.41451 1.87372 4.15682 1.54558 210444 0 -1.55643 0.25487 0
30.573 56.7748 2.66702 2.02495 4.48195 1.68426 192677 0 1.58405 0.25435 0
10.6368 51.9662 2.3648 2.21156 5.1034 1.7947 185595 0 1.62559 0.253786 0
25.7262 27.108 1.51298 2.07599 4.78998 1.48119 149138 0 1.63774 0.253717 0
6.18922 67.7694 2.90442 2.10317 4.97225 1.86124 208513 0 -1.33058 0.253607 0
58.9752 31.5239 1.57178 2.37056 5.57495 1.90285 155794 0 -1.30434 0.253266 0
-61.6535 6.63818 0.128141 0.868024 0.922252 1.80575 118913 0 0.732683 0.253263 1
28.9422 44.9192 2.30454 2.15412 4.81848 1.8006 175356 0 1.65332 0.252552 0
19.6617 -5.22617 0.713232 0.777612 0.860979 1.83542 101851 0 1.81618 0.25027 1
46.5925 35.074 1.76618 1.892 4.22847 1.52826 160903 0 1.72428 0.249455 0
29.563 44.6364 2.33999 2.2527 5.14939 1.93459 174890 0 1.59689 0.249174 0
6.25912 12.3394 1.23913 0.862658 0.879424 1.69396 127549 0 0.5336 0.248649 1
26.0314 21.2859 1.41328 2.00917 4.61718 1.69966 140715 0 -1.43805 0.248095 0
25.7109 69.5542 2.51547 2.24039 5.13926 1.85578 211382 0 -1.59183 0.248042 0
9.17236 55.4779 2.35699 1.9903 4.45236 1.55131 190738 0 1.57894 0.247046 0
40.7293 42.4482 1.84977 2.10337 4.79513 1.63124 171649 0 -1.47143 0.246416 0
31.4844 56.4674 2.6438 2.05145 4.51773 1.70214 192212 0 1.41478 0.245664 0
-38.5826 54.2382 1.48616 2.02802 4.54369 1.75644 188717 0 2.07135 0.245398 0
56.5157 17.4751 1.21638 1.98377 4.3557 1.6584 135194 0 -1.64281 0.245286 0
-39.1825 54.3002 1.50583 2.10249 4.71092 1.72424 188715 0 2.06593 0.245061 0
-36.2915 61.5449 1.93218 2.33347 5.39819 1.90291 199488 0 1.75113 0.244359 0
39.5612 42.4734 1.76837 2.02588 4.58221 1.50776 171645 0 -1.47169 0.244243 0
46.1968 41.8202 1.86976 1.93839 4.42316 1.53519 170730 0 1.64897 0.244196 0
5.86751 58.9353 2.53154 1.9947 4.49627 1.65188 195876 0 -1.4749 0.244127 0
25.6888 66.6752 2.4604 2.39888 5.67059 1.98603 207170 0 -1.5959 0.242386 0
-5.29861 69.193 2.2636 2.03845 4.52646 1.60322 210817 0 1.71347 0.2422 0
43.6585 15.4991 0.955179 2.02562 4.55964 1.55847 132346 0 1.68658 0.242199 0
25.0722 21.3737 1.45909 1.88954 4.36421 1.62459 140712 0 1.69953 0.241577 0
-63.4132 9.47447 -0.132275 2.25452 5.24662 1.77422 123119 0 1.95656 0.241211 0
22.5989 42.7666 2.17283 2.07342 4.62574 1.69511 172060 0 -1.42733 0.240923 0
-5.92281 66.6231 2.11525 2.13793 4.85522 1.69638 207071 0 1.68279 0.240888 0
-56.0493 15.5811 -0.105809 2.15607 4.92442 1.65506 132034 0 1.97267 0.24067 0
24.8662 66.1893 2.52007 1.84829 4.07643 1.57352 206231 0 -1.53935 0.24044 0
-37.8939 59.0942 1.47682 2.06491 4.61511 1.60037 195739 0 1.9288 0.238948 0
-19.0344 65.747 2.01248 2.05101 4.6065 1.57818 205626 0 0.0361572 0.238903 0
5.87821 14.4545 1.26451 1.99223 4.53778 1.5143 130824 0 1.66629 0.238885 0
27.3773 44.3737 2.18522 0.87449 0.895675 1.74012 174415 0 2.27668 0.238689 1
-33.0936 35.6216 1.12723 2.07933 4.73711 1.52987 161590 0 -1.17749 0.238425 0
9.47626 45.6926 2.18519 2.01804 4.55398 1.5863 176231 0 1.84143 0.237403 0
-40.1185 54.6218 1.65831 2.10168 4.76706 1.72011 189180 0 2.05567 0.237347 0
44.959 24.1855 1.41204 2.05601 4.62751 1.54126 144986 0 -1.43874 0.23687 0
42.4887 9.55079 1.0304 2.02702 4.72052 1.64245 123450 0 1.71437 0.236575 0
24.5735 66.4493 2.57932 1.79054 3.80809 1.53066 206698 0 -1.58677 0.236458 0
22.2463 39.8502 1.89647 2.05242 4.69669 1.62949 167847 0 -1.44108 0.236443 0
-50.3372 25.4004 0.602615 2.12606 4.98336 1.61674 146560 0 -1.22206 0.235676 0
59.6341 39.5792 1.58747 2.23834 5.20317 1.74716 167496 0 -1.37353 0.23563 0
43.9577 18.6048 1.24078 2.07687 4.64605 1.6154 137027 0 1.61321 0.23466 0
11.9563 67.1259 2.93769 2.02299 4.61685 1.95475 207595 0 1.70019 0.234589 0
-38.8917 20.8439 0.315459 1.97335 4.49884 1.63799 140044 0 -1.27654 0.233993 0
59.1242 39.8872 1.49151 1.86616 4.20291 1.49916 167962 0 -1.40793 0.233849 0
23.904 53.9914 2.27665 2.04539 4.51657 1.5618 188444 0 -1.44241 0.233794 0
1.20856 32.1857 1.7715 2.29993 5.77347 1.96241 156549 0 1.63829 0.233357 0
-17.7481 65.1215 1.89097 1.98454 4.43242 1.55896 204694 0 -2.02606 0.232799 0
44.2882 18.422 1.24955 1.94263 4.35565 1.59609 136560 0 0.795413 0.231867 0
17.6813 -4.1079 0.644512 0.856487 0.881185 1.62419 103717 0 -1.4843 0.231659 1
8.88022 46.2253 2.08643 1.76667 3.86473 1.43624 177165 0 1.71915 0.231144 0
36.3445 47.1834 2.28457 2.02569 4.59215 1.61441 178655 0 2.99884 0.230929 0
38.5221 45.6341 2.21644 2.05487 4.63702 1.6226 176322 0 -1.55709 0.230832 0
40.7042 36.6314 1.82018 2.16324 4.991 1.69855 163225 0 -1.41791 0.229946 0
40.1786 42.1597 1.79026 1.92703 4.29223 1.50336 171179 0 -1.44047 0.228501 0
36.6264 47.184 2.34722 2.00558 4.53627 1.60251 178656 0 0.184306 0.22845 0
-69.6103 25.4031 0.339629 2.02262 4.5262 1.55575 146500 0 -0.888847 0.228135 0
-4.71545 71.5991 2.77363 1.75342 3.80695 1.71261 214095 0 1.68668 0.227584 0
37.9534 45.6491 2.17606 1.83568 4.07161 1.51664 176320 0 -1.58714 0.226983 0
-36.3177 30.8627 0.833377 2.0134 4.50592 1.48643 154560 0 1.98452 0.226608 0
37.9286 46.2253 2.30366 1.93122 4.32465 1.56457 177256 0 -1.51758 0.22608 0
-17.4426 64.8217 1.86619 2.00325 4.49003 1.56329 204227 0 -1.77088 0.22601 0
-60.681 15.5119 -0.166608 1.80926 3.90864 1.46275 132020 0 -1.06012 0.225925 0
-70.3135 -6.56033 0.0823486 0.841982 0.973883 1.8253 99698 0 -1.44121 0.225406 1
9.7026 54.935 2.38751 2.16158 4.97921 1.72102 189804 0 1.53717 0.224895 0
-5.84715 68.6979 2.22873 2.07488 4.69414 1.65258 209879 0 1.63035 0.22464 0
-11.7002 36.8317 1.43506 2.30458 5.34063 1.76188 163529 0 -1.18053 0.223851 0
-29.5552 28.7601 0.856187 0.712656 0.631175 1.71941 151305 0 -1.31327 0.223648 1
-29.2633 43.2677 1.48923 1.98992 4.40851 1.57649 172834 0 -1.56944 0.222838 0
0.938316 23.4538 1.31156 2.15289 5.30439 1.51527 143912 0 1.67953 0.221656 0
6.54514 64.9954 2.74208 2.32257 5.27473 1.86196 204770 0 -1.39502 0.221434 0
9.14508 46.4756 2.17544 1.96586 4.39003 1.52991 177634 0 1.69216 0.220735 0
-35.9995 30.5884 0.787987 1.94133 4.26576 1.45428 154093 0 1.81487 0.220569 0
30.5787 56.1926 2.58171 1.96839 4.46633 1.61524 191741 0 1.56387 0.219299 0
2.78751 44.3744 2.15621 2.40958 6.00838 2.14607 174338 0 1.37549 0.218816 0
-39.9199 14.8932 0.0803617 1.72658 3.70477 1.52674 131149 0 -1.19998 0.218695 0
60.0779 7.77022 0.723367 1.69258 3.67449 1.46269 121165 0 1.73863 0.21725 0
24.8564 69.2886 2.40793 1.85275 4.04827 1.51924 210911 0 -1.57635 0.217243 0
5.85738 55.7773 2.17968 1.9658 4.37032 1.54995 191196 0 -1.46364 0.216387 0
2.38938 41.3426 1.95327 2.14534 4.72222 1.70859 170125 0 -1.45151 0.215588 0
9.45266 52.25 2.13025 1.9208 4.24416 1.50653 186059 0 1.71572 0.215373 0
57.7996 31.7317 1.65575 2.14348 4.6423 1.74089 156258 0 -1.53295 0.215127 0
-8.07727 60.5201 1.84935 2.05574 4.65388 1.69274 198172 0 1.61646 0.214588 0
22.2503 45.3736 2.1064 2.01013 4.52735 1.61407 175803 0 -1.41783 0.214493 0
17.9628 -4.36649 0.680812 0.852361 0.920796 1.67091 103250 0 -1.44954 0.213914 1
9.63731 -3.05744 0.755768 0.814712 1.1995 1.54421 105096 0 -2.80694 0.213556 1
-35.6679 30.5637 0.736033 1.95164 4.31335 1.43788 154094 0 -0.61901 0.213036 0
48.4274 18.1451 1.2661 0.939973 1.14663 1.69037 136105 0 1.27931 0.212749 1
6.18156 68.2161 2.97092 2.29351 5.22937 1.9391 209449 0 -1.39938 0.212261 0
-58.3364 11.0839 -0.0967766 2.24862 4.93415 1.63845 125475 0 -1.1894 0.212071 0
20.6047 -5.79778 0.644593 0.824047 0.874781 1.60541 100918 0 1.77984 0.211924 1
5.59174 58.5104 2.47776 1.91873 4.29014 1.60843 194939 0 -1.44985 0.210283 0
-29.0296 42.7916 1.41775 2.06908 4.52795 1.58032 171899 0 -1.39732 0.209791 0
26.3326 27.3679 1.52493 2.12083 4.80579 1.51029 149608 0 -1.10439 0.208959 0
-52.3661 20.69 0.0965752 1.87577 4.0608 1.49118 139534 0 -1.21857 0.208946 0
3.93414 44.1082 2.11674 2.2068 5.06841 2.00063 173874 0 -1.47851 0.20883 0
3.09087 44.0914 2.13563 2.1847 5.01275 2.00274 173871 0 -1.47945 0.208349 0
8.82788 52.0345 2.00704 1.92093 4.45609 1.52465 185589 0 1.72451 0.208024 0
39.83 33.7127 1.79745 2.02502 4.54524 1.61105 159010 0 1.69362 0.207889 0
22.53 39.5527 1.87884 2.0225 4.65718 1.61629 167380 0 -1.45043 0.207865 0
-18.7907 18.6618 0.813998 2.30385 5.15129 1.77781 136831 0 -1.27199 0.207272 0
59.7536 4.42291 0.596344 1.63999 3.72809 1.47344 116016 0 1.74133 0.206864 0
57.1164 31.5847 1.53516 2.22641 5.12874 1.77482 155788 0 1.32186 0.206697 0
26.7794 39.4407 1.95023 1.99556 4.64332 1.49557 167393 0 1.71828 0.206616 0
25.1522 66.9377 2.52364 2.23577 4.96993 1.80959 207636 0 -1.63377 0.206427 0
19.6064 -4.08124 0.613762 0.754761 0.80683 1.62075 103723 0 -0.590458 0.205783 1
16.5963 -9.11053 0.769462 0.828318 0.856391 1.72327 96225 0 2.96758 0.205782 1
-50.0126 24.9023 0.609672 1.9218 4.32854 1.53428 145625 0 -1.25951 0.205534 0
61.9032 25.4095 1.35313 1.98314 4.5072 1.58264 146911 0 1.66853 0.205369 0
29.3036 44.3621 2.27976 2.08906 4.64046 1.80059 174421 0 1.63326 0.205123 0
26.127 30.021 1.52375 2.0175 4.67932 1.48851 153351 0 1.65459 0.204707 0
61.9416 31.5155 1.29754 1.96931 4.2607 1.53891 155803 0 -0.0799519 0.204518 0
-52.6983 21.2004 0.200426 2.04102 4.54082 1.53754 140469 0 -1.14902 0.204288 0
12.8947 39.3293 2.02647 0.915711 0.973021 1.82573 166882 0 0.0917732 0.204022 1
59.9213 39.8678 1.65779 2.37218 5.60145 1.86845 167965 0 -1.40783 0.203587 0
60.0069 42.7415 1.65915 1.97935 4.5051 1.6007 172177 0 -1.33349 0.203281 0
29.7957 -6.03408 0.572328 0.856027 1.07764 1.69188 100947 0 -1.51934 0.202293 1
48.4203 18.3425 1.27374 0.944856 1.15008 1.71637 136573 0 1.64031 0.201875 1
-25.8296 35.2859 1.19192 2.09998 4.71046 1.54497 161145 0 -1.13806 0.201298 0
25.3692 63.7614 2.47031 2.28693 5.28988 1.8412 202957 0 -1.58747 0.201188 0
61.0008 25.1817 1.36944 1.96757 4.47756 1.5703 146440 0 1.57051 0.201082 0
3.92316 44.5254 2.19118 2.36811 5.37205 2.04335 174810 0 -1.41259 0.200403 0
-1.74928 20.3692 1.07677 0.681467 0.659378 1.40357 139224 0 0.366366 0.200341 1
11.4241 67.1373 2.99957 1.8179 3.73613 1.85081 207593 0 1.65601 0.200287 0
-37.8471 22.9813 0.406055 1.96312 4.34659 1.54331 142855 0 -1.30336 0.200063 0
-39.2467 54.8131 1.49833 2.02257 4.44107 1.65288 189651 0 2.12458 0.200055 0
28.0178 38.9792 2.15651 1.89044 4.19741 1.46395 166461 0 1.68931 0.200028 0
16.8018 -8.93743 0.741954 0.817222 0.834434 1.6828 96694 0 3.02494 0.19999 1
38.4929 19.5953 1.12081 1.96047 4.52357 1.53787 138414 0 -1.41668 0.199589 0
46.8894 34.7623 1.82316 1.93794 4.32818 1.58181 160436 0 1.72465 0.199433 0
-61.6484 6.78839 0.116609 0.859003 0.903994 1.79592 119381 0 -0.332516 0.198908 1
-69.657 23.8541 0.325981 1.96837 4.38537 1.56158 144160 0 -2.17989 0.198837 0
44.6272 24.7195 1.39818 1.99219 4.48666 1.5 145921 0 1.67132 0.198556 0
-17.1237 64.4947 1.86355 2.04109 4.63046 1.60395 203760 0 -1.63042 0.196318 0
59.0528 40.7691 1.60291 1.98034 4.41083 1.56978 169366 0 -1.07667 0.195843 0
37.3228 19.6222 1.13824 2.04525 4.66293 1.59353 138410 0 -1.45655 0.195755 0
39.564 36.8317 1.84531 1.93938 4.32215 1.51091 163689 0 -1.44286 0.195689 0
21.3051 69.2758 2.45486 2.10129 4.67981 1.66822 210900 0 -1.61593 0.195536 0
6.8214 19.7226 1.50094 2.09504 4.87591 1.67044 138315 0 1.70026 0.19517 0
-30.2183 42.8033 1.47923 1.97389 4.22814 1.62901 171895 0 -1.4255 0.195132 0
-11.3097 39.4473 1.33003 2.21326 5.13835 1.62471 167274 0 -1.21019 0.194836 0
39.7898 25.1129 1.24558 2.04931 4.67947 1.49604 146374 0 -1.4497 0.194593 0
9.1174 49.33 2.16015 2.0805 4.57933 1.6051 181846 0 1.70598 0.194495 0
6.88799 20.5877 1.57096 0.842324 0.938755 1.56254 139719 0 0.457318 0.194349 1
22.5145 40.1292 1.91044 2.11753 4.86041 1.66357 168316 0 -1.44599 0.194053 0
6.31932 19.0843 1.53745 0.922711 1.12927 1.66869 137377 0 1.74412 0.193862 1
25.2902 -8.35806 0.610581 0.923244 1.05367 1.749 97189 0 1.78378 0.193719 1
58.6825 41.4518 1.70229 2.06551 4.61034 1.64722 170301 0 0.611011 0.193449 0
10.6491 51.4282 2.34627 2.16424 4.92351 1.73188 184659 0 1.56504 0.192782 0
1.77594 29.2443 1.53912 2.12981 4.93496 1.64812 152339 0 -1.42154 0.192752 0
24.1715 57.998 2.47219 2.11349 4.63658 1.71532 194529 0 -1.58128 0.192591 0
21.9367 46.4819 2.11268 2.03543 4.53648 1.60487 177674 0 -1.59831 0.192563 0
25.4236 69.8574 2.54761 2.1507 4.84427 1.75606 211849 0 -1.60922 0.192391 0
48.2421 18.3373 1.27895 0.898176 1.0357 1.72224 136572 0 1.64811 0.19095 1
59.332 40.7403 1.60383 2.15522 4.85807 1.67763 169367 0 -1.47657 0.190596 0
-49.5438 25.3465 0.634244 1.89305 4.13673 1.50065 146563 0 -1.11873 0.190549 0
-40.2436 15.4084 0.0666228 2.00113 4.41622 1.60276 132084 0 -1.20439 0.190229 0
11.3789 69.2884 3.29176 2.33779 5.19647 2.07523 210869 0 0.00229689 0.189847 0
-10.7747 23.6553 1.09232 1.77213 3.90762 1.51226 143876 0 1.66709 0.189568 0
6.2585 12.5719 1.25571 0.857437 0.881075 1.65498 128017 0 1.85327 0.189021 1
27.3347 36.1201 1.96635 1.90765 4.23375 1.54941 162247 0 1.73259 0.18881 0
40.8123 32.8545 1.74306 2.04335 4.55084 1.66843 157609 0 -1.36625 0.188739 0
45.5885 24.7218 1.54617 2.03463 4.57932 1.5616 145924 0 1.6368 0.188625 0
9.1777 54.9442 2.27843 1.88212 4.23037 1.49047 189802 0 -1.06676 0.188549 0
45.2773 23.8863 1.48465 2.0962 4.71898 1.57333 144519 0 -1.40938 0.187645 0
57.1299 31.7543 1.556 2.28048 5.14484 1.75684 156256 0 0.65553 0.187108 0
5.88292 47.1182 2.17345 2.06384 4.57655 1.61948 178560 0 -1.41341 0.186938 0
37.9156 46.5291 2.38614 1.98793 4.47217 1.59955 177724 0 0.989752 0.186396 0
41.3766 33.1633 1.69341 2.22016 5.08363 1.73342 158079 0 -1.37187 0.185814 0
-61.8157 6.62513 0.138645 0.888146 1.01379 1.7993 118912 0 1.35652 0.185169 1
-23.1379 4.62144 0.0608191 0.810158 0.926374 1.68785 116225 0 -1.59676 0.184978 1
17.8989 18.4199 1.21772 1.68358 3.5771 1.40024 136477 0 -1.54268 0.184613 0
48.2501 18.1565 1.26798 0.856835 0.988422 1.69487 136104 0 1.54699 0.184197 1
39.8432 42.936 1.83118 2.00841 4.46592 1.533 172582 0 -1.5263 0.184009 0
58.7822 40.4777 1.58311 1.67986 3.68852 1.43368 168897 0 -1.19062 0.183489 0
-19.3512 65.5015 1.97003 1.95085 4.33367 1.52048 205157 0 -0.118111 0.183333 0
-40.4075 55.1448 1.74084 2.33804 5.49101 1.89309 190115 0 2.12043 0.183285 0
-69.3619 24.8056 0.302184 1.65062 3.40336 1.39449 145565 0 -0.764758 0.183249 0
20.6522 47.4875 2.12871 2.07906 4.64866 1.61356 179074 0 -3.1189 0.183074 0
45.6369 30.2183 1.4966 0.85349 0.998519 1.71435 153880 0 1.63417 0.182653 1
19.9287 -5.85339 0.682995 0.80891 0.870851 1.73086 100916 0 1.85985 0.181728 1
7.88793 49.3995 2.10485 2.05919 4.64449 1.67416 181842 0 1.70463 0.180663 0
58.422 41.7256 1.69672 2.07781 4.60536 1.63353 170768 0 0.382602 0.180303 0
38.8829 24.8925 1.28673 1.67807 3.66143 1.3422 145903 0 1.57246 0.179949 0
44.5828 18.4329 1.25382 2.03954 4.58564 1.66496 136561 0 -1.49471 0.179845 0
-24.7253 43.6736 1.61725 1.9964 4.5855 1.69494 173316 0 1.73036 0.179805 0
6.16109 13.9909 1.22805 2.1297 4.77465 1.59875 129889 0 1.67762 0.17978 0
59.0238 43.0875 1.58476 2.02308 4.5366 1.62496 172642 0 1.66233 0.179069 0
38.2425 45.3491 2.18042 1.88249 4.21032 1.52959 175853 0 -1.57244 0.17903 0
-21.5425 19.3737 0.838801 2.1565 4.73565 1.63131 137758 0 1.89859 0.178772 0
2.68716 31.9019 1.79293 1.79851 4.26479 1.68939 156086 0 -1.4091 0.178744 0
-1.7058 14.2802 1.02652 0.794293 0.708232 1.62315 130332 0 1.08758 0.178728 1
45.2894 32.8136 1.57142 2.07102 4.65456 1.57074 157623 0 1.68564 0.178242 0
-18.0786 65.4248 1.95709 2.04199 4.56719 1.57595 205161 0 -2.43701 0.177821 0
61.1884 7.57513 0.815442 2.23505 5.24746 1.82207 120701 0 1.67577 0.177738 0
27.3947 44.6196 2.20752 1.08435 1.39992 1.71821 174883 0 1.86385 0.177258 1
-69.313 25.4486 0.334733 1.90757 4.19791 1.49318 146501 0 -0.672547 0.177155 0
30.8552 57.0695 2.77593 2.05275 4.47855 1.74458 193146 0 1.31288 0.177008 0
37.6297 46.2283 2.28509 1.88441 4.18172 1.54978 177255 0 -0.826214 0.176645 0
39.5485 33.4743 1.77933 2.05881 4.60449 1.63771 158541 0 1.70506 0.176515 0
-40.1642 14.6647 0.0686636 1.78554 3.86851 1.58436 130680 0 -1.21278 0.175843 0
20.2755 28.4955 1.47299 2.02767 4.7282 1.52035 151461 0 -1.48335 0.17569 0
38.6164 28.6957 1.35201 2.07399 4.79438 1.54868 151518 0 0.97407 0.175581 0
24.4761 53.7142 2.30764 2.04284 4.58851 1.69411 187978 0 -1.37938 0.175384 0
59.6816 43.0381 1.66405 2.00179 4.46465 1.63063 172644 0 -1.37885 0.175242 0
29.8542 -7.20019 0.520825 0.84573 1.85282 1.56718 99075 0 -1.5459 0.175098 2
21.6132 40.1738 1.86924 1.94922 4.37551 1.60228 168313 0 -1.46146 0.174874 0
61.9373 30.8956 1.21331 1.89785 4.16993 1.45239 154867 0 -0.138564 0.174739 0
2.76283 40.5851 1.95244 2.00246 4.40948 1.63539 168722 0 -1.48807 0.174723 0
29.9643 56.4723 2.71001 1.9106 4.21463 1.5675 192207 0 1.61792 0.174679 0
-35.6404 30.2919 0.711242 1.98307 4.40171 1.46283 153626 0 -0.932097 0.174304 0
23.8986 56.8619 2.28569 1.68702 3.64846 1.43839 192656 0 -1.33648 0.173875 0
20.9372 47.2397 2.0872 1.91942 4.28831 1.51397 178607 0 -2.98771 0.173292 0
-69.2762 25.7412 0.346473 2.05361 4.6255 1.571 146969 0 -0.44213 0.173148 0
-11.2656 38.9717 1.31912 2.12656 4.96921 1.53552 166338 0 -1.28328 0.173016 0
63.5178 30.7903 1.37563 2.15111 4.93811 1.74555 154872 0 -1.58303 0.172827 0
43.0616 13.1577 1.04337 1.96208 4.48542 1.56204 129068 0 1.59061 0.172716 0
28.6155 45.216 2.31514 2.15111 4.72433 1.74364 175823 0 1.77847 0.172624 0
-40.5914 12.3601 0.280105 1.99193 4.1258 1.7527 127403 0 -1.18619 0.17253 0
9.97603 45.934 2.31896 2.27738 5.17989 1.82815 176701 0 1.77082 0.171489 0
58.7154 41.1498 1.67288 1.93986 4.29552 1.55978 169833 0 0.83182 0.171403 0
-45.9213 39.5063 0.237143 1.99344 4.48284 1.64252 167166 0 -1.37753 0.170691 0
6.50335 12.337 1.24649 0.850196 0.863818 1.71631 127550 0 -1.49036 0.170648 1
12.2943 67.8985 3.11929 2.3928 5.50775 2.06459 209000 0 1.63234 0.170138 0
-16.8337 64.1706 1.89833 2.13497 4.84364 1.66557 203293 0 -1.43053 0.169195 0
-36.6067 30.5873 0.828057 2.03267 4.58314 1.5216 154091 0 1.80865 0.168955 0
-18.7357 65.4911 1.95556 1.95673 4.31261 1.51183 205159 0 -0.306522 0.168929 0
-60.9612 15.3043 -0.117815 1.99068 4.25654 1.51352 131551 0 -1.11241 0.168666 0
57.4587 26.3115 1.16499 1.99699 4.60225 1.5721 148301 0 -1.62246 0.168619 0
5.04132 55.7646 2.27264 2.23805 5.22618 1.81215 191193 0 -1.49129 0.168578 0
48.8121 18.732 1.30119 2.06584 4.59403 1.67663 137042 0 1.53009 0.16786 0
60.41 7.31359 0.748342 1.76214 3.93092 1.52724 120230 0 1.75836 0.167853 0
27.3997 45.2062 2.24406 2.16989 4.71182 1.71424 175819 0 1.74455 0.167439 0
-35.7069 30.8282 0.741897 1.98199 4.32345 1.44032 154562 0 1.84083 0.167205 0
19.4782 -4.2096 0.591068 0.727225 0.781879 1.60873 103254 0 1.52849 0.167039 1
25.3458 63.2767 2.5213 2.28708 5.31313 1.82188 202021 0 -1.53429 0.16658 0
9.43421 -2.84747 0.793678 0.780121 0.972016 1.5753 105563 0 -2.73926 0.165474 1
-5.6685 65.8569 1.9676 1.90916 4.22495 1.57984 205668 0 1.58144 0.165365 0
19.6058 -4.18984 0.611068 0.769058 0.839698 1.67517 103255 0 0.647617 0.165181 1
36.9343 46.9224 2.35974 1.93608 4.28078 1.57001 178189 0 0.275342 0.165017 0
6.51575 18.8283 1.64858 0.870862 0.912831 1.71563 136910 0 0.430413 0.164867 1
-23.8324 44.2443 1.63726 2.0598 4.7532 1.71275 174255 0 1.76948 0.164422 0
61.6234 20.0064 1.01943 1.93451 4.34215 1.55359 138954 0 -1.74443 0.164149 0
45.8843 24.1965 1.50291 2.13307 4.84079 1.63409 144989 0 -1.5025 0.164013 0
74.455 -3.29219 0.736755 0.869431 0.95978 1.78443 104830 0 -2.41492 0.163986 1
30.8706 58.4072 3.02681 2.09114 4.64964 1.87861 195018 0 1.22429 0.163937 0
27.6768 44.6786 2.20591 1.88918 3.5466 1.7298 174884 0 1.8148 0.163907 0
59.0106 41.1049 1.64748 2.086 4.64431 1.65363 169834 0 0.0969214 0.16348 0
10.3393 48.8335 2.16912 2.08013 4.62008 1.61129 180914 0 1.60458 0.163194 0
-68.9717 25.7622 0.32342 1.95133 4.32415 1.51011 146970 0 -0.199304 0.163159 0
6.2371 19.4367 1.48291 1.62016 3.24838 1.63907 137845 0 1.71638 0.163145 0
-6.95004 60.522 1.84537 2.13122 4.92541 1.70767 198176 0 1.63421 0.162944 0
39.7667 28.602 1.37036 1.98184 4.46607 1.51911 151522 0 -1.4247 0.16284 0
37.9847 25.36 1.27478 2.18192 4.93404 1.50555 146836 0 1.62017 0.162716 0
6.00591 64.7999 2.65432 2.37656 5.70321 2.00592 204300 0 -1.4286 0.162082 0
-18.4355 65.7308 2.00711 2.11317 4.75761 1.62306 205628 0 -2.29071 0.161918 0
-69.3606 24.5035 0.302837 1.68746 3.50645 1.40085 145097 0 3.04714 0.161837 0
54.9459 7.94764 0.897721 1.81874 3.99808 1.67631 121149 0 -1.42523 0.161707 0
43.5788 12.8954 1.03194 2.31279 5.68261 1.74829 128602 0 1.65778 0.161472 0
-73.656 4.7653 -0.326187 2.19079 4.97938 1.68535 116067 0 1.69038 0.161469 0
