16.4568 12.0133 1.27978 2.216 5.19483 1.89122 127113 0 -1.50247 0.946846 0
49.0568 -9.46369 1.37184 2.93458 7.74427 3.10594 95859 0 1.67731 0.942653 0
3.72903 11.0315 1.25534 2.08178 4.84639 1.78673 125669 0 1.6467 0.935283 0
-13.3222 12.3881 0.939118 2.0766 4.62159 1.81395 127488 0 1.74226 0.930132 0
-0.522652 17.7013 1.20551 2.09933 4.92 1.50712 135484 0 -1.43315 0.9201 0
36.3585 7.5444 1.13729 1.95338 4.38293 1.714 120623 0 -1.39089 0.917436 0
24.4977 14.2673 1.25191 2.14964 4.83779 1.70343 130414 0 1.65042 0.91647 0
5.03693 17.0585 1.4907 2.06985 4.74586 1.76615 134565 0 1.63749 0.913522 0
-31.9071 -9.55324 -0.678616 2.21728 4.90744 2.01016 95606 0 0.0844727 0.907084 0
64.4952 -0.794937 0.942283 2.14192 4.95307 1.81895 108543 0 0.00450501 0.904669 0
53.944 2.94482 1.04959 2.15736 4.811 1.88343 114126 0 -1.44549 0.900902 0
-12.659 20.6637 1.15372 2.18427 4.90323 1.9838 139658 0 1.7663 0.897725 0
-40.1968 -8.86852 -0.722813 2.05717 4.55462 1.70602 96516 0 0.113412 0.893619 0
-1.11895 11.5564 1.03955 2.04214 4.62833 1.4947 126590 0 -1.40512 0.88519 0
24.0931 10.6076 1.08349 2.15169 4.79522 1.57193 125265 0 1.69192 0.882946 0
18.0894 21.5816 1.53749 1.95489 4.44588 1.74695 141158 0 -1.50292 0.88252 0
41.7089 6.92487 1.02203 1.98548 4.66068 1.54643 119704 0 1.7082 0.879054 0
-8.20772 57.4012 1.68849 2.0812 4.9037 1.54248 193492 0 1.6836 0.876812 0
-36.8943 -3.43544 -0.547519 2.07633 4.6308 1.53719 104482 0 -1.48536 0.875455 0
36.6678 10.4623 1.10601 1.86205 4.29609 1.49553 124836 0 1.66612 0.873981 0
0.868973 26.3132 1.63615 2.17318 5.09924 1.83017 148124 0 -1.47972 0.871687 0
-37.6365 -9.49678 -0.72119 1.99503 4.36706 1.64267 95588 0 0.115296 0.871367 0
-24.2132 8.07265 0.0135751 2.10731 4.66459 1.58954 121370 0 -1.23761 0.871177 0
18.0637 25.4281 1.47547 1.98049 4.68731 1.48654 146774 0 -1.46774 0.870223 0
-0.115395 20.4331 1.32358 1.94733 4.7865 1.48105 139229 0 -1.51012 0.856772 0
5.67895 22.8149 1.63617 2.04478 4.69503 1.69025 142991 0 -1.47952 0.854229 0
32.7085 10.0754 1.16732 0.871122 1.00548 1.77238 124356 0 -0.000356812 0.851315 1
19.6881 31.4382 1.61411 2.01211 4.69127 1.46125 155671 0 -1.4359 0.849064 0
-14.1308 8.90533 0.790429 1.97159 4.59901 1.53776 122337 0 1.67826 0.848807 0
17.4817 18.6345 1.3003 1.94773 4.45589 1.51399 136944 0 -1.57973 0.841768 0
-43.6963 7.09517 -0.158815 2.06395 4.72419 1.74095 119905 0 -1.23068 0.84035 0
53.9047 5.71664 0.923707 2.01606 4.6347 1.645 117870 0 -1.44132 0.832982 0
16.5324 15.1193 1.33781 2.11143 4.80157 1.80921 131793 0 -1.46746 0.832755 0
1.08478 32.088 1.70946 2.29941 5.58332 1.92316 156549 0 1.64577 0.827695 0
-34.1091 19.2464 0.348976 2.07125 4.65903 1.77814 137719 0 1.86758 0.826427 0
-12.5928 14.8156 0.983571 2.13831 4.9665 1.88769 131234 0 1.79157 0.818532 0
-55.5456 17.7516 -0.124227 2.04742 4.54256 1.67222 135312 0 -1.11949 0.815653 0
19.3248 28.4049 1.53108 1.99456 4.66403 1.47513 150990 0 -1.46471 0.812366 0
-0.274483 14.6599 1.14787 1.97485 4.61425 1.54004 130805 0 -1.44902 0.811448 0
-13.5945 33.5412 1.32648 2.21701 5.21523 1.88559 158375 0 -1.14513 0.811435 0
-34.1489 16.5032 0.0575943 1.88067 4.12613 1.50865 133507 0 1.88476 0.808195 0
-12.3948 17.6975 0.857019 1.85466 4.10083 1.46518 135447 0 1.77632 0.806906 0
-37.3426 8.04377 -0.164032 1.86835 4.09002 1.49572 121329 0 1.92078 0.801176 0
-16.8455 26.011 1.19642 2.23223 5.08362 1.86419 147601 0 -1.21569 0.798279 0
0.442131 23.2886 1.40187 1.83535 4.34758 1.41222 143443 0 1.64877 0.798203 0
20.9552 37.0803 1.88752 1.9875 4.63152 1.63365 163631 0 -1.439 0.794295 0
-63.8599 -0.873253 -0.658397 1.98863 4.39963 1.56518 108142 0 -1.48612 0.793306 0
17.0504 -4.3074 0.71083 0.90296 0.859756 1.63937 103247 0 -1.35128 0.793257 1
29.32 -5.86368 0.704867 0.911626 0.943053 1.7381 100945 0 -1.60229 0.792018 1
-14.6414 31.1233 1.11498 2.0213 4.54143 1.46744 155096 0 -1.24374 0.787898 0
59.3992 2.36045 1.02232 2.01646 4.79297 1.66192 113207 0 1.66322 0.786674 0
42.134 10.0156 1.18826 2.05467 4.66362 1.66377 124385 0 1.69046 0.784821 0
-7.48661 63.2738 2.10843 2.12295 4.9051 1.77943 201918 0 1.62791 0.784292 0
36.5695 14.125 1.27534 2.03403 4.45517 1.74462 130452 0 -1.41361 0.784184 0
42.3792 13.2589 1.23533 2.05761 4.86268 1.52723 129066 0 1.67483 0.783665 0
-22.7925 10.5155 0.011639 2.01571 4.51542 1.53885 124650 0 -1.23475 0.78249 0
-35.3722 13.9537 -0.025142 1.89312 4.22656 1.4933 129759 0 1.97489 0.775465 0
-40.4973 17.2182 0.00569466 2.01142 4.30997 1.59935 134423 0 -1.24832 0.768846 0
57.4498 32.0529 1.88226 2.04515 4.53866 1.6783 156725 0 -1.45276 0.766984 0
-42.3978 9.52556 -0.25136 2.01324 4.40554 1.59206 123185 0 -1.25859 0.765711 0
20.3643 40.1959 2.09887 2.08221 4.82373 1.8848 168309 0 -1.45943 0.758668 0
-41.7542 12.0784 0.0683395 2.19412 4.87303 1.88286 126931 0 -1.24311 0.755652 0
18.9815 -5.55341 0.777317 0.791375 0.835137 1.82778 101381 0 -1.93694 0.752746 1
-11.7482 23.7272 1.00877 1.92723 4.36668 1.50227 144341 0 1.69631 0.751315 0
-12.3695 36.2532 1.29695 2.03768 4.58436 1.57679 162591 0 -1.19469 0.748403 0
5.228 19.7492 1.48815 2.10725 5.02786 1.62679 138310 0 1.68173 0.748084 0
6.92275 31.5446 1.90024 2.20966 5.01396 1.92908 155631 0 1.60892 0.744598 0
23.7947 21.6596 1.56806 2.0415 4.9116 1.66405 141176 0 1.66654 0.739323 0
-32.5295 21.6514 0.308139 1.88024 4.18418 1.56662 141000 0 1.87271 0.737786 0
36.9449 17.0458 1.16737 1.88194 4.26322 1.42228 134665 0 -1.40746 0.732989 0
-56.458 14.9121 -0.384031 1.91343 4.29332 1.50557 131097 0 2.03333 0.724423 0
23.8656 24.5773 1.7211 2.16442 5.15786 1.67501 145388 0 1.6764 0.72362 0
-41.1019 14.6275 -0.113952 1.95896 4.30422 1.54189 130677 0 -1.25372 0.722683 0
2.08143 41.0168 1.88936 2.08856 4.70651 1.64054 169656 0 -1.48629 0.715832 0
-39.548 20.2714 0.189861 2.00762 4.36239 1.67712 139106 0 -1.30324 0.709155 0
3.0159 44.2744 2.17485 2.06149 4.604 1.79453 174339 0 -1.4741 0.705983 0
-31.7751 24.209 0.581865 2.02637 4.55947 1.77143 144746 0 1.82104 0.703845 0
24.3841 -7.97328 0.719153 0.898467 1.02631 1.7748 98122 0 1.73739 0.702675 1
20.0097 -5.33804 0.722896 0.813465 0.839597 1.64059 101852 0 2.1239 0.697788 1
-58.3847 10.3733 -0.382354 2.07247 4.57065 1.66474 124539 0 -1.2155 0.688558 0
-36.3386 11.6397 -0.0921023 2.02436 4.39356 1.48754 126480 0 -1.08202 0.683885 0
37.9215 25.6737 1.47217 2.12156 4.81378 1.43548 147304 0 1.65836 0.682423 0
54.5518 8.77995 1.06742 1.88297 4.19483 1.70036 122552 0 -1.46964 0.677977 0
-21.3145 15.89 0.569661 1.94725 4.45891 1.78827 132611 0 1.88472 0.675606 0
26.0717 36.7138 2.00561 2.14823 4.84906 1.61017 163179 0 1.70864 0.668083 0
-63.5571 8.79419 -0.447832 1.92357 4.18997 1.59578 122183 0 1.98161 0.663555 0
28.9336 -7.12187 0.667494 0.83129 0.961946 1.66375 99072 0 -1.578 0.661816 1
-8.20485 60.3381 1.89509 1.97043 4.58731 1.55121 197704 0 1.64901 0.653462 0
-38.2506 22.8317 0.22038 1.92559 4.46698 1.53072 142854 0 -1.27999 0.641217 0
-32.1806 9.75388 -0.0487256 0.83205 0.915575 1.67552 123685 0 -1.13797 0.639879 1
29.3767 -6.57144 0.549583 0.658558 0.724912 1.31075 100009 0 -1.62384 0.637268 1
60.0234 8.17828 1.16112 1.95385 4.41403 1.62708 121633 0 1.66088 0.616356 0
38.9123 37.0077 1.96003 1.87474 4.18207 1.58419 163687 0 -1.45618 0.610085 0
25.4457 30.5833 1.57592 2.10182 4.76144 1.57101 154285 0 1.70655 0.606891 0
-37.6294 25.3923 0.447855 2.08973 4.67837 1.62957 146600 0 -1.25369 0.602691 0
43.7079 27.9707 1.75989 2.35382 5.56295 1.89535 150598 0 -1.40506 0.596193 0
8.83496 -2.98654 0.743994 0.752438 0.772942 1.55072 105093 0 3.06269 0.578821 1
-6.57402 71.7793 2.69988 2.02688 4.59629 1.65096 214557 0 1.70531 0.565325 0
19.0393 -3.96347 0.698373 0.751499 0.772036 1.64035 103721 0 -1.39519 0.564042 1
-11.9835 39.1504 1.23963 1.94386 4.51369 1.46591 166804 0 -1.17942 0.562234 0
4.30978 58.7724 2.55649 1.93848 4.43905 1.58472 195403 0 -1.50448 0.561954 0
20.966 45.9396 1.90164 2.04729 4.58568 1.6021 176735 0 -1.43877 0.551926 0
26.1155 39.5645 1.98493 1.99075 4.58727 1.55909 167391 0 1.69823 0.546737 0
-61.9514 14.8509 -0.385164 2.01034 4.46489 1.51589 131080 0 -1.1474 0.545007 0
56.4779 26.4138 1.50447 2.02417 4.60577 1.52138 148298 0 -1.52239 0.540113 0
42.4084 18.9689 1.45762 2.01695 4.63075 1.54572 137490 0 1.67473 0.539246 0
-75.0646 4.3047 -0.717619 1.91527 4.17788 1.58126 115596 0 1.63857 0.536995 0
5.26995 64.7549 2.67338 2.17155 4.89444 1.71341 204298 0 -1.41194 0.52983 0
20 -5.46887 0.712722 0.783403 0.793608 1.5721 101384 0 2.17948 0.515955 1
-49.7085 30.2588 0.475185 2.15288 4.95192 1.66541 153582 0 -1.20662 0.502891 0
19.7214 -5.32056 0.750279 0.737277 0.760644 1.61484 101851 0 -3.05982 0.494115 1
37.2895 19.7383 1.22887 1.92044 4.51071 1.46023 138410 0 -1.45298 0.49039 0
44.6342 42.3869 2.07225 1.94571 4.43774 1.4943 171661 0 1.63114 0.477129 0
20.6334 42.9725 1.87534 2.09274 4.71098 1.67943 172522 0 -1.38246 0.471496 0
17.0991 -4.53222 0.697494 0.805033 0.801298 1.62143 102779 0 -1.36389 0.470815 1
38.234 29.0176 1.46352 2.1419 5.0891 1.60777 151985 0 1.70371 0.469615 0
5.99655 20.5818 1.66644 0.796805 0.811508 1.66849 139716 0 0.0999943 0.466074 1
39.1957 43.0421 2.10436 1.98222 4.3401 1.54431 172580 0 -1.51764 0.465381 0
3.99463 68.2576 3.01773 2.04439 4.56476 1.78528 209442 0 -1.42847 0.46396 0
-50.7416 24.7613 0.439511 1.98884 4.43329 1.50518 145623 0 -1.1718 0.458968 0
19.2957 -4.96884 0.799274 0.721196 0.743799 1.74972 102318 0 -1.4267 0.45559 1
-20.3008 18.4604 0.751743 2.11133 4.56306 1.73082 136358 0 -1.27875 0.446915 0
-36.3146 60.6512 1.64906 2.0861 4.59281 1.68678 198084 0 -1.25262 0.445637 0
-27.7257 35.3064 0.992659 2.02103 4.49284 1.50307 161139 0 1.94953 0.437774 0
28.7587 -7.09293 0.665518 0.786797 0.889435 1.62385 99071 0 -1.57104 0.436742 1
59.6769 5.24291 0.988414 1.91773 4.38414 1.50804 117420 0 1.707 0.436365 0
39.8262 33.7644 1.76584 2.12671 4.76404 1.74163 159010 0 -1.37218 0.429455 0
24.7909 27.4024 1.55922 2.0844 4.81301 1.45267 149603 0 1.60787 0.427262 0
4.62019 55.7739 2.1936 2.04092 4.53641 1.53234 191192 0 -1.49654 0.426406 0
62.2598 31.1584 1.73962 1.96267 4.39261 1.59017 155336 0 1.6026 0.418954 0
-12.2524 38.9391 1.28911 1.96739 4.54437 1.47623 166335 0 -1.18411 0.417984 0
27.0328 39.529 2.13839 2.00735 4.47843 1.55035 167394 0 1.6993 0.404971 0
17.0178 -4.11805 0.677474 0.790866 0.771262 1.49458 103715 0 -1.33334 0.403276 1
10.3969 67.6732 3.03654 2.10961 4.76653 1.90709 208526 0 1.62385 0.402681 0
16.1301 -8.73139 0.76371 0.878501 0.873712 1.64645 96692 0 0.269934 0.401759 1
4.94762 14.2209 1.20819 2.04169 4.65851 1.5098 130353 0 1.68264 0.39921 0
-5.92307 71.6258 2.7233 1.9442 4.35937 1.65346 214091 0 -1.5226 0.399083 0
-30.8715 42.7208 1.27677 1.92318 4.3588 1.60586 171893 0 -1.31704 0.398813 0
16.3913 -3.6709 0.678867 0.754833 0.790892 1.53625 104181 0 -1.19224 0.397871 1
19.3695 -5.26281 0.767419 0.713814 0.756482 1.72989 101850 0 -1.72409 0.394395 1
26.3824 42.349 2.20056 2.03863 4.56766 1.63187 171604 0 1.68671 0.390725 0
-24.7982 43.6432 1.41318 2.0437 4.79724 1.75524 173316 0 1.92901 0.386825 0
23.1827 54.2333 2.36253 1.92059 4.23043 1.52353 188910 0 -1.43917 0.386193 0
19.1051 -4.92813 0.866799 0.754372 0.811267 1.84864 102317 0 -1.40138 0.386033 1
-33.4401 35.022 0.917509 2.06111 4.65804 1.52134 160653 0 -1.16592 0.385758 0
19.0146 -5.35563 0.795315 0.795068 0.873249 1.85006 101849 0 -1.64297 0.38535 1
43.0367 18.9596 1.46107 2.00593 4.50375 1.5581 137492 0 -1.60648 0.383277 0
29.2027 -7.21214 0.666002 0.812445 1.22849 1.69197 99073 0 -1.58718 0.378063 1
58.3861 40.4539 1.89572 2.06636 4.66144 1.59967 168896 0 -1.51627 0.376834 0
-27.3669 35.0756 1.0255 1.91335 4.17871 1.46663 160672 0 2.13277 0.374813 0
7.83269 31.5365 1.88216 2.29886 5.30234 2.04105 155634 0 1.59373 0.367974 0
20.1944 -5.32195 0.735284 0.814708 0.855296 1.62695 101853 0 2.07311 0.358847 1
19.1055 -4.71347 0.837384 0.730013 0.764589 1.79921 102785 0 -1.40675 0.357663 1
25.0981 27.6504 1.61231 2.11819 4.91843 1.48157 150072 0 -1.52806 0.357313 0
47.5224 19.0353 1.44838 0.788419 0.83048 1.73569 137506 0 2.8316 0.355059 1
6.14949 20.5754 1.66922 0.82195 0.867236 1.67809 139717 0 -0.137456 0.351558 1
18.8665 -5.54888 0.781338 0.762012 0.802823 1.79415 101380 0 -2.00339 0.344332 1
19.2932 -5.56707 0.765601 0.739565 0.768825 1.71969 101382 0 -2.20597 0.344212 1
3.7204 58.9752 2.49226 2.0228 4.67376 1.67224 195869 0 -1.5327 0.343909 0
-52.6584 19.9984 -0.297269 1.99761 4.41562 1.60552 138597 0 -1.15156 0.34258 0
10.0746 70.2311 3.07494 1.96016 4.27379 1.6478 212269 0 1.6278 0.342549 0
-38.2305 58.4192 1.1894 2.05573 4.66419 1.55591 194802 0 -1.20504 0.338138 0
-25.4042 5.63976 -0.0277138 1.95549 4.45759 1.56674 117622 0 -1.2305 0.336572 0
19.7333 -5.51119 0.73747 0.732156 0.749513 1.52892 101383 0 2.66515 0.333938 1
23.5444 63.5227 2.4404 1.98215 4.43752 1.61776 202483 0 -1.52838 0.328337 0
1.14898 29.0028 1.50986 2.10704 4.93175 1.62528 151869 0 -1.44179 0.327631 0
43.68 24.7727 1.48055 2.17716 5.11173 1.58022 145918 0 1.69966 0.327091 0
11.7814 39.5642 1.96079 0.887552 0.967316 1.79975 167346 0 0.0443799 0.326236 1
56.2179 26.1395 1.45433 1.90564 4.29025 1.48205 147829 0 -1.44788 0.324801 0
-70.9697 -6.99371 -0.275272 0.857565 0.882537 1.82034 99228 0 1.21162 0.320545 1
26.0641 30.3352 1.63618 2.16318 4.94217 1.58059 153819 0 1.68736 0.319505 0
-20.9562 18.729 0.765965 2.1314 4.76841 1.71835 136824 0 1.76199 0.318226 0
-58.9804 10.473 -0.393146 2.20635 4.84069 1.70686 124537 0 -1.17178 0.313972 0
-11.8881 -14.9429 0.0767562 0.792455 1.80818 1.76867 87712 0 -2.93002 0.313679 2
-30.2845 42.7123 1.2743 1.98749 4.50476 1.56698 171895 0 -1.38159 0.31291 0
2.41316 44.5373 2.07513 2.40522 5.96047 1.98738 174805 0 -1.49012 0.312855 0
20.8657 40.3674 2.1382 2.33962 5.52469 1.98583 168779 0 -1.45378 0.312463 0
35.6648 45.6619 1.94312 0.765647 0.756521 1.68175 176313 0 -2.01179 0.309277 1
-21.5894 19.0148 0.734178 2.11768 4.66853 1.65194 137290 0 1.91731 0.309142 0
44.6351 36.3052 1.7613 1.97186 4.43796 1.53367 162769 0 1.73289 0.307701 0
29.295 -6.83781 0.60893 0.831242 0.994428 1.51738 99541 0 -1.59307 0.307685 1
58.0722 41.4597 2.00934 2.01025 4.4596 1.62697 170299 0 0.954321 0.303657 0
36.6917 19.9751 1.28176 2.04648 4.62855 1.54036 138876 0 -1.45089 0.29664 0
61.9871 30.9523 1.67145 1.76779 3.84038 1.48034 154867 0 1.65887 0.294599 0
-34.7396 35.6443 1.09456 2.06638 4.50153 1.60963 161585 0 -1.19464 0.292177 0
38.5424 34.0639 1.81585 2.01248 4.43274 1.65486 159474 0 1.71804 0.291805 0
-64.0477 8.82016 -0.334948 2.19165 5.09559 1.72652 122181 0 1.90162 0.291383 0
24.4546 21.5867 1.6341 1.89196 4.32866 1.58122 141178 0 1.63348 0.290961 0
10.1047 67.4064 3.01787 1.87731 4.06733 1.85446 208057 0 1.61998 0.290264 0
39.1941 36.7562 1.93776 1.87396 4.20782 1.60125 163220 0 -1.42853 0.289981 0
-31.8673 30.2396 0.877018 2.26628 5.01736 1.87844 153638 0 1.98419 0.289968 0
19.2672 -4.71969 0.805875 0.769006 0.763158 1.7671 102786 0 -1.41768 0.289699 1
8.83454 -2.8465 0.763123 0.749928 0.763481 1.56268 105561 0 3.09489 0.288829 1
-7.2366 63.0082 2.06892 1.9077 4.1916 1.67111 201451 0 1.62296 0.286989 0
29.335 -6.22675 0.673714 0.874286 0.921557 1.60153 100477 0 -1.72307 0.286059 1
8.979 -2.98376 0.766772 0.774069 0.802533 1.57927 105094 0 3.06847 0.284336 1
26.0624 27.654 1.68116 2.05188 4.62688 1.51978 150075 0 -1.53981 0.283664 0
61.6068 12.0385 0.980393 1.98269 4.50351 1.59564 127254 0 1.6064 0.283508 0
38.9133 42.7995 2.03539 1.96935 4.31504 1.52173 172111 0 -1.47077 0.281217 0
24.867 30.8447 1.59236 2.05015 4.58421 1.53591 154751 0 1.714 0.28094 0
-71.1488 -7.09875 -0.290403 0.868136 1.2536 1.88633 98759 0 1.66911 0.279573 1
45.2787 36.3078 1.83826 1.96634 4.32524 1.56587 162771 0 1.70798 0.279564 0
-53.5969 20.2906 -0.22605 2.13245 4.76591 1.65508 139062 0 -1.17971 0.279479 0
-36.2857 29.6052 0.416113 1.94889 4.44065 1.49451 152688 0 -1.14382 0.279294 0
-11.782 -14.9482 0.0836023 0.774832 1.51582 1.75937 87713 0 -2.98226 0.278736 2
68.6972 32.6963 1.69797 0.824302 1.32418 1.79667 157696 0 0.277051 0.276038 2
25.1747 30.338 1.58165 2.03954 4.67333 1.53541 153816 0 1.67231 0.275901 0
-27.0493 35.0317 1.02014 1.96845 4.32496 1.4778 160673 0 -1.38856 0.275475 0
5.62153 19.0513 1.58945 0.849288 0.99113 1.69661 137375 0 1.66638 0.27417 1
4.89214 68.0552 3.00402 2.17634 5.1943 1.94708 208977 0 -1.35615 0.274141 0
62.7981 31.187 1.76257 2.27847 5.51657 1.82722 155338 0 1.61664 0.273658 0
25.8039 42.1393 2.14554 1.98473 4.46861 1.57835 171134 0 1.70474 0.272627 0
-5.35551 71.7509 2.68144 2.30072 5.00034 1.82369 214561 0 -1.4601 0.272348 0
60.6504 25.7704 1.64898 2.02273 4.58489 1.5472 147375 0 -1.69532 0.272281 0
23.4938 53.9643 2.3936 1.97511 4.36304 1.56929 188443 0 -1.36195 0.272151 0
-70.871 24.1411 -0.0378287 2.06438 4.6805 1.61741 144624 0 -0.262149 0.269156 0
45.5955 36.0087 1.85014 1.94747 4.3041 1.57436 162304 0 1.73653 0.268478 0
39.4629 37.1903 1.97624 2.04961 4.6233 1.67265 164157 0 -1.47415 0.267703 0
-32.3459 9.77029 -0.0520262 0.835971 1.15828 1.69506 123684 0 -1.11162 0.266635 1
44.9489 36.0322 1.77198 2.00378 4.50994 1.5444 162302 0 1.76598 0.266146 0
10.7053 67.9462 3.0836 2.36879 5.55034 2.03023 208995 0 1.63762 0.266056 0
16.1549 -8.61826 0.709714 0.86987 0.838537 1.63855 97160 0 0.72473 0.265997 1
15.9408 -8.76573 0.747339 0.864636 0.883308 1.6107 96691 0 1.56763 0.265398 1
19.6297 -5.02842 0.740407 0.705189 0.732503 1.55358 102319 0 -1.80333 0.261864 1
-39.1786 58.7496 1.17432 2.01778 4.52121 1.58995 195267 0 1.88558 0.26102 0
-38.5736 58.6621 1.20165 2.05859 4.6464 1.57343 195269 0 2.50847 0.260539 0
9.10488 58.6778 2.38755 2.0016 4.49323 1.55663 195418 0 1.65306 0.260233 0
23.8103 63.2397 2.47183 2.11376 4.79558 1.75148 202016 0 -1.45104 0.260167 0
72.7461 6.85724 1.48094 0.855267 0.909132 1.83337 119801 0 -1.48601 0.258808 1
23.7907 63.7958 2.50392 2.18831 4.93447 1.79326 202952 0 -1.5891 0.258338 0
-31.5586 42.1241 1.26323 0.759726 0.75127 1.67502 170955 0 -2.32219 0.258292 1
20.6912 45.7104 1.85375 1.94654 4.32174 1.5608 176266 0 -1.39279 0.257086 0
-69.912 22.531 -0.112297 1.98495 4.44909 1.56496 142287 0 -2.9444 0.255414 0
-70.8732 23.8729 -0.0520268 2.04996 4.6028 1.62033 144156 0 1.54238 0.254757 0
5.97231 20.3355 1.60086 0.871762 1.03925 1.67846 139248 0 1.2856 0.254316 1
-31.5109 42.9492 1.27038 2.14194 5.08172 1.76367 172359 0 -1.30865 0.253579 0
44.0191 42.6388 2.07212 1.93173 4.28747 1.54166 172127 0 1.68287 0.252001 0
-70.6036 24.1551 -0.0858108 1.90916 4.24395 1.52737 144625 0 -0.464683 0.251721 0
-21.8091 16.1755 0.533876 2.32514 5.56343 1.96091 133077 0 1.88837 0.251704 0
5.84431 64.4835 2.62732 1.89496 4.10244 1.54864 203832 0 -1.46956 0.251227 0
10.6695 70.2311 3.18634 2.20802 4.90662 1.85415 212271 0 1.59294 0.251084 0
38.902 33.8368 1.80551 2.033 4.49808 1.68321 159007 0 1.38615 0.251059 0
5.26024 19.4872 1.51596 1.9041 4.21815 1.65093 137842 0 1.70959 0.24983 0
32.7253 9.90506 1.15752 0.920158 1.03663 1.78897 123888 0 0.0357473 0.249171 1
-36.0049 29.8923 0.379137 1.94854 4.31691 1.49943 153157 0 -1.13234 0.246858 0
-62.4757 14.8874 -0.335874 2.24276 5.14876 1.6647 131078 0 -1.17016 0.24674 0
-37.2261 61.008 1.67193 2.13409 4.91621 1.75711 198549 0 -1.24061 0.244887 0
22.8953 53.997 2.27804 1.87843 4.15062 1.47128 188441 0 -1.38069 0.244646 0
18.847 28.546 1.57671 1.68628 3.62422 1.39845 151456 0 -1.48984 0.244173 0
26.0331 30.7853 1.61806 2.16483 4.93858 1.59521 154755 0 1.70947 0.244109 0
44.3537 36.049 1.62394 1.88964 4.33937 1.49598 162300 0 1.76013 0.244062 0
24.2229 27.6188 1.52729 2.02499 4.74526 1.48902 150069 0 1.66761 0.243487 0
5.64818 18.8246 1.63482 0.835579 0.846168 1.71326 136907 0 0.826334 0.241984 1
61.2725 11.0271 0.942423 2.06385 4.71769 1.64026 125849 0 1.59248 0.241714 0
61.2947 12.2851 1.01679 2.02876 4.55644 1.59004 127721 0 1.61406 0.241549 0
45.5537 42.3618 2.11147 2.05738 4.61097 1.57871 171664 0 1.60683 0.239995 0
10.9945 67.4205 2.9698 2.23867 5.25781 1.99236 208060 0 1.71276 0.239398 0
10.3787 70.4963 3.15732 2.04591 4.51036 1.68579 212738 0 1.55447 0.23929 0
41.8858 13.2848 1.28503 1.80001 3.81955 1.46048 129064 0 1.67574 0.238167 0
-55.9338 14.8018 -0.401908 1.61502 3.35792 1.41544 131099 0 2.02857 0.237443 0
39.2122 33.9961 1.82926 2.14244 4.7789 1.68328 159476 0 -1.38453 0.236501 0
24.489 27.131 1.57496 1.97635 4.56732 1.43122 149134 0 1.63274 0.233053 0
-31.2353 29.9096 0.820031 2.30412 4.83058 1.80577 153172 0 1.82527 0.232814 0
-74.4501 4.29486 -0.775571 1.65332 3.409 1.47427 115597 0 1.62019 0.231972 0
53.6543 8.83199 1.06787 1.92538 4.45234 1.65267 122549 0 -1.51182 0.231921 0
4.90172 58.9872 2.64647 2.096 4.87818 1.70539 195873 0 -1.51785 0.231586 0
45.5929 36.6068 1.88128 1.97579 4.3889 1.59702 163240 0 1.65838 0.230354 0
37.8666 19.9107 1.32088 2.01259 4.70209 1.53935 138880 0 -1.42965 0.230162 0
62.2052 12.2697 1.11031 2.05804 4.59598 1.61779 127724 0 1.60221 0.229999 0
60.9598 25.4895 1.73489 2.0009 4.55738 1.58924 146908 0 -1.56287 0.229762 0
44.9277 42.6218 2.15577 2.02557 4.56677 1.52788 172130 0 1.64993 0.22931 0
5.24259 55.5737 2.21744 1.95531 4.40584 1.48998 190726 0 -1.51387 0.228914 0
45.9223 35.6847 1.85729 1.96347 4.39128 1.61789 161837 0 1.72999 0.228787 0
-18.0535 63.1949 1.77561 2.09331 4.79644 1.68331 201885 0 -1.13136 0.227939 0
44.6427 24.8066 1.61471 2.03704 4.50155 1.59505 145921 0 1.69709 0.22775 0
37.5817 46.2266 2.34586 2.02545 4.54473 1.63374 177255 0 -1.59487 0.226578 0
6.16457 20.3822 1.61728 0.885338 1.02509 1.69334 139249 0 0.905331 0.225986 1
-70.5843 24.4548 -0.0864494 1.98221 4.45086 1.56001 145093 0 -0.991109 0.225432 0
59.7683 7.93591 1.14896 1.68283 3.86132 1.49892 121164 0 1.72469 0.22501 0
26.982 36.6191 2.07443 2.22398 4.99926 1.64224 163182 0 1.70257 0.224664 0
55.9193 26.403 1.43768 1.82341 4.07279 1.44598 148296 0 -1.50579 0.224649 0
-21.0139 2.48202 -0.105674 0.664199 0.69624 0.983094 112956 0 2.02486 0.224332 1
-43.6721 39.8284 0.25691 2.05907 4.6676 1.65669 167641 0 -1.39506 0.224282 0
38.311 37.1919 1.90849 1.93564 4.43735 1.57566 164153 0 -1.45814 0.223952 0
60.3294 26.0588 1.62833 2.02265 4.60182 1.54381 147842 0 -2.24532 0.222993 0
19.0456 -4.29824 0.772669 0.777832 0.810901 1.74318 103253 0 -1.46594 0.22291 1
9.74711 58.445 2.45315 2.0446 4.55695 1.63725 194952 0 1.56655 0.222755 0
-19.4119 18.3879 0.717329 2.28794 4.97985 1.87123 136361 0 -1.25561 0.22154 0
29.5112 -6.79445 0.577868 0.769929 0.890523 1.30759 99542 0 -1.56285 0.221486 1
23.2404 63.8208 2.45644 1.88292 4.16881 1.5365 202950 0 -1.60708 0.220617 0
-32.1915 9.94471 -0.0510517 0.865741 1.33593 1.7158 124153 0 -1.12296 0.219943 1
29.25 -7.40499 0.65343 0.829031 1.24087 1.66291 98605 0 -1.52855 0.217907 1
24.1845 69.2706 2.65368 2.02356 4.54292 1.65409 210909 0 -1.49606 0.217903 0
27.0015 42.1167 2.19904 2.10005 4.7355 1.68648 171138 0 1.66033 0.217615 0
60.2585 5.00658 1.00834 2.05569 4.91668 1.63149 116954 0 1.67984 0.217388 0
45.2872 35.7085 1.79064 1.96419 4.35084 1.5588 161835 0 1.7686 0.216932 0
10.3989 67.1036 2.90453 1.77765 3.8362 1.84622 207590 0 1.6778 0.216247 0
23.4631 54.4889 2.44414 2.00614 4.39397 1.59854 189379 0 -1.50375 0.216192 0
-38.8474 58.4744 1.15571 2.08182 4.68943 1.60572 194800 0 1.69612 0.216068 0
-51.3269 25.0682 0.358017 2.19008 5.22436 1.67103 146089 0 -1.14954 0.215086 0
5.81218 19.0184 1.60917 0.824557 0.927798 1.71834 137376 0 1.3829 0.215071 1
9.76405 69.973 3.07209 2.12108 4.65133 1.77436 211800 0 1.79063 0.214306 0
24.4625 68.9681 2.6908 2.12768 4.79317 1.75829 210442 0 -1.39541 0.214285 0
-32.1708 9.58192 -0.0364467 0.871542 1.33036 1.70792 123217 0 -0.796362 0.214063 1
4.61187 58.4933 2.53444 1.93634 4.45363 1.60039 194936 0 -1.4749 0.213486 0
9.81347 67.6479 3.06729 1.89836 4.15224 1.84973 208524 0 1.63999 0.213346 0
-61.6659 15.1231 -0.434315 1.8386 4.1646 1.46557 131549 0 -1.18713 0.213177 0
18.3826 46.5788 1.86308 1.93402 4.25456 1.53914 177663 0 -1.32688 0.212109 0
-30.2406 42.4298 1.29003 1.62647 2.99887 1.56329 171427 0 -1.32789 0.211677 0
26.0175 44.6154 2.04372 0.714637 0.729997 1.59381 174879 0 1.68076 0.211606 1
19.0467 -3.80867 0.703353 0.776342 0.815852 1.629 104189 0 -1.38246 0.210916 1
68.8458 32.7211 1.72304 0.88055 1.40277 1.81904 157697 0 0.278484 0.210439 2
-24.2216 43.613 1.40187 1.98358 4.41868 1.63072 173318 0 2.03567 0.209493 0
22.5829 54.4677 2.32151 1.9094 4.25079 1.51415 189376 0 -1.50217 0.209483 0
23.8185 72.4748 2.63346 2.09695 4.68342 1.75747 215588 0 -1.51666 0.208951 0
-52.9216 19.7624 -0.256902 2.13801 4.71287 1.66798 138128 0 -1.17241 0.208855 0
-64.3836 -1.02804 -0.638461 2.14836 4.96659 1.62779 107672 0 -1.57047 0.207954 0
44.9527 36.586 1.82989 1.97396 4.33522 1.552 163238 0 1.70807 0.2077 0
-30.4848 28.5784 0.637246 0.75034 0.725088 1.74293 151302 0 1.61302 0.20766 1
2.14291 44.5622 2.04371 2.47063 6.31106 2.09278 174804 0 -0.193661 0.207533 0
57.8086 41.7164 2.05968 1.9418 4.28199 1.62596 170766 0 0.784902 0.207367 0
60.0231 25.7766 1.57605 1.94038 4.40649 1.50388 147373 0 1.86852 0.207318 0
-2.44048 14.2586 1.08495 0.782375 0.713484 1.62961 130330 0 0.51714 0.206377 1
-52.041 19.9476 -0.299745 1.98671 4.42109 1.55962 138599 0 -1.17621 0.206065 0
19.035 -5.81846 0.734928 0.750069 0.773956 1.64908 100913 0 -2.93026 0.205138 1
-17.789 63.4885 1.84361 2.21785 5.18627 1.78684 202354 0 -1.20153 0.204725 0
37.2812 46.5431 2.31597 1.93035 4.32593 1.57007 177722 0 -1.61727 0.203981 0
19.9944 -5.07655 0.714958 0.764389 0.803609 1.60258 102320 0 2.1353 0.203785 1
45.6154 35.3869 1.83539 1.94234 4.31376 1.5831 161368 0 1.74522 0.203334 0
4.3267 56.0637 2.21827 2.17769 4.90784 1.61809 191659 0 -1.45343 0.202856 0
20.2038 -5.48405 0.717848 0.816468 0.858612 1.59996 101385 0 2.1298 0.202838 1
54.8323 9.01691 1.07816 1.97774 4.48278 1.7627 123021 0 -1.49042 0.202618 0
5.58039 64.258 2.60462 1.84099 4.12898 1.52045 203363 0 -1.5052 0.201614 0
44.6525 35.7231 1.66584 1.91793 4.31607 1.51509 161833 0 1.76982 0.201448 0
-23.8547 43.3604 1.35991 1.96083 4.36131 1.58185 172851 0 1.56327 0.201263 0
43.6113 18.8138 1.4229 2.04813 4.61913 1.67089 137026 0 -1.48931 0.199491 0
4.26962 34.0879 0.299629 0.794166 1.59241 1.72746 159367 0 -1.54265 0.199117 2
58.1114 40.7748 1.91976 1.89166 4.14987 1.53575 169363 0 0.127704 0.198207 0
16.8393 -9.70614 0.690254 0.752112 0.761768 1.49918 95290 0 -3.08712 0.197905 1
60.9694 10.7823 0.998728 2.04734 4.58561 1.66084 125380 0 1.63145 0.197366 0
38.279 43.053 1.96727 2.06599 4.76529 1.59442 172577 0 -1.53347 0.196416 0
61.2744 25.733 1.77433 2.05068 4.63385 1.63583 147377 0 -1.58858 0.196279 0
35.6651 45.7954 1.98693 0.790216 0.802743 1.7069 176781 0 -1.70826 0.196069 1
4.07629 55.6058 2.1016 2.13076 4.95979 1.63363 190722 0 1.447 0.195895 0
37.3064 45.9646 2.30156 1.8765 4.16359 1.55968 176786 0 -1.58701 0.195727 0
-42.0786 12.5109 0.0992792 2.40172 5.76225 2.0077 127866 0 -1.20337 0.194821 0
-58.6387 6.51221 0.10512 0.822693 0.899377 1.76844 118922 0 -1.32174 0.194636 1
44.3106 24.5307 1.55035 2.07216 4.53737 1.57779 145452 0 1.7224 0.194091 0
56.4861 26.9595 1.52337 2.07933 4.70083 1.56943 149234 0 -1.59995 0.192994 0
-12.6031 39.4537 1.37418 2.0967 4.78602 1.58643 167270 0 -1.18994 0.19182 0
-38.8454 23.1221 0.268734 1.9842 4.41506 1.54958 143320 0 -1.29229 0.19157 0
56.4722 25.8433 1.51959 2.04167 4.66866 1.57236 147362 0 -1.39974 0.190751 0
9.77019 70.4903 3.03663 1.89529 4.12158 1.58698 212736 0 1.61345 0.190575 0
23.5125 64.1151 2.50376 2.10476 4.70276 1.71875 203419 0 -1.67508 0.190153 0
-71.1438 24.1329 -0.00953263 2.23379 5.12348 1.77545 144623 0 -0.747406 0.189512 0
61.5895 11.3568 0.927069 2.04811 4.64916 1.61833 126318 0 1.5616 0.189256 0
61.9051 11.7286 0.974103 1.98641 4.50501 1.61113 126787 0 1.59419 0.18891 0
60.0337 26.054 1.61207 1.97035 4.47976 1.53244 147841 0 2.34526 0.1873 0
-38.7944 22.6593 0.202663 1.97842 4.39606 1.5704 142384 0 -1.32489 0.187095 0
24.4503 69.5693 2.84364 2.1949 4.9143 1.79853 211378 0 -1.62141 0.186568 0
9.75473 40.1619 2.05893 2.15737 4.9527 1.78295 168276 0 1.66378 0.186517 0
3.0908 68.3815 3.08374 1.95196 4.45743 1.80793 209439 0 1.80089 0.186223 0
55.5496 17.7548 1.26511 1.94815 4.34685 1.54534 135659 0 1.51475 0.185798 0
-31.8049 42.1272 1.2336 0.765123 0.739874 1.6927 170954 0 -2.42162 0.185662 1
19.7213 43.0958 1.87459 2.03235 4.57544 1.68078 172519 0 -1.35499 0.185644 0
8.15041 49.4477 2.10378 1.97806 4.49178 1.5599 181843 0 1.51287 0.184892 0
-43.0408 39.539 0.29535 1.98805 4.54972 1.58698 167175 0 -1.28655 0.184798 0
-41.1643 15.0828 -0.122214 2.09523 4.71469 1.56495 131613 0 -1.22959 0.184575 0
23.5339 72.7779 2.55138 1.97449 4.37155 1.66608 216055 0 -1.63931 0.18416 0
-11.7444 39.4402 1.26012 1.97974 4.61664 1.49811 167273 0 -1.14357 0.183694 0
26.076 42.6269 2.1614 2.03345 4.63528 1.65706 172071 0 1.72462 0.18362 0
-12.8929 39.2251 1.42314 2.07021 4.68361 1.60443 166801 0 -1.21617 0.183475 0
5.95187 25.47 1.51173 2.04012 4.72844 1.53595 146736 0 1.68378 0.183016 0
37.3002 19.4362 1.1882 1.78068 4.20796 1.42195 137942 0 -1.47406 0.182927 0
5.83462 18.8042 1.6506 0.869128 0.870136 1.73882 136908 0 -0.241693 0.182843 1
37.8656 45.944 2.41133 2.12887 4.84203 1.74563 176788 0 -1.59437 0.182688 0
26.3991 41.8408 2.16504 2.06541 4.6261 1.60186 170668 0 1.66707 0.182135 0
43.9924 25.0333 1.58901 2.14617 4.91927 1.60526 146387 0 1.70545 0.181333 0
1.68069 31.9277 1.73547 1.90936 4.3719 1.7519 156083 0 1.66564 0.180598 0
-59.2915 10.4928 -0.39114 2.22905 4.88396 1.69796 124536 0 -0.727442 0.18054 0
58.3919 39.9309 1.90351 2.14336 4.89479 1.66944 167960 0 -1.42871 0.180222 0
24.5202 27.9154 1.54644 2.00718 4.65948 1.49124 150538 0 1.71195 0.1802 0
49.4678 19.3753 1.62084 1.96789 4.31484 1.72412 137980 0 -1.61549 0.180191 0
26.7277 39.3065 2.07123 1.97493 4.5391 1.53326 166925 0 1.69567 0.180188 0
-22.2061 19.342 0.687848 2.12711 4.68164 1.61477 137756 0 1.95206 0.178864 0
-37.6849 22.8384 0.177019 1.86777 4.3359 1.55224 142856 0 -1.26874 0.178784 0
5.53779 65.0193 2.71628 2.18579 4.75667 1.68824 204767 0 -1.34607 0.178758 0
20.068 39.9549 2.03603 1.88884 4.28701 1.82362 167840 0 -1.42845 0.177617 0
58.6611 40.7423 1.95732 2.26073 5.15936 1.73766 169365 0 -1.49771 0.177544 0
-12.8458 36.1101 1.32524 2.22752 5.27887 1.77892 162121 0 -1.25007 0.177276 0
-71.5802 -7.45515 -0.361982 0.728293 0.795511 1.71035 98290 0 1.79093 0.176606 1
-51.2879 24.5456 0.315492 1.99994 4.69421 1.58369 145153 0 -1.22862 0.175843 0
11.6763 41.7562 2.20967 2.06261 4.70925 1.77426 170622 0 -3.04101 0.175787 0
-23.542 43.3445 1.33905 2.00954 4.50551 1.58352 172852 0 0.169307 0.174994 0
-36.5854 29.3227 0.453065 2.01342 4.4823 1.51808 152219 0 -1.16341 0.174837 0
-8.72646 60.5203 1.91436 2.0972 4.93745 1.64006 198170 0 1.62799 0.174582 0
-31.3063 23.9539 0.63511 1.76133 3.62441 1.68054 144280 0 1.81233 0.17443 0
-43.0421 41.1361 0.435195 2.0612 4.58875 1.68176 169515 0 -2.78673 0.174026 0
4.70494 65.038 2.73564 2.44201 5.86994 2.05275 204764 0 -1.37532 0.174016 0
20.6373 54.5802 2.42464 1.98721 4.45762 1.60699 189370 0 -1.43798 0.173859 0
44.6347 33.1344 1.65229 2.06625 4.66865 1.59912 158089 0 1.72186 0.173637 0
0.473473 23.0156 1.43368 1.72646 4.04668 1.40756 142975 0 1.6337 0.17308 0
4.31027 59.2459 2.61135 1.96336 4.48703 1.61944 196339 0 -1.53446 0.173001 0
23.8349 71.8685 2.6879 2.14086 4.76719 1.74137 214652 0 -1.30365 0.17214 0
60.5397 8.38803 1.18402 2.30886 5.49699 1.88411 122103 0 1.63638 0.171071 0
5.54891 19.4325 1.56002 1.53352 3.1805 1.69357 137843 0 1.70772 0.170797 0
43.0385 16.1308 1.30969 2.10305 4.77838 1.61614 133280 0 1.65924 0.170679 0
24.1871 68.6697 2.57409 2.02346 4.51825 1.65422 209973 0 -1.29674 0.170632 0
62.8815 17.1368 1.70942 2.05142 4.58375 1.60369 134746 0 1.55544 0.170578 0
20.9438 43.2707 1.90803 2.1624 4.9161 1.74095 172991 0 -1.44619 0.169731 0
44.9681 35.3948 1.73355 1.9439 4.35342 1.53562 161366 0 1.76089 0.169698 0
-43.9849 39.5463 0.226183 2.0398 4.61972 1.68446 167172 0 -1.23564 0.169371 0
11.7499 39.7224 1.96074 0.93492 1.07713 1.82851 167814 0 0.102259 0.169348 1
-43.996 40.1436 0.327558 2.07417 4.68499 1.65328 168108 0 -1.54654 0.168992 0
60.3485 11.0232 0.993384 2.06051 4.55552 1.6793 125846 0 1.64338 0.168594 0
23.5544 72.181 2.57352 1.98181 4.37241 1.6347 215119 0 -1.35707 0.168544 0
20.3735 46.1532 1.92037 1.94067 4.224 1.55805 177201 0 -1.43068 0.168211 0
-46.8915 52.3272 1.08103 2.00565 4.4776 1.61677 185883 0 2.16638 0.16794 0
9.77045 40.7871 2.1745 2.24834 5.18783 1.87168 169212 0 1.72206 0.167847 0
-70.8671 23.5735 -0.0779376 2.07846 4.62572 1.64343 143688 0 2.38352 0.167761 0
60.9258 26.0346 1.72535 2.10029 4.78368 1.61861 147844 0 -1.92243 0.167621 0
19.2349 -3.97267 0.705808 0.779605 0.822646 1.64649 103722 0 -1.40306 0.167487 1
-30.2434 29.5807 0.610437 2.03614 4.44835 1.71314 152707 0 -1.13465 0.167485 0
-1.76012 13.2926 1.11248 0.811537 0.768378 1.56019 128928 0 0.526426 0.166964 1
-31.1832 42.4829 1.27069 1.96687 4.14719 1.66081 171424 0 -1.45349 0.166843 0
60.324 26.3855 1.62032 2.08765 4.74398 1.60027 148310 0 -2.75175 0.166717 0
62.205 11.042 0.990012 2.04502 4.61148 1.64669 125852 0 1.54842 0.165814 0
-35.4173 60.3797 1.55414 2.25157 5.14688 1.83741 197619 0 -1.25246 0.165761 0
28.0046 44.9574 2.21044 2.0476 4.61512 1.69246 175353 0 1.62495 0.165737 0
-35.4019 29.3022 0.333605 1.95536 4.32433 1.52858 152223 0 -1.16586 0.16572 0
-32.1262 42.1676 1.16889 0.727483 0.703007 1.64882 170953 0 -2.23511 0.165381 1
-39.4898 23.1969 0.279674 1.98699 4.34313 1.56605 143318 0 -1.30094 0.165058 0
-42.9485 9.54502 -0.236472 2.29304 5.10477 1.72264 123183 0 -1.26532 0.164856 0
-69.6431 22.8235 -0.126344 1.83616 4.04176 1.46108 142756 0 -3.06359 0.164844 0
-38.5153 58.1582 1.16543 2.10221 4.71006 1.59953 194333 0 -1.04025 0.164649 0
47.5427 18.8246 1.43731 0.868255 1.05649 1.71564 137038 0 2.85835 0.164591 1
18.85 -3.98248 0.703098 0.792295 0.822462 1.6513 103720 0 -1.39437 0.164541 1
60.0086 25.473 1.5734 1.96469 4.49201 1.5041 146905 0 1.56991 0.16439 0
-25.3729 43.4109 1.36389 2.20379 5.2555 1.88947 172846 0 1.8802 0.164205 0
61.9703 31.4349 1.78439 1.90867 4.18671 1.55431 155803 0 1.35345 0.164171 0
8.12256 48.7824 2.06283 0.882972 1.13896 1.58061 180907 0 1.59122 0.164153 1
5.93639 20.8857 1.65674 0.829368 0.863014 1.63549 140184 0 -0.46033 0.163304 1
25.123 31.0996 1.62163 2.0884 4.66124 1.56714 155220 0 1.72754 0.163273 0
25.4356 27.9229 1.6636 2.04364 4.72919 1.50126 150541 0 -1.55756 0.163095 0
44.2211 27.9768 1.78412 2.54318 6.02037 2.01977 150600 0 1.38928 0.162874 0
59.1172 5.05414 0.957067 1.735 3.95242 1.47114 116950 0 1.72102 0.162687 0
10.0466 40.4799 2.11724 2.11387 4.7892 1.78679 168745 0 1.7126 0.162504 0
35.4843 45.6606 1.959 0.81052 0.798785 1.70884 176312 0 -1.79547 0.162405 1
61.8908 10.768 1.00234 2.08011 4.64954 1.65392 125383 0 1.59396 0.162373 0
43.106 24.5471 1.40963 1.99584 4.46605 1.5367 145448 0 1.67801 0.162204 0
59.9521 5.49518 1.02122 2.01967 4.80924 1.57739 117889 0 1.66946 0.161982 0
62.5219 30.6519 1.62801 2.08443 4.94712 1.69367 154401 0 1.77092 0.161923 0
40.4475 33.5151 1.68321 2.15173 4.866 1.84548 158544 0 -1.35927 0.161888 0
-11.9923 24.0248 0.995735 2.10691 4.90305 1.5685 144808 0 1.75523 0.161873 0
-11.7271 38.6507 1.21892 1.79154 4.20402 1.4248 165869 0 -1.18219 0.161686 0
-41.2373 11.9675 0.0221363 1.92892 3.96722 1.67282 126933 0 -1.21128 0.161609 0
-24.5054 43.1271 1.41666 1.99008 3.978 1.65935 172381 0 1.89559 0.160888 0
-70.2919 24.1649 -0.0555059 1.73977 3.74641 1.45579 144626 0 -0.625633 0.160856 0
23.2754 63.256 2.40506 1.81154 4.0208 1.49553 202014 0 -1.47482 0.160707 0
23.8674 69.5846 2.62869 1.91765 4.25646 1.57421 211376 0 -1.59731 0.160434 0
60.9837 11.6912 0.924653 2.03396 4.62818 1.6261 126784 0 1.58875 0.160419 0
-35.6911 29.0265 0.389582 2.01884 4.50515 1.56506 151754 0 -1.18944 0.160187 0
-30.5059 28.4302 0.66358 0.786643 0.770689 1.74177 150834 0 2.87611 0.159096 1
-44.3196 40.1629 0.34024 2.05911 4.62555 1.64877 168107 0 -2.10523 0.159003 0
61.6702 31.1571 1.72317 1.70502 3.48014 1.46032 155334 0 1.50775 0.158385 0
-58.1611 10.5931 -0.460205 1.88723 4.24319 1.61518 125008 0 -1.19071 0.158327 0
24.0876 72.1648 2.77435 2.2421 5.06129 1.852 215121 0 -1.48403 0.157475 0
7.20076 49.4288 2.22464 2.07453 4.67204 1.64546 181840 0 -1.55408 0.15699 0
29.0293 -7.41111 0.670922 0.843784 1.22073 1.69867 98604 0 -1.60594 0.15675 1
24.164 69.8915 2.76785 2.08696 4.65129 1.68873 211845 0 -1.73494 0.156385 0
45.2698 43.6965 2.44202 1.99221 4.37699 1.57771 173535 0 3.1369 0.15634 0
17.3333 -4.3447 0.698473 0.800565 0.798047 1.59944 103248 0 -1.40818 0.156173 1
-54.1999 20.3375 -0.0903088 2.20271 4.927 1.73827 139060 0 -1.2251 0.156082 0
-23.8305 43.097 1.34469 1.95546 4.40798 1.58861 172383 0 0.914839 0.156065 0
3.98989 15.1674 1.30751 0.810244 0.990309 1.51766 131754 0 1.00457 0.155865 1
-51.9909 19.4328 -0.277128 2.05552 4.61832 1.5944 137663 0 -1.10071 0.155839 0
47.7472 19.0299 1.46342 1.00696 1.34014 1.72783 137507 0 2.82877 0.155804 1
19.1037 28.1462 1.54119 1.84683 4.17097 1.44484 150521 0 -1.43196 0.154874 0
20.0618 45.943 1.84927 1.97331 4.48114 1.55617 176732 0 -1.39153 0.15482 0
49.7081 19.6648 1.64653 2.16854 4.86641 1.84637 138449 0 1.59179 0.154782 0
56.8921 31.9419 1.80233 2.08866 4.90445 1.72265 156255 0 -1.4925 0.154674 0
-41.6577 14.6495 -0.122567 2.13464 4.87589 1.65546 130675 0 -1.26893 0.15437 0
55.803 18.0564 1.30879 2.08603 4.67339 1.63547 136128 0 1.48702 0.15425 0
39.7581 42.7796 2.1162 2.13787 4.82571 1.66869 172114 0 -1.43618 0.154212 0
26.4145 45.2829 2.19676 2.00194 4.50694 1.60631 175816 0 1.62672 0.15401 0
-23.5302 43.0877 1.32109 1.95484 4.45352 1.58713 172384 0 -0.29742 0.153879 0
36.9762 46.8742 2.33847 1.90676 4.23563 1.55186 178189 0 -1.70303 0.153854 0
55.7909 17.4797 1.33005 2.13449 4.8211 1.65422 135192 0 1.5373 0.153779 0
-44.6375 40.1708 0.342945 2.04382 4.5698 1.64373 168106 0 1.86687 0.153433 0
47.5195 19.278 1.46088 1.05316 1.55956 1.73417 137974 0 2.75747 0.153304 1
72.762 6.65614 1.49641 0.881857 0.960082 1.82337 119333 0 -1.18191 0.153126 1
16.8279 -9.51081 0.670975 0.789241 0.78752 1.51333 95758 0 -3.05792 0.153049 1
-38.9615 20.0358 0.124162 1.8799 4.21877 1.60196 138640 0 -1.27968 0.152993 0
19.6626 63.8331 2.64941 2.04841 4.49558 1.67316 202939 0 -1.53829 0.152823 0
55.1016 8.57569 1.00901 2.06042 4.81624 1.78374 122086 0 -1.45808 0.152447 0
60.6604 11.3309 0.931872 2.03628 4.60932 1.66056 126315 0 1.62206 0.152213 0
57.8512 40.4828 1.88801 1.68929 3.64486 1.4453 168894 0 -1.5587 0.152162 0
-35.7428 30.1757 0.407581 1.95147 4.3334 1.511 153626 0 -1.13666 0.152136 0
47.3131 19.0496 1.46503 0.822406 0.883282 1.74851 137505 0 2.21483 0.152057 1
60.6692 12.0242 0.985745 2.02352 4.57184 1.61393 127251 0 1.62856 0.151968 0
