3.39029 11.0561 1.2279 2.10906 4.8596 1.79434 125668 0 1.64787 0.942007 0
-32.2096 -9.77287 -0.703527 2.2386 4.98122 2.0119 95137 0 0.094991 0.937844 0
16.1456 12.0715 1.28696 2.19405 5.2603 1.88925 127112 0 -1.50046 0.93548 0
23.8115 10.6492 1.10113 2.1656 4.9481 1.54542 125264 0 1.67617 0.932105 0
-13.6978 12.3448 0.888669 2.05384 4.6066 1.83367 127487 0 1.75043 0.921092 0
-36.5858 -3.60459 -0.658733 2.14274 4.83059 1.58028 104015 0 -1.53058 0.911683 0
48.533 -9.31794 1.38886 2.91256 7.60306 3.14373 95857 0 1.69037 0.90307 0
-40.4927 -9.08647 -0.834829 2.12199 4.7369 1.73869 96047 0 0.110303 0.901641 0
16.1635 15.165 1.34589 2.15166 4.92509 1.86568 131792 0 -1.46503 0.898273 0
0.488403 26.3262 1.59148 2.18317 5.11937 1.82219 148123 0 -1.49343 0.897915 0
-0.87352 17.6644 1.1595 2.05023 4.80984 1.50216 135483 0 -1.42719 0.897727 0
24.1491 14.3514 1.25938 2.1741 4.80429 1.72601 130413 0 1.64399 0.894039 0
-14.454 8.84559 0.735066 2.00325 4.49942 1.60043 122336 0 1.66884 0.893255 0
-0.490532 20.4165 1.24965 1.95623 4.70413 1.48214 139228 0 -1.49895 0.889624 0
-0.802361 14.7587 1.08906 2.08981 4.94278 1.51815 131271 0 -1.45006 0.888604 0
-44.0643 6.92536 -0.348193 2.11339 4.71244 1.69211 119436 0 -1.2408 0.880345 0
17.7215 21.6047 1.4978 1.95474 4.55289 1.75105 141157 0 -1.47913 0.875584 0
5.33626 22.8237 1.61625 2.04181 4.6466 1.6844 142990 0 -1.48826 0.872877 0
53.565 3.13537 1.16149 2.09539 4.78189 1.80853 114125 0 -1.42008 0.868549 0
4.63699 17.031 1.48369 2.06052 4.72569 1.72861 134564 0 1.67999 0.867318 0
17.1086 18.679 1.26723 1.96787 4.51292 1.49488 136943 0 -1.57551 0.867185 0
-37.6451 7.84245 -0.253332 1.8561 3.94173 1.46599 120860 0 1.9237 0.867027 0
36.0342 7.63686 1.19154 1.91849 4.35017 1.70442 120622 0 -1.38657 0.864783 0
-8.75945 57.3774 1.54758 2.09812 4.87317 1.56569 193490 0 1.68098 0.862915 0
19.364 31.5222 1.59423 2.02432 4.79725 1.49141 155670 0 -1.41495 0.858595 0
-1.44524 11.4853 1.01007 1.96477 4.57963 1.47299 126121 0 -1.40216 0.856847 0
-23.1508 10.4307 -0.0287676 2.05323 4.60534 1.54628 124649 0 -1.23075 0.854966 0
20.5878 37.2452 1.84536 2.09569 4.82155 1.72053 164098 0 -1.45563 0.852616 0
53.5271 5.86911 1.03174 2.01334 4.60418 1.60324 118337 0 -1.46239 0.850841 0
36.2611 14.2157 1.30078 2.01064 4.51199 1.65984 130451 0 -1.42948 0.849944 0
-12.9996 20.5664 1.05895 2.19023 4.88152 1.94635 139657 0 1.76441 0.845406 0
-34.6822 16.4976 -0.048644 2.01982 4.60967 1.55855 133505 0 1.92416 0.843276 0
-24.5482 8.05141 -0.0777971 2.04368 4.61376 1.53144 121369 0 -1.22971 0.84264 0
17.6981 25.4748 1.45078 1.98125 4.69117 1.48758 146773 0 -1.48387 0.834567 0
57.0979 32.1522 1.91745 2.01932 4.53887 1.61531 156724 0 -1.42057 0.83223 0
-15.1691 30.9367 0.99406 2.08154 4.7863 1.49606 154626 0 -1.24902 0.831082 0
64.1907 -0.52243 1.05645 2.17018 5.21163 1.80831 109010 0 -0.0316783 0.830919 0
-34.3825 19.0867 0.219505 2.01054 4.49657 1.75343 137250 0 1.8577 0.828943 0
-37.9236 -9.5071 -0.818887 1.92271 4.11614 1.64788 95587 0 0.123921 0.828155 0
23.9396 -7.8935 0.793074 0.895074 1.03004 1.75781 98120 0 1.7569 0.826105 1
36.3329 10.585 1.16175 1.93349 4.40558 1.50717 125303 0 1.67734 0.824056 0
32.3763 10.0815 1.17154 0.875371 1.01578 1.72117 124355 0 0.032272 0.822816 1
-14.175 33.5298 1.21117 2.2272 5.37081 1.88752 158373 0 -1.1668 0.810946 0
0.503075 32.1581 1.6504 2.38473 5.82021 2.00298 156547 0 1.61264 0.80995 0
-56.818 14.8349 -0.459146 2.00155 4.52258 1.58483 131096 0 2.02154 0.801193 0
-35.7514 13.8556 -0.158392 1.92509 4.23703 1.46191 129758 0 1.96487 0.799664 0
-63.8586 -1.05521 -0.737288 2.069 4.43067 1.62524 107674 0 -1.45002 0.797267 0
-12.3151 23.7603 0.939722 2.01732 4.65465 1.54248 144339 0 1.69768 0.796252 0
36.6131 17.0811 1.1858 1.88364 4.35765 1.40873 134664 0 -1.39298 0.792272 0
18.7833 28.5589 1.51994 1.89332 4.30252 1.43169 151456 0 -1.49721 0.791283 0
59.0493 2.63391 1.13717 2.01693 4.85433 1.6696 113674 0 1.62225 0.789744 0
41.4086 7.08554 1.0911 2.03272 4.59253 1.60304 120171 0 1.69235 0.788728 0
-55.8899 17.6798 -0.290756 2.00977 4.44012 1.72398 135311 0 -1.14886 0.778859 0
-17.4197 26.0075 1.11807 2.11958 4.72937 1.84796 147599 0 -1.24688 0.778015 0
0.120132 23.2458 1.36077 1.84221 4.34984 1.41108 143442 0 1.63506 0.777171 0
-12.917 14.7983 0.935203 2.11125 4.83228 1.84229 131233 0 1.80022 0.774495 0
-33.09 21.5779 0.136855 1.98847 4.51645 1.56582 140998 0 1.83496 0.765015 0
-40.8374 17.1469 -0.209416 1.97739 4.2768 1.59679 134422 0 -1.20414 0.762895 0
23.2396 21.8381 1.56869 2.12475 4.88844 1.7116 141642 0 1.67822 0.748529 0
23.4998 24.7408 1.68384 2.19479 5.36798 1.61673 145855 0 1.65339 0.748196 0
4.90044 19.7545 1.51049 2.13596 5.05825 1.72624 138309 0 1.66835 0.743101 0
20.0499 40.2422 2.07387 2.10159 4.85667 1.88395 168308 0 -1.4492 0.73977 0
16.7214 -4.31011 0.742611 0.927639 0.889022 1.62693 103246 0 -0.403335 0.739513 1
6.57607 31.5613 1.84206 2.12754 4.83623 1.92796 155630 0 1.64319 0.736831 0
-12.9174 17.672 0.78962 1.93412 4.45968 1.47986 135445 0 1.76407 0.736372 0
1.42811 41.0471 1.83078 2.22302 5.06599 1.81729 169654 0 -1.47847 0.730417 0
-8.1386 63.483 1.98846 2.19635 5.00536 1.84317 202384 0 1.66299 0.721843 0
15.8254 -8.59331 0.767633 0.889362 0.91868 1.74793 97159 0 -3.13682 0.713487 1
37.5745 25.7902 1.44878 2.14626 5.09226 1.47273 147303 0 1.66539 0.712562 0
42.104 13.3729 1.19442 2.07956 4.86572 1.61011 129065 0 1.68536 0.712113 0
-21.875 15.9118 0.475234 2.05914 4.84309 1.77325 132609 0 1.88821 0.708655 0
18.704 -5.49871 0.81277 0.832289 0.871291 1.83208 101380 0 1.78068 0.708356 1
-32.141 24.0778 0.48421 2.05356 4.59165 1.78076 144745 0 1.80884 0.706265 0
-36.7233 11.4268 -0.181371 1.95572 4.23797 1.43127 126011 0 -1.13151 0.706259 0
41.7881 10.1394 1.25566 2.07799 4.73208 1.7239 124384 0 1.72347 0.70113 0
-39.9047 20.0543 -0.00939894 2.00421 4.30814 1.59057 138637 0 -1.25212 0.698639 0
-9.11086 60.2979 1.75904 2.06269 4.71692 1.59763 197701 0 1.7033 0.695699 0
59.6677 8.46718 1.26413 1.90798 4.3059 1.50514 122100 0 1.60571 0.685773 0
19.7429 -5.25327 0.788533 0.823226 0.857817 1.69561 101851 0 1.95955 0.678326 1
-37.9292 25.2086 0.321439 2.14754 4.70716 1.6401 146131 0 -1.27626 0.667952 0
2.114 44.3495 2.03724 2.22852 5.0816 1.91638 174336 0 -1.47492 0.663668 0
-32.4249 9.53358 -0.183349 0.856234 0.910336 1.70227 123216 0 -0.730103 0.662394 1
29.1639 -5.81146 0.766828 0.926429 0.950416 1.69537 100945 0 -1.55614 0.654748 1
-7.18063 71.7956 2.5706 2.02491 4.56143 1.69026 214555 0 1.65093 0.652325 0
38.5539 37.2017 1.9556 1.88811 4.20778 1.49887 164154 0 -1.48461 0.652273 0
-43.0227 9.48509 -0.369406 2.02099 4.46208 1.67815 123183 0 -1.25698 0.648521 0
59.0462 5.30547 0.979666 1.80449 4.06709 1.40348 117418 0 1.70822 0.644863 0
-12.9484 36.294 1.15121 2.10148 4.82249 1.65854 162589 0 -1.21651 0.634565 0
25.715 36.755 2.03113 2.00612 4.50684 1.53165 163178 0 1.67638 0.633754 0
4.91696 64.7169 2.61836 2.15282 4.76529 1.64817 204297 0 -1.45554 0.629373 0
24.8163 30.5989 1.5751 2.01616 4.52441 1.45461 154283 0 1.66098 0.624619 0
20.0321 43.0466 1.892 1.95138 4.28261 1.58973 172520 0 -1.40857 0.623693 0
-42.3644 12.0646 -0.079808 2.29344 5.41078 1.91979 126929 0 -1.2105 0.616786 0
-63.8994 8.72352 -0.626252 1.98856 4.34315 1.66318 122182 0 2.05541 0.61381 0
36.9349 19.941 1.23543 2.00336 4.75565 1.46473 138877 0 -1.42364 0.603038 0
-41.4495 14.6081 -0.207027 1.88877 4.25293 1.56734 130676 0 -1.18598 0.597016 0
58.0627 40.8165 1.89086 2.09873 4.85931 1.65206 169363 0 -1.43866 0.595007 0
39.5355 33.8241 1.80794 2.08597 4.61206 1.68946 159009 0 -1.4092 0.591487 0
-58.4094 10.0623 -0.520462 1.99109 4.4495 1.49854 124071 0 -1.15795 0.583299 0
-12.0116 38.8719 1.07152 1.9759 4.52949 1.51408 166336 0 -1.2411 0.582771 0
22.8625 54.2773 2.37894 2.04379 4.60977 1.73136 188909 0 -1.42145 0.571754 0
19.8877 -5.23972 0.780067 0.826984 0.87466 1.68444 101852 0 1.94692 0.561076 1
-28.3623 35.2772 0.852415 2.03147 4.55483 1.53808 161137 0 1.93426 0.545403 0
-50.0506 30.0086 0.324444 2.13815 4.83524 1.62844 153113 0 -1.20435 0.544474 0
22.5739 57.5058 2.23514 1.92771 4.32413 1.52992 193588 0 -1.39475 0.539527 0
16.6011 -4.25943 0.709153 0.854437 0.825486 1.50917 103245 0 -0.360496 0.535771 1
-32.4493 30.0103 0.67437 2.23452 5.07329 1.79558 153168 0 1.95333 0.530422 0
42.0957 19.1015 1.42823 1.947 4.50833 1.60486 137489 0 1.68364 0.52208 0
47.1686 19.3382 1.55728 0.838935 0.865186 1.74422 137973 0 -2.26886 0.517141 1
16.058 -3.5759 0.697855 0.761224 0.765862 1.57333 104180 0 -0.394776 0.515561 1
53.9329 9.10422 1.2532 1.89723 4.1496 1.70023 123018 0 -1.4967 0.515408 0
-24.8155 43.4024 1.28715 2.00817 4.44765 1.56089 172848 0 1.94901 0.508779 0
-51.3397 24.5006 0.22633 1.99419 4.53443 1.57609 145153 0 -1.19304 0.503384 0
20.6155 45.9285 1.91787 2.10349 4.74128 1.61913 176734 0 -1.39307 0.492516 0
24.1612 27.6824 1.53907 2.05264 4.7947 1.47953 150069 0 1.65828 0.489655 0
38.8954 43.0942 1.95227 2.02914 4.4851 1.60971 172579 0 -1.49919 0.487925 0
4.34332 14.2309 1.18147 2.02562 4.69311 1.51292 130351 0 1.70663 0.485754 0
29.2258 -6.52673 0.562872 0.657427 0.657413 1.07115 100009 0 -1.49472 0.481051 1
43.3871 28.0882 1.86472 2.29212 5.31634 1.87597 150597 0 -1.42278 0.479334 0
28.6749 -6.97059 0.73721 0.788623 1.15721 1.69806 99539 0 -1.41068 0.478724 1
11.3533 39.613 1.85853 0.885171 0.971517 1.83806 167345 0 0.0665509 0.477967 1
35.1238 45.9991 2.04662 0.79183 0.776502 1.69321 176779 0 0.217697 0.477557 1
37.9213 29.2181 1.57205 2.22445 5.26081 1.60458 152452 0 1.6222 0.474412 0
25.7699 39.7601 2.0241 1.9982 4.60109 1.5033 167858 0 1.68281 0.46858 0
16.7625 -4.53805 0.728562 0.846778 0.808632 1.59314 102778 0 -0.265444 0.465545 1
3.67481 58.964 2.41715 2.05034 4.69099 1.69031 195869 0 -1.47952 0.459538 0
-38.843 22.6209 0.0597494 1.98222 4.48666 1.56353 142384 0 -1.2924 0.458039 0
3.70055 55.7907 2.05042 2.08917 4.74488 1.54692 191189 0 1.66537 0.448851 0
28.9247 -7.13456 0.702013 0.780194 1.70839 1.72912 99072 0 -1.42558 0.445078 2
3.69771 68.0463 2.71518 1.99733 4.51575 1.80021 208973 0 -1.41697 0.442758 0
16.5733 -4.11617 0.670874 0.741941 0.733474 1.40026 103713 0 -0.443338 0.441476 1
-30.8926 42.6971 1.17742 1.94188 4.45377 1.61469 171893 0 -1.30288 0.436684 0
44.3321 42.667 2.21354 1.97829 4.53644 1.58279 172128 0 1.67716 0.429845 0
-21.2824 18.6481 0.688878 2.13074 4.72832 1.76256 136823 0 -1.35583 0.428206 0
18.7452 -3.90637 0.702423 0.730371 0.776652 1.62097 103720 0 -1.44542 0.411613 1
26.3774 39.5791 2.10191 1.96064 4.48112 1.53396 167392 0 1.6632 0.406068 0
-58.7547 10.2908 -0.553861 1.93206 4.42208 1.49724 124538 0 -1.54305 0.395882 0
-36.9535 60.676 1.52851 2.11578 4.79666 1.62863 198082 0 -1.2251 0.395745 0
-22.8599 13.2777 0.0231275 2.08527 4.6717 1.55796 128862 0 -1.22948 0.393158 0
-71.1897 23.841 -0.229558 2.00671 4.53347 1.60001 144155 0 -1.36363 0.389617 0
-25.7694 5.57235 -0.135132 1.99625 4.47624 1.55565 117621 0 -1.22047 0.388692 0
-62.2437 14.5827 -0.556879 1.98704 4.46074 1.56946 130611 0 -1.08361 0.386734 0
62.2065 30.9325 1.89491 2.10779 4.9029 1.69276 154868 0 1.74309 0.385871 0
38.9059 34.0101 1.84374 2.22216 5.00008 1.68085 159475 0 -1.45166 0.380906 0
35.2513 45.9875 2.03517 0.789824 0.776405 1.7261 176780 0 0.341792 0.379989 1
19.7602 -5.09152 0.764948 0.815243 0.867085 1.68433 102319 0 1.92525 0.377142 1
-58.0801 9.84476 -0.475794 2.11274 4.72071 1.53011 123604 0 -0.928528 0.376066 0
-59.0278 10.3182 -0.54121 2.06899 4.77574 1.55547 124537 0 2.07026 0.37459 0
-34.394 35.045 0.791592 1.94657 4.31986 1.47734 160650 0 1.96277 0.3718 0
18.9784 -4.95344 0.799701 0.758147 0.794894 1.77919 102317 0 1.91145 0.367207 1
28.9099 -6.9458 0.734123 0.879032 1.85644 1.7003 99540 0 -1.43876 0.366993 1
25.7634 42.4214 2.22734 1.97801 4.47284 1.58189 171602 0 1.65413 0.363728 0
19.9117 -5.07866 0.764237 0.802523 0.863371 1.66286 102320 0 1.91072 0.363135 1
-12.2655 38.6456 1.12506 2.00697 4.58124 1.56474 165867 0 -1.29713 0.357633 0
16.6995 -4.12808 0.716481 0.806417 0.797583 1.5348 103714 0 -0.713569 0.357056 1
55.238 18.068 1.52515 1.96875 4.31677 1.57771 136126 0 -1.66145 0.350226 0
-6.5881 71.6173 2.61989 1.79857 4.02685 1.61837 214089 0 1.67259 0.349958 0
-42.4779 9.38602 -0.341361 1.82181 3.9222 1.64688 123185 0 -1.23994 0.347835 0
25.408 30.8047 1.6197 2.13059 4.79925 1.49961 154753 0 1.68789 0.346988 0
55.8647 27.0303 1.56197 1.99982 4.41608 1.50487 149232 0 -1.51893 0.346651 0
5.62292 20.5769 1.56022 0.811427 0.876199 1.6243 139715 0 0.58758 0.340817 1
29.0659 -6.56627 0.671255 0.77885 0.838775 1.45741 100008 0 -1.51164 0.340315 1
38.2607 43.3023 1.92695 2.03823 4.52327 1.58395 173045 0 -1.54027 0.338171 0
26.373 45.2605 2.24771 1.97833 4.48698 1.62776 175816 0 1.63297 0.337836 0
45.3014 36.0032 1.94174 1.91568 4.22501 1.53307 162303 0 1.73583 0.337634 0
25.0997 27.6943 1.69097 2.03282 4.60333 1.45055 150072 0 -1.52584 0.337497 0
19.3955 -5.2717 0.784921 0.769453 0.817228 1.68764 101850 0 1.99809 0.333129 1
58.715 43.7128 2.15061 2.13122 4.78163 1.76344 173577 0 -1.35995 0.332329 0
-54.5495 20.2931 -0.20558 2.10139 4.74283 1.68404 139059 0 1.98273 0.332031 0
-32.7405 42.15 0.929035 0.686924 0.688413 1.67962 170951 0 -2.85085 0.331977 1
23.8743 27.4412 1.55045 2.01058 4.65696 1.47542 149600 0 1.63253 0.330203 0
43.0398 24.8495 1.49159 2.2183 5.12698 1.62844 145916 0 1.68105 0.326838 0
4.27052 58.7799 2.4795 2.0363 4.70877 1.68566 195403 0 -1.45071 0.326023 0
-25.3708 43.439 1.27756 2.11289 5.00376 1.68371 172846 0 1.89532 0.324722 0
-31.1737 42.476 1.1946 1.88683 4.27951 1.60461 171424 0 -1.26965 0.322504 0
35.1162 46.1215 2.0763 0.826807 0.81839 1.72958 177247 0 0.249746 0.322168 1
1.49133 44.5694 1.96706 2.51402 6.27157 2.09635 174802 0 -1.48929 0.319039 0
56.1519 26.7643 1.57863 2.01927 4.55258 1.51258 148765 0 -1.46826 0.316604 0
54.5101 8.87594 1.21741 2.04298 4.60166 1.76553 122552 0 -1.46679 0.311265 0
19.7039 -5.48769 0.799957 0.793857 0.837715 1.68231 101383 0 1.94797 0.309096 1
-70.9174 24.1233 -0.26915 1.8911 4.20537 1.52453 144624 0 -1.18103 0.308501 0
18.9993 -5.28596 0.771518 0.77514 0.815143 1.75093 101849 0 1.93481 0.306338 1
-61.9729 14.8545 -0.560352 1.87602 4.23517 1.53094 131080 0 -1.06445 0.304221 0
60.6822 32.4535 1.92459 2.02042 4.4358 1.56771 157203 0 0.0329096 0.303823 0
-7.57615 63.2822 1.97232 1.93033 4.29728 1.69032 201918 0 1.66019 0.302701 0
-34.0626 34.7928 0.765317 1.93041 4.38897 1.48764 160183 0 1.70246 0.302381 0
44.9792 36.3242 1.92867 1.93174 4.24169 1.539 162770 0 1.69428 0.301499 0
-70.9261 23.5636 -0.261324 1.80945 4.00672 1.50057 143688 0 -1.19402 0.301392 0
18.787 -4.93699 0.845738 0.795425 0.828405 1.86366 102316 0 1.78306 0.300796 1
22.2402 66.7468 2.5001 2.0153 4.57756 1.61128 207159 0 -1.46904 0.300295 0
46.996 19.3531 1.55768 0.849244 0.867582 1.76522 137972 0 -2.01113 0.300283 1
-10.2041 -15.1499 0.226336 0.824176 0.855229 1.664 87250 0 1.4868 0.299786 1
-5.9217 71.7512 2.593 2.16418 4.80076 1.77885 214559 0 -1.51564 0.29948 0
4.27039 55.5507 2.08061 1.80921 4.0024 1.44503 190723 0 1.62743 0.297651 0
45.5891 35.6918 1.98773 1.96684 4.38706 1.58221 161836 0 1.7439 0.296724 0
2.75152 59.0738 2.34942 2.00072 4.52691 1.72851 195866 0 1.66573 0.296691 0
15.654 -8.564 0.776922 0.889629 0.920287 1.74213 97158 0 -2.9863 0.296324 1
-53.9396 20.0058 -0.308205 2.05567 4.5226 1.63593 138593 0 1.67295 0.294373 0
1.02951 31.9463 1.67412 2.07047 4.72241 1.83831 156081 0 1.6336 0.29356 0
3.07995 68.287 2.7608 2.12348 4.66151 1.82355 209439 0 -1.39063 0.286921 0
53.6278 8.88605 1.22462 1.92749 4.25197 1.72199 122549 0 -1.47738 0.283404 0
-31.1607 42.9863 1.21623 1.92425 4.27719 1.5962 172360 0 -1.42314 0.282379 0
4.92031 13.9771 1.18142 2.09192 4.716 1.58276 129885 0 1.70317 0.277166 0
47.1834 19.1684 1.54117 0.864358 0.925938 1.76232 137505 0 -2.73963 0.277001 1
57.5387 40.8239 1.80892 1.79942 3.97654 1.47742 169361 0 -1.42291 0.275807 0
18.8047 -4.7034 0.886171 0.778079 0.815723 1.82885 102784 0 -1.17804 0.275117 1
-31.8162 42.6876 1.17254 2.04886 4.71969 1.68975 171890 0 -1.32661 0.274953 0
22.6175 54.0403 2.33695 1.843 4.11889 1.59411 188440 0 -1.37618 0.272331 0
22.8691 63.8211 2.49659 2.00502 4.4674 1.62242 202949 0 -1.47529 0.270256 0
45.2858 36.6051 1.98902 1.97384 4.37551 1.56661 163239 0 1.6656 0.269775 0
-36.6315 28.9559 0.260614 1.97163 4.42943 1.57209 151751 0 -1.20979 0.269438 0
3.98658 67.7543 2.67881 2.03526 4.70107 1.77629 208506 0 -1.41148 0.268409 0
44.9147 42.4668 2.25191 1.97511 4.43271 1.58839 171662 0 1.68219 0.267996 0
42.3465 10.2934 1.2395 2.13438 4.98585 1.71367 124854 0 1.68191 0.267716 0
18.9417 -5.54285 0.799707 0.806154 0.851808 1.76814 101381 0 1.92358 0.267369 1
-11.7638 39.1077 1.01957 1.96372 4.49031 1.49257 166805 0 -1.15541 0.264608 0
-53.6209 19.9696 -0.346494 2.05529 4.58333 1.6093 138594 0 -1.08978 0.264212 0
39.1143 37.0432 1.88464 2.09063 4.84565 1.60758 163688 0 -1.4292 0.262973 0
25.1482 42.6636 2.24076 2.02575 4.59334 1.64128 172068 0 1.6824 0.26105 0
7.50342 48.7819 1.87249 0.929067 1.23301 1.61899 180905 0 1.26523 0.260972 1
36.1226 17.1035 1.24525 1.54749 3.29094 1.36001 134662 0 -1.38877 0.2593 0
35.2491 46.1225 2.07591 0.83183 0.854078 1.76106 177248 0 0.465565 0.258983 1
59.5832 5.27145 0.994037 2.05229 4.82422 1.51897 117420 0 1.70169 0.258619 0
22.5818 57.9755 2.28219 2.08232 4.57558 1.61951 194524 0 -1.48068 0.257333 0
-31.6311 23.8486 0.558208 1.87506 3.96604 1.70335 144279 0 1.79701 0.257015 0
-52.9616 19.7104 -0.391722 2.00285 4.50384 1.54447 138128 0 -1.14032 0.255782 0
-32.1512 41.8526 1.10406 0.743053 0.686965 1.71364 170485 0 -2.0376 0.254482 1
-41.9902 14.6196 -0.184555 2.15341 4.9798 1.71333 130674 0 -1.19536 0.254044 0
68.964 34.4083 2.01662 2.03117 4.54678 1.6691 160037 0 0.0385364 0.252735 0
25.4517 45.3112 2.22367 1.94457 4.43501 1.62769 175813 0 1.64661 0.251843 0
54.2459 9.33301 1.26656 1.92344 4.2608 1.6983 123487 0 -1.51502 0.251803 0
-32.5217 42.0876 1.02175 0.766693 0.759448 1.74993 170952 0 -2.50143 0.250967 1
26.0762 42.1553 2.21034 2.05059 4.64412 1.5906 171135 0 1.67269 0.250571 0
8.81082 70.2246 3.131 2.00896 4.48834 1.77761 212265 0 1.58091 0.250067 0
23.1971 66.6995 2.56165 2.04199 4.54341 1.6635 207162 0 -1.46526 0.249975 0
4.92892 19.4788 1.52989 1.81093 3.82641 1.73473 137841 0 1.68074 0.249139 0
54.2052 -9.81079 1.63048 3.16311 14.3324 3.36579 95407 0 1.70314 0.248844 0
45.3097 35.3913 1.94525 1.94377 4.27211 1.553 161367 0 1.75204 0.248236 0
37.3267 29.243 1.55387 2.10109 4.89912 1.56606 152450 0 1.13458 0.247544 0
43.9842 24.8182 1.64312 2.18617 4.88463 1.65163 145919 0 1.65014 0.246765 0
17.2419 25.4566 1.46512 1.74218 3.71078 1.42718 146771 0 -1.51032 0.243753 0
-38.5661 58.3875 1.09054 2.03608 4.61177 1.58891 194801 0 1.77946 0.242792 0
-35.004 35.348 0.806149 2.04652 4.58141 1.54395 161116 0 1.93907 0.242436 0
8.80733 58.4528 2.29535 2.02203 4.6095 1.59167 194949 0 -0.60451 0.241909 0
18.5241 -5.51492 0.79557 0.79369 0.814974 1.7836 101379 0 1.75555 0.241835 1
-38.3047 22.8088 0.0738113 1.91105 4.52726 1.56478 142854 0 -1.3041 0.241646 0
-32.3036 9.51955 -0.143038 0.878071 1.09883 1.70357 123217 0 -0.848039 0.240169 1
-12.4394 17.5064 0.814135 1.62992 3.22977 1.39111 134979 0 1.74272 0.239751 0
40.0811 33.976 1.80436 2.26262 5.04502 1.79638 159479 0 -1.40108 0.239574 0
4.25427 68.2321 2.88428 2.25614 5.10731 1.89597 209443 0 -1.44717 0.239207 0
27.3402 45.2695 2.31033 2.07691 4.66509 1.73311 175819 0 1.59216 0.239161 0
23.1044 57.4963 2.32293 2.24781 5.18936 1.78004 193590 0 -1.39497 0.238333 0
-57.8342 9.78643 -0.466382 1.99018 4.48976 1.50091 123605 0 -1.23682 0.238138 0
-53.5913 19.7335 -0.361309 2.08029 4.61134 1.59652 138126 0 0.185428 0.237366 0
20.0434 46.1509 1.88966 1.98457 4.37938 1.5196 177200 0 -1.41039 0.237217 0
43.0353 19.0516 1.45829 1.97543 4.4166 1.59319 137492 0 -1.44358 0.236751 0
22.8427 57.2084 2.24637 2.0599 4.68983 1.64509 193121 0 -1.35462 0.23669 0
29.2131 -6.32444 0.682545 0.806087 0.841745 1.31246 100477 0 -1.55363 0.236508 1
-22.9093 19.3222 0.51572 2.02487 4.48722 1.63082 137754 0 1.93791 0.236184 0
18.9264 -4.72336 0.850695 0.797422 0.822867 1.81926 102785 0 -3.12546 0.235939 1
59.6829 12.0222 1.29618 1.9882 4.51963 1.59715 127248 0 1.53769 0.235822 0
-26.0255 5.35199 -0.224688 2.03981 4.59217 1.55832 117152 0 -1.24783 0.235677 0
-71.4435 23.5507 -0.214168 2.15213 4.8858 1.71116 143686 0 -1.55284 0.235163 0
-71.1935 23.2477 -0.222469 2.0374 4.56224 1.63164 143219 0 -1.7469 0.23513 0
3.08369 58.8148 2.36692 1.97946 4.55208 1.72791 195399 0 1.60326 0.233922 0
26.037 30.5744 1.68428 2.08721 4.67815 1.51435 154287 0 1.68293 0.233133 0
2.01172 40.8902 1.81248 1.96406 4.3256 1.73322 169188 0 -1.47529 0.232589 0
36.3419 20.2038 1.25715 2.00645 4.71204 1.47486 139343 0 -1.42086 0.232368 0
56.1445 27.2825 1.66717 2.02151 4.52967 1.55112 149701 0 -1.54166 0.232358 0
-12.0673 -14.9748 0.123572 0.787623 0.808295 1.65579 87712 0 -1.81623 0.230895 1
58.0565 41.3611 1.92714 2.18751 4.95881 1.70975 170299 0 -1.43732 0.230715 0
-25.4326 43.9208 1.31921 2.23639 5.36829 1.73104 173782 0 2.0391 0.230471 0
39.1585 42.8115 1.94183 2.1159 4.75937 1.66878 172112 0 -1.44566 0.229375 0
37.5612 19.7484 1.2805 1.88615 4.46098 1.48962 138411 0 -1.42465 0.229352 0
42.7016 16.1685 1.13374 2.04723 4.65591 1.58895 133279 0 1.68237 0.229123 0
9.74476 67.6948 3.05017 2.00282 4.57743 2.03098 208524 0 1.53639 0.227831 0
8.78883 58.6665 2.34406 2.04447 4.66011 1.61261 195417 0 1.47433 0.227229 0
47.1787 19.5747 1.57012 0.852036 0.959735 1.78302 138441 0 -1.86546 0.227183 1
-21.3564 15.629 0.533664 1.75374 3.89262 1.66778 132143 0 1.7353 0.224969 0
-30.6124 42.9846 1.19768 2.01854 4.6725 1.61151 172362 0 -1.31971 0.224479 0
58.0907 43.9907 2.15833 2.17712 4.89433 1.76979 174043 0 0.358589 0.224317 0
-36.3286 29.2406 0.224112 1.89254 4.32261 1.53093 152220 0 -1.18425 0.223895 0
-12.4264 36.2825 1.1469 1.91842 4.21573 1.53174 162591 0 -1.15416 0.22383 0
22.2983 57.2117 2.19954 1.70223 3.78227 1.42826 193119 0 -1.40398 0.223644 0
-32.1125 42.738 1.12692 2.00062 4.59262 1.72393 171889 0 -1.57542 0.223483 0
58.721 46.5574 2.25444 2.00026 4.50018 1.63914 177789 0 -1.36774 0.223397 0
8.52597 -2.95453 0.781258 0.695397 0.739818 1.53503 105092 0 2.08518 0.222301 1
21.6145 66.9823 2.60329 2.07768 4.68603 1.65357 207625 0 -1.53762 0.221227 0
-51.9458 24.8015 0.198328 2.23001 5.33227 1.7593 145619 0 -1.18008 0.220971 0
16.0258 -8.5596 0.773113 0.875177 0.906239 1.74229 97160 0 3.11372 0.220552 1
9.10117 58.441 2.33239 2.06384 4.68424 1.64447 194950 0 -1.0389 0.219276 0
-12.561 39.141 1.19651 2.20709 5.18266 1.72402 166802 0 -1.22989 0.219141 0
-33.4871 34.6963 0.733046 1.98284 4.53861 1.56127 160185 0 -1.14063 0.218524 0
-32.1442 41.9911 1.07168 0.797015 0.817101 1.74916 170953 0 -2.12713 0.218293 1
2.73323 49.1002 1.69396 2.07345 4.7695 1.63511 181358 0 -1.4777 0.217872 0
-70.9381 23.2454 -0.254926 1.87378 4.15018 1.5303 143220 0 1.99384 0.216785 0
36.3831 19.7741 1.24194 1.88242 4.38012 1.43597 138407 0 -1.47276 0.216511 0
18.5198 -5.37667 0.775725 0.7621 0.77943 1.75174 101847 0 1.79743 0.215369 1
7.51077 31.5248 1.84529 2.2038 4.9447 1.95811 155633 0 1.6388 0.215348 0
24.7932 27.4457 1.66723 2.04646 4.68983 1.43932 149603 0 -1.45721 0.214681 0
-39.4701 22.8823 0.102462 2.01105 4.39306 1.59015 142850 0 -1.36216 0.214444 0
49.1106 19.984 1.69819 2.07092 4.55775 1.74233 138915 0 -1.71967 0.212624 0
23.1574 63.5333 2.55204 2.08966 4.72281 1.71266 202482 0 -1.45923 0.211521 0
-70.8937 24.4209 -0.292587 1.97901 4.43323 1.56089 145092 0 -0.951013 0.21123 0
53.0201 9.09626 1.21431 1.99651 4.4107 1.74742 123015 0 -1.49667 0.2111 0
22.8847 66.4686 2.54512 2.0105 4.53528 1.62415 206693 0 -1.40028 0.210651 0
5.82386 20.5974 1.59548 0.808579 0.874844 1.64499 139716 0 -0.737929 0.210366 1
4.35816 65.0121 2.55596 2.43954 5.70972 1.87922 204763 0 -1.42193 0.210169 0
-32.5903 21.3512 0.16483 1.71502 3.57585 1.47541 140532 0 1.75449 0.209857 0
-70.6542 23.8481 -0.268231 1.69239 3.57079 1.43851 144157 0 -1.26573 0.209401 0
-38.2274 58.1528 1.10196 2.024 4.64612 1.57562 194334 0 -0.985687 0.2089 0
-30.8991 43.3309 1.20285 1.97527 4.44039 1.60815 172829 0 -1.92131 0.20818 0
54.9442 17.788 1.50434 1.85334 4.01405 1.49173 135657 0 -1.57739 0.207668 0
-54.2253 19.7541 -0.294477 2.10717 4.58073 1.66229 138124 0 1.98438 0.207306 0
19.3317 -5.02653 0.777756 0.783474 0.833494 1.70567 102318 0 1.95029 0.20726 1
-8.55169 60.0977 1.74321 1.9604 4.5515 1.55535 197235 0 1.72175 0.206571 0
6.56055 70.2235 3.19993 1.99344 4.48296 1.6423 212258 0 1.61343 0.205706 0
-41.748 15.0963 -0.201599 2.15159 4.99032 1.65812 131611 0 -1.17067 0.205636 0
60.0006 45.9316 2.36077 2.01057 4.44304 1.66734 176857 0 -1.28692 0.205472 0
44.343 36.5995 1.91705 1.9643 4.37025 1.54779 163236 0 1.67275 0.205418 0
21.9939 57.708 2.24369 1.8298 3.96801 1.43718 194054 0 -1.44381 0.204907 0
36.7131 25.8258 1.46535 2.05666 4.77155 1.51411 147300 0 1.66376 0.204865 0
55.7471 18.0634 1.54261 2.29413 5.28178 1.80918 136128 0 -1.66543 0.204362 0
59.3538 46.2413 2.27252 2.03614 4.48369 1.6713 177323 0 -1.2952 0.2043 0
47.4194 19.3464 1.54159 0.969202 1.20455 1.76138 137974 0 -2.129 0.204162 1
7.50888 49.1115 1.88362 1.97556 4.43799 1.58232 181373 0 1.43487 0.204124 0
59.1469 8.46069 1.17763 1.65486 3.6635 1.45293 122098 0 1.67172 0.204112 0
22.5778 64.1108 2.47128 1.95999 4.32855 1.57999 203416 0 -1.50102 0.203286 0
59.9768 12.2896 1.38606 1.9818 4.50983 1.61468 127717 0 1.54037 0.203181 0
4.08016 35.592 1.43864 0.810854 0.805624 1.64346 161706 0 -1.42625 0.20297 1
41.549 13.5356 1.23968 1.81237 3.91503 1.54484 129531 0 1.64821 0.202578 0
24.5321 30.3464 1.57749 1.94074 4.39306 1.4525 153814 0 1.637 0.202552 0
10.0413 67.9937 3.08291 2.19654 5.06337 2.05266 208993 0 1.53403 0.202516 0
57.7709 44.0023 2.13127 2.20076 4.92902 1.7539 174042 0 1.59645 0.20213 0
22.6105 63.5702 2.51486 1.85884 4.10919 1.57149 202480 0 -1.4754 0.201953 0
7.50136 48.5431 1.90715 0.87251 1.07341 1.61982 180437 0 1.02427 0.200952 1
44.6719 36.0318 1.88497 1.97804 4.45023 1.54705 162301 0 1.74176 0.200848 0
-22.1907 18.7721 0.615234 2.13122 4.73866 1.74797 136820 0 1.85361 0.200643 0
9.40521 69.9612 3.27804 2.24907 4.98665 1.96237 211799 0 1.82622 0.200375 0
27.0445 45.0097 2.24489 1.93335 4.33176 1.63403 175350 0 1.63474 0.200082 0
27.0122 39.7678 2.19134 1.94304 4.29688 1.59039 167862 0 1.63139 0.199779 0
-47.1999 38.5866 0.012354 2.00028 4.52146 1.64697 165758 0 -1.28143 0.198245 0
26.3498 42.6312 2.30068 2.04617 4.58682 1.66227 172072 0 1.67059 0.197907 0
42.3637 9.87037 1.23277 2.20763 5.09619 1.78501 123918 0 1.69937 0.197483 0
24.8232 31.1053 1.60695 2.08342 4.72992 1.49145 155219 0 1.70082 0.19699 0
9.09239 58.6555 2.36452 2.06162 4.66051 1.65457 195418 0 -1.35048 0.196382 0
23.7957 66.4464 2.63291 2.11884 4.76461 1.74073 206696 0 -1.42707 0.196071 0
43.4207 42.7531 2.10198 1.90737 4.3214 1.5672 172125 0 1.66167 0.195338 0
61.686 31.1426 1.79112 1.77808 3.87041 1.49864 155334 0 1.63161 0.194975 0
9.42971 58.428 2.40001 2.08731 4.72128 1.69118 194951 0 1.21659 0.194256 0
9.72566 67.409 3.01117 1.74351 3.88787 1.97952 208056 0 1.50138 0.193962 0
4.59892 14.4725 1.16172 1.95967 4.53122 1.51373 130820 0 1.66825 0.193958 0
22.9539 24.5906 1.69229 2.02573 4.66006 1.61302 145385 0 1.66369 0.193923 0
32.386 9.91296 1.16614 0.917388 1.04195 1.73653 123887 0 0.0235109 0.193799 1
-27.7281 35.054 0.91505 1.88231 4.07796 1.48499 160671 0 1.89761 0.193304 0
17.0162 -4.33847 0.748987 0.810593 0.825706 1.62313 103247 0 -0.900548 0.193297 1
60.9372 -28.337 0.00891824 2.02491 4.40878 1.64422 68284 0 0.208388 0.192727 0
43.9809 42.9344 2.24257 1.94224 4.32496 1.57291 172595 0 1.71941 0.191824 0
55.8511 26.4521 1.51193 1.99412 4.45119 1.51697 148296 0 -1.48332 0.191715 0
44.6457 33.1244 1.73409 2.11293 4.83395 1.62058 158089 0 1.73544 0.191055 0
25.4149 30.346 1.66088 2.07909 4.70512 1.47643 153817 0 1.64693 0.190976 0
48.8302 19.7146 1.65024 1.94315 4.24232 1.64789 138446 0 -1.70761 0.19056 0
59.3587 11.3724 1.24341 1.96151 4.45147 1.60213 126311 0 1.55973 0.189915 0
24.0427 -8.01918 0.797107 0.897106 1.05513 1.76296 97653 0 1.76923 0.189493 1
29.1808 -7.16894 0.61707 0.722439 1.51178 1.47456 99073 0 -1.4733 0.189236 2
-21.319 4.9463 0.382402 0.819563 1.04158 1.57306 116699 0 -1.49649 0.189184 1
-36.905 11.1536 -0.198565 1.97375 4.34007 1.45703 125542 0 -1.22947 0.189119 0
7.83164 49.1268 1.90281 2.00471 4.62478 1.59322 181374 0 1.07817 0.18902 0
29.0629 -6.26215 0.744636 0.806935 0.880904 1.50321 100476 0 -1.6521 0.188335 1
20.5693 42.8203 1.89157 2.12755 4.91598 1.73946 172054 0 -1.40332 0.187702 0
3.99778 55.3059 2.04587 1.7787 3.96859 1.44054 190254 0 1.55834 0.187627 0
8.17188 58.6913 2.28631 1.99094 4.5239 1.5495 195415 0 1.62737 0.187376 0
3.34421 59.235 2.45729 2.04813 4.71306 1.70629 196336 0 -1.67314 0.185947 0
-21.6215 18.932 0.67628 2.17884 4.79266 1.73458 137290 0 -1.94909 0.185746 0
9.75732 58.4136 2.46369 2.07032 4.65715 1.69907 194952 0 1.50075 0.185273 0
-62.4894 14.3043 -0.534317 2.10003 4.75653 1.62314 130142 0 -1.14951 0.184713 0
25.4999 44.6926 2.14512 0.75074 0.834334 1.60348 174877 0 1.54701 0.184391 1
5.59145 20.3303 1.52716 0.995235 1.34467 1.64317 139247 0 1.52817 0.184348 1
-51.6208 24.2546 0.209868 2.12112 4.87188 1.65319 144684 0 -1.25269 0.184214 0
24.849 42.4433 2.24677 1.99793 4.47895 1.59201 171599 0 1.66967 0.184203 0
-12.4449 14.6452 0.965259 1.83999 3.66928 1.72501 130767 0 1.78061 0.183594 0
4.03577 13.9925 1.22888 2.0428 4.57185 1.51564 129882 0 1.74269 0.183438 0
55.2169 17.5367 1.5096 2.02289 4.44129 1.59118 135190 0 -1.4729 0.183051 0
-36.0327 28.6458 0.212545 1.97615 4.35692 1.61592 151285 0 -1.22719 0.182955 0
5.25639 19.1 1.56268 0.914217 1.09085 1.73298 137374 0 1.55532 0.182246 1
37.992 37.071 1.92596 1.81625 4.08488 1.46867 163684 0 -1.49225 0.182193 0
-34.1414 35.2589 0.797828 2.00354 4.4643 1.50556 161119 0 2.0502 0.182096 0
2.70415 47.2018 1.8513 2.08513 4.65817 1.67933 178550 0 -1.43389 0.182089 0
-23.4673 13.5995 -0.0577801 2.02473 4.5104 1.50998 129328 0 -1.22929 0.181907 0
15.976 -3.49271 0.701249 0.739531 0.781837 1.57671 104647 0 -0.153899 0.181643 1
24.2514 30.8302 1.52175 2.03894 4.65786 1.48904 154749 0 1.69075 0.18152 0
19.9039 -5.48806 0.790439 0.827437 0.887464 1.68335 101384 0 1.9478 0.181038 1
-21.8755 18.4965 0.624564 2.11179 4.71323 1.80023 136353 0 1.56606 0.180739 0
-56.2593 14.5791 -0.449542 1.58405 3.27923 1.44081 130630 0 2.0009 0.179934 0
22.3281 54.4481 2.40339 1.8846 4.00733 1.6173 189375 0 -1.47961 0.179913 0
-10.0042 -15.9022 0.409656 0.820023 0.802363 1.73946 86314 0 -2.76675 0.179865 1
7.79885 48.8027 1.89701 1.96822 4.25402 1.59639 180906 0 0.849065 0.179731 0
22.8536 66.9657 2.58848 2.05517 4.59367 1.66774 207629 0 -1.53461 0.17939 0
74.1001 7.8389 0.973209 2.01046 4.48366 1.59412 121209 0 0.107138 0.179001 0
43.729 42.4801 2.03635 1.83979 4.11249 1.53644 171658 0 1.64066 0.178716 0
7.23577 48.7822 1.88248 1.57261 2.72457 1.63034 180904 0 1.44964 0.178564 0
11.1711 39.5924 1.87894 0.954428 1.20595 1.88485 167344 0 0.112324 0.178278 1
43.3553 24.5594 1.52005 2.15727 4.87121 1.61826 145449 0 1.58024 0.177943 0
-11.7903 23.5668 0.972889 1.71218 3.52533 1.56999 143873 0 1.65867 0.177537 0
-0.350533 23.463 1.27422 2.13793 5.27483 1.53389 143908 0 1.65391 0.177361 0
29.184 -6.89423 0.624984 0.810532 1.38987 1.35119 99541 0 -1.47837 0.177185 1
-59.2875 10.1695 -0.532096 2.27443 5.08749 1.61965 124068 0 1.77311 0.177089 0
59.977 11.7121 1.29894 1.97448 4.49304 1.59493 126781 0 1.52777 0.1763 0
48.5046 19.9878 1.61723 1.95502 4.25163 1.63011 138913 0 -1.71657 0.176293 0
11.561 39.5791 1.87034 0.93468 1.129 1.87656 167346 0 0.0759266 0.175931 1
6.88 48.8013 1.90975 2.02199 4.65085 1.62189 180903 0 1.56234 0.17588 0
-30.9105 43.6239 1.22744 2.0552 4.68008 1.63294 173297 0 -2.25549 0.175761 0
-12.9398 35.7964 1.12921 1.97712 4.46144 1.59321 161653 0 -1.248 0.175672 0
17.5236 -10.0899 0.52843 0.733222 0.71992 1.52882 94824 0 2.83677 0.174749 1
37.6593 43.1194 1.83368 1.95377 4.38063 1.57162 172575 0 -1.55078 0.174591 0
43.9111 28.064 1.84923 2.46322 5.78823 1.99368 150599 0 -1.25677 0.173947 0
25.7577 44.993 2.17173 1.85648 3.95876 1.6103 175346 0 1.65507 0.173671 0
-36.075 60.3423 1.45143 2.07495 4.70884 1.65848 197617 0 -1.22618 0.173499 0
68.9371 33.0991 1.86157 2.05326 4.51449 1.72148 158165 0 0.954391 0.173492 0
68.9199 32.8213 1.81792 2.04969 4.52093 1.7588 157697 0 1.33374 0.17249 0
2.40721 67.7192 2.6607 0.888781 0.902503 1.76687 208501 0 -1.15667 0.172278 1
44.9541 32.8314 1.76953 2.08909 4.73095 1.65053 157622 0 1.74394 0.172255 0
23.571 27.9244 1.5231 1.9947 4.65189 1.48495 150535 0 1.68878 0.172124 0
57.6871 32.1388 1.89839 2.32492 5.61432 1.83593 156726 0 -1.38226 0.172118 0
18.9982 28.8294 1.50048 1.98479 4.76484 1.50502 151925 0 -1.52432 0.171847 0
0.841713 41.3409 1.78157 2.37185 5.62828 1.95825 170120 0 -1.44233 0.17171 0
0.428482 23.002 1.4028 1.55332 3.5514 1.38235 142975 0 1.58289 0.171559 0
25.1927 39.5935 2.00323 1.96012 4.63782 1.49924 167388 0 1.6731 0.171471 0
37.3333 29.0557 1.56134 2.04115 4.72648 1.54327 151982 0 1.50241 0.171405 0
-70.2197 22.2095 -0.209884 2.02867 4.54222 1.56584 141818 0 -3.0098 0.171286 0
25.4154 27.9196 1.72523 1.98328 4.50257 1.48236 150541 0 -1.53919 0.171254 0
7.20672 49.4133 1.88414 2.02371 4.58689 1.59028 181840 0 1.58512 0.171129 0
55.2268 26.7504 1.43767 2.02572 4.57936 1.53136 148762 0 -1.53682 0.171043 0
24.8078 45.5232 2.37761 2.05265 4.58082 1.66245 176279 0 1.63088 0.170859 0
20.0753 45.6997 1.85049 1.9208 4.26695 1.52124 176264 0 -1.35542 0.17067 0
-71.1791 22.9233 -0.217801 2.12047 4.75079 1.67474 142751 0 -2.17642 0.17049 0
43.6635 22.2271 1.29978 2.16159 4.8729 1.61792 142174 0 1.64459 0.1699 0
42.6341 10.0925 1.22796 2.2484 5.36094 1.79149 124387 0 -1.68171 0.169119 0
21.946 66.4694 2.49074 2.04315 4.57216 1.63067 206690 0 -1.4295 0.168962 0
19.7594 42.8253 1.9098 1.88448 4.10186 1.58604 172051 0 -1.37192 0.168888 0
48.8256 20.2819 1.64589 1.9974 4.39949 1.67819 139382 0 -1.7275 0.168796 0
-62.5076 15.1303 -0.540119 2.16909 5.05753 1.67316 131546 0 -1.11509 0.168628 0
38.2665 37.4604 1.9511 1.88627 4.10297 1.48191 164621 0 -1.49947 0.168418 0
-37.5224 60.7362 1.53316 2.12084 4.64848 1.7591 198080 0 -1.56471 0.168323 0
-30.5512 29.2864 0.496594 2.05169 4.6753 1.69769 152238 0 1.94361 0.168029 0
59.3242 43.3852 2.15446 2.25627 5.1595 1.83173 173111 0 -1.32285 0.16789 0
43.6728 24.5477 1.53442 2.16645 4.863 1.61052 145450 0 -1.24328 0.167773 0
17.4535 46.5954 2.0046 2.03378 4.57968 1.63021 177660 0 -1.40931 0.16737 0
28.4462 -6.95483 0.733582 0.774542 0.891597 1.62733 99538 0 -1.51903 0.167006 1
51.3296 55.5062 2.33836 2.11806 4.68922 1.7743 190870 0 2.91929 0.16683 0
-24.236 43.3039 1.26799 2.06978 4.49619 1.58889 172850 0 2.02193 0.166641 0
40.1151 33.5472 1.71319 2.18161 5.17864 1.77794 158543 0 -1.41312 0.166589 0
-70.9231 22.8965 -0.228574 2.00125 4.42782 1.57735 142752 0 -2.59498 0.16563 0
3.91022 37.238 1.80233 0.760158 0.726109 1.69009 164046 0 0.73024 0.16553 1
-58.9741 6.27976 0.0588163 0.77742 0.813042 1.74877 118453 0 -1.41472 0.1648 1
-21.3048 18.9219 0.703431 2.19482 4.80905 1.75669 137291 0 -1.67664 0.164376 0
39.4141 43.3057 2.01169 2.26991 5.25587 1.82345 173049 0 -1.56281 0.164267 0
-32.7358 42.2977 0.954965 0.747145 0.807396 1.68456 171419 0 -2.7762 0.164168 1
-41.8355 11.7984 -0.0992071 2.04241 4.32279 1.75363 126463 0 -1.21085 0.163783 0
3.0271 49.3999 1.70858 2.06966 4.74865 1.63944 181827 0 -1.44655 0.163438 0
24.1302 21.6665 1.60725 1.95618 4.49601 1.63256 141177 0 2.13381 0.163382 0
-36.9098 28.7048 0.299766 2.03871 4.50104 1.62686 151282 0 -1.24703 0.163196 0
19.0268 63.8418 2.60723 2.00107 4.46059 1.64789 202937 0 -1.57511 0.163084 0
27.0461 45.5294 2.30228 2.03555 4.5106 1.68508 176286 0 1.5681 0.163052 0
60.2883 46.1967 2.47176 2.05105 4.54753 1.70645 177326 0 -1.35497 0.163045 0
44.2727 25.0753 1.7222 2.13382 4.80736 1.65931 146388 0 1.66787 0.16269 0
20.2431 -5.00805 0.75664 0.808644 0.908154 1.63493 102321 0 1.86836 0.162346 1
9.11817 67.376 3.20269 1.16292 2.75846 2.15256 208054 0 1.64957 0.1623 0
25.152 42.1483 2.20095 1.95206 4.44859 1.56792 171132 0 1.66836 0.162026 0
-15.8309 28.3354 0.933344 2.15801 5.07157 1.59145 150880 0 -1.26304 0.161964 0
59.6701 11.0807 1.24262 2.03439 4.47989 1.60344 125844 0 1.56804 0.161856 0
2.45925 48.8109 1.78042 2.12074 4.87395 1.6801 180889 0 -1.50384 0.161646 0
5.93697 13.274 1.11529 0.767185 0.819149 1.64744 128952 0 -3.13474 0.161563 1
-36.6493 29.5666 0.259659 1.88937 4.32652 1.524 152687 0 -1.15553 0.161422 0
6.56261 49.1175 1.94671 2.07938 4.74389 1.64531 181370 0 1.58903 0.16128 0
37.0168 29.2661 1.55422 2.24336 5.41927 1.63762 152449 0 -1.46973 0.161242 0
1.21407 44.582 1.96721 2.50474 6.38219 2.14508 174801 0 1.37918 0.161165 0
-13.5238 36.5762 1.26881 2.37274 5.78504 1.96121 163055 0 -1.19811 0.161038 0
16.5899 -4.56458 0.713169 0.79211 0.754135 1.42902 102777 0 -0.349735 0.161032 1
-37.6279 58.0559 1.26844 2.06917 4.5976 1.57221 194336 0 -1.17175 0.161006 0
-47.8166 38.8939 0.060584 2.0139 4.48617 1.64159 166224 0 -1.3431 0.160973 0
-40.8089 53.9117 1.30147 1.99804 4.47966 1.64804 188242 0 1.90394 0.160847 0
57.7633 43.749 2.10364 2.1842 5.01989 1.76239 173574 0 1.31405 0.160773 0
74.3803 7.52948 1.03194 2.08625 4.74879 1.64245 120742 0 -0.103098 0.160508 0
68.3152 28.6486 1.77818 2.06924 4.58948 1.58075 151611 0 2.27193 0.160422 0
62.2146 31.4215 1.8989 2.17822 5.02948 1.70175 155804 0 1.61943 0.160187 0
58.4259 43.4263 2.0917 2.12134 4.73006 1.71315 173108 0 -1.35512 0.159471 0
-25.0043 7.95855 -0.0818492 2.27815 5.25349 1.62389 120899 0 -1.25083 0.158276 0
3.41193 56.0733 2.09609 2.31801 5.49306 1.74384 191656 0 1.69106 0.158184 0
-37.6154 61.1846 1.58218 2.38671 5.46881 1.86688 199016 0 -1.1562 0.158124 0
20.5642 43.262 1.87114 2.17564 4.89733 1.73394 172990 0 -1.45004 0.15765 0
20.2287 -5.23201 0.771473 0.819035 0.90628 1.65637 101853 0 1.88341 0.157428 1
-8.53297 60.5323 1.82323 2.12751 4.90645 1.64042 198171 0 1.67304 0.157192 0
56.7478 27.0038 1.69605 2.10757 4.87121 1.61403 149235 0 -1.49331 0.156871 0
57.4394 43.7187 2.08805 2.18115 4.93465 1.7597 173573 0 1.63388 0.156821 0
-41.8278 9.1115 -0.250378 1.82579 3.90836 1.69393 122719 0 -1.21907 0.156573 0
8.80621 67.1185 3.02381 0.947037 2.27209 2.03373 207585 0 -1.8565 0.155757 0
7.83569 49.4163 1.9208 2.01018 4.56032 1.58915 181842 0 1.36125 0.155404 0
57.0842 42.4042 2.10783 2.08812 4.52943 1.65247 171700 0 0.342889 0.155154 0
4.21716 35.5888 1.43657 0.798238 0.783334 1.62172 161707 0 -1.25973 0.154763 1
