23.4728 10.749 1.13539 2.15027 5.01071 1.54952 125263 0 1.679 0.942842 0
-32.4737 -9.8384 -0.713716 2.21483 4.87132 1.93474 95136 0 0.092375 0.929444 0
53.2793 3.31815 1.23022 2.11042 4.70345 1.83021 114592 0 -1.43775 0.928377 0
-14.799 8.78497 0.691245 2.01119 4.49838 1.55233 122335 0 1.65832 0.927884 0
35.7163 7.82323 1.24385 1.94763 4.37418 1.70232 121089 0 -1.41497 0.92537 0
3.08995 11.057 1.2212 2.09603 4.8077 1.81673 125667 0 1.64153 0.921458 0
48.4177 -9.13688 1.53484 2.89759 7.70595 3.19594 96325 0 1.6703 0.918142 0
23.8059 14.4692 1.3176 2.23891 5.003 1.69618 130880 0 1.65159 0.915149 0
-14.0212 12.2513 0.85977 2.08567 4.60186 1.80606 127486 0 1.73203 0.911915 0
4.29623 17.0394 1.41701 2.09498 4.83629 1.78506 134563 0 1.63692 0.901595 0
0.118912 26.3324 1.5786 2.19086 5.06252 1.82963 148122 0 -1.48997 0.901098 0
15.7497 12.1347 1.29617 2.19738 5.19328 1.86637 127111 0 -1.49441 0.89813 0
35.9421 10.7001 1.17539 1.86694 4.3216 1.44638 125302 0 1.6813 0.895484 0
-40.7603 -9.15987 -0.932339 2.07868 4.57733 1.69234 96046 0 0.102277 0.895307 0
4.977 22.8367 1.52874 2.05875 4.74221 1.7336 142989 0 -1.4604 0.895267 0
63.8248 -0.89978 1.1855 2.012 4.44973 1.70589 108541 0 -0.0517962 0.889968 0
20.0302 37.3451 1.83301 2.00398 4.55996 1.70376 164096 0 -1.4568 0.888519 0
40.8796 7.22806 1.14926 1.91446 4.33563 1.48911 120169 0 1.69918 0.887921 0
15.8215 15.2416 1.36084 2.147 4.88909 1.85378 131791 0 -1.46961 0.887718 0
-1.38211 17.7073 1.14603 2.07341 4.92899 1.49562 135481 0 -1.41569 0.884655 0
-38.2257 -9.77277 -0.917614 1.98895 4.29687 1.67509 95118 0 0.150116 0.877675 0
-0.861916 20.4122 1.24258 1.90584 4.62362 1.47055 139227 0 -1.50598 0.874599 0
-1.79102 11.476 1.01657 1.96584 4.49769 1.49222 126120 0 -1.43232 0.873675 0
16.7801 18.7592 1.30917 1.99927 4.59108 1.49104 136942 0 -1.59146 0.87349 0
-36.0936 -3.77534 -0.685998 2.09549 4.62434 1.5768 104017 0 -1.51518 0.859416 0
-14.5257 33.5078 1.13235 2.3362 5.606 1.90522 158372 0 -1.17462 0.857601 0
-23.5081 10.3822 -0.0500212 2.0141 4.57349 1.48506 124648 0 -1.2613 0.852284 0
-37.9736 7.72623 -0.297077 1.83601 3.92994 1.42251 120859 0 1.89636 0.850764 0
-24.7954 7.87842 -0.0605039 2.02991 4.50624 1.50223 120900 0 -1.23224 0.847703 0
53.2099 6.1501 1.0856 2.04268 4.66624 1.59986 118804 0 -1.48581 0.847198 0
0.110512 32.0892 1.60642 2.29732 5.63389 1.87824 156546 0 1.62858 0.846036 0
18.7616 31.5604 1.62807 1.9219 4.43543 1.47148 155668 0 -1.40171 0.841647 0
-35.0848 16.3953 -0.132999 2.06804 4.6711 1.62039 133504 0 1.91819 0.840225 0
17.1651 25.5015 1.42934 1.93657 4.56979 1.48698 146771 0 -1.45662 0.838379 0
-44.3653 6.6655 -0.471985 2.08574 4.66809 1.65694 118967 0 -1.24459 0.836947 0
17.1781 21.6716 1.48093 1.89566 4.31978 1.70522 141155 0 -1.50805 0.836546 0
-1.11455 14.6699 1.076 2.03832 4.76683 1.48715 130802 0 -1.47225 0.835802 0
-13.3637 20.5449 1.01059 2.18682 4.83522 1.9278 139656 0 1.76618 0.835412 0
-63.8111 -1.35345 -0.934137 2.1765 4.67257 1.68881 107206 0 -1.47104 0.833278 0
23.5924 -7.80214 0.824827 0.915708 1.03389 1.76972 98119 0 1.73963 0.832699 1
18.4106 28.6126 1.53621 1.91438 4.44541 1.44565 151455 0 -1.48685 0.832102 0
19.6757 40.3922 2.03424 2.15411 4.96644 1.89599 168775 0 -1.45215 0.82847 0
-12.6928 23.75 0.898157 2.005 4.59362 1.5218 144338 0 1.70623 0.823243 0
28.9889 -5.65903 0.813537 0.917946 0.938984 1.68016 101412 0 -1.52429 0.813212 1
-13.2774 14.7804 0.873221 2.11466 4.87226 1.85039 131232 0 1.8158 0.810061 0
1.08338 41.0525 1.80984 2.13617 4.88756 1.71848 169653 0 -1.51457 0.791915 0
22.8816 21.8651 1.58518 2.08794 4.93672 1.69027 141641 0 1.67102 0.790001 0
-36.2933 13.6088 -0.298782 1.9873 4.53608 1.52596 129288 0 1.88751 0.787508 0
-0.25737 23.4151 1.32033 1.902 4.41742 1.39098 143909 0 1.70292 0.786239 0
6.21378 31.575 1.83372 2.10248 4.78572 1.91636 155629 0 1.64443 0.782672 0
-9.20827 57.3347 1.53158 2.07641 4.71047 1.54687 193489 0 1.66912 0.776714 0
-33.445 21.3549 0.0938511 1.92223 4.27097 1.53546 140529 0 1.82026 0.768116 0
32.035 10.1277 1.23175 0.878189 1.02722 1.77425 124354 0 0.0323417 0.764947 1
-22.2248 15.8647 0.396202 2.09095 4.88565 1.85652 132608 0 1.88439 0.763156 0
37.0041 25.8684 1.49487 1.9749 4.5273 1.41807 147301 0 1.65055 0.761426 0
4.34684 19.7664 1.39939 2.05101 4.82051 1.55144 138307 0 1.65553 0.760781 0
35.7733 14.3387 1.40907 1.8643 4.24329 1.66669 130449 0 -1.41709 0.759078 0
56.7603 32.4095 2.01079 2.11366 4.83795 1.66598 157191 0 -1.47942 0.757116 0
53.92 9.18635 1.34852 1.91278 4.28457 1.64993 123018 0 -1.47357 0.756997 0
-56.2163 17.1342 -0.454547 1.95642 4.34168 1.55657 134374 0 -1.21746 0.75526 0
-15.5301 30.951 0.948453 2.05857 4.63939 1.50514 154625 0 -1.2422 0.75442 0
-37.0145 11.091 -0.305139 1.99676 4.33158 1.47791 125542 0 -1.24514 0.743819 0
16.41 -4.3507 0.802428 0.958445 0.930308 1.64057 103245 0 -1.28086 0.743586 1
22.9204 24.8236 1.70685 2.20382 5.22595 1.74674 145853 0 1.65373 0.742851 0
59.3365 8.77641 1.53363 1.96319 4.45891 1.53169 122567 0 1.63253 0.736458 0
-32.4537 23.8707 0.397733 2.00048 4.40234 1.75896 144276 0 1.80908 0.73606 0
-13.2275 17.5453 0.720543 1.88104 4.29069 1.47803 134976 0 1.72059 0.735022 0
41.4317 10.3647 1.32984 2.06866 4.83112 1.6018 124851 0 1.73365 0.730075 0
15.5117 -8.42937 0.846969 0.921823 0.947637 1.71042 97158 0 3.08753 0.72691 1
58.7678 2.78828 1.26638 1.97236 4.66043 1.60077 113673 0 1.67048 0.723741 0
37.2845 29.3312 1.56867 2.05566 4.81572 1.51089 152450 0 1.66508 0.723124 0
-32.6917 9.35249 -0.193474 0.827735 0.861377 1.66223 123215 0 -1.14446 0.722284 1
1.81473 44.3203 2.08954 2.17154 4.9438 1.82947 174335 0 -1.47529 0.706442 0
4.31847 64.799 2.6206 2.10136 4.84466 1.62353 204295 0 -1.46735 0.704946 0
-43.0339 9.21162 -0.481084 1.97282 4.29487 1.55625 122715 0 -1.26047 0.696635 0
-13.2854 36.0759 0.997426 2.07401 4.67686 1.59146 162120 0 -1.24653 0.696347 0
-17.7661 25.853 1.00056 2.10055 4.81763 1.82631 147130 0 -1.23085 0.69593 0
41.7354 13.3307 1.35392 2.14103 5.00935 1.60948 129064 0 1.71583 0.694471 0
38.2452 37.2988 2.01309 1.91755 4.21331 1.57647 164153 0 -1.478 0.694083 0
-34.7354 18.9431 0.149894 2.10479 4.55831 1.80471 137249 0 1.87288 0.693526 0
36.0418 17.2146 1.22783 1.80951 4.08137 1.38187 134662 0 -1.37112 0.685876 0
22.2825 54.2725 2.17791 2.04385 4.5488 1.71427 188907 0 -1.43159 0.667624 0
3.03954 58.9723 2.40974 2.05849 4.68446 1.6609 195867 0 -1.4926 0.65962 0
-57.1179 14.5234 -0.609802 1.90479 4.28412 1.58357 130627 0 2.03949 0.657999 0
22.2507 57.5073 2.27368 2.01632 4.64143 1.6322 193587 0 -1.3619 0.654023 0
19.9779 43.0732 1.97543 2.12997 4.80143 1.73699 172520 0 -1.48298 0.640565 0
39.1954 34.0658 1.90577 2.09448 4.64177 1.66613 159476 0 -1.45528 0.63207 0
-42.4189 11.6868 -0.175027 2.14342 4.87939 1.87503 126461 0 -1.25126 0.630329 0
3.69598 68.024 2.81866 1.93041 4.33541 1.59575 208973 0 -1.41825 0.627178 0
-28.6533 35.0973 0.772811 1.92329 4.26996 1.50839 160668 0 1.94028 0.624948 0
42.7289 28.3748 1.89464 2.32811 5.35789 1.89725 151063 0 -1.42524 0.620755 0
-50.454 29.8383 0.179838 2.18289 4.88588 1.66808 153112 0 -1.15185 0.620005 0
-41.0984 16.8749 -0.271517 1.94928 4.24193 1.57367 133953 0 -1.24908 0.616306 0
-64.4618 8.46309 -0.730823 2.0994 4.6437 1.79136 121712 0 2.00317 0.614784 0
41.7347 19.3044 1.49851 1.98351 4.49583 1.50226 137956 0 1.65202 0.613287 0
25.4021 36.8778 2.05487 2.03961 4.57971 1.5254 163645 0 1.68714 0.612826 0
-38.9178 22.5268 -0.0641485 1.91239 4.45082 1.53878 142384 0 -1.24355 0.609294 0
20.2816 46.221 1.91982 2.06711 4.74516 1.61673 177201 0 -1.48299 0.606893 0
-12.6147 38.9507 0.920433 2.00372 4.65333 1.51983 166334 0 -1.22291 0.605878 0
22.5393 63.5939 2.42846 2.04971 4.70935 1.68445 202480 0 -1.39081 0.604223 0
24.4766 30.86 1.62239 2.05703 4.62705 1.53497 154750 0 1.70743 0.59643 0
36.3413 20.0624 1.33283 1.93289 4.57238 1.43736 138875 0 -1.43397 0.590928 0
-25.4498 43.3596 1.19332 2.01583 4.56388 1.60662 172846 0 1.91291 0.578284 0
18.4055 -5.36739 0.887363 0.798012 0.892615 1.84383 101847 0 1.85851 0.571921 1
-9.74256 60.2888 1.72546 1.97916 4.56647 1.57164 197699 0 1.64441 0.565073 0
-42.0425 14.5416 -0.315993 2.09462 4.7469 1.59792 130674 0 -1.24114 0.558867 0
16.2849 -4.31313 0.771701 0.866009 0.856798 1.48721 103244 0 -1.05941 0.550689 1
-58.7195 9.72388 -0.620317 2.07088 4.45639 1.7317 123602 0 -1.17896 0.547163 0
-40.1777 19.729 -0.133446 2.04737 4.49571 1.66163 138168 0 -1.2073 0.541801 0
-9.0988 63.1968 1.80205 1.9759 4.44733 1.65766 201913 0 1.64138 0.533638 0
-38.5356 25.1003 0.181144 2.12704 4.70511 1.64997 146129 0 -1.26051 0.530804 0
29.0318 -6.34959 0.704735 0.715547 0.760346 1.33927 100476 0 -1.49017 0.506654 1
3.99868 14.2059 1.18607 2.04123 4.60124 1.51417 130350 0 1.6798 0.501208 0
28.6204 -6.95019 0.754222 0.834665 1.75225 1.74595 99539 0 -1.30467 0.501162 2
26.0727 39.8024 2.18628 2.00997 4.4616 1.54406 167859 0 1.68243 0.495309 0
-18.7203 23.5271 0.6149 1.98895 4.51909 1.49414 143851 0 -1.25125 0.488108 0
19.455 -5.02834 0.790042 0.814126 0.926721 1.61131 102318 0 2.23029 0.481573 1
23.5479 28.0034 1.53643 1.98285 4.60635 1.4667 150535 0 1.68239 0.478945 0
20.0264 46.0063 1.88787 1.84546 4.18973 1.49523 176732 0 -1.46355 0.478059 0
19.5804 -5.02404 0.77952 0.804028 0.910229 1.57918 102319 0 2.56688 0.476244 1
-6.57494 71.7624 2.46705 2.23721 5.05382 1.81192 214557 0 -1.57562 0.46782 0
29.0183 -6.50031 0.673455 0.747911 0.777999 1.3719 100008 0 -1.38249 0.446827 1
3.32135 55.7617 2.10997 2.01075 4.54205 1.47769 191188 0 1.63133 0.435097 0
38.2538 43.6703 2.0068 1.9794 4.36945 1.53519 173513 0 -1.56364 0.426193 0
55.5372 27.0301 1.69333 2.03805 4.56236 1.51741 149231 0 -1.66584 0.423779 0
16.441 -4.52048 0.800335 0.957751 0.917018 1.6348 102777 0 -1.25333 0.421395 1
28.0024 57.1499 2.45599 1.99912 4.38147 1.70275 193137 0 1.62488 0.41954 0
-32.8347 29.9015 0.525959 2.1803 4.75689 1.83925 153167 0 1.94331 0.416049 0
-8.81776 62.9414 1.78387 1.95042 4.43275 1.65334 201446 0 1.63983 0.416042 0
11.0618 39.5977 1.72417 0.873436 0.907513 1.74216 167344 0 3.13767 0.413585 1
25.4399 45.5337 2.31321 2.02309 4.58431 1.6566 176281 0 1.59555 0.407001 0
43.0219 25.1125 1.58583 2.08079 4.77718 1.54118 146384 0 1.71382 0.404838 0
58.7508 5.57891 1.16393 1.79606 4.10796 1.44826 117885 0 1.69552 0.404302 0
18.1369 28.4216 1.52363 1.71097 3.8221 1.4037 150986 0 -1.46855 0.39831 0
28.6948 -7.09334 0.743826 0.80742 1.8275 1.76314 99071 0 -1.30967 0.395644 2
-62.5697 14.2775 -0.565737 1.99149 4.38546 1.58674 130142 0 -1.15106 0.393447 0
-7.82367 71.7768 2.46672 2.12453 4.86902 1.74801 214553 0 1.60164 0.392295 0
-37.9392 60.6239 1.43998 1.97756 4.48127 1.52921 198079 0 1.94348 0.387408 0
23.828 28.2455 1.61036 1.99634 4.59502 1.47093 151004 0 1.66227 0.384233 0
60.336 32.5215 2.00114 1.95233 4.25259 1.51021 157202 0 0.0158193 0.380044 0
7.23169 42.7483 2.0313 2.06763 4.72821 1.61082 172012 0 1.72754 0.37803 0
-54.5443 19.7112 -0.161941 2.11595 4.87234 1.74516 138123 0 -1.27602 0.377885 0
-34.0802 34.6601 0.677699 1.94247 4.42074 1.50586 160183 0 -1.193 0.37538 0
-51.714 24.4449 0.0885782 2.00272 4.49226 1.57245 145152 0 -1.22097 0.375362 0
-21.91 18.7379 0.589319 2.09074 4.7116 1.76646 136821 0 1.2994 0.374962 0
-21.6265 18.7188 0.594246 2.12437 4.77249 1.77496 136822 0 -1.2421 0.37218 0
22.2578 60.5973 2.10513 2.06368 4.6811 1.56063 198267 0 -1.44061 0.369895 0
4.88896 19.9025 1.42997 2.04801 4.97299 1.61793 138777 0 1.65623 0.3697 0
23.816 27.7327 1.56434 2.04591 4.73062 1.45989 150068 0 1.6105 0.369201 0
-18.1122 23.4965 0.630817 1.87995 4.2245 1.48339 143853 0 -1.21567 0.361811 0
8.22829 -2.94243 0.806652 0.730976 0.833535 1.60735 105091 0 1.68456 0.359297 1
-9.46289 60.5524 1.76498 2.00727 4.72375 1.62162 198168 0 1.66864 0.357382 0
46.8526 19.741 1.66771 0.820923 0.827822 1.73842 138440 0 0.9717 0.357053 1
-51.9688 24.1894 0.0542231 2.05337 4.70716 1.60409 144683 0 -1.2207 0.354804 0
11.0518 39.7314 1.75786 0.852008 0.893292 1.74485 167812 0 2.9005 0.353021 1
-8.82114 63.4388 1.8706 2.01209 4.48787 1.67957 202382 0 1.66811 0.351248 0
44.6377 42.7217 2.42621 2.07383 4.63514 1.58178 172129 0 1.75781 0.350744 0
34.7195 46.2757 2.14411 0.77832 0.759479 1.59838 177246 0 3.13306 0.349819 1
37.2436 20.012 1.41764 1.93344 4.57265 1.50631 138878 0 -1.43238 0.349591 0
7.48982 43.0121 2.01154 2.06344 4.62545 1.62769 172481 0 1.70704 0.346784 0
-32.173 42.3981 0.98133 2.07097 4.81698 1.72743 171421 0 -1.20094 0.345804 0
19.4398 -5.15812 0.77382 0.831827 0.909064 1.62941 101850 0 2.62544 0.34421 1
38.5431 43.3802 2.01262 2.07609 4.65294 1.63248 173046 0 -1.50175 0.341748 0
-62.9581 5.61062 -0.453598 0.820424 0.858459 1.733 117505 0 -1.26294 0.341174 1
-18.4217 23.7969 0.636579 1.94704 4.3698 1.48984 144320 0 -1.27264 0.339207 0
-41.5285 14.2684 -0.332102 1.7309 3.71382 1.50078 130208 0 -1.2551 0.338349 0
57.4643 41.159 1.81953 1.99156 4.51555 1.55792 169829 0 -1.55238 0.336718 0
60.309 20.9749 1.49641 2.0503 4.54659 1.52932 140354 0 -1.73858 0.3335 0
-39.455 22.5553 -0.0314794 2.01449 4.48683 1.54917 142382 0 -1.24796 0.333311 0
-42.0769 54.2384 1.06648 2.0532 4.57709 1.66748 188706 0 1.86717 0.332676 0
-35.6871 35.3425 0.844676 2.10197 4.5565 1.63644 161114 0 -1.18371 0.325462 0
54.8491 18.0911 1.62632 2.03628 4.53608 1.54836 136125 0 -1.66361 0.324663 0
55.787 26.7467 1.73585 2.07269 4.72837 1.57144 148764 0 -1.61914 0.321617 0
19.5831 -5.15462 0.749521 0.835276 0.913329 1.60497 101851 0 2.97551 0.320207 1
-7.18539 71.6017 2.47101 1.86146 4.20748 1.63445 214087 0 -1.80637 0.319709 0
-7.19537 71.7596 2.48579 2.09764 4.61577 1.71841 214555 0 -2.33502 0.318856 0
24.4623 28.015 1.6402 2.09515 4.8414 1.49044 150538 0 -1.48244 0.31523 0
25.0852 30.6483 1.66944 2.10573 4.74242 1.52427 154284 0 1.69919 0.314935 0
43.3407 24.8296 1.56311 2.0075 4.60485 1.50367 145917 0 1.65835 0.314825 0
-24.8182 43.0796 1.17255 1.98879 4.40797 1.54748 172380 0 1.793 0.314096 0
41.2101 13.5459 1.39874 1.79375 3.95833 1.44452 129530 0 1.63521 0.311174 0
18.6161 -5.30515 0.868167 0.821103 0.932415 1.82413 101848 0 1.99571 0.310339 1
15.3277 -8.43002 0.820785 0.917652 0.93172 1.64872 97157 0 3.04533 0.304723 1
-22.8607 12.9808 0.0804807 2.10787 4.64822 1.57012 128394 0 -1.27388 0.304656 0
-71.4886 -7.31545 -0.656553 0.818687 0.824695 1.83321 98758 0 -2.56752 0.304582 1
2.71457 50.0783 1.91432 2.05295 4.64498 1.55323 182762 0 -1.57603 0.303526 0
25.1743 39.8406 2.0224 2.09579 4.88662 1.5978 167856 0 1.69587 0.300106 0
-59.3173 9.83318 -0.591022 2.24367 4.89504 1.79571 123600 0 1.29712 0.299966 0
22.0058 63.5922 2.37602 1.7184 3.80764 1.45747 202478 0 -1.40406 0.297774 0
18.6599 -4.93726 0.862616 0.829036 0.8883 1.82042 102316 0 1.91637 0.296598 1
18.4801 -4.63001 0.945405 0.806667 0.859234 1.8488 102783 0 -1.33392 0.29569 1
-19.0091 23.2572 0.633584 1.99593 4.46566 1.52005 143382 0 -1.25104 0.29477 0
-39.9109 19.9423 -0.166989 2.00758 4.35111 1.64473 138637 0 -1.26446 0.294139 0
61.606 31.497 1.78778 2.02487 4.58811 1.59378 155802 0 1.56984 0.293374 0
29.1441 -5.65384 0.833755 0.988675 1.00196 1.68967 101413 0 -1.53435 0.291645 1
-9.17739 60.0553 1.70076 1.91418 4.46022 1.56966 197233 0 1.60394 0.290435 0
38.238 34.1141 1.90594 2.00565 4.47969 1.57268 159473 0 -1.6318 0.289578 0
-22.1909 18.7685 0.588004 2.03794 4.59227 1.77386 136820 0 1.76187 0.288291 0
-40.8156 58.7207 1.20199 2.02904 4.56025 1.60321 195262 0 1.95185 0.287702 0
8.23489 -2.83588 0.845856 0.754225 0.855822 1.6193 105559 0 1.38035 0.283799 1
44.0044 42.9785 2.37526 2.05658 4.57713 1.57356 172595 0 1.89984 0.283448 0
29.1342 -6.48337 0.637735 0.701779 0.703129 1.18677 100009 0 -1.37209 0.28057 1
18.4503 -4.9425 0.930283 0.870679 0.90244 1.87417 102315 0 1.78675 0.27992 1
-62.3026 14.5072 -0.626412 1.80249 4.08438 1.54164 130611 0 -1.09488 0.279527 0
7.21413 43.3063 2.00935 2.04238 4.55114 1.60991 172948 0 1.69269 0.279397 0
11.2535 39.572 1.73728 0.894388 0.98021 1.73865 167345 0 3.08132 0.279316 1
26.038 45.3376 2.28827 1.96369 4.47185 1.59667 175815 0 1.64185 0.279049 0
16.2462 -4.11184 0.712403 0.74833 0.744625 1.36628 103712 0 -0.861979 0.276987 1
-13.5838 36.5215 1.00712 2.29596 5.32906 1.78084 163055 0 -1.19422 0.276919 0
4.24441 68.223 2.94625 2.12593 4.80225 1.69664 209443 0 -1.44525 0.275975 0
61.9345 17.4664 1.68952 2.0149 4.44683 1.55358 135211 0 -1.63394 0.275024 0
-59.3693 10.0028 -0.60689 2.12405 4.74828 1.74321 124068 0 1.87076 0.274897 0
4.25988 67.7779 2.86742 2.04671 4.71303 1.67264 208507 0 -1.37688 0.272287 0
-32.5338 41.7913 0.885529 0.778331 0.860549 1.72005 170484 0 -1.64956 0.271656 1
36.527 17.3271 1.2078 2.04395 4.76401 1.47159 135132 0 -1.42681 0.271066 0
28.8581 -6.94784 0.740108 0.866948 1.78686 1.68339 99540 0 -1.30969 0.270663 2
-41.4413 53.952 1.07495 1.99929 4.45516 1.65098 188240 0 1.82215 0.269485 0
0.0541306 23.2819 1.36748 1.62189 3.55776 1.35038 143442 0 1.64654 0.268804 0
38.2773 43.0972 2.00371 2.03841 4.47964 1.57588 172577 0 -1.43203 0.265531 0
21.7011 57.5109 2.21205 1.75682 3.86268 1.4788 193585 0 -1.38492 0.26519 0
46.8506 19.9004 1.66988 0.780716 0.788618 1.73814 138908 0 0.980622 0.264315 1
40.8612 10.6181 1.29964 1.95214 4.56916 1.53962 125317 0 1.78819 0.264293 0
19.0567 -4.9996 0.822296 0.791386 0.885847 1.68969 102317 0 2.03487 0.264066 1
-21.8928 18.4918 0.573286 2.08685 4.59807 1.7911 136353 0 0.967349 0.264027 0
-31.8394 43.3654 1.15588 1.92146 4.15083 1.58703 172826 0 -2.26623 0.263338 0
28.9121 57.0992 2.51542 2.06451 4.54872 1.72057 193140 0 1.58788 0.263164 0
-32.1886 42.6743 1.02597 2.08653 4.74655 1.72205 171889 0 -1.54311 0.26302 0
5.28876 20.6189 1.5293 0.852858 0.972364 1.62694 139714 0 1.0095 0.262317 1
60.0073 20.6817 1.50655 1.93435 4.26972 1.49241 139885 0 1.66533 0.262233 0
37.9561 43.9193 2.0069 1.92258 4.21162 1.46901 173980 0 -1.63055 0.262208 0
54.6169 18.3554 1.6336 1.94411 4.24682 1.52275 136592 0 -1.75691 0.261815 0
-33.1746 42.0753 0.79555 0.735202 0.857629 1.68431 170950 0 -2.21015 0.261586 1
-54.5468 19.4308 -0.215466 2.0075 4.6395 1.70819 137655 0 -1.51574 0.25871 0
-20.9724 18.7051 0.566439 2.17474 4.78344 1.8255 136824 0 -1.30023 0.258589 0
7.5062 42.4256 2.03039 2.08693 4.71558 1.65923 171545 0 1.72553 0.257576 0
8.48014 58.4185 2.31341 1.98176 4.46915 1.5349 194948 0 1.6099 0.257004 0
-63.0948 5.60005 -0.456808 0.858488 0.923574 1.74698 117504 0 -1.26485 0.256843 1
58.087 44.0431 2.03313 2.01762 4.55083 1.68657 174043 0 -1.52362 0.256769 0
54.5975 17.8322 1.60789 1.90218 4.16517 1.4756 135656 0 -1.52943 0.256068 0
55.2341 27.3255 1.66457 2.0351 4.58375 1.51431 149698 0 -1.69501 0.255949 0
1.19477 44.3853 2.02488 2.47497 6.27298 2.08888 174333 0 -1.46684 0.25494 0
23.5365 27.415 1.565 1.96231 4.51868 1.45514 149599 0 1.63585 0.254761 0
43.9909 33.7391 1.87044 2.04339 4.58977 1.5445 159023 0 1.6777 0.254303 0
36.3591 19.7521 1.3018 1.79648 4.3138 1.39963 138407 0 -1.46117 0.252563 0
-34.6691 34.7883 0.729998 2.01604 4.48803 1.50695 160181 0 -0.898609 0.252522 0
-69.5668 23.2743 -0.787826 0.753784 1.83466 1.80124 143224 0 -0.395695 0.252278 2
57.1719 41.4328 1.79921 1.8051 4.06206 1.46805 170296 0 -1.6135 0.252077 0
31.9601 10.2604 1.23873 0.813085 0.996571 1.7659 124821 0 -0.0473402 0.250825 1
7.17841 31.5468 1.83712 2.22835 5.07458 1.97889 155632 0 -1.15783 0.25032 0
-71.5182 22.8755 -0.327688 2.0386 4.5789 1.63815 142750 0 -1.9631 0.24988 0
26.6917 39.6068 2.25691 1.99969 4.46731 1.56853 167393 0 1.7035 0.249708 0
3.05843 68.2271 2.81974 2.07541 4.64442 1.64643 209439 0 -1.43037 0.248917 0
-31.2655 28.337 0.40533 0.812242 0.790405 1.77054 150832 0 -1.80571 0.247952 1
-48.1733 50.7188 0.827151 1.98092 4.40216 1.5796 183539 0 -0.798948 0.245943 0
43.6984 42.7728 2.28664 2.01119 4.51669 1.57324 172126 0 1.69666 0.245695 0
28.319 56.8908 2.47683 1.99752 4.40189 1.68339 192670 0 1.57159 0.244724 0
24.8397 45.3486 2.25311 1.84534 4.32454 1.56522 175811 0 1.61168 0.244582 0
-31.8553 43.0548 1.10646 1.93611 4.25613 1.61886 172358 0 -2.02437 0.244483 0
57.4442 41.7179 1.84884 2.0486 4.58258 1.60239 170765 0 -1.68425 0.244217 0
15.6989 -8.44379 0.874342 0.920228 0.9468 1.74399 97159 0 -3.01707 0.243745 1
44.3066 33.462 1.86932 2.02824 4.5323 1.53883 158556 0 1.70218 0.243667 0
15.7706 -3.56509 0.764891 0.799581 0.840595 1.62304 104179 0 -0.0763889 0.243502 1
-39.4925 25.3824 0.214547 2.06611 4.49026 1.55206 146594 0 -1.29289 0.242149 0
43.3436 25.3672 1.74862 2.02048 4.59225 1.56329 146853 0 1.68123 0.241198 0
26.3599 45.5658 2.3155 1.99573 4.47457 1.62743 176284 0 1.58953 0.240623 0
-52.2789 23.8492 0.0386881 2.14054 4.96414 1.67279 144214 0 -1.23516 0.240574 0
-9.12598 62.6361 1.75247 1.96647 4.37839 1.60576 200977 0 1.64653 0.240415 0
-36.9453 28.9452 0.12876 1.91016 4.35581 1.51796 151750 0 -1.20556 0.240252 0
24.7652 31.0992 1.66437 2.14547 4.87972 1.54903 155219 0 1.71328 0.239929 0
-8.2204 63.1946 1.79961 2.00715 4.58834 1.66284 201916 0 1.66201 0.238578 0
-20.3352 18.4184 0.534271 2.15225 4.79188 1.80271 136358 0 -1.2994 0.23681 0
56.2456 32.2589 1.99967 2.07028 4.85584 1.70582 156721 0 -1.54072 0.236096 0
0.474564 28.9836 1.41458 2.12129 4.88567 1.59455 151867 0 -1.45315 0.235753 0
68.3784 31.8191 2.1167 1.98749 4.35205 1.63092 156291 0 -0.0736792 0.235416 0
-63.9132 8.21294 -0.681899 1.73184 3.49391 1.597 121246 0 2.01876 0.23516 0
56.7981 44.293 2.0636 2.11658 4.69003 1.73379 174507 0 1.58069 0.235137 0
60.6709 26.3645 1.95579 1.99028 4.53797 1.58065 148311 0 -1.79355 0.233285 0
46.6627 19.7395 1.67298 0.794628 0.82231 1.72707 138439 0 0.76183 0.233169 1
61.6453 17.7489 1.66376 1.95128 4.30982 1.50316 135678 0 -1.70494 0.23095 0
55.5495 26.4589 1.67684 1.99904 4.47359 1.53956 148295 0 -1.57854 0.23047 0
8.35026 -2.94957 0.848133 0.743755 0.8671 1.63035 105092 0 1.26129 0.229046 1
-41.1051 58.4446 1.275 2.07396 4.67056 1.62581 194793 0 1.88347 0.228609 0
18.4465 -3.88369 0.792305 0.767685 0.843801 1.66744 103719 0 -1.41103 0.228588 1
19.1399 40.3869 2.02731 1.86692 4.01145 1.83897 168773 0 -1.45613 0.228252 0
37.6256 43.4064 1.94918 2.00326 4.42576 1.4873 173043 0 -1.4768 0.227581 0
37.9897 37.0859 2.01236 1.79462 3.90552 1.49738 163684 0 -1.47008 0.227046 0
43.9706 25.1107 1.73412 2.0875 4.69028 1.59695 146387 0 1.67598 0.226493 0
58.0139 41.1524 1.91544 2.34312 5.48926 1.84333 169831 0 -1.56582 0.225412 0
42.4258 25.3789 1.58652 2.03421 4.71263 1.59976 146850 0 1.74306 0.224978 0
-36.6586 28.6367 0.119388 1.95129 4.40092 1.52676 151283 0 -1.23962 0.224668 0
-71.2314 22.5563 -0.299045 1.96848 4.38641 1.5841 142283 0 -2.25634 0.223926 0
44.046 42.1209 2.21024 0.870366 0.936642 1.66675 171191 0 1.28482 0.223521 1
-20.6562 65.3999 1.54259 2.10795 4.73187 1.61993 205153 0 0.097291 0.223471 0
3.76606 65.0143 2.58021 2.39049 5.77185 1.87677 204761 0 -1.43902 0.223332 0
-41.1535 54.1801 1.14972 2.13319 4.83747 1.67541 188709 0 1.80147 0.223277 0
61.3146 31.2437 1.73797 1.77328 3.94817 1.46911 155333 0 1.63764 0.222559 0
43.6679 24.8161 1.62069 2.07915 4.74218 1.54298 145918 0 0.243047 0.221898 0
-12.0953 38.8244 0.955424 1.73978 3.90197 1.44701 166336 0 -1.18385 0.22179 0
23.9131 31.1123 1.60973 2.0486 4.63135 1.55912 155216 0 1.72191 0.220653 0
-19.3247 23.7875 0.60783 2.05026 4.50427 1.54952 144317 0 -1.29592 0.220338 0
2.41226 49.8079 1.91361 2.05952 4.65417 1.57123 182293 0 -1.55721 0.220259 0
6.83938 31.7374 1.83351 2.43921 5.57943 2.06335 156099 0 1.60256 0.219393 0
23.5709 -8.03658 0.833886 0.912892 1.01874 1.75912 97651 0 1.68485 0.219178 1
39.5109 49.4105 1.7588 1.97373 4.45058 1.52793 181941 0 -1.52448 0.219171 0
61.9271 18.04 1.75859 2.03521 4.49645 1.55898 136147 0 -1.74624 0.219165 0
5.30489 49.476 2.11357 2.03836 4.65349 1.64815 181834 0 -1.49339 0.218657 0
8.17668 58.6903 2.32474 1.95563 4.41831 1.51152 195415 0 1.61504 0.218291 0
22.8043 60.3527 2.14139 2.10609 4.73283 1.62602 197801 0 -1.3816 0.216974 0
-35.7908 13.5391 -0.313258 1.71397 3.51614 1.38743 129290 0 1.9141 0.21695 0
-54.8403 19.4173 -0.195823 2.03892 4.65426 1.72985 137654 0 -1.91 0.216929 0
7.22847 42.097 1.99819 2.07942 4.68349 1.62712 171076 0 1.68174 0.216836 0
59.7424 20.9272 1.44815 1.8315 4.03226 1.46028 140352 0 -1.65789 0.216669 0
37.6494 37.4945 2.04368 1.97302 4.37748 1.52276 164619 0 -1.49817 0.216452 0
9.43994 58.3808 2.30036 2.06702 4.59187 1.6338 194951 0 1.62538 0.216319 0
-43.5871 9.2382 -0.442349 2.22098 4.93965 1.64973 122713 0 -1.27117 0.215956 0
26.3911 40.0583 2.25736 1.94412 4.2785 1.54541 168328 0 1.63638 0.214816 0
-31.197 29.2327 0.336643 2.05611 4.63761 1.77171 152236 0 -1.56989 0.214197 0
59.0219 5.80942 1.15602 1.94876 4.64742 1.50312 118354 0 1.66892 0.214168 0
34.7089 46.4318 2.15063 0.810099 0.831977 1.64699 177714 0 3.09509 0.213883 1
-33.4021 30.1642 0.510062 2.49039 5.95602 2.01877 153633 0 1.95272 0.213815 0
17.0991 -9.79392 0.818431 0.76315 0.787797 1.53008 95291 0 -3.0266 0.213781 1
-58.9726 9.5473 -0.565702 2.32914 4.93156 1.84038 123133 0 -0.149013 0.213443 0
60.0445 21.2223 1.48077 1.92254 4.24411 1.48314 140821 0 -1.68966 0.213231 0
-15.8238 31.3987 0.940253 2.12648 4.85708 1.56014 155560 0 -1.21675 0.212754 0
22.2365 57.9686 2.34201 2.10983 4.75645 1.70222 194523 0 -1.45051 0.21258 0
-18.0753 22.9475 0.710346 1.94459 4.37844 1.5126 142917 0 -1.20484 0.212466 0
59.9886 26.3798 1.85386 2.02473 4.68952 1.524 148309 0 1.81452 0.2123 0
43.0543 24.5328 1.46589 1.9511 4.51779 1.46687 145448 0 1.67881 0.211867 0
-69.6066 23.4268 -0.702637 0.759444 1.79915 1.75108 143692 0 -2.90774 0.211747 2
-37.252 28.6506 0.17846 1.9765 4.40015 1.56315 151281 0 -1.22751 0.211541 0
22.2894 63.3104 2.3479 1.82049 4.15363 1.54667 202011 0 -1.35529 0.211495 0
-36.6327 29.2851 0.0746229 1.84033 4.1161 1.49476 152219 0 -1.22734 0.211494 0
-21.7143 15.5808 0.468969 1.78152 3.89512 1.72917 132142 0 1.82381 0.211391 0
41.7393 13.8136 1.34399 2.1147 5.0221 1.64117 130000 0 1.55389 0.21122 0
16.4132 -4.10897 0.764762 0.857712 0.86863 1.57879 103713 0 -1.21146 0.211003 1
-37.3046 60.3234 1.42036 1.9283 4.3294 1.48703 197613 0 -1.45404 0.210291 0
68.3504 32.805 2.06489 2.07926 4.60987 1.59326 157695 0 -0.0633656 0.210234 0
-62.8658 14.8058 -0.594666 2.17213 5.00709 1.70198 131077 0 -1.12524 0.20996 0
3.66138 50.0817 1.93507 1.99994 4.48821 1.54723 182765 0 -1.52983 0.209786 0
60.3274 26.3714 1.90837 2.04984 4.75418 1.55864 148310 0 -2.29073 0.209442 0
40.1447 49.1438 1.79385 1.90956 4.27517 1.48238 181475 0 -1.47345 0.20835 0
-48.1836 51.0106 0.878698 2.14435 4.85012 1.67208 184007 0 -0.571397 0.208006 0
10.8246 39.5759 1.73915 0.888424 0.980289 1.75048 167343 0 -3.08547 0.207922 1
41.5132 13.0813 1.40817 2.02775 4.54067 1.56254 128595 0 1.78342 0.207549 0
60.9561 26.1389 1.97678 1.97296 4.47152 1.61074 147844 0 -1.55036 0.207449 0
23.2029 66.4274 2.36987 2.06244 4.73475 1.74723 206694 0 -1.45138 0.20702 0
-38.5018 60.9325 1.4313 2.25147 5.28588 1.79131 198545 0 1.94573 0.205953 0
29.8694 -6.90173 0.681226 0.780838 0.834564 1.42142 99543 0 1.44606 0.205566 1
-34.4371 34.9373 0.725077 1.99328 4.43446 1.51745 160650 0 -1.3946 0.205355 0
-9.44103 59.7524 1.69113 1.81827 4.15766 1.55576 196764 0 1.65584 0.204912 0
42.351 19.1267 1.46418 2.00981 4.60612 1.56233 137490 0 1.65343 0.203617 0
-48.1622 50.4364 0.798997 1.88212 4.1772 1.51032 183071 0 -1.04534 0.203106 0
0.468498 38.2495 1.81108 2.1769 4.92822 1.73732 165439 0 -1.49718 0.203097 0
-71.5411 23.4988 -0.365216 2.01007 4.47543 1.62192 143686 0 -1.4588 0.202651 0
-42.6612 54.2617 1.06413 2.19419 5.07027 1.74941 188704 0 1.87999 0.202574 0
7.50565 41.7741 1.9897 2.10488 4.66111 1.67023 170609 0 1.65986 0.202289 0
-53.9559 19.4233 -0.283934 1.99715 4.53638 1.67864 137657 0 -1.19415 0.20202 0
-31.4163 28.3175 0.426226 0.86103 0.857363 1.754 150831 0 -1.39289 0.201257 1
-36.3473 29.5816 0.114463 1.84167 4.16068 1.49021 152688 0 -1.24162 0.200977 0
11.2626 39.7513 1.76633 0.923018 1.04636 1.75598 167813 0 3.02268 0.200662 1
54.3255 18.0733 1.61083 1.7855 3.82831 1.40924 136123 0 -1.68303 0.200553 0
25.1146 66.0812 2.55842 2.07469 4.63061 1.71235 206232 0 -1.42023 0.200125 0
-20.9502 65.1785 1.46521 1.96649 4.33583 1.51801 204684 0 0.0556021 0.200111 0
-36.3444 28.9575 0.0952543 1.8922 4.30541 1.52611 151752 0 -1.27465 0.199469 0
22.5657 66.7203 2.51239 2.14856 4.83659 1.76998 207160 0 -1.50241 0.199048 0
45.2561 42.4422 2.44379 2.05686 4.55908 1.61829 171663 0 1.79452 0.198703 0
21.9768 57.2337 2.21001 1.78692 4.07055 1.5264 193118 0 -1.34145 0.197686 0
-40.5223 58.9886 1.18857 2.04151 4.49943 1.61329 195731 0 2.0076 0.196936 0
4.57792 13.9453 1.17946 2.0701 4.67174 1.56896 129884 0 1.68099 0.196722 0
-56.6744 17.1785 -0.462292 2.12304 5.0242 1.66931 134372 0 -1.40329 0.196603 0
-29.176 35.3366 0.725542 2.18689 5.16656 1.67098 161134 0 1.95947 0.195401 0
19.0585 -5.2252 0.825488 0.80483 0.890414 1.7034 101849 0 2.24289 0.195341 1
-21.2728 65.4141 1.52118 2.05368 4.61209 1.59253 205151 0 -0.0710791 0.195171 0
-20.3593 65.1588 1.51952 2.02801 4.51897 1.55749 204686 0 0.022301 0.19485 0
24.7854 27.7388 1.64457 2.01837 4.62029 1.48081 150071 0 -1.46647 0.194402 0
0.156326 35.3523 1.68243 2.21442 5.08758 1.77484 161226 0 -1.46953 0.194396 0
-41.8019 54.486 1.1635 2.078 4.61019 1.67115 189175 0 1.91516 0.1938 0
-40.8076 53.6395 1.06534 2.07783 4.89322 1.76158 187774 0 1.82577 0.192743 0
4.86163 64.5732 2.63975 1.80364 4.03924 1.51337 203829 0 -1.47205 0.191473 0
-32.7137 41.7791 0.876843 0.775393 0.841931 1.7399 170483 0 -2.32106 0.191323 1
57.7345 40.8567 1.8604 2.19388 5.07284 1.7117 169362 0 -1.48836 0.191217 0
-70.9145 22.2317 -0.27908 1.94841 4.29649 1.57368 141816 0 -2.62951 0.191207 0
-32.7455 42.4436 0.89892 2.03451 4.7028 1.73328 171419 0 -1.42967 0.190526 0
23.4993 66.6904 2.40779 2.08247 4.66198 1.7339 207163 0 -1.42694 0.190454 0
1.75021 50.0512 1.95984 2.02772 4.59318 1.61555 182759 0 1.56866 0.190214 0
42.0717 16.2 1.28755 2.02635 4.57293 1.55145 133277 0 1.7265 0.190054 0
37.3029 43.6629 1.9114 1.97186 4.43158 1.4665 173510 0 -1.56436 0.189071 0
3.03275 50.3198 1.97478 2.03323 4.70048 1.55388 183231 0 -1.5623 0.189046 0
-39.5234 58.4123 1.03322 2.04031 4.57828 1.57778 194798 0 1.87244 0.188849 0
19.4436 43.3181 1.93312 2.03424 4.44317 1.65654 172986 0 -1.51229 0.188828 0
-41.1756 17.3217 -0.265561 2.11002 4.67329 1.64125 134889 0 -1.21192 0.188655 0
24.8072 66.3661 2.53872 2.06541 4.55326 1.69264 206699 0 -1.43372 0.188209 0
-58.1743 9.66438 -0.690018 1.9487 4.27776 1.67264 123604 0 -1.14298 0.188121 0
-56.8896 14.7517 -0.630807 1.89827 4.11382 1.57511 131096 0 2.1016 0.187928 0
-40.5056 53.8757 1.11225 2.07247 4.70727 1.76352 188243 0 1.78174 0.187497 0
4.997 49.7447 2.12684 2.08543 4.80484 1.64111 182301 0 -1.4773 0.187263 0
3.96918 55.5644 2.11686 1.85751 4.15765 1.45613 190722 0 -1.53754 0.186924 0
4.93701 19.0856 1.47485 0.822224 0.96706 1.68948 137373 0 1.50447 0.186663 1
-32.4707 42.079 0.881065 1.62414 3.10056 1.75085 170952 0 -1.47728 0.185593 0
-71.7694 23.1895 -0.35001 2.15147 4.87099 1.75171 143217 0 -1.71645 0.185228 0
-56.5854 14.256 -0.559265 1.59605 3.31087 1.43996 130161 0 2.03108 0.184459 0
37.6704 34.1351 1.8477 2.01597 4.62483 1.59205 159471 0 1.67152 0.184106 0
43.0697 43.0469 2.34757 1.98412 4.41095 1.56076 172592 0 1.71868 0.184063 0
36.3186 46.8757 2.41012 1.96982 4.35716 1.56495 178187 0 -1.47214 0.184001 0
-8.87175 60.286 1.74057 1.92992 4.49952 1.60426 197702 0 -1.43879 0.183646 0
44.9623 33.1535 1.89831 2.01711 4.51946 1.59456 158090 0 1.69925 0.183295 0
8.81355 40.1517 1.88869 2.21312 5.07447 1.85943 168273 0 1.58845 0.183183 0
-16.519 57.742 1.72768 2.4083 5.85187 1.91291 193934 0 0.30968 0.183088 0
-18.6621 26.152 1.04982 2.01281 4.36243 1.7521 147595 0 -1.24166 0.18263 0
-41.7516 14.0251 -0.365944 1.8384 4.0339 1.56157 129739 0 -1.26325 0.182411 0
58.3972 46.8804 2.16774 2.00832 4.55762 1.67367 178256 0 -1.4369 0.182339 0
-33.0129 24.1173 0.325644 2.26032 5.40091 1.86412 144742 0 1.8213 0.182007 0
22.5385 60.8788 2.18267 2.16922 4.8981 1.64808 198736 0 -1.47716 0.181982 0
54.9203 26.7546 1.61446 2.01965 4.58379 1.5002 148761 0 -1.57555 0.181863 0
-62.2924 14.8251 -0.642398 1.85676 4.23851 1.55287 131079 0 -1.12091 0.181728 0
7.20632 41.4606 1.95559 2.08717 4.61248 1.64899 170140 0 1.7045 0.181385 0
-40.4197 19.4644 -0.114206 2.0923 4.59111 1.66869 137699 0 -1.20613 0.181155 0
-21.6477 4.91775 0.17742 0.873811 1.00555 1.65144 116698 0 -1.55825 0.181073 1
-55.1439 19.7036 -0.14097 2.28387 5.32895 1.84995 138121 0 -1.32714 0.180991 0
3.36402 55.3044 2.11102 1.79247 4.11198 1.4164 190252 0 1.57201 0.180445 0
-32.1114 43.6586 1.21453 2.00321 4.38016 1.59478 173293 0 -2.56598 0.180399 0
45.5872 42.6956 2.59898 2.05485 4.46126 1.64216 172132 0 1.65019 0.180236 0
-21.5757 65.4156 1.52449 2.06807 4.62971 1.61132 205150 0 -2.79179 0.180139 0
45.9021 42.4028 2.62829 2.10443 4.6413 1.67968 171665 0 1.74573 0.179744 0
-33.3447 42.0671 0.787812 0.709469 0.756062 1.66042 170949 0 -2.46946 0.179625 1
15.5089 -8.68942 0.839689 0.957222 1.08454 1.70854 96690 0 -3.08188 0.179592 1
21.2714 51.6662 2.00044 2.11948 4.79832 1.66467 185160 0 -1.44427 0.178275 0
-12.7797 17.4395 0.754398 1.63997 3.19345 1.39224 134978 0 1.74176 0.178094 0
-39.5837 19.3849 -0.220115 1.92681 4.43419 1.60461 137702 0 -1.18943 0.177886 0
23.4665 21.7138 1.59257 1.89647 4.32086 1.6547 141175 0 1.63494 0.177796 0
62.1964 17.1666 1.79732 2.1352 4.74428 1.63993 134744 0 -1.40001 0.177757 0
-36.9392 29.5936 0.143639 1.88766 4.21868 1.49753 152686 0 -1.22474 0.177729 0
60.5762 32.2164 2.0409 1.84478 3.93874 1.47588 156735 0 0.222436 0.177423 0
19.7444 46.451 1.90735 1.898 4.21729 1.52084 177667 0 -1.54272 0.17707 0
9.73472 58.1125 2.29684 2.09805 4.63559 1.66675 194484 0 1.67766 0.176616 0
59.6953 20.3564 1.47021 1.90274 4.25064 1.49537 139416 0 1.55136 0.176532 0
3.05475 56.0518 2.15199 2.21253 5.13068 1.61159 191655 0 1.66326 0.176121 0
59.2957 5.37047 1.14323 1.95178 4.62684 1.53732 117419 0 1.67828 0.175753 0
58.7194 46.5855 2.14128 2.05721 4.609 1.70546 177789 0 -1.34665 0.175719 0
46.6535 19.912 1.69189 0.777119 0.796058 1.72646 138907 0 0.881763 0.175679 1
-40.1759 58.44 1.14861 1.99763 4.41124 1.58722 194796 0 1.87516 0.175359 0
2.80138 55.609 2.06854 2.20008 5.23327 1.6488 190718 0 1.56793 0.175293 0
-7.17358 -16.8393 0.199233 0.805033 0.825681 1.7026 84919 0 0.0346575 0.175269 1
10.8167 39.768 1.78646 0.873608 0.978898 1.75327 167811 0 2.58084 0.175165 1
43.6817 24.5071 1.53809 2.01651 4.63109 1.51868 145450 0 -1.38208 0.175091 0
-51.4005 23.8991 0.0660051 1.90097 4.21838 1.54646 144217 0 -1.25822 0.174934 0
-71.5213 23.8069 -0.386489 2.05158 4.56793 1.63787 144154 0 -1.2344 0.174933 0
22.5387 64.0491 2.55141 2.18452 4.97699 1.79351 203416 0 -1.47661 0.174039 0
0.178612 37.9453 1.6901 2.20621 5.07021 1.78164 164970 0 -1.5158 0.173942 0
1.45373 49.7998 1.91559 2.04938 4.63988 1.62498 182290 0 1.56427 0.17392 0
34.5195 46.2822 2.16021 0.805825 0.773841 1.6578 177245 0 3.13625 0.173787 1
18.2008 -5.34991 0.856974 0.750001 0.818604 1.75616 101846 0 1.93567 0.17374 1
20.3024 45.7049 1.88493 1.97486 4.50414 1.59821 176265 0 -1.40054 0.17364 0
22.7787 54.4807 2.15112 2.27218 5.18786 1.87862 189377 0 -1.44307 0.173409 0
38.6102 33.8537 1.8921 1.90283 4.21011 1.58442 159006 0 -1.46594 0.173315 0
44.9204 42.9564 2.50756 2.02574 4.39773 1.58343 172598 0 1.6266 0.172828 0
53.6542 8.91209 1.30491 1.75712 3.88101 1.62415 122549 0 -1.47 0.172672 0
22.5523 60.1039 2.12071 2.06484 4.66229 1.61794 197332 0 -1.34862 0.17253 0
17.8754 28.625 1.54254 1.59608 3.28771 1.36723 151453 0 -1.51281 0.172326 0
23.0993 63.7765 2.55263 2.39402 5.71292 1.98357 202950 0 -1.41571 0.172155 0
18.202 -5.51272 0.868311 0.762456 0.837203 1.76528 101378 0 2.00186 0.172117 1
-71.2731 23.1679 -0.326575 1.83652 4.00197 1.53614 143219 0 -1.76539 0.171947 0
-61.9128 15.8187 -0.572808 2.11972 4.79796 1.68886 132484 0 -1.17048 0.171922 0
60.5862 20.697 1.59762 2.17784 4.82501 1.59343 139887 0 -1.68163 0.171714 0
-36.6482 29.9056 0.149125 1.93041 4.29047 1.50929 153155 0 -1.23441 0.17169 0
39.52 52.3309 1.85638 1.94189 4.45044 1.5584 186153 0 -1.42072 0.171572 0
-41.6616 17.1161 -0.243025 2.1704 4.97075 1.62636 134419 0 -1.24439 0.171382 0
-12.9385 39.4101 0.938746 2.2674 5.40287 1.68177 167269 0 -1.17521 0.171122 0
3.35157 49.8065 1.83643 1.99892 4.64593 1.53271 182296 0 -1.53425 0.170835 0
-51.2844 30.2263 0.180842 2.4401 6.06937 1.96073 153577 0 -1.14821 0.170647 0
23.9151 30.6542 1.64454 1.99463 4.50779 1.54239 154280 0 1.67882 0.170323 0
4.27299 14.4526 1.18947 2.02206 4.61535 1.52805 130819 0 1.65224 0.170236 0
61.6357 17.1632 1.65679 1.95893 4.31106 1.51455 134742 0 -1.58339 0.170033 0
8.80145 58.14 2.30969 2.00832 4.52459 1.56561 194481 0 1.64694 0.169925 0
40.1611 52.0126 1.99379 1.92063 4.25847 1.54029 185687 0 -1.32073 0.169811 0
-19.6305 23.5473 0.660794 2.09209 4.62857 1.5689 143848 0 -1.27912 0.1698 0
44.3104 42.4427 2.29022 1.92211 3.74074 1.63481 171660 0 1.67894 0.16963 0
-52.28 24.7376 0.0512155 2.26903 5.39274 1.78208 145618 0 -1.20859 0.169437 0
44.9454 33.7328 1.98888 2.00561 4.44817 1.59277 159026 0 1.6489 0.169299 0
17.1436 -10.0133 0.78312 0.772488 0.78432 1.48411 94823 0 -3.12276 0.168714 1
57.3763 32.2285 1.88147 1.92233 4.39669 1.54248 156725 0 -1.47927 0.168623 0
35.7188 20.2687 1.43638 1.91416 4.34503 1.48558 139341 0 -1.4308 0.168557 0
8.36093 -2.82159 0.869035 0.763649 0.903524 1.62677 105560 0 1.07576 0.16839 1
0.464775 35.0316 1.73355 2.14972 4.87708 1.68687 160759 0 -1.47722 0.168243 0
61.2437 26.3978 1.99254 2.02863 4.64543 1.66859 148313 0 1.68511 0.168047 0
68.5936 33.4419 2.25628 2.0789 4.59853 1.62439 158632 0 0.0704505 0.167992 0
21.6589 54.4956 2.19166 2.198 4.95026 1.72065 189373 0 -1.43848 0.16749 0
-63.118 14.2833 -0.557216 2.26268 5.17305 1.75059 130140 0 -1.24236 0.167154 0
-22.2053 18.4474 0.575526 1.80513 3.55228 1.7739 136352 0 1.72124 0.167084 0
9.0946 40.4688 1.90544 2.16926 4.9883 1.83563 168742 0 1.65758 0.16655 0
-20.6342 23.8591 0.75379 2.08722 4.58264 1.56545 144313 0 1.86948 0.166541 0
40.4002 4.62222 1.13521 0.788658 0.873044 1.74831 116424 0 0.795575 0.16619 1
38.7871 37.5048 2.00586 2.18913 5.0029 1.68392 164623 0 -1.52589 0.165357 0
18.4629 -4.40897 0.915398 0.789839 0.86914 1.79012 103251 0 -1.45361 0.164611 1
-10.4634 -15.1665 0.24577 0.807042 0.8687 1.58321 87249 0 1.34569 0.164285 1
0.169388 34.7339 1.74213 2.17422 4.89613 1.70833 160290 0 -1.47264 0.164045 0
36.6192 46.6015 2.36624 2.03083 4.59153 1.61648 177720 0 -1.46009 0.163904 0
28.6652 -6.62373 0.767206 0.8766 1.2969 1.6377 100007 0 -1.41823 0.163769 1
17.6401 25.6484 1.3858 2.12661 5.26418 1.59182 147241 0 -1.47941 0.163708 0
59.6843 26.1494 1.78487 1.98495 4.52039 1.49726 147840 0 1.55743 0.163655 0
