-15.1403 8.74876 0.678558 2.01927 4.5468 1.52604 122334 0 1.6574 0.92228 0
23.448 14.5348 1.32027 2.23391 4.95816 1.74896 130879 0 1.64667 0.917506 0
-35.7176 -3.93073 -0.675804 2.10548 4.56625 1.5995 103550 0 -1.50987 0.915887 0
23.1566 10.8425 1.12333 2.13893 4.93026 1.5732 125262 0 1.66959 0.91238 0
2.71268 11.0957 1.21077 2.11822 4.93661 1.80391 125666 0 1.68133 0.911665 0
-32.7452 -10.0016 -0.824434 2.26992 5.07631 1.98451 94667 0 0.0563852 0.91125 0
35.3832 7.94669 1.24959 1.92131 4.3712 1.68764 121088 0 -1.40331 0.90625 0
15.4456 12.2175 1.29756 2.29504 5.26565 1.92579 127578 0 -1.51952 0.905393 0
63.5775 -0.857254 1.17258 1.96479 4.43716 1.6008 108540 0 -0.0678359 0.903859 0
4.6196 22.8407 1.51341 2.10342 4.86177 1.76959 142988 0 -1.47159 0.890622 0
-1.4409 14.6704 1.05296 2.059 4.78726 1.51185 130801 0 -1.45817 0.882581 0
35.6644 10.8239 1.19613 1.83692 4.35263 1.44625 125301 0 1.67893 0.875139 0
52.9292 6.35683 1.14563 2.03732 4.69979 1.6011 118803 0 -1.47483 0.871972 0
19.3613 40.4752 2.02778 2.21105 5.16336 1.91836 168774 0 -1.48292 0.868964 0
-38.2531 7.54223 -0.315555 1.78791 3.77561 1.47874 120390 0 1.91337 0.868769 0
52.9945 3.47646 1.23443 2.11658 4.84524 1.80556 114591 0 -1.42304 0.86623 0
-14.8865 33.399 1.12371 2.25846 5.27255 1.94768 158371 0 -1.16262 0.865169 0
3.94563 17.0476 1.38479 2.12705 4.9652 1.79032 134562 0 1.66241 0.864589 0
-0.284729 26.35 1.5806 2.17002 5.07824 1.81303 148121 0 -1.48913 0.864195 0
16.4334 18.7489 1.28851 2.00024 4.62821 1.48834 136941 0 -1.57218 0.863603 0
-2.11476 11.4866 0.978973 2.0154 4.66474 1.50144 126119 0 -1.42145 0.861209 0
-23.8758 10.3073 -0.0866286 2.01432 4.47507 1.50887 124647 0 -1.28546 0.857399 0
48.1018 -8.90161 1.5252 2.86621 7.60885 3.0617 96792 0 1.64703 0.855601 0
-41.0258 -9.43227 -0.955271 2.14194 4.74952 1.79369 95577 0 0.087366 0.851448 0
16.8479 21.696 1.47107 1.92554 4.35211 1.73137 141154 0 -1.47641 0.848869 0
-14.3473 12.2236 0.837701 2.04211 4.46801 1.74983 127485 0 1.74748 0.845671 0
40.7162 7.4231 1.16821 1.99675 4.57492 1.49675 120637 0 1.71247 0.843927 0
41.1693 13.5792 1.40482 1.97131 4.52692 1.48368 129530 0 1.73454 0.843636 0
-15.8809 30.9015 0.909434 2.02971 4.57518 1.50056 154624 0 -1.2658 0.841822 0
41.1344 10.4447 1.35089 2.08028 4.75246 1.5923 124850 0 1.70226 0.839761 0
18.0409 28.6284 1.49393 1.99292 4.66053 1.47045 151454 0 -1.48132 0.839625 0
-35.3618 16.2351 -0.137454 2.03407 4.50427 1.65924 133035 0 1.93103 0.838375 0
31.7301 10.1129 1.22038 0.84951 1.00068 1.74482 124353 0 -0.0397357 0.835178 1
19.6613 37.3881 1.82985 2.04354 4.80873 1.71337 164095 0 -1.45528 0.83509 0
-1.69223 17.6741 1.12692 2.08886 4.98664 1.50958 135480 0 -1.4326 0.834589 0
-1.39596 20.4438 1.19927 2.01453 4.96897 1.49349 139225 0 -1.49522 0.833527 0
15.4549 15.284 1.36022 2.1535 4.94504 1.84478 131790 0 -1.47022 0.831859 0
-13.6107 14.6511 0.861975 2.07686 4.68369 1.8532 130763 0 1.79307 0.8286 0
-25.1604 7.83144 -0.130682 2.06356 4.6736 1.49079 120899 0 -1.27082 0.821084 0
35.4315 14.4876 1.37713 1.94111 4.27434 1.7023 130916 0 -1.43188 0.820304 0
-0.789734 23.3093 1.26335 1.94808 4.65976 1.42556 143439 0 1.64147 0.819875 0
-13.583 17.532 0.698265 1.8931 4.27105 1.49801 134975 0 1.72818 0.818894 0
36.6753 26.0729 1.54128 2.04622 4.72373 1.44946 147768 0 1.63765 0.818651 0
-12.987 23.607 0.889064 1.93481 4.3851 1.54611 143869 0 1.63884 0.81691 0
-38.4742 -10.038 -0.958507 2.03387 4.54419 1.63456 94649 0 0.108687 0.814926 0
16.8483 25.6601 1.42461 1.96363 4.616 1.51722 147238 0 -1.50114 0.810616 0
22.5686 21.9583 1.63443 2.08562 4.77495 1.74402 141640 0 1.70854 0.806765 0
-9.76197 57.2316 1.39239 2.0052 4.69283 1.5131 193019 0 1.65528 0.806525 0
-63.8076 -1.66121 -0.914792 2.1324 4.60054 1.81773 106738 0 -1.4654 0.804443 0
18.4445 31.7297 1.62349 2.00495 4.64921 1.48715 156135 0 -1.45048 0.804146 0
-0.455185 32.129 1.62165 2.36961 5.8259 1.91812 156544 0 1.63476 0.799464 0
-33.7961 21.2859 0.0495801 1.98282 4.41267 1.59187 140528 0 1.85184 0.797181 0
4.0101 19.7784 1.44629 2.11073 4.91096 1.64332 138306 0 1.64806 0.795365 0
1.40257 44.3046 2.06916 2.15636 4.86733 1.86671 174334 0 -1.48706 0.794779 0
-13.8794 20.5303 0.983398 2.23295 5.11279 1.94683 139654 0 1.7665 0.790981 0
-44.924 6.5778 -0.404688 2.17948 5.05715 1.82218 118965 0 -1.25293 0.790663 0
35.9718 17.4198 1.28369 1.92286 4.43426 1.43988 135130 0 -1.41413 0.790256 0
16.0932 -4.35085 0.784392 0.943356 0.923893 1.64694 103244 0 -1.14342 0.784077 1
-18.364 25.8661 1.03343 2.09798 4.67122 1.82606 147128 0 -1.25333 0.78341 0
19.6485 43.3511 1.9357 2.07279 4.66811 1.74173 172987 0 -1.50037 0.778489 0
-12.9564 38.9068 0.962451 1.9838 4.58987 1.51601 166333 0 -1.20482 0.775034 0
23.1788 -7.7178 0.834987 0.945898 1.07115 1.80314 98118 0 1.66995 0.774072 1
-36.6046 13.5894 -0.362987 2.02368 4.63456 1.52604 129287 0 1.95293 0.767362 0
24.7638 36.9933 1.99092 2.12218 4.8052 1.57144 163643 0 1.67251 0.756064 0
-22.598 15.781 0.413042 2.16081 4.90495 1.85316 132607 0 1.85517 0.753272 0
28.8592 -5.58604 0.791457 0.894191 0.901382 1.65137 101412 0 -1.54254 0.749829 1
-32.9162 9.15409 -0.213132 0.882078 0.914873 1.68915 122747 0 -0.849795 0.749367 1
0.523354 41.0729 1.84918 2.14077 4.90961 1.65898 169651 0 -1.46318 0.740346 0
-13.8694 36.0694 1.01117 2.13452 4.8071 1.70613 162118 0 -1.21857 0.737521 0
-56.5555 17.1278 -0.398459 1.9596 4.37763 1.62072 134373 0 -1.13507 0.736192 0
53.6189 9.36774 1.23808 1.94368 4.3425 1.61914 123485 0 -1.44289 0.731423 0
22.586 24.8712 1.71852 2.16828 5.13311 1.66523 145852 0 1.67169 0.729749 0
-57.4749 14.51 -0.516294 1.96778 4.41823 1.58558 130626 0 2.04201 0.726056 0
-59.0817 9.6804 -0.631447 1.95754 4.33412 1.591 123601 0 -1.13225 0.72494 0
56.1947 32.708 1.90912 2.10642 4.78172 1.55058 157657 0 -1.44136 0.722093 0
58.4398 3.02016 1.31966 2.02104 4.82477 1.62691 114140 0 1.62527 0.707409 0
15.1967 -8.26821 0.780503 0.924548 0.91043 1.6855 97625 0 -3.02169 0.703924 1
59.0352 8.86765 1.48567 1.94631 4.43903 1.54953 122566 0 1.61582 0.693596 0
2.40099 58.9985 2.41273 2.03419 4.64291 1.65663 195865 0 -1.4931 0.693039 0
15.4604 -3.45606 0.756204 0.769304 0.840003 1.59507 104646 0 0.1688 0.690831 1
37.8959 37.3507 1.95711 1.91234 4.29839 1.58435 164152 0 -1.42902 0.689601 0
28.9427 -6.28043 0.632704 0.643688 0.647704 1.18502 100476 0 -1.42694 0.688174 1
24.1604 30.9156 1.61962 2.0717 4.66736 1.52329 154749 0 1.67672 0.687543 0
-50.7821 29.5585 0.121969 2.12647 4.65508 1.60136 152643 0 -1.21068 0.679962 0
21.8741 54.3236 2.31844 2.06677 4.63625 1.72101 188906 0 -1.38549 0.678912 0
-37.5515 11.1308 -0.345882 2.07185 4.5335 1.54734 125540 0 -1.18754 0.675354 0
36.9365 29.5199 1.59412 2.15197 4.98674 1.53057 152917 0 1.65682 0.671374 0
5.58875 31.5837 1.7773 2.09966 4.81646 1.91663 155627 0 1.6801 0.670988 0
-43.6708 9.13634 -0.457142 2.01118 4.50225 1.6534 122713 0 -1.24739 0.668809 0
19.3955 46.2689 1.84234 1.89881 4.24861 1.50633 177198 0 -1.46147 0.654745 0
-41.4664 16.7677 -0.287746 1.96144 4.19739 1.57982 133952 0 -1.19039 0.652361 0
3.70835 64.8364 2.64362 2.11363 4.90353 1.66116 204293 0 -1.44354 0.649857 0
3.66663 13.9351 1.15031 2.00815 4.51861 1.52582 129881 0 1.69307 0.645176 0
-35.0155 18.7771 0.117591 2.09485 4.576 1.80188 136780 0 1.89312 0.64132 0
-26.0421 43.1348 1.09111 1.92809 4.45948 1.71299 172376 0 1.86695 0.641092 0
18.1413 -5.32109 0.842831 0.779857 0.893738 1.8467 101846 0 1.85723 0.632157 1
2.70437 68.0633 2.72892 2.00645 4.52445 1.64511 208970 0 -1.37715 0.604662 0
21.959 64.0846 2.44349 2.0164 4.52279 1.58682 203414 0 -1.56901 0.602754 0
-40.5136 19.6593 -0.11329 2.05423 4.50261 1.69114 138167 0 -1.20277 0.581508 0
-19.0435 23.5028 0.624216 1.95164 4.46165 1.48536 143850 0 -1.2658 0.578205 0
-29.0219 34.9594 0.742448 1.98296 4.43705 1.47307 160667 0 1.93806 0.56213 0
57.1139 41.4569 1.96286 2.09702 4.7776 1.62931 170296 0 -1.45023 0.560059 0
-32.5138 23.7525 0.460012 2.05994 4.44334 1.80685 144276 0 1.81686 0.559027 0
-9.74313 63.1914 1.75326 2.0341 4.56883 1.71394 201911 0 1.62416 0.549392 0
-38.8484 24.8944 0.192953 2.11643 4.65413 1.63119 145660 0 -1.27939 0.548126 0
36.3044 20.2546 1.37183 1.96212 4.58641 1.45978 139343 0 -1.42977 0.54534 0
-42.3773 14.4957 -0.325461 2.06779 4.64769 1.64308 130673 0 -1.17411 0.541063 0
-42.744 11.6423 -0.144375 2.16903 4.95127 1.92145 126460 0 -1.21101 0.540253 0
28.5881 -6.90437 0.743725 0.883484 1.77574 1.77935 99539 0 -1.35368 0.538083 2
18.3476 -4.90884 0.813848 0.858283 0.927888 1.85488 102315 0 1.84569 0.533318 1
41.4249 19.4269 1.54349 1.90455 4.33888 1.44367 137955 0 1.6684 0.527184 0
19.2607 -4.98404 0.742344 0.819386 0.910761 1.60042 102318 0 1.921 0.525926 1
41.7665 16.4979 1.39771 1.99855 4.5007 1.55756 133744 0 1.69353 0.52355 0
-10.0654 60.2504 1.70718 2.04793 4.67045 1.6442 197698 0 1.61392 0.521331 0
23.5048 27.7325 1.55756 2.06066 4.81388 1.4477 150067 0 1.65754 0.518818 0
38.5677 34.1515 1.87965 2.10273 4.85234 1.75822 159474 0 -1.45317 0.505452 0
15.9832 -4.32151 0.756866 0.882892 0.860676 1.5124 103243 0 -0.765734 0.504854 1
-64.7975 8.15432 -0.755144 2.06247 4.59053 1.7182 121243 0 1.95296 0.50061 0
21.9347 66.7572 2.47814 1.9214 4.26731 1.59043 207158 0 -1.45778 0.499821 0
18.3339 -4.67667 0.81281 0.816133 0.895942 1.82809 102783 0 1.81655 0.495565 1
42.7296 25.364 1.70826 2.16187 4.91281 1.6101 146851 0 1.68869 0.491962 0
-39.2422 22.3134 -0.0222971 2.02227 4.60094 1.5737 141915 0 -1.23669 0.47782 0
25.105 39.87 2.02971 2.10381 4.81698 1.55638 167856 0 1.65439 0.470313 0
37.5895 34.3504 1.8502 2.14715 4.89131 1.67951 159939 0 1.69436 0.469165 0
-33.419 29.9037 0.574771 2.26578 5.15454 1.8704 153165 0 1.98055 0.464986 0
-34.6932 34.6803 0.731505 1.97833 4.43282 1.47925 160181 0 -1.10774 0.462426 0
22.5349 69.6318 2.51497 2.06908 4.68007 1.74195 211372 0 -1.52777 0.46187 0
42.4009 28.5626 1.88038 2.33708 5.26258 1.89787 151530 0 -1.39807 0.458592 0
-71.7676 -7.63271 -0.580041 0.831414 0.86296 1.80088 98289 0 1.70042 0.457428 1
18.1266 -3.71962 0.772693 0.772377 0.886864 1.66865 104186 0 1.69197 0.453461 1
25.1046 42.7166 2.31281 2.05151 4.6668 1.61707 172068 0 1.64462 0.449525 0
16.119 -4.51499 0.785055 0.919009 0.904382 1.64585 102776 0 -0.804371 0.446961 1
21.9226 57.4315 2.26738 2.03359 4.58254 1.59809 193586 0 -1.38626 0.446584 0
21.9197 72.8185 2.54429 1.96362 4.40895 1.5952 216050 0 -1.546 0.435272 0
43.3854 42.7042 2.06548 1.99532 4.51603 1.58887 172125 0 1.64856 0.434698 0
18.2795 -5.28044 0.846133 0.83212 0.927293 1.83747 101847 0 1.87146 0.429899 1
-10.0365 62.9121 1.75302 2.03338 4.5441 1.68309 201442 0 1.60009 0.423309 0
-57.194 14.3123 -0.485005 1.66155 3.57478 1.50131 130159 0 2.04744 0.420979 0
-44.3809 6.52651 -0.445782 1.85892 4.11247 1.62616 118967 0 -1.26012 0.419983 0
-52.0183 24.194 0.10509 1.98267 4.44397 1.56503 144683 0 -1.18917 0.414712 0
4.00311 64.5847 2.65246 1.84583 4.19741 1.52882 203826 0 -1.44895 0.413275 0
-32.8236 42.3578 0.904637 1.98962 4.58372 1.68589 171419 0 -1.33817 0.411813 0
18.1328 -5.45463 0.839658 0.772499 0.852822 1.798 101378 0 1.82044 0.40758 1
15.4994 -9.45066 0.73267 0.802382 0.833437 1.52602 95754 0 -3.03087 0.405903 1
4.92419 20.6138 1.56847 0.81646 0.868132 1.6742 139713 0 -0.565321 0.402681 1
25.1184 45.5667 2.19195 2.02044 4.62008 1.6537 176280 0 1.6322 0.395777 0
-38.5642 60.5795 1.28659 2.26523 5.18022 1.77484 198077 0 -1.16256 0.391911 0
-19.3263 23.2499 0.618316 2.00142 4.58554 1.50793 143381 0 -1.25101 0.391677 0
27.6949 57.3988 2.48577 2.03002 4.45075 1.69097 193604 0 1.62239 0.384113 0
-59.6232 9.80169 -0.662763 2.18476 4.78838 1.64809 123599 0 -1.17635 0.37787 0
2.72443 55.7668 2.00998 1.9986 4.52005 1.51146 191186 0 1.61066 0.37195 0
58.6982 5.8957 1.15083 1.93399 4.5189 1.50003 118353 0 1.67461 0.36961 0
28.9087 -6.50462 0.640953 0.741516 0.991524 1.34303 100008 0 -1.31151 0.369359 1
-22.5635 18.7063 0.567977 2.11135 4.76049 1.76479 136819 0 1.82241 0.366376 0
-13.3705 35.9835 0.985012 1.82003 3.91777 1.50654 162120 0 -1.19144 0.362813 0
28.3019 57.1689 2.49971 2.02436 4.48281 1.67561 193138 0 1.56991 0.36027 0
59.3572 26.4094 1.71865 1.98292 4.59016 1.58814 148307 0 -1.6247 0.358992 0
-9.46056 63.4398 1.84239 2.06532 4.58004 1.73286 202380 0 1.66476 0.358829 0
24.8147 42.4664 2.23312 1.93027 4.4073 1.5421 171599 0 1.6379 0.356189 0
19.8973 46.2725 1.8794 2.21521 5.16724 1.74195 177200 0 -1.45627 0.352378 0
18.1795 -4.96303 0.857304 0.870711 0.966246 1.91515 102314 0 1.85315 0.349251 1
22.2102 73.0728 2.67725 2.18748 4.87642 1.79308 216519 0 -1.59169 0.34422 0
-7.22189 71.5955 2.57435 2.08357 4.84233 1.75592 214087 0 -1.49716 0.340755 0
-43.1155 9.04374 -0.436147 1.79906 3.95456 1.57366 122715 0 -1.24083 0.33947 0
10.4461 39.7405 1.86574 0.901343 1.32598 1.88297 167810 0 -0.159709 0.331179 2
21.6275 57.1727 2.2821 1.98798 4.4196 1.548 193117 0 -1.3432 0.328956 0
-21.6086 18.4209 0.581007 2.11152 4.67665 1.73347 136354 0 -1.33888 0.328443 0
28.7804 -6.28435 0.684586 0.753839 0.985833 1.50546 100475 0 -1.44239 0.32203 1
18.1372 -3.89909 0.795195 0.787523 0.901063 1.71483 103718 0 1.72746 0.321813 1
-8.47359 71.8104 2.54903 2.17696 4.98879 1.77935 214551 0 1.59761 0.321409 0
-39.828 58.0631 0.869225 2.03344 4.55628 1.53605 194329 0 -1.2109 0.319715 0
21.6317 73.0595 2.53608 1.95751 4.33083 1.56096 216517 0 -1.58307 0.318455 0
44.3416 36.3326 2.05457 1.88513 4.19085 1.52575 162768 0 1.70308 0.315761 0
43.6801 33.4507 1.78853 2.06341 4.67183 1.55203 158554 0 1.6602 0.313276 0
18.3185 -4.41124 0.82618 0.797534 0.90024 1.78437 103251 0 1.79569 0.313099 1
28.874 -5.87881 0.786176 0.911697 0.909635 1.62041 100944 0 -1.51706 0.312364 1
-22.2315 18.4745 0.581979 2.0563 4.5766 1.7719 136352 0 1.44198 0.312099 0
18.6868 -4.93029 0.780855 0.766261 0.858925 1.68578 102316 0 1.8559 0.309056 1
43.667 42.9583 2.18466 2.02241 4.59804 1.57114 172594 0 1.90266 0.308368 0
2.0705 49.756 2.0863 2.07661 4.71857 1.70907 182292 0 -1.51703 0.306779 0
7.9341 -2.92474 0.797078 0.738497 0.836219 1.61043 105090 0 1.62831 0.305103 1
-18.7685 23.7835 0.657451 1.96518 4.35196 1.50623 144319 0 -1.27333 0.305041 0
44.0166 36.6384 2.01631 1.92797 4.25154 1.52131 163235 0 1.70825 0.300386 0
58.4425 5.66991 1.17527 1.72062 4.02178 1.44299 117884 0 1.62342 0.300194 0
22.2775 69.3498 2.44418 1.91014 4.31953 1.58495 210903 0 -1.4694 0.295812 0
43.3695 33.7452 1.77787 2.0531 4.64261 1.54823 159021 0 1.65797 0.295173 0
61.5978 17.7552 1.60387 2.0418 4.54108 1.62348 135678 0 -1.74551 0.294949 0
22.2021 72.5552 2.57894 2.03231 4.63078 1.67791 215583 0 -1.49651 0.293333 0
22.471 63.8953 2.42637 2.27828 5.35689 1.80327 202948 0 -1.48538 0.288254 0
42.0907 22.5856 1.79429 2.34442 5.50921 1.90681 142637 0 -1.43454 0.285638 0
35.4651 17.4349 1.28747 1.62011 3.52978 1.374 135128 0 -1.43318 0.285525 0
4.58642 19.0734 1.51065 0.806408 0.894222 1.69463 137372 0 1.5855 0.283709 1
22.947 27.9519 1.53238 2.00054 4.73781 1.47063 150533 0 1.68099 0.283231 0
23.5395 -14.249 1.01309 0.774859 0.817489 1.72557 88759 0 -0.256976 0.281736 1
28.8716 -5.40396 0.786733 0.877938 0.927707 1.63989 101880 0 -1.57884 0.28119 1
23.5859 31.1269 1.61007 2.0636 4.75264 1.52425 155215 0 1.71784 0.279788 0
-9.16127 62.9507 1.75079 2.02242 4.57728 1.6619 201445 0 1.62014 0.278176 0
-18.449 23.2245 0.637203 1.88658 4.31479 1.50438 143384 0 -1.22418 0.27678 0
-9.77192 62.6338 1.72476 1.99263 4.47889 1.63422 200975 0 1.62803 0.27633 0
44.261 42.7194 2.21333 2.00396 4.50014 1.59688 172128 0 1.61423 0.275746 0
34.3215 46.5003 2.11053 0.807581 0.784172 1.68098 177713 0 0.158332 0.274744 1
15.2972 -9.46023 0.756249 0.851639 0.894213 1.57631 95753 0 -3.00155 0.274431 1
37.335 37.5149 2.00467 1.83858 4.08257 1.52041 164618 0 -1.47392 0.273776 0
1.02603 40.8996 1.85817 1.82271 4.02786 1.55341 169185 0 -1.47824 0.273112 0
28.6585 -6.6146 0.732384 0.890043 1.598 1.69528 100007 0 -1.38938 0.272823 1
-42.4365 8.78941 -0.321712 1.78379 3.77196 1.51848 122249 0 -1.23373 0.272689 0
3.36694 55.6004 2.09441 1.88212 4.25802 1.45365 190720 0 -1.55173 0.270509 0
22.4606 66.7554 2.45082 2.21408 5.12196 1.83659 207160 0 -1.46425 0.269754 0
-39.7636 22.3391 0.0105842 1.98551 4.32445 1.55835 141913 0 -1.24386 0.26922 0
-32.9067 9.30338 -0.217874 0.897926 0.979683 1.72091 123215 0 -0.600057 0.268242 1
15.0174 -8.23962 0.759908 0.90458 0.901084 1.60149 97624 0 -3.01401 0.267376 1
18.6573 -4.69672 0.739609 0.759328 0.843114 1.61002 102784 0 1.84459 0.267018 1
19.2761 -5.15209 0.749898 0.841439 0.93391 1.61557 101850 0 1.90908 0.264745 1
41.4734 16.2507 1.3957 1.95068 4.39689 1.55342 133275 0 1.70762 0.264193 0
1.45494 49.7606 2.07428 2.14703 4.83169 1.74219 182290 0 -1.38361 0.263712 0
26.0524 39.8495 2.17287 1.98095 4.34296 1.55068 167859 0 1.65739 0.263136 0
18.1665 -4.36866 0.85489 0.785801 0.899086 1.81684 103250 0 1.76835 0.262782 1
21.9923 69.6247 2.45599 1.82103 4.03756 1.51393 211370 0 -1.51303 0.260349 0
23.5096 28.2354 1.5815 2.02753 4.67337 1.47191 151003 0 1.71781 0.259886 0
-32.8133 42.6335 0.92612 1.98525 4.44629 1.65498 171887 0 -1.61068 0.259878 0
42.3721 16.7133 1.38467 1.99149 4.56064 1.53495 134214 0 1.65088 0.25847 0
1.45186 59.0496 2.36497 2.01754 4.62306 1.67515 195862 0 1.63702 0.258381 0
-41.8364 14.2576 -0.312108 1.77173 3.76522 1.54609 130207 0 -1.19404 0.258364 0
-32.1899 42.3948 0.930534 1.8902 4.22821 1.62424 171421 0 -1.40874 0.25815 0
4.73685 20.6116 1.54074 0.857911 0.97832 1.68867 139712 0 0.633759 0.257779 1
43.0828 42.9783 2.07383 1.9845 4.42525 1.55476 172592 0 1.83899 0.257404 0
-42.1009 14.0027 -0.310965 1.8689 4.09013 1.61229 129738 0 -1.19051 0.255904 0
44.6526 36.0268 2.08961 1.94331 4.32881 1.57768 162301 0 1.71341 0.255631 0
46.3266 20.076 1.67521 0.780767 0.755983 1.7095 138906 0 -2.78426 0.255106 1
59.052 26.6345 1.72881 1.98297 4.57618 1.57382 148774 0 1.94724 0.252141 0
-7.80077 71.6013 2.60282 1.86804 4.21908 1.62926 214085 0 -1.54023 0.251091 0
-8.85148 63.2026 1.75134 2.05148 4.64519 1.69424 201914 0 1.63374 0.249624 0
43.9931 33.1459 1.81301 2.0572 4.63734 1.57523 158087 0 1.66844 0.249479 0
59.9894 21.2716 1.3479 1.99732 4.38208 1.50837 140821 0 -1.75812 0.248785 0
22.5353 70.1595 2.57618 2.16293 4.89222 1.7855 212308 0 -1.65044 0.24806 0
6.18461 31.7402 1.78056 2.44547 5.7312 2.03303 156097 0 1.67137 0.247962 0
2.39374 49.4793 2.10715 2.04517 4.62038 1.67926 181825 0 -1.47213 0.247742 0
-10.6534 60.0413 1.66894 1.97337 4.42879 1.63984 197228 0 1.58857 0.247566 0
23.2248 27.4458 1.56576 2.01059 4.6689 1.46128 149598 0 1.63126 0.246694 0
23.8967 30.6667 1.62681 2.01984 4.59158 1.51329 154280 0 1.65052 0.246672 0
15.3407 -3.55772 0.745976 0.797143 0.86212 1.6057 104177 0 0.219439 0.246324 1
21.6397 72.5596 2.4246 1.75849 3.96063 1.46971 215581 0 -1.51157 0.246217 0
15.3822 -8.25285 0.804925 0.923654 0.93116 1.71824 97626 0 -2.92247 0.245752 1
21.3307 72.8267 2.43088 1.79924 4.01714 1.47906 216048 0 -1.54933 0.24405 0
44.3107 36.9383 2.04924 1.94629 4.33893 1.54808 163704 0 1.66361 0.243571 0
20.652 74.4014 2.72874 1.99627 4.59072 1.55914 218386 0 -2.69194 0.242603 0
43.6372 25.1633 1.82167 2.19859 4.98947 1.63051 146386 0 1.69738 0.242329 0
5.30289 13.207 0.935999 0.717345 0.784412 1.52837 128950 0 -3.0104 0.242319 1
-10.0847 59.7614 1.65664 1.94054 4.43605 1.64429 196762 0 1.62809 0.242284 0
22.1879 57.6973 2.3323 2.15421 4.84621 1.70825 194055 0 -1.42722 0.241147 0
43.3596 36.9289 1.91997 1.96949 4.41991 1.52371 163701 0 1.71504 0.239582 0
5.31532 13.0226 0.964734 0.720792 0.769677 1.56513 128482 0 -1.81343 0.238126 1
7.13341 31.49 1.75504 2.21703 5.01719 1.95388 155632 0 -1.47534 0.23796 0
21.9341 73.374 2.66282 2.15053 4.69877 1.74854 216986 0 -1.61399 0.237237 0
-35.3356 35.0387 0.824054 2.06366 4.47633 1.52418 160647 0 -1.14388 0.236795 0
21.9582 63.6375 2.40151 1.94825 4.45675 1.57615 202478 0 -1.41378 0.236676 0
19.125 -5.15991 0.771513 0.842112 0.909901 1.63897 101849 0 1.91069 0.2356 1
67.9848 33.124 1.95662 2.07841 4.56389 1.73531 158162 0 -0.0751772 0.234147 0
-42.0337 17.0675 -0.28259 2.18799 4.88125 1.63237 134418 0 -1.1385 0.233294 0
-26.3965 43.5689 1.10431 2.21299 5.23704 1.8549 173311 0 1.92387 0.232246 0
-0.158508 35.3588 1.65711 2.13533 4.91062 1.66031 161225 0 -1.47536 0.231632 0
8.0437 -2.8362 0.833619 0.773988 0.86858 1.6344 105559 0 1.67291 0.231579 1
-59.9658 10.0059 -0.65918 2.16035 4.874 1.63928 124066 0 3.1267 0.230346 0
-35.0542 30.5879 0.623648 2.02899 4.4749 1.58982 154096 0 1.92814 0.229939 0
0.840363 44.5501 1.98838 2.45688 5.9566 2.05283 174800 0 -1.45588 0.229161 0
19.1515 43.3638 1.97004 1.81741 3.86704 1.65793 172985 0 -1.49523 0.228968 0
46.464 20.0596 1.68799 0.783316 0.734999 1.70284 138907 0 2.51826 0.228837 1
58.4308 6.1534 1.1798 1.87158 4.32977 1.49179 118820 0 1.65356 0.228258 0
15.51 -9.21436 0.718891 0.86044 0.936386 1.58995 96222 0 -3.03578 0.227975 1
1.76122 50.0113 2.12539 2.14393 4.88289 1.74745 182759 0 -0.732623 0.227474 0
58.5062 9.03223 1.44403 1.72647 3.78328 1.44896 123032 0 1.60123 0.226621 0
25.6994 36.9504 2.03069 2.18862 4.90991 1.62259 163646 0 1.68568 0.226036 0
17.565 28.6389 1.53619 1.71529 3.67527 1.4288 151452 0 -1.50595 0.225373 0
-36.113 13.5189 -0.335953 1.79541 3.83401 1.42101 129289 0 1.97106 0.225342 0
15.9381 -4.10951 0.704431 0.752584 0.77798 1.35065 103711 0 -0.763729 0.224966 1
21.9335 56.8853 2.29467 2.01473 4.45413 1.58824 192650 0 -1.3384 0.224768 0
43.0981 42.4702 1.9734 1.9831 4.38852 1.62404 171656 0 1.47078 0.223625 0
59.6572 46.2488 2.59063 2.10953 4.6761 1.75192 177324 0 -1.36014 0.223268 0
26.0569 45.5534 2.20858 1.98032 4.37583 1.62552 176283 0 1.60022 0.222931 0
15.4888 -9.66366 0.788655 0.837116 0.875853 1.56555 95286 0 -3.04067 0.222345 1
59.6891 20.9826 1.36814 1.9524 4.28846 1.48757 140352 0 1.23809 0.222165 0
-28.355 34.7209 0.790981 1.98691 4.45498 1.4805 160201 0 1.87135 0.221999 0
56.5877 41.4987 1.93285 1.74664 3.81139 1.46392 170294 0 -1.44353 0.221232 0
-32.1792 42.6693 0.919633 1.90971 4.23747 1.6256 171889 0 -1.69317 0.22084 0
-0.276115 23.2231 1.33319 1.59413 3.40627 1.35236 143441 0 1.60265 0.220778 0
-62.889 14.2183 -0.734385 1.94295 4.28457 1.53265 130141 0 -1.08594 0.220327 0
22.4895 57.1483 2.36795 2.15031 4.86219 1.71833 193120 0 -1.39492 0.219858 0
24.7355 31.0982 1.65695 2.2099 5.12561 1.53946 155219 0 1.67341 0.2194 0
59.3663 46.5463 2.54152 1.97243 4.37433 1.62472 177791 0 -1.37181 0.219373 0
60.9864 31.8237 1.75768 1.93877 4.26504 1.57262 156268 0 1.55402 0.219115 0
16.0968 -4.11501 0.745198 0.845158 0.852632 1.5032 103712 0 -1.29232 0.219002 1
-71.6142 -7.72861 -0.595242 0.849665 0.903565 1.7977 97822 0 1.6967 0.218601 1
59.9728 20.9979 1.37352 2.03285 4.44229 1.51571 140353 0 -1.4071 0.218048 0
35.7311 20.0822 1.40629 1.81605 4.28597 1.46949 138873 0 -1.47059 0.217897 0
-18.7461 22.9568 0.632299 1.95319 4.44871 1.51548 142915 0 -1.2229 0.215685 0
4.56157 19.9288 1.50058 2.09336 5.01841 1.71723 138776 0 1.66918 0.215676 0
46.3194 20.2162 1.67925 0.764318 0.733977 1.70091 139374 0 -0.307192 0.215293 1
61.8584 17.7626 1.64038 2.16468 4.87947 1.72493 135679 0 1.8062 0.215235 0
-13.9408 36.5086 1.023 2.28412 5.29121 1.81321 163054 0 -1.16949 0.214822 0
-21.8907 65.4124 1.18508 2.15656 4.80059 1.77046 205149 0 -2.84583 0.21384 0
58.752 26.149 1.66297 2.00388 4.61224 1.54468 147837 0 1.43992 0.213583 0
-33.4154 42.6428 0.907129 2.01161 4.54221 1.65815 171885 0 -1.26004 0.213518 0
24.127 27.9618 1.63208 1.97985 4.49574 1.44227 150537 0 1.68777 0.213208 0
42.1369 25.1985 1.57078 2.07897 4.77494 1.61489 146381 0 1.68226 0.211886 0
-40.4449 58.1314 0.842006 2.04726 4.644 1.58079 194327 0 1.74495 0.211886 0
-33.396 42.138 0.849142 2.02752 4.53413 1.76529 170949 0 -1.30335 0.211669 0
24.7945 27.721 1.66516 2.02645 4.53569 1.51238 150071 0 -1.4994 0.211365 0
-34.1562 18.6145 0.138666 2.2523 5.24011 1.82171 136783 0 -2.92546 0.210256 0
58.7522 26.6335 1.73975 1.99087 4.63994 1.56309 148773 0 1.59682 0.209514 0
-9.52129 60.0722 1.68458 1.98344 4.50518 1.62833 197232 0 1.62486 0.207032 0
-19.6383 23.7821 0.59185 2.04071 4.58068 1.52081 144316 0 -1.28786 0.206572 0
54.5386 18.4022 1.57545 2.0437 4.59652 1.61769 136592 0 -1.63704 0.205507 0
43.0749 36.696 1.87856 1.92054 4.37575 1.49035 163232 0 1.72754 0.20529 0
42.3798 16.233 1.2912 1.98816 4.59332 1.55591 133278 0 1.67099 0.204955 0
18.2718 -3.71466 0.790822 0.837222 0.972729 1.70762 104187 0 1.80904 0.204408 1
21.3963 54.3203 2.30088 1.75829 3.76348 1.57774 188904 0 -1.40244 0.204122 0
-40.2203 19.9112 -0.129133 1.99095 4.39259 1.67545 138636 0 -1.25716 0.203377 0
-63.147 13.9312 -0.748108 2.06883 4.63446 1.58857 129672 0 -1.12273 0.202828 0
59.3394 22.8889 1.32542 2.05253 4.74171 1.55407 143159 0 1.31032 0.202507 0
-9.78451 60.5441 1.76817 2.07129 4.78952 1.64998 198167 0 1.6284 0.201535 0
15.7317 -9.4357 0.755757 0.827928 0.885146 1.5019 95755 0 -3.05953 0.201481 1
42.364 19.3588 1.58618 2.00405 4.51731 1.55183 137958 0 -1.44252 0.201249 0
-40.8909 16.7319 -0.360051 1.97205 4.32203 1.62168 133954 0 -1.16495 0.201111 0
-0.464584 35.6608 1.62873 2.15283 4.91009 1.67553 161692 0 -1.47519 0.201047 0
2.45043 67.7854 2.68236 1.81662 4.03669 1.5998 208501 0 -1.36471 0.2009 0
34.1849 46.5064 2.1165 0.808942 0.780338 1.68603 177712 0 0.130583 0.200237 1
36.4065 29.399 1.60585 2.03142 4.66731 1.5239 152447 0 1.64375 0.199967 0
1.82851 68.3164 2.78667 2.00926 4.51736 1.66503 209435 0 -1.36732 0.199637 0
18.2807 -3.95125 0.808804 0.830457 0.937013 1.72285 103719 0 1.79034 0.199623 1
43.0024 16.4853 1.32645 1.98714 4.51123 1.52493 133748 0 1.66937 0.19924 0
44.0393 36.0381 2.01273 1.89069 4.17996 1.52163 162299 0 1.74051 0.198635 0
2.38775 50.0296 2.15969 2.09856 4.68045 1.69115 182761 0 -1.52799 0.198602 0
-37.909 60.0721 1.26143 1.99268 4.69578 1.67565 197143 0 -1.21725 0.198536 0
-39.2564 58 0.910893 2.1191 4.64682 1.57499 194331 0 -1.24259 0.198535 0
24.5375 40.0613 1.97533 2.03406 4.72129 1.5213 168322 0 1.69661 0.198184 0
22.1943 67.2708 2.48401 2.15025 4.86354 1.76851 208095 0 -1.57079 0.196937 0
42.9669 28.5912 1.90069 2.6269 6.09553 2.07111 151532 0 0.10989 0.196933 0
56.1467 43.0606 2.23582 2.03016 4.43245 1.69033 172633 0 0.454208 0.196597 0
-0.157333 38.2487 1.7191 2.14027 4.91394 1.69604 165437 0 -1.47571 0.196249 0
57.0873 42.0112 2.01639 2.20325 4.87564 1.71633 171232 0 -1.42055 0.195894 0
28.6415 -7.0945 0.727095 0.793911 1.7546 1.70528 99071 0 -1.34325 0.195651 2
39.1356 34.287 1.84713 2.33996 5.49308 1.86178 159944 0 -1.44713 0.195557 0
58.1549 5.91734 1.19385 1.65938 3.80795 1.43694 118351 0 1.68934 0.195545 0
3.02145 49.7551 2.15795 2.07206 4.64538 1.63404 182295 0 -1.50274 0.195315 0
24.5166 42.9742 2.2891 2.019 4.68584 1.60251 172534 0 1.65288 0.194741 0
3.27429 68.2389 2.79179 2.29724 5.31203 1.82578 209440 0 -1.39411 0.194172 0
-22.4918 3.98338 0.177691 0.830974 0.9894 1.46484 115291 0 -1.75269 0.193066 1
21.2554 74.3796 2.83992 2.07678 4.74878 1.6952 218388 0 -2.39692 0.192392 0
2.07279 49.1515 2.0748 2.06317 4.6325 1.69331 181356 0 -1.48016 0.192366 0
28.3498 -6.69538 0.759337 0.845528 1.12414 1.71885 100006 0 -1.37369 0.192079 1
-42.0897 54.2324 1.17884 2.02759 4.53609 1.64658 188706 0 2.02765 0.192073 0
24.2127 42.7329 2.21365 1.94132 4.4174 1.56226 172065 0 1.66319 0.191839 0
28.0133 56.8748 2.51046 1.99829 4.39754 1.71989 192669 0 1.57535 0.191146 0
21.9048 54.7577 2.37361 2.18926 4.80637 1.8165 189842 0 -1.5039 0.190404 0
68.0086 32.1676 1.95277 2.08454 4.59487 1.75322 156758 0 -0.0458881 0.19037 0
26.3822 45.3147 2.20111 1.99807 4.43045 1.63264 175816 0 1.6044 0.190112 0
35.0442 20.3501 1.44884 1.86787 4.2454 1.54283 139339 0 1.49656 0.19006 0
61.8544 17.4783 1.64898 2.18243 4.89135 1.71849 135211 0 1.53642 0.189992 0
38.4676 37.3344 1.90396 2.15059 5.04057 1.71386 164154 0 -1.41815 0.189875 0
55.2021 27.0347 1.64054 1.98829 4.54026 1.55374 149230 0 -1.53413 0.18891 0
4.00596 20.1846 1.41696 2.09866 4.97289 1.62022 139242 0 1.64452 0.188555 0
56.8275 42.0239 2.02432 1.972 4.31495 1.60238 171231 0 -1.07033 0.18824 0
59.9539 17.1587 1.38812 1.96098 4.38926 1.51651 134737 0 1.41509 0.187634 0
-23.247 64.4235 1.02763 2.00883 4.49433 1.62638 203741 0 1.86579 0.187592 0
-33.0294 23.6373 0.395014 1.97751 4.49086 1.79519 143806 0 1.7885 0.187499 0
25.406 42.9644 2.40107 2.0992 4.70993 1.70156 172537 0 1.62517 0.187254 0
-64.2095 7.89059 -0.695561 1.70093 3.50738 1.54548 120777 0 1.95184 0.187177 0
-12.0026 46.5783 0.64435 2.01301 4.60963 1.54125 177568 0 -1.30165 0.187004 0
50.4036 55.5398 2.40637 2.11517 4.66917 1.72091 190867 0 2.81402 0.186919 0
-34.1109 18.4958 0.124422 2.15689 4.98577 1.80606 136315 0 -1.94514 0.186807 0
5.52126 13.2058 0.931844 0.717353 0.757594 1.48277 128951 0 -1.9155 0.186778 1
43.6984 36.364 1.96868 1.95686 4.44291 1.53355 162766 0 1.73239 0.186642 0
10.607 39.6089 1.83587 0.897587 1.75533 1.87332 167343 0 -0.124894 0.185941 2
20.3526 74.405 2.73418 2.02298 4.64976 1.55053 218385 0 -0.384429 0.185463 0
43.6838 32.8479 1.76316 2.11554 4.69277 1.6181 157618 0 1.66521 0.185375 0
-42.4766 11.897 -0.127214 2.08537 4.70991 1.87193 126929 0 -1.1689 0.185321 0
28.9142 57.3745 2.49 2.09786 4.63569 1.7367 193608 0 1.56451 0.185179 0
59.6623 26.1679 1.768 1.97401 4.4973 1.60781 147840 0 -1.60075 0.185081 0
43.6631 34.0319 1.87871 2.1275 4.76856 1.5997 159490 0 1.62743 0.184714 0
-32.7937 41.8364 0.924267 2.07275 4.50484 1.7369 170483 0 -1.2307 0.184303 0
24.5272 45.3523 2.1822 1.88781 4.3844 1.58333 175810 0 1.62878 0.184196 0
-40.1578 19.124 -0.172033 1.99159 4.44209 1.67457 137232 0 -1.15298 0.183386 0
-0.160347 28.9889 1.46201 2.0677 4.8054 1.59067 151865 0 -1.45162 0.182904 0
4.94241 20.8681 1.56103 0.821277 0.877351 1.66582 140181 0 -0.913612 0.182364 1
29.2105 -6.54169 0.614916 0.680293 0.6875 1.04589 100009 0 -1.20521 0.181341 1
5.50192 13.0294 0.955548 0.704284 0.706648 1.51912 128483 0 -1.28205 0.181167 1
25.4113 45.8206 2.24181 2.04331 4.55859 1.67823 176749 0 1.57121 0.179941 0
22.8906 17.4219 1.27433 2.18097 4.9323 1.59332 135089 0 1.67972 0.179909 0
46.4648 20.2293 1.66715 0.766332 0.763652 1.70162 139375 0 -1.37829 0.178213 1
3.63765 14.4451 1.17726 2.00494 4.54027 1.51954 130817 0 1.69414 0.178129 0
-63.2718 5.33383 -0.492663 0.834033 0.888486 1.74454 117036 0 -1.11152 0.177774 1
18.3806 69.9152 2.51039 2.01445 4.46973 1.61006 211827 0 -1.55311 0.177225 0
34.3283 46.3707 2.15338 0.809426 0.792612 1.69288 177245 0 0.0887542 0.17695 1
36.9305 20.0687 1.36336 1.88337 4.48527 1.50456 138877 0 -1.44034 0.176839 0
36.402 25.8824 1.53163 1.80253 4.06356 1.40273 147299 0 1.63706 0.176598 0
19.1219 46.0112 1.80424 1.69485 3.79482 1.44477 176729 0 -1.45178 0.176179 0
-25.7489 42.8551 1.08217 1.75153 3.7805 1.63295 171909 0 1.88768 0.175838 0
44.3499 35.7257 2.01935 1.88316 4.15248 1.54124 161832 0 1.71825 0.175408 0
44.0211 37.2461 2.02509 1.95873 4.33347 1.54714 164171 0 1.6747 0.175262 0
-22.2799 18.9362 0.60712 2.18584 4.96284 1.74068 137288 0 2.03787 0.174812 0
50.0448 57.1079 2.54852 2.18087 4.78984 1.87412 193206 0 2.86877 0.174726 0
3.12521 65.0364 2.53282 2.41848 5.9149 1.91799 204759 0 -1.4588 0.174715 0
21.6799 66.4971 2.43164 1.74946 3.81503 1.48936 206689 0 -1.42841 0.173825 0
-31.9283 23.7333 0.445357 2.30973 5.20913 1.91474 144278 0 1.77771 0.173721 0
-0.466469 35.058 1.68134 2.18447 4.96951 1.69026 160756 0 -1.49171 0.173601 0
21.3309 57.703 2.26042 1.91719 4.1969 1.53945 194052 0 -1.38976 0.173246 0
29.1268 -6.29773 0.635789 0.755479 0.863072 1.08566 100477 0 -1.27538 0.173204 1
44.9548 43.3591 2.41758 2.04329 4.44703 1.67473 173066 0 1.19569 0.172832 0
54.5544 19.0248 1.57636 2.03062 4.56004 1.63524 137528 0 -1.7466 0.172605 0
28.8468 -6.93041 0.712561 0.812835 1.63229 1.6074 99540 0 -1.37327 0.172473 1
21.6634 54.06 2.28715 1.88184 4.13433 1.6266 188437 0 -1.34428 0.172165 0
18.2829 -5.46687 0.836076 0.831169 0.924508 1.80518 101379 0 1.86003 0.172152 1
61.3421 18.0273 1.58651 1.97174 4.35166 1.54529 136145 0 -1.80837 0.172134 0
45.2542 42.7173 2.39889 2.12659 4.64216 1.71056 172131 0 1.58666 0.17203 0
-41.4582 53.9172 1.14631 2.02548 4.59567 1.74503 188240 0 1.94633 0.171777 0
-21.939 4.87348 0.238853 0.840823 0.964252 1.65036 116697 0 -1.58733 0.171754 1
-40.4376 22.613 0.0562821 2.03628 4.36844 1.60172 142379 0 -1.29959 0.171749 0
-40.7895 58.3913 0.84858 2.02472 4.51527 1.60664 194794 0 1.9129 0.171571 0
52.7124 9.45486 1.25797 2.00941 4.66388 1.62177 123482 0 -1.47882 0.171559 0
54.2948 18.7046 1.55421 1.89156 4.22486 1.54566 137059 0 -1.69641 0.171481 0
59.0448 46.8517 2.4705 1.92162 4.20242 1.57622 178258 0 -1.36838 0.171456 0
59.6494 46.842 2.68288 2.12525 4.74554 1.75448 178260 0 -1.42785 0.171404 0
41.4475 19.1669 1.56643 1.76425 3.9589 1.43073 137487 0 1.65523 0.171044 0
28.9399 56.8642 2.38355 2.00009 4.48761 1.67695 192672 0 1.56579 0.170986 0
-42.3876 53.9444 1.17992 2.02156 4.49964 1.66455 188237 0 1.9939 0.170706 0
-20.9622 18.1159 0.497946 2.15878 4.72281 1.77275 135888 0 -1.32887 0.170505 0
73.4461 7.83671 1.26334 2.09756 4.51888 1.70076 121207 0 0.115192 0.170384 0
20.7389 -4.00185 0.852603 0.789752 0.915844 1.62977 103726 0 2.6071 0.169858 1
-41.1248 54.2484 1.15651 2.01595 4.56726 1.73927 188709 0 -2.27893 0.169698 0
58.7596 8.58508 1.45932 1.76633 4.04099 1.48647 122097 0 1.67113 0.169455 0
-52.5751 24.4467 0.0775703 2.25751 5.42218 1.77402 145149 0 -1.1886 0.169408 0
-40.7915 53.9071 1.11614 1.96775 4.48253 1.76929 188242 0 -1.21145 0.169288 0
-21.9716 4.71732 0.226236 0.880441 1.07004 1.65812 116229 0 -1.60214 0.16928 1
59.3815 45.9446 2.47062 2.01818 4.42674 1.64878 176855 0 -1.30253 0.168541 0
44.9564 43.0369 2.36798 2.05215 4.43435 1.6706 172598 0 1.45448 0.168086 0
-62.5783 14.8794 -0.698714 1.91996 4.26635 1.52261 131078 0 -1.08182 0.167954 0
-19.9393 23.2616 0.659193 2.09431 4.6946 1.54957 143379 0 -1.27773 0.167346 0
-26.408 5.31453 -0.126021 1.93028 4.39302 1.53845 117151 0 -1.33172 0.166816 0
1.1488 49.4828 2.0506 2.12551 4.79822 1.77592 181821 0 1.58498 0.166533 0
54.9198 26.7469 1.59419 1.9016 4.26911 1.50874 148761 0 -1.48573 0.166336 0
29.5471 -6.89137 0.646725 0.625541 0.65615 1.02974 99542 0 -1.37198 0.166235 1
-10.0546 62.3086 1.75992 1.96677 4.38273 1.64319 200506 0 1.63622 0.166114 0
27.9804 57.6624 2.49501 2.08567 4.5553 1.72489 194073 0 1.62592 0.165974 0
25.7621 39.6315 2.17355 1.99136 4.38433 1.53846 167390 0 1.68632 0.165476 0
59.3064 8.57789 1.48052 1.98486 4.71542 1.6339 122099 0 1.65263 0.165065 0
-36.9935 10.8151 -0.370179 2.04534 4.39267 1.51075 125074 0 -1.24493 0.164765 0
21.0107 57.439 2.2104 1.90454 4.19703 1.54767 193583 0 -1.33547 0.164701 0
19.2964 -4.76469 0.744765 0.836054 0.940811 1.63114 102786 0 1.93487 0.164669 1
-23.1789 19.0027 0.507434 2.11728 4.70761 1.7322 137285 0 1.89606 0.163457 0
-40.7562 61.3649 0.791538 0.784838 0.724882 1.73988 199006 0 -1.69267 0.16342 1
-22.5825 64.1206 1.00811 2.01895 4.58469 1.58749 203275 0 1.83865 0.162973 0
-32.1816 43.0058 0.959112 1.94152 4.28583 1.62905 172357 0 -1.92808 0.162879 0
-12.5472 -15.172 0.0693871 0.759942 0.909513 1.65691 87242 0 -2.92874 0.162853 1
-40.1095 57.834 0.836685 2.02325 4.58433 1.56689 193860 0 -1.17907 0.162444 0
41.1883 16.6987 1.41976 1.99266 4.53795 1.54827 134210 0 1.71208 0.162408 0
37.6669 37.0882 1.91998 1.70471 3.81554 1.52631 163683 0 -1.43123 0.161995 0
61.6044 17.192 1.64924 2.08907 4.62671 1.62529 134742 0 -2.83463 0.161906 0
48.4728 20.3235 1.93305 2.05313 4.56445 1.71027 139381 0 1.56876 0.161789 0
15.2828 -9.67919 0.807531 0.858526 0.946306 1.58535 95285 0 -3.1074 0.161528 1
-72.0717 -7.60387 -0.562767 0.840899 0.9985 1.79646 98288 0 1.62759 0.161105 1
3.93529 16.6238 1.39258 2.05189 4.75534 1.75919 133626 0 1.69583 0.161086 0
-32.7884 43.6841 1.03772 1.99074 4.42273 1.62419 173291 0 -2.69285 0.160922 0
31.6318 10.2599 1.21419 0.791278 0.938518 1.72686 124820 0 -0.0552178 0.160744 1
-42.1245 14.7885 -0.338208 2.05144 4.55187 1.61658 131142 0 -1.15778 0.160649 0
60.9933 17.4832 1.52064 1.97253 4.29671 1.56492 135208 0 -1.65551 0.160565 0
-38.3278 25.0023 0.166589 2.22237 4.99677 1.7064 146130 0 -1.28539 0.160363 0
73.7304 7.84296 1.24001 2.11992 4.67606 1.72393 121208 0 -0.195775 0.160254 0
59.6644 23.1892 1.32391 2.0763 4.75022 1.55686 143628 0 1.44187 0.160143 0
59.9877 26.6482 1.8212 1.98756 4.50098 1.67284 148777 0 -1.68864 0.16003 0
-13.4773 23.7919 0.880493 2.18914 5.46843 1.63672 144335 0 1.68367 0.159834 0
24.7736 30.6761 1.65474 2.09454 4.66797 1.48369 154283 0 1.68643 0.159538 0
-23.5139 12.9645 -0.0352984 2.11175 4.65972 1.58109 128392 0 -1.28081 0.159424 0
16.3735 -4.33663 0.798002 0.889135 0.958032 1.66061 103245 0 -1.38113 0.158976 1
-40.7471 61.5063 0.770125 0.804638 0.733232 1.7373 199474 0 -1.63225 0.158343 1
-58.3471 -11.6197 -0.574089 0.769125 0.83542 1.7681 92247 0 -1.42276 0.158218 1
4.36602 19.1098 1.46197 0.931979 1.19084 1.6954 137371 0 1.68366 0.158163 1
23.0265 -7.63032 0.819984 0.937596 1.05968 1.78385 98585 0 1.67334 0.157957 1
22.2414 73.7159 2.78286 2.33956 5.22534 1.94479 217455 0 -1.63283 0.157865 0
73.4388 7.20128 1.37813 2.2064 4.92448 1.81172 120271 0 0.0117117 0.15784 0
-41.7664 54.5418 1.19524 2.01698 4.55883 1.65369 189175 0 2.01479 0.157701 0
-33.0872 24.047 0.383123 2.21267 5.03605 1.83575 144742 0 1.82808 0.15758 0
60.31 26.4187 1.8135 2.00625 4.52178 1.71204 148310 0 -1.60127 0.157528 0
48.1934 20.3224 1.91516 1.90996 4.21186 1.63415 139380 0 2.03538 0.157454 0
27.051 51.3827 2.80512 2.08333 4.70436 1.89337 184710 0 -1.50201 0.157371 0
19.6598 42.8364 1.93113 2.05561 4.71869 1.75342 172051 0 -1.39899 0.157125 0
-11.3591 46.2525 0.603738 1.95643 4.48399 1.54919 177102 0 -1.42019 0.156575 0
5.17672 20.6416 1.63034 0.807107 0.871709 1.6686 139714 0 -0.708222 0.156575 1
19.0737 -4.75543 0.739215 0.804628 0.910061 1.60472 102785 0 1.89526 0.156549 1
48.1901 20.6359 1.88617 1.93813 4.2907 1.6338 139848 0 -2.26179 0.156248 0
73.7382 8.78797 1.10788 2.09093 4.69346 1.71949 122612 0 -0.927271 0.156233 0
21.5652 74.3781 2.90803 2.18496 5.07096 1.8517 218389 0 -2.02688 0.155947 0
18.8116 40.272 2.02206 1.86247 4.12819 1.79319 168304 0 -1.45367 0.155845 0
43.0753 33.1497 1.68073 2.04309 4.52981 1.5388 158084 0 1.67749 0.155844 0
-63.4197 5.32919 -0.520512 0.856798 0.935517 1.74425 117035 0 -1.0663 0.155588 1
44.6327 43.9727 2.50155 2.0597 4.59781 1.64688 174001 0 0.755738 0.155387 0
-31.5897 28.3159 0.423902 0.767324 0.841765 1.74915 150831 0 -2.18565 0.155337 1
20.6297 74.7447 2.67714 2.12704 4.80505 1.60386 218854 0 -1.92131 0.155285 0
44.2893 33.7121 1.865 2.06695 4.62786 1.61854 159024 0 1.6637 0.155269 0
59.9711 20.6932 1.3956 2.04419 4.46578 1.52561 139885 0 1.08979 0.155158 0
54.2606 20.0072 1.59261 1.92634 4.29939 1.5654 138931 0 -1.87807 0.154987 0
