-0.181396 11.1054 1.18243 2.07479 4.77666 1.76906 125657 0 1.59817 0.937171 0
1.04979 17.0718 1.38216 2.08942 4.6753 1.84725 134553 0 1.64258 0.924737 0
45.8379 -7.60086 1.42643 2.85041 7.62194 3.0549 98657 0 1.62905 0.917275 0
20.1138 11.4292 1.13605 2.07671 4.75365 1.53708 126188 0 1.64699 0.914436 0
12.4267 12.5967 1.2913 2.23276 5.16124 1.90564 128036 0 -1.5657 0.9057 0
50.3504 4.88695 1.26641 2.18902 4.89723 1.8549 116923 0 -1.45361 0.900956 0
20.3829 15.0883 1.30727 2.18679 4.75969 1.71702 131805 0 1.64176 0.897132 0
37.8269 8.43918 1.12039 1.97095 4.54798 1.54672 122032 0 1.67254 0.895641 0
33.1541 27.0732 1.45494 2.09984 4.88253 1.4699 149161 0 1.60203 0.895628 0
32.5644 8.82948 1.22781 1.96872 4.40578 1.68612 122483 0 -1.43993 0.895585 0
-32.4677 -4.83583 -0.608694 2.08633 4.58009 1.52179 102156 0 -1.60236 0.893399 0
61.8242 -1.4249 1.09814 2.07082 4.47121 1.77878 107599 0 -0.369849 0.893027 0
32.4865 15.4183 1.36072 2.01841 4.54466 1.70327 132311 0 -1.44891 0.884726 0
-5.0663 11.3825 1.03935 1.99304 4.55535 1.52775 126110 0 -1.46788 0.88264 0
-35.0628 -10.7994 -0.766066 2.18943 4.78475 1.97168 93724 0 0.0465337 0.880764 0
-17.3567 11.7874 0.820481 2.03815 4.65462 1.80386 126539 0 1.69882 0.88069 0
-62.2731 -3.68561 -0.910133 2.07745 4.31398 1.66461 103935 0 -1.48987 0.87676 0
-4.68612 17.5314 1.12444 2.06442 4.74612 1.48784 135003 0 -1.48973 0.873668 0
15.5166 40.8487 1.98421 2.11809 4.97933 1.90528 169230 0 -1.50991 0.872507 0
-16.5269 14.2253 0.894883 2.05374 4.49984 1.83564 130286 0 1.76856 0.870878 0
15.9144 37.9309 1.83742 2.00046 4.53085 1.64306 165019 0 -1.50234 0.865214 0
19.3081 22.5094 1.56386 2.07608 4.95613 1.7291 142566 0 1.65403 0.864536 0
-43.3033 -10.4834 -0.914525 2.1038 4.5945 1.73901 94166 0 0.0461813 0.86324 0
-40.7526 -11.0259 -0.955996 2.00163 4.35962 1.68981 93238 0 0.072072 0.862144 0
-18.4646 33.0273 1.14504 2.41316 5.52432 1.82813 157892 0 -1.18419 0.859806 0
-4.38088 20.3865 1.22421 2.08093 4.91621 1.47934 139216 0 -1.53396 0.858687 0
-41.1321 6.51778 -0.313903 1.83595 3.88609 1.45697 118977 0 1.90416 0.857446 0
32.7672 11.7832 1.20007 1.92825 4.45491 1.49291 126696 0 1.62009 0.855629 0
13.2673 -4.59099 0.769942 0.849666 0.900361 1.73477 102767 0 -0.538605 0.848989 1
50.1188 7.71568 1.09278 2.01164 4.52593 1.56671 121134 0 -1.49147 0.848432 0
-28.0038 7.12279 -0.103081 2.08377 4.7297 1.55444 119954 0 -1.25389 0.847018 0
19.6275 19.6641 1.24761 1.92188 4.48557 1.42907 138355 0 1.65917 0.843613 0
-19.3834 30.2332 0.926349 2.03284 4.59452 1.45321 153677 0 -1.24308 0.843342 0
14.5697 28.9541 1.50322 1.96794 4.62268 1.48142 151911 0 -1.49272 0.842732 0
-16.8199 19.9903 0.957561 2.07191 4.66235 1.91895 138709 0 1.73857 0.842094 0
1.52763 22.8895 1.50069 2.14444 5.0498 1.82339 142978 0 -1.43256 0.833691 0
13.2633 19.0968 1.22129 1.98035 4.59397 1.48624 137399 0 -1.56473 0.832168 0
13.6719 22.1495 1.46953 1.93592 4.29985 1.70885 142080 0 -1.5332 0.828061 0
13.6011 25.9825 1.35917 2.01457 4.74198 1.50775 147696 0 -1.48177 0.825533 0
-16.7666 17.1399 0.707875 1.92433 4.42764 1.52825 134497 0 1.71832 0.819403 0
-17.9765 8.27682 0.696963 1.93613 4.47051 1.52232 121389 0 1.62623 0.816964 0
-4.35871 14.6151 1.05006 2.06771 4.77359 1.4959 130792 0 -1.47555 0.814477 0
12.5639 15.7429 1.34371 2.23412 5.15041 1.90802 132717 0 -1.53787 0.803942 0
14.9453 32.0784 1.5797 1.95589 4.49175 1.4524 156592 0 -1.46412 0.799465 0
50.7295 10.7603 1.19946 1.9535 4.41676 1.71566 125348 0 -1.47859 0.796479 0
2.35031 31.6283 1.86148 2.07922 4.75713 1.85204 155617 0 1.64999 0.795708 0
-38.2784 15.1631 -0.0852982 1.92514 4.20496 1.55361 131622 0 1.90082 0.791477 0
15.5595 43.6711 1.90337 1.98469 4.39524 1.65337 173442 0 -1.5182 0.776521 0
-47.5155 5.25069 -0.353292 2.16143 4.91454 1.77773 117085 0 -1.3039 0.770242 0
-3.69635 26.2974 1.63093 2.15726 4.88326 1.72233 148110 0 -1.54123 0.769597 0
38.2496 11.4597 1.30599 2.08127 4.7912 1.68761 126245 0 1.63133 0.766587 0
-36.9202 20.2881 0.0320013 1.94255 4.34536 1.5082 139114 0 1.82357 0.764866 0
-25.7179 15.1723 0.395935 2.18971 5.01708 1.91048 131661 0 1.85886 0.763277 0
17.4737 64.4729 2.14452 2.0176 4.58765 1.5954 203868 0 -1.52664 0.760909 0
38.2657 14.6656 1.36588 2.00599 4.60908 1.52836 130925 0 1.70817 0.754464 0
-34.7917 7.6131 -0.253065 0.871105 0.88292 1.66651 120401 0 -1.10424 0.752916 1
32.8329 21.2101 1.31881 1.9612 4.49904 1.43085 140736 0 -1.48103 0.750709 0
19.407 25.5102 1.70538 2.16583 5.19695 1.63774 146778 0 1.65073 0.748812 0
-51.6975 48.7764 0.722596 2.13149 4.73928 1.63489 180720 0 -1.18373 0.747537 0
19.6759 -7.15916 0.83526 0.922291 1.03701 1.79772 99043 0 1.65994 0.74513 1
-42.6839 21.2095 -0.0507847 2.09628 4.70303 1.59519 140500 0 -1.30612 0.74398 0
15.5413 46.6377 1.94909 1.86104 4.16274 1.45413 177654 0 -1.4742 0.737908 0
0.734726 14.1424 1.17408 1.89107 4.26609 1.66183 130340 0 1.71942 0.732332 0
33.4191 30.4523 1.50808 2.20365 5.01622 1.55403 154310 0 1.63209 0.723213 0
27.4862 -5.01981 0.785404 0.918782 0.971455 1.67418 102343 0 -1.58969 0.7223 1
17.7934 55.1069 2.24872 2.08058 4.60557 1.76388 190297 0 -1.51447 0.719298 0
-39.5103 12.5616 -0.367357 1.97234 4.55187 1.51336 127874 0 1.90749 0.717584 0
17.4249 58.3524 2.10008 2.01294 4.55849 1.58677 194976 0 -1.46278 0.71003 0
-46.5353 7.89006 -0.463422 2.0944 4.72558 1.70419 120832 0 -1.27814 0.708439 0
52.6249 34.0522 1.80653 2.07595 4.65265 1.58553 159518 0 -1.54064 0.708131 0
27.3912 -5.63914 0.687346 0.728789 0.795822 1.33348 101407 0 -1.57169 0.702591 1
33.7536 35.2882 1.81404 2.16497 4.97658 1.62844 161331 0 1.67005 0.699251 0
-17.4178 35.7179 1.07306 2.05804 4.61487 1.59107 161639 0 -1.2418 0.698067 0
-16.1838 23.2986 0.868711 1.92026 4.37078 1.58767 143391 0 1.685 0.697115 0
-59.6319 15.6179 -0.406089 2.06827 4.52096 1.73279 132023 0 -1.15749 0.692879 0
20.6591 31.5295 1.57458 2.07041 4.83152 1.46067 155674 0 1.62789 0.69246 0
-42.067 23.808 0.199962 2.13741 4.70969 1.72668 144246 0 -1.33094 0.683728 0
17.7313 67.4027 2.33348 2.08498 4.70917 1.76951 208081 0 -1.57461 0.683436 0
12.7479 -8.17252 0.794637 0.91914 0.886502 1.65795 97617 0 2.27637 0.683314 1
12.3902 -6.98767 0.821293 0.841931 0.895473 1.70098 99488 0 3.00571 0.68164 1
56.1653 10.3684 1.29561 1.92559 4.35164 1.55471 124897 0 1.59722 0.680779 0
-26.7724 9.64478 -0.0610795 1.99831 4.41933 1.47643 123702 0 -1.29163 0.673738 0
32.779 18.3158 1.24298 1.82311 4.22566 1.39445 136524 0 -1.48877 0.663998 0
28.7538 9.85818 1.18648 0.832951 1.01587 1.72408 123875 0 0.0330342 0.660256 1
17.139 73.5104 2.34773 1.93295 4.3947 1.54869 216971 0 -1.56982 0.653725 0
-44.6525 15.7725 -0.263414 2.01227 4.34157 1.63746 132538 0 -1.27158 0.646718 0
-60.341 12.683 -0.525415 1.82358 4.12922 1.53001 127809 0 1.96812 0.642788 0
10.42 56.462 2.11472 2.10167 4.64259 1.57191 192146 0 -0.0336805 0.635027 0
-16.7686 38.5639 0.888198 2.10896 4.8648 1.59116 165853 0 -1.14752 0.629198 0
-4.03357 31.9041 1.75568 2.10578 4.81278 1.54896 156065 0 -1.54615 0.627676 0
27.0162 -6.24568 0.786097 0.895337 1.03999 1.69125 100470 0 -1.53962 0.626926 1
34.0607 38.303 1.9802 1.97152 4.43763 1.53805 165544 0 -1.47442 0.623078 0
21.2442 37.6255 1.99607 2.10583 4.77926 1.58004 164568 0 1.61892 0.600939 0
-54.2116 28.0893 0.162247 2.03641 4.60011 1.61244 150292 0 -1.26835 0.597963 0
-21.9243 25.3865 1.02406 2.07547 4.64475 1.71076 146649 0 -1.2647 0.592097 0
-66.0573 12.3006 -0.59181 2.14919 4.8387 1.57889 127323 0 -1.19882 0.588241 0
-45.891 10.4652 -0.125041 2.35527 5.36266 1.94929 124578 0 -1.26661 0.580188 0
-61.9214 7.88889 -0.61173 1.96815 4.16473 1.61265 120784 0 -1.24736 0.575381 0
19.9971 28.6132 1.5363 1.98711 4.60337 1.45834 151460 0 1.60522 0.570643 0
55.7955 4.58444 1.22496 2.08199 4.96304 1.59741 116472 0 1.6281 0.556597 0
21.2787 46.2543 2.28937 1.93243 4.37201 1.532 177204 0 1.53613 0.548144 0
30.3338 48.5533 1.99686 0.8119 0.79123 1.66745 180508 0 -3.13517 0.547425 1
-45.2773 13.2965 -0.322002 2.01276 4.49488 1.65491 128792 0 -1.28292 0.546872 0
-35.698 22.8711 0.367908 2.19448 4.80199 1.87461 142862 0 1.83934 0.541811 0
53.9078 45.8975 2.15665 2.0165 4.49497 1.53892 176838 0 -1.51032 0.534595 0
-0.817688 64.8014 2.6072 2.08511 4.71592 1.54696 204279 0 -1.54649 0.508898 0
21.9356 40.5169 2.12493 2.02201 4.54869 1.49513 168782 0 1.58739 0.506509 0
-37.9372 17.716 0.140579 2.03875 4.45195 1.81822 135367 0 1.89125 0.505633 0
21.2774 43.3119 2.20305 2.01214 4.49336 1.5689 172992 0 1.53225 0.502895 0
38.2556 20.4181 1.51524 1.89218 4.2655 1.46703 139349 0 1.64406 0.498012 0
-22.5649 22.6052 0.648816 2.01472 4.56528 1.53556 142435 0 -1.27991 0.493535 0
26.8259 -6.22312 0.798853 0.807671 0.898074 1.62822 100469 0 -1.50532 0.488772 1
23.5164 58.0198 2.46421 2.05277 4.5925 1.74227 194527 0 1.59369 0.486187 0
-40.4804 10.1219 -0.313404 2.05818 4.55223 1.52514 124127 0 1.8673 0.485108 0
17.7809 70.2743 2.40187 1.99141 4.48408 1.59033 212293 0 -1.58091 0.473384 0
-3.04277 44.0154 1.92331 2.16364 4.89837 1.83929 173852 0 -1.52945 0.472195 0
-67.6573 6.50226 -0.631589 2.13677 4.9078 1.71908 118894 0 -1.15557 0.468237 0
-3.34295 41.0786 1.82447 2.11795 4.80529 1.63937 169639 0 -1.53218 0.463876 0
-3.07477 23.2048 1.27177 1.92377 4.53038 1.4659 143432 0 -1.51777 0.455618 0
55.907 10.1795 1.26552 1.67613 3.71656 1.45536 124428 0 1.65259 0.452469 0
19.7131 28.3483 1.53962 2.01152 4.74251 1.44407 150991 0 1.61747 0.45142 0
-32.5079 34.0318 0.676903 2.00404 4.4176 1.58877 159252 0 1.90801 0.448052 0
12.9124 -3.03318 0.776018 0.777881 0.878085 1.6054 105106 0 -0.11811 0.426245 1
15.7624 -4.86573 0.831066 0.83848 0.91779 1.78462 102307 0 2.80663 0.425622 1
16.7645 -4.56618 0.773175 0.854091 0.902833 1.51544 102778 0 1.98971 0.424562 1
-33.119 31.229 0.503446 1.97033 4.39737 1.4849 155038 0 1.86367 0.42344 0
-67.3836 6.2929 -0.646617 1.92174 4.21787 1.61116 118427 0 -1.44785 0.419633 0
39.1686 26.3857 1.61915 2.20579 5.0456 1.59965 148244 0 1.68635 0.41935 0
1.13623 20.0174 1.25175 2.03922 4.7655 1.5054 138765 0 1.70971 0.417749 0
40.1708 26.3689 1.7731 2.16863 4.83596 1.62235 148247 0 1.67609 0.408879 0
34.7028 35.2635 1.82894 2.31214 5.30347 1.67622 161334 0 -1.47148 0.400004 0
-4.03294 23.2484 1.29493 1.81716 4.24555 1.39934 143429 0 1.59288 0.399819 0
-43.9801 18.4415 -0.0768726 2.03609 4.6037 1.61567 136284 0 -1.27825 0.399334 0
27.2694 -6.30115 0.76294 0.925655 1.41099 1.70881 100471 0 -1.6139 0.398482 1
51.0487 13.5947 1.37848 1.98027 4.48161 1.63818 129561 0 -1.54173 0.392883 0
13.272 -4.4689 0.790595 0.885727 0.988828 1.76105 103235 0 -0.54624 0.392093 1
-29.8906 42.4655 1.00861 2.04246 4.72141 1.88199 171428 0 1.9256 0.389518 0
39.2054 29.6445 1.86832 2.36481 5.64206 1.89402 152924 0 -1.54961 0.387963 0
-62.4988 7.92937 -0.612608 2.15772 4.7202 1.65504 120782 0 -1.24272 0.383962 0
43.3002 22.8401 1.62849 0.733624 0.715011 1.70855 143109 0 0.258604 0.381069 1
-4.59017 32.0804 1.76213 2.17048 4.92225 1.58808 156531 0 -1.55048 0.380067 0
-36.9371 28.9302 0.534548 2.06719 4.68452 1.80045 151750 0 1.96369 0.370518 0
-12.3378 71.4306 2.4618 2.08478 4.67094 1.72092 214071 0 1.63951 0.366554 0
27.3433 -5.85838 0.714341 0.851285 0.9299 1.48667 100939 0 -1.58212 0.360921 1
12.509 -7.08126 0.830219 0.90862 0.976843 1.74412 99021 0 3.1171 0.357622 1
27.4667 -5.19955 0.785338 0.969729 0.998533 1.65925 101875 0 -1.64751 0.354111 1
55.8378 7.23716 1.15848 1.95775 4.47712 1.51554 120216 0 1.64085 0.347302 0
-27.6997 63.8015 1.342 2.0065 4.49089 1.58344 202791 0 -1.28465 0.342021 0
-45.0026 13.5258 -0.345907 1.94188 4.2665 1.5895 129261 0 -1.2454 0.337906 0
-65.5218 12.282 -0.676609 1.8762 4.07191 1.49172 127325 0 -1.17501 0.337786 0
17.4767 67.1493 2.37157 1.88356 4.1748 1.66761 207612 0 -1.54253 0.333994 0
39.8273 44.0077 2.1904 2.00634 4.57477 1.56514 173986 0 1.63076 0.333206 0
-43.7246 18.6737 -0.0919115 2.06065 4.62997 1.64437 136753 0 -1.25824 0.332732 0
39.5241 34.378 1.63622 0.859329 0.989937 1.58304 159945 0 -1.3879 0.328694 1
0.48037 58.7369 2.55815 1.98506 4.50559 1.64665 195391 0 -1.55912 0.328012 0
53.918 46.1517 2.17271 2.14192 4.74173 1.61178 177306 0 1.36132 0.327512 0
34.0761 44.5938 1.93694 1.96789 4.45564 1.51657 174904 0 -1.55802 0.323179 0
15.7746 -4.73566 0.85248 0.856376 0.963809 1.79739 102775 0 -2.0445 0.32075 1
20.9981 40.5043 1.97652 2.05956 4.7995 1.54531 168779 0 1.5875 0.317124 0
-11.6952 71.2647 2.46467 1.92348 4.51394 1.5722 213605 0 1.62735 0.316921 0
33.7692 44.3654 1.87818 1.95873 4.5066 1.52514 174435 0 -1.49392 0.31465 0
17.6632 73.716 2.49996 2.26027 5.29106 1.8372 217441 0 -1.584 0.31354 0
27.3386 -6.49159 0.754601 0.855285 1.47702 1.6599 100003 0 -1.54372 0.313472 1
0.174896 59.025 2.56297 1.89613 4.25934 1.57913 195858 0 -1.5757 0.312402 0
57.1327 27.7124 1.7289 2.00891 4.50356 1.66494 150172 0 -1.46154 0.310542 0
56.4363 10.6151 1.27273 2.17488 5.00174 1.69972 125366 0 1.5616 0.307861 0
12.6788 -8.37897 0.789785 0.876085 0.866951 1.64849 97149 0 2.26227 0.306214 1
-24.4707 23.1904 0.712331 2.06401 4.60485 1.54941 143365 0 1.85852 0.299047 0
15.6454 -4.87431 0.854446 0.800714 0.897159 1.77739 102306 0 1.9776 0.298652 1
-3.30614 43.731 1.91734 2.08502 4.59016 1.8105 173383 0 -1.56932 0.297022 0
38.8424 20.5567 1.53487 2.07437 4.77973 1.53498 139819 0 1.61761 0.296899 0
33.4921 38.4745 1.95182 1.9601 4.37685 1.50418 166010 0 -1.49393 0.296249 0
30.4518 48.6784 2.02434 0.854606 0.871753 1.68066 180977 0 -3.09371 0.295939 1
-46.9662 5.20635 -0.399214 1.82813 3.89859 1.60042 117087 0 -1.29245 0.295321 0
52.0076 37.2673 1.87921 1.9245 4.37288 1.50933 164196 0 -1.56915 0.293671 0
-60.0394 12.3946 -0.571667 1.54128 3.25277 1.42133 127342 0 1.9406 0.28687 0
-2.75841 40.8418 1.79915 2.05584 4.74866 1.61687 169173 0 -1.45886 0.286618 0
52.3186 37.0027 1.90902 1.91478 4.40928 1.48652 163729 0 -1.56495 0.284493 0
20.9922 46.0221 2.24742 1.90047 4.3698 1.55219 176735 0 1.56835 0.282532 0
27.54 -5.61227 0.702816 0.821633 0.890621 1.38609 101408 0 -1.54237 0.281396 1
43.1407 22.8449 1.65938 0.736046 0.717109 1.7233 143108 0 0.828787 0.280107 1
-36.5416 22.955 0.273024 2.20566 5.09201 1.88805 142859 0 1.79435 0.278898 0
-67.1001 6.25311 -0.666867 1.75626 3.67977 1.5423 118428 0 -1.66838 0.277999 0
-41.0432 10.158 -0.333928 2.10284 4.59738 1.57702 124125 0 1.89585 0.277258 0
40.1774 34.77 1.7552 2.05002 4.64647 1.56496 160415 0 1.63762 0.277242 0
38.8061 11.5858 1.30449 2.11328 4.98409 1.62375 126715 0 1.67219 0.276989 0
35.0322 53.3217 1.87168 1.87328 4.21574 1.45502 187543 0 -1.45348 0.274676 0
33.4437 44.3659 1.89429 1.95993 4.55925 1.5351 174434 0 0.0512601 0.274196 0
-3.03079 43.3864 1.90048 2.13036 4.82423 1.80776 172916 0 -1.51502 0.272755 0
21.8966 46.4791 2.33388 2.00786 4.50979 1.54507 177674 0 1.53569 0.272376 0
33.1178 44.5995 1.96435 2.02404 4.67353 1.5574 174901 0 1.55142 0.27226 0
1.77452 25.7941 1.34169 2.10758 4.93269 1.5434 147191 0 -1.37492 0.272014 0
20.6788 43.103 2.12692 1.93356 4.36942 1.5109 172522 0 1.59489 0.270825 0
-18.0048 35.969 1.05499 2.38949 5.76134 1.86608 162105 0 -1.21626 0.269624 0
17.4492 57.8761 2.10639 1.98605 4.58076 1.57713 194040 0 -1.40815 0.269544 0
-37.3053 17.526 0.100649 2.22067 4.9889 1.90304 134901 0 1.82394 0.269114 0
55.8379 28.0021 1.74363 2.00568 4.5387 1.59664 150636 0 1.64377 0.268768 0
-45.9491 10.9379 -0.0956483 2.34952 5.7025 1.99798 125514 0 -1.21203 0.263176 0
6.25082 56.8063 2.3598 2.1773 4.8578 1.85929 192601 0 3.06723 0.26287 0
13.1016 -4.6048 0.763103 0.870701 1.02316 1.76254 102766 0 -0.791444 0.261806 1
-1.38445 65.0316 2.60776 2.20302 4.96468 1.65536 204745 0 -1.49712 0.261216 0
-21.9724 22.546 0.662538 1.92779 4.34013 1.54317 142437 0 -1.25656 0.26048 0
18.0448 70.0045 2.35801 2.08215 4.73903 1.6787 211826 0 -1.54417 0.259844 0
22.5073 40.7175 2.14876 1.999 4.44915 1.52698 169252 0 1.53976 0.259816 0
53.2797 36.9716 1.95297 1.96267 4.38698 1.59929 163732 0 -1.5802 0.257653 0
34.7133 50.6444 1.73645 1.95787 4.41884 1.47342 183798 0 -1.54686 0.256348 0
19.868 -7.1511 0.813699 0.943527 1.10879 1.82143 99044 0 1.55626 0.254528 1
-16.8746 35.4378 1.01324 1.88876 4.0963 1.44734 161173 0 -1.23568 0.253821 0
50.7445 13.8572 1.33277 1.92416 4.41556 1.57742 130028 0 -1.54505 0.252751 0
-60.5852 12.4201 -0.522299 1.90068 4.36775 1.55645 127340 0 1.9481 0.25224 0
18.3351 70.4943 2.37329 2.23949 5.12566 1.80864 212763 0 -1.62089 0.251807 0
17.1205 61.318 1.98568 2.12142 4.79717 1.61838 199187 0 -0.308876 0.251714 0
4.9598 55.5031 2.31675 2.16654 4.83663 1.81944 190725 0 1.59292 0.251316 0
51.6977 19.3595 1.63542 2.10113 4.77501 1.67773 137987 0 -1.50152 0.251313 0
-34.912 7.71979 -0.25292 0.874959 0.966303 1.71882 120868 0 -1.13277 0.250815 1
-4.31377 29.2754 1.65923 2.0917 4.65888 1.59101 152320 0 -1.47993 0.249494 0
6.79268 39.9143 1.83264 0.846193 0.789667 1.68099 167799 0 -0.0942482 0.248259 1
34.72 53.576 1.89464 1.88717 4.22151 1.46621 188010 0 -1.44993 0.247456 0
26.0998 27.3251 1.39215 0.930715 1.16996 1.58445 149607 0 -1.75607 0.247447 1
41.1073 34.7272 1.92267 2.00897 4.52351 1.64325 160418 0 1.65353 0.247071 0
24.1096 57.8202 2.53603 2.13639 4.7205 1.74681 194061 0 1.56298 0.245036 0
19.7168 28.8761 1.4896 1.97182 4.578 1.47302 151927 0 1.62837 0.245033 0
4.30396 67.6731 3.22047 0.906972 0.962085 1.82846 208507 0 0.221868 0.244381 1
64.4448 33.4136 1.80975 2.18832 4.93894 1.81539 158619 0 -3.06022 0.243821 0
-33.0694 34.3291 0.624739 2.15337 4.8423 1.67442 159718 0 1.95158 0.243548 0
43.3124 22.6489 1.63714 0.812427 0.822848 1.69529 142641 0 0.682397 0.243507 1
-4.22911 26.1793 1.63677 1.9199 4.26468 1.67592 147640 0 -1.53472 0.243051 0
34.6961 44.347 1.91969 1.99873 4.46494 1.54578 174438 0 -1.47826 0.240854 0
45.3639 55.5404 2.21076 0.774201 0.748023 1.67893 190851 0 0.934411 0.240678 1
45.4931 55.5152 2.22285 0.790351 0.754279 1.70949 190852 0 0.909379 0.240591 1
20.5915 28.364 1.61228 2.06374 4.76883 1.48175 150994 0 -1.54884 0.240325 0
22.2218 40.2626 2.13461 1.903 4.21152 1.46283 168315 0 1.60118 0.237935 0
12.0155 -9.07463 0.838405 0.843079 0.856546 1.76713 96211 0 2.79688 0.237499 1
-44.5803 18.7256 -0.031202 2.12311 4.76603 1.66729 136750 0 -1.27793 0.236887 0
12.7298 -7.95965 0.808085 0.925245 0.950181 1.68962 98085 0 2.39506 0.236607 1
-37.2073 28.6978 0.469931 2.08609 4.61494 1.80036 151281 0 1.94632 0.236309 0
2.05218 26.0353 1.27169 2.11278 4.97452 1.52473 147660 0 1.53604 0.235863 0
35.3386 53.5729 1.97189 1.92929 4.33112 1.47158 188012 0 -1.55571 0.235703 0
16.0391 46.8246 1.95106 2.1466 5.02967 1.66371 178124 0 -1.54629 0.234672 0
-32.1645 30.9542 0.459417 1.9856 4.48084 1.50225 154573 0 1.92836 0.234196 0
38.9039 44.0428 2.09091 1.9322 4.4144 1.49873 173983 0 1.61854 0.233721 0
-11.0574 71.4387 2.51005 2.12244 4.79977 1.66633 214075 0 -1.53122 0.233695 0
0.739738 59.0122 2.57971 2.15428 4.91218 1.78026 195860 0 -1.59551 0.233675 0
40.7798 44.0153 2.43251 2.00665 4.44537 1.57666 173989 0 1.62328 0.233265 0
64.2085 31.5069 1.73969 2.09763 4.60386 1.79163 155810 0 0.0983829 0.233078 0
52.9505 37.2472 1.96053 1.98855 4.43104 1.56414 164199 0 -1.57729 0.232652 0
17.1199 61.5601 1.98508 2.15009 4.87927 1.63135 199655 0 -1.46056 0.230619 0
-60.3653 13.1712 -0.486506 2.11537 4.63132 1.65654 128745 0 2.00114 0.230492 0
22.2212 37.5897 2.08711 2.06772 4.5939 1.61238 164571 0 1.67463 0.230484 0
56.5004 27.7294 1.7223 2.05952 4.62205 1.64286 150170 0 0.978766 0.229729 0
40.791 35.0042 1.9075 1.96248 4.34939 1.60144 160885 0 1.62627 0.228515 0
-33.7159 31.2607 0.512165 2.04678 4.54126 1.54694 155036 0 1.85094 0.228233 0
0.464561 59.304 2.59744 2.05615 4.69309 1.69715 196327 0 -1.60707 0.227121 0
12.7756 -3.04215 0.778015 0.792212 0.909977 1.62421 105105 0 -0.171204 0.226945 1
39.5105 26.6133 1.72801 2.15696 4.79233 1.59483 148713 0 1.65991 0.226602 0
-34.7164 28.0083 0.397939 2.13139 4.83145 1.80448 150353 0 -1.27649 0.225246 0
53.9177 37.2366 1.94351 2.03446 4.58766 1.67962 164202 0 -1.60559 0.224913 0
56.1552 13.2793 1.26186 1.99662 4.46628 1.60675 129109 0 1.57413 0.224674 0
-38.9965 12.3458 -0.330765 1.67078 3.44557 1.36813 127408 0 1.91476 0.224448 0
15.6256 -4.73508 0.881518 0.829346 0.941053 1.80892 102774 0 2.59692 0.223649 1
-35.6634 44.9765 1.81138 2.36077 4.86938 2.14445 175154 0 1.70231 0.222996 0
6.55175 57.0698 2.34873 2.30292 5.24924 1.94143 193070 0 3.13797 0.222777 0
51.9949 13.5925 1.42954 1.92607 4.25678 1.66908 129564 0 -1.54714 0.222726 0
-4.29034 31.6155 1.73167 2.11142 4.82009 1.55965 155596 0 -1.51893 0.222321 0
38.7808 14.8242 1.40235 2.26641 5.64437 1.68423 131395 0 1.64904 0.22218 0
-43.3822 18.1459 -0.0949817 1.99369 4.50254 1.63591 135818 0 -1.25331 0.222037 0
35.337 50.4427 1.78492 1.94335 4.37615 1.4672 183332 0 -1.53022 0.221721 0
-36.0357 28.6116 0.493375 2.22111 5.0138 1.88362 151285 0 1.90459 0.221667 0
51.3658 37.013 1.87223 1.87103 4.26594 1.5056 163726 0 -1.6014 0.220628 0
-38.2402 33.4526 0.602442 1.88031 4.20574 1.48265 158298 0 -1.20349 0.220035 0
21.2071 31.7292 1.68665 2.19516 5.1019 1.49649 156144 0 1.64611 0.220007 0
56.1617 27.7356 1.72599 2.07576 4.62891 1.63381 150169 0 1.6259 0.219924 0
0.751595 58.4525 2.5371 2.11965 4.74632 1.744 194924 0 -1.55989 0.218455 0
16.6012 -4.59321 0.784218 0.832043 0.885946 1.5181 102777 0 2.12313 0.218235 1
20.2867 28.0887 1.60574 2.06267 4.71317 1.46918 150525 0 -1.38213 0.217514 0
27.5979 -6.53998 0.681124 0.802016 0.917367 1.31064 100004 0 -1.56217 0.215755 1
15.7749 -4.27598 0.974197 0.872113 0.923664 1.81708 103243 0 -1.5883 0.215593 1
35.351 56.2226 2.06054 1.92996 4.45713 1.53853 191756 0 -1.49697 0.214309 0
-55.2078 22.5957 -0.0977297 1.94786 4.38166 1.53251 142333 0 1.57334 0.214087 0
38.249 11.8793 1.32825 2.02165 4.6388 1.63145 127181 0 1.67835 0.213441 0
5.9287 56.5332 2.30286 2.12082 4.61584 1.82165 192132 0 2.92942 0.212887 0
22.9699 57.827 2.40669 2.06268 4.6244 1.71811 194057 0 1.57116 0.211608 0
33.345 18.1307 1.20149 1.84014 4.29495 1.42928 136058 0 -1.44312 0.211444 0
39.549 43.724 2.0919 1.88665 4.01039 1.59739 173517 0 1.65886 0.210833 0
21.8489 43.0861 2.22655 2.06363 4.63506 1.65622 172526 0 1.54151 0.210332 0
-16.2925 17.0289 0.745773 1.69634 3.40448 1.47304 134499 0 1.73665 0.210101 0
19.4916 -7.18124 0.840381 0.952714 1.27446 1.8209 99042 0 1.63453 0.210037 1
-55.5034 22.8661 0.0162554 2.06133 4.73502 1.58773 142800 0 -1.13133 0.209229 0
55.2022 48.777 2.33008 1.97595 4.4269 1.64379 181054 0 -1.62015 0.208698 0
-3.0519 40.5344 1.81643 2.12482 4.79853 1.62516 168704 0 -1.42959 0.207952 0
52.3119 37.5409 1.93863 1.96654 4.40042 1.53997 164665 0 -1.53149 0.20683 0
27.0497 -5.99658 0.78157 0.9405 1.02948 1.6366 100938 0 -1.6085 0.206164 1
22.1633 46.3 2.30651 2.0494 4.67707 1.59735 177207 0 -1.8649 0.204427 0
26.3504 27.3379 1.40163 1.08138 1.47629 1.58991 149608 0 -1.88502 0.20388 1
-12.8907 71.2959 2.38492 2.00945 4.65036 1.77869 213601 0 1.62421 0.20366 0
56.463 12.9847 1.25562 1.98229 4.41653 1.60186 128642 0 1.55802 0.203397 0
17.7758 70.7932 2.40559 2.04348 4.6001 1.62805 213229 0 -1.61195 0.203107 0
-31.5567 33.7187 0.67852 2.06149 4.61593 1.57749 158787 0 1.87683 0.202457 0
56.4872 24.826 1.50457 2.04324 4.68703 1.60264 145958 0 1.72433 0.201164 0
12.8521 -8.34515 0.757314 0.937742 0.936974 1.67192 97150 0 2.26888 0.200789 1
15.2756 40.6059 1.95688 1.88218 4.35516 1.81516 168761 0 -1.47224 0.200763 0
-45.5361 13.0447 -0.302484 2.09281 4.61915 1.7128 128323 0 -1.29914 0.200662 0
51.9674 19.6416 1.64712 2.1714 4.95489 1.71497 138456 0 -1.52907 0.2002 0
-3.05182 39.8577 1.81299 2.13998 4.79194 1.62032 167768 0 -1.45151 0.200188 0
70.2429 8.13058 1.6433 2.0663 4.50988 1.66966 121665 0 -0.25528 0.199305 0
-28.9338 42.119 1.01132 2.00081 4.50436 1.77899 170963 0 -1.28925 0.199066 0
12.91 -3.23363 0.832315 0.809829 0.880528 1.63359 104638 0 -0.333632 0.19884 1
56.4766 13.6012 1.2787 1.97252 4.47179 1.60501 129578 0 1.56899 0.198534 0
26.3905 27.666 1.383 2.04082 4.33202 1.5699 150076 0 -1.63252 0.198477 0
-38.5591 33.7281 0.654058 1.94032 4.35077 1.52375 158765 0 1.08456 0.198457 0
-21.5931 24.9002 0.959957 2.02627 4.5914 1.7209 145714 0 -1.21031 0.198425 0
-38.5356 33.4767 0.630826 1.90121 4.31299 1.51394 158297 0 -0.705887 0.198344 0
34.0854 44.0661 1.88885 1.9985 4.5575 1.53518 173968 0 -1.43716 0.198177 0
-2.45298 44.2554 1.97034 2.19245 5.10573 1.86277 174322 0 -1.48987 0.198083 0
19.6588 -7.38499 0.84243 0.921594 1.07248 1.7749 98575 0 1.4764 0.197385 1
55.2308 7.46254 1.01431 1.85403 4.16879 1.43242 120682 0 1.68425 0.197282 0
-1.43476 58.3619 2.19771 0.811973 0.885491 1.77366 194917 0 -1.76973 0.197221 1
33.7955 38.0365 1.97037 1.88254 4.24567 1.51187 165075 0 -1.46665 0.197075 0
53.3805 45.8938 2.13241 1.77645 3.83895 1.46197 176836 0 1.32057 0.19707 0
-42.6728 24.0692 0.234745 2.18461 4.77742 1.68022 144712 0 -1.32242 0.197023 0
-38.7787 15.418 -0.105958 2.20883 5.16013 1.69672 132088 0 1.88432 0.196807 0
12.9278 -2.84514 0.814875 0.816481 0.966893 1.65537 105574 0 0.0431613 0.196512 1
41.7609 52.973 2.08517 1.95152 4.41019 1.52689 187096 0 2.17772 0.196012 0
4.96751 55.7877 2.32104 2.25033 5.10011 1.88901 191193 0 1.83295 0.195477 0
-35.3712 44.9495 1.80736 2.29351 4.68073 2.10936 175155 0 -1.12638 0.195221 0
32.1854 44.6335 2.07414 2.00591 4.55876 1.61842 174898 0 1.57236 0.194619 0
-54.9138 22.5628 -0.142739 1.89322 4.23469 1.49929 142334 0 -0.768342 0.194515 0
35.0013 44.6129 1.94311 1.99324 4.41648 1.56564 174907 0 -1.55764 0.194431 0
23.2243 58.3039 2.46455 2.07778 4.64852 1.72665 194994 0 1.61334 0.194429 0
-44.7065 13.0004 -0.308355 1.80259 3.90148 1.5532 128326 0 -1.25739 0.194357 0
12.8672 -7.97145 0.824285 0.864359 0.857221 1.68278 98086 0 2.38229 0.194171 1
-35.9851 45.266 1.87071 2.49885 5.55443 2.22795 175621 0 1.9094 0.194077 0
17.1764 73.9725 2.40255 2.14665 4.7512 1.68032 217907 0 -1.61631 0.193951 0
42.0622 52.9655 2.14849 1.98785 4.50319 1.55131 187097 0 2.40116 0.193701 0
35.9798 53.3039 2.02005 1.90263 4.17908 1.48354 187546 0 -1.48554 0.193594 0
52.9696 36.6829 1.96176 1.90348 4.2851 1.5636 163263 0 -1.53597 0.193511 0
-59.9933 16.0401 -0.423345 2.25589 5.3567 1.80494 132958 0 -1.07631 0.19348 0
-38.2531 33.7113 0.624944 1.9079 4.27389 1.49825 158766 0 -1.50912 0.193293 0
38.5628 44.2671 2.19019 1.91231 4.19657 1.50225 174450 0 1.65102 0.193126 0
-67.1371 6.4687 -0.663782 1.90393 4.00998 1.56442 118896 0 -1.17201 0.191567 0
-55.4906 22.6101 -0.0315832 2.03457 4.63573 1.5721 142332 0 1.20429 0.191008 0
-60.8505 12.9257 -0.43029 2.1967 5.18397 1.78554 128275 0 1.93632 0.190494 0
-35.0654 22.639 0.335987 2.18824 4.84584 1.91327 142396 0 1.75091 0.19017 0
57.7573 33.1511 1.65678 2.0535 4.69791 1.70545 158130 0 -1.5489 0.189969 0
21.2673 28.6077 1.67035 1.97455 4.42339 1.50414 151464 0 -1.56873 0.18978 0
18.0488 55.3904 2.25535 2.29987 5.16588 1.88167 190766 0 -1.55 0.189524 0
-5.22958 31.8871 1.74654 2.14893 4.85777 1.65062 156061 0 1.6004 0.189191 0
39.5584 35.0298 1.67245 1.98414 4.46834 1.56708 160881 0 1.62161 0.189132 0
12.0953 -6.92471 0.805867 0.857233 1.05485 1.58752 99487 0 3.01664 0.188748 1
56.1509 28.2618 1.72633 2.05232 4.67221 1.60595 151105 0 1.7065 0.188634 0
20.9918 43.5871 2.18614 1.97532 4.42726 1.55496 173459 0 1.53492 0.188613 0
51.665 13.3572 1.36979 1.90865 4.26315 1.7182 129095 0 -1.52482 0.188498 0
-3.61206 44.2743 1.90734 2.18983 4.91636 1.85948 174318 0 -1.58695 0.188456 0
27.1701 -5.65235 0.745041 0.744021 0.843884 1.49956 101406 0 -1.6059 0.188221 1
-0.166359 56.7943 2.38045 2.00764 4.41828 1.55255 192581 0 -3.12091 0.187085 0
56.4158 7.4708 1.26527 2.14969 4.94685 1.64982 120686 0 1.59208 0.186109 0
-42.1714 21.0657 -0.0985082 1.84333 3.81843 1.51828 140034 0 -1.3247 0.18608 0
70.8025 1.4686 1.10748 0.776407 0.822267 1.6995 111839 0 -1.74289 0.185846 1
10.4179 55.93 2.02782 1.77795 3.5545 1.37554 191210 0 -0.0938276 0.185406 0
32.25 18.2025 1.26031 1.76821 4.03897 1.43622 136054 0 -1.4746 0.185167 0
21.2817 40.2401 2.00972 2.06162 4.70547 1.51806 168312 0 1.59438 0.18485 0
-61.3286 7.60886 -0.65058 2.17756 4.70985 1.69632 120318 0 -1.23493 0.184519 0
21.2071 31.3216 1.63804 2.1155 4.90069 1.4788 155208 0 1.59862 0.184239 0
51.6591 13.8616 1.42494 1.9456 4.34619 1.63338 130031 0 -1.55096 0.183853 0
33.7874 53.611 1.89547 1.96063 4.4077 1.487 188007 0 -1.48514 0.183806 0
-34.7148 44.6291 1.6506 2.21424 4.77639 2.05216 174689 0 -1.19812 0.18315 0
32.4922 44.3686 2.00665 1.9933 4.52617 1.57415 174431 0 1.55604 0.183038 0
54.4777 45.933 2.18105 2.3163 5.51304 1.82481 176840 0 0.598974 0.182745 0
-53.9385 22.2172 -0.242707 1.85238 4.23303 1.48145 141869 0 -1.26139 0.18136 0
43.1319 22.6506 1.642 0.765193 0.801518 1.6987 142640 0 1.25381 0.180365 1
35.6678 53.0022 1.95789 1.8901 4.18454 1.4547 187077 0 -1.40131 0.179904 0
26.1065 27.0954 1.40538 1.19352 1.85747 1.55263 149139 0 -2.02517 0.179846 1
21.2895 42.8024 2.25725 2.08365 4.67114 1.5992 172056 0 1.58568 0.178985 0
14.563 -9.78938 0.593087 0.775137 0.792776 1.58894 95283 0 1.57121 0.178567 1
56.7818 13.9119 1.31698 2.00698 4.45596 1.6098 130047 0 1.56565 0.178187 0
41.4573 52.9727 2.09797 1.94802 4.39849 1.51948 187095 0 1.94547 0.178141 0
51.4009 19.0682 1.60771 1.99528 4.49155 1.6102 137518 0 -1.44389 0.177882 0
-54.589 22.5191 -0.191406 1.88674 4.23249 1.48418 142335 0 -1.25244 0.177562 0
27.5833 -5.86298 0.699297 0.824093 0.917849 1.31335 100940 0 -1.52243 0.177226 1
15.773 46.3543 1.91049 1.97013 4.53162 1.54564 177187 0 -1.4114 0.177034 0
-15.909 38.2081 0.891191 2.06184 4.65652 1.59596 165388 0 -1.14153 0.176981 0
-22.82 22.3399 0.628172 1.99518 4.47241 1.54088 141966 0 -1.28899 0.176839 0
12.01 -8.84401 0.824002 0.832225 0.829441 1.74718 96679 0 2.85559 0.176745 1
52.0071 34.2833 1.83315 2.36077 5.27027 1.73184 159984 0 -1.53087 0.176678 0
-28.9535 4.64647 -0.318412 1.90702 4.3196 1.48116 116207 0 -1.27655 0.176568 0
-14.9615 -14.2416 0.318119 0.821139 0.825161 1.64004 88639 0 -1.81308 0.176002 1
51.0717 37.2387 1.90545 2.00681 4.53956 1.58749 164193 0 -1.60178 0.175957 0
-17.668 35.4669 1.03893 2.13641 4.88563 1.65354 161170 0 -1.29324 0.175902 0
0.15387 56.4744 2.31838 2.0181 4.42228 1.53868 192114 0 -2.8771 0.174909 0
-37.9516 33.1356 0.592259 1.92525 4.33132 1.48214 157831 0 -1.16534 0.174753 0
40.4765 43.7602 2.30292 1.91896 4.39255 1.55896 173520 0 1.64646 0.173877 0
26.7952 -6.03677 0.806046 0.827304 0.917996 1.61146 100937 0 -1.55145 0.173572 1
55.5032 48.5112 2.31729 2.06144 4.66086 1.72095 180587 0 -1.56843 0.173512 0
26.3646 27.0731 1.40144 1.43591 2.36167 1.54921 149140 0 -2.05508 0.173325 0
17.7849 54.7023 2.1933 1.94384 4.39045 1.70437 189361 0 -1.44445 0.173252 0
27.6175 -6.29436 0.715322 0.877999 1.11947 1.43575 100472 0 -1.56842 0.172992 1
-3.7096 29.0189 1.61937 2.05004 4.6434 1.56211 151854 0 -1.4722 0.172771 0
-3.04018 44.5487 1.93142 2.28619 5.1539 1.85343 174788 0 -1.49872 0.172716 0
26.7119 26.7232 1.41509 2.03188 4.48909 1.52088 148673 0 -2.27552 0.172542 0
39.5466 34.7018 1.66103 1.7625 3.53949 1.5791 160413 0 2.00087 0.172311 0
26.7024 27.0382 1.40832 2.05694 4.45641 1.54889 149141 0 -1.97363 0.172266 0
-0.111168 59.2972 2.57369 1.8502 4.0916 1.55889 196325 0 -1.58838 0.171945 0
-0.53669 37.2309 2.08826 0.848625 0.876922 1.70249 164032 0 1.55311 0.171941 1
58.3628 -26.041 0.873608 0.768655 1.78901 1.70567 71552 0 -3.02003 0.171839 2
17.1956 70.5142 2.39996 1.82095 3.96902 1.47242 212759 0 -1.59085 0.171446 0
42.0814 52.3293 2.09974 2.00224 4.5861 1.53222 186161 0 2.05952 0.171295 0
39.5158 34.1852 1.67374 0.868565 1.11221 1.65086 159477 0 -0.158375 0.171159 1
16.1244 -4.65431 0.800497 0.77671 0.88245 1.6447 102776 0 -2.09511 0.171006 1
-24.7205 22.9282 0.726204 2.13449 4.78526 1.62083 142896 0 1.80581 0.170959 0
34.1091 53.3403 1.84483 1.94133 4.4345 1.47732 187540 0 -1.47336 0.17078 0
53.9216 48.7934 2.34255 1.99233 4.51839 1.68277 181050 0 -1.58765 0.170398 0
-30.4873 42.73 0.934383 2.37669 5.63503 2.07694 171894 0 1.90352 0.170095 0
21.8714 46.0163 2.2813 1.86909 4.19918 1.51262 176738 0 1.59053 0.169413 0
57.4588 33.4157 1.65847 1.91129 4.25394 1.62045 158597 0 -1.56905 0.169328 0
-28.277 64.0997 1.30837 2.32565 5.58034 1.84557 203257 0 1.74913 0.169287 0
-35.3701 28.292 0.447105 2.20447 4.85071 1.82759 150819 0 -1.32533 0.168954 0
35.6534 50.6657 1.90993 1.95224 4.35644 1.47869 183801 0 -1.57598 0.16889 0
41.4257 34.4415 1.9658 2.05798 4.63976 1.70554 159951 0 1.68022 0.168818 0
-0.160431 56.4817 2.32493 2.02676 4.46431 1.53947 192113 0 -2.54203 0.168685 0
12.2897 -8.77215 0.834068 0.815481 0.834947 1.71916 96680 0 2.59532 0.168542 1
15.7808 -4.09132 0.984067 0.830697 0.862496 1.78577 103711 0 -1.56078 0.16814 1
56.1235 6.96724 1.17902 1.99265 4.59494 1.58813 119749 0 1.66006 0.167981 0
32.4731 44.9014 2.05224 1.97625 4.48789 1.59401 175367 0 1.60821 0.167881 0
-4.0168 29.5164 1.66392 2.05346 4.5901 1.58116 152789 0 -1.44401 0.16775 0
16.5777 73.4689 2.25546 1.7422 3.76407 1.46485 216969 0 -1.57525 0.167477 0
-43.1001 18.3771 -0.0939332 2.0836 4.63725 1.698 136287 0 -1.2563 0.167347 0
52.618 13.8856 1.42287 2.03804 4.61282 1.7077 130034 0 -1.55631 0.167346 0
-38.5618 29.5864 0.604888 2.06519 4.57008 1.66087 152681 0 1.90007 0.167006 0
-14.6618 -15.5267 0.201013 0.810126 0.844851 1.65635 86768 0 2.79378 0.166457 1
-40.7766 9.87918 -0.357339 2.07982 4.5262 1.55811 123658 0 1.67962 0.166394 0
56.832 27.4384 1.65977 2.09332 4.71257 1.70728 149703 0 -1.45039 0.165975 0
-31.5793 30.863 0.481677 2.07936 4.57091 1.52084 154575 0 1.81114 0.165954 0
-49.4874 37.5987 0.0846296 0.857071 1.01428 1.68163 164347 0 -0.977161 0.165946 1
17.6681 58.6151 2.15827 2.20408 5.06708 1.73869 195445 0 -1.52361 0.165833 0
36.2792 56.1938 2.12533 2.01258 4.52823 1.59027 191759 0 -1.48437 0.165601 0
-4.62804 29.0289 1.61858 2.06253 4.57999 1.59491 151851 0 -1.50629 0.165042 0
25.7689 27.6701 1.37377 1.97462 4.4748 1.54167 150074 0 1.34787 0.164979 0
16.9191 58.3664 2.07364 1.70246 3.6599 1.42264 194974 0 -1.49108 0.164786 0
16.8601 73.2416 2.28074 1.67497 3.81888 1.46917 216502 0 -1.55248 0.164782 0
12.4 -8.46807 0.788109 0.773102 0.790587 1.62598 97148 0 2.60564 0.164706 1
5.62822 57.0823 2.40496 2.41103 5.60811 2.05309 193067 0 2.99822 0.164262 0
34.6361 38.4777 1.99289 2.06807 4.68289 1.64223 166014 0 -1.4953 0.163685 0
-28.34 41.8503 0.936184 1.93136 4.37008 1.78445 170497 0 -1.194 0.163663 0
-67.6676 6.02097 -0.648178 2.08771 4.64763 1.67737 117958 0 -1.39194 0.163259 0
64.2391 32.8472 1.76396 2.09435 4.47191 1.73495 157682 0 -3.074 0.162983 0
-38.211 32.8517 0.620015 1.96422 4.31355 1.49822 157362 0 -1.12646 0.162939 0
52.0192 36.6976 1.85612 1.83835 4.14781 1.42817 163260 0 -1.58182 0.162818 0
23.1985 52.6217 2.60573 2.24655 5.1951 1.94735 186570 0 -1.62242 0.162725 0
50.4794 10.5214 1.21427 1.83154 4.20412 1.69255 124879 0 -1.47468 0.162052 0
-0.793556 56.1606 2.23901 2.04087 4.51563 1.56291 191643 0 -1.67934 0.162015 0
-0.481209 56.4719 2.30289 2.03307 4.4901 1.55299 192112 0 -2.76636 0.161439 0
33.1283 44.0577 1.91184 1.97246 4.52456 1.5441 173965 0 1.49586 0.160739 0
54.2346 48.5173 2.33961 2.04433 4.59953 1.70813 180583 0 -1.4653 0.160718 0
13.4616 -4.5918 0.762015 0.902914 1.01205 1.77234 102768 0 -0.89814 0.160311 1
-38.7853 18.0268 0.031064 2.10545 4.89036 1.74076 135832 0 1.88399 0.160233 0
54.5597 48.5115 2.33084 1.93417 4.27095 1.66356 180584 0 1.4422 0.160098 0
53.6074 37.5501 1.94802 1.98732 4.45017 1.60378 164669 0 -1.59646 0.159912 0
-24.2159 23.4339 0.701285 2.04739 4.5214 1.54648 143834 0 1.87634 0.159665 0
33.4408 44.0591 1.87014 1.98049 4.54831 1.54036 173966 0 0.910789 0.1595 0
55.8444 25.1109 1.58959 2.11506 4.75538 1.60934 146424 0 1.76127 0.158751 0
-3.33438 40.1616 1.79705 2.1692 4.95484 1.65698 168235 0 -1.41506 0.158272 0
51.0411 14.2015 1.36412 1.9121 4.36245 1.57288 130497 0 -1.54177 0.157822 0
-46.1882 10.1834 -0.204802 2.46694 5.63527 1.97216 124109 0 -1.28015 0.157689 0
-39.1852 33.7835 0.712607 2.02783 4.55366 1.57173 158763 0 1.70828 0.15745 0
51.0561 19.6683 1.61286 2.01375 4.52416 1.58068 138453 0 -1.47343 0.157134 0
23.5265 57.5451 2.42789 1.99525 4.43379 1.73072 193591 0 1.5279 0.156835 0
39.5471 45.3094 2.41601 1.91504 4.21112 1.51135 175857 0 -3.1193 0.15663 0
5.3903 -2.66539 0.770909 0.785061 0.886802 1.67513 105550 0 0.778907 0.156412 1
56.4748 14.1999 1.34298 1.96991 4.38269 1.58345 130514 0 1.54432 0.156372 0
-23.8552 22.9088 0.698325 2.02997 4.47112 1.54719 142899 0 1.71934 0.155934 0
13.3045 19.5394 1.23004 1.97618 4.6887 1.54686 138335 0 -1.66503 0.155783 0
68.9567 8.82881 1.46167 2.08007 4.73937 1.81573 122597 0 1.21666 0.155196 0
54.8919 49.0829 2.34033 1.95311 4.36755 1.60557 181521 0 1.5426 0.15507 0
42.0614 53.2479 2.189 1.98714 4.44221 1.5671 187565 0 2.67281 0.155061 0
-39.8565 9.84069 -0.366786 2.11625 4.62449 1.53429 123661 0 1.88753 0.155017 0
0.455017 56.1634 2.29741 2.00773 4.42153 1.52929 191647 0 -2.32 0.154838 0
34.1201 50.4718 1.63851 1.98621 4.53669 1.48854 183328 0 -1.54964 0.154776 0
26.405 27.988 1.38741 2.03208 4.50715 1.57398 150544 0 -1.38206 0.154721 0
50.1354 13.6097 1.38032 1.99379 4.50905 1.68745 129558 0 -1.51156 0.154633 0
51.6907 19.9511 1.63365 2.04254 4.51179 1.60768 138923 0 -1.5304 0.154632 0
13.2516 -4.82095 0.752808 0.908804 1.10396 1.73516 102299 0 -0.552725 0.154555 1
0.458305 56.7808 2.3609 2.00825 4.41897 1.55487 192583 0 -2.99585 0.154465 0
53.9041 36.714 1.94552 2.0249 4.54041 1.70223 163266 0 -1.57248 0.154271 0
-3.98704 35.3836 2.15995 2.18201 4.89379 1.66635 161213 0 -1.59241 0.154072 0
-54.9518 22.8299 -0.118216 1.92966 4.28693 1.52097 142802 0 -1.17715 0.153898 0
4.64075 68.3236 3.04793 2.12843 4.81703 1.88503 209444 0 1.5177 0.153415 0
-15.2315 -16.7228 0.597427 0.861453 0.852256 1.85842 84894 0 2.95457 0.153111 1
69.5975 28.0026 2.47211 2.13458 4.76194 1.83229 150679 0 -3.08244 0.1525 0
16.0518 43.462 1.87874 2.2209 5.13726 1.80246 172976 0 -1.49496 0.152359 0
17.989 64.2497 2.19178 2.28704 5.44748 1.82566 203402 0 -1.4876 0.152038 0
-13.5263 -14.2318 0.293667 0.840206 0.883335 1.63846 88643 0 1.29731 0.151788 1
5.30692 56.4779 2.34277 2.30892 5.29867 1.96611 192130 0 2.83235 0.151415 0
49.7178 19.6765 1.48021 1.02636 1.35361 1.54478 138449 0 -1.56349 0.151164 1
-2.47097 43.7356 1.94085 2.20942 5.22427 1.86998 173386 0 -1.47218 0.151053 0
64.3992 32.1285 1.76826 2.34473 5.15043 1.88596 156747 0 0.0449507 0.150871 0
20.5953 28.8775 1.63394 2.06453 4.69887 1.52109 151930 0 -1.54425 0.150855 0
12.6028 15.3298 1.32429 2.22967 5.32342 1.90856 131781 0 -1.42211 0.150666 0
52.0964 33.8862 1.80307 1.95571 4.53442 1.61013 159048 0 -1.53602 0.149684 0
-38.8352 33.4947 0.656304 1.96466 4.50893 1.54034 158296 0 1.47761 0.149657 0
40.4896 34.4714 1.80993 2.07747 4.75993 1.6141 159948 0 1.66221 0.14949 0
