11.9129 12.6596 1.30387 2.25791 5.23452 1.91109 128035 0 -1.56868 0.942193 0
-5.60783 11.3832 0.9958 1.96196 4.47362 1.49604 126108 0 -1.46626 0.937524 0
-0.735268 11.0798 1.1932 2.06589 4.60385 1.79163 125655 0 1.61466 0.923258 0
45.294 -7.33709 1.52222 2.80686 7.61507 3.01258 99123 0 1.65588 0.923001 0
0.451958 17.1273 1.37381 2.06702 4.77446 1.8504 134551 0 1.66744 0.912418 0
31.8709 15.5557 1.36213 1.94306 4.41503 1.70645 132309 0 -1.45753 0.911062 0
19.7909 15.2049 1.29983 2.16403 4.7454 1.77604 131803 0 1.63035 0.910752 0
-17.8482 11.6812 0.794752 2.01234 4.43234 1.76139 126538 0 1.68616 0.909121 0
-18.4806 8.16664 0.647767 1.95118 4.40265 1.54866 121388 0 1.63789 0.908538 0
32.125 11.9605 1.22809 1.89245 4.33359 1.4884 127162 0 1.64965 0.905525 0
-31.5894 -4.95076 -0.62925 2.04798 4.45351 1.51169 102159 0 -1.62298 0.894771 0
18.6761 22.6006 1.55218 2.09431 4.87588 1.78867 142564 0 1.61612 0.883862 0
32.0816 9.02577 1.28224 2.01341 4.59815 1.69009 122950 0 -1.44722 0.875613 0
15.2145 37.9991 1.82861 1.99012 4.51352 1.67501 165017 0 -1.50929 0.875404 0
-4.98294 14.5868 1.00025 2.07035 4.77019 1.48561 130790 0 -1.4656 0.875285 0
49.7108 5.17294 1.26677 2.09145 4.78344 1.79052 117389 0 -1.46488 0.874767 0
-35.4649 -11.1118 -0.694691 2.17585 4.99276 1.9993 93255 0 0.0375833 0.873796 0
61.6419 -1.64735 1.16754 2.02819 4.63838 1.78528 107130 0 -0.438342 0.869797 0
-17.1653 14.1815 0.803275 2.09205 4.6821 1.81427 130284 0 1.7694 0.866913 0
0.87381 22.911 1.45715 2.14769 5.04939 1.80629 142976 0 -1.46285 0.860384 0
19.0292 19.7567 1.23741 1.97122 4.52513 1.51034 138353 0 1.6277 0.858873 0
-19.1042 32.871 1.08642 2.38895 5.48662 1.84142 157422 0 -1.1899 0.85772 0
-5.2696 17.5302 1.08896 2.05011 4.70003 1.5099 135001 0 -1.50576 0.857718 0
12.9466 26.0628 1.38832 2.01598 4.78066 1.52655 147694 0 -1.5082 0.857108 0
37.2801 8.67609 1.16371 1.98807 4.51091 1.50999 122498 0 1.68634 0.857077 0
-5.02431 20.3441 1.17335 2.08694 4.93208 1.4814 139214 0 -1.53745 0.85594 0
-17.4992 19.9174 0.916324 2.14572 4.89187 1.95566 138707 0 1.72913 0.852854 0
13.0018 22.1704 1.44536 1.90843 4.30391 1.69988 142078 0 -1.54365 0.852261 0
-43.7612 -10.7184 -1.03815 2.09322 4.61214 1.82047 93697 0 0.0590998 0.837827 0
14.2988 32.1957 1.50098 1.9831 4.63175 1.50509 156590 0 -1.48158 0.836125 0
-20.0235 30.2309 0.813723 2.07201 4.61446 1.48489 153675 0 -1.23984 0.832099 0
14.8679 40.8892 1.92669 2.15379 5.05391 1.88241 169228 0 -1.49179 0.828637 0
-41.7268 6.32736 -0.411579 1.79675 3.88423 1.41301 118507 0 1.92226 0.827972 0
1.73045 31.7383 1.72403 2.13738 4.75745 1.86362 156083 0 1.66657 0.826301 0
-28.6017 6.92161 -0.200367 2.08706 4.7454 1.52501 119484 0 -1.30276 0.824932 0
-61.9909 -4.02964 -1.02209 2.05054 4.37936 1.585 103468 0 -1.55264 0.822893 0
11.9343 15.7606 1.31249 2.19277 5.10048 1.85176 132715 0 -1.55215 0.817258 0
49.5262 7.95702 1.19213 1.9608 4.45027 1.6695 121132 0 -1.48991 0.816763 0
19.584 11.5488 1.12499 2.14253 4.82765 1.51147 126655 0 1.63817 0.816494 0
27.3226 -4.90662 0.878658 0.995963 0.968336 1.71192 102343 0 -1.39806 0.816063 1
55.1993 4.86688 1.34282 2.03474 4.83517 1.64695 116938 0 1.61013 0.813989 0
12.6523 19.2975 1.26795 1.97607 4.55681 1.50963 137865 0 -1.60908 0.805155 0
32.5113 27.1291 1.47708 2.14733 4.9122 1.47454 149159 0 1.60625 0.80413 0
28.2207 9.82623 1.23277 0.870937 1.04082 1.80476 123874 0 -0.0546486 0.80189 1
-26.133 14.942 0.297323 2.05852 4.81676 1.82558 131192 0 1.83543 0.796111 0
-17.4158 17.0935 0.654159 1.95538 4.50619 1.54192 134495 0 1.72064 0.794756 0
-47.8463 5.05401 -0.48571 2.08158 4.53097 1.65243 116616 0 -1.27336 0.79027 0
-35.139 7.2666 -0.337521 0.854601 0.864195 1.66022 119932 0 -1.02438 0.783169 1
50.1356 11.0532 1.2725 2.00975 4.4592 1.63993 125814 0 -1.49922 0.781941 0
-38.9274 14.9413 -0.240292 1.99595 4.44317 1.54345 131152 0 1.91224 0.77316 0
12.7457 -4.65259 0.785571 0.892587 0.960911 1.68002 102765 0 -1.39164 0.771177 1
-17.0792 23.2141 0.814026 2.09529 4.82799 1.61234 143388 0 1.67276 0.771086 0
52.0128 34.3472 2.07985 2.08055 4.67836 1.71164 159984 0 -1.47525 0.770157 0
-40.1122 12.2766 -0.4244 1.98719 4.57168 1.5307 127404 0 1.94468 0.762597 0
-41.1612 -11.112 -1.04619 1.90806 4.08186 1.64431 93237 0 0.0548369 0.762421 0
19.0383 -7.00111 0.853204 0.936264 1.07034 1.81013 99509 0 1.62388 0.751834 1
14.9107 43.6574 1.76154 2.01509 4.49823 1.6643 173440 0 -1.48261 0.749513 0
1.48119 28.9871 1.43287 2.04857 4.71622 1.54011 151870 0 1.65797 0.748698 0
0.113487 14.1525 1.11925 1.90733 4.29496 1.58193 130338 0 1.70858 0.74275 0
18.7586 25.5341 1.67238 2.17549 5.11996 1.70801 146776 0 1.59801 0.742207 0
32.2034 21.2956 1.3025 1.91511 4.4063 1.401 140734 0 -1.46621 0.741978 0
37.5974 11.7366 1.35482 2.07593 4.77363 1.64388 126711 0 1.64737 0.737995 0
-23.2105 22.5426 0.535834 2.04679 4.58961 1.48368 142433 0 -1.32076 0.735968 0
13.9601 29.2261 1.45769 1.9492 4.52598 1.4996 152377 0 -1.48261 0.732847 0
32.801 30.622 1.49343 2.12091 4.98527 1.49077 154308 0 1.59587 0.727493 0
-4.64346 26.1226 1.55828 1.89799 4.40154 1.65164 147639 0 -1.47995 0.724755 0
11.8997 -6.77258 0.84455 0.884816 0.923048 1.67409 99487 0 1.79577 0.720126 1
55.534 10.6521 1.47285 1.95099 4.39137 1.52587 125363 0 1.65122 0.718579 0
-18.1166 35.6502 1.04198 2.10698 4.68721 1.66529 161637 0 -1.18122 0.716952 0
14.9094 46.6437 1.78864 1.93168 4.39609 1.49577 177652 0 -1.45475 0.715907 0
1.37984 26.1238 1.3267 1.94516 4.41867 1.46623 147658 0 1.62704 0.712963 0
37.8971 14.8739 1.36006 2.13681 5.07999 1.58845 131392 0 1.6684 0.705039 0
16.8545 55.2546 2.21736 1.97806 4.35782 1.73507 190294 0 -1.53017 0.703546 0
-60.9503 12.3731 -0.751288 1.85925 4.24021 1.52315 127339 0 1.97871 0.702401 0
-37.2983 20.0726 -0.0291392 1.97564 4.44473 1.548 138645 0 1.8908 0.698869 0
16.7837 64.4547 2.04266 2.09122 4.83788 1.59871 203866 0 -1.49411 0.698225 0
9.77242 55.5221 1.99352 2.11108 4.76282 1.56972 190740 0 -0.046884 0.686378 0
-43.0779 20.9665 -0.195173 1.8943 4.2031 1.48811 140031 0 -1.19234 0.682876 0
20.0082 31.5949 1.48925 2.06337 4.71266 1.55988 155672 0 1.59582 0.680684 0
16.7519 58.3628 2.08476 2.08278 4.81287 1.62462 194974 0 -1.45957 0.665461 0
-52.3743 48.4322 0.486452 2.10465 4.73327 1.60488 180250 0 -1.22058 0.66474 0
15.1749 -4.71481 0.929746 0.906532 1.05583 1.86048 102773 0 -2.86742 0.66326 1
0.509216 20.2501 1.35633 2.02204 4.76011 1.62542 139231 0 1.72595 0.662331 0
20.3568 37.7093 1.88959 2.1106 4.82831 1.7394 164565 0 1.60456 0.651597 0
32.4622 18.4054 1.2548 1.83092 4.16203 1.41737 136523 0 -1.46632 0.650016 0
12.1045 -7.92429 0.817779 0.93352 0.941518 1.7095 98083 0 2.49956 0.649633 1
-46.8722 7.60616 -0.525446 2.03059 4.50028 1.62367 120363 0 -1.27074 0.649497 0
38.232 17.779 1.36578 2.00594 4.57575 1.53826 135605 0 1.65987 0.647287 0
16.8361 67.599 2.24973 2.10789 4.77267 1.80406 208546 0 -1.56876 0.646473 0
27.0382 -5.5239 0.706278 0.634864 0.6802 1.08488 101406 0 -1.38208 0.642927 1
-46.558 10.3218 -0.249349 2.39368 5.50022 2.02533 124576 0 -1.26241 0.629031 0
-60.2717 15.2069 -0.594039 2.06517 4.63985 1.64375 131553 0 -1.20452 0.628142 0
-45.9106 12.9425 -0.694156 2.0342 4.56356 1.60704 128322 0 -1.23546 0.615936 0
38.5878 29.863 1.86551 2.4233 5.73055 1.96242 153390 0 -1.46517 0.613273 0
33.0802 35.4443 1.75951 2.06394 4.72381 1.73571 161329 0 1.63061 0.612085 0
-62.5447 7.60406 -0.711494 2.06386 4.43409 1.62423 120314 0 -1.21476 0.610947 0
-4.3307 31.8907 1.70327 2.08388 4.72834 1.68681 156064 0 -1.47591 0.603987 0
-21.2826 27.6999 0.648455 2.08926 4.7096 1.58803 149927 0 -1.25851 0.596964 0
-30.8975 39.5103 0.600216 2.05135 4.57119 1.52594 167213 0 1.92368 0.595135 0
-45.2784 15.5288 -0.373451 2.07054 4.51571 1.68906 132068 0 -1.22067 0.594112 0
-30.5709 42.3696 0.841889 2.04159 4.50203 1.78451 171426 0 1.89852 0.592312 0
33.4238 38.591 1.96279 2.01334 4.52377 1.59411 166010 0 -1.52682 0.580546 0
26.7795 -6.2093 0.872696 0.787732 1.86976 1.72042 100469 0 -1.21603 0.58027 2
-67.981 6.18746 -0.836712 2.01873 4.51843 1.70312 118425 0 2.03101 0.574474 0
-27.3655 9.51385 -0.100873 1.98198 4.42887 1.50622 123232 0 -1.36184 0.5688 0
-3.35541 44.2566 1.94424 2.24953 5.21663 1.87049 174319 0 -1.48021 0.568361 0
16.1914 73.5205 2.20944 1.90785 4.31708 1.5342 216968 0 -1.48365 0.56432 0
-22.5847 25.3702 0.883235 2.1065 4.63742 1.72005 146647 0 -1.28521 0.559365 0
-17.4566 38.3244 0.753423 2.01187 4.50086 1.54904 165383 0 -1.17127 0.551891 0
-4.303 23.1992 1.26989 1.82124 4.27681 1.39496 143428 0 -1.50186 0.549232 0
-54.9004 27.7569 0.0542878 2.04506 4.54643 1.57872 149822 0 -1.2812 0.541829 0
-39.1749 29.2984 0.499189 1.97153 4.42833 1.64257 152211 0 1.92927 0.541685 0
-36.6357 22.631 0.294533 2.02409 4.37874 1.83973 142391 0 1.85292 0.540103 0
55.2103 7.59196 1.18947 1.83584 4.30782 1.41287 120682 0 1.70374 0.537729 0
-44.6089 18.4283 -0.233085 2.05797 4.60183 1.60807 136282 0 -1.21013 0.527043 0
20.3242 40.5568 1.87615 2.05023 4.79519 1.56845 168777 0 1.62352 0.525638 0
-42.6797 23.5643 0.0484228 1.97443 4.38451 1.61192 143776 0 -1.21497 0.523909 0
15.1503 -4.8228 0.890563 0.894907 0.996713 1.83011 102305 0 2.97964 0.520038 1
16.193 -4.52758 0.828614 0.90252 0.968954 1.67739 102776 0 1.8164 0.518865 1
37.5898 20.7018 1.49894 2.00832 4.52009 1.5404 139815 0 1.63433 0.51594 0
55.2907 10.4792 1.41518 1.66531 3.78654 1.38654 124894 0 1.71176 0.504809 0
15.2383 -4.04484 0.996403 0.879913 1.04517 1.86026 103709 0 -1.79567 0.501731 1
19.3524 28.6218 1.46401 1.97952 4.64619 1.49554 151458 0 1.56477 0.490767 0
55.8188 28.3014 1.67699 2.05603 4.63027 1.63516 151104 0 -1.60377 0.478345 0
-33.1105 33.8115 0.5799 1.91294 4.31466 1.51074 158782 0 2.00691 0.477105 0
25.1187 26.6768 1.37126 2.12532 4.81893 1.58615 148668 0 1.49854 0.472861 0
17.119 70.2617 2.18382 2.0369 4.56711 1.62716 212291 0 -1.52957 0.468218 0
52.9654 46.2541 2.16199 1.92703 4.28718 1.49935 177303 0 1.51609 0.467988 0
29.577 49.0175 2.00819 0.798635 0.798161 1.65429 181442 0 -2.91166 0.466188 1
-38.2514 17.4902 0.0060973 2.06452 4.48597 1.84369 134898 0 1.92173 0.461729 0
38.5454 26.6324 1.63362 2.22275 5.10576 1.65021 148710 0 1.68153 0.450316 0
27.0678 -5.3706 0.786695 0.724414 0.758418 1.27959 101874 0 -1.43735 0.449273 1
19.036 28.3786 1.49965 1.96235 4.554 1.47562 150989 0 1.56869 0.445391 0
-37.0332 20.0362 -0.0367791 2.03921 4.59288 1.5685 138646 0 -1.65261 0.433872 0
-41.0931 9.80219 -0.33155 2.04433 4.48533 1.52447 123657 0 1.6806 0.432768 0
-34.729 31.2606 0.4556 1.96304 4.38634 1.50907 155033 0 1.97433 0.424019 0
33.1144 44.6262 1.93694 1.96627 4.41783 1.49655 174901 0 -1.5493 0.410537 0
15.2506 -4.28307 1.02143 0.97777 1.12176 1.90561 103241 0 -2.1757 0.401412 1
-28.5912 63.6009 1.25236 1.93247 4.47194 1.58431 202320 0 -1.2804 0.397306 0
42.465 23.4359 1.61785 0.812374 0.810392 1.77798 144042 0 0.196267 0.394419 1
27.1794 -4.93732 0.86272 0.966688 1.00766 1.72383 102342 0 -1.40364 0.388531 1
15.4749 -4.35334 0.99241 0.911874 1.06175 1.82846 103242 0 -2.22185 0.381115 1
-3.99274 44.0702 2.01068 2.13994 4.89767 1.78156 173849 0 -1.54405 0.380676 0
20.334 46.3005 2.12223 1.98625 4.57184 1.5961 177201 0 1.62523 0.380399 0
27.2728 -5.22838 0.841704 0.925177 0.926778 1.53796 101875 0 -1.40609 0.378023 1
20.933 40.7294 1.99022 2.053 4.66866 1.51151 169247 0 1.63405 0.373852 0
-2.71175 59.0116 2.28077 1.99527 4.55504 1.63 195849 0 -1.52837 0.373796 0
39.183 44.2548 2.04334 1.97978 4.48179 1.50576 174452 0 1.59963 0.369672 0
12.3973 -3.00803 0.79507 0.772898 0.894295 1.60855 105104 0 3.12288 0.369403 1
37.954 17.5412 1.3735 1.98808 4.56136 1.55916 135136 0 1.69321 0.363611 0
-4.02259 41.102 1.77861 2.06734 4.62343 1.61181 169637 0 -1.54934 0.363151 0
31.8904 18.5916 1.26633 1.89237 4.44161 1.42349 136989 0 -1.46288 0.362365 0
-31.7845 39.833 0.563589 2.15228 4.86312 1.67395 167678 0 1.95552 0.361089 0
-38.9376 29.5221 0.519549 1.91878 4.24893 1.60234 152680 0 1.98967 0.358342 0
42.4746 23.3077 1.61467 0.81754 0.828244 1.75539 143574 0 0.299786 0.351453 1
-3.70741 59.038 2.26833 1.91073 4.40315 1.53071 195846 0 1.61178 0.348659 0
-26.0787 18.4266 0.499378 2.06303 4.72746 1.69675 136340 0 1.72432 0.348526 0
-66.3804 12.3287 -0.853664 2.00969 4.50307 1.56927 127322 0 -1.0693 0.343497 0
57.7377 19.9717 1.4505 2.06395 4.5948 1.57908 138942 0 -1.86875 0.343465 0
-4.92543 32.0992 1.73193 2.30289 5.34883 1.71432 156530 0 1.57202 0.341664 0
16.7331 73.6983 2.44353 2.20384 5.11732 1.81207 217438 0 -1.52217 0.341135 0
15.468 -4.60333 0.919813 0.868085 1.01418 1.80338 102774 0 -2.81466 0.338556 1
32.1694 38.5995 1.86452 1.94553 4.38715 1.56178 166006 0 1.56824 0.335385 0
-41.118 9.99085 -0.31896 2.07115 4.63558 1.52966 124125 0 2.98811 0.330061 0
-43.3122 20.7656 -0.192471 2.08962 4.61066 1.54747 139562 0 -1.21138 0.325565 0
-55.8555 22.2674 -0.0142946 1.98582 4.57198 1.60806 141863 0 -1.24095 0.324793 0
-4.26811 44.2812 2.02992 2.17705 4.91108 1.78043 174316 0 0.680878 0.322076 0
-21.5494 27.446 0.694099 2.00613 4.45377 1.59143 149458 0 -1.2482 0.321617 0
4.9774 56.4813 2.09819 2.04626 4.62716 1.67805 192129 0 2.90762 0.319381 0
57.4439 22.5711 1.66646 2.10734 4.67425 1.68737 142685 0 -1.84339 0.314599 0
34.091 35.3951 1.79613 2.18389 5.08396 1.80161 161332 0 -1.51337 0.311518 0
9.50185 55.2774 2.00226 2.00996 4.39638 1.51857 190271 0 -0.146396 0.310733 0
14.6652 43.4344 1.79165 1.84768 4.01312 1.59392 172971 0 -1.47867 0.310676 0
-33.7606 34.3245 0.533056 2.13044 4.74485 1.63746 159716 0 2.05056 0.310225 0
-3.04202 49.4626 1.91805 1.97489 4.5355 1.62451 181808 0 -1.38905 0.308974 0
14.2061 29.4912 1.44685 1.9892 4.6388 1.53294 152846 0 -1.49039 0.307843 0
54.9255 28.27 1.68949 2.0264 4.56376 1.56619 151101 0 1.55456 0.304823 0
26.6883 -6.04054 0.855865 0.87549 1.51597 1.58014 100937 0 -1.25685 0.304166 1
-20.7104 27.6763 0.570709 2.11247 4.78778 1.59223 149929 0 -1.23714 0.303178 0
-33.4517 30.844 0.348832 1.89946 4.31794 1.46586 154569 0 1.9609 0.30177 0
-66.1024 12.6208 -0.855794 1.93217 4.29217 1.5368 127791 0 -1.04956 0.301139 0
-45.6695 13.1886 -0.67626 2.02662 4.43456 1.59982 128791 0 -1.20999 0.299464 0
-68.2515 5.99015 -0.81605 2.13949 4.82757 1.75984 117956 0 1.84512 0.298246 0
56.1498 22.232 1.62456 2.05863 4.62023 1.62128 142213 0 0.0712784 0.297599 0
20.5804 31.7608 1.52478 2.14591 4.88504 1.56502 156142 0 1.60232 0.295191 0
15.1353 -3.24268 0.806937 0.816503 0.913064 1.69005 104645 0 -1.7858 0.294262 1
1.97167 28.9819 1.42846 1.76883 3.91098 1.41478 151872 0 1.64621 0.293526 0
-31.1204 42.6674 0.866343 2.31859 5.48972 1.97937 171892 0 1.9087 0.293456 0
-25.7728 18.6643 0.524489 2.06419 4.68467 1.68222 136809 0 1.74946 0.293084 0
37.6544 17.9774 1.39665 2.00737 4.59817 1.5292 136071 0 1.69111 0.29251 0
38.1873 11.8766 1.37299 2.14398 5.03813 1.70293 127181 0 1.60813 0.291688 0
38.8763 34.4696 1.69361 0.813896 1.09041 1.66413 159943 0 0.339912 0.291378 1
12.5187 -3.02202 0.829897 0.817641 0.963155 1.6474 105105 0 3.02176 0.291105 1
39.8419 38.5368 1.92767 2.00512 4.48995 1.55517 166030 0 1.63839 0.290342 0
12.7185 -4.8185 0.764986 0.927622 0.988513 1.69824 102297 0 -1.42511 0.290041 1
44.5821 55.4819 2.27344 0.775391 0.73548 1.68191 190849 0 1.63299 0.288337 1
26.8405 -5.57764 0.734215 0.684033 0.744251 1.16457 101405 0 -1.39469 0.287711 1
-15.1411 -15.5867 0.129958 0.764854 0.744776 1.6009 86766 0 2.89851 0.287245 1
56.4787 22.2693 1.63369 2.0762 4.66155 1.64124 142214 0 -1.67933 0.285784 0
-3.36977 49.7064 1.97968 2.04293 4.65711 1.63998 182275 0 -0.570087 0.284802 0
42.6173 23.4533 1.60349 0.878161 0.898282 1.79478 144043 0 -0.254176 0.2848 1
16.2538 64.4427 2.0311 1.83592 4.09689 1.50954 203864 0 -1.51599 0.284033 0
5.28141 56.7554 2.14279 2.12991 4.86343 1.73172 192598 0 2.9998 0.282921 0
20.942 46.4876 2.18499 2.03576 4.46217 1.63402 177671 0 1.57995 0.282877 0
17.3422 55.4353 2.22545 2.29589 5.32067 1.89996 190764 0 -1.56432 0.28281 0
-40.8782 9.98421 -0.343755 2.03235 4.45275 1.50623 124126 0 -1.87743 0.282694 0
3.35179 68.3318 3.03967 2.15714 4.93178 1.87235 209440 0 1.49783 0.282282 0
16.2345 58.1738 2.06108 1.75035 3.9338 1.46668 194504 0 -1.45148 0.280631 0
15.8299 -4.41388 0.894585 0.894145 1.02721 1.71763 103243 0 2.29745 0.279478 1
42.6132 23.2841 1.62896 0.869486 0.859911 1.7604 143575 0 -0.718017 0.27783 1
52.7012 46.483 2.17523 1.95961 4.28768 1.52868 177770 0 1.33492 0.275838 0
33.4308 44.3909 1.9071 1.96366 4.44149 1.51255 174434 0 -1.50231 0.275713 0
38.8863 34.6382 1.69362 0.804367 1.09484 1.66302 160411 0 -1.21851 0.275556 1
15.0165 -4.73291 0.862302 0.827179 0.957652 1.80223 102772 0 -2.97518 0.27528 1
16.8232 67.1486 2.25484 2.02028 4.53128 1.7898 207610 0 -1.4789 0.27522 0
-25.767 17.7633 0.496883 2.03656 4.56703 1.66487 135405 0 1.65016 0.273129 0
-4.31993 49.7643 2.07895 2.03731 4.59726 1.70889 182272 0 1.63863 0.27239 0
15.8581 -4.57465 0.87752 0.865985 0.96768 1.70173 102775 0 2.35681 0.271998 1
16.3451 -4.42638 0.826335 0.882146 0.957627 1.63816 103245 0 2.30963 0.267082 1
-60.6775 12.1081 -0.735069 1.59077 3.40641 1.42562 126872 0 1.96337 0.266991 0
-3.68044 49.7349 2.01063 2.01751 4.50769 1.63643 182274 0 1.53163 0.265932 0
-4.62927 25.8823 1.53845 1.73789 3.91004 1.60814 147171 0 -1.44372 0.264075 0
16.3461 -4.52924 0.814548 0.879002 0.950742 1.65731 102777 0 1.49052 0.26361 1
-2.07298 64.8139 2.34249 2.11693 4.81684 1.67425 204275 0 -1.52197 0.263171 0
26.4831 -6.02273 0.84322 0.746951 0.900185 1.49174 100936 0 -1.29476 0.262435 1
11.31 -8.79936 0.903167 0.832947 0.851316 1.76449 96677 0 0.431652 0.260549 1
-67.434 5.93925 -0.831528 1.6238 3.40155 1.51596 117959 0 2.31343 0.260442 0
19.0575 28.869 1.45323 1.9597 4.59256 1.51293 151925 0 1.58798 0.26004 0
58.0361 22.8602 1.66689 2.19021 4.94971 1.793 143155 0 -1.84348 0.259325 0
16.8542 69.9961 2.17646 1.9089 4.20616 1.53687 211822 0 -1.49876 0.257999 0
32.8388 38.7884 1.92559 2.11825 4.88041 1.64894 166476 0 -1.62622 0.257209 0
51.6808 37.3127 2.03329 1.87416 4.26702 1.47979 164195 0 -1.50627 0.25662 0
-25.4456 18.0991 0.501649 2.05175 4.66491 1.64793 135874 0 1.67084 0.256073 0
3.03968 67.6443 3.1311 0.923624 1.06833 1.83785 208503 0 0.443348 0.255029 1
-25.4436 17.7557 0.500476 2.05524 4.61212 1.6565 135406 0 1.33362 0.254367 0
-3.65759 49.4895 2.00001 2.01262 4.48463 1.61516 181806 0 0.428115 0.254222 0
28.1209 9.94854 1.23667 0.827325 1.00374 1.80229 124341 0 -0.129239 0.254204 1
40.1523 38.2803 1.81865 1.99378 4.5135 1.54359 165563 0 1.6389 0.25414 0
15.4107 -4.04962 0.993125 0.929554 1.0481 1.85343 103710 0 -1.87524 0.253916 1
-45.598 16.057 -0.351591 2.22954 4.92157 1.73354 133003 0 -1.17469 0.253686 0
52.9783 37.0019 2.03382 1.95329 4.39783 1.59383 163731 0 -1.50889 0.253396 0
33.1445 38.3525 1.93238 1.92277 4.3299 1.57412 165541 0 -1.51755 0.253336 0
-16.5413 22.9651 0.797049 1.79003 3.74378 1.544 142922 0 1.64379 0.253204 0
-42.7951 21.1625 -0.262505 1.69031 3.712 1.48563 140500 0 -1.21675 0.252719 0
-34.3153 39.2177 2.05326 0.851058 0.856057 1.74358 166734 0 -1.29506 0.251686 1
-45.3479 12.6611 -0.575165 1.86508 4.06367 1.60982 127856 0 -1.23197 0.251609 0
-35.2296 7.3774 -0.348633 0.879494 0.932811 1.71513 120399 0 -1.03633 0.250531 1
-47.7509 7.85902 -0.483828 2.26571 5.22669 1.75618 120828 0 -1.28504 0.249792 0
56.4823 25.4162 1.5724 2.02266 4.53188 1.56837 146894 0 -1.74276 0.249514 0
15.0246 -4.83577 0.879491 0.830235 0.943361 1.78994 102304 0 2.57243 0.248997 1
-37.0522 20.1977 -0.0196969 2.23211 4.93054 1.63275 139114 0 2.09409 0.248875 0
-37.2468 19.7855 -0.0500808 1.79947 4.16027 1.53708 138177 0 2.71844 0.246128 0
-26.3824 18.1031 0.450414 2.04044 4.61207 1.72704 135871 0 1.75914 0.245771 0
52.6497 37.2725 2.05808 1.96442 4.41678 1.58097 164198 0 -1.5172 0.244562 0
-21.9937 25.3461 0.768366 2.15502 4.81932 1.75819 146649 0 -1.27993 0.243957 0
21.5632 40.5497 2.00785 1.97817 4.3638 1.50219 168781 0 1.61739 0.243092 0
25.7098 26.4666 1.36671 2.17224 4.93465 1.63399 148202 0 -1.5487 0.242838 0
38.8171 17.9861 1.37282 1.9547 4.51288 1.54479 136075 0 1.61753 0.242607 0
63.771 33.1313 1.97369 2.14083 4.72441 1.69264 158149 0 -3.08679 0.241706 0
17.718 70.5104 2.16482 2.22913 5.12009 1.81988 212761 0 -1.5513 0.241671 0
2.74931 67.601 3.0904 0.843927 0.891321 1.84191 208502 0 0.52264 0.241269 1
-44.7118 15.478 -0.438377 2.02535 4.43513 1.68522 132070 0 -1.20646 0.240782 0
-34.1183 31.1501 0.390949 1.91094 4.20486 1.47011 155035 0 2.00126 0.239749 0
-13.9153 -14.2189 0.203815 0.830605 0.908265 1.67463 88642 0 0.557866 0.238959 1
-39.6221 12.0594 -0.359999 1.67954 3.56771 1.42487 126938 0 1.94394 0.238684 0
56.7464 28.3489 1.67558 2.16353 4.97511 1.79079 151107 0 -1.60353 0.238497 0
51.3674 37.5923 1.97266 1.8966 4.30934 1.50716 164662 0 -1.5167 0.237776 0
-18.6674 35.9277 1.06877 2.38766 5.79464 1.91663 162103 0 -1.18706 0.236643 0
19.7228 46.5198 2.12989 2.00808 4.59036 1.61438 177667 0 1.63331 0.236524 0
-4.64802 37.9088 2.17487 2.18208 4.989 1.85491 164955 0 -1.54197 0.236395 0
-38.8075 17.5374 -0.0648277 1.99421 4.30944 1.78505 134896 0 1.87467 0.236355 0
-56.4206 22.2823 -0.0704256 2.02947 4.668 1.65226 141861 0 -1.2426 0.23553 0
70.2247 10.7192 1.27202 2.04164 4.56716 1.59408 125409 0 -0.604066 0.235363 0
57.1512 19.6976 1.40004 1.96449 4.32613 1.53407 138472 0 -1.81932 0.235207 0
56.1451 25.1566 1.52233 1.95395 4.41548 1.53054 146425 0 -1.69827 0.234651 0
32.801 44.8776 1.96619 2.01775 4.61365 1.51791 175368 0 -1.60016 0.23458 0
11.1224 -8.80826 0.928246 0.874737 0.8965 1.78679 96676 0 0.127396 0.234305 1
-2.74941 49.6969 1.92184 2.01278 4.55933 1.63338 182277 0 -1.45576 0.23349 0
27.2296 -5.52203 0.755171 0.746823 0.771224 1.19752 101407 0 -1.38098 0.233486 1
58.024 19.7175 1.48313 2.171 4.90118 1.65371 138475 0 -1.78836 0.233263 0
52.6828 45.9952 2.10635 1.7048 3.81159 1.40779 176834 0 1.51848 0.232889 0
56.7967 25.1648 1.61194 1.9991 4.41791 1.59656 146427 0 -1.7111 0.231763 0
40.7723 38.5392 1.83248 2.01401 4.52947 1.56348 166033 0 1.64778 0.230855 0
38.6033 44.0762 1.96465 1.90639 4.26602 1.50871 173982 0 1.59734 0.230214 0
-3.34491 58.7935 2.25808 1.73095 3.92717 1.4771 195379 0 2.73564 0.229864 0
-25.1145 23.1638 0.678699 2.15417 4.77459 1.51527 143363 0 1.84186 0.229741 0
-43.7459 18.1005 -0.224228 2.08608 4.63817 1.61928 135817 0 -1.16717 0.228595 0
-4.90598 23.4101 1.2797 1.97086 4.54158 1.43224 143894 0 1.62442 0.22831 0
19.2321 -6.98374 0.867969 0.987437 1.20454 1.85973 99510 0 1.62046 0.227989 1
-16.8549 38.1901 0.728348 2.15241 4.85327 1.69816 165385 0 -1.16292 0.227647 0
5.90392 56.8036 2.16234 2.06661 4.68759 1.69494 192600 0 3.03035 0.227283 0
-45.8475 15.5682 -0.394188 2.16419 4.67965 1.68657 132066 0 -1.2158 0.225025 0
-5.58128 32.1519 1.73292 2.1042 4.5586 1.68675 156528 0 1.65659 0.224618 0
-4.93665 37.6133 2.19934 2.15379 4.76473 1.81218 164486 0 -1.55739 0.222824 0
38.8329 17.5264 1.29156 1.94066 4.53239 1.53896 135139 0 1.65709 0.2225 0
32.5098 44.4142 1.87668 1.95824 4.44257 1.51506 174431 0 -1.55787 0.221392 0
-3.00613 58.7876 2.24888 1.80046 4.20429 1.53811 195380 0 -1.53498 0.221052 0
51.092 34.455 1.95316 2.26775 5.53981 1.74366 159981 0 -1.274 0.220365 0
39.7986 44.05 2.06925 1.97323 4.3708 1.52233 173986 0 1.61682 0.219592 0
-66.6555 12.0349 -0.856589 2.10799 4.76145 1.61887 126853 0 -1.09609 0.218732 0
11.4724 15.7479 1.3154 1.92472 3.99013 1.78787 132713 0 -1.54768 0.21839 0
-16.9282 17.0143 0.674557 1.75564 3.51617 1.47338 134497 0 1.74082 0.218362 0
-59.7753 14.9577 -0.588486 1.82928 3.79886 1.50616 131087 0 -1.23715 0.217696 0
56.1776 28.5537 1.64701 2.06121 4.60361 1.64838 151573 0 -1.63234 0.217475 0
-4.61681 22.9975 1.28594 1.70758 3.92083 1.37614 142959 0 -1.49529 0.216781 0
-46.4852 12.9807 -0.749556 2.04528 4.58785 1.58622 128320 0 -1.23432 0.216312 0
55.5197 25.1516 1.45478 1.93581 4.43016 1.49364 146423 0 1.59444 0.21574 0
19.7629 40.7363 1.85576 2.02368 4.68351 1.54729 169243 0 1.64226 0.215312 0
24.8464 26.9586 1.37132 2.1627 4.82685 1.61591 149135 0 1.45857 0.215305 0
56.1354 19.353 1.34629 1.97705 4.57553 1.53231 138001 0 1.43281 0.214961 0
53.5215 46.2885 2.172 2.22055 5.19608 1.75167 177305 0 1.59448 0.212736 0
16.1966 73.9884 2.26844 2.00431 4.43542 1.59821 217904 0 -1.62404 0.211119 0
-25.1311 17.7545 0.502289 2.08244 4.66909 1.69394 135407 0 -1.33396 0.210727 0
44.2251 57.4731 2.32459 0.792774 0.773134 1.79489 193656 0 0.0139308 0.210509 1
57.4112 25.4323 1.55105 2.10825 4.78559 1.68079 146897 0 -1.70645 0.210492 0
-55.5705 22.5057 -0.0105163 2.00235 4.57944 1.62557 142332 0 -1.2861 0.209674 0
-60.4302 12.3039 -0.729688 1.58969 3.36848 1.43144 127341 0 1.98788 0.209579 0
-12.6471 72.802 2.70986 2.07062 4.59915 1.6838 215942 0 -3.07951 0.209465 0
-35.2582 31.4763 0.497949 2.28448 5.1789 1.70119 155499 0 1.95788 0.209092 0
-40.4696 33.7605 0.832928 2.02928 4.53892 1.58684 158759 0 1.98182 0.20681 0
6.20468 54.8438 2.08958 0.870591 1.24573 1.66698 189793 0 2.91675 0.206808 2
2.71443 67.4536 3.03418 0.871732 0.868347 1.80483 208034 0 0.105751 0.206678 1
-29.6355 42.0509 0.812445 2.09773 4.64688 1.69303 170961 0 1.89406 0.206568 0
44.44 55.4976 2.29002 0.754749 0.688151 1.69175 190848 0 2.17364 0.206066 1
39.4683 26.4667 1.66336 2.15617 4.99018 1.68769 148245 0 1.65092 0.205583 0
27.0235 -6.45258 0.785152 0.674976 1.41916 1.38889 100002 0 -1.27638 0.205391 2
-39.4578 29.0348 0.437643 2.13292 4.7863 1.75744 151742 0 1.85372 0.205028 0
-4.02614 50.0143 2.02936 2.01718 4.47217 1.68827 182741 0 1.68436 0.204932 0
-60.9972 -13.5625 -0.71463 0.7923 0.857013 1.76598 89431 0 -1.5335 0.204791 1
-3.66758 68.3429 2.69127 2.13804 4.94175 1.77317 209418 0 -1.50324 0.204651 0
12.3835 -2.83773 0.834226 0.80676 0.990077 1.64447 105572 0 -0.101274 0.2046 1
32.2103 44.6475 1.95293 1.95639 4.41263 1.5208 174898 0 -1.6034 0.204509 0
11.7603 -8.13496 0.823753 0.777381 0.792243 1.6663 97614 0 2.59986 0.204281 1
-60.9828 12.8379 -0.743193 2.15063 4.83415 1.65471 128275 0 2.0315 0.203836 0
-26.6997 18.6779 0.44395 2.08758 4.64843 1.7618 136806 0 1.7756 0.203764 0
32.1774 18.2051 1.26806 1.75755 4.02511 1.41738 136054 0 -1.44867 0.203705 0
34.408 56.459 1.96525 2.04062 4.64582 1.65117 192221 0 -1.65729 0.20345 0
39.2295 38.2744 1.96818 1.95427 4.36484 1.55448 165560 0 1.65393 0.203444 0
22.5532 52.648 2.7822 2.3024 5.33691 2.10717 186568 0 -1.58713 0.203202 0
54.6359 7.77097 1.2472 1.74526 3.94303 1.41487 121148 0 1.71011 0.203159 0
-57.7387 23.1882 0.0990452 2.08828 4.73079 1.74774 143261 0 1.9199 0.203089 0
37.9599 26.5076 1.53202 2.07308 4.81245 1.60387 148240 0 1.67402 0.202769 0
-38.615 29.0242 0.515785 1.70555 3.63827 1.52839 151745 0 1.93029 0.202385 0
57.1654 22.8172 1.65998 2.14249 4.72894 1.68387 143152 0 -1.91853 0.202352 0
70.2565 10.0864 1.29399 2.02818 4.47441 1.58692 124473 0 -0.272662 0.201744 0
52.3075 37.5698 2.05833 1.97541 4.43491 1.567 164665 0 -1.53419 0.201412 0
25.1349 26.1462 1.35655 2.07644 4.55248 1.62682 147732 0 1.03271 0.201339 0
20.6365 46.0016 2.10862 1.97933 4.41971 1.589 176734 0 1.61604 0.200747 0
29.4005 49.0449 2.0359 0.870135 0.852109 1.68533 181441 0 -2.88101 0.200465 1
-62.4625 -4.20814 -0.966189 2.25586 5.27078 1.7479 102998 0 -1.6454 0.199672 0
52.8872 34.3908 1.86777 2.37001 5.61378 1.84802 159987 0 -1.49859 0.199139 0
55.8053 10.924 1.49195 2.20249 5.06432 1.67317 125832 0 1.61548 0.198895 0
63.5361 31.8102 1.85241 2.25603 5.22786 1.69612 156276 0 0.0880552 0.198821 0
44.6018 55.3185 2.29187 0.790462 0.775844 1.69496 190381 0 2.34027 0.198326 1
19.9597 28.8907 1.49943 1.95796 4.51953 1.53609 151928 0 -1.56888 0.19807 0
-15.134 -15.7243 0.144114 0.787077 0.832547 1.61345 86298 0 2.90489 0.19789 1
-22.2387 24.9035 0.780608 2.05887 4.62619 1.69516 145712 0 -1.23468 0.197686 0
0.514008 19.7937 1.33401 2.07685 4.84861 1.65153 138295 0 1.70918 0.197403 0
70.5287 10.7086 1.34252 2.08074 4.65137 1.6104 125410 0 -0.864058 0.197371 0
24.5371 26.4751 1.31775 2.04363 4.5853 1.63843 148198 0 1.46797 0.197338 0
55.8634 22.0102 1.58327 2.11941 4.63531 1.61666 141744 0 1.32932 0.196618 0
-63.1251 7.61272 -0.693486 2.27759 5.00799 1.68654 120312 0 -1.23559 0.1966 0
14.8778 43.1585 1.82005 1.93365 4.25053 1.64316 172504 0 -1.45111 0.196226 0
-4.60979 49.4922 2.0609 2.1331 4.84074 1.77057 181803 0 1.60564 0.19587 0
-56.7767 22.5854 -0.0313396 2.02903 4.64646 1.66548 142328 0 1.17401 0.195481 0
-61.2219 12.1019 -0.73833 1.96274 4.43613 1.56233 126870 0 1.95581 0.195328 0
0.918945 26.3159 1.38253 2.12558 4.95771 1.58836 148124 0 1.55012 0.194927 0
38.1874 20.8774 1.4706 2.18255 5.18272 1.63884 140285 0 1.6029 0.194921 0
17.1229 70.796 2.21436 2.11695 4.76744 1.68531 213227 0 -1.55693 0.194246 0
41.0981 38.2608 1.81459 2.0017 4.50036 1.56658 165566 0 1.67449 0.193718 0
-23.1106 25.2152 0.914303 2.0686 4.60153 1.75276 146177 0 -1.29854 0.193587 0
3.35118 68.044 3.06374 1.7912 3.71721 1.85815 208972 0 1.41743 0.193448 0
34.0106 38.7972 2.00964 2.10485 4.75182 1.62068 166480 0 -1.54241 0.192633 0
39.5276 38.8114 1.97225 1.98073 4.41822 1.5888 166497 0 1.66728 0.191688 0
-22.1819 28.0082 0.802514 2.21575 4.96606 1.66599 150392 0 -1.28094 0.191492 0
0.771141 20.5385 1.40104 1.89776 4.26304 1.65141 139700 0 1.68164 0.191047 0
-39.4774 29.8311 0.50917 2.30296 5.32709 1.82879 153146 0 1.98145 0.19043 0
4.67694 56.1963 2.10699 2.07362 4.63128 1.67076 191660 0 2.63087 0.189804 0
-28.2537 9.73117 -0.127872 2.08438 4.64139 1.58067 123697 0 -1.06394 0.189727 0
34.0343 44.6249 1.94101 1.99867 4.52553 1.5765 174904 0 -1.54146 0.189671 0
-4.6596 37.3117 2.16328 2.12303 4.71113 1.7687 164019 0 -1.52116 0.189291 0
3.99329 68.5659 3.15927 2.11562 4.62875 1.82665 209910 0 1.43227 0.189278 0
-62.8966 8.03622 -0.771638 2.00214 4.57682 1.58444 121249 0 -1.1777 0.189017 0
15.4055 46.8093 1.87609 2.23858 5.29002 1.723 178122 0 -1.51291 0.1888 0
2.42053 40.4619 1.76776 2.15906 4.94321 1.61844 168721 0 1.54754 0.188506 0
56.8196 33.7767 1.63889 1.98083 4.44786 1.58684 159063 0 1.47158 0.188296 0
-24.1041 22.813 0.629365 2.06509 4.57914 1.49206 142898 0 -1.34436 0.188147 0
55.518 10.1949 1.44626 1.819 4.1717 1.49233 124427 0 1.74042 0.18792 0
12.6636 18.8576 1.27456 1.99712 4.58285 1.5409 136929 0 -1.48008 0.187497 0
-3.33853 49.1912 1.94456 2.00381 4.53903 1.59041 181339 0 -1.33364 0.187478 0
-4.34412 38.2295 2.16167 2.15675 4.86332 1.84425 165424 0 -1.54099 0.186683 0
-26.0533 17.5265 0.469421 2.03081 4.43986 1.68015 134936 0 1.68252 0.186595 0
-4.60243 40.8556 1.77671 2.08953 4.66077 1.66021 169167 0 -1.55808 0.186279 0
16.5559 70.5159 2.2005 1.9081 4.16975 1.51234 212757 0 -1.5637 0.185261 0
57.1136 25.7077 1.59741 2.06397 4.59843 1.6205 147364 0 -1.79364 0.184841 0
16.4679 73.2363 2.26062 1.95192 4.52289 1.61778 216501 0 -1.42499 0.183628 0
45.8391 -29.2968 0.317546 2.09153 4.7035 1.6637 66833 0 -3.01355 0.183359 0
-15.0207 -15.591 0.104439 0.795135 0.792247 1.61777 86767 0 2.931 0.183195 1
14.9129 47.0881 1.78335 1.97502 4.47054 1.54583 178588 0 -1.54233 0.182612 0
-1.76945 64.5551 2.42397 1.97124 4.41188 1.58487 203808 0 -1.54089 0.182276 0
-57.149 22.8886 0.0331928 1.98493 4.41463 1.66805 142795 0 1.84914 0.182132 0
20.0143 32.0544 1.49384 2.07638 4.63591 1.56301 156608 0 1.66252 0.181898 0
57.458 19.4288 1.46311 2.03548 4.55194 1.57905 138005 0 -1.69556 0.180886 0
35.017 56.4601 2.05693 2.02216 4.51042 1.63315 192223 0 -1.43059 0.180883 0
-25.1336 18.0875 0.518857 2.06657 4.6585 1.6912 135875 0 1.26452 0.18072 0
-33.6709 33.8691 0.518823 1.87072 4.26688 1.56826 158780 0 2.00368 0.179151 0
1.75396 68.319 3.0526 2.13914 4.69323 1.87828 209435 0 1.52838 0.178954 0
17.0548 67.8786 2.23626 2.33241 5.43289 1.90589 209015 0 -1.59297 0.178826 0
-67.7482 6.45414 -0.835346 2.01618 4.42334 1.66083 118894 0 2.15482 0.178556 0
-3.38835 59.2541 2.33831 1.97195 4.39753 1.56896 196315 0 1.55708 0.178547 0
38.5287 20.6193 1.4645 2.07299 4.82935 1.63456 139818 0 1.57115 0.178282 0
-4.59489 41.3739 1.80314 2.12257 4.77112 1.68533 170103 0 -1.45167 0.178184 0
39.8412 37.9697 1.89766 1.98352 4.46224 1.54303 165094 0 1.66435 0.177952 0
-43.6874 59.0879 1.06785 2.00932 4.68685 1.64569 195721 0 1.87467 0.177421 0
-42.6963 58.7609 0.998193 1.96359 4.49076 1.62767 195256 0 -1.2961 0.177369 0
6.54279 56.8057 2.16875 2.06609 4.62874 1.70852 192602 0 2.85403 0.176718 0
50.401 21.9111 1.39808 2.02158 4.53895 1.61503 141727 0 -1.96034 0.176459 0
18.7573 28.0853 1.55374 1.93547 4.45793 1.47074 150520 0 1.58814 0.175373 0
37.3836 14.6599 1.3644 1.94613 4.26575 1.49811 130922 0 1.73588 0.175317 0
57.7393 22.3151 1.67215 2.1366 4.65933 1.683 142218 0 -1.75346 0.175092 0
-25.1661 18.3849 0.560011 2.09269 4.72924 1.69928 136343 0 1.59785 0.175069 0
26.3609 26.7144 1.39191 2.16769 4.8507 1.6934 148672 0 -1.57607 0.175032 0
11.3111 -9.02406 0.896952 0.851068 0.883583 1.76804 96209 0 0.230312 0.174998 1
-56.4824 22.8149 -0.0179128 2.09789 4.76624 1.69489 142797 0 -1.24968 0.174708 0
-4.00723 44.5324 2.01114 2.25141 5.24123 1.82473 174785 0 -1.46469 0.174599 0
14.9938 -4.02142 0.878891 0.820716 0.945061 1.77076 103708 0 -1.67093 0.174039 1
18.4892 28.6037 1.45442 1.97096 4.51975 1.4945 151455 0 1.58989 0.173888 0
14.3485 40.8641 1.94757 1.82444 3.96646 1.78542 169226 0 -1.50782 0.17368 0
19.9397 28.3869 1.4903 1.96046 4.51372 1.50804 150992 0 -1.53412 0.173395 0
4.94846 -2.6797 0.765674 0.820008 0.912786 1.66201 105549 0 -1.62634 0.17329 1
-11.3647 71.1884 2.63145 2.09968 4.7496 1.75667 213606 0 -1.47742 0.173161 0
2.67074 40.1684 1.686 2.05308 4.60249 1.56605 168254 0 1.57038 0.173128 0
9.19559 55.2379 2.03447 2.08154 4.59075 1.58356 190270 0 -0.386467 0.172783 0
51.999 37.0188 2.07009 1.84046 4.14149 1.50265 163728 0 -1.50648 0.172619 0
-47.2961 4.98274 -0.532245 1.73998 3.57134 1.50122 116618 0 -1.24215 0.172111 0
-65.8309 12.0389 -0.828637 1.75205 3.73286 1.47676 126856 0 -1.06563 0.17103 0
70.2516 9.46571 1.46182 2.11442 4.7521 1.6268 123537 0 -0.1159 0.170933 0
55.8807 22.4631 1.61639 2.08659 4.69565 1.64059 142680 0 1.4683 0.170725 0
-40.1864 34.052 0.874296 1.99408 4.44037 1.56558 159228 0 1.87033 0.170318 0
47.2315 -28.3369 0.25126 1.9651 4.43989 1.63744 68241 0 -1.35431 0.169694 0
33.7382 44.8875 1.9833 1.96446 4.43856 1.53389 175371 0 -1.58174 0.16911 0
-43.5923 21.1698 -0.191324 2.19074 5.12746 1.61474 140497 0 -1.17932 0.168734 0
57.5051 20.2382 1.45195 2.04511 4.58133 1.58038 139409 0 -1.9788 0.168677 0
63.5833 32.5057 1.89799 2.01124 4.30262 1.63416 157212 0 -3.09843 0.168324 0
3.01723 69.8992 3.46439 2.22619 5.05085 1.86626 211779 0 3.12 0.167783 0
32.737 21.4789 1.31769 1.99517 4.48986 1.48719 141204 0 -1.50914 0.167625 0
34.1013 56.4676 1.94079 2.03248 4.66565 1.64578 192220 0 1.75463 0.167295 0
-24.4808 17.7488 0.482233 2.15175 4.80128 1.76479 135409 0 -1.37325 0.167112 0
-12.6402 71.2617 2.34381 2.13529 4.98446 1.76782 213602 0 1.58378 0.16701 0
-45.625 56.8204 0.842483 1.9411 4.34709 1.57427 192439 0 1.86512 0.166996 0
5.5981 57.0474 2.21513 2.25633 5.2425 1.83909 193067 0 3.03551 0.166747 0
14.8926 41.3111 1.95374 2.2862 5.20504 1.96975 170164 0 -1.52448 0.166456 0
50.6975 21.5952 1.38831 2.05145 4.59044 1.62997 141260 0 -1.84876 0.165898 0
51.0656 34.6097 1.99702 2.38462 5.53183 1.74036 160449 0 -0.0139066 0.165264 0
69.9298 11.3227 1.325 2.02489 4.57093 1.59303 126344 0 -0.874607 0.165225 0
26.8313 -5.36076 0.770626 0.698414 0.79482 1.24442 101873 0 -1.43626 0.165159 1
56.4932 19.6163 1.36802 1.98169 4.55217 1.54727 138470 0 -1.7791 0.164857 0
-45.8784 12.431 -0.641067 2.02039 4.462 1.6753 127386 0 -1.22064 0.164851 0
-61.938 7.30315 -0.697942 2.16921 4.66852 1.666 119848 0 -1.18783 0.164848 0
53.5483 37.2351 1.99239 2.12216 4.8931 1.72447 164201 0 -1.53602 0.164787 0
-32.2253 33.4619 0.532853 1.98865 4.41778 1.54386 158317 0 1.9536 0.164567 0
-30.5024 1.14925 0.629621 0.9063 0.993972 1.777 111054 0 -1.8851 0.164509 1
-17.9753 38.3439 0.769631 2.18884 5.14769 1.61178 165381 0 -1.18568 0.164474 0
32.1383 39.1141 1.91468 1.98438 4.45027 1.5797 166942 0 1.68501 0.164438 0
29.8074 49.0648 2.0209 0.893911 0.925158 1.67034 181443 0 -2.84761 0.1642 1
-45.6385 7.21958 -0.360716 1.75184 3.69943 1.58985 119899 0 -1.19914 0.164037 0
58.0436 19.4208 1.52173 2.16664 4.92458 1.67184 138007 0 1.63556 0.162432 0
-48.4856 8.14243 -0.361329 2.05622 4.54269 1.67211 121294 0 -1.26333 0.162342 0
6.22613 54.6315 2.0737 0.808772 1.53263 1.59772 189325 0 2.91811 0.162297 2
-40.5086 9.53483 -0.425417 2.03 4.40448 1.50872 123191 0 1.74777 0.161645 0
12.7385 -4.46224 0.807171 0.960598 1.03952 1.70977 103233 0 -1.40936 0.160918 1
25.11 28.0179 1.41183 2.04983 4.43585 1.62719 150540 0 3.12202 0.160882 0
-28.9788 64.0512 1.23808 2.41432 5.79182 1.8874 203255 0 -1.40311 0.160856 0
19.7331 31.311 1.47984 2.00571 4.57692 1.57348 155203 0 1.55533 0.160535 0
-21.6046 28.2157 0.735255 2.10969 4.7218 1.61422 150862 0 -1.28629 0.160464 0
-3.68546 43.7604 1.95952 2.23395 5.17713 1.84272 173382 0 -1.56201 0.160289 0
13.9261 28.7514 1.42048 1.89503 4.39716 1.50201 151441 0 -1.43889 0.16011 0
18.8552 -6.96383 0.846045 0.983116 1.20094 1.82974 99508 0 1.64977 0.15979 1
34.7014 56.229 2.01447 2.05229 4.63767 1.65376 191754 0 -1.47819 0.15956 0
3.32704 67.6599 3.10543 0.956906 1.24323 1.79268 208504 0 0.962895 0.159526 1
-4.30447 39.5216 1.97934 2.08476 4.57202 1.69089 167296 0 -1.51974 0.159218 0
1.4616 29.4939 1.49626 2.09429 4.77704 1.61328 152806 0 1.72276 0.158163 0
25.7218 26.9544 1.37443 2.1344 4.67862 1.61239 149138 0 -1.76919 0.157845 0
-39.5213 32.4689 0.618588 1.98454 4.48706 1.53696 156890 0 -1.12809 0.157213 0
-2.42729 49.1936 1.86663 1.99673 4.52815 1.60976 181342 0 -1.35046 0.157151 0
27.5383 -4.91518 0.867404 1.01374 0.999701 1.70476 102344 0 -1.41574 0.156981 1
-16.1699 37.674 0.769084 1.96463 4.47295 1.62348 164451 0 -1.18911 0.156491 0
-44.0829 18.618 -0.23325 2.06628 4.49682 1.61796 136752 0 -1.2133 0.156209 0
-24.0815 22.641 0.599184 2.06075 4.5661 1.47593 142430 0 -0.855092 0.156133 0
-39.8487 33.467 0.724725 1.99684 4.40819 1.54489 158293 0 1.78054 0.155999 0
15.2173 -3.75965 0.915054 0.885886 1.0412 1.81739 104177 0 -1.64798 0.155548 1
-1.15827 64.7779 2.30627 2.15483 4.92867 1.67099 204278 0 -1.55177 0.155495 0
-5.2307 26.2956 1.57283 1.98359 4.30224 1.64038 148105 0 -1.50329 0.155401 0
40.1566 34.7249 1.81302 2.03192 4.67216 1.6031 160415 0 1.69336 0.154967 0
70.8517 10.0808 1.39233 2.08424 4.60887 1.6232 124475 0 -0.587196 0.154788 0
1.16232 26.6022 1.37123 2.02947 4.65096 1.52069 148593 0 1.60048 0.154701 0
26.9611 -5.98029 0.813107 0.898157 1.5928 1.48915 100938 0 -1.32109 0.154317 1
-40.7513 33.4448 0.774273 2.0937 4.65813 1.64176 158290 0 1.95001 0.154012 0
-4.02251 39.8312 1.85323 2.08389 4.6085 1.61174 167765 0 -1.45144 0.153849 0
70.8604 10.6977 1.38171 2.04699 4.57013 1.62825 125411 0 -1.11604 0.153763 0
