11.6711 12.6645 1.26921 2.20476 5.24679 1.91601 128034 0 -1.56082 0.950123 0
-18.759 8.15238 0.62252 1.97755 4.50301 1.49724 121387 0 1.61951 0.94003 0
19.4589 15.2527 1.31018 2.18211 4.77024 1.75181 131802 0 1.63368 0.936944 0
44.9738 -7.26605 1.60997 2.90871 7.45037 3.13832 99122 0 1.63873 0.933863 0
-18.121 11.6701 0.778145 2.04478 4.52011 1.80194 126537 0 1.69677 0.930409 0
19.3389 11.5872 1.13478 2.17279 4.92815 1.53538 126654 0 1.6302 0.929579 0
49.4629 5.25917 1.26303 2.11794 4.77258 1.83661 117388 0 -1.46725 0.928101 0
-0.916992 11.0487 1.1555 2.10071 4.58858 1.844 125655 0 1.61017 0.924415 0
61.5946 -1.77441 1.22542 2.05945 4.66306 1.65237 107130 0 -0.478641 0.918898 0
-5.84406 11.3923 0.950536 1.96868 4.487 1.49373 126107 0 -1.45563 0.917102 0
-31.2241 -4.95145 -0.670161 2.0507 4.51433 1.5332 102160 0 -1.62916 0.91581 0
31.8833 12.0304 1.22272 1.88406 4.27009 1.47637 127161 0 1.62567 0.914901 0
31.77 9.11722 1.25975 1.9624 4.47354 1.67756 122949 0 -1.45164 0.913511 0
0.160522 17.101 1.34696 2.10609 4.88994 1.82511 134550 0 1.65198 0.912098 0
37.0404 8.75812 1.17521 1.98018 4.60786 1.47648 122497 0 1.67669 0.903806 0
-35.718 -11.1085 -0.699882 2.19713 4.84487 2.02125 93254 0 0.0532863 0.899179 0
-5.30016 20.3308 1.15744 2.02952 4.68232 1.45412 139213 0 -1.55358 0.889387 0
-19.402 32.8191 1.05214 2.30289 5.23842 1.77123 157421 0 -1.20063 0.888638 0
-17.8044 19.9403 0.853047 2.16099 4.88688 1.94523 138706 0 1.75618 0.884707 0
49.3684 8.09849 1.18362 2.067 4.77914 1.59348 121600 0 -1.48467 0.883621 0
0.71138 22.9088 1.44154 2.11497 4.94965 1.80729 142976 0 -1.44364 0.880682 0
-42.0562 6.27272 -0.461547 1.88663 4.11683 1.43342 118506 0 1.88057 0.870028 0
-41.4062 -11.3426 -0.947459 1.98769 4.39678 1.6265 92768 0 0.0367818 0.869181 0
31.5979 15.6205 1.3595 1.93787 4.41944 1.68739 132308 0 -1.48814 0.861481 0
14.9178 38.0245 1.80694 1.968 4.50821 1.71913 165016 0 -1.51725 0.857681 0
-17.4431 14.1635 0.775267 2.10591 4.78956 1.84826 130283 0 1.77531 0.852343 0
12.6249 26.0811 1.42433 1.99613 4.67665 1.49952 147693 0 -1.52715 0.851497 0
-5.2621 14.5655 1.0041 2.03516 4.70102 1.47167 130789 0 -1.46152 0.850606 0
18.6905 -6.94811 0.900331 0.891834 1.07358 1.81935 99508 0 1.73686 0.849197 1
18.3944 22.6457 1.53479 2.07554 4.91132 1.83275 142563 0 1.6431 0.848932 0
12.8871 22.249 1.41939 1.98683 4.67475 1.72627 142078 0 -1.55646 0.847275 0
-5.55431 17.5101 1.05889 2.08916 4.84171 1.52279 135000 0 -1.51305 0.839821 0
-20.345 30.1975 0.765336 2.0759 4.6267 1.50348 153674 0 -1.26773 0.83621 0
-44.0319 -10.7723 -1.053 2.09853 4.66611 1.77334 93696 0 0.0497079 0.833379 0
32.1641 27.287 1.44376 2.11507 4.92888 1.4688 149626 0 1.57966 0.833265 0
11.6251 15.7583 1.32392 2.16985 5.00958 1.85164 132714 0 -1.53966 0.833153 0
-26.4641 14.9012 0.26985 2.13149 5.00235 1.85993 131191 0 1.86292 0.831766 0
27.9609 9.78408 1.19551 0.867 0.929887 1.7585 123873 0 0.0458991 0.81949 1
18.7186 19.9023 1.23955 2.05027 4.68297 1.4716 138820 0 1.67042 0.812659 0
1.07005 26.078 1.35238 1.92247 4.34561 1.47005 147657 0 1.60686 0.803745 0
37.325 14.9515 1.41942 1.9386 4.50739 1.46972 131390 0 1.67667 0.802066 0
14.5022 41.0404 1.93098 2.17589 5.01377 1.85357 169695 0 -1.51457 0.798966 0
-28.922 6.90181 -0.276436 2.09394 4.86975 1.5868 119483 0 -1.27175 0.798032 0
-61.8923 -4.20368 -1.01157 2.05323 4.54066 1.55788 103000 0 -1.56498 0.797514 0
27.273 -4.88811 0.87427 0.952357 0.980925 1.69229 102343 0 -1.4584 0.794776 1
12.3596 19.2918 1.27399 1.95405 4.46521 1.54397 137864 0 -1.58508 0.794058 0
13.9735 32.2335 1.5018 1.98826 4.66538 1.47769 156589 0 -1.49986 0.792947 0
-47.1844 7.56179 -0.588669 1.99012 4.38018 1.59195 120362 0 -1.28188 0.788871 0
-35.2759 7.13424 -0.397987 0.822989 0.869637 1.69094 119931 0 -1.09199 0.782438 1
-17.5243 17.0187 0.620318 1.89263 4.19584 1.49534 134495 0 1.73305 0.779802 0
-39.2183 14.8683 -0.243495 1.88461 4.16459 1.54373 131151 0 1.90687 0.779283 0
1.45154 31.7505 1.74927 2.13161 4.78066 1.86981 156082 0 1.65546 0.775961 0
-43.4224 20.8653 -0.189282 1.94697 4.30282 1.50768 140030 0 -1.2408 0.775576 0
-17.4059 23.1606 0.78389 2.09793 4.84603 1.6008 143387 0 1.66991 0.773846 0
37.3074 11.9026 1.34407 2.05587 4.75958 1.5494 127178 0 1.6641 0.771562 0
-0.187019 14.1661 1.08545 1.91525 4.29894 1.60051 130337 0 1.70152 0.768931 0
14.5835 46.8601 1.81108 1.94876 4.41994 1.5334 178119 0 -1.59421 0.768494 0
1.14563 28.9817 1.45232 2.02798 4.6111 1.52659 151869 0 1.66104 0.758815 0
-60.5895 15.1332 -0.608006 2.08485 4.69809 1.75043 131552 0 -1.16523 0.758285 0
54.9299 4.96145 1.39081 2.03639 4.85665 1.60464 116937 0 1.63309 0.750792 0
14.8677 -4.72938 0.902093 0.888117 1.02414 1.8814 102772 0 1.8018 0.744551 1
9.18435 54.8981 1.94526 2.057 4.55108 1.50782 189802 0 -0.0845055 0.731338 0
-37.9106 20.0424 -0.170843 2.0118 4.57464 1.53154 138643 0 1.8484 0.730216 0
14.5978 43.9214 1.73383 1.99615 4.52647 1.60265 173907 0 -1.56337 0.728038 0
16.5509 55.1773 2.16466 2.00413 4.46246 1.69062 190293 0 -1.49615 0.726888 0
18.4326 25.5486 1.60627 2.16936 5.15045 1.73348 146775 0 1.63223 0.715171 0
49.8142 11.1077 1.30528 1.95642 4.47851 1.68081 125813 0 -1.51092 0.714541 0
16.4518 67.6192 2.27531 2.12346 4.77963 1.80017 208545 0 -1.54864 0.709437 0
-40.4634 12.0408 -0.356309 1.97017 4.53183 1.58888 126935 0 1.85333 0.707317 0
-47.8612 4.93096 -0.738433 1.8723 4.08919 1.49909 116616 0 -1.27818 0.707195 0
-46.568 10.1153 -0.255878 2.17999 4.8441 1.82017 124108 0 -1.27136 0.697765 0
16.2061 64.5076 2.09083 2.0004 4.53072 1.55219 203864 0 -1.49125 0.694789 0
11.5661 -6.63425 0.849512 0.867764 0.948876 1.74993 99954 0 -0.173146 0.688198 1
-4.92848 26.1687 1.57217 2.0061 4.57745 1.61225 147638 0 -1.48381 0.685708 0
32.7911 35.6228 1.81249 2.13379 4.8878 1.66643 161796 0 1.64743 0.685515 0
16.1816 58.367 1.98685 1.96285 4.42305 1.52343 194972 0 -1.43634 0.682476 0
51.6891 34.4606 1.99091 1.98355 4.472 1.628 159983 0 -1.50549 0.68214 0
31.9067 21.3535 1.30107 1.78116 4.13259 1.38027 140733 0 -1.48925 0.681226 0
-52.7166 48.2066 0.541033 1.97543 4.30412 1.56469 179781 0 -1.2191 0.679345 0
32.2092 30.6553 1.55707 2.03592 4.61893 1.47378 154306 0 1.60994 0.678038 0
-27.66 9.43568 -0.145852 2.0072 4.45351 1.57803 123231 0 -1.30809 0.671908 0
55.221 10.7419 1.42018 1.84063 4.12731 1.45898 125362 0 1.64945 0.668609 0
13.883 29.2145 1.43371 1.98117 4.61735 1.45835 152377 0 -1.5156 0.663633 0
-62.8643 7.52997 -0.724814 2.1036 4.56318 1.59075 120313 0 -1.22116 0.645116 0
24.8039 26.097 1.37284 2.10248 4.67067 1.5735 147731 0 -0.0870025 0.644193 0
11.767 -7.81544 0.847969 0.916784 0.903358 1.68754 98082 0 1.78334 0.643652 1
-61.2795 12.3072 -0.683876 1.92589 4.33033 1.53577 127338 0 1.95972 0.634516 0
-4.65279 23.2096 1.26102 1.86376 4.36061 1.41832 143427 0 -1.53807 0.629136 0
-18.401 35.6394 1.06971 2.08785 4.71932 1.53613 161636 0 -1.16905 0.622456 0
-4.61572 31.9216 1.68118 2.12277 4.74333 1.62418 156063 0 -1.48549 0.614229 0
54.8964 7.79624 1.18953 1.86539 4.24399 1.43413 121149 0 1.66327 0.613105 0
-17.82 38.469 0.801523 2.02253 4.5736 1.45769 165850 0 -1.15554 0.611044 0
-38.8849 17.4705 0.00841165 1.98035 4.23495 1.7741 134896 0 1.86307 0.609027 0
-4.33257 41.0452 1.71274 2.10408 4.75065 1.52135 169636 0 -1.55671 0.60728 0
15.8663 73.6852 2.32866 2.02793 4.52643 1.5784 217435 0 -1.50973 0.60264 0
37.2586 20.7411 1.52196 1.96419 4.396 1.47949 139814 0 1.59877 0.60191 0
12.551 -4.73456 0.805655 0.852678 0.949389 1.75838 102765 0 -2.2453 0.597325 1
32.1515 18.459 1.32015 1.81128 4.09604 1.42198 136522 0 -1.47253 0.580293 0
26.9966 -5.49402 0.72793 0.692083 0.717483 1.27923 101406 0 -1.46758 0.579901 1
-55.2404 27.7041 -0.00299475 2.09638 4.64074 1.62126 149821 0 -1.26426 0.577677 0
20.2924 37.6938 1.89878 1.98714 4.5193 1.66907 164565 0 1.6285 0.577053 0
-43.311 23.4832 0.0784664 2.0392 4.48645 1.60507 143774 0 -1.23486 0.573167 0
19.6887 31.5993 1.50055 2.00407 4.63241 1.51767 155671 0 1.58736 0.570865 0
-46.2206 12.675 -0.440299 2.01431 4.48785 1.55256 127853 0 -1.26161 0.567869 0
33.1062 38.6265 1.89795 2.00252 4.4783 1.54341 166009 0 -1.52817 0.567295 0
26.7279 -6.20551 0.874106 0.797366 1.82726 1.73805 100469 0 -1.32487 0.566206 2
-68.3277 5.87153 -0.873449 2.00829 4.50173 1.6663 117956 0 1.97546 0.565538 0
26.9965 -5.37379 0.793926 0.745105 0.763776 1.34619 101874 0 -1.49922 0.557288 1
-45.5824 15.1795 -0.332871 2.06383 4.48941 1.65169 131599 0 -1.25796 0.548893 0
-31.2254 39.4772 0.6374 2.00089 4.50521 1.5028 167212 0 1.94497 0.546178 0
-44.6747 18.3793 -0.211089 2.01642 4.50726 1.64058 136282 0 -1.22362 0.544645 0
-23.54 22.5029 0.508788 1.96013 4.34839 1.50691 142432 0 -1.35452 0.541505 0
0.150131 20.0538 1.34991 2.0311 4.73589 1.63434 138762 0 1.71226 0.538927 0
29.2296 49.1703 2.01234 0.815517 0.793627 1.61323 181441 0 -2.78833 0.529892 1
-39.5323 29.2774 0.314801 2.08648 4.67279 1.64498 152210 0 -1.28674 0.512374 0
-3.03648 58.9979 2.21217 2.11062 4.73114 1.72508 195848 0 -1.53866 0.508645 0
-2.07072 64.7973 2.42241 2.09587 4.58975 1.66493 204275 0 -1.52427 0.492734 0
-45.9882 12.9111 -0.440434 1.97605 4.39203 1.56072 128322 0 -1.25041 0.482811 0
-30.5425 42.1353 0.895987 1.90118 4.25034 1.63956 170958 0 1.89956 0.481443 0
15.2025 -4.32028 0.906218 0.838732 0.963268 1.81622 103241 0 2.42733 0.465305 1
12.2359 -2.97425 0.751562 0.765715 0.872451 1.55147 105104 0 3.1085 0.464385 1
16.7753 70.2721 2.22321 2.08274 4.73192 1.68533 212290 0 -1.50675 0.463356 0
-44.9798 56.5086 0.63572 2.0512 4.52447 1.54981 191973 0 -1.27181 0.460167 0
52.314 46.8811 2.21181 1.98508 4.33582 1.62799 178237 0 0.77359 0.458403 0
14.9236 -3.25952 0.782126 0.784503 0.901569 1.661 104644 0 -1.58436 0.450301 1
55.4867 10.9486 1.4487 2.15255 4.79442 1.59395 125831 0 1.60582 0.448001 0
19.9994 40.7229 1.86072 2.07677 4.80436 1.52868 169244 0 1.63686 0.44602 0
-48.3987 4.95583 -0.727705 2.20832 5.0009 1.64178 116614 0 -1.29689 0.435445 0
-33.4456 33.7961 0.552192 2.00557 4.59571 1.52921 158781 0 1.91539 0.432503 0
-4.02792 44.342 2.01157 2.11507 4.88816 1.78371 174317 0 1.58486 0.429801 0
38.5584 26.6372 1.59151 2.14751 4.90256 1.57361 148710 0 1.55701 0.429582 0
38.8907 44.3021 1.95094 2.22395 5.08187 1.79855 174451 0 1.51277 0.428515 0
15.1272 -4.02097 0.981779 0.887094 1.00731 1.86635 103709 0 -2.07243 0.423101 1
15.1392 -4.6065 0.885421 0.852272 0.990394 1.80855 102773 0 1.81637 0.418834 1
0.853325 26.2981 1.35719 2.03141 4.6738 1.53141 148124 0 0.896187 0.417223 0
-36.6571 22.5239 0.132918 2.15951 4.77103 1.87268 142391 0 1.80092 0.415574 0
20.0103 46.2588 2.0668 2.00075 4.50543 1.61528 177200 0 1.56784 0.408276 0
33.1163 44.6455 1.92385 2.00456 4.5276 1.54681 174901 0 -1.51672 0.403013 0
25.0303 26.3818 1.37557 2.21476 5.08227 1.62014 148200 0 -0.309028 0.398188 0
-5.24161 32.1182 1.67711 2.35638 5.44005 1.755 156529 0 1.6364 0.388377 0
-41.4261 9.77829 -0.398805 2.05659 4.5967 1.60903 123656 0 1.84147 0.382465 0
16.0539 -4.426 0.829578 0.896263 0.956149 1.64236 103244 0 3.14001 0.381836 1
52.6243 46.5824 2.20498 2.00837 4.377 1.62279 177770 0 1.09945 0.380047 0
-31.1329 42.4224 0.887521 2.13193 5.02401 1.79423 171424 0 1.92169 0.379761 0
0.822815 20.672 1.42534 0.819768 0.960447 1.67429 139700 0 0.825646 0.378397 1
-22.8802 25.1297 0.726661 2.06736 4.62754 1.75946 146178 0 -1.30724 0.374387 0
33.414 35.4582 1.82405 1.97883 4.56399 1.65744 161330 0 1.63356 0.370474 0
26.4624 -6.03125 0.870782 0.805637 1.00248 1.66773 100936 0 -1.35648 0.370436 1
32.7861 44.9027 1.91396 2.03131 4.60219 1.53989 175368 0 -1.54797 0.36809 0
14.9148 -3.15029 0.784991 0.789161 0.903793 1.63756 105112 0 -1.9442 0.364696 1
54.8907 28.3609 1.70491 1.98247 4.45495 1.57789 151101 0 -1.52556 0.361723 0
31.5764 18.6331 1.26434 1.86195 4.42931 1.4029 136988 0 -1.48797 0.352914 0
37.9364 29.9347 1.90563 2.24965 5.21371 1.83314 153388 0 -1.43594 0.352108 0
-43.0124 58.7642 0.861537 2.05614 4.57135 1.68854 195255 0 -1.3451 0.34983 0
32.5254 38.785 1.87404 2.09188 4.88927 1.52923 166475 0 -1.50099 0.34586 0
20.6146 40.5478 1.94402 2.06221 4.68816 1.50238 168778 0 1.65746 0.342572 0
-26.0928 18.0886 0.463264 2.11514 4.84915 1.79842 135872 0 1.75256 0.341136 0
55.8161 28.3698 1.71432 1.98364 4.53155 1.66373 151104 0 -1.58527 0.339934 0
37.9371 26.6902 1.51994 2.16525 5.11161 1.56004 148708 0 1.68255 0.337637 0
38.58 35.0453 1.58032 1.92895 4.54106 1.60903 160878 0 -1.69557 0.337598 0
26.6642 -6.03239 0.854349 0.90192 1.59318 1.66812 100937 0 -1.35656 0.331305 1
-61.5322 12.0888 -0.653209 2.01488 4.5624 1.57016 126869 0 1.94035 0.328148 0
0.804222 20.8865 1.4314 0.82142 0.893984 1.69261 140168 0 -0.769267 0.32709 1
-33.4349 30.6222 0.402821 1.92802 4.42727 1.44657 154101 0 -1.33298 0.32499 0
-28.9331 63.5859 1.18478 1.95723 4.49728 1.59124 202319 0 -1.29386 0.324657 0
52.2921 34.6216 1.92055 2.31249 5.32016 1.85666 160453 0 -1.50906 0.323211 0
29.2354 49.3176 2.02898 0.851975 0.85189 1.63318 181909 0 -2.65413 0.321451 1
-23.1731 24.8217 0.725616 2.0362 4.50054 1.76179 145709 0 -1.2994 0.321264 0
-25.7656 17.4706 0.460098 2.11369 4.83084 1.75782 134937 0 1.64837 0.318145 0
1.6545 28.9787 1.39842 1.72704 3.79756 1.37552 151871 0 1.66173 0.317473 0
14.3206 46.6688 1.83291 1.70948 3.77656 1.44202 177650 0 -1.52588 0.316695 0
-45.3186 15.4283 -0.332258 2.04466 4.53792 1.66797 132068 0 -1.23169 0.316368 0
39.1856 35.043 1.59986 2.05888 4.762 1.60384 160880 0 -0.979239 0.315797 0
19.0299 28.3512 1.42938 1.99727 4.58511 1.50576 150989 0 1.56812 0.312745 0
15.4388 -4.35439 0.872763 0.8124 0.941685 1.69952 103242 0 2.59968 0.310271 1
19.3639 28.6392 1.4342 1.9764 4.60081 1.53156 151458 0 1.56075 0.308288 0
38.5641 34.7142 1.60278 1.15441 1.91855 1.61605 160410 0 -1.65609 0.307156 1
15.2681 73.4637 2.20277 1.65417 3.72532 1.39111 216965 0 -1.48687 0.305956 0
-32.8129 33.5283 0.585793 1.99766 4.46975 1.52811 158315 0 1.62838 0.305867 0
-28.2889 9.68309 -0.140955 2.06436 4.57565 1.606 123697 0 1.64502 0.305445 0
11.7737 -7.65593 0.858863 0.950312 0.950839 1.76289 98550 0 1.65501 0.304673 1
26.851 -5.54226 0.764996 0.704566 0.736157 1.29492 101405 0 -1.49929 0.303576 1
32.3829 21.5064 1.30269 1.97741 4.51447 1.45415 141203 0 -1.53369 0.302248 0
-37.9045 28.6521 0.352841 2.05999 4.61681 1.63742 151279 0 -1.34265 0.301256 0
3.66124 55.5067 2.25718 2.29531 5.12329 1.96998 190721 0 1.56362 0.300923 0
-37.2713 22.7897 0.111254 2.12254 4.77167 1.80722 142857 0 1.82611 0.29912 0
-4.04458 32.0435 1.66461 2.13618 4.81231 1.66231 156533 0 -1.48106 0.298458 0
16.2384 70.2716 2.20478 1.84219 4.05472 1.48808 212288 0 -1.50907 0.297067 0
34.3834 56.4746 2.02891 1.9516 4.4415 1.56143 192221 0 -1.57351 0.296913 0
50.2918 11.2574 1.30098 2.14358 5.02574 1.77448 126283 0 -1.50851 0.295999 0
29.0795 49.172 2.01052 0.848123 0.836791 1.662 181440 0 -2.71499 0.295415 1
35.0383 53.5997 2.06389 1.92617 4.31452 1.54908 188011 0 -1.48074 0.294719 0
-57.1181 21.584 0.0169325 2.00395 4.51991 1.74549 140923 0 -1.18047 0.290088 0
11.4924 -6.75265 0.868121 0.912809 0.96765 1.73434 99485 0 0.0719976 0.289228 1
52.9457 46.2563 2.17717 2.09267 4.6903 1.66427 177303 0 1.50571 0.289057 0
-40.2309 11.7853 -0.347006 1.69922 3.8334 1.48332 126468 0 1.84223 0.287154 0
-40.4575 12.5436 -0.361645 2.11752 4.86672 1.64772 127871 0 1.88717 0.287027 0
-36.0146 22.2925 0.175711 2.12075 4.74055 1.8367 141925 0 1.77434 0.286952 0
-32.0945 39.821 0.656522 2.18976 4.98057 1.65816 167677 0 1.95885 0.286761 0
15.947 -4.52624 0.832834 0.912558 0.958525 1.68052 102775 0 2.78022 0.285918 1
16.4057 58.6251 2.00467 2.135 4.87796 1.6532 195441 0 -1.49464 0.285283 0
-66.4039 12.3177 -0.721686 1.89127 4.2176 1.52907 127322 0 -1.17109 0.283384 0
27.2551 -5.24873 0.828772 0.928567 0.919107 1.50098 101875 0 -1.48542 0.282939 1
-29.2718 63.8071 1.1469 2.21046 5.22878 1.75213 202786 0 1.34276 0.276628 0
-34.0078 33.8538 0.501904 1.86812 4.18514 1.5426 158779 0 1.94886 0.275838 0
20.933 37.8184 1.95057 2.04904 4.57132 1.64538 165035 0 1.61064 0.275389 0
26.8578 -5.37959 0.801802 0.705573 0.742842 1.29282 101873 0 -1.51604 0.272906 1
-2.72579 55.8523 1.99563 1.98081 4.42103 1.5145 191169 0 -1.56882 0.272371 0
50.4003 19.9971 1.53537 2.07379 4.63467 1.63776 138919 0 -1.56516 0.271673 0
16.5249 70.0021 2.19074 1.94833 4.37843 1.57823 211821 0 -1.48142 0.270338 0
-26.7126 18.3805 0.457133 2.14332 4.76182 1.86059 136338 0 1.76865 0.269944 0
-2.466 58.7824 2.20113 2.07564 4.80523 1.72123 195382 0 -1.52183 0.269599 0
-53.1867 48.4481 0.516202 2.27725 5.46734 1.79119 180247 0 -1.20901 0.268535 0
38.5575 34.4857 1.63498 0.99342 1.46621 1.65087 159942 0 -1.01333 0.26734 1
-25.4723 17.4525 0.472017 2.08286 4.78576 1.7144 134938 0 -1.12712 0.266908 0
-66.4019 12.0082 -0.687973 1.80195 4.01926 1.49686 126854 0 -1.1578 0.266603 0
34.7086 53.8828 2.06112 1.86986 4.09208 1.50452 188478 0 -1.49118 0.266158 0
14.7043 -4.74017 0.855737 0.855202 0.97042 1.8111 102771 0 1.89541 0.265938 1
-33.4673 30.7667 0.416055 1.91385 4.41231 1.44948 154569 0 -1.92481 0.265857 0
44.2566 55.5116 2.20117 0.790553 0.725348 1.73167 190848 0 1.39086 0.265579 1
-32.5376 33.4929 0.589746 2.07465 4.6134 1.55497 158316 0 0.371882 0.265424 0
-61.0419 12.5272 -0.703334 1.95425 4.23266 1.54229 127807 0 1.96373 0.264185 0
33.4235 44.3762 1.90451 2.00305 4.54563 1.58374 174434 0 -1.50487 0.26358 0
-26.3738 17.7946 0.420165 2.0988 4.79539 1.8127 135403 0 1.77356 0.263354 0
52.0567 47.1321 2.20712 1.96844 4.37305 1.63526 178704 0 0.568464 0.263152 0
20.3025 46.0005 2.03703 2.01674 4.51219 1.64689 176733 0 1.53407 0.260967 0
-22.6032 25.3775 0.76111 2.07439 4.56156 1.73943 146647 0 -1.33962 0.260383 0
14.5914 43.4672 1.76285 1.99175 4.54044 1.6474 172971 0 -1.51683 0.260059 0
-66.7506 3.08383 -0.691603 0.817895 0.861935 1.74486 113749 0 -1.31628 0.259057 1
-47.7463 7.62469 -0.615996 2.28435 5.12531 1.72248 120360 0 -1.29173 0.258863 0
37.8464 20.8928 1.51299 2.07097 4.76435 1.52263 140284 0 1.61219 0.257098 0
39.1472 26.4774 1.59131 2.1499 4.94289 1.64037 148244 0 1.61242 0.255059 0
-23.8381 22.785 0.519542 2.02548 4.45344 1.53076 142899 0 -1.38691 0.251922 0
4.95525 56.7981 2.18006 2.21801 4.91375 1.90778 192597 0 2.95399 0.251885 0
20.2711 31.7646 1.55257 2.05703 4.68993 1.54937 156141 0 1.60109 0.251241 0
-66.4127 11.6976 -0.686332 1.76777 3.94001 1.47159 126386 0 -1.16938 0.250759 0
38.8549 34.7417 1.60696 1.91926 4.35098 1.60069 160411 0 -1.68204 0.250757 0
51.6711 37.5901 1.98459 1.93016 4.36569 1.55524 164663 0 -1.53856 0.250301 0
39.8316 44.3044 2.01966 2.12814 4.74807 1.71123 174454 0 1.60461 0.249536 0
42.1526 23.774 1.6111 0.80619 0.796954 1.72108 144509 0 1.3222 0.248002 1
38.8671 35.307 1.5831 1.98189 4.66694 1.55026 161347 0 -1.4007 0.247433 0
-45.89 56.7779 0.612936 2.10977 4.54351 1.59201 192438 0 -1.27807 0.246677 0
50.0859 22.877 1.20925 1.91731 4.35103 1.53228 143130 0 -1.59719 0.245139 0
3.02457 68.3246 2.95794 2.03463 4.58846 1.90466 209439 0 1.52872 0.245087 0
34.0903 53.9199 2.03678 1.87554 4.28792 1.5081 188476 0 -1.39544 0.243881 0
50.3913 22.2516 1.3021 2.04684 4.73671 1.59181 142195 0 -1.66716 0.243834 0
-56.823 21.889 0.0109332 1.95719 4.44429 1.69226 141392 0 -1.20832 0.241918 0
34.098 56.2095 1.97645 1.97909 4.54484 1.57119 191752 0 -1.71618 0.241387 0
-40.5046 34.0503 0.756731 2.06007 4.51314 1.64901 159227 0 -0.897614 0.241214 0
-2.69248 65.0438 2.47626 2.32494 5.25731 1.82391 204741 0 -1.49804 0.240605 0
33.7046 38.7854 1.92065 2.06211 4.63585 1.55693 166479 0 -1.54018 0.240149 0
-56.7799 22.5718 0.0298829 2.03389 4.60047 1.6664 142328 0 -1.18183 0.239612 0
38.9032 45.6165 2.05144 1.95786 4.35045 1.58978 176323 0 -3.09968 0.238705 0
-3.9874 59.0542 2.1943 2.065 4.65735 1.76916 195845 0 1.61349 0.238546 0
69.9048 11.0528 1.26681 2.04288 4.60476 1.62198 125876 0 -0.805919 0.238469 0
-41.7168 9.49042 -0.454933 2.03627 4.54364 1.58777 123187 0 1.84106 0.238415 0
-22.882 24.5222 0.672504 1.99334 4.40216 1.71405 145242 0 -1.29078 0.237652 0
50.0951 19.7381 1.50889 1.96943 4.31341 1.56719 138450 0 -1.47479 0.23737 0
56.8026 22.5417 1.65504 2.14948 4.82647 1.81621 142683 0 -1.64755 0.237131 0
-34.0472 30.8708 0.39739 1.90597 4.30798 1.46038 154567 0 1.91449 0.236565 0
-62.2989 7.26199 -0.709637 2.15129 4.55403 1.62608 119847 0 -1.09144 0.236412 0
-3.06194 44.3311 1.99909 2.00378 4.56998 1.75712 174320 0 -1.53146 0.236374 0
16.7077 64.7101 2.1317 2.27657 5.2988 1.76993 204334 0 -1.53663 0.236106 0
41.1343 54.2363 1.86685 1.96884 4.33897 1.63486 188966 0 -2.95439 0.235844 0
-3.6925 68.2984 2.54288 2.07136 4.76376 1.74832 209418 0 -1.4883 0.235056 0
-43.6642 59.0171 0.7625 2.30546 5.41636 1.87288 195721 0 -1.34913 0.234686 0
21.2376 40.7597 1.95863 2.02794 4.50111 1.51749 169248 0 1.60704 0.233249 0
15.0026 -3.99861 0.965295 0.84237 0.974075 1.85889 103708 0 -1.98554 0.23285 1
33.8058 56.4869 1.98522 1.98239 4.5258 1.58727 192219 0 -1.78037 0.232845 0
13.3514 29.0261 1.44539 1.81405 4.12081 1.45308 151907 0 -1.49811 0.232784 0
50.7135 22.5634 1.32094 1.96004 4.4846 1.55453 142664 0 -1.59376 0.232435 0
49.7678 19.9787 1.48677 2.02123 4.50092 1.58453 138917 0 -1.6984 0.231642 0
27.1797 -4.77027 0.874207 0.926066 0.984145 1.71063 102810 0 -1.43236 0.230709 1
-56.7971 22.2357 0.00994118 2.01803 4.56857 1.68062 141860 0 -1.19422 0.230394 0
-25.4698 17.7448 0.467509 2.08923 4.82778 1.72365 135406 0 -1.73841 0.230085 0
54.9335 10.5009 1.36798 1.54113 3.41617 1.3433 124893 0 1.69564 0.229939 0
14.0108 40.9042 1.9331 1.82364 4.11212 1.74917 169225 0 -1.51939 0.22986 0
20.9199 46.2387 2.1263 2.04627 4.5643 1.67391 177203 0 1.52908 0.229263 0
-17.8497 35.3824 0.949862 1.85951 4.16495 1.44725 161170 0 -1.18323 0.228147 0
39.5032 35.0375 1.69058 2.13038 4.95594 1.64629 160881 0 1.59288 0.227976 0
-22.9443 22.5345 0.481822 1.87711 4.22687 1.55168 142434 0 -1.36353 0.227804 0
69.9046 11.3289 1.25576 2.04093 4.60143 1.62137 126344 0 -1.16424 0.227604 0
48.8063 13.8993 1.24864 2.04594 4.64873 1.57228 130022 0 -1.58697 0.225612 0
-19.2997 35.9666 1.14194 2.26042 5.25132 1.66337 162101 0 -1.17205 0.22449 0
25.0543 26.6642 1.3826 2.35157 5.6009 1.67819 148668 0 0.0169882 0.223479 0
17.5246 -3.33593 0.856537 0.773926 0.927902 1.60748 104652 0 1.98489 0.223219 1
-38.893 28.994 0.357915 2.05172 4.48479 1.67643 151744 0 -1.31749 0.22182 0
35.0048 56.4654 2.05199 1.90097 4.17752 1.56618 192223 0 -1.48399 0.221519 0
-3.03212 68.0545 2.59457 1.98262 4.50702 1.65574 208952 0 -1.43326 0.221392 0
38.2908 35.0597 1.56563 1.99111 4.58305 1.6337 160877 0 1.80506 0.221343 0
38.2816 44.3254 1.85389 2.01867 4.4734 1.72777 174449 0 1.63394 0.220858 0
16.139 73.9665 2.40374 2.24977 5.12934 1.76661 217904 0 -1.57479 0.220838 0
-60.7349 12.0502 -0.686494 1.60119 3.4843 1.43597 126872 0 1.86721 0.220697 0
50.3882 23.1805 1.2558 1.93333 4.39787 1.54303 143599 0 -1.61661 0.220694 0
42.1559 23.6058 1.62351 0.804703 0.852056 1.68733 144041 0 1.43467 0.219788 1
19.4186 40.5577 1.79105 1.97699 4.59901 1.51045 168774 0 1.60393 0.219742 0
-16.8895 22.9687 0.749694 1.76821 3.78394 1.52082 142921 0 1.65692 0.21962 0
53.2237 46.2403 2.19763 2.23327 5.13962 1.80357 177304 0 -0.836956 0.219497 0
56.4877 22.2596 1.59907 2.07345 4.65491 1.81092 142214 0 -1.59617 0.218671 0
-25.7977 18.3499 0.464408 2.11487 4.80585 1.77234 136341 0 1.72292 0.218478 0
51.3675 37.3233 1.95874 1.88066 4.27345 1.49758 164194 0 -1.56351 0.218377 0
14.9563 -4.35073 0.923188 0.869704 0.99558 1.8723 103240 0 2.49321 0.217905 1
35.3227 53.3196 2.07441 2.02017 4.50044 1.61846 187544 0 -1.46144 0.217351 0
20.6154 46.4923 2.1456 2.01742 4.49957 1.63062 177670 0 1.55428 0.217218 0
-3.02354 56.111 2.01948 2.03987 4.55058 1.56725 191636 0 -1.47372 0.216858 0
55.4414 7.5971 1.2342 2.03719 4.86164 1.51453 120683 0 1.68025 0.215112 0
-29.555 63.8644 1.10237 2.25202 5.53931 1.84607 202785 0 1.74307 0.21489 0
52.8886 46.84 2.22897 2.22101 4.97069 1.7919 178239 0 0.732545 0.214391 0
31.8994 38.6407 1.8624 1.96757 4.46114 1.51154 166005 0 1.56779 0.214331 0
42.3605 23.5936 1.63387 1.0231 1.27798 1.68078 144042 0 1.46361 0.213616 1
-23.4758 25.1303 0.783958 1.97837 4.44109 1.75761 146176 0 -1.34489 0.213473 0
-66.7183 11.3975 -0.704058 1.98633 4.37393 1.54419 125917 0 -1.20539 0.213423 0
12.4344 -4.83187 0.809311 0.838189 1.30556 1.77288 102296 0 -1.98112 0.213395 1
69.9171 10.7407 1.26355 2.03528 4.5038 1.60812 125408 0 -0.474833 0.213302 0
42.3568 23.7814 1.62031 0.971233 1.19121 1.70124 144510 0 1.42375 0.210818 1
20.3224 28.6806 1.52224 1.90939 4.31575 1.55674 151461 0 -1.57567 0.210432 0
52.6543 47.4759 2.29931 2.3411 5.46558 1.89645 179174 0 2.95358 0.21033 0
-15.5806 -14.3272 0.371017 0.821532 0.971618 1.69125 88637 0 -2.58083 0.210034 1
40.8209 53.9283 1.78947 1.9885 4.46944 1.63468 188497 0 -2.92501 0.209374 0
51.0244 22.8627 1.34763 1.91778 4.29422 1.51504 143133 0 -1.59444 0.208208 0
19.9959 28.8987 1.52619 1.90233 4.36365 1.56109 151928 0 1.45092 0.208065 0
11.6587 -8.0666 0.775339 0.834969 0.869332 1.553 97614 0 1.83595 0.206077 1
-4.91862 22.9926 1.28333 1.75985 3.971 1.38008 142958 0 -1.54479 0.205425 0
41.4299 53.9341 1.79092 1.97912 4.36199 1.64568 188499 0 -2.88821 0.205175 0
50.7204 20.2797 1.52862 2.12037 4.7634 1.6906 139388 0 -1.64873 0.20508 0
15.4471 -4.02233 0.888454 0.860578 0.987013 1.72444 103710 0 -2.56524 0.204628 1
53.2314 45.9326 2.13421 2.19903 5.05429 1.77939 176836 0 -1.50784 0.204205 0
-66.14 12.6205 -0.744559 1.89471 4.18797 1.53793 127791 0 -1.16683 0.204145 0
4.73124 -2.62506 0.774097 0.761519 0.815338 1.62502 105548 0 0.416709 0.203985 1
-37.3409 28.5865 0.338503 2.13384 4.78548 1.62361 151281 0 -1.77584 0.20338 0
9.63794 54.8866 1.94681 2.11546 4.63852 1.52114 189804 0 0.188509 0.203349 0
49.4562 19.9621 1.4628 2.00536 4.53805 1.56353 138916 0 2.42623 0.203241 0
15.0775 -3.29808 0.806621 0.844666 0.996984 1.71754 104645 0 -1.46446 0.203186 1
15.9425 67.4427 2.28469 1.83054 3.93441 1.66151 208075 0 -1.55045 0.202639 0
63.1841 31.524 1.88589 2.30513 5.22393 1.78502 155807 0 0.23442 0.20251 0
50.7413 37.6117 2.04982 1.94323 4.38589 1.57099 164660 0 -1.55428 0.200367 0
-44.0918 18.3232 -0.212082 2.058 4.59618 1.68774 136284 0 -1.22008 0.200262 0
51.0841 34.6568 1.97474 2.3144 5.37003 1.74491 160449 0 -1.49271 0.200201 0
1.96848 31.5998 1.75931 1.85682 4.08446 1.78138 155616 0 1.64989 0.199925 0
55.8145 19.3605 1.33124 1.98166 4.48078 1.54794 138000 0 1.56527 0.199719 0
33.0078 30.6499 1.51272 2.23622 5.74788 1.61135 154309 0 1.6202 0.199242 0
-5.55672 26.3176 1.5702 2.17513 4.95198 1.66316 148104 0 -1.49791 0.199214 0
53.2804 37.271 1.95134 2.06165 4.63274 1.73943 164200 0 -1.54797 0.19903 0
55.1554 8.04722 1.22657 1.99324 4.62502 1.48842 121618 0 1.66055 0.198942 0
50.0995 21.9477 1.38516 2.04383 4.56417 1.58628 141726 0 -2.25737 0.198526 0
34.6978 56.2288 2.02079 1.89806 4.23146 1.55607 191754 0 -1.34284 0.198162 0
57.7382 22.5577 1.73518 2.15092 4.83663 1.78266 142686 0 -1.6328 0.198149 0
32.2061 44.6895 1.86986 1.99496 4.50471 1.55406 174898 0 -1.50597 0.197139 0
16.7715 70.7933 2.27013 2.15767 4.91107 1.7418 213226 0 -1.53047 0.196834 0
27.9738 9.58189 1.16556 0.913852 0.975529 1.77179 123405 0 0.107458 0.196259 1
69.3011 11.365 1.21507 2.02636 4.54417 1.60813 126342 0 0.930617 0.195963 0
57.4671 19.6744 1.50507 1.97616 4.39082 1.56882 138473 0 -1.69937 0.195689 0
1.8008 6.01122 1.56682 1.16534 1.33777 1.96542 118175 0 -1.47521 0.195271 1
-4.6372 44.0979 1.95154 2.03106 4.64524 1.80717 173847 0 1.5027 0.194673 0
57.7382 19.3707 1.53911 2.07868 4.63992 1.64277 138006 0 -1.60469 0.194415 0
-37.2362 22.3444 0.0478947 2.09426 4.6362 1.79746 141921 0 1.78246 0.194284 0
34.0286 35.5891 1.80792 2.35442 5.31971 1.74044 161800 0 -1.51755 0.193449 0
16.6998 58.144 2.05742 2.20548 5.20315 1.70432 194506 0 -1.38789 0.193399 0
-25.1481 17.4455 0.476988 2.12398 4.82608 1.71232 134939 0 -1.37962 0.193324 0
-3.75948 40.8742 1.70597 1.96851 4.51787 1.51107 169170 0 -1.50943 0.19258 0
52.6833 45.9604 2.08961 1.87266 4.03797 1.51474 176834 0 1.5567 0.192524 0
39.8216 34.7483 1.76223 2.171 4.99455 1.71421 160414 0 1.59779 0.192438 0
51.3373 22.5666 1.35609 1.90054 4.2337 1.50822 142666 0 1.87551 0.192242 0
-40.7099 11.7714 -0.310453 2.09171 4.82625 1.64143 126466 0 1.82381 0.191092 0
43.9324 57.4839 2.27529 0.781238 0.786624 1.75791 193655 0 -0.046574 0.191063 1
32.5152 44.3791 1.86733 1.96729 4.48047 1.55472 174431 0 -1.49079 0.190784 0
-37.9409 28.8626 0.338152 2.13544 4.80689 1.666 151747 0 -1.64858 0.190782 0
12.5768 18.8497 1.29206 2.10686 4.91973 1.61483 136929 0 -1.4666 0.190761 0
15.9107 64.2698 2.04439 1.78785 4.03243 1.47357 203395 0 -1.46374 0.190437 0
52.3129 37.3019 1.95981 1.97943 4.45564 1.6198 164197 0 -1.53084 0.189967 0
34.3879 54.1737 2.09594 1.82513 3.9541 1.48954 188945 0 -1.56556 0.189892 0
44.1087 55.5217 2.18973 0.769074 0.691534 1.7219 190847 0 1.73219 0.189717 1
56.4783 22.83 1.62682 2.13138 4.8069 1.82182 143150 0 -1.68637 0.189414 0
32.7358 18.6121 1.30625 1.9045 4.33334 1.53201 136992 0 -1.49711 0.189199 0
-3.03791 58.4801 2.19 1.98672 4.46208 1.64627 194912 0 -1.54217 0.18895 0
-39.5149 33.4271 0.486706 1.99038 4.44159 1.56306 158294 0 -1.17302 0.188869 0
-4.58224 44.5404 1.96191 2.26817 5.21043 1.89127 174783 0 1.57688 0.188794 0
31.869 44.9329 1.92496 1.99995 4.54714 1.57348 175365 0 1.55798 0.188774 0
-67.7546 5.63828 -0.82599 1.61243 3.25344 1.52052 117490 0 1.94231 0.188689 0
-3.62675 58.7951 2.205 2.06344 4.69353 1.75621 195378 0 -1.52299 0.188244 0
-40.1953 33.7726 0.675484 2.0017 4.37808 1.59595 158760 0 -1.22029 0.187703 0
49.7742 22.5906 1.24564 1.86321 3.86187 1.51993 142661 0 -1.63675 0.187639 0
5.80848 39.9496 1.84545 0.878651 0.807772 1.73103 167796 0 0.0179405 0.187389 1
-4.9014 40.8965 1.68299 2.06597 4.77194 1.57516 169166 0 1.57034 0.186612 0
15.4744 -4.58647 0.863287 0.795732 0.911129 1.69062 102774 0 2.06918 0.186589 1
38.3384 34.7367 1.58776 1.93563 4.16503 1.64495 160409 0 -2.47243 0.186529 0
15.1263 -3.77519 0.935683 0.893626 1.01578 1.84221 104177 0 -1.53899 0.186486 1
-56.2141 22.5435 0.0464386 1.99382 4.409 1.62152 142330 0 -1.18792 0.185829 0
-47.452 10.3513 -0.23451 2.44299 5.82216 2.02515 124573 0 -1.28229 0.185384 0
16.195 57.8786 1.98934 1.92449 4.41201 1.54211 194036 0 -1.37558 0.18537 0
-4.32587 31.652 1.64561 2.01909 4.61734 1.58846 155596 0 -1.49065 0.185159 0
51.344 22.2618 1.36948 1.92415 4.288 1.52015 142198 0 1.58759 0.184738 0
-2.6813 64.5605 2.45711 2.07076 4.58197 1.68377 203805 0 1.1941 0.184723 0
-1.50893 37.2509 2.02136 0.842461 0.833414 1.7248 164029 0 -0.856671 0.184674 1
-2.4081 55.5826 1.9913 1.96133 4.43418 1.49114 190702 0 -1.6171 0.184631 0
-63.8036 7.82208 -0.639305 2.17969 4.78428 1.69179 120778 0 -1.23282 0.184486 0
14.8242 44.2079 1.74286 2.13781 4.90931 1.72616 174376 0 -1.59927 0.183908 0
1.01489 20.6836 1.40431 0.842096 0.95062 1.68541 139701 0 -0.237814 0.183655 1
33.1246 44.0466 1.89967 1.97129 4.4102 1.55944 173965 0 -1.51594 0.183352 0
-1.15209 64.7775 2.40734 2.10072 4.69154 1.68519 204278 0 -1.57425 0.183221 0
27.0078 -6.45441 0.741947 0.667847 1.04952 1.31699 100002 0 -1.35124 0.182699 1
-3.69386 44.1032 2.02988 1.9266 4.34553 1.73367 173850 0 -1.53909 0.18225 0
3.94844 55.2538 2.2552 2.19213 4.75836 1.90466 190254 0 -2.97567 0.182104 0
-37.3392 19.7961 -0.152468 1.87579 4.31159 1.52106 138177 0 1.81382 0.182048 0
41.1259 53.6211 1.73826 1.98889 4.48412 1.66291 188030 0 -2.90187 0.181767 0
-57.3929 21.3628 0.0252218 2.15509 4.85742 1.829 140454 0 -1.19276 0.181533 0
18.9037 -6.94196 0.90401 0.936482 1.18628 1.84389 99509 0 1.68812 0.181138 1
35.3081 53.8776 2.07901 2.05767 4.64557 1.62681 188480 0 -1.56281 0.181085 0
51.3549 37.8547 2.01073 1.96819 4.34705 1.5707 165130 0 -1.52278 0.180964 0
69.9073 10.0881 1.3599 2.06386 4.54274 1.62565 124472 0 -0.163435 0.18089 0
34.6996 56.7187 2.06429 1.93421 4.24824 1.5701 192690 0 -1.59713 0.180675 0
-33.1813 30.7647 0.430286 1.95407 4.4666 1.47326 154570 0 -1.64882 0.1802 0
1.33912 26.3041 1.30033 1.83548 4.07682 1.43634 148126 0 1.09225 0.179833 0
32.4783 18.196 1.29669 1.7905 4.06069 1.47704 136055 0 -1.4452 0.179413 0
33.7185 44.8843 1.9531 2.06634 4.65502 1.63539 175371 0 -1.51524 0.179017 0
20.932 46.5033 2.14286 2.05336 4.60658 1.67429 177671 0 -2.78653 0.17882 0
52.9919 45.6383 2.05141 2.00585 4.50576 1.61838 176367 0 0.0101933 0.178263 0
29.0653 49.3325 2.04266 0.87045 0.837567 1.65903 181908 0 -2.65453 0.178255 1
-44.0255 17.8338 -0.225941 2.044 4.63946 1.69699 135348 0 -1.18985 0.178039 0
19.0571 28.8962 1.39179 1.95934 4.55043 1.55433 151925 0 1.5994 0.177955 0
-26.4228 18.643 0.477665 2.11127 4.73329 1.8442 136807 0 1.7699 0.177885 0
35.6646 22.88 1.19083 0.635991 0.647011 1.46506 143085 0 0.193563 0.177097 1
-18.3635 35.1542 1.04289 1.97805 4.42031 1.48819 160700 0 -1.21671 0.176218 0
16.7156 64.2554 2.14393 2.26667 5.36595 1.74748 203398 0 -1.46208 0.176121 0
38.6022 44.5469 1.91524 2.09776 4.69453 1.73078 174918 0 1.70038 0.175655 0
57.4378 22.2824 1.70506 2.08801 4.63714 1.7455 142217 0 -1.58524 0.175546 0
52.3696 47.4438 2.24237 2.19391 4.95857 1.79075 179173 0 1.98663 0.175487 0
18.7431 28.0619 1.44988 2.00007 4.5391 1.52421 150520 0 1.58903 0.175016 0
40.4959 53.3032 1.69006 1.98379 4.47367 1.64596 187560 0 3.10033 0.17493 0
-35.3354 31.2349 0.520232 2.06109 4.61099 1.55005 155031 0 1.83677 0.174626 0
-43.8767 20.7379 -0.154849 2.20084 5.02828 1.60497 139560 0 -1.2693 0.174318 0
-56.209 21.253 0.0292828 2.00283 4.51382 1.65007 140458 0 -1.20451 0.174272 0
15.1025 -4.86266 0.873107 0.898347 0.991256 1.80759 102305 0 1.81386 0.174197 1
-2.11079 67.9852 2.70618 2.04857 4.51499 1.69371 208955 0 -1.45788 0.173598 0
-47.3057 4.87536 -0.768499 1.6677 3.6367 1.45465 116618 0 -1.24123 0.17323 0
16.1337 61.2721 1.89396 2.17018 4.93981 1.62695 199184 0 -1.53547 0.173097 0
3.08816 55.2221 2.21489 2.36597 5.20599 2.04401 190251 0 -1.67021 0.173085 0
55.4308 4.74773 1.382 2.10687 5.42828 1.77427 116471 0 1.65088 0.172795 0
40.81 53.3077 1.68728 2.02084 4.52254 1.6713 187561 0 -2.85159 0.172217 0
16.7261 73.7433 2.50014 2.35289 5.6014 1.92877 217438 0 -1.56138 0.171874 0
48.5205 13.6488 1.23912 1.96074 4.32401 1.56441 129553 0 -1.58299 0.171275 0
17.0234 55.4109 2.24956 2.3383 5.41339 1.89115 190763 0 -1.55611 0.171241 0
13.6373 28.7396 1.43491 1.77035 4.05265 1.44934 151440 0 -1.4754 0.171227 0
-18.9458 35.4564 1.09363 2.17046 4.94652 1.59861 161166 0 -1.21114 0.17104 0
20.9742 31.5828 1.53675 2.05174 4.68312 1.58933 155675 0 -1.54406 0.170856 0
49.4726 23.1642 1.23292 1.95756 4.42877 1.53744 143596 0 -1.61892 0.170791 0
19.6871 41.0151 1.89759 1.96513 4.5124 1.49555 169711 0 1.66433 0.170624 0
-57.7349 21.8801 -0.0521572 2.22334 5.15515 1.91331 141389 0 -1.14025 0.170081 0
-35.1755 7.02605 -0.384241 0.915727 0.942165 1.67135 119464 0 -1.01776 0.16949 1
50.0891 23.4692 1.2717 1.94083 4.38001 1.53467 144066 0 -1.61132 0.169267 0
56.136 19.0753 1.38318 1.98938 4.51038 1.55782 137533 0 1.54904 0.169175 0
4.68298 56.5252 2.16736 2.15556 4.63305 1.86861 192128 0 2.79819 0.169128 0
57.4476 22.8462 1.73398 2.08197 4.64563 1.74018 143153 0 -1.74042 0.168966 0
11.609 -6.35611 0.761411 0.748087 0.897335 1.55373 100422 0 -0.32008 0.168744 1
40.8239 54.5263 1.99953 2.01206 4.46833 1.65165 189433 0 -3.00564 0.168669 0
47.1922 -28.2861 0.143318 1.99481 4.58242 1.6203 68241 0 -1.39203 0.1682 0
-38.2703 17.2175 0.0376093 2.03453 4.40076 1.7648 134430 0 1.87181 0.168155 0
-23.4875 24.8249 0.757958 1.35446 2.42069 1.74199 145708 0 -1.34833 0.167791 0
3.07802 55.7713 2.26615 2.43014 5.8101 2.06706 191187 0 2.25437 0.167187 0
50.719 23.471 1.33247 1.92095 4.33674 1.51559 144068 0 -1.7713 0.167136 0
69.6292 10.4105 1.27428 2.02264 4.41697 1.61188 124939 0 -0.128877 0.167123 0
13.6489 29.495 1.45761 1.89164 4.27211 1.45039 152844 0 -1.50802 0.166795 0
-57.4321 22.1981 -0.025899 2.15106 4.96014 1.83749 141858 0 -1.14075 0.166771 0
54.295 28.5559 1.71365 2.05236 4.70037 1.5607 151567 0 1.58153 0.166458 0
56.1482 19.6564 1.3692 2.00307 4.60392 1.60744 138469 0 1.50962 0.166439 0
-2.99319 65.0572 2.50738 2.37737 5.51636 1.90654 204740 0 -1.1753 0.166138 0
2.10218 68.2972 3.02216 2.02438 4.49877 1.87775 209436 0 1.53739 0.16582 0
32.5012 45.1927 1.90876 2.01582 4.5854 1.57401 175835 0 -1.76438 0.165672 0
44.2765 55.3162 2.21995 0.808707 0.772433 1.74941 190380 0 1.79701 0.165501 1
-34.399 34.3125 0.548441 2.12952 4.70502 1.63319 159714 0 1.97555 0.165438 0
70.534 11.0396 1.34786 2.03883 4.46596 1.65521 125878 0 -1.22867 0.165369 0
-40.0858 29.0433 0.196156 2.23266 5.12927 1.72041 151740 0 -1.26849 0.16533 0
70.5488 10.7175 1.36305 2.03213 4.47311 1.63336 125410 0 -0.971913 0.165313 0
-66.6899 12.9038 -0.73434 2.23618 5.10526 1.70209 128257 0 -1.19239 0.164828 0
-2.3852 67.7451 2.63675 1.9073 4.24187 1.6109 208486 0 -1.40036 0.164606 0
34.0834 55.8698 2.00388 2.04522 4.55726 1.56845 191284 0 -2.43614 0.164497 0
42.7192 23.8357 1.59372 2.05654 4.42482 1.66645 144511 0 1.42632 0.164335 0
52.9728 37.562 1.96598 1.9939 4.4459 1.67354 164667 0 -1.57946 0.163971 0
-22.3027 24.8318 0.670645 2.05819 4.56568 1.73094 145712 0 -1.27223 0.163821 0
52.9819 37.0066 1.93557 2.0201 4.52029 1.71202 163731 0 -1.52421 0.163699 0
33.3947 38.3569 1.87355 1.88651 4.26163 1.50671 165542 0 -1.48685 0.163614 0
-45.5766 14.6516 -0.353447 2.07839 4.46779 1.69074 130663 0 -1.24774 0.163468 0
-23.7884 25.4354 0.769204 2.09264 4.62409 1.78219 146643 0 -1.35399 0.163459 0
-40.7345 33.8111 0.760749 2.1536 4.76071 1.67591 158758 0 -1.32851 0.163447 0
38.8557 43.7191 1.91812 2.16873 4.72669 1.77817 173515 0 0.496773 0.163338 0
29.4939 49.1451 2.02 0.850344 0.864919 1.61271 181442 0 -2.67135 0.163101 1
39.8215 35.3172 1.78885 2.04199 4.58276 1.62049 161350 0 1.59366 0.162392 0
-62.4664 -4.03696 -0.916335 2.22394 5.33778 1.70382 103466 0 -1.5247 0.162251 0
52.9111 47.5282 2.33 2.41832 5.76765 1.97238 179175 0 -3.00493 0.162222 0
28.1872 9.77396 1.1827 0.940385 1.00059 1.77336 123874 0 0.0178465 0.162066 1
-34.7376 31.1961 0.487649 1.91378 4.21307 1.46505 155033 0 1.90453 0.161949 0
56.1648 22.8348 1.63288 2.07586 4.6993 1.79934 143149 0 -1.93345 0.161876 0
63.47 32.8357 1.921 2.23208 4.75929 1.81377 157680 0 -3.05557 0.161648 0
51.3382 23.1878 1.32738 1.89418 4.22743 1.49898 143602 0 -1.59826 0.161491 0
56.7986 19.3806 1.4521 1.95738 4.35005 1.56263 138003 0 -1.67114 0.161474 0
19.1422 31.7607 1.45341 2.01972 4.65784 1.53477 156137 0 1.61632 0.160941 0
40.5172 54.2354 1.93125 1.97628 4.40003 1.62706 188964 0 -3.04773 0.160689 0
-45.5221 18.6865 -0.199939 2.11998 4.71218 1.64896 136747 0 -1.21409 0.16068 0
5.71091 40.0429 1.90974 0.89907 0.828008 1.75567 168263 0 0.0628626 0.160399 1
-24.4761 17.4177 0.467621 2.16627 4.91201 1.78167 134941 0 -1.34256 0.160126 0
