11.4023 12.6899 1.26093 2.23847 5.22881 1.93949 128033 0 -1.56899 0.945801 0
-1.20587 11.0596 1.17009 2.09625 4.60359 1.81724 125654 0 1.62483 0.945211 0
31.5236 9.16709 1.23046 1.94759 4.36098 1.64718 122948 0 -1.46442 0.940359 0
-19.0129 8.12333 0.605643 2.00185 4.55948 1.51508 121386 0 1.61934 0.939816 0
19.1083 11.6156 1.11684 2.16777 4.9091 1.52473 126653 0 1.63446 0.93686 0
-18.3864 11.6326 0.747666 2.0818 4.62261 1.77364 126536 0 1.70317 0.932375 0
49.0956 8.17596 1.2329 2.04306 4.68209 1.65709 121599 0 -1.4901 0.921678 0
19.2781 15.289 1.28482 2.18891 4.89043 1.74453 131802 0 1.62785 0.920962 0
44.9021 -7.1759 1.59507 2.92758 7.82662 3.20924 99122 0 1.62487 0.920071 0
0.442551 22.9248 1.45791 2.16521 4.99651 1.7811 142975 0 -1.42676 0.912488 0
-6.14551 11.327 0.964195 1.97531 4.54509 1.50412 126106 0 -1.47798 0.911668 0
-30.8635 -4.99475 -0.619913 2.08924 4.64342 1.52804 102161 0 -1.64107 0.910236 0
-0.132057 17.074 1.31849 2.1081 4.80809 1.83965 134549 0 1.65166 0.904825 0
-5.61304 20.3349 1.16344 2.11998 4.88436 1.48465 139212 0 -1.5581 0.901098 0
49.3767 5.35009 1.30419 2.16005 4.9903 1.85004 117388 0 -1.46152 0.897719 0
36.8734 8.81388 1.17337 1.98548 4.62636 1.53579 122497 0 1.67435 0.893212 0
61.5263 -1.85101 1.21913 2.05698 4.55172 1.73481 107130 0 -0.507768 0.888079 0
-35.9183 -11.3198 -0.786862 2.30242 5.16302 2.02981 92785 0 0.0443769 0.882489 0
31.7903 12.072 1.21168 1.9295 4.63284 1.51081 127161 0 1.62433 0.882149 0
11.3365 15.8058 1.30413 2.1367 4.87306 1.85256 132713 0 -1.55189 0.880679 0
31.8875 27.332 1.45084 2.10898 4.85178 1.48035 149625 0 1.60267 0.875426 0
-19.731 32.7988 1.07735 2.32768 5.33077 1.80985 157420 0 -1.20105 0.872462 0
12.5693 22.2521 1.39657 1.94919 4.53282 1.71091 142077 0 -1.53408 0.863616 0
-18.0754 19.926 0.871626 2.16631 4.93868 1.97878 138705 0 1.7158 0.863526 0
12.3106 26.0683 1.36872 1.96184 4.59177 1.49692 147692 0 -1.5021 0.8548 0
18.3591 -6.92187 0.872284 0.910984 1.01309 1.76925 99507 0 1.67445 0.846431 1
31.4467 15.7459 1.35994 2.0576 4.66242 1.70017 132776 0 -1.49294 0.842921 0
-26.7689 14.8849 0.2648 2.15524 5.04604 1.88474 131190 0 1.84831 0.841916 0
-17.7302 14.1642 0.779906 2.14593 4.88023 1.84034 130282 0 1.78537 0.841442 0
12.0471 19.3202 1.22881 1.93237 4.40933 1.52643 137863 0 -1.60523 0.83949 0
-5.58643 14.5659 0.996871 2.06742 4.88171 1.47557 130788 0 -1.49368 0.837462 0
-5.66277 17.4716 1.05596 2.03789 4.65852 1.50677 135000 0 -1.50628 0.832307 0
-20.6723 30.1507 0.793955 2.07023 4.67185 1.46663 153673 0 -1.24382 0.823542 0
14.203 41.0718 1.87864 2.14506 4.9617 1.88038 169694 0 -1.51992 0.819372 0
27.7846 9.70083 1.23729 0.927725 0.985922 1.83931 123872 0 0.0232353 0.816434 1
18.401 19.9136 1.22904 2.07112 4.82619 1.50522 138819 0 1.65278 0.815279 0
-44.2616 -11.0024 -1.04068 2.15082 4.75645 1.80298 93227 0 0.0684209 0.81441 0
11.3204 -6.58716 0.860583 0.925508 0.935761 1.75807 99953 0 -1.29313 0.812821 1
14.6104 38.023 1.76639 1.96787 4.48222 1.66023 165015 0 -1.51063 0.812059 0
1.10222 31.7371 1.76654 2.16558 4.83174 1.8643 156081 0 1.67069 0.811928 0
-29.2265 6.83662 -0.205767 2.11705 5.02451 1.57765 119482 0 -1.2692 0.809366 0
-17.4529 22.9532 0.748557 1.97954 4.45493 1.59783 142919 0 1.58323 0.809146 0
-41.527 -11.3885 -0.996751 1.95219 4.27651 1.62198 92768 0 0.04156 0.808469 0
-39.5177 14.8539 -0.248817 1.98561 4.45876 1.53005 131150 0 1.8701 0.804903 0
18.0664 22.7781 1.51683 2.142 5.07239 1.83032 143030 0 1.64441 0.790266 0
31.8106 21.5193 1.29092 1.98443 4.55224 1.42067 141201 0 -1.5094 0.788563 0
-43.708 20.7224 -0.199078 1.986 4.41297 1.53919 139561 0 -1.24109 0.786805 0
13.6688 32.2134 1.54702 1.96078 4.56864 1.46116 156588 0 -1.46995 0.786481 0
37.2344 11.9244 1.33964 2.0553 4.76044 1.62135 127178 0 1.61936 0.786063 0
-60.6654 14.9377 -0.586209 2.02539 4.3927 1.64254 131084 0 -1.22948 0.785978 0
1.07993 28.9965 1.4562 1.94224 4.30866 1.48126 151869 0 1.65828 0.774909 0
-42.3452 6.19082 -0.491022 1.91149 4.27616 1.47847 118505 0 1.87021 0.771109 0
27.1503 -4.86879 0.888368 0.916546 0.994569 1.67277 102342 0 -1.48212 0.768893 1
-35.3841 6.99162 -0.386887 0.823836 0.8462 1.70299 119463 0 -1.22539 0.760642 1
-17.8155 17.0007 0.625401 1.89089 4.28854 1.50879 134494 0 1.71455 0.748551 0
32.1535 30.776 1.48563 2.18909 4.92961 1.53245 154774 0 1.5956 0.745061 0
-0.467224 14.0183 1.12986 1.91481 4.3601 1.58775 129868 0 1.64543 0.744225 0
14.2654 46.842 1.79208 1.94263 4.41147 1.50521 178118 0 -1.5341 0.743834 0
-38.1836 20.0032 -0.167013 1.97713 4.49283 1.50573 138642 0 1.84783 0.742018 0
24.5703 25.7965 1.34494 2.05454 4.62226 1.53908 147262 0 -0.0752463 0.740854 0
0.792961 26.1172 1.37714 1.97546 4.50842 1.46949 147656 0 1.60173 0.740699 0
54.8611 5.02561 1.32322 2.07059 5.09368 1.675 116937 0 1.6675 0.734134 0
51.4077 34.6338 1.8289 2.15026 4.81885 1.58918 160450 0 -1.51039 0.730794 0
-5.23504 26.3058 1.57542 2.12086 4.6752 1.68434 148105 0 -1.54434 0.730544 0
-61.8731 -4.28945 -0.988999 2.12419 4.81033 1.64478 103000 0 -1.53045 0.728962 0
-0.152138 20.0143 1.43846 2.07081 4.8482 1.7039 138761 0 1.71684 0.728186 0
15.8732 58.4017 1.97889 1.9579 4.44261 1.53736 194971 0 -1.43514 0.725498 0
-40.4984 12.0533 -0.351449 1.86228 4.26718 1.54842 126935 0 1.86427 0.724088 0
14.2548 43.7097 1.72408 1.9904 4.45934 1.60323 173438 0 -1.50861 0.713589 0
16.209 55.1845 2.15317 2.02423 4.47123 1.70634 190292 0 -1.48568 0.711554 0
32.4917 35.6741 1.79556 2.14266 4.87699 1.6362 161795 0 1.67717 0.710255 0
16.1315 67.6017 2.22471 2.1274 4.8417 1.81322 208544 0 -1.56423 0.709792 0
31.8074 18.6286 1.27324 1.86842 4.34369 1.41469 136989 0 -1.50536 0.707532 0
-47.2157 7.46122 -0.638081 1.93023 4.27808 1.55791 120362 0 -1.28639 0.701091 0
15.5298 73.7047 2.17193 2.0288 4.57603 1.57023 217434 0 -1.50646 0.69546 0
37.013 15.1148 1.37632 1.90198 4.35986 1.45602 131857 0 1.64721 0.691708 0
-46.8873 10.0543 -0.268347 2.26934 5.04261 1.92021 124107 0 -1.27557 0.690286 0
18.3398 25.6991 1.61808 2.29239 5.42516 1.69071 147243 0 1.61534 0.687017 0
-18.6856 35.4489 0.98326 2.03292 4.56524 1.50067 161167 0 -1.22055 0.685658 0
15.8913 64.5292 2.08301 1.94931 4.43119 1.54516 203863 0 -1.48569 0.680279 0
19.9426 37.8421 1.90889 2.10936 4.75852 1.64735 165032 0 1.61008 0.664287 0
13.5619 29.2451 1.45074 1.99589 4.64504 1.45474 152376 0 -1.4853 0.663547 0
12.2997 -4.84508 0.793414 0.85957 0.94491 1.73927 102296 0 -1.48333 0.663007 1
-48.1778 4.72142 -0.655244 1.99052 4.24148 1.62654 116147 0 -1.35916 0.643841 0
49.7373 11.2766 1.29617 1.97799 4.46695 1.65232 126281 0 -1.4829 0.639905 0
9.08858 54.5043 1.99365 2.17673 4.91412 1.58639 189334 0 0.0521129 0.63572 0
-4.62704 44.3231 1.97065 2.09116 4.76292 1.68086 174315 0 -1.54406 0.629937 0
55.1903 10.7935 1.4788 1.97371 4.50755 1.55453 125362 0 1.65654 0.61855 0
-55.5385 27.6179 -0.0182233 2.10392 4.70884 1.64284 149820 0 -1.23948 0.615208 0
-46.2349 12.6459 -0.523702 1.92505 4.26911 1.55667 127853 0 -1.27804 0.614729 0
-45.8998 15.2246 -0.426944 2.10132 4.57125 1.6273 131598 0 -1.25741 0.61429 0
-28.3164 9.48273 -0.117971 2.03458 4.54522 1.54297 123229 0 1.46327 0.610955 0
-63.1885 7.45119 -0.740165 2.02967 4.48176 1.66168 120312 0 -1.2568 0.608719 0
19.9928 40.7731 1.97113 2.08176 4.79911 1.54712 169244 0 1.63786 0.604541 0
-4.61593 40.8845 1.70124 2.00411 4.4821 1.50922 169167 0 -1.52105 0.601134 0
19.68 43.4008 2.09629 1.9597 4.43959 1.52921 172987 0 1.63404 0.600089 0
-5.28369 31.8725 1.59457 2.13991 4.87452 1.62763 156061 0 -1.53268 0.598026 0
-39.1818 17.4589 -0.0224995 1.94425 4.21633 1.7602 134895 0 1.88982 0.596284 0
15.8252 -4.42675 0.842007 0.851387 0.944874 1.61267 103243 0 -1.58322 0.590521 1
-68.6287 5.62087 -0.744355 2.04537 4.54691 1.67593 117487 0 1.87425 0.590202 0
32.7864 38.6245 1.88348 1.97076 4.46419 1.59432 166008 0 -1.49662 0.586818 0
36.9745 20.878 1.54042 1.97921 4.51916 1.49936 140281 0 1.64428 0.579463 0
19.3631 31.7539 1.49786 2.07042 4.80541 1.52517 156138 0 1.62266 0.572747 0
11.5708 -7.59538 0.801906 0.926859 0.942915 1.70436 98550 0 2.07783 0.560593 1
-43.3081 23.2792 0.0552831 2.021 4.51419 1.65011 143306 0 -1.23131 0.559728 0
-61.5764 12.0519 -0.621009 1.93467 4.33436 1.53755 126869 0 1.88478 0.552068 0
15.8133 -4.5194 0.837609 0.855439 0.939879 1.6295 102775 0 -1.06782 0.548552 1
11.4565 -7.74065 0.802152 0.901577 0.908855 1.64014 98081 0 2.03027 0.535207 1
54.8511 7.91203 1.18181 1.87839 4.38603 1.44309 121149 0 1.66263 0.535079 0
-4.98909 23.2069 1.23253 1.88706 4.43736 1.38971 143426 0 -1.55193 0.528081 0
-28.0122 9.41886 -0.127945 2.02209 4.48191 1.52651 123230 0 -1.35075 0.526847 0
-45.2495 18.343 -0.27212 2.05352 4.5831 1.62782 136280 0 -1.24256 0.523653 0
37.9129 26.6875 1.51913 2.25427 5.314 1.58915 148708 0 1.68709 0.5086 0
-52.9801 48.4409 0.4534 2.16334 4.83612 1.56743 180248 0 -0.837874 0.506436 0
19.9771 46.3274 2.14416 1.95823 4.41668 1.53799 177200 0 1.64084 0.503258 0
26.6832 -6.18554 0.843797 0.808885 1.73709 1.69903 100469 0 -1.45782 0.502488 1
-23.848 22.4926 0.502009 2.01722 4.48442 1.53316 142431 0 -1.38778 0.484146 0
-17.7759 38.1945 0.818392 2.01686 4.55673 1.46834 165382 0 -1.20084 0.48037 0
18.729 28.6609 1.4639 1.95718 4.56358 1.47472 151456 0 1.55558 0.476731 0
26.6449 -6.02169 0.836752 0.88514 1.30785 1.63377 100937 0 -1.47115 0.473737 1
-48.747 4.71545 -0.591725 2.32082 5.26164 1.83633 116145 0 -1.38559 0.470401 0
52.6204 46.2059 2.00524 2.03327 4.55927 1.51821 177302 0 -1.49564 0.470147 0
26.4816 -6.03894 0.858872 0.81745 0.904998 1.66506 100936 0 -1.42605 0.468096 1
26.8297 -5.52594 0.781564 0.722898 0.765886 1.34046 101405 0 -1.52975 0.463347 1
26.9373 -5.33167 0.82787 0.772585 0.827843 1.40345 101874 0 -1.57282 0.458249 1
14.8582 -4.01736 1.00921 0.866186 0.981402 1.85753 103708 0 -1.69717 0.457956 1
-2.3918 64.7973 2.4653 2.1037 4.74612 1.64281 204274 0 -1.5255 0.451951 0
-3.35788 58.9799 2.22701 1.9908 4.52922 1.54024 195847 0 -1.5275 0.450133 0
-43.6596 58.7343 0.902209 2.11411 4.69848 1.72212 195253 0 -1.27843 0.444121 0
-45.2687 56.4717 0.643594 2.02843 4.5697 1.48318 191972 0 -1.25164 0.442142 0
16.1662 70.2884 2.19167 2.00212 4.51181 1.59936 212288 0 -1.53346 0.441063 0
-31.8531 39.5064 0.625544 1.99997 4.44169 1.5133 167210 0 1.95381 0.427298 0
-28.6298 9.65865 -0.139581 2.094 4.64596 1.56356 123696 0 1.79147 0.426503 0
54.566 28.5935 1.79927 2.01521 4.54902 1.59348 151568 0 -1.64181 0.422514 0
26.5012 -6.15501 0.86637 0.798072 1.15847 1.7133 100468 0 -1.46047 0.42134 1
-36.6488 22.4872 0.212854 2.17077 4.76346 1.77126 142391 0 1.8063 0.41755 0
-40.2475 12.25 -0.322499 1.80772 4.04898 1.50846 127404 0 1.88228 0.416843 0
50.4067 20.0131 1.64136 2.00626 4.44103 1.57838 138919 0 -1.60639 0.413321 0
40.1759 54.5379 2.0547 2.00807 4.46276 1.61925 189431 0 -2.96064 0.410217 0
14.8359 -4.68354 0.858541 0.844446 1.00738 1.79047 102772 0 -1.90491 0.40917 1
-30.8927 42.102 0.913799 1.91823 4.24584 1.62841 170957 0 1.97911 0.402784 0
15.877 70.5404 2.19082 1.98927 4.44381 1.56335 212755 0 -1.53311 0.396196 0
-34.3755 33.799 0.431855 1.96639 4.47435 1.51866 158778 0 1.9305 0.394023 0
0.543991 26.3203 1.40537 2.07315 4.78085 1.54189 148123 0 0.334304 0.392549 0
-29.2791 63.5178 1.10078 1.97887 4.47415 1.57689 202318 0 -1.29643 0.387797 0
14.8918 -4.28517 0.960147 0.883298 1.02319 1.83892 103240 0 -1.71898 0.376858 1
33.4411 35.6241 1.80367 2.29533 5.35775 1.69917 161798 0 -1.52947 0.374405 0
11.3309 -6.74568 0.864094 0.981677 0.972112 1.75998 99485 0 -1.33823 0.367494 1
9.36704 54.2813 1.95663 2.09674 4.58267 1.53903 188867 0 0.23169 0.367256 0
15.1667 -4.33604 0.876231 0.825533 0.943142 1.72097 103241 0 -1.63073 0.3652 1
19.0462 28.9079 1.46042 1.94419 4.57744 1.48402 151925 0 -1.5661 0.364909 0
-23.2002 25.129 0.692318 2.12896 4.77023 1.71484 146177 0 -1.29344 0.357239 0
-26.0796 17.7354 0.387875 2.10252 4.81762 1.74298 135404 0 1.77339 0.351927 0
24.706 26.3206 1.33031 2.3158 5.65675 1.67593 148199 0 -0.0741139 0.349527 0
-32.4346 39.8149 0.648405 2.21729 5.08438 1.67557 167676 0 1.9672 0.342973 0
14.7899 -4.84598 0.850225 0.844358 0.951603 1.79202 102304 0 -2.92153 0.341573 1
39.5068 38.558 1.99912 1.98012 4.41596 1.56984 166029 0 1.65003 0.341254 0
14.663 -4.86343 0.861522 0.787515 0.908799 1.78994 102303 0 1.95481 0.341005 1
38.2414 44.3047 1.96297 2.01652 4.564 1.58993 174449 0 1.61614 0.340185 0
32.1937 38.8044 1.84649 2.08437 4.76668 1.60356 166474 0 -1.46779 0.339463 0
-33.7618 30.5104 0.365938 1.93919 4.38519 1.49495 154100 0 -1.31644 0.339292 0
39.2107 38.2658 1.92974 1.94278 4.38248 1.53589 165560 0 1.6597 0.339015 0
-37.5429 22.6064 0.146878 2.14627 4.82913 1.76103 142388 0 1.8051 0.338378 0
27.2329 -4.76273 0.875588 0.910563 0.994286 1.66524 102811 0 -1.47219 0.338049 1
-39.8168 29.0009 0.312088 2.09554 4.62803 1.63958 151741 0 -1.26183 0.336712 0
49.208 11.1227 1.33741 1.93331 4.39718 1.63397 125811 0 -1.49083 0.332035 0
40.4122 54.2676 1.98214 1.95164 4.30508 1.57665 188964 0 -2.91298 0.32933 0
38.8496 26.6844 1.56417 2.25703 5.13003 1.66783 148711 0 1.68072 0.327587 0
38.2975 34.6982 1.55598 0.948274 1.19975 1.60227 160409 0 -2.10795 0.327534 1
38.5572 35.0434 1.58051 1.95626 4.6069 1.5673 160878 0 2.00656 0.321917 0
8.58363 54.2788 1.89372 2.06227 4.57075 1.54848 188864 0 -0.214754 0.320987 0
55.5095 28.6212 1.80201 2.10924 4.83029 1.75883 151571 0 -1.60401 0.320096 0
-33.4376 33.4821 0.420646 1.94541 4.54346 1.52236 158313 0 0.940859 0.319038 0
-33.1365 33.426 0.404459 1.99335 4.53878 1.54005 158314 0 -1.14028 0.318299 0
15.5851 -4.37968 0.849387 0.859639 0.958099 1.63585 103242 0 -1.66368 0.31789 1
18.435 28.3616 1.49165 1.96576 4.54209 1.4674 150987 0 1.588 0.317587 0
14.7672 -3.24574 0.815142 0.807516 0.890735 1.72008 104644 0 -1.50862 0.317397 1
-34.0538 30.5678 0.365095 1.91285 4.33199 1.46314 154099 0 1.47495 0.317059 0
-44.3793 18.0483 -0.253194 2.07586 4.65746 1.67595 135815 0 -1.22809 0.31647 0
14.6564 -4.73344 0.888434 0.79757 0.953794 1.79084 102771 0 2.28853 0.316198 1
52.3402 46.4843 2.00796 2.01862 4.45013 1.52917 177769 0 -1.21529 0.313916 0
26.9722 -6.25488 0.752043 0.734352 1.3181 1.48461 100470 0 -1.48873 0.309137 2
39.8564 35.0346 1.85925 2.04263 4.56538 1.65222 160882 0 1.66498 0.309045 0
-67.0111 11.3659 -0.710858 1.95487 4.36997 1.54362 125916 0 -1.16859 0.308997 0
-45.9878 12.8813 -0.569385 1.88611 4.12216 1.5458 128322 0 -1.25775 0.308957 0
20.5985 40.5676 2.0296 1.9931 4.44821 1.4894 168778 0 1.63875 0.307981 0
-25.4726 22.8605 0.447939 2.00594 4.3723 1.50218 142894 0 1.82189 0.304095 0
-41.8728 6.1365 -0.431308 1.60741 3.3905 1.39302 118507 0 1.88236 0.303294 0
15.147 -4.60669 0.8479 0.780102 0.923107 1.69917 102773 0 -1.63805 0.298346 1
-33.1569 30.2615 0.298421 2.04987 4.57129 1.53875 153634 0 -1.29236 0.298223 0
-40.4854 12.5517 -0.377206 2.06622 4.71139 1.61508 127871 0 1.87644 0.296316 0
-41.129 9.76102 -0.459172 2.01159 4.54422 1.54687 123657 0 1.81412 0.296309 0
-4.01226 49.7982 1.90573 2.04985 4.71577 1.7243 182273 0 -1.61328 0.294187 0
-66.7219 11.6663 -0.733787 1.77268 3.9724 1.47313 126385 0 -1.13665 0.294124 0
-61.2908 11.7791 -0.639533 1.71599 3.74087 1.4541 126402 0 0.863958 0.29326 0
37.9242 29.9812 1.88263 2.36246 5.70452 1.91142 153388 0 -1.48757 0.291856 0
-38.2239 28.5902 0.340478 2.0321 4.58511 1.62209 151278 0 -1.28672 0.291454 0
19.9416 31.5875 1.54063 2.05937 4.85147 1.51167 155672 0 -1.14937 0.291339 0
-26.3982 18.0616 0.420615 2.12428 4.77619 1.80577 135871 0 1.7818 0.288669 0
51.0574 37.6271 1.98648 1.89736 4.26112 1.50981 164661 0 -1.50215 0.287332 0
15.6116 -4.5463 0.853642 0.861575 0.949813 1.65741 102774 0 -1.40008 0.283448 1
-3.69621 50.0531 1.92339 2.02766 4.59092 1.71348 182742 0 -1.58802 0.281172 0
-31.4631 42.4081 0.89149 2.14385 5.01539 1.80384 171423 0 1.9587 0.281038 0
-61.0644 11.995 -0.68572 1.70281 3.64582 1.43258 126871 0 1.84645 0.28017 0
53.6036 48.7718 2.28801 1.98513 4.45797 1.65537 181049 0 -1.40072 0.279412 0
-32.4998 33.1511 0.387047 2.07472 4.59474 1.55759 157848 0 -1.24061 0.27918 0
-5.86723 32.0817 1.65541 2.27665 5.30784 1.73263 156527 0 -1.54214 0.277867 0
16.1457 70.8032 2.16415 2.07659 4.67783 1.64546 213224 0 -1.55938 0.277854 0
15.1402 -4.03405 0.918092 0.899521 0.989705 1.77706 103709 0 -1.69104 0.27625 1
3.35298 55.5126 2.18903 2.18514 4.79686 1.90273 190720 0 1.55632 0.273931 0
-61.5771 11.7815 -0.620821 1.88095 4.19079 1.52024 126401 0 1.46071 0.273193 0
38.8722 35.0639 1.62632 2.0236 4.66842 1.57808 160879 0 1.64937 0.270699 0
14.6605 -3.15148 0.786475 0.768649 0.847555 1.66854 105111 0 -1.6231 0.269679 1
-30.9188 39.1481 0.561421 1.9846 4.52143 1.49614 166745 0 1.92112 0.269254 0
-52.6716 48.7273 0.417312 2.13911 4.85915 1.56807 180717 0 -0.505899 0.267076 0
-44.3569 56.1763 0.696843 2.06301 4.58171 1.47653 191507 0 -1.24914 0.264571 0
4.63141 56.8001 2.15789 2.1496 4.76634 1.85924 192596 0 3.1238 0.264231 0
-35.5376 6.97803 -0.375142 0.853693 0.999609 1.71362 119462 0 -1.22132 0.263747 1
49.7807 19.9944 1.59222 1.87117 4.02492 1.49541 138917 0 -1.62459 0.263666 0
19.4219 46.4751 2.21939 2.0331 4.63746 1.60909 177666 0 1.59851 0.261735 0
40.1523 34.7609 1.89203 2.01729 4.43758 1.67686 160415 0 1.70211 0.260804 0
2.08781 43.9748 1.69388 2.03178 4.6223 1.56435 173868 0 1.56388 0.260393 0
19.6516 28.7014 1.52424 1.98045 4.59537 1.47599 151459 0 -1.53578 0.259782 0
-19.2749 35.6886 1.01315 2.31402 5.54287 1.67084 161633 0 -1.18906 0.259124 0
-4.07433 41.0376 1.66665 2.13187 4.79754 1.56463 169637 0 -1.52211 0.257355 0
-34.9996 34.1166 0.47234 2.00503 4.49953 1.54807 159244 0 1.96681 0.257229 0
-68.0819 5.55637 -0.766299 1.72401 3.58857 1.54189 117489 0 1.91732 0.257108 0
28.9409 49.3757 2.09799 0.806185 0.790974 1.60569 181908 0 0.516062 0.256201 1
2.09725 67.5943 3.03306 0.896543 0.905281 1.94299 208500 0 0.537905 0.256035 1
53.2918 48.5134 2.22853 1.96754 4.34755 1.63928 180580 0 -1.35565 0.255667 0
38.5629 35.3134 1.61097 1.92733 4.61255 1.52771 161346 0 1.6234 0.254862 0
-16.8593 37.9078 0.875595 2.05261 4.6873 1.57083 164917 0 -1.19104 0.253877 0
11.659 -7.27188 0.787332 0.812175 0.859488 1.63892 99018 0 2.65617 0.252767 1
69.8967 11.3569 1.26668 2.08733 4.75497 1.67484 126344 0 -1.01899 0.252343 0
69.6135 11.3618 1.26125 2.04583 4.6165 1.64912 126343 0 -0.720824 0.252191 0
39.5113 37.9577 1.87035 1.90345 4.29374 1.47963 165093 0 1.68146 0.252073 0
16.1276 67.1553 2.19148 2.03997 4.63039 1.77722 207608 0 -1.44598 0.250081 0
51.9973 37.5956 2.04403 1.9623 4.37483 1.59611 164664 0 -1.55322 0.248977 0
55.5118 25.4047 1.49975 2.0781 4.76937 1.56263 146891 0 1.51658 0.248904 0
54.6573 10.7825 1.48602 1.59022 3.52357 1.41901 125360 0 1.68732 0.248765 0
-52.3811 48.478 0.398271 1.91445 4.13297 1.46126 180250 0 -0.364243 0.248735 0
14.9426 73.5227 2.04387 1.70996 3.89994 1.4293 216964 0 -1.50957 0.247715 0
-46.5012 12.4101 -0.516907 1.97907 4.39205 1.58078 127384 0 -1.3019 0.247494 0
-45.8665 56.5444 0.602573 2.06752 4.65533 1.56236 191970 0 -1.23061 0.245015 0
40.1488 38.25 1.97283 2.00907 4.49388 1.59968 165563 0 1.67485 0.244486 0
54.6097 4.75513 1.37588 1.96753 4.74785 1.65597 116468 0 1.66519 0.243885 0
-66.7147 11.9945 -0.732636 1.81902 4.07044 1.49683 126853 0 -1.11717 0.24379 0
54.5874 28.872 1.80872 2.04571 4.70891 1.6132 152036 0 -2.36239 0.243208 0
50.1195 20.2397 1.62806 1.92241 4.16631 1.52974 139386 0 -1.64111 0.24263 0
16.3724 64.7194 2.11631 2.24623 5.23004 1.78591 204333 0 -1.51451 0.242019 0
15.8875 69.9896 2.18314 1.90619 4.19395 1.52564 211819 0 -1.5127 0.241957 0
49.1536 19.9704 1.4837 2.01934 4.66629 1.53479 138915 0 -2.0157 0.241636 0
50.1085 19.7705 1.613 1.90652 4.25005 1.50097 138450 0 -1.55551 0.241239 0
15.5996 58.1803 1.9367 1.77533 3.93546 1.44514 194502 0 -1.39788 0.24051 0
38.3016 35.0263 1.57689 1.95897 4.42444 1.61693 160877 0 2.74016 0.239997 0
-40.7524 11.7834 -0.334371 1.99753 4.59202 1.5989 126466 0 1.83633 0.239847 0
40.1471 35.3047 1.89656 2.04408 4.54546 1.65582 161351 0 1.6198 0.23974 0
-22.9112 25.3957 0.714503 2.13925 4.83117 1.73233 146646 0 -1.33924 0.239688 0
20.263 43.5821 2.19927 2.05004 4.56222 1.61581 173457 0 1.63688 0.239465 0
20.5971 46.508 2.20898 2.04389 4.59521 1.57775 177670 0 1.59117 0.239383 0
52.9721 48.7896 2.19737 1.90462 4.19127 1.59154 181047 0 -1.37627 0.238894 0
55.8266 19.7038 1.37256 1.95889 4.47398 1.51859 138468 0 1.57102 0.238094 0
-34.414 30.8085 0.367132 1.93407 4.33201 1.47939 154566 0 1.90417 0.237505 0
31.5229 45.6047 1.97057 1.93939 4.39839 1.53349 176300 0 -1.46192 0.236721 0
19.9815 43.1393 2.08305 1.99555 4.51155 1.53009 172520 0 1.63868 0.236269 0
39.9088 53.9404 1.87893 1.92246 4.20275 1.54229 188494 0 -3.11746 0.23572 0
-25.5014 17.4423 0.379016 2.07699 4.75648 1.65874 134938 0 1.70608 0.235695 0
39.1887 44.3019 2.09403 1.91959 4.32705 1.55741 174452 0 1.60106 0.235611 0
-61.5885 12.5301 -0.635414 2.11442 4.72809 1.61307 127805 0 1.96463 0.235599 0
1.05193 25.8646 1.33459 1.86556 4.13066 1.44195 147189 0 1.61374 0.234802 0
2.70747 68.321 2.91854 2.13748 4.88404 1.96248 209438 0 1.50233 0.234616 0
13.0323 29.0417 1.45035 1.84709 4.18307 1.47605 151906 0 -1.48509 0.234456 0
54.8887 28.8839 1.78492 2.08509 4.71738 1.66043 152037 0 -1.71814 0.233753 0
40.151 53.62 1.84977 1.96936 4.41413 1.54268 188027 0 -3.0132 0.232653 0
-35.7278 22.2048 0.254411 2.0784 4.70305 1.70625 141926 0 1.77541 0.231739 0
-33.7396 33.5261 0.415547 1.91438 4.41931 1.51843 158312 0 2.03411 0.230701 0
27.0051 -6.46215 0.670992 0.617747 0.869685 1.17303 100002 0 -1.48363 0.229287 1
32.1584 45.282 2.00102 1.93559 4.32408 1.5341 175834 0 -1.42388 0.229243 0
-28.2632 9.25507 -0.120699 1.99254 4.41792 1.55722 122761 0 -0.840889 0.228903 0
55.1934 11.2532 1.4346 2.14059 4.84781 1.6222 126298 0 1.50063 0.228635 0
-23.7964 25.1623 0.740706 2.09426 4.62856 1.73162 146175 0 -1.29314 0.228534 0
-53.5068 48.2207 0.455526 2.28381 5.38174 1.73508 179778 0 -1.08654 0.227445 0
51.6796 37.3266 2.06821 1.92769 4.32094 1.56123 164195 0 -1.49155 0.227382 0
0.594284 29.1982 1.53381 2.18325 5.16584 1.6764 152335 0 1.69716 0.225658 0
-3.701 68.2816 2.6546 2.06872 4.65322 1.64586 209418 0 -1.52037 0.224714 0
-26.0868 18.3581 0.44789 2.11624 4.78843 1.75818 136340 0 1.73074 0.224627 0
20.2967 41.0153 2.08914 2.00113 4.44665 1.55031 169713 0 1.61831 0.224399 0
-27.0426 18.3807 0.481123 2.09339 4.65255 1.85514 136337 0 1.76868 0.224284 0
-2.78194 58.799 2.18836 1.98378 4.66546 1.61182 195381 0 -1.49042 0.223647 0
-4.30967 59.03 2.21445 1.94806 4.43118 1.53775 195844 0 1.60412 0.223642 0
56.4661 25.405 1.58325 2.11441 4.76261 1.67063 146894 0 -1.59743 0.222806 0
15.6255 67.4387 2.23879 1.80359 3.9795 1.67258 208074 0 -1.51834 0.222443 0
-66.4523 11.364 -0.759398 1.6658 3.59481 1.43177 125918 0 -1.15292 0.221563 0
55.519 19.9413 1.34578 1.94093 4.44091 1.49955 138935 0 1.60896 0.221207 0
-5.86722 23.2124 1.29591 1.98567 4.67363 1.45324 143423 0 1.59117 0.220817 0
69.6314 11.0705 1.29265 2.03525 4.51395 1.63974 125875 0 -0.406452 0.220784 0
53.283 49.0955 2.26999 1.87593 4.16848 1.58407 181516 0 -1.50464 0.21831 0
44.947 -27.9692 -0.375667 0.737754 1.75199 1.81855 68702 0 -0.422799 0.218246 2
-66.719 12.3068 -0.739837 1.91837 4.31985 1.53196 127321 0 -1.1456 0.218046 0
42.0624 24.1153 1.58552 1.20246 1.70851 1.70125 144977 0 1.14596 0.217839 1
32.1641 44.6467 1.98864 1.93395 4.29638 1.53853 174898 0 -1.46075 0.217263 0
38.2726 34.5171 1.54959 0.897975 1.1214 1.65069 159941 0 -0.428824 0.217061 1
51.346 37.8689 2.02444 1.97055 4.38084 1.55234 165130 0 -1.52278 0.215441 0
19.1131 43.5899 2.12353 1.93164 4.36192 1.54522 173453 0 1.63196 0.215433 0
19.9677 28.9274 1.51664 1.89594 4.33679 1.49289 151928 0 -1.54013 0.215193 0
14.8682 -3.77169 0.954543 0.875129 0.996572 1.84921 104176 0 -1.63417 0.215156 1
-4.04816 44.5308 1.91593 2.30905 5.32141 1.82993 174785 0 -1.55646 0.214481 0
-47.8127 7.71645 -0.595935 2.08037 4.77252 1.66713 120828 0 -1.27402 0.214307 0
-4.32204 49.4781 1.93991 2.05737 4.7147 1.71649 181804 0 -1.51904 0.214161 0
70.2113 11.3646 1.29557 2.12442 4.818 1.70442 126345 0 -1.28188 0.212444 0
52.6541 45.6871 1.95568 1.98821 4.48629 1.53437 176366 0 -1.30462 0.212393 0
-47.6102 4.65305 -0.719923 1.72795 3.68442 1.47805 116149 0 -1.32784 0.212093 0
69.8353 2.08421 1.04599 0.752688 0.782132 1.62832 112772 0 -0.559806 0.211794 1
38.1942 29.9843 1.89032 2.50801 6.11362 1.9023 153389 0 0.995271 0.211779 0
-5.19966 41.0621 1.70048 2.13831 4.83635 1.59828 169633 0 -1.54588 0.211662 0
37.8788 20.8758 1.57889 2.02714 4.64823 1.52215 140284 0 -1.30631 0.211607 0
31.3051 21.3853 1.2956 1.7834 4.1563 1.4043 140731 0 -1.4875 0.211368 0
-4.07301 44.1085 1.88393 2.0785 4.87566 1.7214 173849 0 -1.51253 0.210843 0
16.3818 58.163 2.03825 2.22828 5.24365 1.76211 194505 0 -1.39368 0.209972 0
16.7244 70.5191 2.15516 2.26083 5.24033 1.84606 212758 0 -1.56956 0.209848 0
-34.1069 30.7742 0.366691 1.90603 4.31456 1.47504 154567 0 2.36315 0.209066 0
43.4497 57.5223 2.23084 0.755533 0.723372 1.77708 193653 0 -0.0924914 0.208799 1
-46.1699 14.9618 -0.419495 2.10904 4.54356 1.61545 131129 0 -1.26794 0.207314 0
43.9235 55.552 2.0999 0.735746 0.664106 1.65068 190847 0 -2.53782 0.206977 1
33.3758 38.7914 1.88319 2.12297 4.74851 1.67014 166478 0 -1.51175 0.206848 0
-62.6756 7.42052 -0.761166 1.86825 4.12539 1.5819 120314 0 -1.23543 0.206668 0
-39.2101 28.711 0.358285 2.09255 4.67388 1.66056 151275 0 -1.27621 0.206591 0
2.07914 67.4507 3.01262 0.920416 0.878597 1.89219 208032 0 0.173355 0.205469 1
32.4668 44.962 2.01956 1.95294 4.38515 1.54922 175367 0 -1.42656 0.205223 0
-41.4178 9.49026 -0.468462 2.09866 4.76532 1.58096 123188 0 1.80784 0.204836 0
2.37926 67.6548 3.02221 0.970254 1.0879 1.90457 208501 0 0.666231 0.20462 1
43.5811 57.5049 2.2281 0.809274 0.809257 1.80589 193654 0 -0.447349 0.204354 1
-46.8266 12.9155 -0.518216 2.0996 4.66892 1.59418 128319 0 -1.2678 0.204252 0
-61.0348 11.7594 -0.661005 1.65984 3.5415 1.44236 126403 0 -0.917481 0.203555 0
-1.48081 64.7937 2.49772 2.12121 4.66781 1.73965 204277 0 -1.57054 0.203527 0
45.6067 -29.2985 0.188217 1.91063 4.24817 1.56374 66832 0 -3.10252 0.202685 0
69.9081 10.4236 1.31514 2.06655 4.63817 1.66735 124940 0 -0.24043 0.202587 0
21.6065 58.4007 2.40607 2.00378 4.394 1.68181 194989 0 1.57308 0.202308 0
-18.6725 35.1518 0.965007 1.89024 4.11791 1.44171 160699 0 -1.23685 0.201611 0
-46.2578 13.1993 -0.570375 2.04533 4.51257 1.56292 128789 0 -1.23846 0.201442 0
39.8877 53.2995 1.79262 1.97189 4.48659 1.52293 187558 0 2.83604 0.201251 0
27.6245 -5.95892 0.67926 0.68834 0.725084 1.07375 100940 0 -1.43944 0.199813 1
52.0411 46.5076 2.03992 1.95161 4.19515 1.49775 177768 0 1.37028 0.199714 0
18.7052 28.0838 1.5136 1.9501 4.39673 1.47446 150520 0 1.58622 0.199425 0
3.63029 55.2365 2.1429 2.04936 4.51735 1.82061 190253 0 1.53799 0.199112 0
24.286 26.0584 1.31132 2.19535 5.39401 1.65325 147729 0 -0.184075 0.198704 0
-29.8774 63.823 1.00835 2.32141 5.73296 1.85091 202784 0 -1.09513 0.198446 0
20.6011 37.6956 1.90357 2.00389 4.49465 1.62456 164566 0 1.61597 0.198377 0
11.3261 -6.36721 0.813085 0.845543 0.853539 1.70112 100421 0 -1.23809 0.197773 1
38.4879 34.7467 1.56627 1.47187 2.65994 1.60239 160410 0 3.05253 0.197414 0
42.0682 23.8738 1.60003 1.77141 3.28111 1.66133 144509 0 1.46549 0.197346 1
53.8925 49.0773 2.35206 2.12403 4.80934 1.78893 181518 0 -1.49073 0.197325 0
4.34986 57.0757 2.18315 2.38731 5.46565 2.01484 193063 0 3.08997 0.196374 0
31.85 44.3417 1.96899 1.95355 4.34059 1.54702 174429 0 -1.50544 0.196136 0
-37.657 28.58 0.340262 2.07529 4.66624 1.62133 151280 0 -1.29593 0.195356 0
31.2918 18.5174 1.27663 1.79284 4.15978 1.43263 136519 0 -1.50025 0.195276 0
-4.62054 50.0427 1.99208 2.15663 4.98063 1.7874 182739 0 -1.54852 0.19507 0
69.3212 11.3762 1.24611 2.03853 4.53631 1.63241 126342 0 0.0914294 0.194989 0
-3.06998 49.7725 1.90548 2.03079 4.59296 1.70789 182276 0 -1.49325 0.193886 0
54.9092 10.5185 1.47719 1.71429 3.77231 1.44838 124893 0 1.68972 0.193776 0
-68.8854 5.37247 -0.707433 2.17581 4.9122 1.73816 117018 0 1.98364 0.192793 0
38.6031 38.5334 2.09803 2.05632 4.65595 1.71026 166026 0 1.65957 0.192369 0
52.8966 46.4762 2.02123 2.23423 5.14665 1.67273 177771 0 -1.55991 0.19219 0
40.4535 37.9392 1.98079 1.97948 4.38511 1.59945 165096 0 1.69027 0.191606 0
-62.4977 -4.0697 -0.86961 2.23408 5.29136 1.78023 103466 0 -1.46416 0.191604 0
16.6951 55.4238 2.23759 2.32714 5.30641 1.91163 190762 0 -1.55176 0.191588 0
31.2042 45.8835 1.99435 1.97415 4.47844 1.56669 176767 0 -1.57272 0.191475 0
-18.7705 35.8644 0.988671 2.13585 4.87554 1.56808 162103 0 -1.16338 0.191168 0
21.933 58.1084 2.40196 2.00169 4.45602 1.68347 194522 0 1.59546 0.191093 0
33.0306 53.3213 1.87149 0.732097 0.659825 1.59243 187537 0 -1.58616 0.19032 1
39.8174 38.8063 2.09056 2.02643 4.51428 1.61962 166498 0 1.60865 0.190073 0
56.7863 19.6786 1.49613 2.02242 4.52419 1.57399 138471 0 -1.54545 0.18987 0
16.0262 -4.392 0.845647 0.860945 0.96058 1.59877 103244 0 -1.60791 0.189855 1
42.3861 23.8444 1.59244 2.05668 4.59034 1.65172 144510 0 0.145038 0.189786 0
39.8451 37.6513 1.87519 1.95443 4.41715 1.519 164626 0 1.69077 0.189338 0
32.4603 45.57 2.01455 1.8948 4.20555 1.53012 176303 0 -1.44028 0.189119 0
56.456 19.9529 1.46459 2.04237 4.6229 1.57652 138938 0 -1.55021 0.188901 0
-43.921 23.5624 0.0717567 2.05047 4.48392 1.6199 143772 0 -1.24438 0.18858 0
40.7224 54.5507 2.08103 2.0657 4.6554 1.66762 189433 0 -2.78626 0.188463 0
52.3194 49.1173 2.16699 1.9345 4.42542 1.59377 181513 0 -1.52153 0.18784 0
13.9985 43.4571 1.76794 1.88126 4.1103 1.5904 172969 0 -1.52268 0.187807 0
-5.58574 49.7588 2.01262 2.09568 4.77385 1.7422 182268 0 1.56531 0.187084 0
52.2557 34.6708 1.7678 2.35572 5.547 1.84472 160453 0 -1.54479 0.186815 0
-44.565 59.0591 0.857753 2.27068 5.15535 1.82129 195718 0 -1.271 0.18678 0
54.1917 48.4991 2.29002 2.24289 5.1483 1.89434 180583 0 -1.38792 0.186581 0
30.901 45.609 1.9275 1.95912 4.45048 1.56355 176298 0 -1.57087 0.186568 0
-67.3547 1.43896 -0.998744 1.96446 4.36739 1.59792 111407 0 -1.35341 0.185886 0
19.348 29.2021 1.5318 1.88863 4.44719 1.5074 152394 0 -1.56188 0.185735 0
11.5599 -6.59238 0.846976 0.905236 0.955103 1.75179 99954 0 -1.15532 0.185704 1
43.7711 55.5686 2.08621 0.748647 0.685164 1.63791 190846 0 -1.98058 0.18524 1
20.9488 31.5913 1.54189 2.02779 4.61116 1.59053 155675 0 -1.5164 0.184919 0
56.1531 19.3868 1.39389 1.98418 4.50409 1.53181 138001 0 -1.54603 0.184603 0
68.3446 35.0511 2.2009 2.07735 4.7065 1.73521 160971 0 3.13597 0.184551 0
-24.772 22.5962 0.512526 2.00075 4.40391 1.48796 142428 0 -1.21388 0.184428 0
52.6249 37.3224 2.04106 2.088 4.71608 1.75501 164198 0 -1.54397 0.18412 0
-27.312 18.1164 0.447907 2.12461 4.75161 1.85424 135868 0 1.76741 0.183784 0
31.1947 45.3022 1.90238 1.92659 4.26218 1.51152 175831 0 -1.51847 0.183181 0
42.3887 24.142 1.57767 2.0637 4.37178 1.67527 144978 0 -1.18859 0.182511 0
-34.0185 30.3458 0.367275 1.92871 4.36984 1.47811 153631 0 0.0181706 0.182142 0
54.2883 28.875 1.80671 2.0475 4.69571 1.59647 152035 0 1.66419 0.18211 0
28.9468 49.2429 2.1039 0.822187 0.821014 1.6233 181440 0 0.0347181 0.182107 1
13.7055 40.9034 1.89002 1.77388 3.93602 1.73404 169224 0 -1.52775 0.181848 0
49.4211 19.7607 1.53509 1.97323 4.38363 1.5198 138448 0 -1.71594 0.181449 0
-62.8773 6.99965 -0.698669 2.12933 4.5586 1.69289 119377 0 -1.3449 0.181434 0
37.3413 26.504 1.43555 2.02574 4.69174 1.53205 148238 0 1.649 0.181284 0
-23.2663 22.5138 0.476228 1.96987 4.39577 1.59185 142433 0 -1.38104 0.180463 0
-16.4422 -15.2202 0.0347276 1.91081 4.40524 1.51471 87230 0 -2.04943 0.180335 0
-41.1252 10.3315 -0.392839 1.98874 4.37208 1.57378 124593 0 1.89581 0.180134 0
70.2022 10.7265 1.28906 2.10071 4.68583 1.69429 125409 0 -0.619454 0.180075 0
-42.8253 23.4082 0.0572642 2.15378 4.75556 1.73511 143776 0 -1.22548 0.179619 0
-46.2291 15.7405 -0.364254 2.25083 4.91844 1.68226 132533 0 -1.22054 0.179324 0
38.8598 44.0714 2.02275 1.95129 4.46465 1.56445 173983 0 1.59808 0.179286 0
52.0695 45.9904 1.9724 1.75851 3.88519 1.40199 176832 0 -1.68198 0.17882 0
31.5344 44.9738 1.9039 1.91253 4.39623 1.49535 175364 0 -1.49016 0.178665 0
2.327 43.7145 1.68802 1.97603 4.41595 1.54475 173401 0 1.54347 0.178656 0
13.3096 28.7365 1.41961 1.83634 4.19476 1.47721 151439 0 -1.4668 0.178503 0
1.35361 28.7523 1.41478 1.84331 4.05836 1.42015 151402 0 1.62432 0.178321 0
-42.1499 6.4136 -0.476349 1.75908 3.92545 1.42701 118974 0 1.93152 0.176979 0
-26.0271 17.218 0.379892 2.08353 4.63467 1.70342 134468 0 1.71375 0.176809 0
53.6165 48.2114 2.23515 2.04582 4.51041 1.69212 180113 0 -1.30158 0.176313 0
56.4696 22.8761 1.72314 2.10462 4.74058 1.71132 143150 0 -1.54689 0.176269 0
-4.35564 31.8177 1.57174 2.06588 4.83723 1.64958 156064 0 -1.53021 0.176253 0
-3.36816 49.4834 1.8882 2.03925 4.64467 1.66511 181807 0 -1.48828 0.176127 0
-2.98151 65.0306 2.4633 2.33133 5.5013 1.81798 204740 0 -1.46823 0.175782 0
14.1212 32.3791 1.48255 2.21319 5.33528 1.55439 157058 0 -1.52739 0.175514 0
68.6243 34.7319 2.20031 2.12483 4.7482 1.78943 160504 0 3.10065 0.175358 0
-3.04577 68.0485 2.661 2.03052 4.61532 1.65814 208952 0 -1.46509 0.17525 0
39.909 54.8131 2.09866 2.12761 4.7973 1.70596 189898 0 -3.01262 0.175237 0
-3.35018 56.1314 2.16032 2.02555 4.55088 1.56634 191635 0 -1.46792 0.174319 0
43.4385 57.6575 2.22987 0.81082 0.807773 1.80146 194121 0 0.18944 0.174318 1
-44.0857 -10.5186 -1.02314 1.77459 3.67588 1.6805 94164 0 0.0404912 0.173881 0
-4.33549 40.5999 1.70351 1.96763 4.41171 1.50052 168700 0 -1.49221 0.173381 0
-40.7983 33.7843 0.695258 2.04236 4.4801 1.56658 158758 0 -1.2797 0.173193 0
37.2757 21.159 1.56843 2.08575 4.83989 1.52253 140750 0 1.66573 0.17314 0
-3.68102 59.2589 2.31415 2.05179 4.61186 1.57219 196314 0 -1.51995 0.171913 0
-1.81103 64.5751 2.50132 1.85884 4.2168 1.55831 203808 0 -1.56421 0.171681 0
0.284607 26.1084 1.43069 2.16507 5.18225 1.63978 147654 0 -1.07122 0.171537 0
27.8651 9.59312 1.21588 0.978725 1.01965 1.85506 123405 0 0.0145787 0.171375 1
40.4381 38.5391 2.0268 2.05395 4.57835 1.64532 166032 0 1.6158 0.171199 0
2.71712 68.019 2.92483 1.94257 4.09525 1.92476 208970 0 1.47161 0.171099 0
31.575 38.6706 1.84823 1.9793 4.47166 1.6041 166004 0 1.60685 0.17078 0
-46.2345 56.7779 0.673576 2.11217 4.65441 1.60935 192437 0 1.62367 0.170746 0
50.4338 37.8849 1.90856 1.92733 4.35568 1.50765 165127 0 -1.47557 0.170269 0
3.62903 55.7903 2.19638 2.15244 4.60572 1.90224 191189 0 1.67902 0.169352 0
38.9051 38.8182 2.15346 2.10475 4.75232 1.74728 166495 0 1.65048 0.16922 0
19.4101 41.0305 1.95189 1.93921 4.40203 1.53528 169710 0 1.67166 0.16919 0
19.3789 31.2991 1.50602 1.99513 4.65881 1.53346 155202 0 1.53015 0.1691 0
36.9998 12.1992 1.37282 1.97354 4.50022 1.64274 127645 0 1.65897 0.168818 0
40.1278 53.0208 1.79113 2.02182 4.60923 1.52939 187091 0 -2.92673 0.168711 0
69.7181 2.0853 1.04666 0.755005 0.768392 1.64204 112771 0 -0.262282 0.168694 1
55.8315 19.0618 1.35362 1.96757 4.44055 1.49486 137532 0 1.55291 0.168617 0
33.0739 38.3496 1.86636 1.86199 4.04307 1.55964 165541 0 -1.44395 0.168404 0
34.0511 54.8894 1.97732 1.92781 4.21022 1.54583 189880 0 -2.92063 0.16823 0
-33.1726 33.6536 0.44097 2.05402 4.63751 1.57694 158782 0 1.65948 0.168171 0
-67.3069 11.0931 -0.692514 2.16873 4.89776 1.63126 125447 0 -1.22864 0.167685 0
-35.3582 31.144 0.499557 2.00606 4.41971 1.53578 155031 0 1.83826 0.167401 0
-45.0285 15.1733 -0.49455 2.0428 4.55986 1.66052 131601 0 -1.23362 0.167007 0
20.9183 37.8572 1.93297 2.14052 4.78309 1.66081 165035 0 -1.85897 0.166732 0
-44.935 17.8744 -0.286052 2.0382 4.50938 1.68253 135345 0 -1.20718 0.166619 0
-5.86802 31.6069 1.60022 2.2034 5.06748 1.70319 155591 0 -1.52593 0.166544 0
70.5518 11.6422 1.35086 2.04782 4.48897 1.6833 126814 0 -1.54378 0.166381 0
35.4027 22.9445 1.20728 0.658587 0.651029 1.56254 143084 0 0.321709 0.16618 1
-47.7579 10.3275 -0.25011 2.55991 6.0214 2.11372 124572 0 -1.28365 0.165867 0
14.2582 44.2106 1.7321 1.97794 4.44028 1.59417 174374 0 -1.53305 0.165672 0
-2.73232 55.8631 2.12948 2.02744 4.57751 1.56421 191169 0 -1.53224 0.165647 0
4.35082 56.5402 2.13925 2.05713 4.42582 1.81266 192127 0 2.99378 0.165361 0
42.4079 23.5427 1.60966 1.99945 4.46439 1.61101 144042 0 0.711197 0.165261 0
-3.96528 58.8093 2.1842 1.84578 4.21434 1.48599 195377 0 -1.5343 0.165039 0
-41.9353 -11.3865 -1.02003 2.00404 4.39052 1.67812 92766 0 0.163184 0.164601 0
33.7911 55.1903 2.01019 2.00036 4.39807 1.57075 190347 0 -2.9633 0.164592 0
18.3733 -6.69312 0.832785 0.897566 1.00492 1.75865 99975 0 1.33077 0.164355 1
57.1102 19.3948 1.49871 2.01776 4.54117 1.5896 138004 0 -1.53337 0.164348 0
22.2447 57.7776 2.39321 2.02647 4.51169 1.69551 194055 0 1.57687 0.164002 0
2.69624 67.7122 2.98459 0.958461 1.19263 1.8405 208502 0 1.06382 0.163935 1
56.1062 28.3546 1.88891 2.19951 5.06293 1.85548 151105 0 -1.57233 0.163858 0
1.66051 31.5726 1.77063 1.87401 4.00266 1.77839 155615 0 1.66313 0.163735 0
-41.7157 10.0382 -0.410038 1.88531 4.28493 1.5187 124123 0 1.88361 0.163522 0
48.8338 19.9623 1.4665 2.01518 4.63948 1.53406 138914 0 1.91822 0.163188 0
-40.4333 29.0088 0.220074 2.15291 4.81437 1.62793 151739 0 -1.25256 0.162818 0
40.4153 53.3047 1.84794 2.00866 4.56831 1.54641 187560 0 -2.6214 0.16259 0
-39.8548 29.5127 0.318151 2.0966 4.69082 1.63182 152677 0 -1.20925 0.162004 0
39.2273 34.7784 1.71154 2.11548 4.87248 1.65746 160412 0 1.66538 0.161652 0
52.3135 37.8596 2.01493 1.99682 4.45391 1.63225 165133 0 -1.57258 0.161331 0
42.7137 24.1596 1.58019 2.05535 4.66236 1.65932 144979 0 -0.957606 0.161288 0
26.9764 -5.98164 0.771773 0.830582 1.33466 1.49104 100938 0 -1.52066 0.161216 1
-16.1973 -15.4766 0.0352809 1.9461 4.49582 1.53512 86763 0 -2.06531 0.161212 0
1.46436 6.19038 1.55937 1.14878 1.25561 1.9441 118642 0 -1.67305 0.161177 1
35.3499 23.1464 1.44074 0.746252 0.746453 1.66648 143552 0 0.495885 0.160983 1
-39.2696 29.199 0.36182 2.03833 4.51898 1.61307 152211 0 -1.26798 0.160632 0
15.5042 -4.06598 0.850019 0.807838 0.916505 1.59358 103710 0 -1.91943 0.160614 1
55.2388 19.3982 1.29737 1.95115 4.45495 1.46551 137998 0 1.57219 0.160612 0
11.3876 -8.06129 0.747774 0.879704 0.939977 1.6188 97613 0 2.24919 0.160497 1
34.0643 54.2331 1.97286 1.87703 4.12005 1.48458 188944 0 -2.31909 0.160358 0
-18.1356 35.1431 0.918215 1.81494 3.95865 1.42553 160701 0 -1.21407 0.160025 0
43.5844 57.6644 2.22008 0.888543 0.970372 1.82414 194122 0 0.534152 0.159997 1
51.9885 48.7917 2.05951 1.93158 4.35031 1.61511 181044 0 -1.57747 0.15979 0
19.4372 40.5692 1.84421 1.95478 4.57078 1.5455 168774 0 1.64867 0.158789 0
63.1379 32.8241 1.99053 2.1793 4.81335 1.79581 157679 0 -3.08901 0.158348 0
42.0845 23.5558 1.60534 2.05969 4.50633 1.61812 144041 0 1.34911 0.15827 0
18.5764 -6.90615 0.865276 0.950727 1.11614 1.79138 99508 0 -1.43311 0.158189 1
