-1.4592 11.0783 1.14681 2.08864 4.65689 1.79112 125653 0 1.5964 0.950902 0
44.6677 -7.12666 1.53116 2.9045 7.76317 3.02752 99121 0 1.64658 0.949154 0
11.1434 12.694 1.24656 2.22085 5.1169 1.90854 128032 0 -1.57359 0.915371 0
36.6389 8.88853 1.20008 1.94758 4.48502 1.55959 122496 0 1.67738 0.910461 0
-36.0678 -11.3391 -0.742822 2.20951 5.08411 1.96395 92785 0 0.0509589 0.910255 0
31.1631 15.7567 1.38063 1.9958 4.5024 1.678 132775 0 -1.47841 0.90729 0
19.0485 15.3283 1.29226 2.15743 4.755 1.68617 131801 0 1.6112 0.907181 0
18.8337 11.65 1.1244 2.15159 4.82111 1.53556 126652 0 1.64882 0.90704 0
0.147713 22.914 1.47888 2.15718 4.94494 1.79683 142974 0 -1.44878 0.894873 0
-6.34722 11.3587 0.940521 1.96606 4.53326 1.48407 126106 0 -1.4666 0.892539 0
49.0888 5.51603 1.3038 2.17745 4.86758 1.80927 117855 0 -1.50195 0.886593 0
-44.3417 -11.0635 -1.05 2.11068 4.73183 1.82668 93227 0 0.0351726 0.886207 0
11.0851 15.7836 1.27967 2.1497 4.85494 1.85656 132712 0 -1.54385 0.884207 0
-19.9915 32.729 1.02002 2.3465 5.35212 1.81863 157419 0 -1.21066 0.883432 0
48.8604 8.26801 1.1967 1.98102 4.50061 1.58509 121598 0 -1.48401 0.878236 0
-30.2879 -4.95947 -0.574731 2.00138 4.29003 1.50632 102163 0 -1.63369 0.877983 0
61.5463 -1.99444 1.24283 2.08256 4.73181 1.72626 106662 0 -0.582294 0.87751 0
18.0714 19.928 1.22031 2.04773 4.7092 1.50624 138818 0 1.62384 0.875214 0
-18.6437 11.5918 0.751545 2.0832 4.64545 1.80534 126535 0 1.68513 0.870789 0
12.3117 22.2607 1.40482 1.95648 4.44867 1.74324 142076 0 -1.54146 0.868982 0
13.9139 41.0872 1.86023 2.11632 4.88559 1.87443 169693 0 -1.51466 0.864863 0
27.6181 9.66795 1.24992 0.93381 1.06553 1.86458 123872 0 0.124283 0.862042 1
-19.2615 8.09215 0.586236 2.04685 4.58364 1.51418 121385 0 1.63258 0.857939 0
-0.270912 17.0415 1.33579 2.06195 4.6371 1.81023 134549 0 1.61926 0.85514 0
18.0517 -6.8965 0.911113 0.944656 1.04601 1.80068 99506 0 1.73415 0.84348 1
0.783249 28.9882 1.42802 1.93711 4.35269 1.45196 151868 0 1.62591 0.842769 0
-41.7823 -11.4068 -1.02714 1.95748 4.23974 1.61622 92767 0 0.0464747 0.842734 0
-42.4138 6.15301 -0.514056 1.81106 4.06292 1.43219 118505 0 1.90189 0.831938 0
-27.0949 14.8296 0.240609 2.14186 4.86611 1.84641 131189 0 1.84373 0.830931 0
12.0379 26.0702 1.34819 1.95937 4.56271 1.52415 147691 0 -1.495 0.827359 0
-5.96576 17.4821 1.05837 2.02688 4.69993 1.5151 134999 0 -1.50696 0.822516 0
31.5429 21.5551 1.32502 1.92638 4.40692 1.40515 141200 0 -1.53204 0.816738 0
36.9501 11.9863 1.33922 2.07391 4.90051 1.6419 127177 0 1.6364 0.81086 0
-5.89599 14.5523 0.979297 2.07347 4.88294 1.48258 130787 0 -1.49188 0.809718 0
-5.92467 20.3539 1.1641 2.11327 4.99584 1.46854 139211 0 -1.56035 0.808506 0
31.5676 12.1245 1.25827 1.88649 4.41191 1.47685 127160 0 1.60695 0.804939 0
11.9425 19.4094 1.19693 1.99527 4.60623 1.5674 137863 0 -1.62937 0.804512 0
31.4364 9.24197 1.2833 1.98917 4.73419 1.68383 122948 0 -1.46015 0.80391 0
-35.4568 6.87821 -0.384329 0.839344 0.891163 1.69591 119463 0 -1.18598 0.796944 1
-17.7871 14.0386 0.742396 2.02423 4.42951 1.80138 129814 0 1.76731 0.796451 0
31.8398 27.4107 1.40702 2.16899 5.2466 1.54341 149625 0 1.57243 0.792666 0
-18.1041 19.7693 0.845202 2.00451 4.52474 1.96193 138237 0 1.66695 0.787607 0
14.5091 38.0279 1.74094 2.05395 4.83592 1.6228 165015 0 -1.49346 0.785138 0
17.7958 22.7796 1.45254 2.13742 4.97345 1.8769 143029 0 1.62711 0.784835 0
11.0583 -6.49643 0.840004 0.896299 0.922915 1.74764 99952 0 -0.651079 0.784594 1
13.3448 32.2377 1.46877 1.95233 4.54712 1.4547 156587 0 -1.4689 0.784145 0
-0.772697 13.9954 1.0954 1.99029 4.58687 1.60361 129867 0 1.63033 0.775598 0
27.1104 -4.87698 0.907648 0.943729 1.00738 1.65025 102342 0 -1.5191 0.774632 1
24.3865 25.4831 1.33476 2.09247 4.64485 1.5273 146794 0 -0.0912858 0.774106 0
0.463974 26.3429 1.37239 1.99929 4.57543 1.48478 148123 0 1.64149 0.77225 0
1.0538 31.6214 1.69655 1.94473 4.32799 1.78663 155613 0 1.65517 0.771396 0
12.0937 -4.88628 0.779888 0.818143 0.900893 1.66045 102295 0 -1.99942 0.76304 1
-29.2721 6.80068 -0.235032 2.06191 4.64448 1.59648 119482 0 -1.29057 0.761683 0
-43.9809 20.6548 -0.275389 1.99342 4.48778 1.57627 139560 0 -1.2583 0.75971 0
49.4707 11.3508 1.35721 2.01508 4.47242 1.74423 126280 0 -1.52002 0.759454 0
-61.3523 -4.44216 -1.0176 1.99082 4.37884 1.62666 103002 0 -1.5163 0.758103 0
-48.493 4.7097 -0.6103 2.02527 4.39445 1.66893 116146 0 -1.33845 0.757946 0
-20.6696 29.978 0.708708 2.02972 4.46062 1.44576 153205 0 -1.25742 0.754337 0
14.4968 -4.72578 0.934895 0.851348 0.968505 1.85581 102771 0 2.45673 0.753046 1
-40.7914 12.0401 -0.516298 1.95771 4.49118 1.56058 126934 0 1.91188 0.750759 0
13.9481 46.9315 1.72051 1.94062 4.38887 1.51575 178117 0 -1.58138 0.748823 0
15.5439 58.4154 1.89304 1.979 4.5047 1.52871 194970 0 -1.4376 0.74727 0
-17.7365 22.949 0.693261 2.05052 4.73567 1.60783 142918 0 1.59242 0.738051 0
16.1219 55.216 2.12352 2.12406 4.85044 1.7916 190292 0 -1.48947 0.731867 0
13.9614 43.9367 1.73869 1.94619 4.37645 1.658 173905 0 -1.5412 0.727992 0
51.0846 34.676 1.88276 2.00372 4.56101 1.48707 160449 0 -1.51679 0.723326 0
-39.841 14.812 -0.277149 2.02502 4.53366 1.58261 131149 0 1.84831 0.723151 0
-38.2951 19.9223 -0.217048 2.04639 4.69479 1.53419 138642 0 1.85822 0.721922 0
54.531 5.18663 1.37681 2.05848 4.97537 1.64193 117404 0 1.64862 0.71655 0
36.9333 15.1308 1.29928 1.99378 4.66372 1.48876 131857 0 1.63501 0.712511 0
18.0362 25.6923 1.61633 2.32696 5.51844 1.72585 147242 0 1.62015 0.697972 0
19.6416 37.8439 1.92465 2.10878 4.73091 1.60344 165031 0 1.59131 0.696549 0
-18.0581 17.0059 0.585941 1.91895 4.38925 1.53248 134493 0 1.73279 0.692737 0
32.4775 35.7244 1.79957 2.09004 4.72494 1.69415 161795 0 1.68698 0.692041 0
-5.5518 26.3133 1.54854 2.11624 4.67896 1.7239 148104 0 -1.54108 0.678301 0
13.2277 29.0282 1.41323 2.0246 4.77352 1.49257 151907 0 -1.49712 0.672988 0
31.4901 18.6417 1.24154 1.93158 4.65282 1.45345 136988 0 -1.50845 0.671823 0
8.52476 53.888 1.8358 2.04604 4.55779 1.50318 188396 0 -0.113524 0.6703 0
11.2473 -7.52531 0.843907 0.944044 0.927844 1.67416 98549 0 1.80734 0.662514 1
-60.9851 14.8064 -0.647229 2.08671 4.701 1.65287 131083 0 -1.21597 0.656782 0
-47.5583 7.42113 -0.534663 1.92931 4.2438 1.60043 120361 0 -1.30202 0.655046 0
-55.8178 27.5863 -0.0768213 2.12152 4.807 1.68248 149819 0 -1.23735 0.654952 0
-61.6339 12.0424 -0.663707 1.82131 4.0678 1.51877 126869 0 1.92386 0.63512 0
15.2064 73.7166 2.19968 2.00206 4.4778 1.53581 217433 0 -1.5271 0.629138 0
-28.0205 9.18397 -0.166013 2.00179 4.47131 1.51287 122762 0 -1.31052 0.625646 0
-4.63017 40.8704 1.6981 1.97211 4.40613 1.49623 169167 0 -1.47964 0.622511 0
19.3459 31.7612 1.51021 2.17678 4.99246 1.51425 156138 0 1.61483 0.620362 0
15.5597 64.5503 2.07458 1.94155 4.42072 1.52813 203862 0 -1.47958 0.619447 0
15.5453 67.6218 2.27305 2.00235 4.44149 1.74466 208542 0 -1.552 0.612111 0
1.74657 43.68 1.6625 1.9826 4.50429 1.50337 173399 0 1.60716 0.609778 0
32.4847 38.7912 1.95133 1.98472 4.45992 1.56059 166475 0 -1.43651 0.607604 0
36.9531 21.015 1.50249 2.01013 4.65545 1.48102 140281 0 1.61386 0.602118 0
-5.91531 23.2084 1.23347 1.92943 4.5555 1.39362 143423 0 -1.55496 0.595263 0
31.869 30.8006 1.48976 2.10565 4.79483 1.5166 154773 0 -1.55901 0.594726 0
26.4438 -6.0307 0.926157 0.871508 0.953501 1.69348 100936 0 -1.45109 0.586159 1
-46.5591 12.3662 -0.538375 1.87339 4.21688 1.54305 127384 0 -1.30454 0.582709 0
26.7669 -5.50903 0.823313 0.776892 0.848292 1.47746 101405 0 -1.53157 0.570246 1
-39.53 17.4086 -0.0284131 1.92906 4.20058 1.76139 134894 0 1.85918 0.567928 0
54.5608 7.87406 1.18329 1.83158 4.29409 1.41415 121148 0 1.68766 0.567762 0
-0.774773 20.0665 1.46054 2.05858 4.76248 1.66189 138759 0 1.68079 0.567358 0
19.9738 40.7945 1.92888 2.07396 4.77201 1.52857 169244 0 1.60183 0.566023 0
-63.2169 7.2803 -0.795535 2.0667 4.41261 1.65499 119844 0 -1.23235 0.565681 0
-19.045 35.3927 0.81394 2.05266 4.64615 1.46687 161166 0 -1.20117 0.561617 0
19.6651 43.4127 2.15299 1.99406 4.5333 1.57732 172987 0 1.59756 0.560803 0
-45.2501 18.1349 -0.27674 1.95804 4.36602 1.62582 135812 0 -1.2515 0.559321 0
-68.6574 5.58303 -0.863819 1.97051 4.28918 1.70356 117487 0 1.94855 0.559276 0
-45.946 15.1928 -0.470075 2.02872 4.39237 1.64472 131598 0 -1.25801 0.554323 0
37.6302 30.0102 1.77475 2.34712 5.62381 1.89383 153387 0 -1.48365 0.552338 0
-46.8638 9.83485 -0.252193 2.09416 4.70708 1.80581 123639 0 -1.29725 0.546422 0
-43.6238 23.2781 -0.045064 2.08183 4.62871 1.72402 143305 0 -1.2569 0.538399 0
26.6606 -6.02063 0.897492 0.960467 1.42903 1.69537 100937 0 -1.51452 0.532144 1
37.5806 26.753 1.49333 2.1799 5.13498 1.5891 148707 0 1.6555 0.528651 0
15.6113 -4.41408 0.859442 0.893635 0.976059 1.65275 103242 0 2.12964 0.525626 1
14.852 -4.33529 0.963828 0.824907 0.973332 1.84171 103240 0 1.96046 0.525337 1
54.8848 10.9875 1.3416 1.93195 4.34678 1.47848 125829 0 -1.37844 0.521021 0
26.7982 -5.36275 0.84002 0.725585 0.798657 1.40369 101873 0 -1.54136 0.509759 1
11.0614 -6.37286 0.84054 0.880288 0.868701 1.73794 100420 0 3.01009 0.509153 1
52.6072 46.2121 1.94206 2.09174 4.77676 1.61317 177302 0 -1.53582 0.507598 0
-4.65317 44.2712 1.90999 2.05372 4.64513 1.71158 174315 0 -1.53069 0.506043 0
15.8286 70.5519 2.17882 2.0333 4.57717 1.62101 212755 0 -1.55354 0.504931 0
14.3772 -4.74493 0.8884 0.800333 0.943048 1.80129 102770 0 2.28508 0.497856 1
19.6818 46.4998 2.12292 1.96569 4.41161 1.50901 177667 0 1.55794 0.491455 0
26.6835 -6.15323 0.915823 0.874372 1.66191 1.71152 100469 0 -1.49743 0.487533 1
-67.0331 11.3447 -0.786867 1.94281 4.35784 1.52265 125916 0 -1.1666 0.476003 0
18.712 28.6583 1.47791 2.02953 4.70223 1.45675 151456 0 1.52362 0.473829 0
11.0754 -7.77415 0.811476 0.84234 0.859114 1.61255 98080 0 1.81303 0.471316 1
-37.292 22.5712 0.127936 1.97255 4.31775 1.72604 142389 0 1.82643 0.470554 0
-6.91456 31.8568 1.76479 2.05859 4.52019 1.6797 156056 0 1.60221 0.466406 0
-53.292 48.1353 0.350999 2.06167 4.67149 1.60295 179779 0 -0.995388 0.462727 0
53.2875 48.8085 2.08676 1.9024 4.23105 1.57286 181048 0 -1.51442 0.4614 0
-2.73491 64.7991 2.24255 2.05954 4.69018 1.56722 204273 0 -1.509 0.4466 0
-53.5834 47.8685 0.336222 2.13035 4.8461 1.66584 179310 0 -1.1864 0.433619 0
-18.7003 38.2765 0.619232 1.9796 4.3976 1.46198 165379 0 -1.24922 0.432864 0
28.5957 49.5093 1.95062 0.786115 0.765421 1.62729 181907 0 0.0146425 0.431346 1
14.851 -4.57874 0.927125 0.806711 0.924883 1.79264 102772 0 2.38644 0.428776 1
-23.8647 22.4971 0.471829 1.9646 4.37613 1.55286 142431 0 -1.42816 0.424199 0
54.5687 28.6176 1.66405 2.02564 4.5878 1.59064 151568 0 -1.55206 0.41941 0
14.6514 -3.99817 1.03034 0.85829 1.01365 1.91232 103707 0 1.75743 0.417765 1
52.3744 45.9602 1.92192 1.89287 4.24315 1.51358 176833 0 -1.46943 0.412507 0
-5.28882 31.8487 1.61966 2.04785 4.72493 1.62059 156061 0 -1.55612 0.411479 0
54.6358 10.7902 1.32503 1.65516 3.75879 1.36985 125360 0 -1.48344 0.411222 0
-26.3871 17.7447 0.354843 2.08305 4.76816 1.75082 135403 0 1.75853 0.403981 0
-4.96233 59.0439 2.0463 1.98822 4.51906 1.61879 195842 0 1.63055 0.402095 0
-43.9836 58.7065 0.813838 2.28431 5.21312 1.8674 195252 0 -1.31829 0.394676 0
-41.7459 9.70524 -0.430186 1.99688 4.44951 1.52135 123655 0 1.89676 0.393543 0
55.1227 11.0049 1.36401 2.09888 4.82358 1.55018 125830 0 1.41729 0.390003 0
-3.69634 68.0587 2.40695 1.95932 4.46582 1.59975 208950 0 -1.47815 0.385567 0
14.4976 -3.09903 0.809801 0.794697 0.892529 1.65775 105111 0 -2.8924 0.379442 1
8.21421 53.6714 1.81272 1.95307 4.30374 1.47815 187927 0 -0.310757 0.379388 0
-46.322 12.5897 -0.550813 1.83852 4.10471 1.51434 127853 0 -1.26685 0.378503 0
-3.7103 59.0243 2.08557 2.06114 4.74333 1.62709 195846 0 -1.53861 0.372005 0
15.1586 -4.377 0.913695 0.824613 0.947489 1.70277 103241 0 2.17054 0.37138 1
53.5815 49.0716 2.0988 2.04989 4.63052 1.69869 181517 0 -1.56488 0.368979 0
26.9301 -5.28833 0.856065 0.827418 0.97099 1.43029 101874 0 -1.58397 0.367134 1
-31.2209 42.0962 0.874185 1.84708 4.04684 1.63311 170956 0 1.90894 0.364337 0
-40.4703 28.9161 0.215411 2.1194 4.73218 1.70032 151739 0 -1.3068 0.363138 0
-32.4595 39.5279 0.645377 2.0159 4.48619 1.53868 167208 0 1.90842 0.362718 0
1.73928 40.4891 1.6257 2.01232 4.52009 1.55551 168719 0 1.58274 0.360704 0
18.8094 31.5933 1.49174 2.02906 4.68977 1.52109 155668 0 1.5987 0.360394 0
18.4296 28.9304 1.44242 1.97137 4.66481 1.46936 151923 0 1.58371 0.355572 0
-23.516 25.1225 0.719836 2.07903 4.65217 1.75314 146176 0 -1.29432 0.351103 0
-17.6675 -7.64126 1.91525 0.757472 0.794381 1.81241 98458 0 -2.88772 0.3508 1
18.4183 28.3659 1.49568 2.01058 4.65308 1.45132 150987 0 1.57411 0.348328 0
26.9494 -5.55381 0.780361 0.737564 0.834432 1.23534 101406 0 -1.53866 0.347028 1
-2.33137 37.9902 2.94633 0.888895 0.962206 1.73379 164962 0 0.143498 0.346169 1
14.5041 -3.2386 0.852743 0.823689 0.934907 1.71552 104643 0 2.74378 0.343439 1
14.6365 -4.29999 0.975272 0.878028 1.01804 1.90842 103239 0 1.9674 0.340753 1
-5.21498 41.0334 1.6948 2.1718 4.93093 1.53969 169633 0 -1.49125 0.340588 0
-36.6461 22.304 0.164704 2.01715 4.50361 1.71633 141923 0 1.82707 0.340536 0
-46.1989 14.947 -0.467536 2.03376 4.42441 1.61572 131129 0 -1.26567 0.339675 0
-31.8302 39.2427 0.571753 1.9108 4.28358 1.45622 166742 0 1.89087 0.337536 0
-34.0909 33.7971 0.544309 1.91682 4.41707 1.54147 158779 0 1.91317 0.335452 0
4.62827 56.8015 2.17416 2.06646 4.61629 1.80162 192596 0 -3.09613 0.335079 0
33.4346 35.6358 1.77171 2.20557 5.11272 1.74376 161798 0 -1.47529 0.334057 0
2.38101 68.3114 2.8923 2.16712 4.94306 1.96266 209437 0 1.50729 0.333549 0
-41.4427 28.938 0.0128884 2.03389 4.61434 1.62203 151736 0 -1.25096 0.333454 0
-49.0355 4.72284 -0.580609 2.3467 5.45508 1.87295 116144 0 -1.36014 0.332472 0
11.2806 -7.31474 0.829298 0.848127 0.861999 1.65906 99017 0 1.79824 0.328022 1
11.4933 19.3843 1.25779 1.65832 3.49429 1.46467 137861 0 -1.62053 0.322721 0
-3.32588 64.8279 2.28511 1.97199 4.46329 1.55272 204271 0 1.49745 0.319843 0
-27.3554 18.098 0.383783 2.09015 4.65008 1.82913 135868 0 1.76833 0.317026 0
15.1907 -4.56693 0.890108 0.818437 0.912682 1.69139 102773 0 2.11619 0.313094 1
38.2453 35.3099 1.67675 1.53865 3.65947 1.51437 161345 0 2.02264 0.312028 0
-15.9276 -14.4511 0.314467 0.845004 0.880922 1.66502 88168 0 -1.71271 0.311671 1
53.5799 48.5447 2.04127 2.02512 4.58832 1.6964 180581 0 -1.43007 0.311307 0
-53.0319 47.8966 0.316251 1.76316 3.80878 1.46727 179312 0 -1.02077 0.311228 0
11.7899 -2.92865 0.782609 0.751133 0.821127 1.5672 105102 0 0.886337 0.306814 1
2.00876 43.938 1.67988 1.90978 4.22546 1.49928 173868 0 1.64679 0.305385 0
16.0725 64.7383 2.1333 2.25754 5.27197 1.7674 204332 0 -1.53495 0.304192 0
19.411 40.5853 1.82316 1.97273 4.61093 1.54542 168774 0 1.63595 0.300359 0
28.5966 49.6351 1.96944 0.819631 0.806104 1.66217 182375 0 2.82706 0.298905 1
53.0011 49.0626 2.08573 1.84859 4.00541 1.50737 181515 0 -1.56771 0.2984 0
-24.7765 22.5565 0.468349 1.95688 4.30583 1.49499 142428 0 -1.44853 0.296864 0
-67.2889 11.0993 -0.781057 2.09516 4.74684 1.59425 125447 0 -1.21785 0.296045 0
-4.29478 68.2708 2.46998 2.01436 4.51213 1.6221 209416 0 -1.48459 0.294468 0
0.424629 20.6982 1.37122 0.803853 0.852841 1.59539 139699 0 -1.08563 0.292567 1
-52.9831 48.445 0.322467 2.04939 4.61397 1.57511 180248 0 -0.680845 0.292278 0
52.0729 46.2049 1.95698 1.81606 4.03142 1.45187 177300 0 -1.56734 0.291624 0
-26.111 18.0374 0.37363 2.0524 4.70952 1.70303 135872 0 1.7457 0.290895 0
18.0564 -7.06284 0.917127 0.910423 1.04439 1.77657 99038 0 1.67142 0.288269 1
38.2085 35.0284 1.6729 1.1725 2.56013 1.56234 160877 0 -2.33319 0.287068 0
38.528 35.3209 1.70601 1.85559 4.39041 1.50543 161346 0 1.62948 0.285777 0
37.5645 20.9962 1.5319 1.99768 4.59357 1.49331 140283 0 -2.15486 0.285646 0
19.0922 43.5862 2.17012 1.97386 4.45797 1.5844 173453 0 1.57757 0.282062 0
20.3155 41.0172 2.02312 2.0088 4.42718 1.55072 169713 0 1.55515 0.280693 0
-6.61726 32.0941 1.72268 2.06343 4.52054 1.64981 156525 0 1.63986 0.28061 0
38.0026 34.7672 1.6774 0.839496 1.45238 1.64083 160408 0 -2.55284 0.280513 1
-31.2225 39.1307 0.547954 1.86257 4.38571 1.46023 166744 0 1.89338 0.278159 0
11.2342 -7.72365 0.826539 0.928625 0.939147 1.65953 98081 0 1.83092 0.277216 1
-29.5962 63.4996 1.01956 2.02125 4.63209 1.6006 202317 0 -1.27239 0.275948 0
26.9564 -6.19309 0.814285 0.77947 1.28622 1.39307 100470 0 -1.51283 0.275192 1
41.7196 24.1641 1.64519 0.826344 0.850159 1.80799 144976 0 1.30011 0.273417 1
38.5283 35.0674 1.66889 1.82594 4.25552 1.5311 160878 0 1.96233 0.27319 0
0.454323 25.8871 1.38923 2.05315 4.65008 1.52025 147187 0 1.55579 0.272942 0
-4.65218 58.8119 2.03899 1.8308 4.17416 1.56362 195375 0 1.62796 0.272394 0
74.7404 6.22302 1.26978 2.03376 4.72738 1.71931 118871 0 2.8659 0.270832 0
-63.5097 3.42475 -0.268995 0.804863 0.875982 1.74301 114227 0 -1.7141 0.269358 1
12.9839 28.7415 1.3992 1.88433 4.37078 1.50124 151438 0 -1.45357 0.269288 0
55.4958 28.6104 1.69057 2.06655 4.69695 1.69853 151571 0 -1.55248 0.268435 0
-22.9078 25.1121 0.650789 2.12124 4.75277 1.76377 146178 0 -1.31313 0.268304 0
69.5825 11.3543 1.29636 2.03164 4.61475 1.5963 126343 0 -0.786489 0.267431 0
-25.7945 17.4424 0.375518 2.08688 4.77408 1.67485 134937 0 1.73612 0.267099 0
-42.0529 28.9941 -0.011923 2.05183 4.57235 1.62288 151734 0 -1.21248 0.266354 0
12.1945 -4.7764 0.790672 0.848842 0.941606 1.68515 102764 0 -2.33937 0.265892 1
-19.5962 35.4447 0.888096 2.12037 4.76918 1.52219 161164 0 -1.20226 0.26537 0
52.619 45.6797 1.89201 2.07894 4.79747 1.63278 176366 0 -1.39439 0.262928 0
-31.7813 42.3723 0.827165 2.11927 4.92273 1.80282 171422 0 1.90702 0.262228 0
27.228 -4.76131 0.894233 0.897877 1.01025 1.6552 102811 0 -1.52144 0.260983 1
-5.25159 44.0859 1.92301 2.02237 4.58786 1.69876 173845 0 -1.54405 0.260876 0
16.0758 67.428 2.21499 2.24771 5.26515 1.90585 208076 0 -1.50036 0.260464 0
-45.6655 15.4317 -0.479746 2.07688 4.45744 1.66686 132067 0 -1.247 0.260181 0
31.8299 44.9865 1.91486 1.90362 4.38129 1.51229 175365 0 -1.43891 0.260161 0
4.33636 57.0826 2.18782 2.2885 5.2894 1.9458 193063 0 3.09455 0.26005 0
18.057 -6.68433 0.866462 0.90481 1.02543 1.77591 99974 0 1.72381 0.259952 1
38.549 26.6848 1.54104 2.21631 5.0749 1.65574 148710 0 -1.49287 0.259932 0
62.6365 32.4669 1.6523 2.01534 4.4403 1.74271 157209 0 3.1407 0.258275 0
36.4311 15.167 1.33534 1.7586 3.84328 1.41015 131855 0 1.649 0.256445 0
69.595 11.0514 1.29771 2.0096 4.49039 1.58924 125875 0 -0.436975 0.255854 0
18.7157 29.2089 1.47748 1.88731 4.41682 1.46542 152392 0 2.31191 0.25542 0
39.1918 38.5583 1.86037 1.97117 4.49644 1.54844 166028 0 1.61189 0.255385 0
-4.06931 41.0288 1.65176 2.15837 4.87403 1.58534 169637 0 -1.53778 0.25506 0
38.5622 37.9533 2.04814 1.98796 4.40041 1.54529 165090 0 1.69839 0.253385 0
-42.0766 29.2496 0.0133024 2.10702 4.67005 1.64938 152202 0 0.763534 0.252629 0
-5.62814 22.9513 1.23828 1.85468 4.35631 1.36793 142956 0 -1.53974 0.251536 0
15.8072 67.8995 2.29931 2.19253 4.99048 1.85011 209011 0 -1.57687 0.250599 0
-3.33785 65.0314 2.28922 2.12698 4.76601 1.61195 204739 0 -1.30124 0.248603 0
-35.431 6.69831 -0.347237 0.89683 0.961522 1.719 118995 0 -1.16642 0.247868 1
-30.5799 38.8923 0.526716 1.87279 4.30928 1.47358 166278 0 -1.07472 0.24625 0
11.22 -6.49793 0.848842 0.915115 0.92415 1.76106 99953 0 0.388176 0.2454 1
26.9887 -5.9896 0.784557 0.820929 1.17991 1.3185 100938 0 -1.5341 0.244566 1
-28.8799 9.48544 -0.177194 2.03019 4.55925 1.54692 123227 0 1.24412 0.241822 0
-66.7928 11.5943 -0.81925 1.83487 4.04808 1.51 126385 0 -1.12619 0.241612 0
31.5577 38.9003 1.88673 1.94741 4.45072 1.55159 166472 0 1.57255 0.241358 0
-25.4543 22.8249 0.45761 2.01049 4.42425 1.50129 142894 0 1.73621 0.240536 0
-30.8823 38.9522 0.528551 1.88473 4.3887 1.45459 166277 0 1.6481 0.239333 0
62.5671 31.2 1.80191 2.19426 4.83899 1.72037 155337 0 -3.02096 0.239165 0
-44.6729 17.8375 -0.352598 1.94837 4.35231 1.69087 135346 0 -1.19083 0.238861 0
38.862 38.2575 1.94722 1.96954 4.4707 1.5458 165559 0 1.64361 0.238179 0
31.5247 45.2633 1.96107 1.99361 4.48196 1.56337 175832 0 -1.43612 0.237239 0
0.102249 19.0825 1.38249 0.811198 0.877243 1.67372 137358 0 1.55212 0.236902 1
-46.891 56.4589 0.596844 2.01412 4.46038 1.66323 191967 0 -1.23672 0.236247 0
-7.44736 32.1074 1.8514 2.34726 5.54566 1.9379 156522 0 1.62222 0.236184 0
-61.3436 11.7646 -0.686099 1.60706 3.42996 1.43628 126402 0 1.91847 0.233216 0
36.0181 6.26221 1.20343 0.769764 0.824288 1.70935 118750 0 1.5615 0.232052 1
19.3815 43.1393 2.10191 1.97066 4.41898 1.56584 172518 0 1.61224 0.231366 0
28.4468 49.5062 1.95542 0.826738 0.823331 1.66152 181906 0 -0.0772026 0.231111 1
-39.9163 28.9183 0.343755 2.0199 4.47489 1.65785 151741 0 -1.30842 0.230719 0
-42.3825 29.2828 0.00575875 2.10958 4.67987 1.65031 152201 0 1.73252 0.229712 0
-37.5785 22.3383 0.0561128 1.96883 4.37971 1.71943 141920 0 1.77188 0.227657 0
13.2522 29.4869 1.43131 1.98681 4.63416 1.49948 152843 0 -1.53368 0.227639 0
-23.8002 24.8515 0.704845 2.0562 4.54987 1.75676 145707 0 -1.30248 0.227468 0
-34.6629 33.8201 0.511169 1.97614 4.4369 1.57423 158777 0 1.91846 0.227459 0
1.03502 28.7712 1.40313 1.7236 3.78183 1.38133 151401 0 1.57693 0.227351 0
-18.4296 35.1064 0.72187 1.86322 4.19292 1.42424 160700 0 -1.21148 0.227064 0
-41.045 11.7785 -0.475069 2.05779 4.74337 1.61368 126465 0 1.8613 0.226721 0
-17.4923 22.688 0.693515 1.86409 4.18836 1.61257 142451 0 1.55562 0.226679 0
2.02039 40.7524 1.64693 1.98469 4.46482 1.56402 169188 0 1.57424 0.226037 0
-61.3805 12.2199 -0.701828 1.82875 3.86434 1.52351 127338 0 1.96072 0.225796 0
-2.20009 37.9786 2.90541 0.901488 0.992273 1.7446 164963 0 0.399845 0.225236 1
-52.685 48.4856 0.307935 1.92551 4.23683 1.51606 180249 0 -0.407719 0.22502 0
19.6711 34.7795 1.82401 2.09158 4.78154 1.67248 160351 0 1.59832 0.224912 0
-63.7458 7.28905 -0.708751 2.26229 5.01442 1.70924 119842 0 -1.23474 0.224704 0
-6.52795 23.4277 1.30909 2.04372 4.71571 1.50129 143889 0 -1.53444 0.224386 0
69.8823 11.3523 1.3307 2.04389 4.63411 1.60375 126344 0 -1.0396 0.22353 0
11.8795 -2.84923 0.783141 0.780946 0.87693 1.59633 105571 0 0.652181 0.22183 1
69.614 10.4103 1.3795 2.02575 4.52843 1.61248 124939 0 -0.119239 0.221761 0
-33.4483 33.4854 0.52815 1.95648 4.47947 1.55666 158313 0 1.44106 0.220197 0
19.4045 41.0066 1.9485 2.02308 4.58361 1.53269 169710 0 1.63734 0.220105 0
-28.4015 6.52529 -0.317734 2.08075 4.71936 1.51173 119017 0 -1.29663 0.219856 0
10.8276 -7.82551 0.779761 0.743582 0.745745 1.44043 98079 0 1.98016 0.219839 1
40.1376 54.5932 2.15412 1.95318 4.3243 1.58499 189431 0 -2.993 0.219718 0
-27.0771 18.362 0.403313 2.08741 4.61854 1.84876 136337 0 1.75958 0.219481 0
-33.4951 33.7199 0.570226 1.96064 4.47211 1.56972 158781 0 1.75632 0.219345 0
-52.7173 48.1712 0.308074 1.73028 3.68751 1.43323 179781 0 -0.581443 0.218612 0
-34.0826 30.5543 0.381212 1.94466 4.46329 1.50405 154099 0 -1.14323 0.218537 0
-63.5145 3.58043 -0.298212 0.802888 0.893679 1.74304 114695 0 -1.71726 0.218409 1
0.411942 20.8706 1.36392 0.788846 0.82493 1.63443 140167 0 -1.12235 0.21804 1
32.0927 18.4502 1.24154 1.87245 4.35641 1.46212 136522 0 -1.47296 0.216627 0
-43.1216 23.4186 -0.0531422 2.12842 4.7344 1.79962 143775 0 -1.26098 0.21656 0
-46.2893 12.0947 -0.535588 1.71085 3.7947 1.5025 126917 0 -1.28068 0.215789 0
4.03576 56.8136 2.1733 2.15264 4.86118 1.84462 192594 0 3.02597 0.215535 0
34.9668 23.5909 1.41405 0.737811 0.77227 1.68807 144019 0 0.43401 0.215466 1
19.3133 28.9266 1.53094 2.03476 4.78531 1.50319 151926 0 -1.53157 0.215064 0
52.3412 48.8286 1.94104 1.90448 4.2648 1.51382 181045 0 -1.50288 0.2148 0
-17.5423 16.8256 0.639323 1.64929 3.05372 1.49663 134027 0 1.70947 0.21466 0
-4.06005 44.081 1.8185 2.06342 4.81669 1.77648 173849 0 -1.5284 0.213982 0
-47.1748 56.1765 0.637299 2.07672 4.68394 1.70514 191498 0 -1.31081 0.212815 0
54.266 28.8577 1.69216 2.03246 4.58422 1.55873 152035 0 -2.33053 0.211816 0
-47.9644 4.63358 -0.635303 1.68313 3.44986 1.4969 116148 0 -1.30262 0.20945 0
-61.8648 11.7861 -0.641376 1.92864 4.37707 1.572 126400 0 1.89387 0.209154 0
-69.1782 5.60814 -0.780703 2.29494 5.36221 1.89776 117485 0 1.79001 0.208618 0
14.6197 -3.78103 0.996866 0.85986 1.0145 1.86213 104175 0 1.89299 0.208188 1
-6.61066 31.6021 1.70589 2.074 4.51092 1.66781 155589 0 1.56879 0.207606 0
-43.0451 29.5964 0.0373512 2.02075 4.42872 1.65405 152667 0 1.84945 0.207412 0
14.4503 47.1047 1.76796 2.21949 5.25283 1.72721 178587 0 -1.59861 0.207366 0
-4.34012 59.2575 2.11464 2.01415 4.53782 1.59808 196312 0 1.60974 0.206464 0
38.882 35.0679 1.7364 2.04878 4.76272 1.5637 160879 0 1.62463 0.205875 0
-19.2849 38.3135 0.712817 2.04168 4.61873 1.48709 165377 0 -1.34436 0.204439 0
20.8922 40.8135 2.01838 1.98164 4.4158 1.55096 169247 0 1.56012 0.203847 0
0.232269 20.6629 1.41578 0.85577 1.00549 1.62402 139698 0 -0.200104 0.203468 1
15.8368 70.0077 2.1792 2.0048 4.49622 1.62633 211819 0 -1.48911 0.203394 0
32.1597 44.6608 1.89757 1.94418 4.43542 1.52774 174898 0 -1.39951 0.203259 0
20.2686 46.3238 2.16383 1.97191 4.49861 1.58172 177201 0 -1.54221 0.203027 0
19.067 31.2918 1.50735 1.99856 4.56718 1.48521 155201 0 1.55935 0.202937 0
-0.224487 20.2313 1.42333 1.98109 4.50214 1.63383 139229 0 1.6382 0.202923 0
-48.0769 7.31689 -0.528784 2.23032 4.839 1.72005 119891 0 -1.35564 0.202434 0
41.54 24.1661 1.64985 0.822107 0.856562 1.79273 144975 0 1.23437 0.201319 1
37.557 21.1632 1.52893 2.11385 4.88883 1.52976 140751 0 1.60953 0.201108 0
8.99285 53.9415 1.85191 2.0986 4.65672 1.53178 188398 0 0.0628068 0.201056 0
-42.3713 9.75421 -0.429918 1.95096 4.30531 1.54419 123653 0 1.85201 0.200585 0
15.7561 73.5411 2.30244 2.22076 5.18696 1.77942 216967 0 -1.4945 0.199222 0
49.7486 23.5343 1.28951 1.98247 4.48805 1.56308 144065 0 1.85822 0.199145 0
14.4473 43.7501 1.75499 2.22292 5.13501 1.82544 173439 0 -1.5365 0.199007 0
-40.1694 28.4014 0.22236 2.08824 4.62708 1.67669 150804 0 -1.24469 0.198974 0
11.037 -6.77884 0.825166 0.849761 0.891245 1.62688 99484 0 -0.205966 0.198826 1
64.1328 31.1932 1.84835 2.12848 4.89752 1.79911 155342 0 -1.48149 0.198675 0
43.452 55.5478 2.1353 0.780924 0.734329 1.67943 190845 0 -1.56 0.198312 1
-6.91346 32.391 1.79343 2.14047 4.705 1.72212 156992 0 1.67013 0.197737 0
39.8641 54.8522 2.2195 2.05649 4.6351 1.64014 189898 0 -3.07712 0.197733 0
-35.4541 7.07067 -0.361563 0.850185 0.922821 1.71436 119931 0 -1.25095 0.197499 1
45.2813 -29.9055 0.0593142 2.00919 4.41935 1.59382 65895 0 -3.07544 0.197064 0
15.2959 58.1845 1.85297 1.791 4.05457 1.4658 194501 0 -1.39621 0.197052 0
-62.131 12.2596 -0.629142 2.15551 5.0326 1.72801 127335 0 1.9149 0.196527 0
39.5224 35.3339 1.85779 2.02524 4.46578 1.61002 161349 0 1.58297 0.195737 0
18.2489 -6.89577 0.903271 0.978805 1.13685 1.8234 99507 0 1.69711 0.195617 1
57.1262 19.6849 1.78204 2.0478 4.50363 1.62647 138472 0 1.59284 0.19509 0
10.8662 -6.52104 0.836119 0.878613 0.896699 1.72823 99951 0 0.602582 0.195011 1
-46.8425 12.8681 -0.551685 2.09713 4.75216 1.60097 128319 0 -1.28261 0.194916 0
14.6546 73.5311 2.13178 1.71774 3.88714 1.4102 216963 0 -1.54176 0.194852 0
19.0111 29.2107 1.50405 1.94563 4.52464 1.48857 152393 0 -1.58114 0.194846 0
-45.94 14.6326 -0.475585 1.94292 4.21167 1.58975 130662 0 -1.2496 0.193769 0
4.92194 56.5423 2.13665 1.91843 4.09609 1.69724 192129 0 -3.06251 0.193109 0
-31.1627 59.0278 1.04531 2.04297 4.60168 1.58848 195760 0 -0.194106 0.192686 0
-41.174 9.6853 -0.430635 1.99254 4.40132 1.53403 123657 0 1.81968 0.192006 0
19.0497 53.5731 2.37219 0.809389 0.770498 1.74043 187961 0 0.301906 0.191869 1
39.5121 38.8233 1.86319 1.96874 4.44038 1.54962 166497 0 1.6373 0.19181 0
53.296 49.3654 2.12897 1.93357 4.29201 1.59094 181984 0 -1.59299 0.191423 0
-35.0455 34.3522 0.582153 2.03812 4.58045 1.59202 159712 0 1.97686 0.191255 0
-5.25297 44.5352 1.92921 2.27879 5.26676 1.75784 174781 0 -1.53902 0.191114 0
3.05104 61.2739 2.06283 2.00986 4.51499 1.64229 199143 0 1.51611 0.1911 0
-16.0467 -14.3462 0.319911 0.854015 0.987358 1.70636 88635 0 -1.77738 0.190584 1
32.4669 44.9497 1.92501 1.9812 4.45522 1.54747 175367 0 -1.35488 0.19024 0
20.606 40.5738 1.99448 1.91782 4.23444 1.47622 168778 0 1.59693 0.190143 0
37.9866 35.327 1.66433 1.90632 4.59011 1.53858 161344 0 1.82249 0.190052 0
-42.3629 29.0069 -0.0048196 2.06759 4.59803 1.61818 151733 0 0.5363 0.189803 0
-29.9046 41.5123 0.646635 1.98533 4.49886 1.74563 170024 0 -1.23242 0.189762 0
-33.1506 33.4399 0.549243 2.04468 4.64131 1.58173 158314 0 -1.04614 0.189514 0
11.2528 -6.31169 0.829721 0.821924 0.823512 1.70584 100421 0 1.50202 0.189468 1
36.6729 20.7711 1.51402 1.8347 4.14525 1.49432 139812 0 1.62636 0.18943 0
-26.4154 18.3329 0.38656 2.07815 4.60076 1.77395 136339 0 1.7431 0.189113 0
38.8839 37.652 1.9634 1.98764 4.44223 1.5514 164623 0 1.70845 0.189056 0
38.8791 44.3274 1.97688 1.92099 4.39508 1.56996 174451 0 1.61637 0.188075 0
38.1671 34.7824 1.69001 0.971757 1.85347 1.60145 160409 0 -2.7817 0.187694 1
55.1762 28.8571 1.62555 2.13379 4.87345 1.68963 152038 0 -1.58939 0.187481 0
-5.34668 23.3986 1.23827 1.91882 4.51216 1.4223 143893 0 -1.54234 0.186595 0
32.7969 44.6356 1.94507 1.96902 4.41332 1.57535 174900 0 -1.33502 0.186475 0
24.6733 25.7423 1.37285 2.29671 5.30159 1.62057 147263 0 -0.11549 0.186332 0
14.3694 -3.24072 0.827688 0.821669 0.949059 1.69112 104642 0 2.89209 0.185975 1
15.267 70.3057 2.19685 1.92277 4.24506 1.54818 212285 0 -1.54339 0.185954 0
39.8204 35.0469 1.89165 2.11442 4.75012 1.66473 160882 0 1.62934 0.185848 0
15.2583 70.8129 2.17742 1.95216 4.32185 1.54861 213221 0 -1.56614 0.18565 0
40.1404 38.5711 1.75618 1.96157 4.42634 1.52757 166031 0 1.68736 0.185648 0
19.1024 46.3301 2.13697 1.92423 4.4326 1.52956 177197 0 1.53892 0.185354 0
43.6042 55.5399 2.14726 0.83243 0.828547 1.69048 190846 0 -2.01114 0.185267 1
-44.2397 23.5572 0.00390166 2.0628 4.48215 1.66567 143771 0 -1.25838 0.185244 0
20.5814 46.5775 2.13741 2.1479 4.90833 1.69542 177670 0 -1.58937 0.184894 0
-39.8027 14.3602 -0.295027 1.8363 4.08482 1.49545 130213 0 1.84396 0.184504 0
69.3263 10.7433 1.33019 2.02418 4.48487 1.61592 125406 0 -0.143289 0.18431 0
13.6705 46.6834 1.71491 1.74589 3.86425 1.44321 177648 0 -1.53815 0.184234 0
11.1336 -7.3071 0.807977 0.865336 0.881702 1.63617 99016 0 1.73078 0.183936 1
-4.34313 40.6147 1.69592 1.93194 4.41465 1.50969 168700 0 -1.45072 0.183797 0
31.5333 44.6604 1.90702 1.94604 4.47741 1.55097 174896 0 -1.46136 0.183556 0
4.62199 57.4013 2.19015 2.41196 5.72502 2.04799 193532 0 3.06683 0.183296 0
-40.7849 28.39 0.0462803 2.04236 4.52611 1.65513 150802 0 -1.20912 0.182981 0
-61.8792 12.5231 -0.656372 2.16393 4.89097 1.68383 127804 0 1.94256 0.182614 0
-30.5682 41.8207 0.732595 1.93517 4.32485 1.68145 170490 0 1.78011 0.181922 0
-53.8477 47.582 0.326526 2.24464 5.19243 1.75438 178841 0 -1.38531 0.181194 0
-47.1159 12.6176 -0.50744 2.0993 4.77468 1.63352 127850 0 -1.32264 0.180691 0
55.1893 25.7135 1.5457 1.9821 4.44387 1.49879 147358 0 1.56004 0.179283 0
2.0338 40.2202 1.65015 2.02499 4.53924 1.57246 168252 0 1.58545 0.179124 0
19.0659 32.0492 1.51319 2.09225 4.69287 1.54079 156605 0 1.65719 0.179042 0
69.8862 11.6377 1.35947 2.07493 4.74139 1.61205 126812 0 -1.30273 0.17893 0
55.4979 25.468 1.54137 1.99143 4.47721 1.53278 146891 0 -1.53273 0.178859 0
15.1389 -4.05633 0.895564 0.845952 0.967894 1.71502 103709 0 2.61301 0.178514 1
-46.2476 15.7355 -0.417706 2.15781 4.68524 1.6674 132533 0 -1.21713 0.178465 0
-45.8322 18.1617 -0.258626 2.04167 4.5261 1.6228 135810 0 -1.26909 0.176392 0
2.66782 68.06 2.851 1.99968 4.58561 1.99374 208970 0 1.52772 0.176199 0
-0.0878143 19.0758 1.41897 0.848507 0.976555 1.67208 137357 0 1.58718 0.17612 1
-5.90888 32.0764 1.69919 2.21158 4.94303 1.6589 156527 0 -1.56981 0.175855 0
33.126 44.3308 2.00349 1.9664 4.38839 1.59873 174433 0 -1.34219 0.175451 0
32.4913 44.3446 1.97379 1.96639 4.38244 1.55951 174431 0 -1.36851 0.175318 0
26.8583 -4.95361 0.910439 0.933527 1.01143 1.67506 102341 0 -1.48785 0.175193 1
-38.927 17.172 0.0389563 1.8708 4.01489 1.76768 134428 0 1.84979 0.175066 0
37.9189 44.3273 1.82583 2.04869 4.39756 1.58352 174448 0 1.50545 0.174727 0
20.0059 46.7799 2.1589 2.04657 4.59185 1.57821 178136 0 1.52497 0.174637 0
-23.5295 22.803 0.446325 1.93657 4.29166 1.58905 142900 0 -1.49232 0.173563 0
-24.1132 25.4113 0.777097 2.05666 4.56377 1.72644 146642 0 -1.28952 0.173529 0
31.835 44.3468 1.91405 1.9524 4.37319 1.54527 174429 0 -1.43918 0.173432 0
-28.9267 9.64903 -0.191745 2.05566 4.58885 1.54877 123695 0 1.68473 0.173319 0
-34.6984 30.5829 0.39483 1.94998 4.41934 1.48211 154097 0 1.79014 0.173254 0
-7.43687 31.6003 1.79022 2.32944 5.41864 1.93842 155586 0 1.55298 0.173204 0
70.2095 10.7216 1.36725 2.06932 4.67022 1.63572 125409 0 -0.640711 0.173199 0
30.898 44.9724 2.00779 2.05149 4.6762 1.64329 175362 0 -1.48743 0.173009 0
69.0066 11.3805 1.24179 2.01972 4.53007 1.59593 126341 0 0.447702 0.17248 0
0.233963 20.8974 1.41682 0.794976 0.840485 1.65193 140166 0 -1.20303 0.172287 1
-44.7378 18.2949 -0.325724 1.98149 4.33057 1.71584 136282 0 -1.25031 0.172267 0
-28.6707 3.06528 0.130318 0.857196 0.932269 1.73175 113868 0 -1.01229 0.171986 1
5.20647 39.9557 1.76019 0.858361 0.760965 1.74198 167794 0 -0.0878742 0.17198 1
21.6055 58.3747 2.48302 1.99977 4.42812 1.65162 194989 0 1.5925 0.171968 0
53.9847 28.4309 1.67603 1.96857 4.37767 1.5259 151098 0 1.56662 0.171906 0
-40.811 12.5343 -0.492398 2.1308 4.85622 1.65858 127870 0 1.88466 0.171705 0
-24.1611 22.7683 0.478442 1.9907 4.40573 1.55784 142898 0 -1.45718 0.171451 0
-68.0753 5.31618 -0.848724 1.66615 3.36021 1.55396 117021 0 2.03289 0.17138 0
0.284775 29.2116 1.49104 2.19267 5.20557 1.6231 152334 0 1.67064 0.170755 0
52.0177 49.0972 1.87554 1.90027 4.30206 1.49801 181512 0 -1.57814 0.170636 0
-23.2525 22.5432 0.421213 1.95454 4.36456 1.60187 142433 0 -1.44536 0.170391 0
-43.3378 29.3278 -0.00223151 2.00991 4.45532 1.63068 152198 0 1.72928 0.170073 0
20.252 37.7053 1.92403 2.0185 4.42647 1.57721 164565 0 1.60718 0.169865 0
-45.9162 56.1832 0.42217 1.97382 4.35538 1.57944 191502 0 -1.32485 0.169076 0
19.3169 51.7681 2.15065 0.778103 0.720077 1.71065 185154 0 1.48467 0.169058 1
49.4594 22.2378 1.3132 2.0309 4.5667 1.56245 142192 0 1.29753 0.168789 0
39.8281 53.2952 1.83624 1.92658 4.54754 1.5296 187558 0 1.99037 0.168662 0
74.7622 5.58965 1.20011 1.93928 4.52385 1.67326 117935 0 -2.95513 0.16852 0
-39.3069 14.5875 -0.212324 1.75672 3.81412 1.48618 130683 0 1.86168 0.168476 0
39.8291 38.2729 1.68368 1.92157 4.48424 1.49571 165562 0 1.64522 0.168416 0
-34.3953 30.8282 0.421855 1.97231 4.46534 1.51582 154566 0 -1.57482 0.168254 0
69.3164 10.0776 1.46005 2.07232 4.61021 1.67507 124470 0 -0.100223 0.168169 0
45.2634 -30.2195 0.0557282 2.08725 4.69822 1.63346 65427 0 -0.198831 0.168162 0
27.4951 9.57965 1.23848 0.920204 0.995751 1.84171 123403 0 0.159404 0.168116 1
15.615 55.4054 2.12989 1.92357 4.08272 1.69442 190758 0 -1.54985 0.167907 0
68.31 35.3585 2.07163 2.08456 4.67353 1.74663 161439 0 -2.72102 0.167613 0
12.5176 26.286 1.34584 2.18932 5.3598 1.68197 148161 0 -1.5319 0.16751 0
-17.8092 38.1668 0.558088 2.13677 4.88179 1.56818 165382 0 -1.22579 0.167492 0
43.2884 57.4989 2.2958 0.772863 0.731934 1.763 193653 0 0.00205184 0.166615 1
-62.6407 7.18366 -0.843788 1.96698 4.22948 1.58815 119846 0 -1.05006 0.166125 0
44.2968 55.8591 2.2234 2.09834 4.62486 1.63011 191316 0 2.90063 0.165958 0
70.5683 11.6587 1.40073 1.99065 4.36324 1.63015 126814 0 -1.55127 0.165857 0
-46.8738 56.7399 0.628986 2.12628 4.68573 1.72867 192435 0 1.5744 0.165736 0
0.108032 19.2835 1.38814 0.886712 1.14496 1.63496 137826 0 1.56381 0.165486 1
-43.3656 55.5039 0.523753 1.97356 4.45993 1.54047 190574 0 -1.27595 0.16529 0
-67.6336 11.6323 -0.764994 2.19277 5.08286 1.67677 126382 0 -1.13669 0.165053 0
31.2961 27.5879 1.41417 1.96668 4.50567 1.49879 150091 0 1.5704 0.164724 0
11.0206 -8.0612 0.762601 0.820167 0.844005 1.60931 97612 0 2.00519 0.164651 1
-6.5118 22.9749 1.27559 1.93573 4.49242 1.46344 142953 0 -1.57514 0.164487 0
68.3175 35.0584 2.07168 2.11665 4.77826 1.77378 160971 0 -2.04641 0.164199 0
-42.9122 6.17462 -0.483033 2.07972 4.91668 1.5723 118503 0 1.85845 0.163718 0
-43.7396 23.7168 -0.031516 2.20879 4.91691 1.77002 144241 0 -1.26118 0.163494 0
-23.847 22.0225 0.435719 1.873 4.20904 1.52395 141495 0 -1.34088 0.163312 0
74.7471 4.95186 1.24621 2.04131 4.77111 1.69356 116999 0 -2.62332 0.16308 0
38.2703 38.5167 2.13471 1.97616 4.48056 1.58471 166025 0 1.64409 0.163035 0
14.7783 -3.77372 0.970597 0.859231 0.988307 1.82934 104176 0 2.16678 0.162822 1
18.6904 28.0894 1.54447 1.98553 4.46221 1.45663 150520 0 1.56097 0.162812 0
55.1266 8.05373 1.2047 1.91486 4.65187 1.49237 121618 0 1.68177 0.162354 0
-30.8961 59.3517 0.995592 1.98867 4.49407 1.55933 196229 0 0.182811 0.162028 0
-27.6196 17.8353 0.319359 2.14885 4.79101 1.83131 135399 0 1.7529 0.162012 0
-3.36372 55.8397 1.89624 1.97795 4.41404 1.53098 191167 0 -1.49482 0.162009 0
1.76743 44.2231 1.67917 2.06773 4.69281 1.56816 174335 0 1.69918 0.161911 0
69.0011 11.6577 1.27042 2.04172 4.60902 1.59223 126809 0 1.1573 0.160909 0
-53.028 47.5949 0.292632 1.67432 3.53303 1.44475 178844 0 -1.1497 0.159747 0
39.2106 44.6025 2.08185 1.9855 4.40165 1.6035 174920 0 1.59179 0.159215 0
27.6367 -5.94692 0.676279 0.623952 0.656161 0.854343 100940 0 -1.4847 0.15858 1
27.3273 -5.94836 0.669521 0.667975 0.687605 0.895974 100939 0 -1.52278 0.158518 1
53.9661 28.8574 1.73642 2.03091 4.60573 1.54922 152034 0 1.62714 0.158359 0
-52.3518 48.5116 0.288543 1.88522 4.1249 1.47116 180250 0 -0.0874076 0.158288 0
31.9159 38.6743 1.8947 1.84264 4.17141 1.52303 166005 0 -1.43371 0.157872 0
-7.13075 42.7471 1.48604 0.832809 0.78519 1.75999 171967 0 2.84213 0.157154 1
-35.3064 34.1326 0.608482 1.98782 4.42232 1.56813 159243 0 1.91943 0.156744 0
54.163 49.0889 2.17369 2.4294 5.7617 2.02784 181519 0 -1.56323 0.156731 0
-35.6698 5.86494 -0.590732 0.799317 0.890117 1.5696 118058 0 -2.64112 0.156422 1
38.0086 34.9894 1.69035 1.07361 2.09919 1.60899 160876 0 -2.41432 0.156411 0
-3.11127 68.2723 2.41941 2.23473 5.23909 1.8278 209420 0 -1.5291 0.156401 0
39.8378 53.5826 1.89995 2.04037 4.64417 1.56448 188026 0 2.43305 0.156305 0
56.1421 22.2688 1.71127 2.09021 4.66052 1.67764 142213 0 1.5574 0.156303 0
-46.5735 56.7545 0.573189 2.0168 4.37198 1.6532 192436 0 -0.408625 0.15623 0
-43.1152 58.4404 0.834103 2.28537 5.15828 1.8557 194787 0 -1.31421 0.156151 0
-26.3405 17.217 0.36419 2.08542 4.61116 1.71437 134467 0 1.72432 0.156139 0
-46.8813 -11.0343 -1.19147 1.95323 4.31233 1.54685 93219 0 -3.0693 0.156082 0
15.5815 65.0024 2.10348 2.0059 4.51982 1.62459 204798 0 -1.58115 0.156076 0
15.5606 67.1522 2.24622 1.91913 4.3155 1.68849 207606 0 -1.45495 0.156049 0
-14.5752 -14.2883 0.336971 0.785995 0.796519 1.6606 88640 0 1.07162 0.155906 1
