18.4494 11.7243 1.17628 2.13884 4.87713 1.56473 126651 0 1.63912 0.954374 0
44.3111 -6.98045 1.86105 2.94828 7.79276 3.34896 99588 0 1.64048 0.95308 0
10.7087 12.7277 1.27549 2.207 5.16349 1.89791 128031 0 -1.56211 0.945195 0
-1.82108 11.0452 1.13537 2.06208 4.54054 1.83202 125652 0 1.61273 0.939209 0
-6.81001 11.3211 0.864458 1.99403 4.59833 1.46399 126104 0 -1.48376 0.93163 0
-0.812241 17.0857 1.35071 2.09157 4.80946 1.84378 134547 0 1.63955 0.924895 0
48.5102 8.50251 1.40614 2.04962 4.74927 1.60663 122065 0 -1.50369 0.921563 0
30.9239 9.32428 1.38779 2.00623 4.48776 1.73303 123414 0 -1.46308 0.892201 0
-36.3855 -11.3458 -0.887261 2.15177 4.77122 2.02672 92784 0 0.0526678 0.890644 0
10.7081 15.8354 1.31427 2.16444 4.98071 1.84835 132711 0 -1.54805 0.887765 0
48.7419 5.69547 1.51792 2.15523 4.9478 1.82498 117854 0 -1.499 0.887411 0
-28.9482 -4.93653 -0.586689 2.0582 4.47819 1.5089 102167 0 -1.68551 0.886907 0
61.6972 -2.32986 1.58118 1.98196 4.47987 1.77314 106194 0 -0.658726 0.885225 0
30.6506 15.8845 1.48122 1.93816 4.37229 1.68992 132773 0 -1.47091 0.878548 0
17.3746 22.8283 1.60479 2.09863 4.87256 1.78972 143028 0 1.62547 0.878419 0
27.1102 9.46066 1.38319 0.942696 1.05966 1.85393 123402 0 0.143181 0.875921 1
-44.6796 -11.0715 -1.2261 2.00258 4.39831 1.69662 93226 0 0.056711 0.873407 0
17.7286 19.9691 1.33375 2.06531 4.75281 1.51557 138817 0 1.62374 0.872401 0
18.6527 15.4194 1.36719 2.24719 4.89869 1.75728 132268 0 1.61117 0.870809 0
31.1731 12.2697 1.35248 2.00808 4.75607 1.50292 127627 0 1.60926 0.867915 0
-19.652 8.04369 0.502874 2.03913 4.55176 1.52362 121384 0 1.62538 0.861669 0
-19.0151 11.5531 0.677406 2.08248 4.6124 1.77926 126534 0 1.68679 0.861369 0
17.3465 -6.8616 0.969361 0.989203 1.09614 1.80225 99504 0 1.7392 0.86082 1
-42.0969 -11.6625 -1.17624 1.97567 4.33957 1.62457 92298 0 0.0517312 0.852187 0
-60.6387 -4.69084 -1.38278 2.09098 4.59851 1.64852 102536 0 -1.48481 0.849605 0
13.3142 41.1425 1.92341 2.10417 4.83891 1.91724 169691 0 -1.51958 0.848935 0
11.4 19.3812 1.2791 1.93074 4.40758 1.49989 137861 0 -1.61846 0.848705 0
-29.6153 6.61974 -0.38864 2.11077 4.83341 1.6532 119013 0 -1.27304 0.848362 0
-18.7307 19.7395 0.730487 2.12155 4.75839 1.94107 138235 0 1.70195 0.847683 0
-20.5661 32.7081 0.955212 2.30609 5.3521 1.76655 157417 0 -1.19134 0.847355 0
-0.261711 22.9262 1.40961 2.15199 4.98328 1.70716 142973 0 -1.43169 0.843142 0
-6.54585 20.285 1.11101 2.10192 5.02632 1.44746 139209 0 -1.54039 0.841708 0
13.9109 38.1646 1.77309 2.06603 4.7311 1.62763 165481 0 -1.52433 0.83716 0
12.9924 32.4036 1.53934 2.04595 4.8415 1.48368 157054 0 -1.54569 0.829071 0
36.0998 9.0327 1.34106 1.96986 4.44947 1.56196 122962 0 1.66336 0.828696 0
11.7419 22.3091 1.47921 1.91188 4.28907 1.68767 142074 0 -1.55509 0.822499 0
-18.3717 14.0186 0.692035 2.07199 4.76098 1.83453 129812 0 1.7653 0.821749 0
-42.7842 5.95988 -0.664259 1.81314 3.93617 1.50028 118036 0 1.88933 0.817746 0
-35.5788 6.57245 -0.567203 0.83561 0.858297 1.73176 118994 0 -1.20944 0.816662 1
0.407776 31.7394 1.5764 2.11065 4.70503 1.83026 156079 0 1.65075 0.810053 0
23.9169 24.4507 1.4029 2.03771 4.4208 1.55334 145388 0 -0.039023 0.809508 0
-6.52573 17.4848 0.98894 2.065 4.78398 1.53229 134997 0 -1.51897 0.797643 0
-27.3601 14.7879 0.0351651 2.28888 5.49922 2.07257 131188 0 1.84041 0.79563 0
54.1857 5.36826 1.59448 2.02526 4.93301 1.55499 117403 0 1.63409 0.794075 0
36.6393 12.0772 1.51231 2.07913 4.84768 1.64386 127176 0 1.63204 0.793697 0
11.642 26.1806 1.36573 1.98887 4.74959 1.50404 147690 0 -1.53781 0.792572 0
13.3368 43.9804 1.72851 1.9584 4.38532 1.61513 173903 0 -1.53087 0.78993 0
-6.23525 14.4852 0.949958 2.05179 4.76971 1.52036 130786 0 -1.48527 0.783567 0
-18.4605 16.8728 0.521879 1.84102 4.21463 1.49919 134024 0 1.69079 0.777939 0
30.9061 21.6532 1.38557 1.90019 4.38941 1.41244 141198 0 -1.51649 0.776628 0
31.2606 27.451 1.59528 2.15554 4.94321 1.50481 149623 0 1.6162 0.774246 0
36.3837 15.2758 1.543 1.89844 4.34898 1.44027 131855 0 1.6982 0.770835 0
17.481 25.7374 1.66362 2.281 5.38439 1.73044 147240 0 1.59273 0.768943 0
0.192337 29.0023 1.36952 1.9706 4.53639 1.44487 151866 0 1.60434 0.767163 0
7.90565 52.3659 1.90871 2.02934 4.53917 1.53792 186054 0 -0.0384697 0.765113 0
15.5036 55.2361 2.16698 2.07973 4.70539 1.77784 190290 0 -1.44533 0.764204 0
-21.3241 29.9416 0.659222 2.042 4.53202 1.47879 153203 0 -1.26629 0.76075 0
-49.1267 4.57675 -0.709544 2.14058 4.8802 1.73594 116144 0 -1.31745 0.757966 0
-18.0971 22.9056 0.616675 1.9638 4.40234 1.55255 142917 0 1.62505 0.753611 0
-48.1536 7.20329 -0.776927 1.98011 4.44188 1.59873 119891 0 -1.28321 0.753311 0
-41.1289 11.9693 -0.583811 1.93743 4.4169 1.54398 126933 0 1.96186 0.753091 0
10.5983 -6.20425 0.918112 0.881615 0.970829 1.69272 100419 0 1.61139 0.74378 1
12.6389 29.2502 1.45406 1.96401 4.616 1.4532 152373 0 -1.55325 0.743304 0
14.2231 -3.96532 1.13964 0.916558 1.11719 1.9245 103706 0 1.73612 0.736925 1
-1.16278 14.1524 1.11547 1.94369 4.40407 1.59318 130334 0 1.69997 0.736309 0
-0.127396 26.3496 1.25905 2.00554 4.63497 1.46006 148121 0 1.64922 0.72979 0
32.1338 38.8532 1.97646 2.01753 4.49154 1.64188 166474 0 -1.49738 0.727096 0
14.5713 73.7707 2.1655 1.98156 4.47219 1.5175 217431 0 -1.54335 0.726341 0
13.5565 46.9014 1.77118 2.05075 4.74922 1.59403 178116 0 -1.50831 0.723503 0
15.2096 -4.40514 0.895989 0.885742 0.939701 1.55375 103241 0 -1.35684 0.720579 1
27.078 -4.88216 0.990861 1.05104 1.0441 1.67294 102342 0 -1.53783 0.717987 1
14.9349 58.452 2.02367 1.96851 4.42619 1.56144 194968 0 -1.41311 0.71548 0
13.9915 -4.73751 0.994481 0.919194 1.06115 1.85312 102769 0 1.80441 0.71049 1
19.0364 37.9088 1.93478 2.12134 4.77408 1.6357 165029 0 1.60815 0.702186 0
15.1614 67.6916 2.29576 2.08584 4.69276 1.81968 208541 0 -1.55315 0.701754 0
18.7063 31.8015 1.55962 2.02303 4.60369 1.43653 156136 0 1.60044 0.699511 0
-44.3496 20.3636 -0.48951 1.91799 4.23397 1.53476 139091 0 -1.23834 0.692859 0
49.0932 11.4657 1.47424 1.9894 4.56877 1.73557 126279 0 -1.54646 0.692119 0
-40.4292 14.6338 -0.455801 2.01092 4.49503 1.59728 130679 0 1.91971 0.685092 0
32.1443 35.7537 1.88561 2.13547 4.93527 1.69141 161794 0 -1.52417 0.684635 0
15.167 64.7394 2.0956 2.10735 4.80855 1.68764 204329 0 -1.512 0.684284 0
10.4885 -7.25346 0.89705 0.991199 0.971874 1.70563 99014 0 1.7284 0.676052 1
50.7007 34.9451 2.21497 2.13655 4.83033 1.66037 160916 0 -1.52431 0.674693 0
11.6705 -5.07912 0.859972 0.849697 0.921028 1.69303 102294 0 -1.44998 0.672091 1
36.3183 21.0481 1.64736 1.95195 4.51143 1.49897 140279 0 1.65019 0.67056 0
54.551 11.3035 1.76212 2.04235 4.58812 1.53101 126296 0 1.53939 0.665536 0
-38.8708 19.7605 -0.349977 1.97054 4.59887 1.54237 138172 0 1.85966 0.664536 0
31.2122 18.7646 1.35245 1.83762 4.26634 1.43184 136987 0 -1.51748 0.663618 0
-56.2326 27.3515 -0.270781 2.08267 4.59176 1.69793 149350 0 -1.1861 0.657633 0
-5.27249 40.8651 1.66697 1.98426 4.43961 1.50212 169165 0 -1.4743 0.655188 0
-46.5689 15.1411 -0.645808 2.08947 4.58392 1.66622 131596 0 -1.23652 0.649003 0
37.3257 30.1687 1.99496 2.46113 5.71117 1.97653 153854 0 -1.50034 0.64712 0
-19.3954 35.3534 0.883626 2.09792 4.63631 1.52783 161165 0 -1.15404 0.642872 0
-5.88606 26.1437 1.46355 2.05885 4.69724 1.68597 147635 0 -1.50506 0.635871 0
-61.3258 14.5711 -0.942324 2.00714 4.43097 1.73197 130614 0 -1.139 0.634626 0
-47.4945 9.8159 -0.485296 2.32646 5.20646 1.88992 123637 0 -1.21612 0.608465 0
1.10359 43.6669 1.63421 1.94792 4.40905 1.48805 173397 0 1.57885 0.606886 0
31.503 30.913 1.60879 2.11653 5.08144 1.4648 154772 0 1.59343 0.598691 0
-5.28217 44.2951 1.91315 2.10474 4.66947 1.69653 174313 0 -1.50853 0.594271 0
-28.5948 9.18449 -0.298699 2.02159 4.52701 1.55679 122760 0 -1.35755 0.589834 0
26.4681 -6.02299 0.99824 0.900742 1.01336 1.71834 100936 0 -1.60453 0.588007 1
-5.91718 31.9105 1.58228 2.19613 4.99357 1.56404 156059 0 -1.53615 0.579786 0
-19.0597 38.2527 0.630253 2.04585 4.6008 1.46638 165378 0 -1.24104 0.578546 0
49.1256 14.5346 1.64598 2.04826 4.69023 1.59968 130959 0 -1.55662 0.568997 0
37.2692 26.9527 1.6595 2.2982 5.46752 1.57308 149174 0 1.66981 0.568719 0
18.7441 40.8065 1.87317 2.02797 4.68005 1.53348 169240 0 1.61709 0.56336 0
-45.9107 18.0563 -0.448937 2.02843 4.40974 1.66721 135810 0 -1.24567 0.562436 0
54.2249 8.14194 1.54982 1.90102 4.43232 1.45881 121615 0 1.65096 0.558255 0
-39.8938 17.4176 -0.188488 1.93091 4.20839 1.73596 134893 0 1.97468 0.550153 0
14.1544 -4.68454 0.991746 0.951969 1.09512 1.88956 102770 0 1.80851 0.542122 1
-1.11302 20.0527 1.3864 2.04439 4.78033 1.63024 138758 0 1.72748 0.535454 0
1.1116 40.7554 1.56214 1.99465 4.48575 1.50398 169185 0 1.59071 0.534679 0
-31.8669 42.0625 0.751219 1.97986 4.44508 1.72742 170954 0 1.92183 0.534259 0
26.6621 -6.0294 0.97178 0.992644 1.46062 1.75442 100937 0 -1.68932 0.529251 1
-16.2694 -14.5434 0.195805 0.871714 0.924201 1.73173 88167 0 -1.77893 0.523285 1
51.9684 46.2222 2.14627 2.05709 4.69893 1.56455 177300 0 -1.40799 0.52157 0
17.7754 28.6648 1.52785 2.01839 4.75236 1.4628 151453 0 1.58219 0.521406 0
-46.8972 12.6047 -0.724696 2.00623 4.4768 1.58599 127851 0 -1.23061 0.517918 0
-32.4759 39.2595 0.455189 1.97408 4.43925 1.50607 166740 0 1.93667 0.516165 0
-43.9938 23.1651 -0.183079 1.98414 4.42808 1.59719 143304 0 -1.23279 0.513757 0
-62.2281 11.9724 -1.00995 2.00391 4.52878 1.65435 126867 0 2.02219 0.512463 0
54.3133 11.0796 1.73319 1.77248 3.9856 1.42993 125827 0 1.64337 0.51156 0
-45.9516 56.1518 0.36851 2.01453 4.39339 1.53893 191502 0 -1.28492 0.508858 0
41.1745 25.0635 1.93297 0.785174 0.78616 1.74031 146378 0 -0.111583 0.508377 1
14.2191 -3.78762 1.07734 0.902817 1.07754 1.877 104174 0 1.73885 0.507292 1
2.12128 55.5002 2.11099 2.23585 5.01216 1.79746 190716 0 1.55232 0.503347 0
-6.25043 23.1678 1.19223 1.89778 4.47249 1.4423 143422 0 -1.54353 0.501598 0
-53.9609 47.8224 0.0216056 2.05228 4.62083 1.63268 179309 0 -1.01671 0.488871 0
33.4168 56.7775 2.0629 1.94127 4.31455 1.56701 192686 0 -1.50807 0.487914 0
-44.0261 58.4342 0.622615 2.14158 4.61013 1.73126 194784 0 -1.33331 0.476461 0
41.1931 24.8791 1.90412 0.752247 0.735612 1.7241 145910 0 0.0313295 0.47421 1
28.0903 50.0263 2.04834 0.802047 0.760713 1.62626 182841 0 0.0948644 0.465336 1
-37.5959 22.2841 0.00211978 2.03366 4.5054 1.73774 141920 0 1.85572 0.456742 0
-4.31398 58.9888 2.14435 1.97884 4.49756 1.62029 195844 0 -1.53343 0.454049 0
15.197 70.5671 2.25954 2.03744 4.59208 1.64504 212753 0 -1.55109 0.451016 0
14.2394 -4.29663 1.07219 0.952038 1.14477 1.95707 103238 0 1.79577 0.447567 1
52.9646 48.805 2.31726 1.97411 4.43703 1.64659 181047 0 -1.40483 0.441813 0
-24.1781 22.5536 0.296143 1.9932 4.39321 1.59037 142430 0 -1.41081 0.43932 0
53.963 7.90729 1.50037 1.6706 3.83 1.37478 121146 0 1.66238 0.438332 0
-6.22465 32.0619 1.60328 2.37273 5.45086 1.60185 156526 0 -0.962897 0.436531 0
-35.0446 30.5768 0.0848299 1.85318 4.19377 1.49532 154096 0 1.8696 0.436038 0
14.1598 -3.07769 0.911921 0.828616 0.959557 1.68264 105110 0 1.5828 0.435902 1
-63.5289 7.15255 -1.17856 1.90511 4.12795 1.53242 119843 0 -1.1345 0.428302 0
-42.1034 9.46063 -0.576234 2.12303 4.68165 1.59122 123186 0 1.87049 0.427564 0
37.6048 44.3809 2.11692 2.01246 4.65601 1.61082 174447 0 1.52919 0.423496 0
-68.9803 5.29491 -1.15435 1.90773 4.15523 1.6525 117018 0 2.01622 0.421453 0
26.7985 -5.29684 0.892559 0.765454 0.852671 1.44119 101873 0 -1.6252 0.409145 1
-3.3709 64.821 2.26926 2.12853 4.94209 1.6994 204271 0 -1.45256 0.403245 0
13.0495 46.8856 1.774 1.73221 3.79811 1.433 178114 0 -1.50401 0.399483 0
19.6572 40.8356 2.01018 1.99654 4.48296 1.5006 169243 0 1.61971 0.387964 0
14.1314 -4.84357 0.981238 0.957656 1.04222 1.81758 102302 0 1.85742 0.38442 1
-34.4123 33.4559 0.381347 2.00765 4.49347 1.57933 158310 0 1.8944 0.383064 0
-7.18321 23.1853 1.27692 1.99459 4.5965 1.50234 143419 0 -1.57749 0.377645 0
-44.6359 58.6618 0.555321 2.41104 5.47857 1.90841 195250 0 -1.32006 0.374708 0
-67.6737 11.6596 -1.31234 2.05201 4.64168 1.60835 126382 0 -1.06696 0.372898 0
-26.744 17.7587 0.221685 2.10142 4.79332 1.77881 135402 0 1.71147 0.372828 0
-24.4637 22.2708 0.261735 1.97472 4.35993 1.561 141961 0 -1.37442 0.365013 0
51.7425 45.9961 2.14494 1.87799 4.2091 1.47598 176831 0 -1.36369 0.364455 0
4.64887 40.0392 1.77246 0.846161 0.784895 1.72592 168260 0 0.0104905 0.362998 1
-35.6769 30.8454 0.143308 1.8716 4.07225 1.46499 154562 0 1.88102 0.357993 0
-42.0816 28.6352 -0.194489 1.90396 4.21813 1.54188 151266 0 -1.32554 0.3573 0
-46.8876 52.0035 0.549349 2.12991 4.77618 1.82533 185415 0 -1.24727 0.353256 0
14.4888 -3.98634 1.05828 0.918778 1.08327 1.84406 103707 0 1.79226 0.353231 1
-62.4915 11.7165 -0.984058 2.05514 4.65097 1.68633 126398 0 2.00462 0.352317 0
14.1762 -3.27686 0.982706 0.881739 1.01668 1.75958 104642 0 1.69814 0.352234 1
53.9237 28.8984 1.93862 2.00541 4.51538 1.5657 152034 0 -1.5886 0.350641 0
-38.1912 22.3109 -0.0814909 2.05435 4.57031 1.73212 141918 0 1.8246 0.350386 0
19.6828 46.5569 2.09901 2.01535 4.43813 1.68054 177667 0 -1.60789 0.34675 0
52.674 49.0841 2.31389 1.8435 4.09109 1.54105 181514 0 -1.45988 0.345316 0
1.73797 52.6705 1.89827 1.95289 4.34728 1.62272 186503 0 1.58483 0.344625 0
26.925 -5.25426 0.9259 0.861807 0.966146 1.4784 101874 0 -1.63021 0.343287 1
62.2308 31.8606 2.26397 2.16224 4.85436 1.78214 156272 0 -3.05949 0.341465 0
31.5244 45.283 2.10487 2.0208 4.55516 1.61942 175832 0 -1.4296 0.340752 0
49.7295 14.2998 1.64776 1.94879 4.34078 1.58677 130493 0 -1.55117 0.340111 0
-47.1841 51.6829 0.496134 2.34197 5.50658 1.91926 184946 0 -1.26884 0.335094 0
-0.478859 19.1159 1.36152 0.830546 0.924059 1.69939 137356 0 1.70467 0.331127 1
-4.00035 65.0491 2.28404 2.21177 4.99499 1.77104 204737 0 -1.45141 0.329897 0
-27.679 18.063 0.246591 2.09801 4.66493 1.85529 135867 0 1.75239 0.326861 0
2.38262 61.2819 1.97013 1.96462 4.44117 1.60955 199141 0 1.50517 0.323562 0
-47.1604 12.3826 -0.741092 2.0581 4.6489 1.64603 127382 0 -1.23654 0.322882 0
53.2306 49.0706 2.3766 2.1428 4.85961 1.80649 181516 0 -1.45387 0.322152 0
53.6252 28.8907 1.90696 2.00182 4.48636 1.53033 152033 0 -2.1338 0.321745 0
0.684364 28.97 1.40973 1.6402 3.574 1.36438 151868 0 1.63237 0.321122 0
38.2176 44.581 2.18369 1.96515 4.41114 1.577 174917 0 1.56396 0.320746 0
14.9096 70.3153 2.27746 1.94046 4.3245 1.5502 212284 0 -1.52522 0.320671 0
41.3274 24.8624 1.91182 0.73684 0.704716 1.72579 145911 0 0.0604009 0.319966 1
17.3722 -6.70059 0.947096 0.933632 1.05803 1.77109 99972 0 1.73675 0.318743 1
31.8516 45.0018 2.10576 1.99426 4.51368 1.60289 175365 0 -1.42524 0.315792 0
-44.5766 23.2573 -0.15226 2.09683 4.64294 1.61294 143302 0 -1.2038 0.315177 0
33.7749 53.9114 2.04214 1.88676 4.14854 1.52381 188475 0 -1.48908 0.31461 0
10.6344 -6.05761 0.916929 0.86967 0.958305 1.68168 100887 0 1.56418 0.310382 1
14.5007 -4.33565 1.01286 0.882232 1.07846 1.83979 103239 0 2.07387 0.309647 1
-32.4225 42.3352 0.724925 2.21429 5.33712 1.85324 171420 0 1.90443 0.309469 0
-34.9924 33.5022 0.314706 1.90175 4.37209 1.55769 158308 0 1.92148 0.309147 0
37.6017 35.3463 1.82527 1.56207 3.5431 1.58779 161343 0 1.67343 0.308539 0
41.3271 25.0595 1.92949 0.757662 0.713288 1.74754 146379 0 0.207291 0.307792 1
-36.2707 31.1359 0.223922 1.98918 4.37064 1.54698 155028 0 1.87315 0.307466 0
-23.8827 22.8561 0.305276 2.0309 4.51549 1.62707 142899 0 -1.43936 0.305879 0
12.91 29.5033 1.46199 2.0198 4.76219 1.49384 152842 0 -1.56074 0.303825 0
36.6871 26.8354 1.60526 2.07581 4.8068 1.53893 148704 0 1.6706 0.302185 0
27.233 -4.74161 0.963189 0.94769 0.990038 1.62208 102811 0 -1.49397 0.30146 1
-5.85431 41.0354 1.70505 2.11155 4.74736 1.52378 169631 0 -1.51259 0.300516 0
-61.663 11.688 -1.02213 1.57572 3.38814 1.51689 126401 0 1.98907 0.299686 0
-4.33682 68.0584 2.29395 1.99057 4.62172 1.67724 208948 0 -1.45012 0.297794 0
-41.7843 28.3573 -0.180757 1.93049 4.3009 1.54577 150799 0 -1.3104 0.297415 0
-4.68247 44.1066 1.87536 2.08208 4.76014 1.76131 173847 0 -1.52495 0.295988 0
26.7341 -5.54462 0.908879 0.868881 0.963443 1.55197 101405 0 -1.59452 0.295011 1
-67.9287 11.3879 -1.24011 2.15272 4.89153 1.67355 125913 0 -1.08269 0.294664 0
53.9581 8.38654 1.55473 1.84377 4.25035 1.45731 122082 0 1.64232 0.294238 0
39.2079 54.8799 2.23865 2.02527 4.51788 1.62136 189896 0 -3.12121 0.294204 0
-27.0122 17.5 0.19028 2.1057 4.71169 1.81616 134933 0 1.72653 0.292767 0
-0.491241 19.2898 1.34608 0.899494 1.20131 1.68521 137824 0 1.68482 0.289495 1
-6.85653 22.9463 1.21295 1.86855 4.452 1.43421 142952 0 -1.58527 0.288589 0
46.5338 -27.9677 0.587849 1.99811 4.50331 1.63907 68707 0 -1.43452 0.287037 0
14.9538 -4.35429 0.93998 0.902762 1.01688 1.63569 103240 0 2.13925 0.286341 1
31.2366 35.7621 1.80625 2.1561 5.0704 1.72293 161791 0 1.60431 0.285614 0
-63.8032 6.96254 -1.13184 2.09943 4.48207 1.61224 119374 0 -1.20532 0.283926 0
37.5755 35.0387 1.81561 1.02337 1.82463 1.61696 160875 0 1.37582 0.283688 1
14.6535 64.7174 2.08219 1.84353 4.04349 1.53759 204327 0 -1.52728 0.279838 0
50.039 14.5429 1.65709 2.0229 4.60519 1.58561 130962 0 -1.56568 0.27847 0
-4.93054 68.267 2.41055 1.97096 4.45998 1.59406 209414 0 -1.4759 0.277089 0
-69.5323 5.27899 -1.13409 2.21971 5.03474 1.81703 117016 0 -1.35492 0.276537 0
41.1461 25.3599 1.82163 0.721463 0.746711 1.68873 146846 0 -3.13306 0.275877 1
37.5528 34.806 1.82336 0.919993 1.47944 1.64904 160407 0 0.82587 0.275808 1
-17.8114 22.6818 0.609822 1.78794 3.84056 1.54186 142450 0 1.62063 0.274901 0
52.6907 48.5345 2.27431 1.88009 4.18617 1.57007 180578 0 -1.35744 0.274688 0
18.3593 28.8936 1.52094 2.03092 4.81356 1.4798 151923 0 1.60043 0.274372 0
54.867 25.7514 1.61945 1.94754 4.38082 1.51862 147357 0 -1.57551 0.273438 0
2.03722 52.9286 1.87913 1.90142 4.14105 1.55319 186972 0 1.60104 0.272356 0
32.5531 56.8203 2.01856 2.02628 4.67601 1.61728 192683 0 -1.54341 0.270621 0
45.9256 -30.6034 0.395064 1.94791 4.33253 1.57673 64961 0 -1.48291 0.267732 0
37.3183 35.3649 1.80672 1.90497 4.40031 1.58367 161342 0 1.64719 0.267719 0
-42.365 28.3602 -0.217378 1.9487 4.41741 1.53433 150797 0 -1.32292 0.267536 0
-47.934 7.41406 -0.791952 1.76507 4.05064 1.54375 120360 0 -1.2208 0.267356 0
2.66251 55.2502 2.09999 2.11139 4.53952 1.63812 190250 0 1.53829 0.266421 0
-54.4892 47.8743 0.0301657 2.29819 5.59352 1.87272 179307 0 -1.07705 0.266074 0
54.5476 28.7182 1.99106 2.11067 4.81753 1.73494 151568 0 -1.54383 0.263264 0
51.4435 46.2485 2.14835 1.7637 3.89286 1.43098 177298 0 -1.39266 0.263194 0
-0.137589 25.8885 1.28434 2.0172 4.61053 1.49279 147185 0 1.59031 0.262548 0
-47.4742 51.3606 0.468049 2.26844 5.37674 1.93448 184477 0 -1.24389 0.262266 0
-30.5649 4.00957 -0.275003 1.96191 4.41453 1.56751 115266 0 -1.36253 0.260904 0
-62.9281 6.90022 -1.18588 1.90069 3.96768 1.5081 119377 0 -1.10478 0.260172 0
-4.64861 49.4766 1.78565 2.0266 4.67717 1.65618 181803 0 -1.5047 0.259748 0
14.4877 -4.62012 0.97644 0.818568 0.993892 1.76551 102771 0 2.2411 0.25947 1
15.3858 -4.39068 0.878624 0.892048 0.950054 1.47562 103242 0 -1.35598 0.258402 1
19.0451 46.2981 2.06016 1.99446 4.48008 1.64463 177197 0 1.57607 0.257524 0
51.6747 37.9157 2.04824 1.96342 4.39591 1.55464 165131 0 -1.52627 0.25729 0
1.37663 43.9295 1.6783 1.87585 4.16912 1.47894 173866 0 1.65121 0.257254 0
-46.8858 52.6191 0.555945 2.35695 5.29722 1.8905 186351 0 -1.18907 0.256219 0
50.4063 37.9285 2.01157 1.87741 4.24834 1.45635 165127 0 -1.50337 0.254763 0
-7.74031 25.4924 1.23382 0.755374 0.688692 1.63862 146693 0 0.821271 0.253442 1
15.2759 55.0033 2.13256 1.88777 4.20345 1.65813 189821 0 -1.39834 0.252769 0
14.6114 70.8145 2.21082 1.91485 4.19222 1.49215 213219 0 -1.55616 0.252419 0
10.5881 -7.39149 0.878514 0.936481 0.961845 1.66577 98547 0 1.73841 0.249418 1
-7.61392 25.4715 1.26441 0.765867 0.697302 1.65518 146694 0 -0.210811 0.248498 1
53.6471 8.15429 1.52022 1.69451 3.86422 1.38733 121613 0 1.67936 0.246638 0
30.8934 45.5439 2.09894 2.02728 4.60599 1.65075 176298 0 -1.49439 0.2466 0
33.1285 53.933 1.98581 1.89241 4.29398 1.50321 188473 0 -1.38274 0.245027 0
-46.58 12.0517 -0.671367 1.81305 3.94606 1.55128 126916 0 -1.21498 0.244855 0
39.4821 54.6016 2.16423 1.93025 4.23063 1.57534 189429 0 -3.07654 0.244625 0
-42.6767 28.6599 -0.188297 1.96875 4.48502 1.55852 151264 0 -1.33274 0.244281 0
-61.9786 12.2229 -1.05292 2.02677 4.47123 1.662 127336 0 2.06259 0.242429 0
-48.5422 4.39424 -0.787967 1.80999 3.76638 1.56111 115678 0 -1.34629 0.242388 0
52.2604 46.4843 2.15977 2.26629 5.25723 1.74743 177769 0 -1.46289 0.242106 0
2.66335 55.76 2.11971 2.15569 4.65043 1.70755 191186 0 1.62732 0.241615 0
49.4404 14.7771 1.6908 2.0907 4.76123 1.61973 131428 0 -1.56984 0.241559 0
-67.4082 11.9554 -1.36119 1.96034 4.38857 1.56518 126851 0 -1.04989 0.241079 0
-29.2516 9.4233 -0.324688 2.05563 4.5411 1.65628 123226 0 -1.3962 0.240035 0
-33.8332 33.4037 0.458211 2.12457 4.76014 1.61957 158312 0 1.87731 0.239401 0
-4.33019 49.7304 1.77658 2.02465 4.62403 1.69801 182272 0 -1.50914 0.239329 0
17.3536 -7.07146 0.983089 0.96313 1.08477 1.81171 99036 0 1.7093 0.239204 1
-35.6429 33.8067 0.323758 1.93187 4.44603 1.53183 158774 0 1.93929 0.238768 0
19.9682 46.3004 2.09238 2.10681 4.6873 1.74709 177200 0 -1.55166 0.237024 0
32.8495 56.5639 2.0245 1.97269 4.47494 1.58587 192216 0 -1.53448 0.23475 0
13.9972 -4.3489 1.01903 0.929743 1.0929 1.8888 103237 0 1.77366 0.234377 1
52.9552 49.377 2.35028 2.00037 4.47458 1.65711 181983 0 -1.48852 0.234332 0
-35.6055 6.73824 -0.544637 0.868247 0.945392 1.72928 119462 0 -1.1977 0.233617 1
37.0021 44.5793 2.0862 1.99981 4.54723 1.61606 174913 0 1.56425 0.232929 0
26.9633 -5.57765 0.862184 0.79452 0.940995 1.30144 101406 0 -1.60689 0.232767 1
28.0953 49.8946 2.08082 0.835298 0.813095 1.66923 182373 0 0.101127 0.232644 1
10.4709 -6.97649 0.85354 0.861274 0.937408 1.61926 99482 0 1.68511 0.232483 1
-39.4324 19.772 -0.418101 1.73162 3.92555 1.51528 138170 0 1.87945 0.232204 0
37.5946 35.6283 1.8244 1.97721 4.59183 1.52946 161811 0 1.65177 0.23115 0
-36.9632 22.0129 0.0292083 2.05884 4.66204 1.70199 141454 0 1.85032 0.230543 0
-34.416 30.3249 0.14363 1.91249 4.31485 1.48812 153630 0 -1.38116 0.229978 0
-5.02209 31.8388 1.53582 2.14454 5.0945 1.66035 156062 0 -1.48321 0.22932 0
2.39224 68.3748 2.85988 2.14285 4.9943 1.9281 209437 0 1.51297 0.228903 0
-24.1896 21.9783 0.235713 1.98586 4.41411 1.58974 141494 0 -1.3473 0.228477 0
19.3887 46.8101 2.1371 1.98153 4.29063 1.61907 178134 0 -1.79017 0.228371 0
0.0884857 26.6118 1.23203 1.91157 4.31472 1.43875 148590 0 1.69318 0.22701 0
19.0034 32.0532 1.58062 2.10001 4.72777 1.47974 156605 0 1.62326 0.226805 0
-34.4492 30.4986 0.13291 1.92298 4.31873 1.48423 154098 0 -1.67635 0.225536 0
-61.921 11.4425 -1.00256 1.64832 3.57907 1.53089 125932 0 2.59581 0.225516 0
32.4783 54.1932 1.96532 1.949 4.48275 1.49079 188939 0 -1.32955 0.225471 0
39.198 53.5678 1.99085 2.04436 4.66851 1.572 188024 0 2.22691 0.225172 0
2.13035 60.9972 2.00201 2.06119 4.64772 1.67187 198672 0 1.48658 0.225049 0
32.1559 44.6919 2.07102 2.00288 4.51262 1.61517 174898 0 -1.44909 0.22461 0
50.1506 34.8231 2.19554 1.94324 4.52122 1.57848 160446 0 -1.51603 0.224206 0
-16.2737 -14.3782 0.177636 0.909811 1.00461 1.73678 88635 0 -1.8672 0.222295 1
2.13707 61.557 2.06237 2.09037 4.72787 1.68593 199608 0 1.51861 0.221644 0
31.5183 30.6951 1.64095 1.88972 4.37187 1.41368 154304 0 1.59022 0.220877 0
-46.8231 56.4496 0.326563 2.15881 4.88633 1.61404 191967 0 -1.27832 0.22038 0
20.295 41.0319 2.0388 1.98332 4.39863 1.52669 169713 0 1.59007 0.220117 0
42.6993 57.3733 2.41099 0.854267 0.85544 1.80139 193651 0 -3.04289 0.219838 1
36.8923 21.1701 1.68676 2.13979 5.0829 1.56929 140749 0 1.63462 0.219567 0
-5.29636 59.0359 2.06047 1.95866 4.46315 1.62281 195841 0 1.62764 0.219256 0
62.0156 30.8552 2.28514 1.95201 4.39659 1.56558 154867 0 0.0730158 0.219238 0
10.6293 -6.95401 0.862842 0.874912 0.941278 1.66437 99483 0 1.67284 0.21891 1
-45.0175 17.7411 -0.490181 2.08891 4.60688 1.69492 135345 0 -1.20072 0.218513 0
30.5819 45.3138 2.05501 1.99272 4.53613 1.62492 175829 0 -1.52506 0.217865 0
-53.6636 48.1007 0.0147254 2.00335 4.49069 1.59571 179778 0 -0.790332 0.217579 0
38.8793 35.3642 2.03796 2.05994 4.57304 1.65653 161347 0 1.63305 0.216767 0
33.7255 57.0241 2.03705 2.04035 4.47503 1.66438 193155 0 -1.55035 0.21655 0
-47.8458 10.2908 -0.502085 2.41119 5.63277 1.98717 124572 0 -1.21904 0.215705 0
55.8199 34.1048 2.00123 2.06794 4.7612 1.7006 159528 0 1.65393 0.215482 0
19.3301 40.5988 1.98839 2.02948 4.65778 1.51513 168774 0 1.63876 0.215102 0
29.6053 50.7254 2.31947 1.96132 4.36875 1.56927 183782 0 -1.50328 0.214563 0
11.4115 -2.93519 0.84011 0.790937 0.922665 1.57942 105101 0 3.13476 0.213987 1
17.5176 28.3863 1.57022 2.01661 4.55896 1.48202 150984 0 1.5827 0.212846 0
10.4725 -6.46864 0.871968 0.867728 1.00585 1.6003 99950 0 1.62851 0.212723 1
39.196 53.3321 1.95909 1.99205 4.62365 1.54623 187556 0 1.91041 0.212468 0
-24.1385 23.135 0.351062 2.02618 4.43444 1.60327 143366 0 -1.45313 0.211749 0
-38.5492 41.7457 0.691372 1.98499 4.40487 1.63178 170465 0 -1.36628 0.211606 0
49.4383 20.3183 1.86261 2.04794 4.64165 1.59987 139384 0 -1.56733 0.211439 0
-15.5422 71.2141 2.00223 2.04201 4.71935 1.79079 213593 0 1.60812 0.211293 0
33.4595 54.1789 2.02819 1.8492 4.03262 1.49299 188942 0 -1.51935 0.20897 0
55.5333 34.3751 1.92854 1.97956 4.51212 1.63763 159995 0 1.60961 0.208929 0
-44.1041 20.5032 -0.519379 1.74649 3.68626 1.50675 139560 0 -1.21443 0.208788 0
39.4867 53.5811 2.01958 2.03269 4.62088 1.58408 188025 0 -2.59621 0.20803 0
-41.4847 28.6098 -0.131076 1.94412 4.3642 1.55795 151268 0 -1.32872 0.206988 0
0.844696 6.14942 1.5962 1.22768 1.36139 2.00225 118640 0 -1.28415 0.206941 1
-42.0728 28.0594 -0.251786 1.91668 4.29633 1.54338 150330 0 -1.31144 0.206643 0
36.9168 11.8009 1.51502 2.07965 4.75314 1.68114 126709 0 1.66213 0.206434 0
-35.607 6.36896 -0.577872 0.901118 0.940133 1.74723 118526 0 -1.21344 0.20616 1
-38.2527 41.4613 0.620607 1.99931 4.44565 1.62643 169998 0 -1.33991 0.205401 0
-47.6098 7.12569 -0.745442 1.788 4.08073 1.55157 119893 0 -1.24377 0.205235 0
37.3755 34.7867 1.81727 0.908278 1.43485 1.66412 160406 0 0.601874 0.204991 1
-3.70741 49.4613 1.76972 2.05969 4.73008 1.72741 181806 0 -1.43886 0.20483 0
8.34581 52.3462 1.91063 2.05301 4.58018 1.56927 186056 0 0.202934 0.204144 0
26.9567 -6.16959 0.880664 0.79515 1.5607 1.44952 100470 0 -1.60863 0.203508 1
54.5711 26.0143 1.66398 1.9595 4.35145 1.51296 147824 0 -1.58144 0.203022 0
-31.2883 41.9763 0.686173 2.13079 4.79072 1.74135 170956 0 1.9382 0.202866 0
50.7126 38.1813 2.06628 1.90572 4.25743 1.47417 165596 0 -1.53953 0.202855 0
32.4451 45.2241 2.12606 2.05748 4.65191 1.65584 175835 0 -1.47607 0.202754 0
-40.4627 33.0985 0.265269 1.89422 4.31513 1.51391 157823 0 -1.12397 0.202553 0
51.3645 37.6475 2.04747 1.89459 4.28534 1.5142 164662 0 -1.48738 0.201607 0
30.6176 18.9221 1.36588 1.89314 4.66396 1.45413 137453 0 -1.53498 0.201552 0
1.75888 53.2013 1.92535 2.01347 4.49653 1.64526 187439 0 1.65654 0.201471 0
-0.823624 19.7573 1.37267 1.97573 4.52408 1.66741 138291 0 1.69041 0.201436 0
52.9683 48.2276 2.28517 2.047 4.59098 1.69403 180111 0 -1.29491 0.200958 0
19.9461 37.9169 1.97031 2.19295 4.92683 1.69465 165032 0 1.60342 0.200671 0
19.3003 31.6334 1.58103 2.03071 4.54982 1.44414 155670 0 1.58924 0.199941 0
-3.98486 55.8168 1.87759 2.00677 4.52985 1.56049 191165 0 -1.56314 0.199882 0
-43.0257 28.9423 -0.106245 2.00079 4.4825 1.57773 151731 0 -1.31778 0.199618 0
-26.44 18.0121 0.239684 2.10963 4.78553 1.76391 135871 0 1.71692 0.1989 0
12.0779 29.0226 1.45931 1.79514 4.08382 1.46762 151903 0 -1.55621 0.19889 0
-67.4019 11.1137 -1.29739 1.83782 4.10672 1.52876 125447 0 -1.12068 0.198709 0
0.373535 26.1711 1.19963 1.77336 3.9373 1.37681 147655 0 1.61832 0.197954 0
26.984 -5.99386 0.865527 0.837148 1.40455 1.42513 100938 0 -1.66208 0.197842 1
-5.26515 49.7326 1.83421 2.08455 4.77708 1.69782 182269 0 -1.50759 0.197737 0
-6.53677 22.6215 1.17198 1.67525 3.83587 1.33783 142485 0 -1.57473 0.197364 0
-36.2845 34.1244 0.343031 1.94052 4.35699 1.57352 159240 0 1.96933 0.197208 0
31.5188 18.5222 1.32449 1.77889 4.14367 1.42227 136520 0 -1.49929 0.196938 0
-4.33285 58.4829 2.05681 1.83618 4.14564 1.59022 194908 0 -1.49465 0.19655 0
-25.0811 22.5401 0.293544 2.01984 4.56615 1.55109 142427 0 -1.40386 0.196312 0
48.5408 14.322 1.62747 1.95434 4.44562 1.63627 130489 0 -1.57619 0.195442 0
3.93158 -2.64047 0.767682 0.751109 0.855529 1.7509 105546 0 -1.69921 0.19522 1
-43.9971 29.2636 0.0177257 1.99184 4.47346 1.63356 152196 0 -1.39939 0.195199 0
55.1817 25.4924 1.63859 1.94572 4.42596 1.54027 146890 0 -1.60324 0.195041 0
-14.532 71.1702 2.05426 2.09945 4.8283 1.81133 213596 0 -1.56235 0.19473 0
31.5928 38.6695 1.97489 1.84846 4.08435 1.61188 166004 0 -1.49474 0.194611 0
-4.0382 59.2491 2.17884 2.15581 4.95272 1.72492 196313 0 -1.55283 0.194295 0
67.6846 34.727 2.44239 2.16051 4.87028 1.86142 160501 0 0.115361 0.193973 0
1.40115 41.0444 1.59301 1.96711 4.36084 1.50737 169654 0 1.59815 0.19373 0
-44.5852 20.1387 -0.511736 2.10818 4.70018 1.62227 138622 0 -1.24978 0.193467 0
-43.687 28.9905 -0.0475045 1.96853 4.35105 1.57957 151729 0 -1.36433 0.192989 0
33.4718 53.6674 2.01494 1.87849 4.24278 1.52829 188006 0 -1.3843 0.192924 0
46.8183 -27.704 0.627133 2.19702 5.06522 1.77148 69176 0 -1.52691 0.192054 0
-37.9352 41.751 0.625558 1.97861 4.37051 1.61246 170467 0 -1.32108 0.191802 0
-42.357 -15.4866 -1.41258 0.743529 0.758314 1.51097 86681 0 -1.36126 0.191714 1
-46.9604 9.53715 -0.478733 2.08226 4.39492 1.6484 123171 0 -1.17773 0.191538 0
27.257 9.63689 1.3031 0.836348 0.997032 1.65651 123871 0 0.139933 0.191485 1
30.9038 21.4047 1.39951 1.7228 4.01623 1.37651 140730 0 -1.48405 0.190969 0
31.8117 45.5132 2.15089 2.00305 4.49375 1.62793 176301 0 -1.4755 0.190946 0
1.00642 6.0043 1.53003 1.15321 1.30696 2.00114 118173 0 0.771301 0.190927 1
-27.3906 18.329 0.288068 2.09895 4.67815 1.83258 136336 0 1.72817 0.190068 0
37.8848 35.0781 1.86717 1.43924 3.00787 1.64303 160876 0 1.55267 0.190058 0
31.5538 39.0898 1.99654 2.09674 4.71473 1.65222 166940 0 -1.50144 0.189889 0
30.8904 45.0001 2.03282 1.9971 4.58094 1.61482 175362 0 -1.47756 0.18986 0
18.444 46.5276 2.059 1.98166 4.59082 1.58175 177663 0 1.59521 0.189636 0
-49.6571 4.38433 -0.795499 2.37381 5.80424 1.93303 115674 0 -1.367 0.189386 0
54.0194 11.3207 1.73456 1.70142 3.6491 1.42113 126294 0 1.57381 0.189187 0
53.9367 25.7651 1.61794 1.96696 4.42835 1.47887 147354 0 -1.57378 0.189109 0
-19.935 38.5397 0.744277 2.10702 4.6651 1.49178 165843 0 -1.26135 0.189052 0
26.8392 -4.99306 0.985962 0.980873 1.08733 1.68183 102341 0 -1.53173 0.188949 1
42.9986 55.4788 2.22971 0.816808 0.778644 1.6522 190844 0 -2.68119 0.188855 1
-6.23873 49.748 1.8199 2.12906 4.84434 1.79435 182266 0 1.662 0.188708 0
-45.6086 23.805 -0.0587223 2.21684 4.77421 1.66159 144235 0 -1.2131 0.188654 0
2.09749 54.9675 2.07404 2.23055 4.96478 1.78617 189780 0 1.51618 0.188298 0
1.51696 55.2282 2.24543 2.32955 5.45937 1.97231 190246 0 1.52714 0.188284 0
1.46964 68.3305 2.86048 2.34325 5.50182 2.01689 209434 0 1.50772 0.188165 0
-61.6168 11.4115 -1.04055 1.61754 3.52791 1.56647 125933 0 -1.26961 0.18815 0
18.3526 28.3935 1.56484 2.05655 4.69569 1.46574 150987 0 1.57839 0.188056 0
4.63794 54.8389 2.0134 0.843395 0.924572 1.62261 189788 0 3.05822 0.187412 1
36.8543 15.4168 1.54252 2.18855 5.36482 1.5845 132325 0 1.66373 0.187028 0
54.7871 10.8216 1.74769 2.07265 4.84804 1.5924 125361 0 1.67218 0.186879 0
31.8815 35.4755 1.85618 1.88069 4.33402 1.64994 161325 0 -1.50473 0.186239 0
15.1841 64.2803 2.08463 2.07681 4.79803 1.66402 203393 0 -1.40121 0.186121 0
-46.6122 51.3912 0.555721 1.9815 4.45768 1.75595 184480 0 -1.31038 0.186097 0
68.3811 1.80866 1.11443 0.724502 0.802348 1.45849 112299 0 1.97998 0.186072 1
19.072 46.8042 2.12529 1.94312 4.22827 1.58855 178133 0 1.65965 0.186016 0
38.9394 54.6096 2.13833 1.95853 4.27894 1.58345 189427 0 3.04065 0.185703 0
-47.4819 12.8796 -0.754857 2.22969 5.00371 1.65942 128317 0 -1.22285 0.185565 0
1.10289 40.2734 1.60038 1.98646 4.42707 1.51429 168249 0 1.56816 0.185117 0
-46.588 52.9238 0.560295 2.34906 5.21984 1.82602 186820 0 -1.07018 0.184946 0
53.3484 28.7333 1.89154 2.03989 4.59656 1.53978 151564 0 1.55778 0.184856 0
31.8536 44.3486 2.05995 1.98218 4.45316 1.58623 174429 0 -1.47055 0.184811 0
-46.0261 15.1165 -0.75911 2.04984 4.54376 1.67184 131598 0 -1.21481 0.184668 0
51.3232 47.5351 2.22297 2.15189 4.75028 1.71561 179170 0 -2.85075 0.184401 0
15.4019 58.6323 2.0864 2.24116 5.2319 1.76665 195438 0 -1.46028 0.184297 0
-42.9916 9.71407 -0.572076 2.09612 4.59037 1.60272 123651 0 1.90697 0.183966 0
2.37757 60.6903 1.9581 1.97455 4.37947 1.62223 198205 0 1.46545 0.183729 0
-4.32334 49.1675 1.76542 2.03389 4.60716 1.65073 181336 0 -1.45821 0.182694 0
-46.976 9.99707 -0.495012 2.09386 4.64846 1.7206 124107 0 -1.18383 0.182222 0
14.0316 -3.74919 1.01632 0.909441 1.09847 1.85267 104173 0 1.7075 0.182027 1
-26.4229 17.1826 0.242489 2.08646 4.68889 1.76081 134467 0 1.65559 0.18172 0
44.9652 -28.9705 0.595613 1.9765 4.33281 1.59513 67298 0 -3.10996 0.181665 0
38.5745 35.6434 2.05897 2.04577 4.54472 1.61928 161814 0 1.59824 0.181086 0
38.8413 44.3812 2.18763 1.98968 4.44067 1.6143 174451 0 1.59321 0.178466 0
-21.8453 29.6966 0.651267 2.21229 5.04779 1.59327 152733 0 -1.29339 0.178166 0
-46.2715 14.6725 -0.708482 1.90457 4.21345 1.59036 130661 0 -1.23941 0.177739 0
-38.8583 41.4621 0.709351 2.00495 4.4661 1.63601 169996 0 -1.4007 0.177683 0
14.4905 -3.73713 1.04269 0.898311 1.03114 1.8081 104175 0 1.7676 0.177612 1
49.1406 20.0412 1.82942 1.97279 4.4236 1.53703 138915 0 -1.57195 0.175717 0
53.9718 5.08871 1.61319 1.81896 4.42143 1.52103 116934 0 1.69053 0.175574 0
-3.64614 64.5679 2.27472 2.08501 4.71156 1.68677 203802 0 -1.44832 0.175114 0
-34.0549 17.1135 -0.514247 2.00448 4.46579 1.56808 134443 0 1.92784 0.174936 0
3.6981 56.803 2.25714 2.17703 4.74199 1.82254 192593 0 -3.12063 0.174419 0
14.8662 -4.03097 0.926335 0.794718 0.904673 1.50075 103708 0 1.79278 0.173787 1
13.8224 44.2215 1.7355 2.1923 5.0372 1.80232 174373 0 -1.56065 0.173776 0
-16.3786 -14.3683 0.190344 0.915389 1.23162 1.7397 88634 0 -2.25659 0.173699 1
-3.75533 58.7955 2.07759 2.09448 5.10037 1.75698 195378 0 -1.50694 0.173489 0
18.057 29.198 1.53125 1.92994 4.48508 1.47928 152390 0 1.62443 0.173453 0
27.1023 9.25767 1.37813 0.970304 1.05913 1.85516 122934 0 0.166968 0.173343 1
31.858 54.2326 1.91242 1.93398 4.39604 1.50561 188937 0 -1.44739 0.172938 0
-40.8937 12.214 -0.578901 1.94679 4.32277 1.50942 127402 0 2.00042 0.17263 0
55.1722 28.9027 2.06745 2.04478 4.58699 1.77757 152038 0 -1.58151 0.172437 0
-25.4155 22.5573 0.293159 2.03089 4.60199 1.54282 142426 0 1.40188 0.172301 0
31.7656 18.9193 1.31443 1.90251 4.43561 1.48802 137457 0 -1.54191 0.172184 0
-18.623 23.1205 0.623676 2.19715 5.18759 1.65091 143383 0 1.68262 0.171957 0
-6.84319 26.1611 1.42558 2.13849 5.00554 1.70419 147632 0 1.17013 0.171841 0
73.8611 5.57105 1.32985 0.891621 0.860963 1.75803 117932 0 -1.43197 0.171728 1
-47.1442 15.436 -0.602351 2.33615 5.25633 1.72017 132062 0 -1.2192 0.171614 0
15.4331 58.1823 2.08867 2.23597 5.30939 1.75878 194502 0 -1.36663 0.171334 0
2.40463 61.8478 2.05997 2.02744 4.54759 1.62709 200077 0 1.53675 0.171151 0
18.1734 31.6099 1.54846 1.95339 4.47449 1.47673 155666 0 1.58743 0.17109 0
10.1689 -7.49268 0.897004 0.820458 0.865275 1.64432 98545 0 1.8305 0.170465 1
30.9178 38.9122 1.94019 1.96149 4.46712 1.63596 166470 0 -1.39619 0.170427 0
60.9671 25.1435 1.77986 2.02324 4.44433 1.60783 146440 0 3.12221 0.170331 0
45.6671 -30.8523 0.40283 1.87932 4.18092 1.52049 64492 0 -1.40671 0.170091 0
38.2018 26.7752 1.67042 2.14023 4.97705 1.58935 148709 0 -1.32809 0.169976 0
14.3072 70.5775 2.20731 1.93082 4.30916 1.50387 212750 0 -1.52343 0.169905 0
38.2461 35.0876 1.91938 2.10737 4.89684 1.69139 160877 0 1.63917 0.169857 0
-64.1237 7.45937 -1.13921 2.13109 4.81709 1.6284 120309 0 -1.13272 0.169765 0
15.1859 -4.07155 0.839132 0.785719 0.861761 1.36425 103709 0 -1.71214 0.169735 1
-39.8776 14.3566 -0.385592 1.89014 4.14974 1.53978 130213 0 1.89467 0.169688 0
-4.72698 41.0303 1.63723 2.18533 4.93417 1.60434 169635 0 -1.52142 0.169517 0
7.62675 52.095 1.84291 1.90922 4.20656 1.48121 185585 0 -0.195114 0.169427 0
13.8082 43.7733 1.74196 2.1993 5.15086 1.81343 173437 0 -1.49556 0.169355 0
-6.80606 32.0992 1.61061 2.26393 5.12396 1.68283 156524 0 1.62943 0.1688 0
-5.59425 49.4795 1.85724 2.04525 4.64309 1.69879 181800 0 1.60282 0.16861 0
29.9163 6.53542 1.27907 0.811893 1.03259 1.77485 119199 0 1.81124 0.168039 1
32.1737 53.9738 1.84957 1.92572 4.41562 1.48321 188470 0 -1.45719 0.167812 0
-38.5422 41.1615 0.649731 2.02247 4.49673 1.63314 169529 0 -1.33787 0.167787 0
49.1373 14.0206 1.60747 1.86174 4.23115 1.54809 130023 0 -1.55349 0.167611 0
15.1136 73.9821 2.36308 2.30418 5.45244 1.84054 217901 0 -1.62925 0.167469 0
1.4646 52.3942 1.9627 2.09991 4.7174 1.73202 186034 0 1.55578 0.167019 0
-24.7473 22.8044 0.311879 2.04224 4.52244 1.57653 142896 0 -1.43938 0.166679 0
-36.5547 -11.8936 -0.922897 2.52024 5.92751 2.18447 91847 0 0.0427711 0.166157 0
-38.3421 19.895 -0.257067 2.17473 4.91752 1.61252 138642 0 1.82138 0.166071 0
-4.89696 58.7866 2.09192 1.81842 4.14293 1.58319 195374 0 -1.50648 0.166008 0
39.1994 35.0636 2.00614 2.04635 4.56062 1.67948 160880 0 1.67082 0.165541 0
43.3672 25.1055 1.96061 2.09822 4.74511 1.79252 146385 0 -1.49296 0.165351 0
-33.1137 39.7425 0.453864 2.13871 4.82881 1.63473 167674 0 1.95331 0.165282 0
11.7127 26.5856 1.37922 2.04772 4.90201 1.63312 148626 0 -1.57398 0.165204 0
-4.58839 64.875 2.34922 2.17708 4.96265 1.81571 204267 0 -1.49777 0.164972 0
49.7822 38.2016 2.02296 1.96988 4.43091 1.50357 165593 0 -1.50355 0.164867 0
2.72582 58.4082 2.06668 2.14478 4.77553 1.72502 194930 0 1.57542 0.164803 0
67.6741 35.666 2.5578 2.15018 4.88625 1.82461 161905 0 0.0288538 0.164638 0
39.2101 53.888 2.02382 2.04715 4.59502 1.59234 188492 0 2.79296 0.16456 0
-33.7716 17.4347 -0.487415 2.0283 4.53216 1.56654 134912 0 1.96109 0.164452 0
42.7114 57.2135 2.42246 0.909463 0.993728 1.8119 193183 0 -3.05457 0.164032 1
-47.4666 52.2946 0.497587 2.38145 5.70076 1.97552 185881 0 -1.16772 0.164028 0
54.8049 11.577 1.81573 2.27178 5.272 1.69903 126765 0 1.50338 0.16399 0
31.8431 44.0255 2.05566 1.95704 4.31257 1.57448 173961 0 -1.47998 0.163093 0
31.2184 44.6706 2.04128 1.98879 4.52987 1.61529 174895 0 -1.45748 0.163043 0
48.4839 20.3494 1.76289 1.96973 4.40228 1.49994 139381 0 1.32793 0.162933 0
-1.70151 20.2574 1.3392 2.03692 4.7707 1.61941 139224 0 1.70932 0.162925 0
-53.9477 47.304 -0.0121981 1.8936 4.25445 1.56061 178373 0 -1.12556 0.16253 0
-39.9299 14.7697 -0.390047 2.12913 4.65481 1.63531 131149 0 1.92586 0.162516 0
