44.3299 -6.94914 1.82504 2.98421 7.92313 3.24692 99588 0 1.64271 0.963233 0
18.3852 11.723 1.19994 2.14192 4.89483 1.54443 126651 0 1.63948 0.94974 0
-6.82726 11.3289 0.909064 1.99994 4.52924 1.50785 126104 0 -1.48 0.938068 0
10.6729 12.7251 1.26408 2.22835 5.24352 1.88664 128031 0 -1.58257 0.935285 0
-1.87058 11.0363 1.17169 2.02505 4.50479 1.84312 125652 0 1.60803 0.926736 0
-0.866859 17.0745 1.33316 2.10123 4.79632 1.82055 134547 0 1.61929 0.915916 0
48.5196 5.66979 1.47533 2.05676 4.68275 1.78456 117853 0 -1.45137 0.914 0
48.4353 8.49467 1.43845 2.03592 4.74202 1.63795 122065 0 -1.47883 0.909957 0
30.6199 15.8997 1.45262 1.95218 4.42292 1.71282 132773 0 -1.47765 0.907658 0
36.0723 9.05046 1.36564 1.98335 4.41279 1.54569 122962 0 1.67049 0.885681 0
-20.609 32.7143 0.948688 2.36067 5.39542 1.78148 157417 0 -1.19352 0.885388 0
-18.7297 19.7589 0.775452 2.11407 4.69448 1.94391 138235 0 1.7111 0.880669 0
-36.3999 -11.3677 -0.941841 2.15371 4.79889 2.03007 92784 0 0.0490006 0.874867 0
10.6802 15.8394 1.31836 2.18622 5.07263 1.85294 132711 0 -1.5222 0.874196 0
-19.0581 11.5546 0.648614 2.07947 4.59254 1.76634 126534 0 1.70139 0.866508 0
13.2738 41.1426 1.96445 2.16302 4.98695 1.85756 169691 0 -1.52167 0.864774 0
61.9267 -2.61063 1.51765 2.05469 4.65972 1.77002 105727 0 -0.667366 0.861337 0
-6.54599 20.2738 1.09198 2.10624 4.99999 1.44558 139209 0 -1.53616 0.860313 0
-44.6941 -11.0991 -1.27952 2.02397 4.38278 1.69574 93226 0 0.0408306 0.857981 0
-42.1048 -11.6635 -1.23853 1.98562 4.35143 1.66514 92298 0 0.0469939 0.857834 0
17.3736 22.8255 1.62351 2.11308 4.9023 1.74511 143028 0 1.6411 0.857289 0
18.6488 15.4173 1.36741 2.24968 5.00893 1.72242 132268 0 1.60389 0.857263 0
11.7157 22.2816 1.49362 1.93962 4.39079 1.69235 142074 0 -1.51909 0.856747 0
-60.335 -4.75118 -1.27961 2.09886 4.65077 1.60343 102537 0 -1.50151 0.85582 0
-0.43647 22.9122 1.41946 2.15312 5.07286 1.74286 142972 0 -1.47948 0.854102 0
-19.6599 7.9706 0.502423 1.95917 4.49952 1.5386 120916 0 1.61733 0.851913 0
-29.8783 6.62652 -0.363869 2.15396 4.96004 1.6191 119012 0 -1.27963 0.851764 0
-42.7608 5.89391 -0.689574 1.80135 3.84441 1.51649 118036 0 1.87733 0.849237 0
30.9474 12.2899 1.34517 1.91138 4.36886 1.47376 127626 0 1.61137 0.848482 0
-18.3841 14.0011 0.691585 2.06462 4.68593 1.82459 129812 0 1.76498 0.843218 0
11.3735 19.4331 1.20886 1.97544 4.5656 1.50766 137861 0 -1.5902 0.840635 0
27.0148 9.35769 1.36109 0.890445 0.926396 1.77817 123402 0 0.0359592 0.840136 1
17.6977 19.9998 1.34248 2.05706 4.80099 1.49205 138817 0 1.64389 0.840076 0
30.8553 9.31926 1.39617 1.98102 4.4264 1.71117 123414 0 -1.47369 0.839207 0
-6.53398 17.4737 0.988178 2.07405 4.79897 1.53657 134997 0 -1.51857 0.835259 0
-6.25542 14.4842 0.93942 2.09784 4.81979 1.53317 130786 0 -1.49301 0.834892 0
-28.3877 -4.86376 -0.60035 2.06168 4.44798 1.49998 102169 0 -1.71238 0.831522 0
17.1693 -6.86286 0.963909 0.981264 1.08029 1.78436 99503 0 1.70135 0.828706 1
36.3697 15.2264 1.53948 1.95949 4.49621 1.45325 131855 0 1.69986 0.823731 0
49.0788 11.6588 1.57628 2.02854 4.58415 1.75954 126747 0 -1.48715 0.821211 0
12.95 32.393 1.54619 2.09739 4.95409 1.49736 157054 0 -1.53199 0.82016 0
10.3773 -7.21188 0.903972 0.93679 0.918187 1.67459 99014 0 -1.35949 0.811009 1
53.9765 5.34865 1.65894 1.98066 4.76782 1.64086 117402 0 1.6125 0.81081 0
23.8476 24.1139 1.41209 2.03737 4.41138 1.56445 144920 0 -0.0439287 0.810788 0
0.168983 31.7415 1.72623 2.1979 4.98245 1.89339 156078 0 1.61787 0.809221 0
13.6703 38.1401 1.82807 1.98071 4.38211 1.62971 165480 0 -1.54159 0.80851 0
11.6361 26.1603 1.40519 2.02854 4.80226 1.54515 147690 0 -1.51977 0.807846 0
0.141052 28.9809 1.38221 1.92017 4.36003 1.43648 151866 0 1.60837 0.803101 0
17.4626 25.7462 1.67152 2.30163 5.48904 1.70586 147240 0 1.62522 0.788577 0
-18.4612 16.8683 0.51861 1.81469 4.10962 1.46594 134024 0 1.71683 0.786861 0
10.3677 -6.161 0.937005 0.934207 0.955743 1.73469 100418 0 -1.46892 0.780071 1
30.879 18.785 1.3225 1.89791 4.52798 1.4216 136986 0 -1.51992 0.763698 0
36.5989 12.241 1.52225 2.06989 4.87682 1.65591 127644 0 1.63695 0.756714 0
11.6048 -5.2057 0.854235 0.82511 0.902108 1.6843 101826 0 -1.51448 0.751832 1
-21.3034 29.9779 0.608289 2.0258 4.43047 1.48865 153203 0 -1.25565 0.750684 0
-27.6532 14.7992 0.0295246 2.22181 5.06569 1.98502 131187 0 1.82437 0.749941 0
-41.1294 11.703 -0.541017 1.74976 3.96412 1.45906 126465 0 1.87447 0.742552 0
30.8793 21.661 1.41387 1.91469 4.45483 1.40977 141198 0 -1.53996 0.737586 0
-1.17641 14.0219 1.09137 1.85699 4.17122 1.56188 129866 0 1.65383 0.734753 0
-18.112 22.9315 0.623024 2.02066 4.54717 1.53954 142917 0 1.65324 0.733109 0
27.1272 -4.88245 1.01288 1.03063 1.0355 1.69217 102342 0 -1.47436 0.731283 1
-35.5541 6.48524 -0.565359 0.81678 0.872165 1.71078 118994 0 -1.22958 0.730852 1
-0.129562 26.1502 1.27711 1.99557 4.59717 1.45327 147653 0 1.59878 0.723439 0
13.3216 43.9692 1.81657 2.00327 4.49378 1.59614 173903 0 -1.5282 0.717711 0
15.2391 55.2709 2.25715 1.98728 4.43492 1.70296 190289 0 -1.47095 0.717083 0
13.9639 -4.74573 0.995401 0.934554 1.05552 1.82822 102769 0 -1.26769 0.715584 1
15.145 67.6833 2.30414 2.10459 4.73094 1.79049 208541 0 -1.56357 0.713484 0
13.3032 46.9066 1.79923 1.94596 4.41499 1.5274 178115 0 -1.54461 0.713128 0
14.551 73.7579 2.24373 2.00934 4.5629 1.5921 217431 0 -1.5171 0.710693 0
19.0117 37.9201 1.97695 2.04853 4.62533 1.54323 165029 0 1.60184 0.710652 0
-47.9135 7.1236 -0.79218 1.96806 4.36045 1.6014 119892 0 -1.28076 0.710141 0
-61.5513 14.5705 -0.968847 2.05794 4.70559 1.63474 130613 0 -1.21503 0.710075 0
-44.5966 20.5395 -0.485137 2.06036 4.72095 1.58784 139558 0 -1.24591 0.709378 0
14.9176 64.7868 2.06055 2.03236 4.60636 1.5816 204328 0 -1.57145 0.707196 0
7.86893 51.7535 1.89164 2.00308 4.40352 1.55696 185118 0 0.0181622 0.70519 0
12.6195 29.2453 1.48066 1.98581 4.63079 1.49469 152373 0 -1.48314 0.704967 0
1.06799 43.7058 1.65662 1.94715 4.40876 1.47846 173397 0 1.57466 0.703236 0
31.1864 27.4177 1.56509 2.11433 4.95056 1.46465 149623 0 1.61222 0.67583 0
-49.096 4.3907 -0.889745 2.1274 4.73093 1.62517 115676 0 -1.35687 0.67543 0
14.8958 58.4414 2.00188 1.9961 4.55638 1.55073 194968 0 -1.42478 0.673047 0
-28.6059 9.12328 -0.320077 2.0144 4.46264 1.5366 122760 0 -1.33807 0.672893 0
15.1364 -4.42661 0.887635 0.842488 0.924329 1.4898 103241 0 2.44427 0.672347 1
-40.1948 14.5075 -0.46776 1.97341 4.36904 1.54551 130680 0 1.82428 0.670514 0
14.1655 -3.97468 1.12737 0.907306 1.04332 1.90323 103706 0 1.71393 0.670399 1
31.8578 38.8569 2.05874 1.97035 4.40612 1.65535 166473 0 -1.48147 0.66818 0
54.5284 11.3001 1.8227 2.03823 4.61043 1.60311 126296 0 1.5653 0.655161 0
18.4225 31.8034 1.56089 2.00819 4.52301 1.46594 156135 0 1.61272 0.643744 0
-39.229 19.9048 -0.394241 2.04815 4.58455 1.55169 138639 0 1.9088 0.634359 0
-5.57882 40.8708 1.67532 2.01428 4.54313 1.46765 169164 0 -1.53532 0.63079 0
31.5215 35.7354 1.92053 2.00756 4.5829 1.64827 161792 0 1.64011 0.630619 0
-5.30033 44.2679 1.94028 2.0292 4.52525 1.6636 174313 0 -1.51371 0.62259 0
50.4494 34.8167 2.14533 1.92591 4.40319 1.52754 160447 0 -1.52616 0.617386 0
-19.6659 35.4109 0.927686 2.09372 4.67382 1.52954 161164 0 -1.10132 0.600549 0
-40.1413 17.165 -0.324417 2.01116 4.34414 1.77393 134424 0 1.8887 0.595394 0
-5.60782 26.1398 1.4401 2.18095 5.05124 1.71536 147636 0 -1.53536 0.592238 0
-53.9334 47.851 0.0615231 2.01711 4.49446 1.54657 179309 0 -1.1022 0.590079 0
36.3352 21.0372 1.69689 1.97735 4.6184 1.52762 140279 0 1.63121 0.585054 0
18.7425 40.7865 1.96128 2.01279 4.68217 1.48206 169240 0 1.57838 0.580833 0
-44.0152 23.148 -0.270758 1.95132 4.40358 1.67375 143304 0 -1.21245 0.580716 0
17.7539 28.6796 1.50824 2.02073 4.71918 1.45697 151453 0 1.61061 0.575393 0
36.6498 18.1261 1.57358 1.99713 4.53707 1.49397 136068 0 1.64394 0.569669 0
-19.0504 38.2843 0.662296 2.03019 4.604 1.47699 165378 0 -1.11831 0.569055 0
31.5196 30.9335 1.62656 2.0625 4.99512 1.41304 154772 0 1.63072 0.561409 0
-47.2397 9.75924 -0.636745 2.09272 4.62766 1.6501 123638 0 -1.25763 0.557142 0
-46.2746 14.9033 -0.645792 2.00715 4.31509 1.60885 131129 0 -1.23246 0.551987 0
-1.09374 20.0654 1.39664 2.07498 4.89794 1.65617 138758 0 1.69175 0.550908 0
37.2682 30.1871 2.05608 2.48673 5.92429 1.96304 153854 0 -1.47517 0.546392 0
-32.1447 42.1169 0.748315 1.96164 4.53245 1.70181 170953 0 1.92078 0.537013 0
-5.95182 31.9157 1.58402 2.20673 5.11048 1.60427 156059 0 1.5852 0.529229 0
18.7095 43.3941 2.14516 2.01765 4.54788 1.52059 172984 0 1.5675 0.526755 0
26.714 -6.02232 1.06042 0.975687 1.5065 1.74547 100937 0 -1.46637 0.522346 1
53.9606 8.19604 1.46543 1.88215 4.38512 1.47195 121614 0 1.64081 0.510813 0
36.9503 26.9628 1.71013 2.12855 4.96075 1.52224 149173 0 1.64284 0.503264 0
26.7479 -6.13673 1.06591 0.901232 1.74796 1.8096 100469 0 -1.5227 0.499486 1
-6.2434 22.938 1.17068 1.83119 4.30418 1.39733 142954 0 -1.57914 0.495265 0
-56.2017 27.3232 -0.26426 1.99029 4.4874 1.61039 149350 0 -1.18647 0.488624 0
-37.6009 22.2618 0.00871588 2.02839 4.52998 1.80103 141920 0 1.8202 0.479862 0
41.1189 25.0945 1.85443 0.798194 0.818632 1.75111 146378 0 0.000578985 0.478543 1
-4.33921 58.9936 2.15129 1.97179 4.51423 1.59618 195844 0 -1.52937 0.472955 0
50.0747 14.585 1.81303 2.08218 4.60929 1.73656 130962 0 -1.54827 0.471811 0
-68.9728 5.57968 -1.2542 1.97274 4.42987 1.60839 117486 0 -1.31663 0.470442 0
-35.9972 30.5382 -0.00247493 1.95555 4.34023 1.56256 154093 0 1.76651 0.469644 0
28.0269 50.132 2.10957 0.797039 0.767737 1.60299 182841 0 -3.13163 0.460368 1
-46.2427 56.0921 0.311961 2.10483 4.58146 1.52349 191501 0 -1.27605 0.457683 0
26.4815 -6.00586 1.07067 0.872256 0.931778 1.61957 100936 0 -1.46496 0.456637 1
2.08171 55.5101 2.25188 2.22595 4.97789 1.90674 190716 0 1.54784 0.454139 0
27.245 -4.75758 1.0123 0.93282 0.986198 1.66379 102811 0 -1.46271 0.43472 1
-61.9425 11.9609 -0.980589 1.79804 3.95561 1.506 126868 0 1.97843 0.434615 0
-46.908 12.3434 -0.730871 1.80156 3.99856 1.56788 127383 0 -1.24328 0.434171 0
-44.63 58.4393 0.634887 2.19438 4.92848 1.8596 194782 0 -1.34007 0.433927 0
-6.55105 23.1589 1.19015 1.97253 4.59594 1.45513 143421 0 -1.56925 0.427061 0
26.9471 -5.27453 0.96701 0.830613 0.930061 1.42118 101874 0 -1.48443 0.426068 1
-32.5025 39.1649 0.430353 1.99612 4.43305 1.52924 166740 0 1.95512 0.425106 0
-42.1047 9.42666 -0.60727 2.06623 4.60732 1.54402 123186 0 1.84461 0.418088 0
-45.6179 18.0555 -0.516929 2.00734 4.52619 1.6495 135811 0 -1.22934 0.417609 0
14.8976 70.5337 2.27019 1.99193 4.47054 1.58136 212752 0 -1.55172 0.414606 0
-38.2207 22.5172 -0.0180405 2.0679 4.6176 1.8043 142386 0 1.8164 0.410897 0
-47.1919 51.7135 0.456329 2.20061 4.97739 1.90745 184946 0 -1.23635 0.409877 0
-24.4896 22.2426 0.298878 1.96045 4.2556 1.56364 141961 0 -1.41437 0.403272 0
-63.5034 7.17706 -1.13185 1.93398 4.22375 1.53796 119843 0 -1.12047 0.399631 0
37.6005 26.796 1.71625 2.04245 4.74052 1.49207 148707 0 -1.50099 0.399046 0
-35.3844 30.5094 -0.00424811 1.86118 4.18909 1.524 154095 0 1.88791 0.397898 0
33.1129 56.8222 2.05938 1.91731 4.28403 1.51804 192685 0 -1.57887 0.385171 0
19.0481 46.5335 2.22476 1.97954 4.36284 1.57843 177665 0 1.50796 0.378676 0
-4.64577 49.4728 1.85342 1.99202 4.61096 1.57436 181803 0 -1.51471 0.378374 0
37.9205 35.3827 1.77605 2.08897 4.90815 1.59646 161344 0 1.62461 0.377318 0
-3.37273 64.8135 2.26933 2.09777 4.84223 1.61441 204271 0 -1.49837 0.376522 0
-35.4752 6.38491 -0.589562 0.842656 0.900897 1.7292 118527 0 -1.2045 0.369067 1
37.6003 44.5798 2.14001 2.15523 4.90669 1.6927 174915 0 1.58074 0.368365 0
-4.6302 68.0615 2.34654 1.90002 4.33668 1.58178 208947 0 -1.41157 0.367933 0
10.3768 -7.38002 0.908066 0.91766 0.941465 1.66741 98546 0 -1.35756 0.367812 1
-46.9257 51.9859 0.478413 2.06184 4.5863 1.82996 185415 0 -1.22479 0.367308 0
14.1314 -4.71494 0.98527 0.945251 1.06482 1.82411 102770 0 -1.48325 0.365927 1
61.9748 30.8766 2.32919 1.99614 4.3143 1.69272 154867 0 0.0672297 0.36585 0
62.2204 31.8258 2.29115 2.23253 5.07008 1.82486 156272 0 -3.0488 0.365348 0
-62.204 11.7243 -0.955118 1.8662 4.2129 1.54797 126399 0 -1.33214 0.362349 0
-48.5323 4.38666 -0.938852 1.8181 3.84031 1.50981 115678 0 -1.33464 0.360871 0
26.833 -5.30919 0.951739 0.715948 0.777467 1.29968 101873 0 -1.49319 0.357868 1
-27.0486 18.0514 0.227406 2.06348 4.5643 1.6897 135869 0 1.71762 0.356873 0
-4.59518 58.7673 2.11611 1.75901 4.08538 1.52352 195375 0 -1.51053 0.356718 0
1.44543 52.644 1.86137 2.00253 4.54683 1.62251 186502 0 1.55149 0.354367 0
14.1705 -3.77638 1.09328 0.867728 0.994631 1.85234 104174 0 1.7074 0.353437 1
60.6388 24.807 1.70883 2.05646 4.56167 1.64012 145971 0 3.10196 0.352916 0
37.2389 18.33 1.53857 1.99358 4.5975 1.48716 136538 0 1.62474 0.34743 0
-5.59425 28.9563 1.33252 2.01015 4.78508 1.52801 151848 0 -1.50055 0.346573 0
-42.075 28.6513 -0.239047 1.97868 4.39258 1.61769 151266 0 -1.29991 0.345178 0
14.9933 -4.41317 0.913306 0.850842 0.962306 1.50929 103240 0 -1.63646 0.342919 1
19.0012 31.6088 1.60533 2.06559 4.6814 1.47554 155669 0 1.5892 0.33829 0
-33.105 39.4795 0.471282 2.06606 4.60105 1.60636 167206 0 1.95539 0.338068 0
-24.1755 22.5173 0.317203 1.99758 4.36276 1.58162 142430 0 -1.42503 0.336753 0
38.8822 35.3721 1.96969 2.10851 4.72046 1.6596 161347 0 1.65975 0.336378 0
-26.7441 17.7755 0.225757 2.04281 4.66799 1.67926 135402 0 1.69647 0.33448 0
19.666 40.8284 2.09693 1.94912 4.3437 1.44997 169243 0 1.56913 0.334244 0
54.5672 28.9412 2.00738 2.0324 4.4119 1.72189 152036 0 -1.65062 0.333097 0
14.1297 -4.85057 0.991221 0.976476 1.04129 1.79166 102302 0 -1.78746 0.32658 1
30.879 44.9984 1.99737 1.9343 4.46636 1.55801 175362 0 -1.54932 0.322956 0
49.1598 14.5591 1.75917 2.06056 4.65155 1.70769 130959 0 -1.53195 0.322229 0
26.9766 -6.02402 0.999567 0.8996 1.65575 1.66708 100938 0 -1.51006 0.321305 1
-67.6788 11.3592 -1.19846 2.00678 4.46144 1.56204 125914 0 -1.18276 0.319436 0
4.59647 40.0404 1.79903 0.860828 0.78215 1.74321 168260 0 -0.0165992 0.319234 1
-36.2738 30.2811 0.00930128 2.01392 4.52941 1.59275 153624 0 1.63462 0.315478 0
19.3234 46.2912 2.21924 2.01704 4.43156 1.5975 177198 0 1.52612 0.312261 0
27.3595 -5.96067 0.886887 0.724467 0.753498 1.20358 100939 0 -1.53086 0.307473 1
-4.34259 49.7226 1.86508 2.02223 4.57523 1.61147 182272 0 -1.53923 0.306921 0
51.3253 47.1878 2.27984 2.1122 4.61543 1.68891 178702 0 0.591896 0.305543 0
54.1992 7.93276 1.479 1.84935 4.43465 1.49808 121147 0 1.62783 0.30427 0
-69.2273 5.34281 -1.27167 2.04849 4.59609 1.63196 117017 0 -1.36027 0.304059 0
28.026 50.2713 2.12048 0.830927 0.80824 1.63774 183309 0 -3.10501 0.304015 1
-40.8959 11.8931 -0.529163 1.73555 3.73884 1.45016 126934 0 1.91477 0.303832 0
51.6676 37.6291 2.1785 1.98714 4.44407 1.5837 164663 0 -1.55022 0.301837 0
-35.0658 30.2626 0.0508102 1.84725 4.25144 1.51223 153628 0 1.7396 0.301756 0
-0.519753 19.0888 1.36527 0.778348 0.870357 1.68437 137356 0 1.61045 0.300191 1
55.5214 34.3802 1.96804 2.03365 4.68572 1.63538 159995 0 1.64528 0.299963 0
52.9635 48.801 2.44236 2.00475 4.48616 1.69041 181047 0 -1.38584 0.298952 0
31.1816 45.2388 2.04063 1.9851 4.49784 1.57691 175831 0 -1.56298 0.298331 0
36.9232 21.1687 1.74938 2.06565 4.77921 1.56839 140749 0 -1.50214 0.297941 0
-68.6985 5.32011 -1.27379 1.70561 3.72995 1.46617 117019 0 -1.31683 0.297532 0
41.1349 24.9069 1.82614 0.782987 0.982926 1.75677 145910 0 0.0423598 0.297527 1
26.969 -5.57529 0.941646 0.846304 1.20824 1.42041 101406 0 -1.48559 0.29685 1
-45.8603 17.8249 -0.53468 2.01953 4.54743 1.67215 135342 0 -1.23948 0.29647 0
32.1545 35.8885 1.96997 2.25897 5.22686 1.72486 162262 0 -1.47843 0.296386 0
54.5636 14.2461 1.71431 2.01704 4.57105 1.56351 130508 0 1.54703 0.296074 0
26.7838 -5.55707 0.993185 0.852407 0.93075 1.42345 101405 0 -1.50164 0.295711 1
14.6142 70.2993 2.25531 1.90529 4.20619 1.53091 212283 0 -1.528 0.294565 0
14.1799 -4.26913 1.03124 0.900613 1.06925 1.88792 103238 0 1.63842 0.293808 1
-47.4854 12.6045 -0.715947 2.04627 4.70503 1.58756 127849 0 -1.25067 0.291678 0
38.5606 44.5986 2.1676 1.98105 4.34047 1.61934 174918 0 1.57767 0.291307 0
-5.23474 68.2686 2.41905 2.03427 4.63786 1.61181 209413 0 -1.47527 0.290355 0
53.6164 28.8946 1.95824 2.04718 4.59938 1.60517 152033 0 2.39939 0.290302 0
-41.3971 11.4604 -0.564842 1.89845 4.31893 1.52462 125996 0 1.86477 0.290241 0
-5.58391 59.0648 2.0657 1.94569 4.46208 1.62944 195840 0 1.64234 0.290168 0
18.711 32.0715 1.61718 2.058 4.6237 1.47434 156604 0 1.63445 0.289143 0
-42.7076 28.9467 -0.210633 1.99262 4.41884 1.64333 151732 0 -1.31625 0.288309 0
33.7494 53.9415 2.0536 1.93732 4.27679 1.53653 188475 0 -1.51355 0.287912 0
-60.3185 17.109 -0.664034 2.01557 4.49352 1.66661 134361 0 -1.07511 0.28771 0
38.226 44.3884 2.12649 1.96119 4.43948 1.61573 174449 0 1.61801 0.286776 0
1.72723 52.8937 1.84446 1.9556 4.36 1.57501 186971 0 1.56072 0.285739 0
-27.0377 17.4844 0.194028 2.05953 4.64258 1.69484 134933 0 1.72028 0.282482 0
-22.5752 -9.39597 0.449393 0.814265 0.890696 1.73573 95635 0 2.07112 0.281343 1
1.34714 43.9264 1.67839 1.81303 3.99175 1.44847 173866 0 1.65043 0.281065 0
19.3522 46.8148 2.25991 2.07341 4.5925 1.62046 178134 0 1.45925 0.280664 0
10.2302 -7.20988 0.906769 0.915328 0.962939 1.70222 99013 0 -1.37095 0.279896 1
60.8944 24.1652 1.74314 2.03957 4.63577 1.62178 145036 0 3.06003 0.277953 0
51.9954 40.5254 2.095 2.05046 4.74643 1.66058 168876 0 -1.54844 0.275554 0
18.1133 43.6003 2.06997 1.96429 4.41755 1.48592 173450 0 1.56314 0.275364 0
17.4793 28.4019 1.5397 2.00853 4.62645 1.46403 150984 0 1.60742 0.274926 0
-27.6527 17.7819 0.17917 2.07478 4.60167 1.75808 135399 0 1.73151 0.274658 0
54.5586 14.8709 1.75301 1.99474 4.58763 1.57155 131444 0 1.54332 0.274358 0
-5.30032 40.5812 1.64351 1.9876 4.48713 1.46716 168697 0 -1.50084 0.272387 0
51.6883 46.2501 2.20697 2.02726 4.51171 1.60328 177299 0 -1.44604 0.27036 0
21.2758 55.1927 2.31527 2.02638 4.43883 1.62554 190308 0 1.55446 0.269428 0
53.6077 28.7145 1.91347 2.02335 4.52195 1.60604 151565 0 -1.79344 0.268462 0
51.0444 37.8707 2.19758 1.97214 4.39596 1.53913 165129 0 -1.5565 0.268171 0
18.349 28.6754 1.52675 2.06027 4.84243 1.46513 151455 0 -1.37857 0.267236 0
-39.741 19.9387 -0.469625 1.89345 4.24407 1.52539 138637 0 1.92756 0.266371 0
1.47228 55.7508 2.33333 2.34935 5.57049 2.00617 191182 0 -1.53452 0.265484 0
-4.00849 65.03 2.30572 2.10361 4.60152 1.67923 204737 0 -1.4735 0.265139 0
54.2546 14.5628 1.65705 2.03338 4.70085 1.54259 130975 0 1.55439 0.264446 0
51.6732 40.7877 2.13039 2.0493 4.69976 1.69601 169343 0 -1.57203 0.264414 0
49.771 14.3302 1.79425 2.04248 4.48574 1.73929 130493 0 -1.52228 0.264159 0
51.6666 46.5641 2.2406 2.07612 4.63745 1.65318 177767 0 -1.14641 0.2641 0
39.1956 53.5555 2.05987 2.00491 4.56854 1.55133 188024 0 1.77579 0.263321 0
-5.91076 29.2533 1.37727 2.01259 4.73131 1.54119 152315 0 -1.51718 0.263191 0
15.7421 55.4389 2.32366 2.29174 5.34983 1.89627 190759 0 -1.52088 0.26278 0
1.4857 55.2688 2.28706 2.2415 5.23874 1.92309 190246 0 -1.65057 0.262627 0
-47.494 52.2761 0.423654 2.3634 5.75933 2.02497 185881 0 -1.18815 0.262575 0
-16.4055 -14.5488 0.294608 0.872773 1.69773 1.74896 88166 0 1.93005 0.260724 2
-44.3206 28.9856 -0.0477286 2.02334 4.46083 1.64583 151727 0 -1.29475 0.260368 0
-60.6222 17.131 -0.683536 2.07991 4.62203 1.67902 134360 0 0.885657 0.260337 0
54.2533 13.9546 1.6869 1.97784 4.44077 1.55275 130039 0 1.60159 0.259436 0
51.6367 46.8827 2.28294 2.16652 4.77911 1.7139 178235 0 0.0181639 0.258946 0
15.1764 70.8024 2.27776 2.1117 4.77973 1.68886 213221 0 -1.57598 0.258734 0
-7.4763 23.1727 1.23416 2.01227 4.61727 1.51124 143418 0 -1.59321 0.257822 0
-69.2387 5.83687 -1.22808 2.15602 4.95908 1.72497 117953 0 -1.10419 0.257703 0
31.5021 44.9856 2.03162 1.96277 4.48648 1.52992 175364 0 -1.46056 0.257501 0
-45.2806 17.5171 -0.605963 2.03725 4.68084 1.73433 134876 0 -1.2111 0.25618 0
-5.87132 44.0941 1.88313 2.12232 4.89293 1.72321 173843 0 -1.5514 0.256107 0
-67.056 12.3071 -1.22544 1.90426 4.20595 1.54558 127320 0 -1.17315 0.255055 0
-14.5377 71.1593 2.017 2.04869 4.65185 1.74712 213596 0 -1.55185 0.25474 0
17.1442 -7.07574 0.974964 0.939935 1.04539 1.77718 99035 0 1.65476 0.253332 1
0.371552 26.1595 1.21749 1.68468 3.74038 1.3525 147655 0 1.58777 0.253272 0
32.4731 44.6486 2.03625 1.97638 4.39031 1.57683 174899 0 -1.48929 0.25286 0
60.4084 24.5159 1.66668 1.96149 4.37854 1.5847 145502 0 2.90922 0.252718 0
52.6663 49.0985 2.43203 1.83481 4.07848 1.57792 181514 0 -1.42349 0.252345 0
27.6176 -5.9455 0.819728 0.612579 0.602981 0.979762 100940 0 -1.44464 0.251962 1
17.1705 -6.6922 0.945653 0.931698 1.04961 1.77474 99971 0 1.705 0.251741 1
50.7401 37.6479 2.16319 1.8885 4.30835 1.46961 164660 0 -1.55202 0.25125 0
51.35 46.5887 2.24102 1.89543 4.12701 1.54078 177766 0 0.673351 0.249266 0
-31.5569 41.8258 0.715317 1.85116 4.03679 1.61377 170487 0 1.9114 0.248814 0
-60.3026 16.8479 -0.701351 2.00687 4.4724 1.6854 133893 0 0.00296955 0.24879 0
-44.3115 29.2501 -0.0403416 2.06181 4.57194 1.67543 152195 0 1.42705 0.248276 0
-67.3522 12.0028 -1.25014 1.93145 4.31667 1.53387 126851 0 -1.1814 0.248224 0
13.9833 73.5276 2.11967 1.69055 3.83731 1.43471 216961 0 -1.50752 0.2474 0
-62.9577 7.14323 -1.19247 1.77853 3.78869 1.46164 119845 0 -1.20517 0.246494 0
12.3761 29.5109 1.49715 1.85376 4.16566 1.4602 152840 0 -1.47251 0.246222 0
50.9668 34.9676 2.10551 2.2364 5.24687 1.75279 160917 0 -1.53366 0.246132 0
-67.3679 11.6636 -1.25805 1.85819 4.15184 1.50491 126383 0 -1.19396 0.245662 0
-16.2718 -14.5716 0.243963 0.873432 1.30843 1.7009 88167 0 -2.77879 0.245511 1
-43.7087 58.1627 0.609386 2.14908 4.80824 1.78794 194317 0 -1.32222 0.245304 0
-20.0363 35.8887 0.966553 2.10127 4.68428 1.54071 162099 0 -1.09198 0.244944 0
18.4251 43.1234 2.07964 1.93841 4.38417 1.46685 172515 0 1.60115 0.244863 0
39.1731 35.6349 1.98996 2.10369 4.69706 1.65921 161816 0 1.64343 0.243816 0
0.842484 67.6132 2.83742 0.83327 0.77577 1.79077 208496 0 -3.09441 0.242993 1
-5.0377 41.0273 1.66515 2.12466 4.78918 1.54529 169634 0 -1.57306 0.24203 0
-41.7925 28.3502 -0.221145 1.9747 4.36985 1.59525 150799 0 -1.27981 0.24202 0
-35.7442 5.28735 -0.691942 0.798497 0.822716 1.58613 117122 0 -0.663032 0.240796 1
60.8982 25.0885 1.75788 2.13647 4.78321 1.72605 146440 0 3.12968 0.240419 0
-47.4861 51.4123 0.419495 2.39238 5.73932 2.02491 184477 0 -1.23131 0.240067 0
37.555 21.0165 1.76722 2.00147 4.55596 1.56619 140283 0 -1.50256 0.240005 0
-35.9365 5.28559 -0.695938 0.813396 0.862516 1.64542 117121 0 -0.75807 0.239649 1
-43.0342 28.6549 -0.192974 2.03252 4.5774 1.61733 151263 0 -1.28002 0.23957 0
-56.7393 27.623 -0.267237 2.23825 5.44365 1.7915 149816 0 -1.19241 0.23874 0
15.4493 70.3035 2.31532 2.20242 5.07056 1.80688 212286 0 -1.5413 0.238714 0
39.5074 54.8831 2.28479 2.00903 4.50263 1.62864 189897 0 -3.07804 0.238264 0
19.3078 43.6018 2.20671 2.02537 4.52335 1.59347 173454 0 1.52064 0.238008 0
49.7664 20.9477 1.81113 2.07095 4.57258 1.63222 140321 0 -1.80238 0.237291 0
13.308 43.4675 1.84655 1.99927 4.50046 1.63803 172967 0 -1.49123 0.23659 0
31.8434 54.2408 1.99594 1.92492 4.43119 1.5154 188937 0 -1.51853 0.235759 0
12.0741 29.0285 1.46998 1.78618 4.00615 1.463 151903 0 -1.51857 0.234302 0
-5.25644 49.7149 1.9107 2.13243 4.90243 1.70435 182269 0 -1.52771 0.23381 0
30.304 21.8098 1.38315 2.09992 4.89964 1.47678 141664 0 -1.5362 0.233706 0
-41.8096 28.918 -0.171242 1.96684 4.35178 1.60737 151735 0 -1.32361 0.233474 0
51.0347 40.5217 2.21644 2.1336 4.86556 1.73123 168873 0 -1.571 0.233116 0
48.8512 14.3107 1.65897 1.96064 4.28014 1.63898 130490 0 -1.53767 0.232533 0
54.4957 8.40289 1.51001 2.05759 4.97479 1.57067 122084 0 1.61594 0.232519 0
-43.3529 28.9634 -0.164586 2.09431 4.58796 1.6463 151730 0 -1.31129 0.232213 0
-24.7589 21.9831 0.314408 1.96294 4.38691 1.55212 141492 0 -1.38892 0.231585 0
-6.81638 32.0839 1.62366 2.24466 5.20801 1.66708 156524 0 1.60973 0.231238 0
-4.94209 49.1803 1.89258 1.97694 4.53441 1.57117 181334 0 -1.4742 0.230778 0
37.3161 35.6245 1.7138 2.02807 4.73746 1.50928 161810 0 1.65561 0.230488 0
-44.0283 29.2593 -0.0623742 1.99763 4.37378 1.646 152196 0 1.75899 0.230301 0
10.5788 -7.19793 0.914084 0.974023 0.951206 1.67678 99015 0 -1.39173 0.230111 1
54.8899 28.7224 1.99799 2.00065 4.33619 1.7145 151569 0 -1.58571 0.2301 0
28.1988 50.1212 2.10933 0.828402 0.829235 1.61627 182842 0 -3.07391 0.229685 1
33.4517 54.1746 2.05335 1.89226 4.14026 1.51926 188942 0 -1.55353 0.228533 0
37.9264 35.1073 1.78969 2.11392 4.94897 1.63435 160876 0 1.21208 0.228186 0
14.6316 58.1798 1.93682 1.81446 4.12033 1.47543 194499 0 -1.38914 0.228054 0
23.8405 24.7301 1.38843 2.11375 4.86926 1.58811 145856 0 0.0850507 0.227852 0
52.6628 48.4986 2.39644 1.88448 4.16099 1.60799 180578 0 -1.22977 0.227216 0
-27.3631 18.3439 0.259231 2.08829 4.63729 1.75509 136336 0 1.71461 0.227096 0
-42.3903 28.352 -0.258037 1.99799 4.4533 1.60785 150797 0 -1.28792 0.226989 0
51.6243 47.1811 2.26572 2.24629 5.0065 1.78457 178703 0 0.380771 0.224617 0
-44.8796 -11.5627 -1.27168 2.31109 5.37552 1.88969 92289 0 0.0844777 0.224588 0
30.9107 38.921 2.00769 1.94288 4.43425 1.6288 166470 0 -1.41941 0.22431 0
19.3161 40.5838 2.06994 2.01976 4.60124 1.45365 168774 0 1.60446 0.224215 0
-35.9912 30.0046 -0.0010955 1.93823 4.27707 1.51838 153157 0 1.52913 0.224124 0
-36.9919 22.0179 0.00882 2.04991 4.70257 1.80319 141454 0 1.81473 0.22374 0
53.2317 49.0895 2.51339 2.17313 4.90864 1.8537 181516 0 -1.52013 0.223369 0
20.9872 54.9097 2.28579 1.9636 4.34896 1.58595 189839 0 1.62418 0.221699 0
-47.1592 12.1108 -0.759988 1.92713 4.32669 1.61471 126914 0 -1.26641 0.221223 0
-40.7264 14.3063 -0.54257 1.89909 4.3284 1.53213 130210 0 1.88021 0.22064 0
-0.820869 19.7676 1.38473 2.00547 4.67266 1.66896 138291 0 1.64878 0.219244 0
26.8668 9.38751 1.36404 0.877848 0.89558 1.79027 123401 0 0.0593391 0.218558 1
-35.7053 30.8141 -0.00426462 1.94653 4.28008 1.575 154562 0 1.98715 0.218364 0
11.1589 26.1199 1.40755 1.71271 3.7115 1.49152 147688 0 -1.5355 0.217317 0
-15.8409 71.2059 1.98321 2.02766 4.61181 1.76755 213592 0 1.61567 0.217219 0
38.5683 35.1042 1.94545 2.15905 4.96028 1.69779 160878 0 1.62757 0.216287 0
-34.404 33.4538 0.274714 1.95214 4.37842 1.61042 158310 0 1.73333 0.21606 0
18.4249 46.2928 2.13166 1.91148 4.28107 1.56513 177195 0 1.52698 0.215853 0
33.7203 57.0492 2.10233 2.06324 4.58741 1.66893 193155 0 -1.62407 0.215426 0
-6.5567 26.1485 1.46361 2.10165 4.85181 1.67811 147633 0 1.60523 0.215112 0
51.0665 47.4503 2.32324 2.06404 4.53702 1.65694 179169 0 0.459178 0.21499 0
-60.0253 17.389 -0.647786 2.01631 4.47637 1.67274 134830 0 -1.18318 0.214532 0
-42.6925 9.67204 -0.556115 1.94719 4.27168 1.52719 123652 0 1.83787 0.213842 0
-63.2312 7.44228 -1.20758 1.8177 3.93085 1.49437 120312 0 -1.21504 0.213813 0
52.6118 40.7779 2.15391 2.06926 4.64685 1.6782 169346 0 -1.56595 0.213793 0
-54.4641 47.896 0.0820726 2.25082 5.47477 1.74831 179307 0 -1.16276 0.212951 0
31.829 30.6701 1.66798 1.76381 3.95477 1.29345 154305 0 1.63406 0.212515 0
-5.8784 28.7151 1.42492 1.94537 4.38879 1.5137 151379 0 -1.51395 0.212379 0
36.3618 17.8693 1.55099 1.96399 4.49705 1.48745 135599 0 1.65536 0.212298 0
32.8034 56.5581 2.04078 1.91638 4.3762 1.50148 192216 0 -1.66869 0.21229 0
1.71632 52.386 1.77265 1.95777 4.42844 1.58757 186035 0 1.585 0.211468 0
55.4475 28.9524 2.03663 2.16003 4.97107 1.84434 152039 0 -1.61208 0.211239 0
14.6587 67.4658 2.33043 1.78728 3.85319 1.65644 208071 0 -1.5595 0.21121 0
10.4001 -6.98849 0.874601 0.918395 0.951635 1.69807 99482 0 -1.3654 0.211206 1
49.4792 14.8101 1.86169 2.08151 4.6241 1.71051 131428 0 -1.54343 0.21065 0
20.9789 55.4808 2.32703 1.96776 4.33003 1.57495 190775 0 1.56796 0.210497 0
30.3388 18.9307 1.35623 1.82296 4.24652 1.42474 137452 0 -1.56234 0.209406 0
54.0405 11.3189 1.72876 1.70342 3.71357 1.45378 126294 0 1.5898 0.209116 0
60.3561 25.3624 1.73104 2.17338 4.9624 1.73979 146906 0 2.99084 0.208826 0
14.8914 58.9417 2.04557 2.08363 4.66392 1.63443 195904 0 -1.56908 0.208768 0
-4.59933 64.8695 2.37303 2.00953 4.48665 1.71863 204267 0 -1.47234 0.208256 0
51.9574 46.5418 2.24544 2.24962 5.11892 1.79352 177768 0 -1.48231 0.207509 0
-61.9413 11.4431 -0.994262 1.7141 3.77476 1.46092 125932 0 -1.45182 0.206859 0
54.8639 15.1809 1.80202 1.99546 4.48253 1.61441 131913 0 1.5227 0.206781 0
-25.0813 22.4776 0.345682 2.03643 4.5095 1.55472 142427 0 -1.41365 0.206473 0
10.3729 -6.48462 0.893654 0.85976 1.01401 1.67144 99950 0 -1.42973 0.20613 1
-63.7803 6.95928 -1.1165 2.12265 4.59741 1.63877 119374 0 -1.17371 0.205887 0
-60.9476 17.4355 -0.647975 2.08018 4.64738 1.64911 134827 0 1.46481 0.205714 0
8.3765 51.7108 1.90823 2.01571 4.47147 1.58457 185120 0 0.300525 0.205646 0
54.5548 10.8372 1.76881 1.95859 4.42863 1.56411 125360 0 1.63927 0.205466 0
50.4041 40.7695 2.34171 2.12642 4.83655 1.74378 169339 0 1.56592 0.205459 0
31.449 27.135 1.56202 2.07901 4.98294 1.47857 149156 0 1.62152 0.204943 0
41.1189 25.3498 1.80471 0.796244 0.871567 1.7497 146846 0 -0.0124493 0.204622 1
30.2719 45.2509 2.13171 2.10671 4.82891 1.69935 175828 0 -1.57312 0.20442 0
14.8979 70.0127 2.26829 1.92515 4.26171 1.57714 211816 0 -1.51828 0.203726 0
-47.2078 52.5753 0.448613 2.37782 5.53751 1.96298 186350 0 -1.1844 0.20372 0
74.4125 7.54218 1.72422 1.90848 4.19863 1.57889 120742 0 3.03695 0.203333 0
39.805 53.5431 2.15645 1.98453 4.50978 1.55883 188026 0 1.76515 0.203157 0
-3.71615 49.4638 1.85634 2.04211 4.70662 1.63532 181806 0 -1.4596 0.202778 0
-47.1963 12.8604 -0.68123 2.03042 4.66836 1.6018 128318 0 -1.22994 0.202204 0
-44.104 20.5347 -0.582443 1.896 4.05466 1.54702 139560 0 -1.23866 0.20212 0
36.6972 30.036 2.10832 2.09977 4.87485 1.82298 153384 0 -1.46928 0.202075 0
17.7588 29.1995 1.49684 1.91542 4.42226 1.48233 152389 0 1.62683 0.20185 0
31.179 44.6805 1.95864 1.95357 4.42353 1.53555 174895 0 -1.49559 0.201818 0
43.3389 25.1059 1.85964 2.15518 4.85672 1.83064 146385 0 -1.52164 0.201793 0
51.9666 45.9403 2.18339 2.17919 4.95275 1.75016 176832 0 -1.31014 0.201711 0
-34.72 33.7298 0.346153 1.97118 4.45418 1.61397 158777 0 1.8206 0.201183 0
1.08061 44.2095 1.66184 2.04257 4.65832 1.5287 174333 0 1.6643 0.201044 0
-6.26262 22.647 1.13806 1.67802 3.81286 1.33173 142486 0 -1.57421 0.200396 0
-0.141167 26.6037 1.30272 2.0074 4.65216 1.47153 148589 0 1.66805 0.200392 0
-46.6487 12.5744 -0.708064 1.75603 3.85121 1.54913 127852 0 -1.23986 0.20039 0
-48.3832 7.00145 -0.800039 2.26156 5.01177 1.70099 119422 0 -1.31875 0.199904 0
13.0339 46.6737 1.78255 1.74561 3.88338 1.45301 177646 0 -1.47496 0.199879 0
-4.3514 58.4856 2.03187 1.82891 4.22662 1.54652 194908 0 -1.47925 0.199771 0
37.5928 44.0501 2.09884 2.13853 4.85884 1.7332 173979 0 1.0516 0.199426 0
14.1582 -3.28781 0.982244 0.822965 0.944214 1.70526 104642 0 1.72546 0.199289 1
-42.0742 28.0461 -0.266995 1.94346 4.31611 1.6027 150330 0 -1.26221 0.197982 0
-26.698 22.841 0.339152 2.0566 4.64147 1.55064 142890 0 1.78411 0.197684 0
32.1787 44.3524 2.04136 1.98946 4.39634 1.57534 174430 0 -1.45158 0.197598 0
-67.9468 11.0948 -1.1568 2.17948 4.88083 1.62908 125445 0 -1.20405 0.197451 0
32.8068 53.976 1.98862 1.84451 4.22038 1.47914 188472 0 -1.4437 0.19729 0
49.1325 20.642 1.78335 2.10267 4.64233 1.6208 139851 0 -1.71013 0.19718 0
54.2996 11.5652 1.80946 1.96708 4.33279 1.55968 126763 0 1.49742 0.19703 0
-60.5996 16.8597 -0.698721 2.05429 4.49778 1.69844 133892 0 1.68413 0.196458 0
-34.0827 33.1421 0.270209 1.99261 4.43451 1.55057 157843 0 1.85951 0.196378 0
19.6157 43.3702 2.19794 2.01494 4.53116 1.61942 172987 0 1.54555 0.195383 0
52.9542 49.3895 2.49326 2.02718 4.51916 1.70132 181983 0 -1.47786 0.195247 0
42.762 55.2638 2.30533 0.753919 0.713326 1.58275 190375 0 -2.82185 0.194794 1
46.5491 -27.9838 0.681956 2.0216 4.5154 1.75313 68707 0 -1.42456 0.194624 0
51.3702 46.2628 2.20113 1.84043 4.01494 1.49106 177298 0 -1.0857 0.194489 0
-47.1487 56.2437 0.222078 1.93373 4.43411 1.54134 191498 0 -1.28931 0.194186 0
50.0971 37.8991 2.09571 1.90553 4.32451 1.49194 165126 0 -1.55884 0.193688 0
48.4795 20.6347 1.72106 2.0369 4.60309 1.58936 139849 0 1.57973 0.19366 0
-30.5867 4.25906 -0.396333 1.94686 4.41823 1.57199 115734 0 -1.29893 0.193647 0
37.5924 35.0775 1.75673 1.89634 4.09473 1.59453 160875 0 -1.61937 0.193442 0
36.0769 18.3233 1.47389 1.99515 4.65956 1.51071 136534 0 1.64996 0.192359 0
27.3498 -5.67075 0.88791 0.777699 0.894554 1.20668 101407 0 -1.45977 0.192239 1
52.9526 40.4888 2.19333 2.08899 4.6825 1.6762 168879 0 -1.51897 0.192079 0
-43.0451 29.2385 -0.160098 2.08072 4.56829 1.65252 152199 0 -1.34841 0.19206 0
20.2935 41.0308 2.13355 1.95818 4.3362 1.50047 169713 0 1.52934 0.191987 0
-60.9209 17.1581 -0.679141 2.10037 4.62349 1.66821 134359 0 1.75879 0.191832 0
-6.25501 23.3944 1.23587 2.00723 4.60846 1.46504 143890 0 -1.52815 0.19153 0
54.8739 22.8922 1.79403 2.05204 4.66473 1.72791 143145 0 2.92718 0.191434 0
-47.1402 15.1745 -0.603972 2.26354 4.98322 1.68347 131594 0 -1.21081 0.191316 0
-5.88606 44.5387 1.92369 2.28866 5.28686 1.76254 174779 0 -1.48147 0.19127 0
-58.0538 22.229 -0.418466 2.05899 4.68568 1.62115 141856 0 -1.04218 0.19092 0
43.0793 24.8105 1.87612 2.03547 4.50691 1.74861 145916 0 -1.47985 0.190709 0
-57.7816 22.2325 -0.456593 1.99078 4.46048 1.57289 141857 0 0.197777 0.190609 0
-43.6696 28.6624 -0.110342 2.02362 4.46851 1.62456 151261 0 -1.29566 0.190168 0
32.5372 57.0163 2.08752 2.01849 4.66465 1.54302 193151 0 -1.53806 0.189947 0
40.9349 25.1031 1.84162 0.84133 0.829395 1.76884 146377 0 0.0544188 0.189676 1
-0.534439 19.3088 1.35488 1.16844 1.93638 1.65185 137824 0 1.64534 0.189471 1
-0.563805 20.218 1.3765 2.05739 4.72744 1.65455 139228 0 1.66291 0.189318 0
-45.0329 18.0093 -0.579248 2.03063 4.57435 1.74247 135813 0 -1.22638 0.188803 0
-25.4142 22.2621 0.314002 1.99445 4.50119 1.54321 141958 0 0.14974 0.188556 0
31.7897 35.475 1.95223 1.79074 4.09757 1.59937 161325 0 1.61228 0.188379 0
14.529 61.6126 1.88955 2.13362 4.90052 1.60638 199647 0 -1.53409 0.187973 0
55.2313 34.6772 1.98358 2.00672 4.49863 1.60042 160462 0 1.63115 0.187907 0
-45.5499 58.7213 0.599571 2.28629 5.47623 1.95404 195247 0 -1.2881 0.187834 0
19.0559 46.0053 2.17329 1.96548 4.33335 1.58872 176729 0 1.54078 0.187606 0
60.0767 25.118 1.67392 2.05192 4.6065 1.64314 146437 0 2.88153 0.187204 0
-4.30271 67.7854 2.32106 1.90483 4.27385 1.60656 208480 0 -1.41677 0.186871 0
-40.4544 13.9982 -0.558817 1.87404 4.21944 1.50966 129743 0 1.87272 0.186839 0
32.3849 38.6615 2.02147 2.04313 4.66583 1.68311 166007 0 -1.45211 0.186708 0
-29.211 9.36969 -0.369173 2.09017 4.6683 1.62138 123226 0 -1.35107 0.185956 0
36.9866 44.3759 2.02264 2.06357 4.45059 1.715 174445 0 1.55326 0.185661 0
-41.4902 28.6306 -0.16826 1.96662 4.37894 1.58898 151268 0 -1.3016 0.185535 0
54.2456 29.1886 1.99388 2.09891 4.65916 1.7322 152503 0 -1.98267 0.184743 0
-67.0779 11.3756 -1.29984 1.67023 3.56067 1.41573 125916 0 -1.18979 0.184558 0
-17.181 22.8762 0.619702 2.05993 4.57652 1.60114 142920 0 -1.53346 0.184369 0
-32.7116 42.3694 0.732316 2.29306 5.61989 1.89122 171419 0 1.90874 0.183935 0
34.4401 23.539 1.66554 0.795481 0.808049 1.70503 144017 0 0.468258 0.183675 1
32.7661 44.9312 2.04646 1.99007 4.43873 1.61645 175368 0 -1.54285 0.183639 0
10.0446 -8.52793 0.923195 0.806913 0.815383 1.66284 97141 0 0.154761 0.183581 1
14.5134 -4.00911 0.982679 0.855986 0.98251 1.73223 103707 0 1.87412 0.183554 1
-26.7952 14.5684 0.138882 2.37438 6.05236 2.06598 130722 0 1.75152 0.183462 0
52.6649 48.1886 2.3646 1.94852 4.28754 1.62201 180110 0 -1.02126 0.182953 0
-45.6906 14.8342 -0.789755 2.12229 4.72389 1.68722 131131 0 -1.18544 0.182406 0
55.1685 14.56 1.79354 2.05852 4.61138 1.62123 130978 0 1.53071 0.182057 0
14.5547 -4.3566 0.967285 0.785077 0.970314 1.65824 103239 0 -1.45224 0.181937 1
-66.7802 11.9972 -1.26776 1.68215 3.57648 1.45819 126853 0 -1.17307 0.181728 0
39.2239 54.6228 2.22879 1.92721 4.2 1.57793 189428 0 -3.1247 0.181657 0
2.66254 55.2758 2.22217 2.26187 4.93159 1.92073 190250 0 1.56368 0.181536 0
37.3234 34.7912 1.76531 0.992582 1.4591 1.62395 160406 0 -0.844845 0.181429 1
41.3204 25.0921 1.85361 0.850921 0.994512 1.78149 146379 0 -0.103352 0.18108 1
30.9464 35.9168 1.8631 2.3548 5.56905 1.82424 162258 0 1.61893 0.180862 0
1.71534 67.6547 2.86383 0.902708 0.934999 1.84505 208499 0 1.16423 0.180093 1
51.687 40.2177 2.09932 2.0094 4.5983 1.6294 168407 0 -1.54883 0.179987 0
-47.7567 9.51769 -0.616727 2.35202 5.38245 1.78002 123168 0 -1.34925 0.179091 0
42.7569 55.4416 2.29355 0.838762 0.825088 1.60745 190843 0 -3.08551 0.178924 1
-42.4046 29.2181 -0.207534 2.04353 4.51777 1.65953 152201 0 -1.28619 0.178733 0
-42.6633 9.20435 -0.584389 2.10224 4.60173 1.58659 122716 0 1.83537 0.178668 0
17.8355 31.5922 1.54543 1.99925 4.50794 1.49544 155665 0 1.59005 0.178442 0
-49.1179 4.83756 -0.872721 2.18782 4.9667 1.66087 116612 0 -1.24527 0.178032 0
49.4345 20.3617 1.80214 2.08557 4.61686 1.63847 139384 0 -1.61519 0.177908 0
10.2189 -6.04006 0.930544 0.895163 0.948793 1.71275 100885 0 -1.40441 0.177215 1
21.2854 54.5862 2.28426 1.99202 4.37786 1.63681 189372 0 1.6093 0.176861 0
74.7026 7.52232 1.67725 2.02855 4.51158 1.68777 120743 0 -2.86651 0.176376 0
-26.107 22.5476 0.36798 1.97464 4.36233 1.51099 142424 0 1.71935 0.176226 0
51.3667 37.3599 2.2141 1.88498 4.17094 1.54097 164194 0 -1.52334 0.17594 0
56.0897 34.1054 2.06809 2.24792 5.22918 1.78109 159529 0 1.68514 0.175907 0
-4.02941 49.1781 1.86225 1.97606 4.45292 1.58673 181337 0 -1.43544 0.1755 0
-41.6466 11.9206 -0.565881 2.11949 5.04454 1.64848 126931 0 1.89806 0.175311 0
31.1887 27.9065 1.56195 2.0591 4.95365 1.47129 150559 0 1.59184 0.17517 0
-44.2968 29.5446 -0.0331124 2.10265 4.7086 1.73496 152663 0 1.66704 0.175108 0
-34.7625 30.4897 0.0730164 1.84511 4.14812 1.50465 154097 0 2.52458 0.17472 0
-61.2646 17.4573 -0.611287 2.09599 4.66467 1.66716 134826 0 1.81958 0.174588 0
-4.6374 49.9941 1.92334 2.07024 4.70378 1.63364 182739 0 -1.54249 0.174297 0
32.1516 53.9808 1.90581 1.90238 4.16635 1.46736 188470 0 -1.53274 0.174275 0
41.1161 55.8701 2.3141 2.01963 4.44153 1.63347 191306 0 1.80961 0.173959 0
55.1674 22.8754 1.8088 2.08943 4.71625 1.72102 143146 0 -2.61586 0.173377 0
2.37528 60.9803 1.98713 1.99054 4.41654 1.63148 198673 0 1.52178 0.17306 0
0.677345 28.9398 1.40933 1.62551 3.5596 1.38046 151868 0 1.61623 0.172991 0
-22.6038 -9.21637 0.493047 0.814894 0.910396 1.7609 96103 0 2.424 0.172781 1
37.1948 12.0685 1.52186 2.154 5.07688 1.71437 127178 0 1.59925 0.172721 0
-31.932 39.0947 0.404437 1.99354 4.62951 1.53065 166742 0 1.94358 0.17204 0
1.12068 69.9321 2.96487 2.35664 5.2461 2.03683 211773 0 3.09451 0.171986 0
27.3179 -6.13605 0.925019 0.789875 0.904449 1.39246 100471 0 -1.53999 0.171418 1
-34.7288 29.9911 0.043375 1.9129 4.30738 1.50704 153161 0 0.859622 0.171345 0
