44.2936 -6.91965 1.82171 2.96841 7.70401 3.22463 99588 0 1.63239 0.956574 0
-6.86095 11.3184 0.907667 1.99112 4.55705 1.50674 126104 0 -1.47505 0.943446 0
18.3459 11.7661 1.17449 2.15033 4.87362 1.57265 126651 0 1.63618 0.93822 0
10.6544 12.7446 1.28453 2.23339 5.22159 1.908 128031 0 -1.57837 0.934505 0
36.0489 9.09089 1.34169 1.97802 4.42115 1.5566 122962 0 1.65553 0.926639 0
-1.97021 11.044 1.14227 2.02638 4.60665 1.76293 125651 0 1.61773 0.915452 0
-20.678 32.7115 0.941504 2.37752 5.44583 1.79295 157417 0 -1.20464 0.905965 0
-0.880981 17.0888 1.31988 2.07799 4.71759 1.8283 134547 0 1.63316 0.90266 0
30.5783 15.9297 1.45158 1.94419 4.45273 1.70633 132773 0 -1.47435 0.902653 0
48.5232 5.70497 1.54155 2.09529 4.78512 1.84619 117853 0 -1.45842 0.901485 0
-0.446709 22.9283 1.41218 2.16089 5.05063 1.77901 142972 0 -1.46065 0.889954 0
62.1662 -2.71796 1.59719 2.0858 4.59532 1.79421 105728 0 -0.76153 0.883637 0
18.5014 15.4258 1.3574 2.21854 4.78022 1.73044 132267 0 1.61777 0.879905 0
30.9259 12.2989 1.35628 1.89986 4.44018 1.47316 127626 0 1.6062 0.876058 0
-19.6841 7.96351 0.506045 1.93134 4.49602 1.51444 120916 0 1.61583 0.87059 0
48.2452 8.55523 1.41292 1.94264 4.39786 1.60063 122064 0 -1.50201 0.868703 0
-18.7702 19.7177 0.755403 2.12575 4.73681 1.97341 138235 0 1.69979 0.867661 0
-19.0795 11.4823 0.64259 2.01572 4.58366 1.77246 126066 0 1.69428 0.86614 0
11.3501 19.3791 1.26217 1.98362 4.58526 1.51983 137861 0 -1.61191 0.864557 0
11.7109 22.2822 1.47282 1.93879 4.39651 1.71056 142074 0 -1.54189 0.861247 0
-6.53201 17.4732 0.973593 2.08726 4.83144 1.54852 134997 0 -1.50718 0.859971 0
10.6565 15.8366 1.30176 2.21046 5.09238 1.8477 132711 0 -1.53176 0.858095 0
17.357 22.8322 1.60565 2.11611 4.90969 1.79446 143028 0 1.62664 0.856128 0
13.2335 41.1755 1.93963 2.1367 4.95345 1.89927 169691 0 -1.52716 0.849692 0
-18.4012 13.9911 0.685456 2.05046 4.6551 1.80598 129812 0 1.76489 0.849368 0
-6.54285 20.281 1.07608 2.0939 5.00344 1.42505 139209 0 -1.52929 0.849308 0
-36.4288 -11.3587 -0.922321 2.10955 4.69063 1.98683 92784 0 0.0512181 0.842025 0
-59.9705 -4.86389 -1.30062 2.08404 4.60466 1.58356 102070 0 -1.5499 0.839127 0
30.8232 9.33699 1.38479 1.97935 4.51471 1.69678 123414 0 -1.46567 0.834936 0
-29.8705 6.62594 -0.384156 2.11138 4.85124 1.57811 119012 0 -1.27666 0.834269 0
13.6624 38.1669 1.80583 1.99084 4.47463 1.64011 165480 0 -1.54615 0.83071 0
17.0318 -6.8214 0.936348 0.919614 1.01684 1.73915 99503 0 1.73204 0.82453 1
-44.7157 -11.1076 -1.12563 2.01482 4.37023 1.72996 93226 0 0.0450164 0.819661 0
17.6961 19.9905 1.31565 2.08117 4.82996 1.52811 138817 0 1.61004 0.817622 0
-42.1658 -11.6638 -1.19611 1.97857 4.32008 1.63532 92298 0 0.0575894 0.81692 0
-42.7778 5.8677 -0.749483 1.80799 3.87606 1.45761 118036 0 1.90821 0.816648 0
0.141075 29.0007 1.38013 1.92038 4.33815 1.43221 151866 0 1.60335 0.815702 0
-27.9548 -4.76766 -0.536368 2.10325 4.6432 1.48548 102638 0 -1.65288 0.811097 0
36.3719 15.2636 1.53209 1.97385 4.56581 1.46547 131855 0 1.66824 0.810219 0
11.5919 -5.31094 0.869012 0.879868 0.93546 1.66423 101826 0 -1.4107 0.797841 1
-6.24821 14.4821 0.932387 2.08485 4.83417 1.52524 130786 0 -1.4715 0.797222 0
23.8349 23.8058 1.41375 2.06262 4.56219 1.54887 144452 0 -0.0268748 0.79617 0
-18.6746 16.8723 0.487506 1.92454 4.48516 1.50858 134023 0 1.69916 0.795849 0
12.9326 32.3991 1.52655 2.11611 5.0219 1.50031 157054 0 -1.51992 0.78679 0
27.3126 -4.86861 1.00333 0.957087 0.963187 1.63626 102343 0 -1.40295 0.786172 1
7.81381 51.3262 1.83559 2.0766 4.68763 1.53378 184650 0 -0.0418108 0.785752 0
11.4096 26.1715 1.40419 1.8976 4.46798 1.4805 147689 0 -1.52962 0.782607 0
36.6122 12.2345 1.52559 2.08506 4.95565 1.66543 127644 0 1.59951 0.780852 0
0.171288 31.7402 1.70749 2.16212 4.90965 1.86934 156078 0 1.63605 0.776882 0
-21.5746 29.9571 0.605274 2.06526 4.64872 1.48956 153202 0 -1.26351 0.776259 0
-1.16397 14.0187 1.07994 1.86532 4.17221 1.55845 129866 0 1.6557 0.769705 0
13.3043 44.0103 1.69505 1.96338 4.4577 1.53873 173903 0 -1.54155 0.766684 0
10.3121 -6.01739 0.95848 0.911243 0.98411 1.75183 100886 0 -1.34437 0.761085 1
17.4492 25.7487 1.69353 2.29104 5.3887 1.72323 147240 0 1.61606 0.75993 0
53.9835 5.51828 1.67333 2.08326 4.88384 1.73142 117870 0 1.62086 0.756556 0
-27.3761 14.6448 0.0320522 2.13209 5.28383 1.99749 130720 0 1.83654 0.75267 0
14.8936 64.7666 2.04484 2.05307 4.70777 1.59507 204328 0 -1.51262 0.747984 0
13.9648 -4.75237 0.999314 0.920693 1.03995 1.81624 102769 0 -1.39237 0.747474 1
26.9768 9.31964 1.34696 0.888969 0.933576 1.79933 123402 0 -0.0161571 0.745885 1
-44.6129 20.4015 -0.540119 2.0555 4.56019 1.59312 139090 0 -1.20174 0.744123 0
14.875 58.4237 1.98185 2.03028 4.66055 1.55723 194968 0 -1.38977 0.744104 0
-18.3633 22.8964 0.605958 2.06527 4.75073 1.58804 142916 0 1.6156 0.740664 0
13.2697 46.8978 1.73231 1.96848 4.48548 1.52762 178115 0 -1.5396 0.737309 0
14.9116 67.6609 2.32407 2.02171 4.46415 1.75284 208540 0 -1.55477 0.733822 0
-41.4127 11.7296 -0.57895 1.94742 4.47981 1.54275 126464 0 1.87205 0.732184 0
-0.146744 26.336 1.27897 1.98423 4.57666 1.43519 148121 0 1.62512 0.728125 0
48.8383 11.639 1.52414 2.04115 4.6795 1.70723 126746 0 -1.49807 0.727812 0
30.855 21.6568 1.38189 1.88489 4.39727 1.40109 141198 0 -1.50815 0.726429 0
15.2474 55.2081 2.22376 2.03809 4.52903 1.76681 190289 0 -1.43044 0.719717 0
19.001 37.9063 1.97327 2.06656 4.66433 1.59082 165029 0 1.60723 0.71935 0
30.8609 18.7764 1.34734 1.85338 4.41087 1.41928 136986 0 -1.51805 0.71767 0
31.8547 38.8944 2.0362 1.9702 4.36858 1.64005 166473 0 -1.50995 0.705997 0
12.6358 29.2543 1.45617 1.95357 4.5489 1.49082 152373 0 -1.43733 0.704554 0
-49.1054 4.37966 -0.874038 2.13194 4.73688 1.65283 115676 0 -1.33887 0.700483 0
-48.1402 7.1272 -0.820139 2.02398 4.49614 1.71878 119891 0 -1.26428 0.699594 0
-35.422 6.35968 -0.561817 0.811143 0.843479 1.69419 118527 0 -1.30601 0.688949 1
15.1005 -4.41811 0.907787 0.814075 0.908418 1.4055 103241 0 1.75498 0.686598 1
-56.4509 27.308 -0.303962 2.06554 4.74183 1.62086 149349 0 -1.16039 0.681386 0
10.2865 -7.11443 0.919627 0.862757 0.862508 1.65943 99014 0 2.04115 0.680607 1
-5.85725 26.1334 1.44511 2.14588 4.87971 1.7115 147635 0 -1.52585 0.679233 0
26.6748 -6.02368 1.04502 0.898766 0.998253 1.65191 100937 0 -1.4845 0.674538 1
14.533 73.7496 2.24303 2.0358 4.6535 1.59677 217431 0 -1.50364 0.672051 0
-5.61368 44.2956 1.89596 2.19833 5.04033 1.81327 174312 0 -1.59277 0.668051 0
-39.1711 19.7238 -0.416802 1.89248 4.41778 1.5439 138171 0 1.91177 0.667272 0
18.4188 31.8097 1.54717 2.01468 4.58027 1.45009 156135 0 1.60576 0.663224 0
-40.1953 14.5157 -0.358643 1.9955 4.42054 1.58831 130680 0 1.861 0.658353 0
50.7064 34.9695 2.07004 2.13327 4.85427 1.65119 160916 0 -1.52837 0.658109 0
-28.627 9.14729 -0.313428 2.01173 4.45693 1.52192 122760 0 -1.34191 0.656418 0
36.9942 30.234 1.99086 2.31556 5.39203 1.8491 153853 0 -1.46198 0.638617 0
14.1457 -3.9678 1.15346 0.908622 1.06164 1.9243 103706 0 1.13398 0.634052 1
54.2748 11.3208 1.72515 1.87494 4.19981 1.43527 126295 0 1.55305 0.626185 0
10.3303 -6.09816 0.950392 0.94022 0.977657 1.7565 100418 0 -2.2219 0.604364 1
-46.5684 14.8689 -0.650161 2.05078 4.44697 1.64585 131128 0 -1.21891 0.604001 0
2.08519 55.2287 2.20447 2.20576 4.97238 1.91144 190248 0 1.51667 0.602808 0
-5.58016 40.8544 1.64248 2.06578 4.61869 1.5845 169164 0 -1.56766 0.598806 0
-19.6521 35.4068 0.860819 2.0518 4.56556 1.51656 161164 0 -1.18892 0.595114 0
-40.1303 17.117 -0.307986 1.94878 4.27918 1.7116 134424 0 1.89565 0.58646 0
17.764 28.6714 1.48847 2.00953 4.74101 1.46874 151453 0 1.60925 0.582294 0
-19.3249 38.2909 0.640392 1.9949 4.46186 1.4354 165377 0 -1.22044 0.579677 0
-0.778191 20.0652 1.32311 2.0837 4.91141 1.63036 138759 0 1.6896 0.571858 0
31.5147 35.9063 1.9513 2.22317 4.98341 1.62268 162260 0 1.59771 0.570678 0
-47.2054 12.3349 -0.740101 2.00918 4.55673 1.60611 127382 0 -1.21819 0.568173 0
31.2026 27.616 1.54845 2.15001 5.00622 1.49491 150091 0 -1.44763 0.562596 0
36.6546 18.1301 1.64064 1.96937 4.47648 1.48666 136068 0 1.64578 0.55661 0
-61.5744 14.5251 -1.02022 2.06885 4.645 1.6841 130613 0 -1.19985 0.554134 0
-47.5494 9.69511 -0.510031 2.25608 5.0179 1.81613 123637 0 -1.21831 0.550429 0
31.8368 35.9029 1.99222 2.21333 4.98668 1.62919 162261 0 -2.0681 0.536607 0
-44.0315 23.135 -0.268429 1.97179 4.3872 1.66184 143304 0 -1.18218 0.535863 0
-6.55012 31.9136 1.5959 2.12132 4.83862 1.55332 156057 0 1.58189 0.531718 0
31.5214 30.9275 1.65809 2.02689 4.85803 1.42879 154772 0 1.62189 0.531378 0
26.9751 -5.3222 0.931858 0.67858 0.764113 1.28245 101874 0 -1.47395 0.527943 1
18.7288 40.8107 1.95011 2.04126 4.75046 1.51875 169240 0 1.59861 0.527907 0
4.54009 40.0395 1.76998 0.920344 0.846446 1.766 168260 0 -0.271623 0.514818 1
-46.246 56.1283 0.229628 2.02357 4.59361 1.52497 191501 0 -1.28541 0.514766 0
-63.5246 6.90118 -1.09751 1.95556 4.25106 1.55238 119375 0 -1.24775 0.514043 0
49.1153 14.5098 1.71912 2.01789 4.59929 1.59408 130959 0 -1.52033 0.511363 0
-37.9164 22.2209 -0.0150859 2.00484 4.40799 1.78503 141919 0 1.83151 0.510592 0
1.07013 43.7075 1.61363 1.96345 4.44257 1.50172 173397 0 1.51675 0.507049 0
-4.35797 58.9835 2.16491 1.96193 4.49515 1.56142 195844 0 -1.51329 0.506918 0
-32.1603 42.0353 0.719274 1.99785 4.54376 1.69404 170953 0 1.89728 0.503557 0
-45.6166 17.7491 -0.578395 2.03243 4.61289 1.68679 135343 0 -1.19397 0.500783 0
53.9337 8.19841 1.48758 1.85303 4.31198 1.46326 121614 0 1.69808 0.489611 0
32.4389 45.006 2.03834 1.98764 4.44621 1.63659 175367 0 -1.49738 0.479709 0
36.3311 21.0535 1.69731 1.99577 4.68623 1.51353 140279 0 1.60001 0.472226 0
-32.5029 39.1207 0.368179 2.01024 4.45797 1.54452 166740 0 1.9155 0.469427 0
-16.3884 -14.5631 0.270575 0.901115 1.12913 1.74803 88166 0 1.55018 0.468883 1
14.8849 70.544 2.33279 1.95191 4.3838 1.57427 212752 0 -1.52646 0.467077 0
-69.2568 5.25487 -1.35936 2.0281 4.58369 1.59871 117017 0 -1.2612 0.455184 0
26.9961 -5.53404 0.923099 0.748864 0.847271 1.38029 101406 0 -1.49712 0.454971 1
36.9559 27.0077 1.68574 2.03261 4.65075 1.48388 149173 0 1.6969 0.449494 0
-54.2129 47.5457 -0.0875937 2.05117 4.59859 1.64769 178840 0 -1.12968 0.446227 0
37.5961 44.5834 2.13948 1.98047 4.57545 1.51114 174915 0 1.6144 0.440502 0
-3.67595 64.7948 2.27787 2.05527 4.66301 1.58848 204270 0 -1.40606 0.438455 0
14.1569 -3.77062 1.08153 0.853917 0.996178 1.84608 104174 0 1.78171 0.437467 1
41.0571 25.3649 1.85665 0.798409 0.788462 1.71379 146846 0 -3.10657 0.437091 1
41.0698 25.211 1.84666 0.785659 0.739854 1.6714 146378 0 -3.08483 0.435581 1
-35.3743 30.5195 0.0473429 1.84104 4.07223 1.48198 154095 0 1.98089 0.421321 0
32.4389 35.9072 1.95871 2.3252 5.35825 1.76819 162263 0 -1.52713 0.416397 0
54.2418 28.9447 1.89868 2.05599 4.61147 1.64123 152035 0 -1.63322 0.414888 0
-4.95811 68.0404 2.38683 1.93534 4.39595 1.60589 208946 0 -1.40132 0.411375 0
26.5249 -5.99427 1.03833 0.827102 0.920659 1.62901 100936 0 -1.48037 0.409645 1
-42.3891 9.42171 -0.653304 2.03593 4.5389 1.53853 123185 0 1.87791 0.407411 0
27.1536 -4.94609 0.995683 0.93954 0.986271 1.65805 102342 0 -1.43874 0.404799 1
32.7971 56.8043 2.05952 1.97208 4.53439 1.5227 192684 0 -1.55438 0.40148 0
1.48051 55.4793 2.24148 2.29885 5.37392 1.97322 190714 0 -1.58051 0.397068 0
-34.435 33.3955 0.350411 2.00092 4.46051 1.58376 158310 0 1.99356 0.395928 0
-6.26485 32.0489 1.63341 2.30669 5.41226 1.59467 156526 0 -0.85081 0.395442 0
-62.2564 11.6678 -1.06083 1.93186 4.28987 1.56488 126399 0 -1.18374 0.393845 0
14.9909 -4.52032 0.903234 0.771663 0.858235 1.26678 102772 0 1.69104 0.392741 1
26.9647 -6.18689 1.00026 0.83415 1.03251 1.6279 100470 0 -1.50947 0.386068 1
14.0578 -3.96503 1.12063 0.926994 1.09565 1.92196 103705 0 -1.49031 0.383267 1
-27.0411 17.7789 0.20283 2.10114 4.74597 1.77806 135401 0 1.71016 0.383021 0
31.8666 45.2022 2.09249 2.01042 4.41248 1.61831 175833 0 -1.50679 0.378698 0
37.2393 18.3352 1.62555 1.9645 4.52746 1.47554 136538 0 1.62589 0.372816 0
37.6262 26.821 1.69114 1.96978 4.48037 1.45752 148707 0 -1.50355 0.371808 0
27.9893 50.3089 2.09355 0.794969 0.771673 1.58928 183309 0 3.13348 0.371353 1
-40.7306 14.5322 -0.469317 1.97161 4.42478 1.55882 130678 0 1.917 0.370911 0
-47.1804 52.0053 0.494623 2.16158 5.00575 1.87242 185414 0 -1.23771 0.36961 0
-44.632 58.4714 0.590694 2.27592 5.1774 1.88464 194782 0 -1.31671 0.364121 0
1.44775 52.6136 1.88236 1.97968 4.48537 1.61607 186502 0 1.53359 0.363982 0
-5.58177 28.9893 1.26543 2.02365 4.79807 1.51906 151848 0 -1.51288 0.360217 0
-4.9519 49.4864 1.79379 1.96362 4.54494 1.57498 181802 0 -1.5741 0.358294 0
-42.3801 28.6489 -0.152051 1.96909 4.39822 1.55636 151265 0 -1.21275 0.356481 0
-53.9756 47.7871 -0.0761182 1.99371 4.42498 1.6137 179309 0 0.353921 0.351216 0
-48.5483 4.38181 -0.958232 1.81655 3.8643 1.52422 115678 0 -1.31698 0.351105 0
19.6628 40.8439 2.05415 1.96195 4.36574 1.48818 169243 0 1.59961 0.350149 0
-14.2546 71.1512 1.8783 2.25755 5.20516 1.92587 213597 0 -1.53832 0.348557 0
52.6561 49.1257 2.43402 1.89527 4.21906 1.5991 181514 0 -1.46074 0.348044 0
37.5802 21.0147 1.80417 1.97242 4.47669 1.56492 140283 0 -1.47926 0.343363 0
26.8432 -5.34356 0.91549 0.69554 0.771695 1.27097 101873 0 -1.49712 0.338477 1
27.001 -5.97795 1.01111 0.888687 1.11418 1.65144 100938 0 -1.52944 0.336183 1
-24.4798 22.2569 0.246264 1.93444 4.20024 1.56346 141961 0 -1.41735 0.33586 0
-38.6503 19.6963 -0.364904 1.94416 4.57002 1.53382 138173 0 1.88316 0.335468 0
61.8533 29.934 2.13091 2.19171 4.94363 1.89312 153463 0 0.103247 0.334343 0
-35.5307 6.44349 -0.54497 0.842632 0.911137 1.71198 118994 0 -1.27751 0.333889 1
-67.6717 11.0537 -1.14729 2.02873 4.55486 1.5979 125446 0 -1.22577 0.332481 0
51.6676 46.5477 2.25587 2.05999 4.61373 1.626 177767 0 -1.50586 0.331259 0
19.3763 46.5594 2.06729 1.96385 4.30639 1.60744 177666 0 1.54091 0.329172 0
-5.62825 31.8454 1.5792 2.06234 4.73676 1.5855 156060 0 -1.50539 0.328396 0
-27.6679 18.0675 0.238849 2.0682 4.6119 1.81388 135867 0 1.7273 0.327769 0
-62.5181 11.384 -1.04468 1.98191 4.47398 1.59213 125930 0 -1.19455 0.327183 0
14.1183 -4.84948 0.989622 0.942583 1.03283 1.77997 102302 0 -2.504 0.323882 1
37.6029 35.3975 1.72519 2.04028 4.76544 1.51379 161343 0 1.63588 0.321527 0
-38.5035 22.5092 -0.0246517 2.12598 4.78224 1.81704 142385 0 1.86529 0.320907 0
-5.56396 68.2774 2.45976 2.06026 4.719 1.61571 209412 0 -1.3883 0.317755 0
27.3424 -5.93253 0.927177 0.722203 0.861423 1.26317 100939 0 -1.53827 0.317071 1
-40.9045 11.6866 -0.566677 1.6627 3.59529 1.43757 126466 0 1.87777 0.316214 0
-5.28534 40.571 1.65881 2.02239 4.47354 1.5526 168697 0 -1.54335 0.31462 0
-7.17818 32.0952 1.63544 2.08106 4.61217 1.5934 156523 0 1.62349 0.314404 0
-46.9204 52.274 0.500593 2.13877 4.75473 1.81706 185883 0 -1.22306 0.312519 0
18.0385 28.4004 1.51707 2.01122 4.63933 1.45684 150986 0 1.58956 0.311662 0
-31.5856 41.7565 0.707719 1.92008 4.21943 1.62566 170487 0 1.88607 0.311043 0
15.1673 70.8128 2.31414 2.10314 4.78231 1.69764 213221 0 -1.55767 0.308211 0
-26.7613 18.0271 0.251873 2.08209 4.67589 1.71902 135870 0 1.69607 0.308104 0
37.915 35.6534 1.75086 2.03916 4.67572 1.50893 161812 0 1.66669 0.307939 0
14.6137 70.2991 2.3464 1.84929 4.09138 1.52685 212283 0 -1.51007 0.307838 0
-47.4696 51.6891 0.47172 2.23819 5.28478 1.90583 184945 0 -1.26271 0.30611 0
-5.29578 29.2356 1.25023 1.98327 4.70383 1.51339 152317 0 -1.52478 0.306029 0
-64.0989 6.95165 -1.04172 2.16171 4.7506 1.64218 119373 0 -1.26921 0.304602 0
38.2318 44.4055 2.17444 1.89768 4.22683 1.5227 174449 0 1.68207 0.304473 0
-24.187 22.5446 0.277041 1.97944 4.33474 1.58551 142430 0 -1.42569 0.302798 0
33.4441 53.9301 2.03686 1.85373 4.12101 1.50121 188474 0 -1.45409 0.300485 0
12.9174 29.5166 1.46802 2.01024 4.68092 1.52922 152842 0 -1.4711 0.298494 0
38.8786 35.6613 1.93905 2.0866 4.67135 1.62581 161815 0 1.65573 0.296489 0
18.7023 32.0663 1.59568 2.04745 4.64511 1.45742 156604 0 1.63879 0.295928 0
38.5591 35.3834 1.89425 2.15602 4.89205 1.63491 161346 0 1.66413 0.295693 0
1.80373 54.9742 2.16328 2.22503 5.17928 1.91313 189779 0 2.98799 0.295081 0
-35.6502 30.2932 0.0375647 1.89366 4.23285 1.49318 153626 0 1.8797 0.294305 0
11.5849 -5.45551 0.849426 0.924805 0.945078 1.66362 101358 0 -1.29834 0.293174 1
18.994 31.6168 1.58828 2.07557 4.72799 1.47683 155669 0 1.59465 0.292457 0
53.9349 7.91672 1.47662 1.74848 4.03788 1.44091 121146 0 1.69446 0.292052 0
51.694 37.6279 2.13884 1.94466 4.37189 1.603 164663 0 -1.53702 0.291094 0
14.5929 70.8125 2.30198 1.89108 4.20096 1.52911 213219 0 -1.5229 0.289691 0
51.3852 46.5732 2.24969 1.91044 4.19457 1.52129 177766 0 -1.22652 0.288505 0
52.9393 49.3999 2.47079 2.06044 4.6005 1.72125 181983 0 -1.55885 0.288363 0
36.9358 21.1791 1.76595 2.02735 4.72379 1.55667 140749 0 -1.44612 0.287009 0
52.9451 48.83 2.44764 2.05282 4.5829 1.71983 181047 0 -1.3868 0.286705 0
40.9195 25.3892 1.83397 0.787574 0.754069 1.71701 146845 0 -3.10921 0.283986 1
41.0756 25.7041 1.73663 0.686907 0.809446 1.6269 147314 0 -3.03991 0.283328 1
54.5175 11.5742 1.78397 2.15098 4.88215 1.58537 126764 0 1.49828 0.282497 0
-69.5221 4.9976 -1.33949 2.12329 4.87222 1.65208 116548 0 -1.37807 0.282018 0
-53.9493 47.2704 -0.0971897 1.79916 3.96001 1.53123 178373 0 -1.43028 0.282003 0
51.3529 46.8758 2.32257 2.0032 4.42466 1.59272 178234 0 0.771754 0.281786 0
49.109 20.3206 1.67763 1.96998 4.46768 1.49575 139383 0 -1.43735 0.28103 0
51.6393 46.8468 2.32049 2.1569 4.79735 1.68621 178235 0 -0.205823 0.280835 0
31.5817 38.6613 2.0059 1.87324 4.14016 1.5909 166004 0 -1.50982 0.279389 0
1.72275 52.3701 1.82253 1.94401 4.44227 1.59211 186035 0 1.54696 0.278719 0
1.36943 43.9776 1.62542 1.86923 4.14422 1.47105 173866 0 1.62146 0.278303 0
51.6726 45.9354 2.1692 1.99862 4.55047 1.59651 176831 0 -1.35171 0.27789 0
-5.00524 41.0629 1.70177 2.09868 4.63545 1.63007 169634 0 -1.6064 0.277703 0
14.1281 -3.04005 0.907643 0.814236 0.944272 1.64273 105110 0 -1.64008 0.277222 1
-39.5775 17.0618 -0.221698 1.99738 4.22676 1.7096 134426 0 1.93759 0.276827 0
14.6325 58.1953 1.95468 1.86625 4.24583 1.47265 194499 0 -1.36354 0.276693 0
-5.58318 59.054 2.11634 1.92198 4.4173 1.58688 195840 0 1.64244 0.276271 0
11.8795 26.3547 1.36951 2.1734 5.27089 1.6031 148159 0 -1.53379 0.27492 0
-4.89902 58.7772 2.13557 1.69186 3.88095 1.45118 195374 0 -1.49016 0.274664 0
-35.3441 33.7772 0.259547 1.99438 4.49168 1.58463 158775 0 2.02402 0.274589 0
26.8099 -5.56527 0.970817 0.792337 0.855591 1.43805 101405 0 -1.53067 0.274522 1
40.9281 25.2047 1.8123 0.810589 0.76089 1.7239 146377 0 -3.10118 0.273781 1
-46.9551 12.554 -0.730616 1.93359 4.31122 1.57457 127851 0 -1.20876 0.271485 0
51.9462 46.2489 2.21168 2.19278 5.06738 1.74995 177300 0 -1.46093 0.271412 0
-46.1642 17.8064 -0.522604 2.01654 4.49349 1.65487 135341 0 -1.22224 0.270973 0
54.0172 11.1087 1.63212 1.60234 3.58005 1.34878 125826 0 1.64477 0.268942 0
-26.7597 17.479 0.22329 2.09656 4.79102 1.76123 134934 0 1.70091 0.26846 0
-15.5424 71.1776 1.93815 2.12105 4.77472 1.80773 213593 0 1.59696 0.265172 0
61.9732 31.2088 2.27547 2.08177 4.56419 1.74558 155335 0 -3.02708 0.265022 0
-67.4062 11.3406 -1.16404 1.92875 4.28935 1.55383 125915 0 -1.19335 0.264634 0
26.8663 9.24316 1.35385 0.895095 0.930923 1.7962 122933 0 0.0901609 0.264276 1
27.3199 -5.62989 0.917223 0.778183 0.909285 1.28977 101407 0 -1.49641 0.264144 1
53.6221 28.741 1.82983 2.01224 4.51645 1.58269 151565 0 -1.52228 0.264139 0
27.2883 -5.21545 0.974383 0.866845 0.980575 1.50856 101875 0 -1.43045 0.26274 1
-68.9958 5.51393 -1.36861 1.99987 4.49533 1.5741 117486 0 -1.08242 0.262387 0
-42.1156 28.8816 -0.0907722 1.95232 4.2791 1.58015 151734 0 -1.20699 0.261014 0
-4.34348 49.7086 1.87255 1.99299 4.5479 1.61244 182272 0 -1.56921 0.260637 0
-30.5915 4.03883 -0.39042 1.93087 4.3754 1.56941 115266 0 -1.3453 0.260358 0
18.3534 28.6748 1.51563 2.04236 4.84415 1.46986 151455 0 0.782436 0.25948 0
49.745 14.315 1.77547 1.94809 4.27627 1.64806 130493 0 -1.52064 0.258079 0
32.1832 44.7197 2.0081 1.89303 4.25433 1.59264 174898 0 -1.46594 0.258054 0
51.3711 37.8902 2.139 1.91849 4.26274 1.55536 165130 0 -1.54067 0.257514 0
-36.0042 30.848 0.129341 1.9506 4.32998 1.53314 154561 0 1.99429 0.257001 0
-0.536598 19.1003 1.35489 0.808264 0.905509 1.69242 137356 0 1.63331 0.255501 1
39.2048 54.8953 2.35558 1.97871 4.42184 1.5977 189896 0 -3.07591 0.254249 0
27.6802 -5.92003 0.835789 0.680299 0.723983 1.05206 100940 0 -1.50393 0.253041 1
19.6837 46.305 2.07297 2.03054 4.47242 1.67 177199 0 -1.49698 0.252687 0
-41.7872 28.3446 -0.0913817 1.96422 4.3701 1.55831 150799 0 -1.15435 0.252634 0
-6.90958 36.945 1.74703 2.15832 5.02964 1.69384 163544 0 -1.46025 0.252374 0
-24.785 21.9309 0.275149 1.97824 4.46472 1.53951 141492 0 -1.40936 0.25106 0
-25.0791 22.2459 0.282837 2.02508 4.53002 1.55373 141959 0 -1.43102 0.250564 0
54.2481 13.9522 1.69845 1.9479 4.37718 1.48879 130039 0 1.63548 0.250214 0
38.1712 26.9495 1.72906 2.16858 4.88253 1.57095 149177 0 -1.43976 0.250166 0
33.1111 54.1738 2.07857 1.86292 4.08645 1.48882 188941 0 -1.49233 0.250012 0
51.3976 46.2391 2.19808 1.86555 4.18278 1.47647 177298 0 -1.49219 0.249151 0
1.73428 52.8864 1.8771 1.92411 4.31629 1.5684 186971 0 1.56415 0.248442 0
-47.5 56.4615 0.131114 2.05258 4.55531 1.55191 191965 0 -1.33526 0.248377 0
-4.01431 49.4621 1.85036 1.99912 4.54716 1.6064 181805 0 -1.53506 0.247125 0
-35.65 5.30215 -0.752668 0.796405 0.838717 1.62872 117122 0 -2.63081 0.24689 1
-24.5004 21.6142 0.200637 2.00009 4.44969 1.57776 141025 0 -1.40171 0.245941 0
31.2143 45.2453 2.07454 2.05354 4.71301 1.64445 175831 0 1.35288 0.245231 0
33.7097 56.8154 2.10075 2.00176 4.48066 1.61086 192687 0 -1.53301 0.244233 0
-61.9788 11.9411 -1.10101 1.89565 4.12067 1.5394 126868 0 -1.39651 0.243627 0
4.59921 54.8171 1.92577 0.754364 0.790174 1.59115 189788 0 3.04572 0.243292 1
50.396 37.9207 2.12165 1.89069 4.27096 1.50547 165127 0 -1.51599 0.242781 0
2.11337 61.2695 1.933 2.04624 4.67049 1.65505 199140 0 1.50334 0.241419 0
-43.703 58.1586 0.551744 2.25543 4.94826 1.83404 194317 0 -1.30545 0.24129 0
12.4236 32.2326 1.54964 1.71699 3.75833 1.41347 156584 0 -1.47785 0.241255 0
-14.8272 70.9522 1.9611 1.92892 4.34388 1.74046 213127 0 -1.5055 0.240184 0
-25.1078 21.6029 0.253938 1.99998 4.45876 1.55033 141023 0 -1.38107 0.239476 0
51.0509 47.1952 2.33882 1.96759 4.31221 1.59833 178701 0 0.661277 0.239407 0
-36.2721 30.5838 0.076599 1.9796 4.40829 1.53259 154092 0 1.87218 0.23895 0
-45.9976 14.8047 -0.703444 2.12252 4.67508 1.67964 131130 0 -1.18733 0.238668 0
27.001 -6.46648 0.946644 0.738567 0.806677 1.37257 100002 0 -1.52671 0.238112 1
-36.9942 21.9632 -0.00560409 2.06402 4.71494 1.81573 141454 0 1.79344 0.237658 0
18.3526 28.8946 1.50624 2.04671 4.85718 1.49605 151923 0 -1.67923 0.23719 0
-45.0395 17.701 -0.580426 2.07706 4.76668 1.743 135345 0 -1.17795 0.233825 0
13.9786 73.5475 2.10713 1.73048 4.00637 1.435 216961 0 -1.50734 0.233806 0
14.1495 -4.26242 1.04453 0.883337 1.05159 1.89065 103238 0 -1.33769 0.233252 1
-5.58157 49.7065 1.83801 2.11423 4.8831 1.68808 182268 0 -1.56889 0.233005 0
-17.8208 22.6829 0.592575 1.85643 4.00924 1.57009 142450 0 1.59917 0.23279 0
-54.4985 47.2491 -0.067644 2.14603 5.00751 1.71709 178371 0 -1.29949 0.232588 0
-38.192 22.0091 -0.0233295 1.97869 4.4188 1.75941 141450 0 1.79317 0.231846 0
13.0473 43.7619 1.7229 1.80498 3.92989 1.49852 173434 0 -1.5161 0.231152 0
-33.1162 39.4412 0.402662 2.15578 4.79943 1.65577 167206 0 1.92094 0.231067 0
18.4131 46.531 1.96772 1.98111 4.52986 1.576 177663 0 1.56117 0.227662 0
-68.7087 5.03036 -1.39746 1.63197 3.48989 1.41593 116551 0 -1.2787 0.22654 0
2.65511 55.458 2.17823 2.1943 4.67408 1.88559 190718 0 1.4678 0.225929 0
-34.0769 32.8829 0.355498 1.98787 4.52367 1.5472 157375 0 2.0432 0.225908 0
-4.60705 58.4825 2.08728 1.67461 3.85978 1.43112 194907 0 -1.45429 0.225831 0
49.7497 23.5193 1.51184 1.95245 4.46344 1.51193 144065 0 -1.50264 0.224808 0
-27.382 18.323 0.280405 2.07726 4.63201 1.77732 136336 0 1.70256 0.224775 0
54.5641 14.2289 1.74254 2.00017 4.51471 1.52883 130508 0 1.60864 0.224043 0
49.4261 20.0345 1.69994 1.96879 4.45393 1.52977 138916 0 -1.39323 0.223478 0
31.2572 39.1088 2.02875 2.07094 4.66288 1.59208 166939 0 -1.50408 0.222786 0
26.5108 -6.12581 1.04257 0.854441 0.962826 1.65034 100468 0 -1.48302 0.222512 1
48.495 20.587 1.68467 1.97857 4.52315 1.52354 139849 0 -1.4988 0.221454 0
-4.31107 65.0423 2.32211 2.09151 4.68498 1.6685 204736 0 -1.41709 0.22061 0
31.2103 27.1347 1.5529 2.02135 4.61778 1.4885 149155 0 1.28561 0.220432 0
43.0502 25.1388 1.82036 2.00716 4.55445 1.63593 146384 0 -1.37839 0.220203 0
-43.016 28.9668 -0.115524 2.00862 4.47334 1.59083 151731 0 -1.23378 0.220053 0
14.1509 -3.32525 0.970458 0.844029 0.983018 1.71051 104642 0 -1.7699 0.219618 1
30.8863 45.0089 2.01861 1.95531 4.43577 1.63983 175362 0 1.57198 0.219593 0
-41.7801 33.7842 0.682573 2.01131 4.43811 1.61895 158755 0 -1.1552 0.218527 0
30.3352 18.9248 1.3908 1.74634 4.08594 1.4079 137452 0 -1.56065 0.218272 0
-42.3855 28.0408 -0.176221 1.94197 4.38064 1.5423 150329 0 -1.18231 0.218193 0
30.8817 18.5117 1.35738 1.71672 4.01307 1.39135 136518 0 -1.48227 0.217627 0
-0.518623 19.7702 1.32582 2.04934 4.78387 1.64348 138292 0 1.67998 0.217576 0
-54.2546 48.0778 -0.0290044 2.2972 5.30842 1.7937 179776 0 2.52391 0.217057 0
32.1618 54.2134 2.06073 1.91589 4.3251 1.50504 188938 0 -1.48885 0.216873 0
0.375374 26.1552 1.21307 1.71362 3.80132 1.36371 147655 0 1.58986 0.216674 0
-0.141495 25.8936 1.26874 1.97362 4.51934 1.46614 147185 0 1.55762 0.216447 0
17.7677 29.195 1.47847 1.96637 4.57779 1.48988 152389 0 1.69047 0.215734 0
50.1645 34.821 2.09416 1.88678 4.3177 1.55735 160446 0 -1.51394 0.214945 0
2.93148 43.0804 1.26145 0.826558 0.95974 1.66346 172467 0 -2.70151 0.214935 1
56.1879 19.9831 1.88121 2.02527 4.48567 1.61069 138937 0 1.58173 0.214709 0
-6.57018 49.4633 1.82836 2.05983 4.62769 1.70129 181797 0 1.59913 0.214556 0
39.5042 54.6018 2.25889 1.89729 4.13573 1.56033 189429 0 -3.05511 0.213266 0
37.6019 35.9474 1.71451 1.96834 4.50784 1.46714 162279 0 1.65195 0.212831 0
39.1962 53.5951 2.07122 1.99092 4.5573 1.53354 188024 0 2.07609 0.212384 0
14.3455 58.4469 1.98304 1.74151 3.83219 1.40362 194966 0 -1.40799 0.212233 0
50.7286 37.6439 2.14607 1.87222 4.25551 1.5146 164660 0 -1.53186 0.21217 0
52.65 48.5195 2.41185 1.9437 4.29497 1.63713 180578 0 -1.23218 0.212141 0
38.562 35.9344 1.92798 2.0427 4.55773 1.5748 162282 0 1.62839 0.211099 0
50.3746 14.5197 1.81253 2.01695 4.48703 1.64967 130963 0 -1.5179 0.210415 0
33.1007 56.5699 2.10791 1.85983 4.22372 1.50004 192217 0 -1.57629 0.210398 0
-34.7266 29.9867 0.0488215 1.92633 4.38629 1.52334 153161 0 1.96236 0.210238 0
30.9088 27.907 1.52773 2.1205 4.95028 1.5261 150558 0 -1.49997 0.20974 0
52.3817 49.4041 2.37787 1.81622 3.92658 1.54903 181981 0 -1.5223 0.209587 0
48.7867 23.5498 1.39229 1.94447 4.55144 1.50534 144062 0 -1.47801 0.209454 0
-47.7561 12.3682 -0.71525 2.16429 4.91949 1.67419 127380 0 -1.24441 0.209004 0
42.7208 55.2119 2.31439 0.772913 0.749284 1.56881 190375 0 -1.47529 0.208749 1
32.4074 39.1062 2.0292 2.15131 4.89049 1.70678 166943 0 -1.50527 0.208627 0
2.98103 43.2987 1.28745 0.836482 1.75963 1.62142 172935 0 -2.71186 0.207993 2
-4.65421 49.1768 1.81283 1.91576 4.33533 1.5203 181335 0 -1.53664 0.207541 0
-46.8849 56.394 0.212512 2.00452 4.32132 1.53353 191967 0 -1.23677 0.207237 0
-25.4204 21.9073 0.29315 1.98659 4.50518 1.53008 141490 0 1.39704 0.206901 0
52.3799 48.8267 2.37055 1.86003 4.05697 1.57935 181045 0 -1.32809 0.206481 0
54.8622 28.7399 1.85587 2.07539 4.59722 1.71074 151569 0 -1.57693 0.205359 0
2.07391 55.7325 2.22368 2.3361 5.25197 1.96901 191184 0 1.55012 0.205309 0
30.6276 21.3862 1.40421 1.61649 3.7517 1.35001 140729 0 -1.4745 0.204831 0
-5.29893 28.7176 1.24963 1.96886 4.52773 1.50511 151381 0 -1.4986 0.204624 0
33.7473 53.673 2.03542 1.91804 4.32946 1.55645 188007 0 -1.40727 0.203225 0
-42.1355 9.66175 -0.655475 2.00032 4.53987 1.53549 123654 0 1.89286 0.203073 0
54.5736 14.5634 1.72278 2.02202 4.63509 1.5485 130976 0 1.60682 0.202955 0
0.695236 31.5909 1.70876 1.87191 4.03154 1.77832 155612 0 1.62696 0.202712 0
30.5886 45.2581 2.06667 2.05811 4.71898 1.67174 175829 0 1.58964 0.202656 0
-3.07186 64.5617 2.29026 1.94076 4.52428 1.6043 203804 0 -1.41102 0.202081 0
54.5609 23.2111 1.81212 1.93133 4.46785 1.6126 143612 0 1.58778 0.201914 0
2.35374 61.0029 1.85929 1.95674 4.35717 1.59381 198673 0 1.49355 0.201821 0
19.3297 40.5865 2.03944 2.00492 4.56239 1.48042 168774 0 1.62776 0.20138 0
-28.8909 8.91735 -0.335774 2.06288 4.63925 1.5387 122291 0 -1.30744 0.201021 0
31.7581 27.4006 1.55888 2.11564 5.08959 1.52046 149625 0 -1.50804 0.200904 0
-0.536682 19.3205 1.32454 1.06745 1.74933 1.66711 137824 0 1.69245 0.200453 1
-24.2038 21.9517 0.222111 1.9742 4.33647 1.58349 141494 0 -1.39667 0.200204 0
-6.22143 29.2428 1.38056 2.09814 4.8301 1.59093 152314 0 -1.53402 0.199792 0
50.0765 23.2245 1.48745 1.93293 4.36025 1.49952 143598 0 -1.4538 0.198826 0
48.1652 23.8035 1.50186 1.93386 4.37855 1.51868 144528 0 -1.42314 0.198453 0
32.0996 30.8974 1.70375 1.87186 4.34654 1.42344 154774 0 -1.1382 0.198284 0
54.8762 14.8739 1.81364 2.05283 4.62614 1.59642 131445 0 1.62113 0.197939 0
-53.9482 48.0856 -0.0593971 2.16308 4.8553 1.69211 179777 0 -0.170386 0.1979 0
-15.1907 70.972 1.98681 1.93289 4.35971 1.73769 213126 0 1.19793 0.197764 0
18.0916 46.2954 1.8817 1.94322 4.49272 1.56111 177194 0 1.54029 0.196784 0
27.9209 -5.92406 0.853382 0.625712 0.637961 1.0348 100941 0 -1.4813 0.19654 1
36.0773 18.3305 1.53285 1.99058 4.65395 1.52452 136534 0 1.64836 0.195875 0
12.0786 29.0318 1.43571 1.75464 3.95563 1.47151 151903 0 -1.46706 0.195792 0
-46.6158 51.722 0.515991 1.9437 4.34294 1.74334 184948 0 -1.27401 0.195509 0
-54.5485 48.0982 0.00158066 2.36969 5.71373 1.89344 179775 0 -1.34081 0.19535 0
14.8765 70.0176 2.35266 1.90701 4.22908 1.57217 211816 0 -1.50823 0.195053 0
-6.17148 44.0642 1.85891 2.15699 4.87014 1.77791 173842 0 1.57097 0.195011 0
15.4519 70.3141 2.34976 2.20536 5.07856 1.82736 212286 0 -1.51576 0.194838 0
52.6547 49.7004 2.45985 1.93954 4.27992 1.61638 182450 0 -1.62273 0.193307 0
1.07395 69.9111 3.05295 2.26479 5.03053 1.97112 211773 0 3.08626 0.193151 0
49.4582 37.9506 2.09166 1.91184 4.30406 1.53881 165124 0 -1.56211 0.192899 0
19.6369 31.8345 1.58692 2.04679 4.6327 1.50622 156139 0 1.61592 0.191657 0
12.6963 31.9634 1.52143 1.8389 4.31317 1.48016 156117 0 -1.41201 0.191528 0
-43.3544 29.2576 -0.0615101 2.01939 4.47983 1.61413 152198 0 -0.931303 0.191434 0
1.499 54.9626 2.17357 2.25928 5.41631 1.97253 189778 0 -1.72816 0.19101 0
-53.6965 47.517 -0.0937065 1.74662 3.75368 1.49381 178842 0 -0.965758 0.190991 0
50.0725 38.1841 2.09797 1.91794 4.26698 1.52947 165594 0 -1.5195 0.19074 0
49.4159 20.5873 1.68364 2.02065 4.59693 1.5348 139852 0 -1.4906 0.190657 0
-20.2426 35.4416 0.912155 2.13231 4.77702 1.56109 161162 0 -1.21821 0.190087 0
0.688934 28.9769 1.41482 1.64375 3.56269 1.37034 151868 0 1.62177 0.189802 0
27.661 -5.68107 0.891705 0.757037 0.822687 1.21842 101408 0 -1.49554 0.189781 1
14.9685 55.0005 2.14142 1.84733 4.01939 1.64968 189820 0 -1.40213 0.189625 0
-24.8002 21.3082 0.235212 2.01111 4.45142 1.57036 140556 0 -1.42129 0.18913 0
-34.4587 30.2054 0.1297 1.91989 4.34281 1.48935 153630 0 2.13478 0.188878 0
-47.8009 51.3802 0.471551 2.14759 5.03825 1.87622 184476 0 -1.22492 0.18883 0
26.7847 -6.46758 0.995603 0.772127 0.90439 1.48088 100001 0 -1.54545 0.188128 1
31.4987 27.1311 1.55734 2.0302 4.76176 1.46985 149156 0 -1.47768 0.187063 0
50.9562 48.8429 2.08468 0.789142 0.79911 1.67979 181041 0 -2.19496 0.186784 1
38.8311 44.5604 2.20565 2.07867 4.59566 1.62569 174919 0 1.63342 0.186746 0
-59.9816 17.142 -0.911527 2.02952 4.57648 1.63153 134362 0 1.80832 0.186708 0
-49.3694 4.11128 -0.875503 2.30115 5.11165 1.7756 115207 0 -1.39048 0.186322 0
-32.7327 42.3239 0.681962 2.25982 5.4381 1.85593 171419 0 1.89162 0.18447 0
-27.9321 17.8137 0.212478 2.09214 4.67023 1.81968 135398 0 1.71521 0.184406 0
-6.20296 68.3463 2.4358 1.89516 4.22783 1.60834 209410 0 -1.46071 0.183615 0
54.4689 8.42735 1.59353 2.06469 4.9186 1.58897 122084 0 1.66337 0.183605 0
55.8661 19.7025 1.85122 1.99324 4.4283 1.60114 138468 0 1.59988 0.183471 0
-44.9125 23.48 -0.229087 2.07001 4.5065 1.70262 143769 0 -1.20031 0.182797 0
-67.9361 10.7712 -1.06052 2.13234 4.82506 1.66058 124977 0 -1.27707 0.182784 0
20.2863 41.0417 2.09051 2.00026 4.44567 1.54494 169713 0 1.56417 0.182575 0
27.1846 -4.74806 0.984537 0.9697 0.993742 1.65803 102810 0 -1.38134 0.182493 1
0.78138 67.5774 2.80302 0.798885 0.785355 1.8472 208496 0 0.785663 0.182374 1
2.36855 61.5582 1.92143 1.97442 4.41239 1.59535 199609 0 1.52449 0.182341 0
-5.5924 49.1807 1.86341 2.05183 4.66949 1.64728 181332 0 -1.57127 0.181952 0
54.5581 15.1718 1.75005 1.99641 4.46887 1.57083 131912 0 1.65347 0.181788 0
38.8863 35.0867 1.95558 2.11018 4.76049 1.66199 160879 0 1.66836 0.181726 0
-34.4398 29.9663 0.0761361 1.95941 4.36442 1.50485 153162 0 2.42136 0.181669 0
48.1876 20.3658 1.61847 1.95726 4.53276 1.51677 139380 0 -1.50337 0.181536 0
12.7487 46.9009 1.77049 1.67717 3.61359 1.41291 178113 0 -1.51547 0.181445 0
51.9558 46.8292 2.31527 2.29759 5.30549 1.82085 178236 0 -1.42246 0.180778 0
31.8207 30.6601 1.69981 1.7293 3.87444 1.30843 154305 0 1.64538 0.180608 0
19.0731 46.7983 2.07771 1.89564 4.08932 1.5536 178133 0 1.55845 0.180224 0
36.3663 17.8678 1.59222 1.94505 4.45331 1.49445 135599 0 1.65692 0.179919 0
-42.9722 9.47997 -0.684417 2.02663 4.43392 1.5561 123183 0 1.86485 0.17936 0
-6.22063 22.9326 1.24702 1.9571 4.54618 1.49454 142954 0 -1.54534 0.179177 0
53.9491 29.1668 1.87143 2.08151 4.74468 1.63942 152502 0 -1.79437 0.179011 0
-48.0876 9.52702 -0.531216 2.43378 5.71717 1.97975 123167 0 -1.28083 0.17896 0
-35.3251 29.9992 0.0145542 1.9299 4.38189 1.5274 153159 0 1.74743 0.178737 0
14.3542 64.7581 2.0529 1.73082 3.83285 1.4654 204326 0 -1.5273 0.178411 0
31.2344 54.2644 2.05382 1.93006 4.33534 1.52718 188935 0 -1.52321 0.178202 0
-6.17204 41.0563 1.62702 2.19631 5.05954 1.66219 169630 0 -1.5926 0.177826 0
-44.0097 29.288 -0.0241451 1.97564 4.3981 1.62272 152196 0 1.83092 0.17774 0
-59.7051 17.4333 -0.845325 1.9864 4.51044 1.60834 134831 0 1.14841 0.17766 0
54.8733 29.1864 1.85931 2.04063 4.55162 1.71466 152505 0 -1.68383 0.17703 0
-62.936 6.619 -1.05666 2.12248 4.6253 1.61192 118909 0 -1.20611 0.176917 0
40.895 25.6913 1.73219 0.698318 0.820571 1.6358 147313 0 -3.08419 0.176802 1
-42.5655 -11.6964 -1.17443 2.05813 4.47257 1.70173 92296 0 0.151634 0.176326 0
14.0182 -3.29714 0.94946 0.83485 0.969139 1.70783 104641 0 -1.76125 0.176238 1
-41.4251 12.2155 -0.568046 2.1095 4.92415 1.59702 127400 0 1.94611 0.176127 0
-18.2007 16.7625 0.52951 1.68149 3.26876 1.45426 134025 0 1.72814 0.176022 0
51.3969 45.6222 2.15884 1.91592 4.30254 1.5285 176362 0 -1.15444 0.175217 0
51.0903 46.5879 2.25974 1.7882 3.8577 1.46507 177765 0 0.347341 0.175 0
-69.2886 4.71073 -1.36135 2.00572 4.4854 1.58455 116081 0 -1.56577 0.174859 0
51.6831 38.1781 2.14569 1.95194 4.34917 1.59518 165599 0 -1.57969 0.174583 0
-35.9409 33.8315 0.227361 1.90592 4.27179 1.52703 158773 0 2.01552 0.174413 0
37.5838 35.0851 1.76508 1.98208 4.41232 1.55646 160875 0 1.52529 0.174138 0
-23.8786 22.8513 0.298585 2.02041 4.45767 1.62038 142899 0 -1.42379 0.174061 0
-55.955 27.0467 -0.290064 1.85776 3.98098 1.56713 148883 0 -1.17491 0.173982 0
-36.304 34.3412 0.204031 2.06649 4.64122 1.62514 159708 0 2.03117 0.173972 0
-25.4061 21.3132 0.266719 2.01754 4.50839 1.53889 140554 0 -1.17865 0.173784 0
15.7485 55.4219 2.27583 2.3606 5.4929 1.95629 190759 0 -1.47471 0.173044 0
60.6765 24.4797 1.64058 2.02313 4.56811 1.62554 145503 0 3.10326 0.173006 0
49.1303 19.7142 1.69421 1.91757 4.28455 1.49658 138447 0 -1.42204 0.172452 0
-61.6886 11.6646 -1.15806 1.79587 3.88367 1.48579 126401 0 -1.2345 0.172208 0
51.3077 47.4867 2.35033 2.21689 4.9219 1.78639 179170 0 0.473121 0.171942 0
-40.4581 33.1113 0.301076 1.92893 4.43219 1.56402 157823 0 -1.04897 0.171745 0
-44.3058 29.2848 -0.00497657 2.01434 4.48843 1.64275 152195 0 1.47868 0.171475 0
-44.1082 20.305 -0.595754 1.82134 3.73784 1.54617 139092 0 -1.17893 0.171442 0
-45.2773 17.2205 -0.588676 2.05585 4.7467 1.78428 134408 0 -1.17086 0.17114 0
19.9402 46.8065 2.09203 2.18552 4.93321 1.77281 178136 0 -1.61973 0.170889 0
0.77404 67.4726 2.76637 0.809576 0.772883 1.79966 208028 0 0.250863 0.170719 1
29.8801 6.57849 1.20096 0.794958 0.879101 1.7253 119199 0 -0.00914566 0.170217 1
-5.02518 44.0884 1.85917 1.96692 4.51139 1.77042 173846 0 -1.58063 0.170096 0
16.9332 -6.70565 0.915603 0.937076 1.02668 1.78201 99970 0 1.71236 0.170069 1
27.2952 -6.17558 0.938475 0.785664 1.04046 1.39906 100471 0 -1.5306 0.170044 1
-48.1361 51.9934 0.539047 2.11464 4.84199 1.80785 185411 0 -1.2083 0.169222 0
-61.9692 11.0959 -1.07474 1.78652 3.80763 1.46217 125464 0 -1.17205 0.169068 0
55.5322 34.4005 1.854 2.05705 4.75825 1.66307 159995 0 1.60243 0.16881 0
52.2637 37.8699 2.14113 2.14361 4.85805 1.75658 165133 0 -1.54661 0.168336 0
-43.662 28.9906 -0.0635999 2.02759 4.5098 1.61946 151729 0 -1.0938 0.167878 0
0.416245 28.7803 1.40679 1.67979 3.74479 1.39492 151399 0 1.57258 0.167727 0
37.8776 44.8703 2.20249 1.97507 4.27333 1.53721 175384 0 1.60476 0.167448 0
-40.4578 14.0072 -0.52291 1.88858 4.27756 1.51631 129743 0 1.92321 0.167263 0
-67.9452 11.6229 -1.14311 2.22203 5.18229 1.72811 126381 0 -1.19503 0.167136 0
39.8046 53.5869 2.14916 1.96785 4.43057 1.54277 188026 0 2.03343 0.167028 0
-41.6762 11.4632 -0.558108 2.0719 4.79136 1.60107 125995 0 1.85229 0.166999 0
37.3011 35.048 1.75715 1.17592 1.99557 1.57424 160874 0 1.3348 0.166535 1
42.7809 25.4248 1.75819 1.86277 4.16345 1.55966 146851 0 -1.36964 0.16622 0
38.9212 54.6112 2.2851 1.8955 4.13869 1.55424 189427 0 3.10395 0.166105 0
60.9479 24.1716 1.69804 2.07429 4.74084 1.67417 145036 0 3.12533 0.166091 0
-53.6939 47.8071 -0.0623514 1.86817 4.06934 1.54351 179310 0 -0.490262 0.165974 0
-4.93797 67.7747 2.35263 1.8636 3.98245 1.58238 208478 0 -1.40728 0.165778 0
-35.7093 31.1348 0.132312 1.94958 4.33831 1.54003 155030 0 2.11201 0.165704 0
7.32739 51.1082 1.80073 1.96956 4.4663 1.49613 184180 0 -0.283158 0.165221 0
43.3118 25.4242 1.83421 2.15815 5.02354 1.74877 146853 0 -1.40055 0.165168 0
54.2359 10.8349 1.65786 1.71043 3.8507 1.38845 125359 0 1.68663 0.165097 0
-6.5891 37.2556 1.70671 2.18993 5.14285 1.68981 164013 0 -1.53875 0.164841 0
33.9977 53.9163 2.03897 2.08413 4.69405 1.65854 188476 0 -1.47723 0.164551 0
-40.1598 17.6751 -0.353663 2.13649 4.50266 1.70445 135360 0 1.97058 0.164225 0
49.7818 37.6527 2.11035 1.83567 4.16037 1.46202 164657 0 -1.55063 0.164169 0
2.35851 52.6373 1.86855 1.95678 4.40977 1.55542 186505 0 -1.72564 0.163619 0
