44.3034 -6.93436 1.70785 2.9094 7.65615 3.21234 99588 0 1.61524 0.964446 0
-6.85407 11.333 0.941815 2.01277 4.65972 1.50473 126104 0 -1.49733 0.946681 0
18.3464 11.7486 1.18246 2.14296 4.90181 1.56088 126651 0 1.63694 0.942711 0
10.6689 12.741 1.27428 2.2537 5.30752 1.9005 128031 0 -1.5629 0.932831 0
36.0645 9.07304 1.31165 1.96319 4.50524 1.51245 122962 0 1.66556 0.922836 0
-1.87555 11.0216 1.16704 2.00016 4.42096 1.7824 125652 0 1.61067 0.920752 0
-0.865837 17.0794 1.32422 2.09957 4.80095 1.83428 134547 0 1.63685 0.909841 0
48.4461 8.51268 1.38196 2.04883 4.76397 1.61099 122065 0 -1.51482 0.898342 0
-0.440933 22.9161 1.4053 2.16782 5.06969 1.77852 142972 0 -1.46991 0.888009 0
30.5896 15.9113 1.42568 1.94757 4.40619 1.72571 132773 0 -1.4772 0.88736 0
30.8284 9.37113 1.39371 2.00183 4.57879 1.75673 123414 0 -1.46163 0.886509 0
10.678 15.8455 1.30559 2.20132 5.09221 1.85972 132711 0 -1.54045 0.880172 0
13.292 41.1157 1.91752 2.15001 5.00098 1.89359 169691 0 -1.49257 0.879069 0
48.7487 5.70467 1.5017 2.162 5.19184 1.86577 117854 0 -1.47842 0.877726 0
-18.749 19.7221 0.779403 2.11324 4.6642 1.94869 138235 0 1.68801 0.876291 0
-27.354 -4.71704 -0.471987 2.11213 4.50393 1.55402 102640 0 -1.6894 0.870244 0
17.3618 22.8326 1.62093 2.14087 4.9668 1.77128 143028 0 1.61951 0.868326 0
-19.6756 7.96398 0.510238 1.92627 4.50513 1.50987 120916 0 1.61629 0.866289 0
18.4857 15.4077 1.34424 2.21019 4.73994 1.76849 132267 0 1.62751 0.863631 0
-19.0669 11.4837 0.645296 2.00962 4.60568 1.77855 126066 0 1.6951 0.862344 0
-6.55682 20.2771 1.09111 2.11442 5.05228 1.43493 139209 0 -1.52787 0.862243 0
-20.6666 32.698 0.963085 2.27978 5.3252 1.72384 157417 0 -1.20027 0.861891 0
11.3661 19.37 1.22748 1.97881 4.57724 1.50066 137861 0 -1.6134 0.857543 0
-18.3991 13.9788 0.702898 2.0582 4.69329 1.83102 129812 0 1.75339 0.856664 0
30.9022 12.3073 1.31771 1.90113 4.31941 1.47647 127626 0 1.61586 0.855946 0
-44.6685 -11.1134 -1.13769 2.04216 4.44788 1.80337 93226 0 0.0408534 0.852654 0
11.7312 22.2928 1.47772 1.94047 4.38617 1.70263 142074 0 -1.53329 0.851398 0
-6.5389 17.4978 0.987851 2.09584 4.83466 1.54243 134997 0 -1.50096 0.850543 0
17.4727 20.0028 1.30833 2.06237 4.76952 1.51081 138816 0 1.6237 0.845423 0
7.8735 50.7327 1.75326 2.03484 4.52108 1.47477 183714 0 -0.043421 0.841333 0
62.4956 -3.03959 1.47584 2.14147 4.80839 1.7931 105261 0 -0.767272 0.838609 0
26.9722 9.19157 1.2886 0.89344 1.02173 1.82123 122934 0 0.0404283 0.83678 1
-42.143 -11.6771 -1.05852 2.01404 4.3629 1.68915 92298 0 0.0480722 0.836313 0
-36.4146 -11.4253 -0.918617 2.16503 4.90751 1.99144 92784 0 0.0357241 0.828931 0
-35.3309 6.32436 -0.561403 0.820032 0.811758 1.69103 118527 0 -1.21892 0.828637 1
13.6627 38.1698 1.82154 1.99699 4.43785 1.63744 165480 0 -1.54324 0.825908 0
12.9513 32.4081 1.52682 2.09062 4.94883 1.50281 157054 0 -1.53878 0.824516 0
-6.24636 14.4892 0.950526 2.04902 4.71922 1.50242 130786 0 -1.46843 0.821453 0
0.148895 28.99 1.38827 1.93879 4.40312 1.44454 151866 0 1.60239 0.81891 0
-59.4102 -4.87556 -1.16911 2.10599 4.35875 1.66494 102072 0 -1.60344 0.813724 0
-42.7804 5.91856 -0.654035 1.80044 3.82946 1.53704 118036 0 1.89005 0.804329 0
17.4575 25.7557 1.69313 2.2881 5.39145 1.72692 147240 0 1.62156 0.801427 0
48.8581 11.6311 1.50151 2.00892 4.56996 1.7001 126746 0 -1.50743 0.797713 0
11.4162 26.1522 1.39881 1.90495 4.43579 1.4776 147689 0 -1.5222 0.796105 0
-18.6551 16.8734 0.503101 1.9235 4.5236 1.49794 134023 0 1.68542 0.795158 0
0.201286 31.6457 1.70335 2.12355 4.90712 1.88451 155610 0 1.63152 0.780847 0
-29.6386 6.61475 -0.412534 2.07176 4.64817 1.59219 119013 0 -1.28492 0.777987 0
-21.5758 29.9277 0.66895 2.081 4.71741 1.5119 153202 0 -1.30513 0.777922 0
10.2722 -5.96363 0.909644 0.893051 0.923503 1.72949 100886 0 1.88236 0.769693 1
-1.18063 14.1382 1.10408 1.89243 4.25594 1.56445 130334 0 1.68781 0.768342 0
36.3399 12.2165 1.4673 2.02216 4.81788 1.58935 127643 0 1.64294 0.764694 0
23.9023 23.2198 1.38164 2.01396 4.46387 1.5433 143516 0 -0.0389696 0.759437 0
-18.1222 22.8967 0.608538 2.00252 4.5264 1.56214 142917 0 1.59834 0.758371 0
-49.12 4.5775 -0.75458 2.13982 4.85941 1.68449 116144 0 -1.23389 0.754202 0
-41.1528 11.6974 -0.611246 1.76474 3.94917 1.44259 126465 0 1.89461 0.753475 0
16.9194 -6.82986 0.95349 0.926803 0.990161 1.73105 99502 0 1.65855 0.75001 1
13.2963 46.8853 1.70682 1.9517 4.43104 1.49766 178115 0 -1.51761 0.748479 0
15.2427 55.2138 2.17047 2.02014 4.51847 1.71531 190289 0 -1.43188 0.747157 0
54.171 5.37371 1.53048 2.02177 4.9608 1.62145 117403 0 1.67344 0.744019 0
-0.128418 26.355 1.2877 1.98777 4.5843 1.43325 148121 0 1.6367 0.73962 0
36.3406 15.2365 1.47273 1.98146 4.64604 1.47909 131855 0 1.63142 0.736573 0
11.6155 -5.38844 0.860997 0.852944 0.935786 1.72805 101826 0 -1.5002 0.731301 1
13.3253 43.9778 1.69869 2.02766 4.60732 1.61918 173903 0 -1.51866 0.727759 0
30.8812 21.6605 1.38648 1.88492 4.3677 1.42515 141198 0 -1.5103 0.72769 0
14.9162 64.7485 2.04287 2.02353 4.6171 1.59791 204328 0 -1.52878 0.72277 0
27.4183 -4.87984 0.985813 0.996666 1.0112 1.73326 102343 0 -1.27857 0.720533 1
14.9067 67.674 2.33472 2.02345 4.48594 1.79475 208540 0 -1.56196 0.719437 0
14.1864 -3.97707 1.14181 0.922103 1.0721 1.95048 103706 0 -1.32362 0.711894 1
-27.6631 14.7883 0.0980189 2.21588 4.98799 1.97223 131187 0 1.83121 0.711213 0
14.8934 58.3616 1.97284 2.00187 4.55342 1.54994 194968 0 -1.36472 0.710529 0
0.843391 43.7045 1.61927 2.06239 4.75346 1.52088 173396 0 1.59662 0.704286 0
10.1282 -7.08208 0.879549 0.924549 0.929606 1.69906 99013 0 -0.933339 0.694873 1
12.617 29.2769 1.45142 1.99096 4.70201 1.45227 152373 0 -1.52379 0.694472 0
-38.874 19.7093 -0.350058 2.00425 4.67307 1.54152 138172 0 1.85191 0.691587 0
13.999 -4.83553 1.00176 0.914789 1.05281 1.83699 102301 0 -1.4212 0.686993 1
19.0028 37.9321 1.94373 2.09456 4.782 1.58373 165029 0 1.60486 0.684605 0
-44.6134 20.3942 -0.494295 1.99708 4.49326 1.5822 139090 0 -1.28431 0.679839 0
-28.6172 9.17727 -0.284283 2.00967 4.49725 1.54291 122760 0 -1.30591 0.677959 0
-40.4441 14.5239 -0.443779 2.05589 4.58776 1.57331 130679 0 1.87441 0.677833 0
-47.8788 7.17212 -0.812318 1.89801 4.17718 1.54598 119892 0 -1.25118 0.67274 0
31.8417 38.903 1.99016 1.95279 4.33833 1.61525 166473 0 -1.52797 0.666078 0
18.4296 31.8285 1.53256 2.03858 4.61384 1.45627 156135 0 1.57688 0.66451 0
-61.5817 14.5126 -0.879564 2.05965 4.66067 1.65832 130613 0 -1.24037 0.649955 0
14.5294 73.7251 2.17554 2.04761 4.68748 1.56279 217431 0 -1.49785 0.649488 0
50.4387 34.9389 1.99949 2.06218 4.68969 1.51842 160915 0 -1.5193 0.636907 0
-19.6681 35.4075 0.956743 2.04381 4.53564 1.49589 161164 0 -1.16329 0.622769 0
-5.30057 40.8193 1.61195 2.05893 4.63025 1.56677 169165 0 -1.51397 0.61326 0
-5.30167 44.2966 1.90063 2.14547 4.83178 1.74177 174313 0 -1.54211 0.61119 0
27.0645 -5.29073 0.898558 0.743502 0.821597 1.43535 101874 0 -1.50718 0.605841 1
26.7756 -6.01369 0.966523 0.903946 1.02594 1.71916 100937 0 -1.41198 0.600215 1
17.7572 28.6665 1.48785 2.06596 4.87693 1.48465 151453 0 1.59066 0.580394 0
-19.0695 38.2768 0.679483 2.04681 4.62261 1.45545 165378 0 -1.20889 0.578167 0
-40.1376 17.1447 -0.209718 2.02951 4.47574 1.76853 134424 0 1.86531 0.576008 0
-46.5513 14.8796 -0.62123 2.03683 4.40278 1.60885 131128 0 -1.26127 0.574567 0
32.1558 35.7847 1.9272 2.1092 4.86586 1.65299 161794 0 -1.53751 0.573596 0
15.0915 -4.42072 0.922401 0.852216 0.962791 1.46077 103241 0 1.8877 0.572172 1
36.6508 18.1323 1.52681 1.94872 4.43969 1.47054 136068 0 1.61884 0.569809 0
-56.4545 27.3463 -0.268711 2.11484 4.80881 1.64855 149349 0 -1.17854 0.563168 0
-0.813828 20.0797 1.34734 2.08418 4.88163 1.67297 138759 0 1.68494 0.555532 0
31.5403 27.649 1.55545 2.05361 4.77194 1.47968 150092 0 -1.46752 0.555441 0
-5.86004 26.1289 1.48508 2.05128 4.68709 1.6332 147635 0 -1.52859 0.555203 0
30.8684 18.8005 1.35782 1.93314 4.73807 1.49615 136986 0 -1.5204 0.551257 0
27.9641 50.4055 2.07067 0.780531 0.735113 1.62155 183309 0 3.00956 0.551108 1
31.5131 30.9452 1.63633 2.02077 4.75391 1.41882 154772 0 1.63807 0.54751 0
-47.5184 9.75866 -0.496277 2.25803 5.05777 1.77455 123637 0 -1.24665 0.546951 0
41.0557 25.4355 1.76874 0.805091 0.799125 1.69269 146846 0 -2.95219 0.54518 1
-44.0199 23.1248 -0.241835 2.07426 4.55416 1.69747 143304 0 -1.22903 0.543268 0
26.9701 -6.02757 0.938049 0.969072 1.29139 1.7463 100938 0 -1.47368 0.537975 1
-46.2823 56.1133 0.400982 2.08328 4.6821 1.53075 191501 0 -1.27223 0.537368 0
36.3349 21.2048 1.65128 2.03607 4.86852 1.5344 140747 0 1.61024 0.534207 0
-69.3024 4.98897 -1.07938 2.01815 4.41063 1.68188 116549 0 -1.77755 0.531349 0
19.037 40.8025 1.99331 2.02174 4.74306 1.50277 169241 0 1.6199 0.530445 0
-32.4973 39.1689 0.440081 1.99014 4.49287 1.51906 166740 0 1.89521 0.525794 0
-24.4744 22.5737 0.305855 2.00584 4.44294 1.55044 142429 0 -1.49056 0.525758 0
54.5299 11.1046 1.69934 2.03595 4.63952 1.58045 125828 0 1.59551 0.523031 0
-6.54159 31.8974 1.59093 2.09535 4.83533 1.55465 156057 0 1.59414 0.521547 0
37.2654 30.2191 1.98947 2.48622 5.90733 1.92254 153854 0 -1.49971 0.519981 0
-32.1458 42.0829 0.721261 1.99793 4.60858 1.75937 170953 0 1.89364 0.508727 0
53.9279 8.23469 1.37177 1.81015 4.25301 1.43617 121614 0 1.66569 0.504673 0
-47.1904 12.3068 -0.795633 1.98838 4.5072 1.59034 127382 0 -1.24206 0.49978 0
-53.9216 47.8293 0.0122251 2.01537 4.49432 1.54674 179309 0 -1.00142 0.499085 0
-69.5567 4.9825 -1.07738 2.15977 4.85172 1.75023 116548 0 -1.44913 0.498014 0
49.127 14.5273 1.68383 2.06299 4.69483 1.66521 130959 0 -1.52648 0.494294 0
-62.2596 11.6399 -0.994983 1.8965 4.24848 1.57864 126399 0 1.92694 0.487501 0
-44.6505 58.4731 0.61843 2.29091 5.16382 1.86343 194782 0 -1.29597 0.478775 0
31.2142 35.7718 1.87235 2.04558 4.75682 1.65721 161791 0 1.61022 0.465698 0
-4.36342 58.7752 2.09554 1.9044 4.37463 1.56944 195376 0 -1.49821 0.460867 0
-45.9089 18.0506 -0.469098 2.01764 4.49416 1.71221 135810 0 -1.263 0.460045 0
14.1877 -3.78477 1.09718 0.886485 1.03034 1.89604 104174 0 2.44812 0.459995 1
-42.1082 9.41672 -0.634396 2.09266 4.65103 1.53701 123186 0 1.8913 0.458417 0
51.0256 47.4805 2.36432 2.04672 4.54017 1.61505 179169 0 0.40086 0.456976 0
-24.179 22.8355 0.289592 2.03555 4.52881 1.57584 142898 0 -1.51321 0.447837 0
37.2581 26.8005 1.66218 2.03946 4.64811 1.49892 148706 0 1.6303 0.447492 0
32.7881 56.8136 1.97463 1.988 4.54705 1.55316 192684 0 -1.53861 0.446391 0
-37.9211 22.2744 -0.00858289 2.02584 4.45114 1.76285 141919 0 1.83246 0.442398 0
37.9024 44.595 2.16391 2.08119 4.66732 1.63086 174916 0 1.64936 0.433583 0
54.2445 28.9509 1.90571 2.04275 4.60264 1.67138 152035 0 -1.58342 0.423549 0
14.8848 70.5277 2.2194 2.02894 4.54567 1.62349 212752 0 -1.53687 0.418171 0
-62.5108 11.3992 -0.973013 1.98918 4.48006 1.60524 125930 0 1.9192 0.417983 0
31.2456 27.6429 1.54901 2.08538 4.8206 1.51309 150091 0 -0.0365363 0.41124 0
-27.0423 17.763 0.223517 2.03415 4.58591 1.66204 135401 0 1.70714 0.410499 0
-63.2017 6.84853 -1.15472 1.99279 4.25804 1.55603 119376 0 0.573194 0.404978 0
37.2469 18.3403 1.54411 1.95933 4.51435 1.46614 136538 0 1.59464 0.400982 0
23.8597 24.1524 1.37651 2.06045 4.62019 1.55345 144920 0 3.10863 0.398286 0
14.1133 -4.73638 0.989853 0.945413 1.0959 1.86431 102770 0 -1.50874 0.39533 1
27.2571 -5.24353 0.930149 0.868571 0.993946 1.52846 101875 0 -1.47338 0.394184 1
32.4645 45.0102 2.00867 1.92141 4.36586 1.54089 175367 0 -1.54373 0.394003 0
-3.6756 64.7969 2.27195 2.05307 4.5888 1.57872 204270 0 -1.44519 0.393533 0
-69.0108 4.98619 -1.06624 1.8228 3.91563 1.60047 116550 0 2.46804 0.393213 0
14.9878 -4.51593 0.917527 0.826416 0.925266 1.41606 102772 0 1.77941 0.373206 1
-63.8277 6.93256 -1.11164 2.11564 4.54874 1.63648 119374 0 0.428545 0.370162 0
-5.62728 31.8413 1.58241 2.06739 4.81147 1.55312 156060 0 -1.51059 0.36969 0
-54.1895 47.5723 -0.0443239 2.06345 4.67302 1.57867 178840 0 -1.24784 0.367007 0
-5.59414 28.9717 1.42686 2.00025 4.69865 1.51069 151848 0 -1.50658 0.362398 0
31.2082 45.2524 2.05613 2.03585 4.56625 1.58176 175831 0 -1.54072 0.361124 0
40.9233 25.4373 1.74964 0.820478 0.788458 1.7336 146845 0 -2.61224 0.360175 1
-6.88007 26.1606 1.45407 2.11573 4.8715 1.66458 147632 0 1.62307 0.358556 0
-22.5949 -9.39421 0.726862 0.823198 0.899759 1.78263 95635 0 1.40618 0.356927 1
-46.8952 52.3239 0.57677 2.14582 4.78724 1.80644 185883 0 -1.27873 0.353757 0
-35.3456 30.5478 0.0542259 1.96052 4.40223 1.55628 154095 0 2.03391 0.351168 0
49.4353 20.6046 1.79231 2.01002 4.42925 1.52178 139852 0 -1.53145 0.348634 0
19.6655 46.5372 2.0969 2.07732 4.60672 1.7309 177667 0 -1.56396 0.347907 0
-48.5635 4.5473 -0.842871 1.80492 3.96542 1.5177 116146 0 -1.19902 0.347861 0
33.4433 53.9162 1.97566 1.87453 4.15078 1.51037 188474 0 -1.45153 0.346341 0
38.5491 44.3904 2.19803 1.98005 4.38951 1.59269 174450 0 1.65676 0.344395 0
31.237 27.4364 1.55537 2.11566 4.84832 1.54062 149623 0 1.46661 0.341223 0
-27.3666 18.0464 0.259066 2.04107 4.55522 1.70973 135868 0 1.71171 0.340794 0
-41.6493 11.7277 -0.594723 2.09185 4.94603 1.60296 126463 0 1.88132 0.337733 0
10.2911 -6.10434 0.897814 0.938863 0.944174 1.72443 100418 0 1.98337 0.335219 1
27.5515 -4.75085 0.975715 0.917704 0.978974 1.70535 102812 0 -1.01855 0.334365 1
12.9097 29.5212 1.45109 2.03171 4.80566 1.49374 152842 0 -1.53477 0.332808 0
0.816292 40.4979 1.64125 2.03409 4.57875 1.54413 168716 0 1.59065 0.332765 0
-26.3871 3.72934 0.0558991 0.910798 1.0055 1.66287 114811 0 -1.1859 0.331635 1
-63.852 7.11193 -1.13498 2.01907 4.43008 1.58754 119842 0 -1.13237 0.330257 0
17.4738 28.3982 1.50869 2.04476 4.77164 1.48368 150984 0 1.59237 0.325879 0
61.8416 29.8999 2.0717 2.10054 4.69558 1.70361 153463 0 0.131815 0.324219 0
-53.6539 48.1064 0.0502072 2.01486 4.41749 1.55171 179778 0 -0.73222 0.324015 0
-5.58092 59.0478 2.11038 1.94539 4.46062 1.5973 195840 0 1.64612 0.320512 0
19.9597 40.8212 2.04974 1.94316 4.32406 1.48343 169244 0 1.60425 0.319998 0
1.33493 43.6837 1.60976 1.75332 3.80096 1.41008 173398 0 1.61276 0.318517 0
51.6791 46.253 2.196 1.999 4.47121 1.52625 177299 0 -1.39285 0.318224 0
56.47 20.0015 1.8997 2.07426 4.55917 1.64408 138938 0 1.67657 0.316677 0
53.3367 28.9389 1.89435 2.00552 4.48395 1.55795 152032 0 1.567 0.316536 0
27.0464 -5.5369 0.91021 0.851134 0.95819 1.54458 101406 0 -1.52388 0.315299 1
-62.9531 6.81645 -1.18331 1.95315 4.20395 1.55476 119377 0 1.21847 0.313978 0
61.274 24.1614 2.00689 2.10024 4.52285 1.74948 145037 0 0.222277 0.312007 0
37.5988 35.386 1.67483 2.03803 4.71121 1.51052 161343 0 1.65313 0.311207 0
19.3195 31.8602 1.56569 2.11637 4.73209 1.4783 156138 0 1.59548 0.310916 0
-5.85697 41.0386 1.63176 2.14532 4.91899 1.6124 169631 0 -1.54729 0.309866 0
-42.0833 28.3351 -0.139619 1.89311 4.23641 1.54659 150798 0 -1.19188 0.309319 0
17.0058 -6.69682 0.944599 0.899392 0.981972 1.72269 99971 0 1.64216 0.306625 1
49.1368 20.3761 1.75841 1.90942 4.23476 1.47317 139383 0 -1.50416 0.306421 0
19.3762 46.2893 2.05622 2.03735 4.47307 1.72629 177198 0 -1.51943 0.305439 0
3.38078 56.827 2.25973 2.1953 4.86524 1.83412 192592 0 -0.154838 0.3052 0
-24.2045 22.3051 0.253635 1.9985 4.43092 1.56299 141962 0 -1.45026 0.304723 0
39.1979 53.5736 1.99239 1.9935 4.51873 1.57879 188024 0 1.91471 0.304687 0
51.2856 47.2374 2.34132 2.13849 4.70531 1.63651 178702 0 0.591656 0.304544 0
31.5737 38.6622 1.97636 1.84441 4.07548 1.58434 166004 0 -1.52003 0.304349 0
-0.506691 19.0596 1.36284 0.756026 0.854548 1.69298 137356 0 1.67303 0.302284 1
54.5572 25.7753 1.72862 1.93448 4.36247 1.51986 147356 0 -1.51933 0.301731 0
55.5276 34.4163 1.83393 2.06581 4.76586 1.64136 159995 0 1.62373 0.301545 0
-67.6583 11.0416 -1.13771 2.05998 4.65274 1.59953 125446 0 -1.2468 0.299298 0
-47.1812 52.0285 0.542551 2.2452 5.39381 1.94583 185414 0 -1.29927 0.297658 0
-26.7557 17.4744 0.234416 2.02922 4.64579 1.64467 134934 0 1.69893 0.296507 0
-69.0368 5.18731 -1.07576 1.91121 4.0937 1.61761 117018 0 2.00179 0.2957 0
-46.9212 12.5609 -0.796404 1.92784 4.26229 1.56395 127851 0 -1.2401 0.295343 0
27.3315 -5.97989 0.846368 0.803435 1.05685 1.38805 100939 0 -1.52609 0.295131 1
-33.0697 39.475 0.453161 2.12289 4.81377 1.61142 167206 0 1.92276 0.294433 0
-39.4456 19.7513 -0.411697 1.817 4.14923 1.51806 138170 0 1.87737 0.291777 0
13.9799 73.5467 2.07218 1.72385 3.99387 1.41765 216961 0 -1.4921 0.29075 0
-4.96152 49.4703 1.84927 1.96551 4.53845 1.56944 181802 0 -1.57469 0.290667 0
-62.9075 6.62649 -1.13924 2.08889 4.44548 1.59269 118909 0 1.59644 0.290633 0
27.3085 -5.60532 0.855122 0.802917 0.952179 1.31522 101407 0 -1.4752 0.289958 1
30.8957 45.0109 2.00948 1.96621 4.48332 1.58008 175362 0 -1.56406 0.288186 0
-47.4486 12.0586 -0.779249 2.05498 4.60609 1.59631 126913 0 -1.23653 0.287887 0
-5.91055 29.2402 1.44777 1.98356 4.63932 1.53235 152315 0 -1.51425 0.286981 0
-64.1129 6.9497 -1.05129 2.19139 4.79306 1.66924 119373 0 1.13637 0.28698 0
27.7991 50.4128 2.08994 0.832292 0.792614 1.66014 183308 0 3.06849 0.286473 1
27.9684 50.5988 2.05542 0.813323 0.802011 1.66318 183777 0 3.0489 0.28638 1
1.76821 55.2326 2.1802 2.26204 4.98959 1.83035 190247 0 -1.63223 0.285789 0
-64.1343 7.12339 -1.07264 2.10996 4.66305 1.63506 119841 0 -0.623173 0.28531 0
1.08672 40.7598 1.58276 1.97187 4.44383 1.53149 169185 0 1.60364 0.285122 0
41.0842 25.6556 1.74788 0.848547 1.02486 1.72676 147314 0 -2.96247 0.283644 1
-5.00079 40.5614 1.62611 2.02026 4.56718 1.55458 168698 0 -1.5001 0.282236 0
-37.2671 22 0.0409266 2.06406 4.70696 1.74587 141453 0 1.81352 0.281191 0
42.6218 57.1147 2.4645 0.852064 0.933773 1.76775 193183 0 -0.321423 0.280127 1
3.65722 57.118 2.26484 2.38847 5.42799 1.96616 193061 0 -0.119285 0.278782 0
61.9402 30.8789 2.18352 2.01874 4.47571 1.71678 154867 0 0.11267 0.278692 0
-4.63077 68.0484 2.40878 1.92483 4.35014 1.63548 208947 0 -1.4216 0.27814 0
4.56458 40.0611 1.82712 0.859488 0.781289 1.71727 168260 0 -0.036136 0.277558 1
27.2896 -6.17088 0.865126 0.802701 1.38344 1.52206 100471 0 -1.48055 0.277102 1
38.5582 35.3799 1.85563 2.10216 4.70698 1.62653 161346 0 1.65613 0.274604 0
36.9883 30.052 2.02533 2.09336 4.92657 1.7597 153385 0 -1.47975 0.274465 0
27.1456 -5.02368 0.964252 0.929931 0.994093 1.716 102342 0 -1.43095 0.274449 1
-42.6935 28.3231 -0.134995 1.93199 4.3939 1.52771 150796 0 -1.19211 0.274422 0
37.3331 44.4053 2.02597 1.97115 4.50318 1.64787 174446 0 1.57976 0.271866 0
-16.3792 -14.5453 0.361078 0.787616 0.791804 1.61359 88166 0 -1.72561 0.269547 1
33.4218 57.0228 2.02731 2.01355 4.42228 1.62369 193154 0 -1.56771 0.267774 0
42.7045 55.1624 2.20095 0.769428 0.730274 1.61182 190375 0 -1.60081 0.266365 1
-44.0951 20.3625 -0.546553 1.65 3.4346 1.5105 139092 0 -1.2776 0.26618 0
37.5926 21.2295 1.75663 1.98643 4.45025 1.55263 140751 0 -1.53632 0.263805 0
33.1154 54.1718 1.98126 1.83555 4.0272 1.48503 188941 0 -1.45408 0.26281 0
51.6692 40.8192 1.96038 2.00242 4.59344 1.62341 169343 0 1.5121 0.262729 0
49.7274 14.3255 1.75505 2.04213 4.51365 1.73378 130493 0 -1.54812 0.262151 0
-35.3542 33.7406 0.142232 1.92599 4.31978 1.49293 158775 0 1.94212 0.259443 0
53.9269 26.0237 1.7126 1.94532 4.34747 1.47881 147822 0 -1.54057 0.258676 0
-46.6204 52.6197 0.56457 2.19237 4.7706 1.756 186352 0 -1.25993 0.258167 0
-4.65865 49.733 1.86484 1.96945 4.54075 1.59815 182271 0 -1.55561 0.257215 0
53.6155 25.8045 1.64023 1.93791 4.39005 1.46451 147353 0 1.57023 0.255968 0
55.1848 23.1739 1.88562 2.13593 4.88994 1.76167 143614 0 1.71674 0.25507 0
-43.7192 58.1512 0.620915 2.19189 4.74019 1.74487 194317 0 -1.30095 0.255009 0
-5.2533 68.2721 2.50478 2.07324 4.74964 1.64485 209413 0 -1.41809 0.254214 0
-35.1923 6.31364 -0.551694 0.847761 0.912267 1.71124 118528 0 -1.24003 0.254042 1
31.8072 27.9191 1.57283 2.01037 4.66826 1.48415 150561 0 -1.44223 0.252902 0
38.8859 35.6454 1.89803 2.05122 4.56376 1.62004 161815 0 1.63608 0.252285 0
51.3791 46.5592 2.23693 1.89023 4.11678 1.48509 177766 0 0.401022 0.252031 0
37.9204 35.6286 1.73584 2.01187 4.57759 1.50911 161812 0 1.65946 0.252013 0
18.7499 46.5252 2.05409 2.01674 4.5207 1.67971 177664 0 1.61202 0.251401 0
-5.8866 44.0896 1.83829 2.18074 5.1148 1.74955 173843 0 -1.53672 0.250603 0
31.2471 39.0988 2.0236 2.05157 4.59044 1.59458 166939 0 -1.53824 0.250064 0
11.8798 26.3364 1.35681 2.18968 5.28917 1.59753 148159 0 -1.53155 0.248561 0
54.8756 14.2282 1.7075 2.07658 4.63844 1.62077 130509 0 1.56708 0.247581 0
-41.761 34.047 0.616003 2.09744 4.6414 1.67449 159223 0 -0.940143 0.245893 0
-2.97141 37.6591 2.70123 0.904407 0.916718 1.75517 164492 0 -0.500915 0.244273 1
-67.3886 11.3261 -1.16632 1.97344 4.40565 1.56218 125915 0 -1.20187 0.244034 0
16.8664 -7.09788 0.954331 0.809151 0.908464 1.63795 99034 0 1.60897 0.243644 1
0.374626 26.3379 1.24232 1.71934 3.84813 1.35596 148123 0 1.60778 0.243552 0
15.1821 70.8083 2.19421 2.11256 4.77787 1.70342 213221 0 -1.54955 0.242321 0
31.5489 27.1101 1.53824 1.9878 4.47677 1.47929 149156 0 -1.47444 0.242016 0
-19.1319 35.3466 0.885612 2.08534 4.63764 1.52395 161166 0 -1.17424 0.241412 0
-35.0432 33.4765 0.144555 1.92244 4.33856 1.51096 158308 0 1.77079 0.240396 0
56.1977 19.7245 1.87681 2.00078 4.41452 1.60128 138469 0 1.73472 0.240051 0
52.3062 40.7973 2.01816 2.00439 4.52002 1.62718 169345 0 -1.53586 0.239962 0
-63.2354 7.11012 -1.17842 1.89575 4.13746 1.54925 119844 0 -0.981102 0.238815 0
56.1877 20.2736 1.85889 2.02361 4.47773 1.6147 139405 0 1.64661 0.238754 0
-34.3955 33.1376 0.207578 2.00171 4.55247 1.54643 157842 0 1.56152 0.238673 0
36.0737 18.3261 1.41587 1.99204 4.642 1.51997 136534 0 1.61709 0.238252 0
-47.1367 15.1543 -0.619332 2.28615 5.06104 1.68223 131594 0 -1.22364 0.23797 0
33.735 54.1675 1.97404 1.97163 4.39947 1.57814 188943 0 -1.52919 0.237579 0
55.8203 34.128 1.90804 2.19092 5.0988 1.74392 159528 0 1.67608 0.237201 0
52.9514 48.7912 2.38755 2.01656 4.49004 1.66785 181047 0 -1.39126 0.237052 0
2.11472 61.2823 2.04754 2.05556 4.69333 1.67463 199140 0 1.47927 0.23465 0
-22.7615 -9.38863 0.760749 0.847278 1.05128 1.7771 95634 0 1.39594 0.232089 1
48.4732 20.3861 1.76282 1.9055 4.23411 1.47977 139381 0 1.56577 0.231822 0
14.1745 -4.2554 1.04881 0.893695 1.068 1.91131 103238 0 -1.42074 0.231508 1
-2.98199 37.8697 2.92081 0.872343 0.891354 1.75357 164960 0 -0.109552 0.231402 1
-31.2384 41.7446 0.65725 2.01982 4.50671 1.71772 170488 0 1.86257 0.231186 0
41.0728 25.2426 1.77079 0.831726 0.827965 1.69063 146378 0 -2.9996 0.229562 1
12.0572 29.0334 1.46558 1.79199 4.04463 1.45751 151903 0 -1.46973 0.229552 0
37.8846 26.9514 1.71078 2.23505 4.9865 1.59062 149176 0 1.62557 0.228978 0
15.1152 58.6192 1.98685 2.19339 5.02052 1.69214 195437 0 -1.42003 0.228064 0
0.0912857 26.6119 1.26514 1.86912 4.22538 1.41583 148590 0 1.67361 0.227978 0
-46.6281 12.0351 -0.722504 1.82047 3.88984 1.58919 126916 0 -1.23996 0.227616 0
61.3373 24.7659 1.9577 2.12729 4.80934 1.74445 145973 0 2.80858 0.227473 0
-35.9584 30.6012 0.0840028 1.97257 4.3179 1.56197 154093 0 1.92178 0.226624 0
-61.9475 11.1287 -1.02338 1.57565 3.38502 1.47533 125464 0 1.84117 0.226041 0
49.4441 14.7778 1.69853 2.02054 4.58097 1.61908 131428 0 -1.54626 0.225513 0
32.4844 54.1811 1.96251 1.87902 4.30912 1.4859 188939 0 -1.4147 0.225428 0
-61.9804 11.918 -1.05749 1.88588 4.14026 1.5719 126868 0 1.96092 0.224578 0
-35.9994 31.1616 0.153138 2.02192 4.49688 1.61005 155029 0 2.08854 0.224486 0
18.3568 28.8878 1.52036 2.08498 4.95128 1.51946 151923 0 1.66179 0.224334 0
52.0059 40.5264 1.95026 1.98487 4.61435 1.58358 168876 0 -1.53048 0.22317 0
53.6127 40.4565 2.15566 1.98672 4.45459 1.64141 168881 0 -1.55045 0.223031 0
-35.0923 30.8002 0.0425469 1.95883 4.41264 1.56484 154564 0 2.19248 0.222755 0
-4.31037 65.044 2.30323 2.16442 4.88434 1.69878 204736 0 -1.44421 0.221854 0
-20.0118 35.8889 0.985619 2.03537 4.51599 1.5046 162099 0 -1.18094 0.220934 0
-7.16967 32.0848 1.63712 2.11617 4.78002 1.64979 156523 0 1.63395 0.220165 0
-4.01517 49.4522 1.85525 1.98931 4.56638 1.61238 181805 0 -1.48118 0.219503 0
-5.89331 28.7265 1.50106 1.95831 4.42693 1.51714 151379 0 -1.5083 0.219441 0
-47.5258 9.17072 -0.601175 2.17725 4.67301 1.63064 122701 0 -1.27249 0.219279 0
-45.0212 17.7474 -0.571711 2.09043 4.74789 1.75737 135345 0 -1.23339 0.218592 0
-27.6774 18.3379 0.315739 2.09338 4.68638 1.80262 136335 0 1.72991 0.218439 0
61.5343 24.7949 1.9548 2.26354 5.09578 1.82393 145974 0 -3.0946 0.217733 0
-43.3494 28.6421 -0.0597893 2.0278 4.5178 1.55657 151262 0 -1.15922 0.217433 0
10.2635 -6.98358 0.869987 0.930201 0.913208 1.6886 99482 0 -1.16927 0.21698 1
19.6497 40.5796 2.05068 1.93175 4.2918 1.4741 168775 0 1.62846 0.216611 0
61.0401 23.5206 1.92679 2.06856 4.63331 1.70878 144100 0 0.204589 0.216138 0
54.859 26.0343 1.78002 1.97433 4.32395 1.56528 147825 0 -1.57179 0.215561 0
-2.81406 37.6181 2.65159 0.894134 0.907495 1.7475 164493 0 0.0117994 0.214637 1
30.3063 21.8163 1.37281 2.09607 4.92301 1.50378 141664 0 -1.51717 0.214545 0
54.8504 28.7307 1.86834 2.11916 4.74177 1.76472 151569 0 -1.5346 0.213804 0
54.8752 25.5035 1.75192 1.93814 4.34514 1.54815 146889 0 -1.50597 0.213751 0
2.37105 61.5675 2.04096 1.99717 4.46547 1.61853 199609 0 1.50916 0.213348 0
36.3532 17.8666 1.52674 1.91194 4.37513 1.4755 135599 0 1.64601 0.213229 0
-44.0204 28.978 0.0520849 1.95611 4.3159 1.58759 151728 0 -1.03486 0.212934 0
14.3354 58.3754 1.96366 1.68171 3.68264 1.38353 194966 0 -1.35425 0.212614 0
-6.5428 29.021 1.51306 2.07978 4.71341 1.62754 151845 0 -1.52013 0.212579 0
-34.1131 33.116 0.318233 2.06186 4.72834 1.56896 157843 0 1.85297 0.212347 0
31.8518 54.2318 1.90523 1.93257 4.34182 1.51049 188937 0 -1.48882 0.211634 0
19.3803 46.8062 2.12062 2.02349 4.44557 1.67769 178134 0 -1.57586 0.211582 0
53.6368 29.1838 1.90564 2.0654 4.62068 1.61561 152501 0 -1.82317 0.211463 0
-30.8384 4.01622 -0.277247 2.03649 4.68048 1.60444 115265 0 1.60418 0.211447 0
39.1993 53.8504 2.02444 2.0196 4.56503 1.60048 188492 0 2.28606 0.210717 0
53.8959 40.1842 2.24206 2.07637 4.72753 1.72206 168414 0 -1.56423 0.209733 0
-5.86313 44.5352 1.89691 2.3587 5.53721 1.80127 174779 0 -1.50272 0.209232 0
15.4654 70.3084 2.22954 2.16252 4.945 1.78706 212286 0 -1.50869 0.209027 0
36.9959 35.6507 1.65755 2.0173 4.62496 1.48671 161809 0 1.64683 0.208158 0
-4.99602 29.2475 1.35697 1.93443 4.49944 1.4767 152318 0 -1.53124 0.207117 0
14.9693 55.0017 2.10821 1.81781 3.98568 1.61062 189820 0 -1.39968 0.20651 0
11.4977 -5.47077 0.871847 0.863013 1.08558 1.75001 101357 0 -1.53995 0.205975 1
54.0163 11.0637 1.67842 1.62079 3.54797 1.42806 125826 0 1.61167 0.205517 0
-22.6125 -9.24134 0.719064 0.815867 0.918916 1.77017 96103 0 1.19073 0.205508 1
14.8877 70.0069 2.25858 1.96151 4.33851 1.60823 211816 0 -1.52272 0.205094 0
36.3959 30.2353 1.97894 2.09578 4.72978 1.76417 153851 0 -1.46402 0.20441 0
-60.2526 -4.95446 -1.17341 2.30277 5.31013 1.82174 102069 0 -1.62779 0.204277 0
-47.4744 51.7026 0.483864 2.33702 5.72615 2.0053 184945 0 -1.26115 0.204259 0
51.9356 46.5229 2.23535 2.1838 4.97239 1.68216 177768 0 -1.50638 0.204243 0
-34.6984 33.17 0.158371 1.9456 4.45338 1.52271 157841 0 0.612615 0.20403 0
-18.6284 23.0992 0.618256 2.20846 5.18251 1.64839 143383 0 1.65013 0.203736 0
-35.6901 5.26346 -0.724958 0.797952 0.859985 1.62015 117122 0 -1.40559 0.20368 1
18.4538 41.0217 1.91225 1.96589 4.57292 1.48115 169707 0 1.61495 0.203512 0
27.977 50.2189 2.11946 0.816965 0.772718 1.66326 182841 0 -0.0360449 0.203437 1
38.9216 53.3435 1.97212 1.95652 4.45161 1.52322 187555 0 1.72111 0.203265 0
-4.31804 49.1653 1.82489 1.91222 4.39794 1.5393 181336 0 -1.48925 0.202756 0
-23.8708 23.1373 0.289497 2.05914 4.62218 1.61061 143367 0 -1.47768 0.202573 0
-4.59402 58.4824 2.07731 1.73942 3.95523 1.47701 194907 0 -1.46169 0.202224 0
-18.1999 16.7496 0.536757 1.68845 3.52368 1.46015 134025 0 1.70702 0.202212 0
-40.4729 33.087 0.259467 1.95072 4.41126 1.58032 157823 0 -1.02706 0.20199 0
31.4606 18.9242 1.36557 1.94919 4.57798 1.53116 137456 0 -1.51285 0.201939 0
51.988 41.0614 2.0385 2.00496 4.55298 1.63131 169812 0 -1.50915 0.201551 0
49.7413 20.8817 1.82485 2.13002 4.75107 1.6216 140321 0 -1.57975 0.201375 0
-5.25622 58.8105 2.10016 1.75575 4.02736 1.47491 195373 0 1.62308 0.200875 0
38.5459 44.8566 2.31002 2.11787 4.61014 1.65271 175386 0 1.57663 0.200207 0
33.1079 56.5709 2.03204 1.86669 4.18084 1.53899 192217 0 -1.48678 0.200203 0
30.3272 18.9443 1.33882 1.82659 4.36541 1.48359 137452 0 1.57812 0.199944 0
43.0458 25.7565 1.91059 2.12704 4.84093 1.77961 147320 0 1.61516 0.199077 0
42.6974 54.9834 2.23949 0.760354 0.760295 1.59647 189907 0 -1.66025 0.198549 1
-3.95991 64.5709 2.31113 1.99047 4.49562 1.58941 203801 0 -1.44203 0.198509 0
36.3941 26.9947 1.59878 2.11507 4.91995 1.55325 149171 0 1.68086 0.19819 0
0.677917 28.9428 1.421 1.64177 3.57923 1.38543 151868 0 1.61337 0.197855 0
-0.138557 25.8923 1.28984 1.98227 4.52765 1.46743 147185 0 1.56486 0.19755 0
36.9209 21.0613 1.70838 1.92902 4.50765 1.53174 140281 0 0.585992 0.197451 0
36.7133 44.6696 1.96646 1.95468 4.3497 1.61137 174912 0 1.62029 0.197037 0
14.037 -3.75861 1.04053 0.85643 1.01334 1.84268 104173 0 -1.38012 0.197004 1
-44.0267 29.2609 0.0518945 1.97403 4.37818 1.60205 152196 0 1.4833 0.19693 0
54.5523 11.5761 1.69514 2.16382 4.9904 1.62746 126764 0 1.49206 0.196379 0
39.7899 53.5588 2.07592 2.01797 4.57533 1.61518 188026 0 1.95626 0.196094 0
-41.8246 28.589 -0.0873422 1.91245 4.23619 1.53879 151267 0 -1.17902 0.195702 0
-27.9341 17.8082 0.233041 2.07116 4.60376 1.76627 135398 0 1.7273 0.195446 0
-48.6995 7.25465 -0.69892 2.21556 4.90072 1.69624 119889 0 -1.27463 0.195351 0
50.7227 40.8207 2.07931 2.10757 4.84551 1.68746 169340 0 1.57293 0.195084 0
-34.4437 30.2262 0.0976491 1.95787 4.43071 1.5527 153630 0 -2.05309 0.194785 0
54.856 23.4609 1.88718 2.09023 4.66559 1.72681 144081 0 1.70667 0.194567 0
-34.7607 33.7067 0.23612 1.94283 4.38594 1.53584 158777 0 1.91128 0.19446 0
26.8345 -5.30991 0.893729 0.774586 0.850075 1.44281 101873 0 -1.50116 0.193877 1
2.36185 55.4715 2.16739 2.23227 4.72847 1.77774 190717 0 1.53379 0.193541 0
-68.99 4.74346 -1.11273 1.81242 3.89146 1.5954 116082 0 -1.59704 0.19344 0
54.2814 10.8363 1.71544 1.80985 4.04612 1.50536 125359 0 1.6576 0.193264 0
52.6668 48.5132 2.33949 1.8791 4.19317 1.57734 180578 0 -1.30204 0.193155 0
29.8495 6.51467 1.45517 0.794293 0.99092 1.76858 119199 0 -1.0248 0.192547 1
-43.0389 28.9242 -0.0670823 2.00315 4.46574 1.55607 151731 0 -1.21049 0.192543 0
-67.9407 10.7484 -1.03275 2.12846 4.88482 1.6694 124977 0 -1.29548 0.192157 0
-49.6643 4.41605 -0.747953 2.41441 5.68603 1.9219 115674 0 -1.28027 0.19187 0
17.77 29.1939 1.48689 1.98505 4.60993 1.51423 152389 0 1.64472 0.191514 0
-6.89913 36.9865 1.93954 2.18264 5.02558 1.76616 163544 0 -1.45676 0.191367 0
54.5765 14.5226 1.64045 2.05986 4.62708 1.61364 130976 0 1.5706 0.190464 0
-32.7252 42.3465 0.700491 2.29399 5.6195 1.91334 171419 0 1.88032 0.189688 0
62.0482 -2.78325 1.48162 1.86133 4.02361 1.67732 105727 0 -0.728461 0.189143 0
28.2118 50.396 2.0837 0.815064 0.792439 1.64512 183310 0 2.78232 0.189096 1
30.8739 21.3951 1.39651 1.70572 3.98251 1.38816 140730 0 -1.48456 0.188232 0
-7.19332 29.2633 1.45357 2.05836 4.73543 1.63747 152311 0 -1.53349 0.187384 0
-68.7222 4.9472 -1.1106 1.69358 3.49356 1.53904 116551 0 -1.46855 0.18736 0
-30.6242 4.00202 -0.311777 1.9139 4.38081 1.54438 115266 0 0.458974 0.187351 0
-43.0076 28.0361 -0.0976864 1.94226 4.41308 1.53909 150327 0 -1.1349 0.18701 0
-5.58878 49.7288 1.89198 2.08395 4.78372 1.68606 182268 0 0.865711 0.186877 0
32.0697 27.3994 1.51456 2.01468 4.68398 1.49873 149626 0 -1.48966 0.186811 0
14.157 -3.32371 0.965948 0.847417 0.992117 1.74653 104642 0 -1.76538 0.186621 1
32.5209 55.5534 2.05585 1.97487 4.15894 1.53782 190811 0 -3.07906 0.186354 0
-44.926 23.4696 -0.175259 2.14699 4.67198 1.71961 143769 0 -1.20647 0.186269 0
-27.6421 17.5178 0.186935 2.05908 4.52661 1.72612 134931 0 1.71607 0.185734 0
54.5763 15.5267 1.60256 1.93868 4.36804 1.53721 132380 0 1.61834 0.18549 0
-5.26633 49.1679 1.88863 1.97787 4.57371 1.58923 181333 0 -1.53461 0.185398 0
53.9293 7.95699 1.39979 1.72082 3.99304 1.42997 121146 0 1.69146 0.185096 0
32.3913 39.1107 1.96379 2.16344 4.95331 1.67212 166943 0 -1.52075 0.184597 0
1.46107 52.6132 1.91771 2.03371 4.56979 1.64866 186502 0 1.53964 0.184236 0
13.3184 43.4693 1.76157 1.95773 4.40272 1.63194 172967 0 -1.47623 0.184016 0
-46.9715 9.75578 -0.523209 2.0882 4.49411 1.64956 123639 0 -1.21625 0.182587 0
-64.4334 7.14344 -1.02618 2.19433 4.92249 1.70755 119840 0 -1.21934 0.181298 0
55.5465 20.0285 1.7532 2.00432 4.41975 1.59227 138935 0 1.68379 0.181192 0
32.182 44.7076 1.96383 1.93624 4.40592 1.53485 174898 0 -1.5099 0.180889 0
-47.5234 8.8364 -0.674849 2.03145 4.35438 1.57156 122233 0 -1.27954 0.180089 0
52.6661 49.0772 2.40757 1.85535 4.10784 1.55336 181514 0 -1.41812 0.179949 0
31.5083 45.4898 2.14385 2.04059 4.52216 1.58664 176300 0 -1.48764 0.179717 0
2.35905 60.9981 1.98954 2.00199 4.44912 1.62069 198673 0 1.45435 0.179668 0
-61.6867 11.6407 -1.01096 1.6384 3.47171 1.49197 126401 0 1.95456 0.17956 0
-46.4785 18.105 -0.448915 2.04165 4.54455 1.67805 135808 0 -1.25405 0.17926 0
-25.7557 22.5842 0.331096 2.02119 4.52316 1.53406 142425 0 1.59705 0.178944 0
41.0867 55.8487 2.29404 1.99745 4.35712 1.63457 191306 0 1.91735 0.17821 0
-47.4932 -11.3746 -1.33977 1.95636 4.39124 1.5254 92749 0 -3.0518 0.177759 0
37.2999 44.8494 2.12454 2.0879 4.64858 1.60245 175382 0 1.65365 0.177598 0
12.7434 46.8744 1.75553 1.66285 3.47523 1.40722 178113 0 -1.51503 0.177175 0
13.8154 43.7579 1.72563 2.21774 5.1672 1.81022 173437 0 -1.49274 0.177104 0
-67.3615 11.982 -1.21222 2.0319 4.56753 1.61414 126851 0 -1.23131 0.176349 0
-25.4111 22.5767 0.32346 2.02688 4.55338 1.52823 142426 0 -0.0410445 0.176025 0
53.2803 40.7657 2.11889 1.96496 4.38147 1.60871 169348 0 -1.57478 0.175827 0
-42.4136 28.8857 -0.116362 1.9545 4.37 1.55091 151733 0 -1.20447 0.175613 0
-45.8935 23.8284 -0.0918754 2.15409 4.71134 1.65748 144234 0 -1.19712 0.17521 0
39.4958 54.8756 2.25253 2.01806 4.53259 1.64387 189897 0 -3.02004 0.175146 0
-6.23779 22.9456 1.25471 1.96245 4.54787 1.48331 142954 0 -1.5337 0.175083 0
-3.08106 64.5657 2.28246 1.94805 4.42827 1.58869 203804 0 -1.43343 0.175003 0
30.2952 45.2591 2.0361 2.1174 4.90221 1.69757 175828 0 -1.57658 0.174687 0
38.8933 35.0889 1.86725 2.04752 4.55594 1.65375 160879 0 1.67294 0.174225 0
-61.6954 11.3679 -0.992059 1.62348 3.48011 1.51114 125933 0 1.85245 0.173896 0
14.4744 -3.99077 1.04169 0.901548 1.02338 1.80014 103707 0 1.7526 0.173815 1
33.166 53.6954 1.95054 1.80121 4.06168 1.49001 188005 0 -1.3486 0.17325 0
27.6453 -5.95217 0.752416 0.699717 0.745441 1.0669 100940 0 -1.53528 0.172933 1
-47.1717 56.4338 0.322428 2.20053 5.02263 1.64061 191966 0 -1.2764 0.172894 0
37.9258 35.1045 1.71243 2.06672 4.67179 1.58187 160876 0 1.61163 0.17275 0
-59.6576 16.8071 -0.923389 2.0463 4.67071 1.62587 133895 0 1.82205 0.172636 0
1.07745 40.2247 1.5997 1.97513 4.38201 1.55433 168249 0 1.58613 0.172119 0
12.4317 32.3835 1.57924 1.79398 3.80827 1.41936 157052 0 -1.56543 0.172074 0
-53.6352 47.2743 -0.0653943 1.65723 3.51455 1.41088 178374 0 -1.14454 0.172054 0
39.1067 44.5994 2.278 2.1989 4.90848 1.73474 174920 0 1.66301 0.171922 0
-34.4077 29.9873 0.0778235 1.97124 4.38537 1.52873 153162 0 -1.5775 0.171808 0
55.4865 25.7459 1.86562 1.9941 4.40646 1.60523 147359 0 -1.50656 0.17141 0
3.10601 57.4137 2.29569 2.5428 6.02469 2.09575 193527 0 -0.183249 0.171217 0
-42.5783 -11.6808 -1.06929 2.07116 4.47444 1.73144 92296 0 0.154301 0.171121 0
-6.23957 31.6441 1.60786 2.03557 4.69299 1.54111 155590 0 1.48087 0.170974 0
14.914 64.2855 2.02466 2.00126 4.65294 1.56904 203392 0 -1.40094 0.17096 0
37.8687 18.124 1.49614 1.87733 4.4837 1.43692 136072 0 1.63996 0.170899 0
50.776 47.7388 2.31173 2.01887 4.57245 1.61676 179636 0 0.272932 0.170803 0
32.2027 57.0185 2.00137 2.0508 4.67497 1.58671 193150 0 -1.48271 0.170631 0
44.994 -28.6754 0.514511 1.91886 4.34133 1.56333 67766 0 0.169701 0.169927 0
-5.58636 29.5225 1.42874 1.91641 4.38609 1.47974 152784 0 -1.54327 0.169918 0
51.6401 46.8554 2.29209 2.15079 4.7859 1.64016 178235 0 0.561305 0.169347 0
-25.0716 22.7968 0.337681 2.03583 4.49437 1.54925 142895 0 -1.5088 0.16927 0
-40.8028 33.4081 0.323688 2.09286 4.72661 1.64797 158290 0 -1.37838 0.169135 0
54.8731 15.2186 1.62034 1.99187 4.52778 1.57526 131913 0 1.60974 0.168616 0
54.8599 29.1903 1.89567 2.08947 4.70879 1.77938 152505 0 -1.62209 0.167899 0
-38.767 22.5323 -0.0784675 2.24117 5.16952 1.83662 142384 0 1.82321 0.166759 0
-40.4924 33.3971 0.28462 2.03216 4.60969 1.61962 158291 0 -2.19758 0.16645 0
-26.3764 3.87158 0.040341 0.867408 0.975303 1.57085 115279 0 -1.17207 0.165972 1
43.3411 25.4559 1.88684 2.24954 5.21293 1.87807 146853 0 1.63502 0.165825 0
-0.530006 19.7748 1.34144 2.02249 4.74268 1.68013 138292 0 1.63943 0.164286 0
27.9654 -5.93028 0.792114 0.652538 0.662797 1.0117 100941 0 -1.50175 0.164201 1
13.8239 47.1094 1.7707 2.26933 5.4382 1.75436 178585 0 -1.55555 0.164055 0
-22.7657 -9.2263 0.785075 0.83645 1.00572 1.76907 96102 0 1.4403 0.164055 1
-37.3411 22.4495 0.0283833 2.108 4.69305 1.78712 142389 0 1.88293 0.163964 0
-40.4008 16.9136 -0.244787 2.1354 4.78824 1.8009 133955 0 1.84116 0.16388 0
-5.91577 49.4759 1.87091 2.05883 4.66143 1.69343 181799 0 1.57316 0.163772 0
26.8462 9.30448 1.27754 0.876934 0.993108 1.81377 123401 0 -0.084502 0.163079 1
55.2034 20.3018 1.67164 1.94306 4.38963 1.53763 139402 0 1.64465 0.162805 0
-3.70934 49.7207 1.8598 2.03925 4.64897 1.65776 182274 0 -1.5452 0.162534 0
53.2245 49.0862 2.46083 2.18857 4.90121 1.82536 181516 0 -1.51566 0.162408 0
-47.5345 10.3112 -0.533259 2.25583 5.17844 1.8692 124573 0 -1.22105 0.162368 0
-4.31197 67.7684 2.28779 1.90413 4.30646 1.67207 208480 0 -1.41723 0.162243 0
37.3007 35.0708 1.67829 1.40554 2.68459 1.55866 160874 0 1.60874 0.161694 0
1.08394 70.5609 2.89744 2.7269 6.81433 2.30006 212709 0 0.0415454 0.161256 0
52.9819 26.0539 1.78043 1.94559 4.3612 1.48877 147819 0 -1.21783 0.161211 0
39.209 54.594 2.18018 1.92198 4.18962 1.59049 189428 0 -3.11371 0.160817 0
-19.9222 38.5866 0.850093 2.04781 4.53487 1.45977 165843 0 -1.22915 0.160731 0
52.9654 40.202 2.08989 1.99983 4.5096 1.61561 168411 0 -1.54038 0.160592 0
-2.78721 37.3293 2.2347 0.858079 0.860146 1.64909 164025 0 -0.990391 0.160226 1
17.1975 28.887 1.47284 2.02929 4.75156 1.50717 151919 0 1.61781 0.160116 0
46.5428 -27.7069 0.493881 2.03136 4.6241 1.64468 69175 0 -1.44379 0.159764 0
37.6073 44.0637 2.09913 2.05317 4.61007 1.66286 173979 0 1.32109 0.159759 0
26.7764 -5.63737 0.941643 0.874571 0.974765 1.59205 101405 0 -1.49636 0.158954 1
-38.2093 22.0278 -0.0806032 2.04429 4.47615 1.73933 141450 0 1.82083 0.158948 0
-26.1589 3.9314 0.0226333 0.813093 0.946212 1.60296 115280 0 -0.506931 0.158782 1
41.3513 25.4454 1.75418 0.820716 0.881836 1.67158 146847 0 -2.74835 0.15846 1
