44.3391 -6.93936 1.37177 2.94085 7.89769 3.20776 99588 0 1.61069 0.966425 0
18.4013 11.7313 0.986536 2.12969 4.84513 1.51975 126651 0 1.6371 0.947537 0
-6.82087 11.3312 1.03228 2.00157 4.60843 1.47079 126104 0 -1.49461 0.939641 0
10.6745 12.7388 1.19341 2.22335 5.19313 1.90469 128031 0 -1.58007 0.9342 0
-0.855064 17.0946 1.38869 2.10504 4.79069 1.84222 134547 0 1.63785 0.926242 0
-1.97571 11.0886 1.15448 2.0887 4.62885 1.79195 125651 0 1.6129 0.917246 0
30.8721 9.34789 1.07437 2.02079 4.54557 1.70043 123414 0 -1.46711 0.900817 0
18.4784 15.4275 1.17398 2.20544 4.66093 1.77485 132267 0 1.61941 0.89396 0
62.8872 -3.29466 0.757959 2.01852 4.46271 1.79422 104794 0 -0.855347 0.889282 0
-44.6882 -11.1155 -0.663304 2.03627 4.52767 1.61364 93226 0 0.0259626 0.887924 0
-6.55615 17.4772 1.14026 2.09647 4.92321 1.53359 134997 0 -1.52744 0.886637 0
10.7041 15.8342 1.24185 2.18678 5.03251 1.86463 132711 0 -1.55399 0.88399 0
30.6033 15.9095 1.15431 1.95151 4.36855 1.68211 132773 0 -1.47545 0.883269 0
48.563 5.6768 0.988969 2.08136 4.65391 1.79349 117853 0 -1.46862 0.875555 0
36.0886 9.0575 0.94774 1.95959 4.45729 1.53652 122962 0 1.66458 0.872629 0
17.3581 22.814 1.47142 2.13585 4.86212 1.78796 143028 0 1.6069 0.870234 0
-19.0116 11.4862 0.884331 2.02303 4.58179 1.77548 126066 0 1.69295 0.866968 0
-42.7991 5.91721 -0.123201 1.76577 3.78858 1.45025 118036 0 1.85939 0.866314 0
13.3207 41.1444 1.87115 2.12215 4.93972 1.94413 169691 0 -1.53274 0.864206 0
16.7352 -6.82905 0.725857 0.94206 0.990255 1.74905 99502 0 1.69176 0.863374 1
-35.0626 6.29221 -0.0853109 0.803136 0.83799 1.66965 118528 0 -1.32733 0.861257 1
-42.1182 -11.6608 -0.681757 1.99477 4.36945 1.59749 92298 0 0.0554078 0.858458 0
11.3681 19.4036 1.12647 1.97884 4.57731 1.53365 137861 0 -1.61924 0.857459 0
-36.4194 -11.3968 -0.531393 2.13129 4.76886 1.88438 92784 0 0.0464066 0.852809 0
-18.7534 19.7448 1.02557 2.14381 4.72671 1.9718 138235 0 1.71751 0.850149 0
48.3992 8.48972 0.818458 2.04133 4.63807 1.60398 122065 0 -1.48563 0.849507 0
11.7305 22.308 1.41344 1.93912 4.33997 1.71938 142074 0 -1.53826 0.840192 0
17.6962 19.9701 1.1662 2.08295 4.76691 1.53431 138817 0 1.601 0.839143 0
-26.1641 -4.57015 -0.158429 2.07713 4.40367 1.55004 102644 0 -1.76622 0.834659 0
-18.3875 14.0067 0.88317 2.0943 4.75567 1.8451 129812 0 1.76859 0.834408 0
-0.406952 22.9032 1.46015 2.20488 5.14055 1.8421 142972 0 -1.49007 0.834401 0
-1.18203 14.1778 1.1352 1.90454 4.27845 1.57461 130334 0 1.70942 0.83418 0
-6.27518 14.4833 1.0417 2.03447 4.60581 1.48932 130786 0 -1.47772 0.830789 0
11.6278 -5.60446 0.722192 0.850927 0.891494 1.62072 101358 0 -0.62714 0.829455 1
12.9736 32.4085 1.43684 2.0885 4.96203 1.48903 157054 0 -1.54698 0.827779 0
0.160538 28.983 1.42953 1.97878 4.52283 1.45437 151866 0 1.61495 0.825214 0
-58.6829 -4.89977 -0.621869 2.06446 4.58328 1.53527 102074 0 -1.59669 0.82322 0
-20.6001 32.7102 1.26744 2.29806 5.32793 1.70181 157417 0 -1.17359 0.818734 0
27.0187 9.02628 1.08144 0.838359 1.05649 1.78311 122934 0 0.0216367 0.818275 1
13.8983 38.152 1.70916 2.06834 4.7634 1.66504 165481 0 -1.53247 0.817618 0
10.0999 -5.83141 0.780586 0.875777 0.908824 1.72113 100885 0 -1.81028 0.817125 1
-6.57022 20.2977 1.22467 2.08255 4.98698 1.41769 139209 0 -1.53226 0.815079 0
-29.8617 6.65606 -0.0371192 2.15244 4.93763 1.5627 119012 0 -1.28835 0.812605 0
0.180717 31.7543 1.75195 2.22721 5.08765 1.85948 156078 0 1.63264 0.811972 0
-19.6622 8.03443 0.744226 2.01119 4.50459 1.53435 121384 0 1.61717 0.809582 0
-49.1286 4.63705 -0.150727 2.15011 4.81489 1.77268 116144 0 -1.26145 0.808917 0
31.1564 12.265 1.00399 1.98364 4.80946 1.4976 127627 0 1.62676 0.802644 0
49.085 11.6364 0.971874 2.0013 4.50233 1.82557 126747 0 -1.50057 0.79842 0
17.4372 25.7351 1.56914 2.25838 5.39913 1.73742 147240 0 1.61777 0.795724 0
7.87144 49.709 1.77422 2.13602 4.84116 1.56969 182310 0 -0.0518794 0.791963 0
-18.119 22.8628 0.867684 2.04652 4.58037 1.53123 142917 0 1.58186 0.790198 0
-21.5543 29.937 0.975821 2.09182 4.78566 1.46256 153202 0 -1.27495 0.78827 0
11.4206 26.1563 1.30701 1.8817 4.40307 1.49807 147689 0 -1.53626 0.767943 0
27.7132 -5.00216 0.702999 0.946617 1.02376 1.70961 102344 0 -1.5344 0.767925 1
23.9387 22.5689 1.1899 2.08176 4.66886 1.5359 142580 0 -0.0170492 0.767521 0
-18.4656 16.8872 0.77455 1.83733 4.09179 1.509 134024 0 1.72613 0.751381 0
-0.138596 26.1447 1.35474 2.03577 4.67935 1.4807 147653 0 1.5503 0.746132 0
-48.1245 7.20089 -0.290018 2.01852 4.52456 1.59363 119891 0 -1.25079 0.74212 0
10.0227 -6.8577 0.762341 0.919942 0.880511 1.69781 99481 0 1.84919 0.737795 1
-27.6488 14.7927 0.41524 2.19176 4.99182 1.91566 131187 0 1.83072 0.737472 0
-41.1433 11.9379 -0.0457772 1.85847 4.23283 1.4991 126933 0 1.94405 0.733759 0
14.9093 58.4691 1.93469 2.00303 4.57677 1.53066 194968 0 -1.42532 0.732101 0
-46.6012 15.0998 -0.0457684 2.09921 4.48313 1.65772 131596 0 -1.22836 0.721721 0
-47.5272 9.79634 0.0370722 2.2817 5.14283 1.88606 123637 0 -1.24314 0.718829 0
13.3252 44.004 1.68485 2.0487 4.61974 1.71803 173903 0 -1.57328 0.709798 0
36.3463 15.2632 1.09871 1.8718 4.35293 1.43122 131855 0 1.65653 0.705234 0
54.2094 5.34071 1.04921 2.04712 4.86373 1.85207 117403 0 1.62927 0.705139 0
-63.5656 6.95608 -0.296206 1.98779 4.15841 1.65735 119375 0 -1.22852 0.701891 0
15.4834 55.2702 2.12857 2.09941 4.77296 1.80569 190290 0 -1.46989 0.70048 0
30.8723 21.6523 1.07651 1.93816 4.49545 1.41798 141198 0 -1.48682 0.697509 0
-40.4278 14.5555 -0.0119884 1.99246 4.44795 1.55348 130679 0 1.90142 0.696029 0
-5.27701 40.8066 1.74747 2.03823 4.53387 1.51047 169165 0 -1.51327 0.693143 0
-38.8716 19.7388 0.14932 1.9963 4.6828 1.55261 138172 0 1.8681 0.688556 0
31.8445 38.882 1.76935 1.95709 4.39483 1.5711 166473 0 -1.48304 0.688079 0
36.6316 12.0954 1.10691 2.08182 4.83707 1.63694 127176 0 1.62177 0.68628 0
-44.3675 20.4014 0.0729216 1.84372 4.11581 1.47176 139091 0 -1.25404 0.685558 0
2.10952 55.5144 2.30443 2.39212 5.59266 2.00284 190716 0 1.54571 0.685203 0
14.5536 73.7365 2.23924 2.02658 4.59299 1.53333 217431 0 -1.52502 0.684943 0
13.3196 47.1243 1.65145 1.96521 4.46907 1.52934 178583 0 -1.6374 0.682433 0
-56.219 27.3009 0.379037 2.04558 4.49274 1.58042 149350 0 -1.22382 0.680496 0
14.9267 64.7206 2.06464 2.0066 4.54383 1.57836 204328 0 -1.51829 0.678642 0
-32.5039 39.1364 0.82352 1.98735 4.56894 1.43873 166740 0 1.92741 0.677943 0
-61.3194 14.5564 -0.252969 1.93862 4.22969 1.55557 130614 0 -1.24953 0.677002 0
-5.88451 26.1239 1.59093 2.0736 4.67932 1.69995 147635 0 -1.52518 0.67489 0
15.0919 -4.42518 0.682929 0.790626 0.85092 1.17386 103241 0 1.70957 0.672931 1
14.1363 -4.86407 0.828946 0.892359 1.02159 1.82223 102302 0 -1.4609 0.67266 1
12.6148 29.2614 1.40113 1.94438 4.54907 1.45661 152373 0 -1.53041 0.672264 0
37.2832 30.1958 1.63283 2.36894 5.65762 1.84377 153854 0 -1.50876 0.660444 0
31.1859 18.7378 1.05995 1.89255 4.37063 1.44231 136987 0 -1.50314 0.654558 0
31.5144 30.9529 1.36258 2.10233 4.97347 1.48829 154772 0 1.62711 0.648919 0
14.1621 -3.98024 0.972487 0.895441 1.07077 1.94101 103706 0 1.75301 0.644371 1
-28.6409 9.17581 0.0609209 1.98566 4.46574 1.47259 122760 0 -1.33041 0.642694 0
18.9891 37.8968 1.79425 2.11713 4.90775 1.63244 165029 0 1.60038 0.64089 0
-53.9447 47.8065 0.795766 2.07478 4.58818 1.61035 179309 0 -1.08743 0.640706 0
-19.6445 35.4089 1.26232 2.0439 4.64423 1.50548 161164 0 -1.11831 0.632045 0
15.1551 67.665 2.24002 2.10642 4.70242 1.77506 208541 0 -1.54274 0.629214 0
50.4381 34.8163 1.56435 1.89957 4.36018 1.48721 160447 0 -1.52513 0.621479 0
31.8671 35.7477 1.64584 2.02406 4.62583 1.55831 161793 0 -1.55552 0.61545 0
18.7337 31.8055 1.45088 2.08545 4.77684 1.49125 156136 0 1.58758 0.609969 0
-24.4778 22.2831 0.666286 1.9953 4.42463 1.56305 141961 0 -1.37023 0.605051 0
54.5261 11.3112 1.0339 2.0901 4.75968 1.72719 126296 0 1.59559 0.599453 0
-31.8739 42.0563 1.22998 1.90691 4.27715 1.66086 170954 0 1.91721 0.598158 0
10.0998 -5.74152 0.770431 0.881989 0.90309 1.72748 101353 0 -2.32706 0.588684 1
-47.1726 12.3779 -0.194917 2.02729 4.51739 1.6791 127382 0 -1.22846 0.577645 0
-6.23735 31.9191 1.72048 2.20106 5.04627 1.58601 156058 0 1.58331 0.565552 0
-45.6213 17.786 0.056414 2.05197 4.56989 1.65102 135343 0 -1.21735 0.559778 0
-1.10274 20.0452 1.2837 2.08239 4.83241 1.58369 138758 0 1.70158 0.557103 0
-40.1085 17.4081 0.218822 2.04018 4.45012 1.77201 134892 0 1.90517 0.555971 0
1.07428 43.6492 1.66552 1.96656 4.42899 1.4927 173397 0 1.55649 0.541521 0
-61.9376 11.7185 -0.259691 1.69279 3.68885 1.45247 126400 0 1.90775 0.538412 0
-42.3804 9.50993 -0.126933 2.09441 4.70129 1.54793 123185 0 1.88587 0.536886 0
-5.29918 44.2878 2.02108 2.15504 4.96554 1.81868 174313 0 -1.48859 0.528763 0
-44.0162 23.1382 0.369411 1.97203 4.4759 1.59803 143304 0 -1.26744 0.52719 0
36.6177 21.0226 1.36054 1.97206 4.6276 1.48616 140280 0 1.61324 0.521397 0
-68.9785 5.30682 -0.38589 1.90129 4.12709 1.6497 117018 0 1.98408 0.520095 0
-19.0809 38.271 0.976093 2.01255 4.56173 1.4791 165378 0 -1.15751 0.51681 0
9.87988 -6.87921 0.765459 0.882251 0.899604 1.68873 99480 0 1.77155 0.507962 1
19.0353 40.8051 1.80598 2.05318 4.82818 1.51007 169241 0 1.59863 0.506536 0
4.58038 40.0407 1.81524 0.897399 0.761966 1.73324 168260 0 -0.0833976 0.503022 1
27.2993 -6.17696 0.672233 0.887101 1.77277 1.7189 100471 0 -1.44165 0.498868 2
41.1078 25.7134 1.31824 0.778873 0.759388 1.692 147314 0 3.07586 0.493282 1
14.9928 -4.5156 0.680343 0.711421 0.800901 1.15599 102772 0 1.72771 0.485637 1
-4.34649 58.9645 2.23193 2.02607 4.59698 1.63741 195844 0 -1.53624 0.483997 0
-46.2379 56.1588 1.0152 1.98121 4.42037 1.47916 191501 0 -1.25304 0.475648 0
-37.9035 22.3017 0.473407 2.0819 4.51965 1.81133 141919 0 1.84246 0.475499 0
31.8336 44.9923 1.77749 2.04762 4.64153 1.59575 175365 0 -1.47902 0.46041 0
23.8896 23.5362 1.21324 2.03702 4.48413 1.54753 143984 0 3.10466 0.456893 0
1.72311 52.6327 1.8835 1.95406 4.41026 1.58489 186503 0 1.55515 0.452014 0
27.6553 -5.17201 0.703807 1.04345 1.07096 1.71576 101876 0 -1.55275 0.449813 1
31.5251 27.4275 1.25108 2.07712 4.85623 1.52924 149624 0 -1.51796 0.448328 0
17.7482 28.6765 1.37694 1.94953 4.50963 1.45305 151453 0 1.58969 0.443062 0
36.9523 26.9641 1.30493 2.04568 4.67418 1.4934 149173 0 1.67985 0.441295 0
37.582 44.605 1.78768 1.95321 4.48327 1.53796 174915 0 1.53696 0.43738 0
27.0672 -6.04482 0.68275 0.94765 1.16561 1.64574 100938 0 -1.40379 0.426609 1
14.1662 -3.7934 0.912393 0.864739 1.02992 1.87478 104174 0 1.75078 0.423953 1
32.8013 56.8356 1.77101 1.91272 4.39754 1.50494 192684 0 -1.59714 0.411766 0
28.0644 50.682 1.95973 0.754153 0.70732 1.63164 183777 0 0.143942 0.410727 1
-32.4198 42.3471 1.2445 2.18108 5.23726 1.85456 171420 0 1.91982 0.410222 0
14.8876 70.5511 2.30157 1.95033 4.33904 1.57243 212752 0 -1.54717 0.408368 0
54.5397 28.8864 1.42161 2.11574 4.80424 1.62928 152036 0 -1.57601 0.404139 0
-46.8889 52.0215 1.16688 2.15654 4.85104 1.83565 185415 0 -1.31619 0.403713 0
37.6065 35.3899 1.34048 1.96686 4.83199 1.47869 161343 0 1.6803 0.403331 0
11.5022 -5.60987 0.71059 0.885625 0.908101 1.6451 101357 0 -0.702016 0.396395 1
27.8781 -4.97734 0.708388 0.950574 1.01419 1.74158 102345 0 -1.5584 0.393252 1
41.1199 25.5555 1.30618 0.742903 0.685371 1.67418 146846 0 3.07376 0.391559 1
18.0506 28.9148 1.36739 1.97626 4.65667 1.47626 151922 0 1.59033 0.389745 0
51.0568 43.6459 1.75317 2.03003 4.54238 1.63222 173553 0 -1.40438 0.382803 0
-34.7553 33.7022 0.904965 2.05178 4.6578 1.56696 158777 0 2.00017 0.378689 0
37.5903 26.7935 1.31517 2.04612 4.77015 1.4903 148707 0 1.60018 0.37388 0
-35.0772 6.41528 -0.0658919 0.824007 0.869198 1.66792 118996 0 -1.37696 0.371665 1
32.4335 35.8856 1.65239 2.29737 5.27997 1.65216 162263 0 -1.50893 0.36769 0
27.323 -6.0224 0.674261 1.00623 1.60412 1.65785 100939 0 -1.4432 0.364763 1
-44.022 58.3462 1.38752 2.08439 4.42808 1.62307 194784 0 -1.2908 0.358613 0
-4.65468 49.4412 2.00121 2.00394 4.58622 1.63884 181803 0 -1.50018 0.353858 0
61.8631 29.2553 1.49205 2.20919 4.94101 1.77045 152527 0 0.122698 0.353857 0
-27.0389 17.4694 0.634916 2.10989 4.76719 1.83126 134933 0 1.76687 0.352163 0
19.9741 40.8247 1.91502 1.90676 4.21444 1.47199 169244 0 1.58983 0.351388 0
-59.6924 17.1344 0.00398871 2.07569 4.65951 1.71443 134363 0 -1.30705 0.350298 0
-59.9851 17.15 0.0103927 2.12741 4.74169 1.73144 134362 0 -0.856513 0.344535 0
-36.2974 31.1955 0.819058 2.05406 4.59703 1.58881 155028 0 2.06808 0.344291 0
12.9353 29.5312 1.4318 1.92799 4.47437 1.485 152842 0 -1.56283 0.342994 0
-46.6096 52.306 1.18582 2.10347 4.67063 1.77483 185884 0 -1.30291 0.342393 0
19.0554 46.5231 2.01933 1.98886 4.38831 1.6241 177665 0 1.51609 0.341935 0
-3.67322 64.8228 2.39425 2.05726 4.58113 1.61808 204270 0 -1.47396 0.340027 0
-39.5766 17.1521 0.280758 1.85341 3.89163 1.71039 134426 0 1.89867 0.338511 0
-47.1942 51.7072 1.12041 2.34305 5.49425 1.92179 184946 0 -1.33134 0.337464 0
14.1315 -3.07895 0.73233 0.780628 0.918501 1.67243 105110 0 -1.00297 0.335077 1
33.438 53.9421 1.74285 1.87591 4.15127 1.4774 188474 0 -1.49834 0.329963 0
-0.374496 26.1347 1.38191 2.15021 5.12307 1.5696 147652 0 0.909741 0.329892 0
31.2172 35.9108 1.5633 2.2952 5.39233 1.58347 162259 0 1.62218 0.327426 0
-35.3214 33.8127 0.847252 2.02802 4.60033 1.57626 158775 0 2.02555 0.327029 0
53.634 28.8935 1.3865 2.02792 4.57518 1.52687 152033 0 1.5657 0.32624 0
-45.9092 23.8216 0.433273 2.10166 4.6166 1.61024 144234 0 -1.24409 0.323771 0
-16.2734 -14.5426 0.430933 0.858636 0.85692 1.63587 88167 0 -2.15772 0.322804 1
-44.853 20.3788 0.0906936 2.23402 5.08498 1.60463 139089 0 -1.28303 0.322429 0
-5.32113 31.8605 1.67133 2.12273 5.00913 1.63222 156061 0 -1.50232 0.321912 0
50.9824 34.9664 1.56644 2.2387 5.22858 1.69071 160917 0 -1.53718 0.319345 0
41.0871 26.1003 1.28858 0.698909 1.32499 1.66061 147782 0 3.0789 0.316849 1
19.3442 46.2868 1.99315 2.03347 4.46153 1.63603 177198 0 1.52707 0.315884 0
-16.374 -14.5406 0.45078 0.838542 0.869342 1.67457 88166 0 -2.59744 0.315637 1
1.46907 52.8932 1.94941 2.0359 4.66478 1.6395 186970 0 1.57042 0.313626 0
15.184 70.3039 2.28473 1.98988 4.49773 1.61332 212285 0 -1.52899 0.313215 0
11.8796 26.3308 1.2942 2.17596 5.25367 1.60668 148159 0 -1.53833 0.309963 0
61.9615 30.2491 1.58428 2.04657 4.63404 1.68501 153931 0 0.647725 0.309354 0
-5.28241 28.9779 1.38482 1.98277 4.63967 1.53666 151849 0 -1.47649 0.30719 0
27.4051 -5.56439 0.655706 0.839325 1.24453 1.40953 101407 0 -1.46703 0.306918 1
19.6496 31.8537 1.43413 2.08417 4.69558 1.53852 156139 0 1.61033 0.306277 0
49.4415 23.5312 1.04386 1.92178 4.3303 1.48765 144064 0 1.54233 0.306108 0
-67.6562 11.3447 -0.406596 2.05997 4.56911 1.53428 125914 0 -1.13453 0.3047 0
-44.072 20.5381 0.0786118 1.618 3.53705 1.42765 139560 0 -1.24511 0.304193 0
33.4165 57.0446 1.80837 1.95869 4.3635 1.57209 193154 0 -1.64341 0.30334 0
33.1186 54.1917 1.75986 1.83473 4.02431 1.44665 188941 0 -1.55673 0.301726 0
-29.2268 9.3877 0.0473236 2.07586 4.71757 1.5047 123226 0 -1.0313 0.301599 0
2.68018 55.3004 2.27073 2.10449 4.79997 1.86393 190250 0 1.52756 0.299437 0
-4.95456 49.1728 2.01692 2.01203 4.60504 1.64363 181334 0 -1.42607 0.2978 0
-26.7571 17.7351 0.640884 2.1263 4.84996 1.82535 135402 0 1.74273 0.29747 0
-0.152351 25.8863 1.36897 2.05496 4.70445 1.51008 147185 0 0.986049 0.29715 0
54.2221 8.18478 0.824267 1.9339 4.51985 1.55234 121615 0 1.69238 0.296185 0
37.9065 35.6291 1.35811 2.00512 4.79699 1.48247 161812 0 1.62164 0.291475 0
-35.2142 6.28824 -0.0998167 0.862211 0.920719 1.69719 118527 0 -1.31517 0.291429 1
11.6197 -5.78233 0.701265 0.877171 0.880704 1.58145 100890 0 -0.264615 0.291427 1
-61.6908 11.8969 -0.291886 1.71415 3.59945 1.44465 126869 0 1.9463 0.291123 0
-60.3248 17.3939 0.0143436 2.1053 4.72643 1.70879 134829 0 1.69244 0.290813 0
-57.7617 21.2703 0.276002 2.06317 4.66657 1.69392 140453 0 -1.32293 0.288538 0
-36.3113 34.3934 0.958791 2.09955 4.73905 1.6459 159708 0 2.05965 0.288465 0
55.1692 28.7303 1.42514 2.0818 4.68524 1.66803 151570 0 -1.56841 0.288354 0
-5.88382 44.0845 1.97568 2.20544 5.13206 1.83078 173843 0 1.50063 0.287596 0
15.1796 70.8108 2.28684 2.06578 4.67814 1.66352 213221 0 -1.57883 0.286473 0
-60.6284 17.4183 0.0102246 2.16073 4.73595 1.73777 134828 0 1.9644 0.286244 0
49.1135 20.3297 1.2113 2.01335 4.58146 1.54545 139383 0 1.62996 0.285687 0
19.3159 31.6204 1.453 2.11297 4.77407 1.51724 155670 0 1.6029 0.285534 0
51.7172 45.9191 1.84699 1.94589 4.32319 1.54979 176831 0 -1.39357 0.284129 0
52.9759 48.7948 2.13021 2.01322 4.49934 1.65247 181047 0 -1.38836 0.282351 0
31.2453 45.214 1.8042 2.07307 4.75982 1.59008 175831 0 -1.50368 0.281362 0
17.473 28.387 1.40338 1.94064 4.3984 1.45696 150984 0 1.59947 0.279825 0
-44.9655 58.6811 1.30787 2.38456 5.56545 1.84857 195249 0 -1.2925 0.27839 0
10.0832 -6.66895 0.715173 0.858165 0.857895 1.65814 99949 0 1.84785 0.27798 1
27.4561 -5.24863 0.673593 0.844719 0.987674 1.46232 101875 0 -1.50275 0.277715 1
28.1995 50.6798 1.96673 0.784218 0.737058 1.66364 183778 0 0.289904 0.277058 1
50.7672 43.4137 1.73828 1.93909 4.31791 1.5872 173084 0 -1.42018 0.27674 0
61.9907 30.5375 1.55469 2.08041 4.86496 1.7045 154399 0 -3.04591 0.27566 0
-57.446 21.5987 0.239181 2.0677 4.69028 1.71242 140922 0 -1.34272 0.274387 0
42.6382 56.8888 2.02136 0.807793 0.805774 1.77403 192715 0 0.0436956 0.273863 1
-69.2506 5.0588 -0.35824 2.05268 4.50622 1.68462 116549 0 1.8203 0.271071 0
-47.1718 52.5954 1.21453 2.4466 5.78434 1.98813 186350 0 -1.24734 0.270099 0
18.3607 28.9081 1.36606 1.98464 4.64708 1.48798 151923 0 -1.28447 0.270031 0
0.863968 43.1167 1.73926 2.08833 4.7857 1.59648 172460 0 1.3982 0.269783 0
33.7325 54.1973 1.74529 1.98185 4.45125 1.55182 188943 0 -1.58497 0.269099 0
-5.59133 59.0271 2.23068 2.00765 4.59993 1.63959 195840 0 1.61065 0.267954 0
55.8188 34.7239 1.62529 2.08008 4.74823 1.69478 160464 0 1.61544 0.264534 0
31.539 44.716 1.74826 1.98953 4.48505 1.55528 174896 0 -1.44714 0.26367 0
-4.32159 65.0796 2.47629 2.15054 4.88047 1.73323 204736 0 -1.46279 0.26333 0
49.4409 20.6155 1.24191 2.0755 4.72158 1.59475 139852 0 -1.6361 0.262979 0
-27.665 17.7559 0.635215 2.1309 4.72623 1.87813 135399 0 1.79772 0.262822 0
49.7385 22.8932 1.03858 1.97104 4.49543 1.53066 143129 0 1.52357 0.26107 0
-46.5758 12.0614 -0.130277 1.87172 4.05307 1.62843 126916 0 -1.19827 0.26107 0
14.1531 -3.27444 0.797279 0.825397 0.959204 1.71891 104642 0 1.44296 0.260015 1
1.09238 70.5531 3.4049 2.58195 6.27774 2.24843 212709 0 3.01782 0.25998 0
-31.2274 41.7844 1.14606 1.93306 4.3374 1.61743 170488 0 1.89557 0.257887 0
-62.4695 11.9442 -0.247904 2.10879 4.81235 1.63996 126866 0 1.9186 0.257342 0
-19.6298 38.558 1.08438 1.99372 4.4682 1.46556 165844 0 -0.906682 0.257303 0
-54.4767 47.8625 0.837694 2.32171 5.58673 1.87339 179307 0 -1.20313 0.257301 0
-4.34518 49.7099 2.01666 2.00971 4.51869 1.63176 182272 0 -1.58638 0.257244 0
51.9959 40.8142 1.5988 2.08565 4.76311 1.63012 169344 0 -1.51068 0.256491 0
-30.5887 4.05131 -0.045394 1.92571 4.40302 1.51876 115266 0 -1.33985 0.255855 0
-47.4752 52.2962 1.13044 2.4008 5.81916 2.0071 185881 0 -1.2639 0.254964 0
1.07113 69.9166 3.39417 2.23239 4.9768 1.93249 211773 0 3.07424 0.254907 0
-61.8118 14.5913 -0.230612 2.16941 5.00591 1.6446 130612 0 -1.40055 0.254229 0
31.2524 39.108 1.76225 2.01444 4.57553 1.52603 166939 0 -1.48833 0.251787 0
32.1159 27.6047 1.32829 2.02072 4.74743 1.52881 150094 0 -1.49139 0.251544 0
-44.6337 23.4204 0.385042 2.07361 4.59881 1.61923 143770 0 -1.24481 0.251502 0
0.869003 43.9206 1.72607 2.14357 4.94461 1.6063 173864 0 1.60851 0.251455 0
-35.0201 30.2784 0.524421 1.9304 4.43568 1.52181 153628 0 1.80191 0.250252 0
12.061 29.0523 1.39398 1.79608 4.07861 1.45262 151903 0 -1.49641 0.248649 0
54.8776 15.2078 0.833554 1.99263 4.52893 1.63985 131913 0 1.55413 0.248432 0
48.4796 20.3465 1.17006 2.02104 4.60362 1.55545 139381 0 1.51588 0.248095 0
-4.90031 58.7895 2.24865 1.83794 4.20004 1.56463 195374 0 -1.52264 0.247354 0
-47.9322 7.4044 -0.326027 1.78639 4.09988 1.52727 120360 0 -1.22309 0.24731 0
18.0662 -11.3291 0.604455 2.07606 4.43926 1.7327 92954 0 0.0674934 0.246979 0
-58.057 21.0024 0.318298 2.07102 4.63873 1.68592 139984 0 -1.29306 0.246799 0
-34.7273 30.2368 0.554318 1.9047 4.34159 1.48852 153629 0 -1.79903 0.245898 0
50.0908 44.3299 1.6708 1.99645 4.56967 1.60385 174486 0 -0.395177 0.245632 0
-46.4971 55.9227 0.977338 1.96053 4.50645 1.50326 191032 0 -1.26014 0.244295 0
-36.0422 31.4553 0.889091 2.03429 4.44283 1.56919 155497 0 2.17636 0.244074 0
-67.0246 12.324 -0.415925 1.94294 4.30512 1.51561 127320 0 -1.18045 0.24287 0
27.6463 -5.60207 0.661925 0.871676 1.15369 1.49711 101408 0 -1.46347 0.240872 1
-38.4767 22.3122 0.399278 2.13542 4.7766 1.82763 141917 0 1.82586 0.240865 0
-35.3495 30.5463 0.568966 1.96133 4.47107 1.52864 154095 0 2.03936 0.240726 0
38.5464 35.3973 1.4822 2.04401 4.76677 1.5791 161346 0 1.60204 0.240596 0
56.4801 23.1921 1.26179 2.04922 4.57911 1.66679 143618 0 -1.66346 0.239489 0
1.19131 52.3759 1.96575 2.1722 5.14423 1.78315 186033 0 1.5087 0.239177 0
-5.286 68.2862 2.57691 2.04848 4.68724 1.60794 209413 0 -1.45589 0.239119 0
49.1277 23.1979 0.985264 1.92479 4.21246 1.46807 143595 0 1.54048 0.238116 0
13.3052 46.6758 1.66771 1.93129 4.43048 1.53749 177647 0 -1.53088 0.238111 0
27.5025 -5.02641 0.69952 0.961351 1.13732 1.73926 102343 0 -1.47949 0.237118 1
10.2532 -5.84988 0.764315 0.901105 0.934737 1.71669 100886 0 -2.9125 0.237003 1
-45.2816 23.5302 0.412907 2.00126 4.37079 1.58255 143768 0 -1.29472 0.236993 0
-57.7295 21.9236 0.293101 2.02252 4.53946 1.69303 141389 0 -1.34764 0.236472 0
37.8719 26.9349 1.377 2.16187 4.96306 1.54598 149176 0 1.35631 0.23593 0
1.33752 43.4071 1.66248 1.77289 3.94432 1.45352 172930 0 1.52734 0.235129 0
49.143 23.7782 1.02386 1.93285 4.34429 1.48099 144531 0 1.5556 0.234556 0
-57.1399 21.9236 0.27439 2.05065 4.57951 1.72226 141391 0 -1.31809 0.234081 0
-20.0156 35.8965 1.32518 2.02145 4.52339 1.52365 162099 0 -1.10035 0.233934 0
2.66164 55.7303 2.28105 2.28351 4.99563 1.93484 191186 0 1.60112 0.233882 0
-0.132927 26.6064 1.36219 2.03287 4.71139 1.49298 148589 0 1.58288 0.23381 0
-4.34964 58.4938 2.16818 1.85729 4.20791 1.58987 194908 0 -1.49423 0.233067 0
-34.081 33.1829 0.960734 2.03698 4.66437 1.52894 157843 0 2.01309 0.231957 0
37.5707 35.0617 1.36687 1.62677 3.38629 1.49057 160875 0 -2.01226 0.229317 0
30.8833 21.3963 1.07279 1.75966 4.0857 1.37901 140730 0 -1.45275 0.229239 0
-25.0856 22.4982 0.671181 2.06759 4.62065 1.54722 142427 0 -1.41442 0.228642 0
38.553 44.5739 1.87247 1.86895 4.1228 1.52033 174918 0 1.60637 0.227536 0
68.6325 11.9773 0.817699 2.014 4.5284 1.64539 127276 0 1.58576 0.226331 0
38.8558 35.6626 1.55209 1.992 4.58603 1.56983 161815 0 1.59939 0.22616 0
54.889 14.2777 0.809374 1.96958 4.39709 1.65851 130509 0 1.58222 0.226004 0
-57.1601 21.2826 0.256943 2.06756 4.66685 1.71584 140455 0 -1.31672 0.225543 0
53.6484 8.18491 0.777168 1.72262 3.93395 1.49863 121613 0 1.70992 0.225382 0
55.8355 22.9105 1.27146 2.072 4.72017 1.69124 143148 0 -1.58125 0.224366 0
14.0034 73.5358 2.09729 1.7207 3.90934 1.38571 216961 0 -1.50376 0.224301 0
27.6382 -5.97014 0.574782 0.849116 0.975605 1.39414 100940 0 -1.45519 0.224168 1
-27.3682 18.0407 0.666012 2.13157 4.78078 1.87197 135868 0 1.78284 0.224129 0
-37.2819 22.0324 0.437071 2.11557 4.67136 1.82694 141453 0 1.82702 0.223622 0
69.2707 11.6945 0.802914 2.12622 4.80593 1.70305 126810 0 -1.40381 0.223218 0
13.8051 46.9479 1.70723 2.19457 5.2033 1.73083 178117 0 -1.56235 0.222775 0
37.0094 35.6781 1.35722 1.93466 4.44668 1.43013 161809 0 1.64826 0.222532 0
-67.363 11.6401 -0.440433 1.9057 4.25612 1.47773 126383 0 -1.14286 0.222515 0
-43.4388 23.1084 0.306867 1.98297 4.48808 1.65271 143306 0 -1.27015 0.221511 0
53.9765 5.07786 1.05937 1.84386 4.39769 1.79505 116934 0 1.68407 0.221507 0
-23.9303 22.5109 0.662391 2.05044 4.6727 1.60949 142431 0 -1.39861 0.221354 0
-5.86511 44.5454 2.01099 2.4102 5.75013 1.85367 174779 0 1.49342 0.221245 0
15.1559 65.004 2.05736 2.19485 5.07605 1.71727 204797 0 -1.55107 0.221154 0
-5.57428 49.4327 2.05134 2.15078 4.92178 1.77516 181800 0 -1.46111 0.221036 0
54.0294 11.3235 1.01765 1.7726 3.92977 1.57941 126294 0 1.59411 0.220326 0
55.5451 34.4395 1.50777 2.05091 4.73554 1.6636 159995 0 1.62245 0.220099 0
51.9439 46.1941 1.92787 2.12945 4.79887 1.67414 177300 0 -1.50864 0.219804 0
-47.4934 51.4005 1.11572 2.31882 5.47566 1.95446 184477 0 -1.31899 0.21888 0
37.3376 34.7921 1.41093 0.875836 1.15817 1.53445 160406 0 1.06634 0.218708 1
37.5659 20.9666 1.38654 2.01589 4.57551 1.53255 140283 0 -1.50247 0.218235 0
51.3322 43.9299 1.75292 2.14485 4.86142 1.72582 174022 0 -1.42927 0.217455 0
10.2855 -6.83834 0.728769 0.833269 0.808591 1.63163 99482 0 1.81439 0.216835 1
-68.7293 5.50172 -0.41993 1.86116 3.94848 1.6139 117487 0 2.098 0.216777 0
0.681572 28.9582 1.45206 1.67625 3.6785 1.39248 151868 0 1.64066 0.216607 0
14.6536 67.463 2.25427 1.83223 3.99459 1.63551 208071 0 -1.51669 0.216418 0
14.1861 -4.24817 0.845927 0.846325 1.04626 1.89053 103238 0 1.91368 0.216068 1
-5.8549 41.0203 1.78631 2.11567 4.69546 1.52472 169631 0 -1.52993 0.214815 0
-26.7305 17.1846 0.61367 2.09952 4.71928 1.80444 134466 0 1.48331 0.214768 0
33.7454 53.6616 1.76798 1.93696 4.34083 1.54139 188007 0 -1.46197 0.214569 0
-48.5694 4.58449 -0.196333 1.78225 3.73676 1.56832 116146 0 -1.22482 0.214286 0
37.2809 35.9348 1.34205 1.92324 4.40795 1.41983 162278 0 1.63418 0.214167 0
-4.6224 64.8348 2.50911 2.08842 4.7583 1.74688 204267 0 -1.51181 0.214009 0
-53.6984 48.0724 0.815439 2.1345 4.57107 1.63705 179778 0 -0.797635 0.213624 0
-0.547974 20.2112 1.35082 2.08254 4.72534 1.64282 139228 0 1.68714 0.213291 0
19.3619 46.8106 2.04019 2.0203 4.48675 1.6367 178134 0 1.493 0.213124 0
39.2072 53.5808 1.59813 1.95121 4.4479 1.53198 188024 0 1.89052 0.212739 0
54.5904 14.8884 0.809576 2.00844 4.54034 1.6775 131444 0 1.55148 0.212053 0
52.3102 40.5255 1.61968 2.04547 4.665 1.59991 168877 0 -1.48695 0.211326 0
-38.5085 22.7873 0.421164 2.23243 5.11167 1.88464 142853 0 1.89884 0.21057 0
50.0393 23.2061 1.08165 1.94822 4.30407 1.50059 143598 0 1.54135 0.209466 0
-45.0346 17.7126 0.0313 2.09998 4.74048 1.66922 135345 0 -1.20937 0.209405 0
30.9394 27.6059 1.24692 2.05473 4.88529 1.53389 150090 0 -1.52307 0.208075 0
49.4163 20.0535 1.22536 2.076 4.7531 1.58234 138916 0 -1.55333 0.208069 0
49.4404 22.597 1.05371 2.01438 4.58929 1.54063 142660 0 1.5816 0.207661 0
-4.69701 44.0961 1.96554 2.1002 4.8576 1.85348 173847 0 -1.48918 0.207399 0
50.0962 44.0265 1.64142 2.06401 4.7439 1.62065 174018 0 -0.932867 0.207021 0
-3.3891 64.54 2.39908 2.00369 4.52234 1.58014 203803 0 -1.45524 0.206779 0
-39.4355 19.7626 0.127954 1.77614 4.03457 1.51456 138170 0 1.87198 0.206496 0
13.8234 44.2298 1.70696 2.28001 5.28995 1.87344 174373 0 -1.59476 0.206345 0
-37.3466 22.4543 0.490994 2.24008 5.00757 1.85518 142389 0 1.88783 0.206165 0
2.01733 52.3797 1.8405 1.92753 4.32713 1.6072 186036 0 1.55006 0.205949 0
-67.0319 12.0207 -0.430433 1.84027 4.02572 1.47478 126852 0 -1.16213 0.205672 0
21.2812 67.0546 2.26656 2.07694 4.65751 1.70482 207624 0 1.68289 0.205452 0
26.8668 9.06095 1.07174 0.834648 0.999667 1.7178 122933 0 0.0434895 0.205443 1
48.843 22.895 0.978643 1.91358 4.26861 1.48026 143126 0 1.51504 0.205398 0
53.2334 49.0731 2.24431 2.21613 5.00377 1.83602 181516 0 -1.52166 0.204546 0
68.6359 11.7135 0.805829 2.03753 4.55318 1.65086 126808 0 1.30511 0.204297 0
-5.91164 29.2446 1.42083 2.06257 4.75733 1.56601 152315 0 -1.47113 0.203705 0
69.5937 11.9792 0.831812 2.09968 4.71304 1.69803 127279 0 -1.58757 0.203373 0
30.6173 18.9161 1.07749 1.90459 4.48303 1.44325 137453 0 -1.55283 0.203266 0
-62.2283 12.2173 -0.295752 2.12623 4.74435 1.60802 127335 0 1.97036 0.202817 0
37.9093 35.1131 1.37297 1.95607 4.61383 1.50673 160876 0 -1.60294 0.202371 0
-41.0983 11.4894 -0.0410351 1.68197 3.6854 1.43326 125997 0 1.88852 0.202213 0
9.90501 -5.85132 0.776061 0.862412 0.892567 1.72811 100884 0 -1.64221 0.201642 1
10.0187 -7.07673 0.768487 0.905779 0.917783 1.68827 99013 0 1.70281 0.20124 1
-58.3892 21.5623 0.296547 2.04709 4.63221 1.67915 140919 0 -1.24284 0.201081 0
38.8571 44.3729 1.84285 1.95882 4.40846 1.56187 174451 0 1.41215 0.201018 0
16.7941 -7.09126 0.723866 0.823632 0.8922 1.60788 99034 0 1.63701 0.199961 1
22.2222 67.0397 2.28363 2.02424 4.57181 1.65675 207627 0 1.71791 0.198705 0
39.5284 54.8784 1.88087 1.98527 4.43894 1.59798 189897 0 -3.10095 0.198611 0
21.2793 59.0561 2.24567 2.08216 4.5576 1.74951 195924 0 1.51588 0.197825 0
42.5064 57.0206 2.04542 0.831007 0.991797 1.79897 193182 0 0.0276765 0.197563 1
53.9473 7.90842 0.816832 1.71695 3.96489 1.5002 121146 0 1.7232 0.196537 0
39.8221 53.2812 1.61386 1.95754 4.4664 1.52438 187558 0 1.86214 0.196385 0
15.2662 55.0051 2.07932 1.92014 4.27538 1.68948 189821 0 -1.4307 0.196352 0
19.6596 40.5906 1.90528 1.91971 4.30041 1.45946 168775 0 1.61589 0.196145 0
-62.1969 11.4614 -0.2886 1.77375 3.97599 1.49009 125931 0 1.86911 0.196098 0
48.8268 20.0647 1.19602 1.93865 4.39238 1.51363 138914 0 -1.45013 0.195549 0
30.9243 18.5076 1.07965 1.73949 4.04794 1.41135 136518 0 -1.46246 0.195495 0
-46.172 23.5557 0.385305 2.12623 4.69274 1.63089 143765 0 -1.30164 0.194981 0
39.8154 53.5776 1.6535 1.95748 4.41149 1.53603 188026 0 2.30308 0.194223 0
-34.6987 33.2058 0.843311 1.94781 4.40646 1.51682 157841 0 1.97241 0.194222 0
-35.7364 34.3236 0.951161 2.11146 4.67325 1.64755 159710 0 2.09665 0.194171 0
52.6855 48.4991 2.06059 1.87885 4.17324 1.55474 180578 0 -1.3006 0.193892 0
-67.0798 11.0963 -0.452862 1.80994 3.83705 1.45473 125448 0 -1.16171 0.193669 0
-46.8777 52.8878 1.25432 2.47242 5.8026 1.95375 186819 0 -1.2532 0.19298 0
33.4415 54.4802 1.7567 1.87318 4.17719 1.48575 189410 0 -1.6441 0.192823 0
-6.85321 26.1557 1.58719 2.20586 5.12775 1.776 147632 0 1.5649 0.192752 0
-34.1377 33.6661 1.02036 2.12162 4.80476 1.57793 158779 0 1.93932 0.19229 0
-53.6183 47.2775 0.695911 1.58286 3.39325 1.41755 178374 0 -1.2671 0.192203 0
-34.4118 29.9721 0.555189 1.97173 4.40633 1.49642 153162 0 -1.27709 0.192129 0
-5.26276 49.6961 2.05392 2.16736 4.96765 1.74798 182269 0 -1.53976 0.191893 0
1.45268 52.0672 1.91258 2.08913 4.74906 1.70497 185566 0 1.51191 0.191568 0
-41.6497 11.9504 -0.0301554 2.12642 4.98013 1.65126 126931 0 1.91956 0.19152 0
40.9264 25.7535 1.30814 0.825664 0.905246 1.74633 147313 0 2.92055 0.191458 1
55.5252 23.1569 1.30947 2.04994 4.70669 1.68937 143615 0 -1.6057 0.191064 0
17.7673 29.1922 1.35794 1.93273 4.50583 1.49989 152389 0 1.63864 0.189966 0
52.6842 49.0955 2.09698 1.8841 4.1581 1.56416 181514 0 -1.40235 0.189657 0
50.1017 44.5917 1.7006 1.92866 4.31288 1.56333 174954 0 -0.0662528 0.189449 0
37.8774 45.9102 1.83173 1.93579 4.27624 1.55053 176788 0 -3.02159 0.189355 0
-4.99406 29.2217 1.25728 1.92439 4.5194 1.49128 152318 0 -1.50863 0.189098 0
32.5135 53.9997 1.67203 1.87305 4.23667 1.44228 188471 0 -1.45945 0.188669 0
-46.2751 52.614 1.16939 2.09137 4.5619 1.73665 186353 0 -1.30564 0.188279 0
18.165 31.6011 1.39455 1.95803 4.53721 1.5039 155666 0 1.59255 0.187595 0
-3.3745 55.8196 2.10448 2.03909 4.56262 1.58562 191167 0 -1.54215 0.186698 0
-3.68521 55.5438 2.08392 2.0735 4.67109 1.63864 190698 0 -1.57886 0.186473 0
-4.99593 44.5423 2.00279 2.12015 4.48426 1.77939 174782 0 -1.45773 0.186178 0
-34.699 30.0024 0.55673 1.99571 4.46241 1.51251 153161 0 -0.938076 0.18579 0
28.068 50.5325 2.01342 0.780828 0.739584 1.66474 183309 0 0.0753044 0.185298 1
1.51037 55.7484 2.46888 2.57639 6.18227 2.14707 191182 0 1.57071 0.185279 0
14.9175 64.2866 2.01265 1.95972 4.55549 1.54147 203392 0 -1.40665 0.185054 0
-58.0484 22.2406 0.340867 2.07093 4.64622 1.67616 141856 0 -1.31979 0.184928 0
-29.5271 9.44119 0.0593819 2.05908 4.5676 1.5205 123225 0 1.58508 0.184495 0
50.055 20.3353 1.27635 2.08041 4.74797 1.62536 139386 0 -1.61099 0.184491 0
11.6525 -5.40911 0.727442 0.879443 0.920479 1.66807 101826 0 -1.00329 0.183763 1
39.8273 54.5819 1.81685 1.93376 4.27938 1.55063 189430 0 -3.02961 0.183579 0
19.0578 45.9984 1.94953 2.01472 4.45981 1.67513 176729 0 1.52858 0.183366 0
18.4513 41.0166 1.73832 2.01441 4.66129 1.52138 169707 0 1.61145 0.183317 0
32.4024 45.224 1.78934 2.11943 4.82111 1.67101 175835 0 -1.52432 0.183232 0
18.4376 46.2877 1.90992 2.02206 4.56509 1.65985 177195 0 1.53782 0.180726 0
37.5245 34.7972 1.39894 0.943004 1.35734 1.48201 160407 0 -1.23925 0.180044 1
-36.3346 21.9419 0.43264 2.0961 4.72163 1.82597 141456 0 -1.67644 0.179772 0
-61.657 11.4534 -0.285653 1.59096 3.48604 1.42987 125933 0 1.87341 0.179717 0
54.5855 15.462 0.894011 1.98373 4.39466 1.61483 132380 0 1.58076 0.179408 0
36.9755 44.8589 1.74193 1.97923 4.47021 1.56536 175381 0 1.70895 0.179085 0
-5.37662 26.2892 1.50975 2.25537 5.42074 1.77169 148105 0 -1.49545 0.178409 0
20.9567 67.3423 2.29218 2.01216 4.50567 1.66889 208091 0 1.74084 0.178245 0
-6.20988 68.3681 2.54929 1.93238 4.39883 1.66569 209410 0 -1.50524 0.178141 0
-24.4606 22.7842 0.673414 2.03859 4.52063 1.56909 142897 0 -1.46892 0.178116 0
14.2809 70.8109 2.28724 1.95243 4.32876 1.57405 213218 0 -1.53916 0.178027 0
50.0601 23.8059 1.14875 1.94403 4.30238 1.49843 144534 0 1.52776 0.1776 0
-26.4155 17.1529 0.616569 2.12262 4.79174 1.80497 134467 0 -1.16892 0.177166 0
51.995 50.4047 2.12562 1.9916 4.44299 1.56599 183384 0 0.239785 0.177152 0
49.7769 20.8984 1.25474 2.04285 4.53087 1.58429 140321 0 -1.70118 0.177077 0
55.8036 15.2205 0.871222 2.01049 4.53974 1.67599 131916 0 1.59501 0.177003 0
-25.758 17.4324 0.611293 2.19748 5.09422 1.78584 134937 0 -1.3686 0.176301 0
18.6704 28.6847 1.38808 1.98666 4.56499 1.48493 151456 0 -1.53119 0.175971 0
50.9894 48.8203 1.71997 0.767395 0.757122 1.57738 181041 0 -1.63357 0.175868 1
-41.8122 9.21411 -0.143906 2.10369 4.72138 1.56942 122719 0 1.88148 0.1757 0
37.8641 44.877 1.84499 1.97 4.32506 1.52521 175384 0 1.55942 0.175695 0
54.8562 20.0116 0.947947 2.02841 4.49008 1.58456 138933 0 1.48097 0.175611 0
-28.6141 11.738 0.108555 2.05768 4.56745 1.59513 126504 0 -1.33491 0.174967 0
0.698669 31.6076 1.75877 1.90369 4.11434 1.78285 155612 0 1.6326 0.174734 0
33.1459 53.6728 1.7103 1.84874 4.12515 1.45862 188005 0 -1.41319 0.174722 0
-34.7523 30.484 0.535294 1.91732 4.34951 1.48765 154097 0 2.94115 0.174473 0
33.0948 56.5662 1.82113 1.80103 4.04513 1.4678 192217 0 -1.5826 0.17447 0
-19.9243 38.6067 1.16996 2.04022 4.57672 1.49343 165843 0 1.49705 0.174287 0
-0.533424 19.7768 1.3398 2.03363 4.6894 1.6495 138292 0 1.67117 0.173999 0
-35.0419 6.05054 -0.0877644 0.741255 0.778931 1.54137 118060 0 -1.30034 0.173985 1
14.4865 -4.00917 0.859686 0.834829 0.97214 1.74702 103707 0 1.77531 0.173825 1
-4.3078 55.8279 2.06991 2.01883 4.52055 1.64143 191164 0 -1.53351 0.173481 0
68.9544 12.2676 0.817491 2.05815 4.59822 1.68145 127745 0 -1.80867 0.173204 0
50.7249 43.9567 1.73282 2.09666 4.75092 1.64373 174020 0 -1.27077 0.173194 0
52.3025 41.0554 1.67571 2.10482 4.75986 1.6486 169813 0 -1.52924 0.173118 0
13.5407 47.4077 1.70235 2.12961 5.0573 1.64776 179052 0 -1.64303 0.173087 0
-0.49852 19.0915 1.39537 0.800647 0.915032 1.68165 137356 0 1.64257 0.172851 1
22.5473 66.7594 2.30082 2.05653 4.67935 1.65226 207160 0 1.71069 0.17284 0
14.8911 70.0067 2.2917 1.87782 4.10359 1.53576 211816 0 -1.50942 0.172665 0
-6.23618 49.7371 2.0593 2.09675 4.71331 1.78156 182266 0 1.67942 0.172432 0
-39.8535 16.9313 0.237504 1.76812 3.72464 1.68942 133957 0 1.81721 0.172228 0
15.5098 55.7188 2.20415 2.20744 5.02698 1.8912 191226 0 -1.5645 0.171837 0
32.183 54.2164 1.73368 1.86361 4.22093 1.45739 188938 0 -1.57362 0.170992 0
-58.6982 21.2936 0.335511 2.06394 4.62501 1.68836 140450 0 1.13646 0.170882 0
-48.1396 51.6748 1.15786 2.15852 4.86145 1.84776 184943 0 -1.26671 0.170808 0
68.9575 11.3943 0.787396 2.07341 4.63988 1.67743 126341 0 -0.904722 0.170698 0
-57.4434 20.7142 0.314671 2.09021 4.64717 1.7305 139518 0 -1.26289 0.170565 0
36.4118 30.2305 1.64182 2.12195 4.93194 1.77336 153851 0 -1.46769 0.170473 0
-36.5944 34.1459 0.914375 2.05555 4.62479 1.62115 159239 0 2.01696 0.170408 0
3.28325 55.4755 2.21027 2.03795 4.23318 1.78334 190720 0 1.54969 0.169708 0
0.0806198 25.8885 1.33195 1.9131 4.31217 1.45125 147186 0 1.35771 0.169568 0
-14.5512 71.1726 2.32271 2.15163 4.87333 1.84405 213596 0 -1.56888 0.169548 0
70.2274 11.691 0.898953 2.11846 4.70788 1.72922 126813 0 -1.50188 0.169003 0
56.7624 22.9429 1.22913 2.13672 4.77121 1.70345 143151 0 -1.62088 0.168982 0
19.6431 37.7126 1.81258 1.93484 4.30405 1.57699 164563 0 1.62438 0.168952 0
-15.8496 71.1986 2.30844 2.08271 4.77132 1.81155 213592 0 1.58251 0.168919 0
36.3322 20.7583 1.36113 1.83165 4.20276 1.49085 139811 0 1.62705 0.168754 0
-4.00094 56.1207 2.07345 1.99303 4.44589 1.61022 191633 0 -1.5048 0.168736 0
32.8031 54.4783 1.81307 1.83518 4.00386 1.44722 189408 0 -1.66967 0.168516 0
-7.75552 42.7034 1.52093 0.797857 0.739558 1.7671 171965 0 -2.70326 0.168077 1
51.0536 40.8125 1.72217 2.16163 5.01681 1.66946 169341 0 -1.50919 0.167978 0
38.9044 53.3066 1.58885 1.89647 4.44775 1.49737 187555 0 1.62452 0.167968 0
-42.9469 9.54725 -0.181301 2.10602 4.60719 1.58776 123183 0 1.88259 0.167855 0
40.9218 26.1183 1.27941 0.716709 1.33408 1.66071 147781 0 2.9468 0.16772 1
-60.2924 16.8828 -0.0425237 2.16866 4.68833 1.7227 133893 0 1.89672 0.167501 0
54.4927 7.89764 0.835866 1.98115 4.64582 1.62895 121148 0 1.68516 0.167422 0
48.1726 23.2052 1.12536 2.00858 4.54577 1.56124 143592 0 -1.69824 0.167347 0
39.8223 53.9028 1.69151 1.94028 4.34119 1.54031 188494 0 -3.12342 0.167071 0
55.1706 14.5485 0.828721 1.97797 4.48606 1.67125 130978 0 1.56301 0.166893 0
-5.92793 31.6376 1.73692 2.04603 4.66109 1.57466 155591 0 -1.49996 0.16655 0
-36.6832 22.1621 0.456792 2.12996 4.81283 1.82683 141923 0 1.83815 0.166237 0
39.2157 53.8785 1.66536 1.94293 4.41744 1.53853 188492 0 2.25162 0.166229 0
-49.6736 4.41022 -0.149144 2.42543 5.73379 1.94472 115674 0 -1.30462 0.165803 0
54.8213 11.5751 1.01041 2.32107 5.64456 1.92638 126765 0 1.57101 0.165772 0
-41.1065 33.4184 0.924388 1.99455 4.4337 1.543 158289 0 -1.10666 0.165459 0
-5.25681 48.8639 2.03052 1.97553 4.44073 1.60952 180865 0 -1.3491 0.165285 0
41.3287 25.7548 1.34393 0.801882 1.04186 1.67286 147315 0 3.13871 0.164851 1
19.9388 46.562 2.0153 2.17463 4.9878 1.73482 177668 0 1.53237 0.16456 0
13.8211 43.7669 1.6855 2.22377 5.10568 1.86165 173437 0 -1.56171 0.164194 0
48.5008 23.5113 1.04703 1.94395 4.36622 1.50476 144061 0 -1.65017 0.163863 0
10.275 -5.69163 0.752599 0.872229 0.891786 1.69711 101354 0 -2.97121 0.163699 1
-4.62751 59.2433 2.2991 2.09005 4.78437 1.65764 196311 0 -1.52123 0.163462 0
60.9426 24.1499 1.23241 2.02972 4.64706 1.68392 145036 0 3.1401 0.16335 0
1.74464 53.1854 1.93773 1.95662 4.4076 1.59026 187439 0 1.59612 0.163217 0
