44.313 -6.88546 1.30481 2.93597 7.76004 3.22016 99588 0 1.60759 0.974 0
18.4248 11.7465 0.976688 2.13926 4.87756 1.53521 126651 0 1.63699 0.950959 0
-6.85313 11.3407 1.01286 1.98035 4.56504 1.45131 126104 0 -1.47933 0.945774 0
10.6782 12.7438 1.1624 2.23024 5.17483 1.9057 128031 0 -1.57619 0.934873 0
-1.97895 11.0604 1.19206 2.05353 4.59373 1.81152 125651 0 1.61515 0.927502 0
-0.884521 17.09 1.34953 2.10367 4.83761 1.83549 134547 0 1.62795 0.917326 0
30.8665 9.34052 1.0693 2.02666 4.53594 1.72351 123414 0 -1.45416 0.899493 0
36.0667 9.0559 0.902801 1.98818 4.53569 1.53649 122962 0 1.66994 0.899308 0
30.6094 15.9185 1.11234 1.98363 4.41852 1.7245 132773 0 -1.48322 0.894048 0
63.1926 -3.45848 0.700373 2.09094 4.57438 1.81079 104795 0 -0.905101 0.890959 0
-36.428 -11.4069 -0.481827 2.15656 4.84852 1.96611 92784 0 0.0490665 0.88886 0
48.43 8.45879 0.838108 2.05814 4.67997 1.64774 122065 0 -1.48612 0.886849 0
17.3522 22.8436 1.42522 2.14379 4.88394 1.82263 143028 0 1.62882 0.880631 0
-18.757 19.7174 1.06398 2.12431 4.72704 2.00052 138235 0 1.70252 0.876683 0
-6.52028 17.4504 1.11837 2.06853 4.78552 1.52865 134997 0 -1.52995 0.862084 0
13.255 41.1543 1.92609 2.12859 4.98664 1.9121 169691 0 -1.53917 0.861309 0
-6.55233 20.2868 1.23745 2.10212 5.06554 1.45341 139209 0 -1.53492 0.860771 0
-19.0721 11.5441 0.919137 2.07176 4.61615 1.80079 126534 0 1.68467 0.860607 0
11.7199 22.274 1.36134 1.9293 4.30612 1.71696 142074 0 -1.54525 0.859108 0
-18.4124 14.0043 0.919065 2.10452 4.7767 1.85612 129812 0 1.76907 0.856931 0
-34.9575 6.23099 -0.0761321 0.869811 0.859183 1.66791 118528 0 -1.29225 0.854729 1
-44.7115 -11.1057 -0.641433 2.01645 4.49673 1.63597 93226 0 0.0233933 0.85318 0
18.6324 15.4171 1.16275 2.27008 4.97982 1.78804 132268 0 1.61031 0.851735 0
-42.9674 5.89301 -0.129106 1.8959 4.20653 1.49685 118035 0 1.89243 0.85049 0
10.6603 15.8582 1.21147 2.18005 5.04599 1.85475 132711 0 -1.55845 0.846221 0
-20.6605 32.712 1.29871 2.34851 5.49215 1.81069 157417 0 -1.20609 0.844819 0
31.1645 12.2929 0.954409 1.98978 4.80439 1.51929 127627 0 1.62778 0.843662 0
11.3727 19.4253 1.15986 1.9868 4.56134 1.55539 137861 0 -1.61336 0.83928 0
17.6978 20.0015 1.13074 2.07172 4.70808 1.52295 138817 0 1.62835 0.838795 0
49.0489 11.6586 0.936145 2.02011 4.63011 1.74808 126747 0 -1.49519 0.838113 0
48.5587 5.69701 0.876802 2.11518 4.7065 1.8038 117853 0 -1.47242 0.832562 0
-29.8639 6.64143 0.03815 2.15995 4.97788 1.62477 119012 0 -1.31042 0.83126 0
-19.6505 7.97034 0.796362 1.93539 4.50229 1.53391 120916 0 1.62151 0.828811 0
-0.435295 22.9032 1.46428 2.17679 5.12787 1.82135 142972 0 -1.48672 0.827197 0
7.90497 49.0725 1.78118 2.08252 4.62496 1.5735 181374 0 -0.0390367 0.817456 0
10.049 -5.68925 0.766242 0.866701 0.887138 1.78548 101353 0 2.80444 0.816179 1
12.9429 32.394 1.40718 2.10992 4.95722 1.50001 157054 0 -1.52559 0.813974 0
17.4282 25.7377 1.49974 2.27404 5.4385 1.71093 147240 0 1.64709 0.813894 0
0.127655 28.995 1.39166 1.98811 4.53507 1.5788 151866 0 1.61013 0.812224 0
-49.1308 4.55627 -0.170836 2.15028 4.84001 1.78224 116144 0 -1.3076 0.809895 0
-25.7289 -4.42987 -0.0987708 2.11018 4.68306 1.52964 103113 0 -1.69794 0.809718 0
-42.1147 -11.6423 -0.6205 1.97537 4.34249 1.59749 92298 0 0.0336207 0.805943 0
13.8805 38.1755 1.71735 2.07462 4.78921 1.69161 165481 0 -1.52838 0.805452 0
-58.1281 -4.87264 -0.531955 2.03632 4.35607 1.60612 102076 0 -1.54216 0.798651 0
0.208824 31.6417 1.72266 2.15919 5.00819 1.89504 155610 0 1.61328 0.795391 0
-6.52901 14.5268 1.0503 2.05364 4.82148 1.48879 130785 0 -1.48141 0.791795 0
27.0309 8.88407 1.06985 0.89024 0.989927 1.82522 122466 0 0.104881 0.791077 1
16.6828 -6.84322 0.710324 0.894992 0.999272 1.72589 99502 0 1.68283 0.783362 1
-0.160919 26.1386 1.32885 2.02811 4.66445 1.49645 147653 0 1.61289 0.781437 0
14.1586 -4.8688 0.804575 0.872768 0.999183 1.80884 102302 0 -1.44115 0.775327 1
11.6227 -5.69833 0.722557 0.863419 0.898152 1.71356 101358 0 -1.63667 0.772873 1
-18.4653 16.8405 0.767395 1.82001 4.08382 1.47964 134024 0 1.70484 0.770428 0
-40.1806 14.5027 0.0941212 1.99294 4.45482 1.55852 130680 0 1.85873 0.759829 0
-18.0861 22.8413 0.920431 1.99349 4.5125 1.54818 142917 0 1.59254 0.754861 0
19.022 37.9094 1.79574 2.0862 4.75636 1.6657 165029 0 1.59978 0.753894 0
11.6233 26.1822 1.29339 2.01235 4.85042 1.52423 147690 0 -1.52462 0.752793 0
-56.2473 27.2662 0.45521 2.09943 4.65678 1.59621 149350 0 -1.21268 0.751943 0
36.348 15.2964 1.10325 1.93662 4.48507 1.5181 131855 0 1.67477 0.751893 0
36.3319 12.0975 1.10977 2.07525 4.82948 1.72813 127175 0 1.59812 0.745466 0
-21.5659 29.9481 0.964644 2.06616 4.717 1.47671 153202 0 -1.29838 0.74314 0
14.9049 64.7341 2.08634 2.05546 4.67208 1.59141 204328 0 -1.53853 0.739688 0
15.2365 55.2468 2.12994 2.0129 4.49595 1.7227 190289 0 -1.47121 0.737457 0
-44.621 20.3379 0.195579 2.12295 4.79596 1.6271 139090 0 -1.31057 0.736837 0
-41.1316 11.7356 -0.000586301 1.76742 3.92987 1.4606 126465 0 1.91575 0.731993 0
-1.20045 14.1396 1.1268 1.90825 4.26845 1.56973 130334 0 1.69079 0.728269 0
-63.8307 6.88483 -0.272504 2.05625 4.50922 1.55814 119374 0 -1.27169 0.727241 0
14.9062 58.4276 1.96272 1.99202 4.54976 1.52134 194968 0 -1.43509 0.718881 0
12.5994 29.2534 1.34793 1.98293 4.67652 1.46737 152373 0 -1.46135 0.714009 0
13.3292 43.9892 1.73796 2.01532 4.48799 1.67879 173903 0 -1.55133 0.712364 0
14.1597 -3.99615 0.938025 0.886083 1.07765 1.97558 103706 0 1.76213 0.711238 1
9.82092 -6.80906 0.721061 0.906426 0.887977 1.65975 99480 0 1.93866 0.709611 1
30.8709 21.6473 1.06313 1.87079 4.29987 1.43181 141198 0 -1.5155 0.70698 0
-38.8889 19.6695 0.196475 1.98209 4.56793 1.51568 138172 0 1.81151 0.706207 0
-5.8744 26.1257 1.58122 2.09781 4.79084 1.71386 147635 0 -1.49828 0.703413 0
30.8615 18.7663 0.964908 1.87469 4.47536 1.44526 136986 0 -1.51968 0.702203 0
13.2983 47.124 1.67829 1.99714 4.50855 1.57215 178583 0 -1.62198 0.697117 0
-47.5236 9.76074 0.00998634 2.28207 5.17127 1.91761 123637 0 -1.26399 0.693606 0
53.9676 5.3782 0.916661 1.92177 4.60818 1.68823 117402 0 1.62529 0.693561 0
50.686 34.953 1.47151 2.08443 4.76737 1.55286 160916 0 -1.54238 0.684007 0
14.9267 67.6738 2.26316 2.01178 4.47214 1.72457 208540 0 -1.58521 0.676462 0
-27.7098 14.7795 0.47935 2.13795 4.85609 1.88075 131187 0 1.81087 0.66254 0
31.8381 38.8883 1.68937 1.89352 4.21688 1.53343 166473 0 -1.52844 0.660981 0
23.9473 22.2461 1.10958 2.06054 4.75075 1.55028 142112 0 -0.0549594 0.659739 0
31.51 35.7713 1.56617 2.08306 4.79567 1.67185 161792 0 1.61046 0.657884 0
-40.1114 17.136 0.224615 1.96175 4.34892 1.74572 134424 0 1.83163 0.657193 0
36.9997 30.1956 1.59298 2.29186 5.21241 1.8284 153853 0 -1.48083 0.654229 0
27.8827 -5.02718 0.691127 0.893631 1.00521 1.64242 102345 0 -1.57299 0.648946 1
-0.795853 20.0453 1.40454 2.09222 4.88892 1.65181 138759 0 1.67134 0.645418 0
31.2284 30.9571 1.29125 2.14945 4.9171 1.53144 154771 0 1.60202 0.641671 0
-61.5393 14.6336 -0.170301 2.08214 4.63624 1.58871 130613 0 -1.20694 0.632899 0
-5.58322 40.8439 1.80168 2.03772 4.62278 1.48476 169164 0 -1.51306 0.630038 0
-19.6709 35.3738 1.25588 2.03006 4.54289 1.5143 161164 0 -1.12352 0.629529 0
18.4344 31.8185 1.38696 2.05413 4.66344 1.5322 156135 0 1.6293 0.621618 0
-48.1475 7.20337 -0.24561 2.04106 4.55166 1.65175 119891 0 -1.28162 0.620994 0
14.9891 -4.42693 0.690401 0.779676 0.929998 1.42375 103240 0 1.79679 0.619933 1
23.8747 23.5101 1.12103 2.00589 4.40482 1.53493 143984 0 3.11771 0.61847 0
-28.639 9.20983 0.0963274 1.9748 4.42268 1.48212 122760 0 -1.36565 0.617148 0
-6.23674 31.9236 1.66253 2.24279 5.27938 1.61014 156058 0 1.60735 0.615664 0
14.2758 73.7638 2.16619 1.97486 4.47585 1.48562 217430 0 -1.55824 0.608677 0
-32.4986 39.147 0.936644 2.00736 4.51567 1.44591 166740 0 1.93064 0.604764 0
-46.5433 14.9388 -0.0333827 2.0281 4.33901 1.62037 131128 0 -1.25155 0.60143 0
-47.1917 12.3295 -0.2256 2.01103 4.49818 1.65945 127382 0 -1.24773 0.591372 0
19.0394 40.8193 1.83596 2.05265 4.78225 1.54303 169241 0 1.62088 0.586429 0
-31.8753 42.0176 1.29304 1.9931 4.40984 1.57414 170954 0 1.93038 0.568648 0
36.3163 21.0592 1.29671 1.92181 4.4096 1.49837 140279 0 1.6135 0.567253 0
1.07187 43.6715 1.67999 1.97053 4.47705 1.50292 173397 0 1.5293 0.560404 0
-5.27675 44.2859 2.03565 2.02729 4.58343 1.68972 174313 0 -1.48204 0.556069 0
4.60085 40.0448 1.85013 0.867578 0.765134 1.74886 168260 0 -0.0929189 0.534735 1
49.4499 14.5461 1.09885 2.01515 4.58129 1.60383 130960 0 -1.55558 0.531435 0
-62.228 11.6584 -0.173179 1.92477 4.35436 1.53224 126399 0 -1.24874 0.530712 0
41.1373 25.8038 1.18635 0.733685 0.674272 1.63117 147314 0 -2.35728 0.528865 1
-69.2552 5.28516 -0.298344 2.04458 4.65709 1.64059 117017 0 -1.51644 0.525146 0
-46.5805 56.1257 1.00633 2.01044 4.54334 1.47458 191500 0 1.88058 0.514276 0
-42.3883 9.4381 -0.0763243 2.13457 4.77004 1.60724 123185 0 1.85531 0.505747 0
-24.4997 22.494 0.716183 2.05134 4.58559 1.51071 142429 0 -1.46556 0.504067 0
-67.6876 11.0957 -0.298073 2.05804 4.45774 1.55964 125446 0 -1.19886 0.497196 0
-37.9531 22.4983 0.555406 2.07488 4.54637 1.81409 142387 0 1.79521 0.496622 0
-6.24451 22.9377 1.33646 1.84881 4.36908 1.42342 142954 0 -1.56966 0.495917 0
54.5584 11.3142 0.925091 2.09283 4.77218 1.66379 126296 0 1.5755 0.491692 0
-69.0111 5.26376 -0.31225 1.88833 4.18177 1.58318 117018 0 -2.12979 0.491252 0
37.3535 34.9317 1.43577 0.79312 0.799015 1.61587 160874 0 -0.314266 0.489339 1
15.0781 -4.51315 0.60405 0.745109 0.866287 1.18004 102773 0 1.78993 0.488558 1
-44.9516 58.4713 1.33394 2.29876 5.27589 1.83701 194781 0 -1.4573 0.477826 0
37.3492 34.8251 1.44833 0.809828 0.819612 1.63678 160406 0 0.02494 0.47576 1
-3.37775 64.7345 2.40674 2.19155 4.98318 1.70075 204271 0 -1.44927 0.47326 0
53.9262 8.39495 0.669237 1.98762 4.57457 1.56712 122082 0 1.66431 0.466123 0
2.11533 55.5048 2.28958 2.40442 5.45093 2.02173 190716 0 1.514 0.463621 0
-45.5967 17.7478 0.0130555 2.01789 4.47626 1.67338 135343 0 -1.26404 0.461872 0
27.3416 -6.16324 0.674061 0.879905 1.78834 1.67647 100471 0 -1.36495 0.449403 2
37.2847 26.8112 1.25037 2.04824 4.76581 1.51035 148706 0 -1.49197 0.448404 0
27.1185 -6.02245 0.663108 0.903558 1.05273 1.55027 100938 0 -1.3228 0.444084 1
-54.1971 47.8024 0.890674 2.1904 4.97494 1.68838 179308 0 -1.14415 0.440642 0
27.3157 -6.02158 0.662603 0.970101 1.33789 1.59897 100939 0 -1.37704 0.43311 1
27.735 -5.17709 0.715857 0.953793 1.05401 1.63139 101876 0 -1.62933 0.433005 1
37.6198 44.3598 1.75906 1.9598 4.36763 1.55184 174447 0 1.2389 0.424775 0
-19.3677 38.5063 1.05908 2.0918 4.79524 1.53479 165845 0 -1.17371 0.420125 0
31.8628 44.9887 1.78352 2.01425 4.50462 1.58964 175365 0 -1.43095 0.416035 0
17.7445 28.6511 1.38321 1.99385 4.59645 1.48084 151453 0 1.60861 0.415026 0
-43.9997 23.1276 0.389524 2.00821 4.51969 1.66174 143304 0 -1.30045 0.409678 0
-61.956 11.3954 -0.141663 1.64117 3.59265 1.41223 125932 0 -1.24218 0.397731 0
37.607 44.5761 1.77468 1.9962 4.5069 1.53638 174915 0 1.57691 0.396662 0
19.0257 46.5157 2.01963 2.00052 4.41491 1.61836 177665 0 1.56231 0.390997 0
31.5212 27.4411 1.25563 2.08439 4.80965 1.51397 149624 0 -1.52921 0.390903 0
-4.32074 58.7586 2.19576 1.92199 4.40914 1.6694 195376 0 -1.49909 0.388969 0
1.74059 52.6321 1.87191 1.97206 4.43043 1.61169 186503 0 -1.56911 0.384557 0
-47.2028 52.0038 1.24438 2.24902 5.11129 1.85533 185414 0 1.78903 0.384541 0
39.1812 54.8757 1.90994 2.01344 4.50397 1.6121 189896 0 -3.03558 0.383775 0
-4.92419 68.0656 2.58914 1.85227 4.26089 1.58838 208946 0 -1.48121 0.383317 0
41.0961 26.03 1.19484 0.81036 0.970992 1.67372 147782 0 -1.46795 0.381352 1
-34.7266 30.2178 0.638428 1.86928 4.22193 1.41072 153629 0 -1.38861 0.375513 0
-5.29525 29.0162 1.59984 2.08701 4.79616 1.56928 151849 0 -1.46717 0.371856 0
-27.05 17.4537 0.678662 2.09617 4.7621 1.80397 134933 0 1.73824 0.371048 0
32.1493 45.2306 1.79247 2.02715 4.55953 1.60833 175834 0 -1.50191 0.370614 0
-46.9325 12.5679 -0.203875 1.94632 4.28646 1.6276 127851 0 -1.22373 0.364885 0
-62.2231 11.9192 -0.186074 2.0297 4.58184 1.55308 126867 0 -2.13025 0.364357 0
-34.4174 33.4524 0.9013 2.0108 4.59693 1.55625 158310 0 1.95075 0.35456 0
18.0611 28.96 1.36695 2.00048 4.74497 1.49875 151922 0 1.60035 0.34762 0
-34.9737 6.04242 -0.0661509 0.820486 0.823194 1.51855 118060 0 -1.32794 0.347387 1
17.4722 28.3773 1.41087 1.96905 4.42351 1.47771 150984 0 1.61735 0.344266 0
19.3027 31.8325 1.43493 2.18561 4.93423 1.58241 156138 0 1.63915 0.340898 0
50.3619 14.5467 1.11772 2.03816 4.61757 1.67193 130963 0 -1.56321 0.339218 0
-67.4127 11.3019 -0.376064 1.84492 4.06184 1.48557 125915 0 -1.17258 0.338722 0
-46.9071 51.693 1.25166 2.01388 4.45571 1.7245 184947 0 -1.37849 0.337368 0
-27.355 17.7427 0.69513 2.10003 4.68831 1.82916 135400 0 1.74769 0.337051 0
-29.2287 9.40607 0.0427299 2.07153 4.61283 1.53285 123226 0 -1.25897 0.335499 0
27.1364 -6.133 0.690749 0.842766 1.28783 1.69046 100470 0 -1.3619 0.334345 1
44.983 -28.687 -0.0159103 1.95056 4.31375 1.57584 67766 0 -2.99657 0.33218 0
-46.9219 51.9949 1.24174 2.07628 4.56314 1.74464 185415 0 -0.139376 0.331845 0
14.1577 -3.8 0.873618 0.867993 1.04236 1.92098 104174 0 1.74158 0.33016 1
37.4793 34.9438 1.42787 0.831538 0.883555 1.64854 160875 0 -0.594597 0.330015 1
49.4513 20.6442 1.24987 2.04066 4.5455 1.62249 139852 0 -1.70265 0.324051 0
27.4121 -5.58002 0.594508 0.760573 0.859087 1.25587 101407 0 -1.45986 0.321705 1
33.1117 56.82 1.86346 1.88176 4.18501 1.5185 192685 0 -1.71607 0.320871 0
-5.28771 40.5909 1.76375 1.95508 4.45135 1.47942 168697 0 -1.46782 0.317211 0
54.4876 5.5183 0.867962 2.18232 5.48346 1.88752 117872 0 1.63997 0.314576 0
-5.32488 31.8273 1.67675 2.05839 4.87873 1.57745 156061 0 -1.49784 0.314188 0
21.2718 59.4113 2.38947 2.0682 4.54197 1.75006 196392 0 1.50151 0.312274 0
-6.85529 23.16 1.38922 2.00646 4.69202 1.4881 143420 0 -1.55616 0.310924 0
-47.4999 51.7012 1.23555 2.3937 5.70605 1.93856 184945 0 1.74058 0.305307 0
37.484 34.824 1.45041 0.825512 0.86546 1.62827 160407 0 -0.224271 0.305132 1
-46.9275 52.2894 1.243 2.16421 4.79227 1.75864 185883 0 1.73358 0.303792 0
-61.9722 11.9194 -0.162973 1.89665 4.14112 1.4895 126868 0 -2.42109 0.302369 0
28.2154 50.7262 1.78988 0.769807 0.728975 1.62614 183778 0 2.53902 0.301854 1
28.0969 50.7361 1.78924 0.734732 0.675573 1.63416 183777 0 2.81014 0.300386 1
-45.0059 17.6944 -0.0154535 2.06939 4.62138 1.69549 135345 0 -1.25455 0.297581 0
-35.0861 5.56274 -0.179308 0.749771 0.786497 1.31046 117592 0 -1.35663 0.296725 1
-47.4596 12.0838 -0.144567 2.05809 4.57839 1.64657 126913 0 -1.28054 0.293569 0
-35.1099 5.34061 -0.262072 0.696236 0.712837 1.18482 117124 0 -1.66107 0.292413 1
31.5645 38.6649 1.66899 1.80149 4.02342 1.52116 166004 0 -1.51367 0.292337 0
-37.3037 22.2422 0.57692 2.0883 4.64211 1.84518 141921 0 1.73698 0.290999 0
51.0272 47.5011 1.88228 2.02679 4.48395 1.63657 179169 0 0.906763 0.290827 0
21.2751 55.2054 2.21125 2.00366 4.41593 1.62563 190308 0 1.54298 0.290456 0
30.3173 18.9301 0.966783 1.79164 4.18694 1.44025 137452 0 -1.54565 0.290358 0
36.6713 26.9717 1.20901 2.04712 4.75793 1.49889 149172 0 1.64778 0.290353 0
17.7652 29.2238 1.33292 1.95937 4.51696 1.51977 152389 0 1.6297 0.289796 0
9.90538 -5.69444 0.767152 0.867579 0.883804 1.79968 101352 0 2.5939 0.288033 1
-47.2085 52.6112 1.28413 2.4038 5.52892 1.90802 186350 0 1.8816 0.28713 0
-25.0704 22.3251 0.719765 2.06036 4.59062 1.51345 141959 0 -1.39638 0.285934 0
-31.2504 41.7424 1.26269 2.01043 4.43703 1.5289 170488 0 1.88052 0.285585 0
41.1074 26.403 1.13555 0.685798 1.41674 1.49461 148250 0 -2.39939 0.284811 1
15.194 70.5638 2.18617 2.06305 4.64965 1.62586 212753 0 -1.58105 0.284593 0
-62.4831 11.4072 -0.155449 1.99151 4.56005 1.58795 125930 0 -1.26527 0.28271 0
-16.2785 -14.5326 0.313542 0.846949 0.892123 1.66392 88167 0 -1.80629 0.282635 1
-25.749 22.5481 0.742469 2.07866 4.62475 1.50151 142425 0 1.71292 0.281156 0
37.6138 44.0579 1.77409 1.96198 4.31337 1.58561 173979 0 0.806691 0.280951 0
-39.121 19.47 0.164733 1.7741 4.13602 1.48508 137703 0 1.8425 0.28003 0
24.0453 22.8628 1.11838 2.32347 5.18901 1.59264 143049 0 3.12959 0.279766 0
-44.1069 20.3375 0.206289 1.69049 3.60799 1.5088 139092 0 -1.29848 0.279512 0
-69.0383 5.49555 -0.315291 2.01864 4.48483 1.61927 117486 0 2.72836 0.279026 0
32.1462 44.7039 1.73765 2.02125 4.60729 1.60495 174898 0 -1.4095 0.278704 0
41.3187 25.7672 1.19259 0.6991 0.634684 1.61351 147315 0 -2.67277 0.275658 1
13.2754 46.6737 1.69456 1.93886 4.41058 1.56141 177647 0 -1.50018 0.275246 0
-44.0092 58.1636 1.32516 2.07733 4.6921 1.75879 194316 0 -1.28783 0.275129 0
19.9633 40.8219 1.92927 1.93717 4.26817 1.51613 169244 0 1.61506 0.274934 0
-5.90211 29.2361 1.6061 2.10473 4.76205 1.57436 152315 0 -1.46134 0.274913 0
-47.9364 7.40676 -0.222965 1.82323 4.09424 1.57756 120360 0 -1.23583 0.273844 0
-45.5738 58.6866 1.30617 2.18151 5.02972 1.84801 195247 0 -1.32794 0.27264 0
14.053 -4.7802 0.818756 0.893385 1.00193 1.85358 102769 0 -1.39314 0.272298 1
20.978 55.4946 2.2377 1.95767 4.30689 1.58336 190775 0 1.5323 0.270715 0
12.0784 29.0332 1.35712 1.75122 3.95752 1.43957 151903 0 -1.4816 0.269942 0
-38.2313 41.4683 1.22068 1.97293 4.43599 1.57949 169998 0 -1.23365 0.269485 0
39.4585 54.5938 1.81461 1.96311 4.32696 1.5865 189429 0 -2.94116 0.268797 0
-27.0652 18.0401 0.712577 2.11719 4.76966 1.82618 135869 0 1.74411 0.268759 0
-2.74348 37.3052 2.24426 0.865899 0.874205 1.70056 164025 0 -1.38232 0.268658 1
-0.496948 19.1002 1.39982 0.80945 0.908648 1.69622 137356 0 1.59009 0.265684 1
-45.8795 17.4965 0.0119546 1.99383 4.43812 1.66622 134874 0 -1.27672 0.265649 0
-47.1309 15.1773 -0.0411657 2.24051 4.92164 1.71535 131594 0 -1.22702 0.265585 0
51.021 47.2456 1.86697 1.94971 4.33462 1.58244 178701 0 0.392369 0.264973 0
52.9708 49.1048 1.94529 1.96793 4.3902 1.65926 181515 0 -1.58388 0.264595 0
51.7171 46.5338 1.72749 1.98934 4.50643 1.59428 177767 0 -1.58523 0.264012 0
68.9542 11.9591 0.648671 2.04689 4.63964 1.6956 127277 0 -1.48752 0.262247 0
-53.6955 47.5301 0.87248 1.75592 3.67286 1.47662 178842 0 -1.05283 0.259614 0
-35.3609 30.49 0.633354 1.87581 4.25561 1.43673 154095 0 1.8472 0.259477 0
34.4114 31.1956 1.3202 0.684803 0.661186 1.57942 155249 0 2.7403 0.25941 1
32.1316 35.8971 1.64108 2.32915 5.30989 1.73085 162262 0 1.54825 0.258237 0
50.7288 47.5006 1.86777 1.93313 4.26748 1.57764 179168 0 0.384163 0.257219 0
-42.6684 9.20661 -0.100765 2.15241 4.73234 1.6379 122716 0 1.82023 0.256792 0
-34.9829 33.5066 0.87701 1.92537 4.4587 1.54828 158308 0 1.96807 0.256778 0
-61.6937 11.6352 -0.181389 1.67405 3.61329 1.40483 126401 0 -1.18189 0.255976 0
-45.966 55.8827 1.01037 1.99344 4.55995 1.48099 191034 0 2.48343 0.255218 0
-32.4238 42.3123 1.292 2.21351 5.30833 1.75935 171420 0 1.94057 0.254314 0
43.0377 26.3884 1.39956 2.02097 4.5883 1.60997 148256 0 -1.57046 0.254238 0
49.118 20.3869 1.23382 2.04353 4.53327 1.61831 139383 0 -1.61966 0.254112 0
-47.5929 7.1159 -0.195228 1.75869 3.85121 1.5756 119893 0 -1.26179 0.253178 0
9.96788 -6.64838 0.719649 0.870392 0.86206 1.6465 99949 0 2.00188 0.252969 1
2.68154 55.7505 2.22628 2.3435 4.99734 1.96463 191186 0 1.55012 0.252687 0
-44.0486 58.3001 1.34022 2.1641 4.79026 1.80267 194784 0 -0.350287 0.251262 0
-4.29054 64.8436 2.46088 2.13933 4.84862 1.75789 204268 0 -1.32998 0.251033 0
14.1713 -4.23008 0.853075 0.859873 1.03888 1.92534 103238 0 1.73203 0.251009 1
31.7602 31.0847 1.29571 2.47338 6.20586 1.62767 155241 0 1.59756 0.248988 0
51.3085 47.5209 1.85949 2.15664 4.87443 1.72005 179170 0 -3.04267 0.248485 0
-41.6669 11.7268 -0.0337055 2.09142 4.87004 1.60676 126463 0 1.90378 0.247776 0
54.8654 20.0148 0.963232 1.97255 4.41398 1.5489 138933 0 1.52139 0.247602 0
-47.4964 51.3869 1.22062 2.38013 5.63714 1.9437 184477 0 1.44993 0.246946 0
-19.9317 35.1144 1.31909 2.0221 4.50325 1.50896 160695 0 -1.16683 0.246775 0
-35.6612 30.2958 0.685869 1.90978 4.22711 1.42169 153626 0 1.61914 0.246766 0
70.2413 12.0045 0.748033 2.04185 4.55136 1.70054 127281 0 -1.58769 0.245997 0
53.3492 8.25025 0.684779 1.68104 3.84766 1.47877 121612 0 1.68975 0.244971 0
18.4391 46.3121 1.88823 1.99745 4.57516 1.65377 177195 0 1.58216 0.243438 0
-45.5798 17.1911 0.0150857 1.962 4.32048 1.66323 134407 0 -1.22548 0.243264 0
41.1169 26.6348 1.15737 0.799435 1.96701 1.42498 148718 0 -3.07634 0.242574 0
30.8757 18.5019 0.967269 1.75448 4.00725 1.42584 136518 0 -1.48974 0.242573 0
-19.0367 37.9807 0.990772 2.01165 4.60789 1.4979 164910 0 -1.17961 0.24081 0
-5.55239 68.2919 2.67437 2.0062 4.60851 1.61179 209412 0 -1.46895 0.240677 0
-4.36126 68.2358 2.68964 2.08819 4.7248 1.69609 209416 0 -1.48703 0.240186 0
31.2409 45.2507 1.78657 2.03687 4.67625 1.56082 175831 0 -1.51841 0.239861 0
-38.4954 22.7854 0.517283 2.21287 5.12345 1.86909 142853 0 1.80878 0.239299 0
9.8884 -5.8158 0.759223 0.858485 0.871048 1.76861 100884 0 2.22966 0.239202 1
61.9421 29.9372 1.65683 2.08895 4.66941 1.75378 153463 0 -3.04808 0.239063 0
-3.74121 58.9927 2.25793 2.24611 5.34818 1.88328 195846 0 -1.50003 0.23882 0
20.985 54.9222 2.21354 1.93077 4.26611 1.57766 189839 0 1.61773 0.2387 0
1.36566 43.9507 1.69722 1.86688 4.14834 1.47663 173866 0 1.63737 0.237823 0
36.9158 21.1856 1.34261 1.99622 4.61817 1.53037 140749 0 1.60212 0.235855 0
2.04612 52.8863 1.86759 1.92737 4.30389 1.56102 186972 0 -1.54392 0.235083 0
-68.7348 5.21693 -0.33959 1.70188 3.60066 1.51439 117019 0 -1.6139 0.23434 0
14.8143 73.9812 2.37348 2.2245 5.04142 1.74691 217900 0 -1.63644 0.233745 0
30.6198 38.9137 1.6193 1.94459 4.47982 1.56642 166469 0 1.53583 0.232866 0
27.4508 -5.31454 0.620818 0.739575 0.909737 1.26233 101875 0 -1.5837 0.23258 1
50.0203 20.9401 1.16813 2.16639 4.86841 1.69385 140322 0 -1.75876 0.231463 0
32.8178 57.0436 1.87217 1.94752 4.42676 1.53278 193152 0 -1.59659 0.230428 0
1.48306 55.2414 2.33776 2.38356 5.76083 2.07889 190246 0 -1.68675 0.229145 0
38.1758 44.3663 1.78609 2.00808 4.54911 1.571 174449 0 1.45569 0.229003 0
-35.2711 5.32669 -0.227018 0.725659 0.733251 1.2607 117123 0 -1.58742 0.228998 1
32.1177 27.6201 1.29031 2.02937 4.71722 1.5227 150094 0 -1.50615 0.228574 0
27.613 -5.57223 0.661209 0.813533 1.03998 1.42338 101408 0 -1.48739 0.228167 1
-38.2307 41.1403 1.16437 1.95006 4.41441 1.56061 169530 0 -1.24842 0.227691 0
-61.9378 11.1172 -0.132935 1.58662 3.39603 1.39765 125464 0 -1.2538 0.227282 0
61.8476 28.9693 1.53879 2.14918 4.83529 1.7815 152059 0 0.11366 0.226828 0
53.9992 11.1017 0.926857 1.67356 3.72632 1.50295 125826 0 1.65354 0.22644 0
-45.9857 56.0717 1.02824 2.03292 4.54245 1.49097 191502 0 1.83855 0.226241 0
31.2401 39.096 1.72969 1.97897 4.4405 1.5399 166939 0 -1.52193 0.225438 0
37.8443 26.9466 1.30615 2.16956 4.92446 1.5668 149176 0 -1.48923 0.225303 0
11.4977 -5.79395 0.711194 0.857534 0.903606 1.71078 100889 0 -1.55354 0.225246 1
2.66102 55.2821 2.21082 2.22448 4.89853 1.92058 190250 0 1.46521 0.224991 0
-53.6943 47.7892 0.908076 1.95322 4.17804 1.54348 179310 0 -0.882009 0.224265 0
42.6765 56.826 2.02047 0.808808 0.811746 1.74918 192715 0 0.107761 0.224079 1
-35.9893 30.539 0.716243 1.90627 4.17766 1.4329 154093 0 1.75506 0.223768 0
-19.7055 35.904 1.27177 2.03997 4.55194 1.51956 162100 0 -1.09033 0.223611 0
-2.75265 64.5502 2.39466 1.99855 4.54295 1.682 203805 0 -1.4553 0.223205 0
68.652 11.7269 0.639402 2.03456 4.57812 1.6877 126808 0 0.807337 0.222862 0
-6.26245 22.6405 1.29917 1.74548 3.92798 1.36143 142486 0 -1.59558 0.222765 0
19.6559 46.5388 2.03875 2.07231 4.60762 1.67712 177667 0 -0.214588 0.222504 0
14.6436 58.1883 1.90663 1.80466 4.10235 1.45454 194499 0 -1.408 0.222296 0
12.738 46.9224 1.6869 1.67614 3.48508 1.41104 178113 0 -1.58996 0.221935 0
-0.15583 26.6063 1.35364 2.03279 4.67406 1.54539 148589 0 1.6525 0.221929 0
12.8969 29.5123 1.3619 2.03461 4.81335 1.51336 152842 0 -1.51248 0.221268 0
-26.7552 17.1596 0.664539 2.07769 4.66883 1.7724 134466 0 1.67009 0.220591 0
39.1807 53.5973 1.61673 2.01219 4.53977 1.54186 188024 0 -2.72969 0.220562 0
-38.4691 22.3164 0.494163 2.1199 4.78317 1.80489 141917 0 1.751 0.22008 0
-69.5232 5.53104 -0.2893 2.25232 5.28435 1.7868 117484 0 -1.26542 0.220077 0
44.9253 -29.2206 -0.0942729 2.18142 4.82864 1.71719 66830 0 -2.81102 0.219457 0
-34.9875 30.0176 0.642978 1.97428 4.43652 1.44471 153160 0 0.536762 0.219158 0
15.4434 67.9008 2.24741 2.33129 5.52881 1.92624 209010 0 -1.60077 0.218946 0
69.5917 11.7266 0.675075 2.0691 4.63135 1.68027 126811 0 -1.45173 0.218875 0
33.7167 56.8074 1.87777 1.93744 4.33576 1.60503 192687 0 -1.58577 0.218107 0
60.9906 23.1914 1.22414 2.02968 4.60295 1.68202 143632 0 0.125178 0.217983 0
-46.8833 52.935 1.24978 2.31941 5.31616 1.80265 186819 0 1.88288 0.217882 0
53.9253 28.9613 1.44079 2.00948 4.64258 1.56905 152034 0 -1.74321 0.217874 0
-19.1402 35.3368 1.20682 2.06443 4.56913 1.54116 161166 0 -1.11217 0.217745 0
14.9079 70.838 2.16158 1.99983 4.48684 1.56991 213220 0 -1.586 0.217634 0
53.6067 28.9426 1.4192 1.97127 4.53168 1.54806 152033 0 2.66222 0.216889 0
-19.953 38.5941 1.20212 2.02573 4.47878 1.5152 165843 0 -1.22498 0.216709 0
14.905 70.3013 2.17266 1.97664 4.42736 1.55225 212284 0 -1.55327 0.216016 0
18.4523 41.0199 1.79374 1.99439 4.6286 1.52619 169707 0 1.62325 0.21548 0
30.934 27.6126 1.24728 2.08122 4.86305 1.54351 150090 0 1.27182 0.214803 0
61.2246 24.182 1.35716 2.10798 4.64038 1.69055 145037 0 -3.00703 0.214641 0
26.8645 8.87835 1.06692 0.911507 0.998606 1.81606 122465 0 0.127886 0.214482 1
-44.5914 58.1962 1.36413 2.07667 4.57077 1.73512 194314 0 -1.62545 0.214354 0
40.9119 26.0779 1.14145 0.726401 0.893738 1.62469 147781 0 -0.544126 0.214258 1
52.6741 48.8234 1.93291 1.82709 4.04119 1.53778 181046 0 -1.49708 0.211883 0
-35.2643 5.55261 -0.134292 0.764684 0.819196 1.32958 117591 0 -1.37093 0.211797 1
15.7385 55.4305 2.20597 2.29451 5.35305 1.88438 190759 0 -1.52236 0.211762 0
51.6841 46.8497 1.7753 2.0799 4.7277 1.64709 178235 0 -1.35806 0.21122 0
-47.197 51.0946 1.22027 2.29767 5.2074 1.86423 184010 0 -1.41248 0.211045 0
13.3902 38.0408 1.74466 1.75637 3.79783 1.5936 165011 0 -1.5232 0.210713 0
-33.8327 33.3995 0.988885 2.14224 4.91409 1.59744 158312 0 1.88154 0.210037 0
32.8236 56.5252 1.80934 1.95114 4.41221 1.51241 192216 0 -2.31061 0.209136 0
-1.07916 19.7659 1.41801 2.1048 4.99086 1.68705 138290 0 1.68252 0.208647 0
-18.9345 17.0171 0.770238 2.09442 4.94298 1.58907 134490 0 1.71572 0.208506 0
-48.5568 4.56558 -0.238342 1.7858 3.85716 1.61852 116146 0 -1.27031 0.207959 0
-3.35261 55.8008 2.01035 2.04897 4.63905 1.5671 191167 0 -1.55209 0.207884 0
-5.2922 59.0472 2.21959 2.01079 4.6256 1.67801 195841 0 1.6361 0.207078 0
-38.5489 40.4802 1.19779 1.9852 4.44817 1.61125 168593 0 -1.18193 0.206963 0
10.2712 -5.63364 0.755418 0.849694 0.86472 1.74614 101354 0 2.61215 0.206501 1
-24.487 22.0164 0.716903 2.01053 4.45933 1.55676 141493 0 -1.33449 0.205685 0
-49.6648 4.40125 -0.172291 2.48085 5.77332 1.93356 115674 0 -1.33987 0.205298 0
-46.6217 51.9917 1.23788 1.90216 4.2174 1.65274 185416 0 -1.3775 0.20464 0
48.5062 20.5859 1.14663 2.04554 4.70982 1.63261 139849 0 -1.7635 0.204512 0
0.818405 70.8982 3.13338 2.24965 5.15809 1.92938 213176 0 1.78981 0.204277 0
-46.2125 18.0308 0.0545854 2.09618 4.63236 1.68992 135809 0 -1.3025 0.204086 0
-38.8344 41.4544 1.27491 2.02033 4.53411 1.58103 169996 0 -1.28649 0.202894 0
13.8125 43.7638 1.69655 2.21757 5.11975 1.81299 173437 0 -1.52694 0.201831 0
43.3092 26.1131 1.42676 2.1369 4.95894 1.70197 147789 0 1.591 0.201495 0
-5.02008 41.0128 1.76376 2.09979 4.72187 1.54034 169634 0 -1.57612 0.201392 0
-40.1614 33.7476 0.882486 1.93785 4.33391 1.50696 158760 0 -2.56844 0.201281 0
-69.5129 5.04345 -0.281172 2.15622 5.00442 1.72476 116548 0 -1.37033 0.201256 0
-6.16615 44.2975 2.01675 2.14923 5.03978 1.79118 174310 0 1.57811 0.201231 0
31.8555 45.5197 1.84369 1.93117 4.24156 1.55307 176301 0 -1.5329 0.201198 0
-62.4808 11.9262 -0.180535 2.1105 4.91934 1.65406 126866 0 -1.38972 0.200283 0
2.08775 54.9585 2.22715 2.41544 5.30125 1.99174 189780 0 1.54273 0.199854 0
-5.6632 32.0437 1.68723 2.22957 5.25133 1.59147 156528 0 -1.14805 0.199657 0
9.55513 -6.87318 0.725984 0.855064 0.906075 1.64576 99479 0 2.26502 0.199542 1
27.2143 8.86345 1.03862 0.904233 0.980927 1.80447 122467 0 0.12578 0.199344 1
11.1601 26.1323 1.3166 1.71531 3.73807 1.4869 147688 0 -1.53927 0.199245 0
18.7389 46.7896 1.99926 1.98844 4.33937 1.62135 178132 0 1.54271 0.199113 0
13.0515 43.7614 1.74704 1.87314 4.04375 1.66056 173434 0 -1.52479 0.198922 0
-2.76022 37.5652 2.56647 0.911303 0.927658 1.7469 164493 0 -0.355707 0.198826 1
42.9874 54.8803 1.84625 0.819975 0.816211 1.62138 189908 0 -2.35568 0.19877 1
33.4441 53.9439 1.72636 1.87454 4.16354 1.5006 188474 0 -1.43838 0.197536 0
-24.1743 22.793 0.726949 2.04544 4.53746 1.53336 142898 0 -1.48141 0.197509 0
51.3646 46.893 1.7919 1.96478 4.38818 1.57774 178234 0 -0.611617 0.197373 0
1.34568 43.4223 1.67655 1.76666 4.00915 1.47077 172930 0 1.49871 0.196703 0
10.204 15.8096 1.20146 1.90562 3.93905 1.75723 132709 0 -1.56352 0.195664 0
54.5542 20.2917 0.959521 2.00583 4.4129 1.56837 139400 0 1.51274 0.195084 0
-37.9698 41.712 1.29041 1.98073 4.42651 1.58699 170467 0 -1.15198 0.194753 0
-53.9172 47.2746 0.847587 1.74164 3.89094 1.4534 178373 0 -1.34568 0.194693 0
20.9598 59.1227 2.36459 2.03722 4.54201 1.71051 195923 0 1.49837 0.194524 0
-35.3638 33.9949 0.937222 2.05715 4.71889 1.60461 159243 0 2.06675 0.194054 0
-5.87737 44.5344 2.03346 2.30253 5.45193 1.81564 174779 0 1.22671 0.193669 0
0.85553 43.1271 1.75076 2.07607 4.74936 1.59617 172460 0 1.39618 0.193374 0
-5.92101 31.6401 1.70431 2.04704 4.77267 1.54476 155591 0 -1.25342 0.192968 0
19.6584 46.2881 2.01591 2.05717 4.55003 1.67311 177199 0 1.5567 0.192763 0
1.09887 71.1759 3.23343 2.16647 4.86072 1.89568 213645 0 1.55603 0.19253 0
-44.9846 17.1834 -0.0194586 1.95991 4.38883 1.65815 134409 0 -1.18359 0.192442 0
1.18836 52.3825 2.00136 2.11381 4.94582 1.76959 186033 0 1.52394 0.192282 0
38.948 54.2732 1.73136 1.92343 4.21141 1.53465 188959 0 -3.06513 0.192217 0
-4.72117 44.0917 1.95185 2.00953 4.69601 1.73724 173847 0 -1.49596 0.192164 0
3.67003 57.1078 2.19048 2.42859 5.57531 2.06172 193061 0 2.98025 0.191792 0
37.2063 12.0601 1.07428 2.12867 4.96923 1.72705 127178 0 1.62515 0.191449 0
30.8642 21.3975 1.06373 1.68507 3.92222 1.38983 140730 0 -1.4863 0.191079 0
15.4347 67.4547 2.16452 2.22905 5.23243 1.86429 208074 0 -1.50587 0.191044 0
-46.6112 15.4086 -0.0164433 2.188 4.70052 1.69257 132064 0 -1.19286 0.190815 0
0.827621 70.5775 3.15176 2.40919 5.58687 2.06363 212708 0 2.63145 0.190241 0
-38.2316 40.8077 1.1628 1.9704 4.44671 1.57481 169062 0 -1.22663 0.189288 0
-0.519867 19.3503 1.37549 1.2899 2.27554 1.66042 137824 0 1.67522 0.187927 1
42.7742 26.1046 1.37774 1.87438 4.18487 1.5365 147787 0 -1.56041 0.187899 0
32.7739 55.8419 1.8207 2.0679 4.65627 1.58055 191280 0 -2.95114 0.18764 0
68.3445 11.7298 0.621113 2.04675 4.53976 1.687 126807 0 1.46471 0.18728 0
-26.3836 22.825 0.788694 2.14127 4.7396 1.53224 142891 0 1.77864 0.187034 0
21.2838 55.8009 2.24921 1.97154 4.32017 1.61116 191244 0 1.4953 0.186311 0
-6.25073 23.3973 1.43319 2.00821 4.66343 1.49446 143890 0 -1.51477 0.185945 0
-4.31963 59.2498 2.28859 2.1048 4.72886 1.73804 196312 0 -1.49834 0.185719 0
-34.988 6.42391 -0.0449864 0.8698 0.902634 1.70393 118996 0 -1.29395 0.185614 1
48.1741 20.3419 1.08463 2.02981 4.61748 1.59718 139380 0 1.71284 0.185364 0
50.4573 47.5368 1.84476 1.90502 4.1522 1.55853 179167 0 2.52754 0.184924 0
4.45232 40.0748 1.87999 0.891937 0.829978 1.76675 168259 0 -0.0159255 0.184876 1
17.1864 28.9258 1.35158 1.97895 4.54848 1.51557 151919 0 1.64018 0.184487 0
43.6918 55.2179 1.90973 2.04941 4.55661 1.58902 190378 0 -3.11986 0.183924 0
51.7223 45.96 1.6655 1.93513 4.3793 1.56817 176831 0 -1.46545 0.183908 0
-67.9807 11.5836 -0.304414 2.2166 5.08019 1.65358 126381 0 -1.14565 0.183805 0
-46.6043 12.0714 -0.184964 1.84988 3.9849 1.63033 126916 0 -1.23236 0.183628 0
-7.48119 22.9525 1.42099 2.00019 4.68168 1.56227 142950 0 -1.60379 0.183167 0
20.3753 59.3648 2.41896 2.05713 4.46923 1.71283 196389 0 1.5246 0.182957 0
2.04252 52.3887 1.80172 1.9952 4.52751 1.61272 186036 0 -1.60916 0.182933 0
39.4637 53.5911 1.65464 2.05656 4.69314 1.57987 188025 0 -2.44262 0.182891 0
49.1484 20.8971 1.24653 2.07793 4.60172 1.61993 140319 0 -1.85357 0.182356 0
-4.8957 58.7668 2.1967 1.88476 4.33571 1.64863 195374 0 -1.39138 0.182276 0
36.8608 15.4371 1.05773 2.26038 5.53969 1.66609 132325 0 1.63977 0.181799 0
69.9564 12.2736 0.712967 2.00612 4.41137 1.67773 127748 0 -1.63913 0.180569 0
33.4113 56.5531 1.84413 1.85243 4.04209 1.50632 192218 0 -1.69285 0.180316 0
40.9166 26.3868 1.10502 0.698882 1.36059 1.5086 148249 0 -0.205774 0.180201 1
40.9273 25.8396 1.131 0.760206 0.714761 1.67787 147313 0 -1.20789 0.180073 1
69.275 12.2593 0.66207 2.14737 4.82075 1.74019 127746 0 -1.5955 0.179662 0
-34.7359 30.4531 0.614287 1.87871 4.30307 1.42058 154097 0 -1.83071 0.179302 0
-59.3306 -4.90752 -0.471439 2.11975 4.76931 1.59232 102072 0 -1.55684 0.179227 0
21.9194 67.0309 2.29963 2.04027 4.57216 1.66984 207626 0 1.71855 0.178986 0
-34.1513 29.9515 0.635167 2.00528 4.43651 1.43367 153163 0 -1.30231 0.178659 0
50.4008 47.8113 1.84601 2.01563 4.50751 1.61368 179635 0 3.07935 0.178581 0
-4.59608 58.4793 2.14873 1.80711 4.07152 1.62747 194907 0 -1.4513 0.177894 0
14.9571 55.0057 2.06326 1.80147 3.95013 1.61293 189820 0 -1.45438 0.177824 0
16.6012 -6.70735 0.723923 0.910743 1.00925 1.74748 99969 0 1.68559 0.177656 1
-36.301 30.8657 0.779598 1.95731 4.33918 1.47434 154560 0 1.83365 0.177544 0
-27.3722 18.3517 0.738481 2.12124 4.71043 1.85388 136336 0 1.73715 0.177404 0
-18.793 38.4664 1.10779 2.24574 5.29381 1.711 165847 0 -1.16256 0.177124 0
-39.5676 16.9082 0.280154 1.82728 3.88801 1.6791 133958 0 1.84119 0.177048 0
19.6442 40.5867 1.91952 1.96405 4.40004 1.51176 168775 0 1.64027 0.176829 0
22.2421 66.7607 2.26381 2.0242 4.56205 1.6525 207159 0 1.67215 0.17671 0
31.8592 44.3807 1.74116 1.98302 4.51114 1.56648 174429 0 -1.3877 0.176387 0
9.72801 -7.0896 0.667739 0.82831 0.855897 1.57802 99012 0 2.16606 0.176246 1
-36.6539 22.022 0.546164 2.01057 4.50919 1.86322 141455 0 1.74084 0.175912 0
30.309 21.8079 1.08704 2.09498 4.83642 1.51708 141664 0 -1.52673 0.175875 0
-46.6207 52.2965 1.22188 2.0013 4.4118 1.66707 185884 0 2.07365 0.175817 0
-4.65082 67.7626 2.53377 1.83192 4.14163 1.57002 208479 0 -1.45121 0.175668 0
-41.4437 34.3953 1.11014 2.01977 4.42787 1.60123 159692 0 2.51421 0.17565 0
14.8195 73.5723 2.26805 2.08143 4.89899 1.6684 216964 0 -1.50655 0.175618 0
-45.9798 14.6593 -0.0878554 2.00696 4.36869 1.62984 130662 0 -1.221 0.175411 0
-17.1884 22.8517 0.912687 1.99716 4.45429 1.57217 142920 0 1.73779 0.175247 0
19.0291 46.0163 1.93947 1.99966 4.45149 1.65504 176729 0 1.58519 0.175015 0
3.37386 56.8283 2.18452 2.33341 5.19465 1.99163 192592 0 2.85014 0.17477 0
21.2818 54.6012 2.18733 1.95869 4.31805 1.63045 189372 0 1.66243 0.174421 0
-18.4128 37.9592 1.14183 2.14949 5.07802 1.72183 164912 0 -1.0418 0.174299 0
0.837753 69.9078 3.15521 2.26943 5.05232 2.00481 211772 0 3.08673 0.173859 0
-46.6179 51.3973 1.23285 1.83076 4.04779 1.634 184480 0 -1.39087 0.173338 0
-4.59765 64.8672 2.46866 2.22058 5.09683 1.85476 204267 0 1.32755 0.173066 0
52.9608 48.5326 1.93824 1.99641 4.44846 1.67277 180579 0 -1.44002 0.172984 0
-5.91995 35.6844 1.92044 2.20308 5.0549 1.74703 161675 0 -1.50487 0.172658 0
-43.7593 58.2887 1.3066 2.25399 5.16226 1.88453 194785 0 1.28249 0.172543 0
18.455 40.5788 1.75893 1.9949 4.64893 1.57585 168771 0 1.60115 0.172291 0
-36.3003 30.2819 0.735774 1.98892 4.41858 1.44859 153624 0 1.54358 0.17212 0
-23.9331 22.2968 0.680211 2.05244 4.62579 1.59101 141963 0 -1.40644 0.171774 0
21.8782 59.6298 2.41815 2.11523 4.68413 1.76047 196862 0 1.50091 0.171273 0
54.5672 19.7389 0.932493 1.98809 4.34118 1.5181 138464 0 1.54018 0.170925 0
42.7843 54.8819 1.83886 0.782221 0.761244 1.60184 189907 0 -2.06263 0.170758 1
53.3332 28.9192 1.42442 1.99058 4.53836 1.5374 152032 0 1.64551 0.170575 0
-18.1271 -15.5067 0.280296 2.00949 4.44464 1.59319 86757 0 -2.13986 0.170257 0
11.6932 26.5822 1.31927 2.09816 4.98686 1.63777 148626 0 -1.55731 0.169884 0
1.80053 54.9445 2.23768 2.05023 4.1864 1.97473 189779 0 -1.82784 0.16933 0
1.48028 55.7634 2.44409 2.51221 6.01093 2.14554 191182 0 -1.6016 0.169154 0
51.6448 47.179 1.80045 2.1671 4.94281 1.71597 178703 0 -0.854972 0.168782 0
49.7695 21.2141 1.18573 2.1176 4.72439 1.66575 140789 0 -1.84127 0.168395 0
-27.933 18.0541 0.686981 2.19519 4.94418 1.92134 135866 0 1.78165 0.16835 0
-42.1062 -11.1759 -0.696866 1.72517 3.46309 1.5341 93234 0 0.0259913 0.168287 0
-6.17854 41.0209 1.84916 2.13657 4.93958 1.54791 169630 0 1.52487 0.168179 0
13.534 47.4091 1.72881 2.17221 5.08773 1.71237 179052 0 -1.61642 0.168175 0
37.5896 43.7424 1.7719 1.98181 4.34119 1.60695 173511 0 0.561286 0.168097 0
-44.89 23.2362 0.394548 2.05665 4.54802 1.67711 143301 0 -1.30205 0.167554 0
13.812 46.9502 1.72812 2.24042 5.28895 1.78425 178117 0 -1.54909 0.167327 0
55.8307 20.0107 1.0042 1.96516 4.37751 1.57921 138936 0 1.54854 0.16706 0
0.592751 43.4119 1.79781 2.18088 5.19622 1.65468 172927 0 1.50007 0.166982 0
53.9344 29.2325 1.44988 1.99554 4.57839 1.5802 152502 0 -2.25139 0.16643 0
45.9185 -30.5679 -0.200309 1.99385 4.50957 1.63646 64961 0 -1.3682 0.166204 0
-29.0545 3.00848 0.0176677 0.827758 0.921423 1.67647 113867 0 -1.61492 0.165885 1
14.1424 -3.05052 0.720705 0.780003 0.943143 1.67777 105110 0 1.9183 0.165789 1
68.3518 1.82256 0.53084 0.696977 0.756119 1.27273 112299 0 1.9619 0.165711 1
30.9186 44.9945 1.77201 2.01601 4.54757 1.57502 175362 0 -1.47266 0.165681 0
32.3945 39.1122 1.67568 2.11916 4.81023 1.60096 166943 0 -1.51166 0.164862 0
-48.7176 7.46385 -0.148286 2.30586 5.34985 1.83602 120357 0 -1.24846 0.164729 0
13.823 44.2155 1.77356 2.2698 5.28513 1.85345 174373 0 -1.58344 0.163969 0
53.9321 7.94834 0.705508 1.80896 4.14057 1.55559 121146 0 1.70186 0.163692 0
42.7565 26.6767 1.36186 1.90421 4.26933 1.55822 148723 0 -1.66285 0.16352 0
53.2348 49.3887 2.02675 2.17882 4.95468 1.82839 181984 0 -1.6101 0.163252 0
20.3583 55.2095 2.20032 1.85154 4.078 1.4715 190305 0 1.59026 0.162895 0
17.7451 28.0959 1.41801 1.98602 4.37349 1.4619 150517 0 1.61576 0.162844 0
41.1727 25.5827 1.17591 0.734608 0.68677 1.6714 146846 0 -0.490786 0.162062 1
-37.6438 41.1446 1.18836 1.95741 4.39255 1.5659 169532 0 -1.20465 0.161899 0
12.4284 32.2509 1.44497 1.70341 3.73037 1.40251 156584 0 -1.49951 0.16175 0
-4.03399 58.4806 2.1152 2.01499 4.57159 1.70525 194909 0 -1.46378 0.161408 0
0.6875 28.9533 1.38262 1.6759 3.59434 1.47496 151868 0 1.63295 0.161344 0
49.4482 23.534 0.804642 1.91272 4.29846 1.45187 144064 0 -1.71205 0.160373 0
1.12885 44.2212 1.69442 2.08309 4.78076 1.57184 174333 0 1.6015 0.160094 0
