44.3007 -6.91479 1.48391 2.86907 7.68824 3.13 99588 0 1.61793 0.971004 0
18.3947 11.7367 1.09239 2.13 4.80872 1.53913 126651 0 1.64452 0.949807 0
-6.83725 11.3613 0.973733 1.97695 4.54679 1.45375 126104 0 -1.48881 0.948366 0
10.6827 12.7416 1.22944 2.24316 5.20857 1.88328 128031 0 -1.57368 0.941089 0
-0.862724 17.0928 1.35396 2.10993 4.82549 1.84386 134547 0 1.63406 0.917061 0
-1.87351 11.0347 1.19469 2.04772 4.46874 1.8139 125652 0 1.62316 0.913013 0
-20.6336 32.7269 1.10866 2.39389 5.47187 1.83349 157417 0 -1.19923 0.898688 0
10.6872 15.8145 1.26913 2.22209 5.10374 1.87966 132711 0 -1.51228 0.891581 0
30.599 15.9146 1.29821 1.95528 4.40106 1.70063 132773 0 -1.48249 0.890293 0
-19.0711 11.5628 0.768537 2.08477 4.60646 1.77005 126534 0 1.69472 0.889932 0
30.8437 9.33642 1.22895 2.00812 4.50653 1.69703 123414 0 -1.4572 0.886301 0
48.4128 8.49148 1.07386 2.04565 4.70745 1.58933 122065 0 -1.49646 0.881993 0
36.2442 9.05698 1.13157 2.05785 4.83366 1.52157 122963 0 1.66872 0.880082 0
13.2935 41.1262 1.85365 2.13307 4.97036 1.85693 169691 0 -1.50088 0.87154 0
18.5174 15.4213 1.25204 2.18645 4.73867 1.7644 132267 0 1.62136 0.868905 0
-18.7403 19.7451 0.903748 2.1189 4.72064 1.96942 138235 0 1.70331 0.863482 0
17.3624 22.826 1.51082 2.09764 4.84902 1.75878 143028 0 1.62276 0.860226 0
48.7201 5.67907 1.21153 2.1677 5.02086 1.86152 117854 0 -1.46941 0.851051 0
-29.6465 6.62946 -0.19633 2.0599 4.74843 1.57614 119013 0 -1.2794 0.848274 0
-6.55485 20.292 1.15469 2.12859 5.08532 1.44981 139209 0 -1.5374 0.846854 0
30.938 12.2748 1.15666 1.90698 4.26043 1.46588 127626 0 1.61607 0.846794 0
-42.7745 5.87411 -0.44043 1.80136 3.85667 1.44264 118036 0 1.85546 0.845405 0
-6.53645 17.4515 1.05472 2.04652 4.72487 1.5337 134997 0 -1.53691 0.842084 0
63.7416 -3.77312 1.1195 2.08152 4.57983 1.79819 104329 0 -0.967091 0.841412 0
11.3685 19.3275 1.19816 1.95911 4.52088 1.49258 137861 0 -1.59076 0.840605 0
11.7273 22.2984 1.43013 1.94612 4.36943 1.71709 142074 0 -1.54601 0.84038 0
-18.4388 14.0162 0.80581 2.09022 4.68229 1.84534 129812 0 1.76137 0.839134 0
-0.413673 22.9189 1.41663 2.19463 5.11933 1.85292 142972 0 -1.46604 0.832785 0
36.3766 15.2135 1.3405 1.97956 4.57633 1.45131 131855 0 1.6975 0.831929 0
-19.629 7.96865 0.644319 1.90642 4.46885 1.5189 120916 0 1.61886 0.827278 0
-44.7352 -11.2847 -0.929274 2.11027 4.82578 1.75018 92758 0 -0.00328149 0.823335 0
16.3719 -6.87052 0.827593 0.912207 0.980572 1.71691 99501 0 1.71554 0.820609 1
-42.1098 -11.6515 -0.980384 1.98856 4.39829 1.63768 92298 0 0.0180447 0.818819 0
13.8772 38.1508 1.75105 2.08782 4.80662 1.6067 165481 0 -1.51233 0.804563 0
17.6867 19.97 1.24918 2.08516 4.8017 1.52645 138817 0 1.63299 0.803314 0
11.6288 26.1385 1.33977 2.03919 4.85496 1.53156 147690 0 -1.5115 0.802853 0
-36.5472 -11.6179 -0.759646 2.38839 5.2756 2.04288 92315 0 0.0365762 0.802411 0
0.122437 29.0041 1.37487 1.97905 4.46748 1.56059 151866 0 1.62494 0.799732 0
-24.7508 -4.29006 -0.133017 2.13367 4.78556 1.56197 103116 0 -1.78277 0.79746 0
-57.3788 -4.86777 -0.923436 2.04194 4.57217 1.62477 102078 0 -1.58268 0.797367 0
31.2092 30.9196 1.46203 2.09032 4.81839 1.47165 154771 0 1.60066 0.789547 0
-34.7351 6.13988 -0.31532 0.836968 0.875974 1.66879 118529 0 -1.29863 0.788985 1
-1.18774 14.1679 1.09705 1.89113 4.25442 1.5792 130334 0 1.69937 0.786524 0
0.394081 31.7404 1.69158 2.12295 4.68562 1.83234 156079 0 1.63866 0.785919 0
-0.157867 26.1425 1.32862 2.00518 4.60575 1.48865 147653 0 1.61215 0.781532 0
12.9334 32.2576 1.49411 2.0295 4.83801 1.47143 156586 0 -1.46051 0.781223 0
-6.26494 14.4884 0.990174 2.04538 4.75505 1.48915 130786 0 -1.4908 0.78018 0
-44.5968 20.3799 -0.185489 2.10764 4.74833 1.61465 139090 0 -1.29024 0.778842 0
-21.3356 29.9306 0.770712 2.07158 4.57939 1.49052 153203 0 -1.26001 0.773287 0
14.1637 -4.84585 0.895039 0.879969 1.03317 1.81396 102302 0 -1.46248 0.77224 1
9.88422 -5.56131 0.832036 0.877645 0.901482 1.71853 101352 0 2.15773 0.769502 1
-18.6607 16.8829 0.633815 1.94133 4.58744 1.53701 134023 0 1.68155 0.765211 0
-61.5552 14.6027 -0.498972 2.07443 4.62202 1.65837 130613 0 -1.19108 0.763 0
17.4712 25.7441 1.58433 2.32554 5.52406 1.75251 147240 0 1.62669 0.760835 0
-18.1065 22.826 0.767098 2.03031 4.57355 1.57249 142917 0 1.55804 0.759417 0
14.8998 64.7407 2.09083 2.07688 4.74937 1.60909 204328 0 -1.51135 0.753673 0
-49.0912 4.55042 -0.577667 2.14221 4.89409 1.60237 116144 0 -1.26868 0.747821 0
49.112 11.586 1.17558 2.06354 4.73782 1.80366 126747 0 -1.50201 0.747173 0
36.3574 12.0961 1.32393 2.0714 4.85007 1.61167 127175 0 1.64237 0.744172 0
19.0198 37.8702 1.93154 2.08853 4.64703 1.60273 165029 0 1.62669 0.73101 0
13.2759 46.9134 1.6608 1.96834 4.45604 1.53712 178115 0 -1.50549 0.728994 0
14.8849 58.3969 1.94172 2.02195 4.61387 1.53813 194968 0 -1.41174 0.728928 0
14.1601 -3.96721 1.0598 0.909261 1.05695 1.94079 103706 0 1.62934 0.726978 1
15.2327 55.2279 2.19225 2.00749 4.45982 1.70572 190289 0 -1.45315 0.724135 0
-41.1409 11.7106 -0.358767 1.80504 4.02809 1.50066 126465 0 1.87655 0.715823 0
31.868 38.8784 1.92278 1.9261 4.2957 1.59117 166473 0 -1.48716 0.712273 0
-0.787888 20.0697 1.29369 2.11407 4.91702 1.62321 138759 0 1.68098 0.71102 0
15.1487 67.6435 2.27862 2.12626 4.81539 1.82003 208541 0 -1.54357 0.710599 0
11.6692 -5.88459 0.745227 0.80467 0.880374 1.70263 100890 0 -1.67729 0.705347 1
54.5261 11.3552 1.33739 2.10159 4.75809 1.74486 126296 0 1.52717 0.700513 0
-38.9074 19.6848 -0.0590752 2.00178 4.71726 1.55761 138172 0 1.83763 0.699808 0
-5.29295 40.8265 1.68926 2.02767 4.54364 1.50741 169165 0 -1.53371 0.699017 0
30.8616 21.6666 1.25581 1.89632 4.4089 1.41392 141198 0 -1.50022 0.698012 0
12.6427 29.2767 1.43815 1.95163 4.58603 1.44775 152373 0 -1.5211 0.697873 0
-27.6987 14.7856 0.274254 2.1731 4.9501 1.89878 131187 0 1.82659 0.693851 0
1.08128 43.7114 1.64572 1.95653 4.46662 1.48653 173397 0 1.54814 0.691414 0
9.55737 -6.57018 0.83209 0.911317 0.889674 1.68443 99947 0 1.81577 0.691223 1
-48.1457 7.16322 -0.551814 2.05479 4.55531 1.64391 119891 0 -1.26982 0.683945 0
28.078 -5.07071 0.834447 0.960368 0.992077 1.63942 102345 0 -1.44118 0.683552 1
54.1957 5.51382 1.21463 2.09486 5.12263 1.89569 117871 0 1.66331 0.682042 0
23.9001 21.644 1.24721 2.05371 4.77301 1.52737 141176 0 0.0116857 0.676008 0
27.0585 8.69521 1.18176 0.882425 0.964473 1.78976 122466 0 0.207997 0.671558 1
-5.88451 26.1111 1.53506 2.0971 4.80331 1.68608 147635 0 -1.50229 0.667548 0
7.87627 48.0962 1.80834 2.12357 4.77619 1.6697 179970 0 0.00490473 0.662922 0
30.8775 18.7792 1.2487 1.89919 4.57295 1.46948 136986 0 -1.52114 0.661406 0
-40.4381 14.5121 -0.22304 1.98461 4.38265 1.58252 130679 0 1.89052 0.653161 0
36.3246 21.0417 1.51764 1.9126 4.49784 1.46097 140279 0 1.5814 0.649267 0
-40.1212 17.1099 -0.0342688 1.97506 4.35602 1.77584 134424 0 1.86798 0.64638 0
-46.2308 56.2223 0.714811 2.0887 4.70453 1.5568 191501 0 -1.27651 0.641554 0
18.7197 31.7758 1.52976 2.07369 4.74309 1.43295 156136 0 1.65176 0.637748 0
19.0331 40.7585 1.94573 2.03595 4.67723 1.48977 169241 0 1.67317 0.635493 0
32.153 35.7525 1.76133 2.07395 4.7423 1.62705 161794 0 -1.5235 0.632907 0
-28.595 9.18382 -0.106198 2.00902 4.49022 1.57995 122760 0 -1.30201 0.630009 0
15.0782 -4.40588 0.716266 0.683024 0.805265 0.875993 103241 0 -1.16125 0.6244 1
2.08748 55.4727 2.294 2.30229 5.20261 1.99548 190716 0 1.54961 0.616225 0
13.3301 43.9789 1.68326 2.00779 4.5195 1.63883 173903 0 -1.50254 0.612748 0
14.2594 73.7892 2.09185 1.89056 4.29657 1.49465 217430 0 -1.57843 0.610066 0
50.4203 34.8169 1.85717 1.88925 4.34765 1.48458 160447 0 -1.54358 0.607428 0
-5.27665 44.2972 2.00104 2.05266 4.55789 1.61911 174313 0 -1.49329 0.598781 0
-47.5174 9.79437 -0.147679 2.28606 5.17999 1.90645 123637 0 -1.25092 0.595457 0
-24.4665 22.205 0.442547 2.04034 4.5123 1.57267 141961 0 -1.42116 0.593063 0
18.7276 43.4036 2.07993 2.02121 4.5402 1.58722 172984 0 1.63637 0.589171 0
41.0595 26.3369 1.62519 0.760025 0.706262 1.76999 148250 0 -3.07649 0.57854 1
36.65 18.121 1.42511 1.96711 4.46078 1.474 136068 0 1.67301 0.57433 0
27.6273 -6.18106 0.796647 0.946324 1.84074 1.71616 100472 0 -1.47167 0.568743 1
-56.249 27.3097 0.0528515 2.05996 4.54896 1.58752 149350 0 -1.15364 0.566319 0
41.0483 26.205 1.6066 0.703183 0.625728 1.76799 147782 0 -2.97199 0.556592 1
23.8657 22.8506 1.24658 1.96543 4.36983 1.49385 143048 0 3.14129 0.555945 0
-46.8851 12.3207 -0.50019 1.97423 4.34855 1.593 127383 0 -1.28077 0.553192 0
-19.0597 38.2216 0.729184 2.03408 4.59295 1.49044 165378 0 -1.21463 0.550757 0
37.2734 30.2005 1.80916 2.51406 5.96412 1.93786 153854 0 -1.55897 0.550233 0
27.4272 -6.15879 0.823631 0.903827 1.33063 1.70495 100471 0 -1.44012 0.543571 1
-63.5438 6.87955 -0.701587 1.93445 4.1995 1.58048 119375 0 -1.22834 0.540579 0
-45.5945 17.7489 -0.197818 1.97178 4.43033 1.6934 135343 0 -1.25097 0.539119 0
-6.53209 31.9342 1.66528 2.21229 5.13936 1.59762 156057 0 1.61749 0.539066 0
-69.2676 5.22591 -0.690111 2.04225 4.58483 1.69399 117017 0 1.88514 0.532942 0
-19.6695 35.3828 0.964342 2.06467 4.60888 1.4658 161164 0 -1.18253 0.53042 0
-42.1086 9.36781 -0.389845 2.09923 4.66637 1.5755 123186 0 1.86742 0.526105 0
-32.488 39.1301 0.621614 2.01717 4.55188 1.4988 166740 0 1.91646 0.516768 0
-32.1496 42.1179 1.01343 1.94172 4.54085 1.72574 170953 0 1.89549 0.512428 0
38.2536 38.6086 1.84006 1.97337 4.4631 1.52763 166025 0 1.61943 0.509433 0
-43.7021 22.9431 0.0531992 1.94702 4.36852 1.65574 142837 0 -1.23777 0.506606 0
-37.5826 22.2406 0.260824 2.00094 4.46071 1.775 141920 0 1.8232 0.501285 0
54.2167 8.19991 1.03509 2.00005 4.698 1.5764 121615 0 1.67666 0.490704 0
-4.35581 58.7825 2.22936 1.9115 4.33864 1.57349 195376 0 -1.50139 0.488011 0
4.58125 40.0389 1.78436 0.845397 0.7268 1.7128 168260 0 0.000697877 0.482103 1
41.1197 26.7802 1.49948 0.630112 0.872298 1.58644 148718 0 -3.00776 0.475164 1
-22.557 27.6552 0.662862 2.06735 4.60552 1.58519 149923 0 -1.32733 0.474557 0
-62.2434 11.3653 -0.553852 1.80713 4.06047 1.46099 125931 0 1.95073 0.461033 0
18.0811 28.9657 1.49358 2.01566 4.7706 1.48401 151922 0 1.6191 0.45852 0
-27.0484 17.743 0.4244 2.09139 4.70508 1.6898 135401 0 1.7393 0.45618 0
19.048 46.5221 2.14368 2.02287 4.46253 1.60824 177665 0 1.58558 0.447461 0
1.73027 52.6553 1.87685 1.96568 4.4124 1.58262 186503 0 1.56703 0.44227 0
31.2061 27.4089 1.41709 2.0456 4.67908 1.51387 149623 0 -1.40295 0.43984 0
36.9373 26.7945 1.46204 2.10229 4.95109 1.54692 148705 0 1.62437 0.438724 0
51.7097 46.2286 1.89616 1.94861 4.3304 1.52734 177299 0 -1.58306 0.438479 0
-46.2681 14.842 -0.333077 1.9991 4.35882 1.63799 131129 0 -1.26838 0.437251 0
-53.8934 47.8271 0.388491 2.0322 4.51564 1.54434 179309 0 -1.10219 0.431371 0
49.4374 14.5144 1.37697 2.06926 4.71846 1.68812 130960 0 -1.57607 0.431214 0
14.9757 -4.50526 0.746853 0.659959 0.785883 0.988008 102772 0 -1.30446 0.428556 1
37.6092 44.3836 1.93227 1.98646 4.44201 1.55638 174447 0 1.44523 0.418899 0
-44.3374 58.441 1.07192 2.12711 4.5297 1.64401 194783 0 -1.30995 0.418814 0
-44.9769 58.6916 0.99714 2.42986 5.75602 1.9054 195249 0 -1.28808 0.407202 0
-64.1001 6.94367 -0.668667 2.11674 4.62004 1.65363 119373 0 -1.0761 0.403495 0
31.5112 35.9013 1.7401 2.27516 5.21896 1.62332 162260 0 1.60189 0.39947 0
14.1572 -3.80412 1.00822 0.910323 1.05211 1.91298 104174 0 1.68244 0.394318 1
27.3878 -6.039 0.803025 0.957096 1.06387 1.65882 100939 0 -1.3698 0.390449 1
17.7712 28.6657 1.49339 2.05162 4.80216 1.48683 151453 0 1.61127 0.387816 0
1.16833 55.5227 2.41978 2.52703 6.24497 2.16771 190713 0 -1.57027 0.385889 0
-22.8474 27.3884 0.669169 2.05035 4.57458 1.59922 149454 0 -1.33154 0.385349 0
37.3365 34.773 1.52796 0.787323 0.840511 1.62759 160406 0 0.576475 0.385313 1
12.386 29.0238 1.45146 1.80971 4.17163 1.45075 151904 0 -1.47863 0.384341 0
51.0672 43.6731 1.92747 2.00646 4.52749 1.63946 173553 0 -1.49378 0.383846 0
1.35197 43.9518 1.64655 1.8388 4.09488 1.45609 173866 0 1.673 0.382058 0
1.04628 69.8838 3.21567 2.17501 4.8645 1.86482 211773 0 3.06498 0.379019 0
-46.909 51.6705 0.86149 2.07534 4.63139 1.71335 184947 0 -1.35848 0.378 0
-5.27255 68.3009 2.67292 2.04987 4.76301 1.63179 209413 0 -1.47691 0.377061 0
-5.57337 59.0355 2.18189 1.99264 4.58408 1.59029 195840 0 1.64443 0.37519 0
-5.59921 28.9771 1.47231 2.04879 4.71879 1.52308 151848 0 -1.46653 0.373442 0
-67.3709 11.0479 -0.584898 1.8316 4.10809 1.51634 125447 0 -1.19827 0.370617 0
14.8998 70.5397 2.21655 2.01025 4.49468 1.58331 212752 0 -1.5654 0.370506 0
-16.3842 -14.5561 0.365863 0.826092 0.830323 1.66052 88166 0 -2.52615 0.368646 1
-47.19 51.3922 0.806904 2.21997 5.10788 1.82732 184478 0 -1.34266 0.367861 0
27.6782 -5.52449 0.740152 0.827217 0.952989 1.49846 101408 0 -1.48421 0.367254 1
-53.6182 48.1196 0.422922 2.0354 4.43238 1.55771 179778 0 -0.754507 0.36705 0
37.2475 18.3322 1.42464 1.9638 4.50842 1.47065 136538 0 1.64232 0.365842 0
-6.88968 26.1709 1.52981 2.15073 4.94176 1.72073 147632 0 1.64024 0.360021 0
40.9303 26.3362 1.60952 0.751926 0.623537 1.8024 148249 0 -2.82705 0.359322 1
36.6731 30.2069 1.82245 2.16893 4.86098 1.78369 153852 0 -1.4804 0.357762 0
9.49767 -6.78242 0.840052 0.828715 0.836674 1.65157 99479 0 1.9512 0.354778 1
27.7128 -5.32838 0.789841 0.825617 0.921432 1.54168 101876 0 -1.48971 0.353641 1
38.565 35.6654 1.71686 2.0264 4.53331 1.56577 161814 0 1.61876 0.349404 0
-34.4068 33.436 0.594281 1.96341 4.45359 1.53353 158310 0 1.93049 0.348909 0
-61.9847 11.642 -0.564069 1.78633 3.88276 1.44831 126400 0 1.94772 0.341059 0
38.8588 38.8208 1.86699 2.03445 4.60435 1.54854 166495 0 1.61263 0.339403 0
-6.87902 29.2904 1.56405 2.09179 4.70268 1.61901 152312 0 -1.51264 0.336509 0
-16.2934 -14.5767 0.310494 0.834761 0.819844 1.58472 88167 0 -1.9537 0.336343 1
39.4889 54.8877 2.07654 2.02369 4.53918 1.63751 189897 0 -3.03383 0.335555 0
-21.9707 27.6361 0.664686 2.08784 4.64027 1.56654 149925 0 -1.30623 0.333173 0
37.6112 35.6743 1.5276 2.02952 4.83663 1.50743 161811 0 1.6528 0.331833 0
27.6241 -6.03292 0.771174 1.00986 1.46599 1.66205 100940 0 -1.48041 0.330727 1
-3.38336 64.8257 2.38859 2.15205 5.02499 1.64942 204271 0 -1.49795 0.329816 0
28.2016 -5.14462 0.833692 0.995227 0.996203 1.64838 101878 0 -1.45891 0.329144 1
9.8812 -5.42175 0.844445 0.842167 0.849957 1.71515 101820 0 2.39646 0.329134 1
-29.2569 9.46621 -0.110953 2.03417 4.47671 1.60203 123226 0 1.34476 0.326153 0
41.1327 26.9397 1.48826 0.659735 1.28446 1.46969 149186 0 -2.98949 0.322897 1
-46.8362 14.8608 -0.306887 2.03235 4.37439 1.64721 131127 0 -1.23817 0.316676 0
-4.33363 49.467 1.92118 2.03467 4.61572 1.6618 181804 0 -1.46606 0.316388 0
38.8727 35.383 1.71829 2.0337 4.54494 1.60058 161347 0 1.64346 0.31594 0
31.806 27.6348 1.47602 2.06664 4.73093 1.53802 150093 0 -1.4747 0.314577 0
-47.1448 12.0927 -0.497251 2.07634 4.60905 1.64484 126914 0 -1.2728 0.311644 0
-48.5675 4.54932 -0.603542 1.82936 4.11 1.4819 116146 0 -1.25276 0.310948 0
2.64558 55.2811 2.24005 2.11096 4.74242 1.92148 190250 0 1.50533 0.310803 0
-38.2054 22.5285 0.225172 2.0678 4.63978 1.80122 142386 0 1.83472 0.307667 0
-35.3511 30.5758 0.41301 1.88652 4.22317 1.46887 154095 0 1.89854 0.307137 0
27.9841 -5.98976 0.669771 0.789381 0.899615 1.25688 100941 0 -1.51185 0.305178 1
-0.531433 19.7795 1.31757 2.00942 4.68917 1.64962 138292 0 1.67409 0.304542 0
18.6572 28.9617 1.55988 2.02998 4.67316 1.47656 151924 0 1.2974 0.302944 0
-27.3302 17.508 0.408042 2.0675 4.63565 1.72296 134932 0 1.73866 0.302457 0
-27.6813 18.0366 0.45312 2.08203 4.64202 1.79394 135867 0 1.78148 0.299622 0
51.341 43.9412 1.90907 2.13156 4.84028 1.71903 174022 0 -1.5524 0.297766 0
16.3849 -6.70065 0.817203 0.885129 0.973341 1.72518 99969 0 1.72534 0.297742 1
-5.63309 31.8632 1.6895 2.08036 4.8198 1.5311 156060 0 -1.47622 0.294283 0
51.9867 40.8193 1.87904 2.01391 4.59904 1.59039 169344 0 -1.55924 0.294145 0
50.3879 14.547 1.39473 2.02577 4.51966 1.71803 130963 0 -1.56394 0.289639 0
61.9395 29.6143 1.87327 2.1858 4.88022 1.86299 152995 0 -3.07683 0.289408 0
-41.3926 11.4622 -0.362634 1.92675 4.33495 1.56823 125996 0 1.85928 0.288856 0
-4.31223 64.8445 2.46362 1.91574 4.27725 1.64376 204268 0 0.46493 0.286386 0
-7.16497 32.1158 1.71361 2.08305 4.64401 1.59654 156523 0 1.63911 0.285546 0
37.6629 38.8596 1.88615 2.03141 4.59431 1.58027 166491 0 1.65182 0.285279 0
14.6102 70.2868 2.20485 1.92811 4.23275 1.5296 212283 0 -1.54257 0.285172 0
-4.3432 65.0523 2.46807 2.06598 4.58225 1.71789 204736 0 -1.33798 0.284695 0
60.9847 22.8753 1.5839 2.1196 4.69685 1.83474 143164 0 0.165941 0.284656 0
27.9263 -6.20405 0.722253 0.824057 1.32913 1.35007 100473 0 -1.49223 0.283891 1
-4.94032 49.7245 1.96345 2.09098 4.73195 1.68988 182270 0 -1.51166 0.282336 0
-4.61983 65.0794 2.45798 2.12561 4.80856 1.77903 204735 0 1.45515 0.280813 0
2.03962 52.8951 1.87639 1.90106 4.19243 1.53701 186972 0 1.58421 0.280575 0
-29.5895 9.68287 -0.117637 2.06922 4.53275 1.60701 123693 0 1.88481 0.280569 0
18.3824 29.2153 1.52935 1.99357 4.61496 1.49435 152391 0 1.6088 0.278789 0
37.9255 35.9548 1.63496 1.98696 4.53664 1.51446 162280 0 1.63878 0.278736 0
19.631 46.2834 2.14325 2.08255 4.65679 1.66249 177199 0 1.63573 0.278058 0
-36.0041 30.8809 0.517145 1.94269 4.37448 1.51481 154561 0 1.91078 0.277082 0
-61.9809 11.0905 -0.560581 1.60092 3.40962 1.39103 125464 0 1.60514 0.276257 0
52.9673 49.1067 2.12469 2.04029 4.5878 1.68038 181515 0 -1.5539 0.274842 0
20.9515 52.6251 2.56158 2.25144 5.13813 1.98681 186563 0 -1.56005 0.274675 0
-45.8558 17.5114 -0.203569 1.98039 4.48761 1.69254 134874 0 -1.25344 0.274088 0
-39.1308 19.4666 -0.137237 1.78294 4.26193 1.54086 137703 0 1.84367 0.273257 0
18.7488 41.0314 1.9786 2.00717 4.61104 1.50243 169708 0 1.67352 0.27119 0
1.45065 52.3951 1.89199 2.03172 4.67831 1.67326 186034 0 1.54346 0.269657 0
-35.0385 33.7132 0.558289 1.98515 4.5236 1.57065 158776 0 1.98707 0.268395 0
14.8003 73.9997 2.21126 2.18437 5.08607 1.727 217900 0 -1.64733 0.267988 0
-34.9597 5.24478 -0.351238 0.786352 0.818523 1.52959 117124 0 -1.31575 0.267064 1
27.9532 -5.58209 0.744996 0.859694 1.0074 1.39492 101409 0 -1.46228 0.26676 1
40.9394 26.1934 1.61335 0.738224 0.645215 1.79696 147781 0 -2.68883 0.26615 1
-68.7061 5.00385 -0.696401 1.65007 3.40273 1.538 116551 0 1.97286 0.266115 0
49.4496 20.3298 1.58951 2.02934 4.50678 1.60904 139384 0 -1.48788 0.266049 0
38.204 44.5735 2.02363 1.9346 4.30064 1.50504 174917 0 1.55723 0.265927 0
-31.5313 41.8343 0.983388 1.809 3.94463 1.64268 170487 0 1.89269 0.265691 0
-45.0267 17.7119 -0.214849 2.01511 4.46902 1.75166 135345 0 -1.23375 0.265595 0
-46.6107 12.5471 -0.483139 1.94408 4.22234 1.58791 127852 0 -1.28643 0.265566 0
-34.793 5.26528 -0.362497 0.761083 0.779822 1.40315 117125 0 -1.39083 0.263314 1
37.5761 26.9635 1.51568 2.22585 5.15445 1.55396 149175 0 1.61641 0.263036 0
37.4895 34.7759 1.54193 0.82273 0.938921 1.61021 160407 0 0.431167 0.26291 1
14.1382 -3.05645 0.840187 0.802701 0.952356 1.67335 105110 0 -1.45805 0.261545 1
-42.0795 28.3289 0.116831 1.98165 4.30565 1.5305 150798 0 -1.21359 0.261036 0
-33.8256 33.3854 0.6984 2.09578 4.75892 1.57938 158312 0 1.88408 0.257927 0
-39.5959 17.0804 0.047172 1.97827 4.21402 1.8085 134426 0 1.90346 0.257888 0
51.0484 40.8067 1.99352 2.08917 4.76496 1.6235 169341 0 -1.57905 0.256627 0
-4.695 44.114 1.94076 2.00786 4.61422 1.67184 173847 0 -1.51205 0.256567 0
-34.8881 6.16441 -0.301608 0.895619 0.951607 1.71686 118528 0 -1.28685 0.25551 1
-5.8644 41.0216 1.72475 2.08331 4.64561 1.50979 169631 0 -1.56081 0.255426 0
1.12628 44.2081 1.62416 2.05317 4.71656 1.5301 174333 0 1.68069 0.255147 0
20.9637 58.3983 2.37244 1.98555 4.39763 1.60429 194987 0 1.56923 0.254919 0
50.7594 43.4122 1.93041 1.94197 4.33452 1.60029 173084 0 -1.49009 0.254069 0
36.9214 21.1794 1.55122 2.00233 4.73391 1.52327 140749 0 1.59308 0.253759 0
31.5867 38.6737 1.90012 1.76636 3.92525 1.55139 166004 0 -1.48172 0.2537 0
54.8353 5.367 1.17235 1.86759 4.62307 1.85981 117405 0 1.68768 0.253566 0
-26.7599 17.9995 0.461026 2.0892 4.70908 1.66885 135870 0 1.72781 0.253563 0
32.4698 54.1871 1.81943 1.93664 4.40223 1.46549 188939 0 -1.50975 0.253269 0
11.1613 26.095 1.3549 1.72949 3.7805 1.4961 147688 0 -1.5255 0.253107 0
9.69314 -6.31642 0.767869 0.804574 0.824171 1.64491 100416 0 1.82231 0.25291 1
2.08696 54.9943 2.23414 2.25401 5.28259 1.98871 189780 0 1.50185 0.252647 0
-20.2506 35.4433 1.02278 2.06402 4.6034 1.48762 161162 0 -1.18412 0.252077 0
30.5644 45.6167 1.9573 1.97764 4.46871 1.59898 176297 0 -1.52509 0.252057 0
51.4191 45.9597 1.88114 1.77832 3.91502 1.43422 176830 0 -1.44806 0.251977 0
19.0145 43.1303 2.11333 2.01898 4.45768 1.57387 172517 0 1.64034 0.250755 0
18.0612 28.3754 1.52766 2.03875 4.69889 1.47389 150986 0 1.59499 0.250611 0
1.08038 70.5235 3.14645 2.50842 5.98484 2.11529 212709 0 3.0561 0.250166 0
-54.1774 47.5706 0.325576 2.07834 4.72118 1.58115 178840 0 -1.3308 0.248981 0
37.9316 35.4065 1.57413 2.0675 4.82535 1.56215 161344 0 1.61566 0.248705 0
38.8511 35.9412 1.77711 2.04818 4.56999 1.59995 162283 0 1.58542 0.246373 0
13.9573 73.558 2.03498 1.67829 3.82536 1.45416 216961 0 -1.55251 0.246078 0
-24.1874 22.4551 0.472302 2.09238 4.63995 1.59438 142430 0 -1.45017 0.245722 0
-62.4977 11.1055 -0.547003 1.94112 4.33523 1.51455 125462 0 2.01399 0.245324 0
14.1856 -4.24775 0.935181 0.854966 1.01106 1.83104 103238 0 -1.44785 0.24525 1
28.2508 -5.99384 0.606616 0.693909 0.687783 0.998891 100942 0 -1.50879 0.244669 1
48.8627 14.3448 1.32521 1.9903 4.43514 1.68451 130490 0 -1.55843 0.244545 0
53.657 8.21178 1.05066 1.78569 4.00703 1.48206 121613 0 1.69113 0.244048 0
38.5456 44.37 1.97906 1.90176 4.20775 1.51564 174450 0 1.58586 0.24382 0
9.64294 -6.75375 0.82815 0.875255 0.875947 1.69253 99480 0 1.85216 0.243771 1
-22.2486 27.0999 0.62313 2.04842 4.60706 1.59812 148988 0 -1.30188 0.241534 0
15.1726 70.8079 2.23125 2.11603 4.77578 1.68311 213221 0 -1.58391 0.239908 0
51.668 41.0597 1.94289 2.08049 4.76405 1.61309 169811 0 -1.57296 0.239822 0
-42.4067 28.0029 0.0772411 1.99111 4.4154 1.5355 150329 0 -1.19929 0.23944 0
19.361 46.8004 2.18092 2.1056 4.66038 1.65104 178134 0 1.548 0.238163 0
-44.0004 23.4181 0.0997359 2.02975 4.48339 1.63212 143772 0 -1.23437 0.237384 0
-67.9286 11.0444 -0.576333 2.16519 4.96504 1.63773 125445 0 -1.18993 0.23695 0
-4.65298 68.0808 2.60982 1.84994 4.25808 1.58052 208947 0 -1.44013 0.236894 0
19.2914 43.6019 2.16739 2.05446 4.55165 1.60466 173454 0 1.60129 0.236828 0
-4.02704 49.7127 1.93297 2.04746 4.67575 1.69379 182273 0 -1.49091 0.235592 0
16.4033 -7.08074 0.842352 0.882042 0.959546 1.69912 99033 0 1.69158 0.234678 1
9.54956 -6.35818 0.779473 0.810868 0.834572 1.60177 100415 0 1.8019 0.233182 1
37.9349 39.1068 1.93088 2.04266 4.57329 1.6036 166960 0 1.65807 0.233076 0
31.1945 27.1305 1.42977 1.96227 4.4752 1.49417 149155 0 -0.797133 0.232943 0
14.6584 67.4629 2.31626 1.83485 3.99129 1.69909 208071 0 -1.54596 0.232386 0
49.7453 20.6353 1.63767 2.08805 4.70618 1.68325 139853 0 -1.58819 0.232287 0
38.5555 38.3277 1.78084 1.91701 4.42918 1.51912 165558 0 1.64469 0.232051 0
50.0599 14.3251 1.38278 1.97427 4.35837 1.7185 130494 0 -1.54272 0.231131 0
40.9452 26.7098 1.50625 0.639322 0.751268 1.63535 148717 0 -2.90142 0.230423 1
-29.93 63.201 0.916029 2.03862 4.59579 1.72426 201848 0 -1.24535 0.230245 0
18.6638 28.6961 1.55635 2.05029 4.66752 1.485 151456 0 -1.49751 0.230128 0
-56.1174 21.3406 -0.316466 1.89757 4.3057 1.51291 140458 0 -1.23336 0.229402 0
19.6381 31.7721 1.6216 2.05565 4.5321 1.47508 156139 0 1.64906 0.228437 0
54.2087 28.9689 1.62688 2.11512 4.74177 1.70935 152035 0 -2.74994 0.226714 0
30.8622 45.8915 1.97845 1.96748 4.41748 1.59217 176766 0 -1.55248 0.226131 0
-18.1995 16.7796 0.658337 1.711 3.56714 1.46683 134025 0 1.70017 0.226131 0
13.391 38.0393 1.77754 1.78875 3.84802 1.55462 165011 0 -1.52342 0.226101 0
-5.24946 49.483 1.96635 2.09534 4.72579 1.71243 181801 0 -1.4844 0.225907 0
-32.712 42.4075 0.987787 2.28351 5.58321 1.91755 171419 0 1.89652 0.225411 0
11.3865 -2.92599 0.785026 0.765097 0.882892 1.6069 105101 0 1.27939 0.223785 1
52.6775 48.8166 2.05884 1.9418 4.31254 1.58635 181046 0 -1.43255 0.222381 0
42.7594 56.5705 2.1811 0.800633 0.760134 1.74274 192247 0 0.325528 0.221879 1
-22.5178 -9.38857 0.705465 0.80927 0.85408 1.71817 95635 0 2.55544 0.221604 1
-5.31889 29.2171 1.37998 2.00361 4.75552 1.49806 152317 0 -1.47277 0.221518 0
14.8942 70.009 2.21829 1.91985 4.21845 1.5713 211816 0 -1.53059 0.220591 0
41.1528 27.3261 1.44143 0.668662 0.879012 1.38096 149654 0 -3.05784 0.220512 1
37.6108 44.0652 1.91547 2.00704 4.41422 1.60612 173979 0 1.09026 0.219895 0
37.3331 34.977 1.53439 0.970474 1.53873 1.62166 160874 0 1.47704 0.219496 1
-34.7174 30.2735 0.372756 1.87776 4.39021 1.45579 153629 0 2.08205 0.218812 0
12.7433 46.9332 1.68252 1.70663 3.59327 1.44201 178113 0 -1.49426 0.218663 0
-34.4238 30.2499 0.371585 1.90603 4.38169 1.44586 153630 0 -2.02072 0.218594 0
36.0789 18.3234 1.30899 1.97871 4.59078 1.50511 136534 0 1.65801 0.218325 0
51.3506 40.5277 1.92972 2.02728 4.73749 1.59501 168874 0 -1.57706 0.21828 0
-44.5745 23.2275 0.125884 2.07998 4.69605 1.68917 143302 0 -1.23838 0.218037 0
-3.37533 55.8316 2.14492 1.98041 4.42604 1.53491 191167 0 -1.51943 0.217009 0
61.2331 23.8517 1.63636 2.14062 4.73025 1.8126 144569 0 -3.04828 0.215657 0
48.5727 11.4555 1.18796 2.07068 4.86154 1.79197 126277 0 -1.52948 0.214889 0
51.6986 45.6648 1.90062 1.9962 4.42119 1.57609 176363 0 -1.33589 0.214618 0
42.7604 56.7011 2.17955 0.816775 0.78767 1.75822 192715 0 0.540936 0.214498 1
11.6638 -5.73843 0.775016 0.843279 1.05958 1.74586 101358 0 -1.72594 0.213767 1
-44.1105 20.3072 -0.215166 1.8093 3.74942 1.5186 139092 0 -1.27272 0.213703 0
21.2737 58.0993 2.35557 2.04519 4.56574 1.6361 194520 0 1.57073 0.212927 0
18.1313 43.5877 2.07853 2.01283 4.5348 1.60307 173450 0 1.63407 0.212389 0
-0.156441 26.6106 1.3409 2.02178 4.63553 1.53582 148589 0 1.66267 0.212043 0
36.3676 17.8698 1.38689 1.96842 4.50255 1.48012 135599 0 1.68944 0.21165 0
39.493 53.5776 1.80115 2.02465 4.63959 1.56629 188025 0 -2.45908 0.21149 0
39.2053 53.574 1.78498 2.01894 4.65881 1.5529 188024 0 3.04599 0.211337 0
27.4375 -5.58386 0.736748 0.814135 0.89657 1.42041 101407 0 -1.4609 0.21068 1
19.6267 40.563 2.04151 1.99597 4.46481 1.45497 168775 0 1.65973 0.20996 0
37.576 21.0268 1.59239 1.92816 4.37513 1.52118 140283 0 -1.46768 0.20982 0
31.1959 44.6474 1.97162 1.98433 4.45205 1.56341 174895 0 -1.49041 0.209538 0
-18.7747 35.0269 0.843233 1.95046 4.4242 1.45004 160699 0 -1.15206 0.209011 0
15.4459 70.2929 2.2753 2.19547 5.03178 1.7815 212286 0 -1.55107 0.208439 0
29.8689 6.54049 1.17237 0.776773 0.93708 1.75747 119199 0 0.782966 0.207631 1
43.0062 54.6262 2.02046 0.737592 0.678832 1.59717 189440 0 -1.64551 0.207444 1
9.81707 -5.83371 0.801948 0.866835 0.893506 1.65665 100884 0 1.89805 0.207402 1
-4.00668 49.1867 1.95267 2.01125 4.56279 1.6719 181337 0 -1.41791 0.207381 0
14.5332 61.5937 1.84002 2.15952 4.94983 1.60013 199647 0 -1.49978 0.206963 0
-45.6799 14.8547 -0.402108 2.02897 4.51906 1.66819 131131 0 -1.25832 0.20666 0
32.7819 53.9978 1.77485 1.916 4.28014 1.47019 188472 0 -1.25891 0.205666 0
32.7323 35.9017 1.74631 2.44589 5.86029 1.84795 162264 0 -1.50451 0.205432 0
31.5264 27.125 1.44665 1.95809 4.42366 1.506 149156 0 -1.50665 0.205205 0
-26.7285 17.1816 0.436224 2.07685 4.70367 1.69657 134466 0 1.68443 0.205012 0
31.2018 45.2873 1.97423 1.98999 4.48716 1.58854 175831 0 -1.453 0.204898 0
32.1579 44.6538 2.02422 2.04154 4.59255 1.62174 174898 0 -1.49104 0.204388 0
13.8211 43.7324 1.64289 2.17182 5.03928 1.77092 173437 0 -1.47079 0.203709 0
27.2116 8.71328 1.14781 0.921747 1.01798 1.81972 122467 0 0.218086 0.20366 1
51.4185 46.506 1.9062 1.81411 4.01749 1.45066 177766 0 -1.57442 0.203559 0
14.3462 58.4099 1.92003 1.76539 3.87885 1.4045 194966 0 -1.42795 0.20345 0
38.8624 44.3557 1.96124 1.99941 4.43173 1.59102 174451 0 -0.484739 0.20341 0
52.3065 40.53 1.8704 2.01154 4.62846 1.58427 168877 0 -1.54389 0.203135 0
-23.1498 27.0892 0.707464 2.05549 4.63508 1.60144 148985 0 -1.30488 0.203073 0
-42.7052 28.6413 0.122853 1.9806 4.38362 1.54073 151264 0 -1.24321 0.202997 0
-38.3235 19.6535 -0.0329221 1.9195 4.40515 1.53554 138174 0 1.803 0.202242 0
-46.883 52.2679 0.871018 2.19657 4.8776 1.72092 185883 0 -1.30531 0.202002 0
30.8803 44.9641 1.93536 1.96213 4.45761 1.5568 175362 0 -1.49584 0.201432 0
-47.4568 12.5675 -0.383375 2.21566 4.96265 1.69771 127849 0 -1.24554 0.201127 0
54.568 11.8838 1.29275 2.29477 5.22761 1.88519 127232 0 1.43199 0.201121 0
11.3899 18.8429 1.20297 2.01741 4.62565 1.53571 136925 0 -1.47729 0.20079 0
52.9588 48.5265 2.1031 2.08503 4.65753 1.7021 180579 0 -1.35682 0.200552 0
-67.1001 11.3058 -0.596962 1.69609 3.7446 1.48631 125916 0 -1.16145 0.200488 0
13.8182 46.8964 1.72105 2.26785 5.44273 1.79974 178117 0 -1.49287 0.200276 0
-20.3205 35.9028 1.01113 2.09853 4.71551 1.50315 162098 0 -1.16268 0.200238 0
-41.7919 28.6111 0.173386 2.04492 4.46706 1.5208 151267 0 -1.25892 0.199837 0
-47.6118 7.09841 -0.491078 1.87607 4.13617 1.60432 119893 0 -1.21865 0.199748 0
14.148 -3.28444 0.900961 0.819594 0.959476 1.7361 104642 0 2.04473 0.199485 1
-35.0871 30.8038 0.40983 1.86992 4.23446 1.49498 154564 0 1.98788 0.199468 0
31.8455 44.9583 2.0277 2.02368 4.50069 1.59501 175365 0 -1.46637 0.199359 0
-57.7523 21.948 -0.183 2.04577 4.59626 1.66826 141389 0 1.76361 0.1982 0
-5.88776 28.7338 1.55493 2.01793 4.56995 1.52064 151379 0 -1.47642 0.197729 0
38.9514 54.881 2.07946 2.05221 4.60553 1.63584 189895 0 3.12649 0.197555 0
-67.6537 11.6184 -0.608143 2.06376 4.68997 1.60197 126382 0 -1.14618 0.19735 0
53.9752 29.2661 1.60906 2.06919 4.63629 1.67982 152502 0 -2.98778 0.196913 0
12.4381 32.2342 1.52296 1.71707 3.69595 1.38378 156584 0 -1.46017 0.196576 0
-56.4586 21.5744 -0.356176 1.94618 4.42411 1.55544 140925 0 -0.735888 0.194497 0
-36.6863 21.9853 0.283935 2.01429 4.6223 1.78484 141455 0 1.80911 0.194426 0
-0.476723 19.1033 1.37289 0.839606 0.991857 1.6922 137356 0 1.63989 0.194279 1
-46.2897 12.0512 -0.466466 1.85906 4.14677 1.58539 126917 0 -1.2874 0.193112 0
52.6723 49.406 2.06162 1.90258 4.21304 1.56473 181982 0 -1.59892 0.193085 0
-33.0859 39.4555 0.66086 2.11334 4.74593 1.58227 167206 0 1.9276 0.192775 0
52.2175 46.254 1.99387 2.28521 5.19961 1.81453 177301 0 -1.5869 0.192705 0
21.2752 67.0359 2.22276 2.06971 4.6324 1.6868 207624 0 1.72386 0.192359 0
44.9776 -28.9427 0.447536 1.9936 4.33426 1.69142 67298 0 0.160651 0.191945 0
20.9592 57.7637 2.30998 2.01179 4.50747 1.59922 194051 0 1.56495 0.191901 0
-25.1007 22.4607 0.472287 2.12865 4.69167 1.55508 142427 0 -1.42721 0.1919 0
37.8747 18.1081 1.39207 1.92404 4.46827 1.46142 136072 0 1.65854 0.191882 0
12.6151 28.7393 1.39778 1.92273 4.49764 1.491 151437 0 -1.47255 0.191237 0
33.0894 54.1881 1.86715 1.91698 4.22968 1.48808 188941 0 -1.59216 0.191223 0
14.9649 55.0051 2.14248 1.79633 3.92839 1.57427 189820 0 -1.43079 0.191146 0
-53.3685 47.5484 0.367335 1.67612 3.48775 1.3951 178843 0 -0.925337 0.190987 0
43.0068 54.8054 2.00485 0.808499 0.761477 1.60431 189908 0 -1.6304 0.190899 1
-17.7983 37.6086 0.970561 2.18268 4.8933 1.71858 164446 0 -1.19169 0.190507 0
18.4692 40.5685 1.8892 1.9608 4.57626 1.52274 168771 0 1.63958 0.18939 0
19.6228 37.7042 1.93666 2.0322 4.41709 1.52475 164563 0 1.65221 0.189222 0
14.4931 -4.00185 0.953361 0.839128 0.970153 1.71604 103707 0 1.58513 0.189184 1
-3.38538 49.4456 1.92497 2.10109 4.75157 1.69784 181807 0 -1.44631 0.189018 0
11.4901 -5.88178 0.776624 0.808003 1.3903 1.72451 100889 0 -1.73202 0.188907 1
45.3356 -26.3757 0.384052 1.93021 4.30496 1.66275 71043 0 -3.07414 0.188864 0
30.2323 51.3541 2.28046 2.05406 4.61565 1.61182 184720 0 -1.46728 0.188808 0
-3.68465 55.5704 2.14685 2.00962 4.5004 1.57047 190698 0 -1.54042 0.1886 0
32.4056 39.0974 1.89248 2.14956 4.88781 1.65406 166943 0 -1.48282 0.188475 0
-44.3195 28.9582 0.266354 2.01977 4.39959 1.63218 151727 0 1.75158 0.187385 0
21.2604 58.6797 2.43486 2.04862 4.4484 1.65297 195456 0 1.58495 0.187099 0
1.19295 52.8915 2.01143 2.06221 4.80662 1.69399 186969 0 1.58122 0.187086 0
30.8902 44.3525 1.95949 1.983 4.40444 1.58463 174426 0 -1.51675 0.187077 0
-38.5664 28.3249 0.403861 1.11106 1.61206 1.63701 150809 0 -1.65806 0.187066 1
31.2422 39.0956 1.90889 1.99791 4.53636 1.55548 166939 0 -1.49337 0.187025 0
-34.9842 5.04771 -0.400069 0.807107 0.846553 1.55953 116656 0 -1.70094 0.186659 1
53.9722 7.94738 1.04008 1.7694 4.10691 1.49758 121146 0 1.70265 0.185849 0
-47.4855 51.9367 0.812596 2.24089 5.30744 1.81176 185413 0 -1.32227 0.18579 0
13.0467 43.7414 1.70005 1.90104 4.10289 1.64775 173434 0 -1.47756 0.185004 0
37.554 35.0246 1.53611 1.28839 2.36085 1.60537 160875 0 1.29268 0.184942 1
4.45106 40.0637 1.79225 0.864706 0.77645 1.73091 168259 0 0.0118069 0.184848 1
21.2775 57.4602 2.33599 2.04248 4.55269 1.64126 193584 0 1.55347 0.184788 0
32.7989 56.8246 2.04517 1.95673 4.39489 1.58169 192684 0 -1.55049 0.184401 0
49.1567 20.0471 1.54276 1.99305 4.39412 1.56231 138915 0 -1.43161 0.184299 0
37.0222 44.5815 1.88608 1.99514 4.50501 1.58356 174913 0 1.58226 0.184006 0
31.4959 45.5801 2.01129 1.97308 4.38498 1.5923 176300 0 -1.47143 0.183865 0
-6.21883 22.9366 1.27745 1.98762 4.63671 1.49736 142954 0 -1.54096 0.183197 0
61.6776 28.3198 1.78975 2.15042 4.79289 1.79707 151122 0 0.138084 0.182494 0
-38.5554 41.1364 0.979013 1.9949 4.44204 1.60416 169529 0 -1.32091 0.18214 0
31.8445 44.347 2.01634 2.03755 4.51589 1.60493 174429 0 -1.47638 0.18207 0
14.582 -4.34902 0.87479 0.758361 0.943009 1.48948 103239 0 -1.48792 0.182052 1
39.1797 35.0771 1.73599 2.04444 4.60439 1.62994 160880 0 1.65844 0.181478 0
19.3708 46.003 2.08843 1.98552 4.37957 1.60259 176730 0 1.65548 0.18145 0
31.1743 18.5201 1.24705 1.81989 4.24347 1.45717 136519 0 -1.50436 0.181013 0
-42.6956 27.7254 0.124308 1.99675 4.421 1.54759 149860 0 -1.15271 0.18033 0
-22.3336 -9.40726 0.708959 0.84111 0.916732 1.74389 95636 0 2.43801 0.180029 1
19.9379 46.5549 2.14792 2.24075 5.08301 1.76834 177668 0 1.61846 0.179726 0
-34.4027 29.9816 0.358815 1.95463 4.37193 1.44804 153162 0 -1.27341 0.179373 0
-43.0305 28.3216 0.144484 1.95807 4.37761 1.54546 150795 0 -1.21087 0.179344 0
-23.4761 27.6672 0.784083 2.1275 4.77846 1.64962 149920 0 -1.33596 0.179331 0
53.2174 49.3947 2.21475 2.22281 5.04284 1.83171 181984 0 -1.60026 0.179061 0
-53.327 48.444 0.453484 2.09035 4.56339 1.58773 180247 0 -0.394672 0.178906 0
13.3222 43.4615 1.7081 1.94055 4.32441 1.67291 172967 0 -1.45705 0.178813 0
-47.1445 56.5068 0.67501 2.04395 4.58131 1.58532 191966 0 -1.24822 0.178251 0
37.5101 30.033 1.82355 2.39119 5.82588 1.92873 153387 0 0.468971 0.178225 0
-31.9325 39.0829 0.598271 2.00489 4.61678 1.47068 166742 0 1.92313 0.17812 0
-42.7115 9.64828 -0.397852 2.05488 4.4797 1.62408 123652 0 1.87468 0.178065 0
-4.93228 49.1893 1.985 2.00746 4.53414 1.63859 181334 0 -1.42976 0.177969 0
37.279 30.4139 1.79108 2.70613 6.24553 2.01827 154322 0 -1.91439 0.177829 0
-56.438 21.3454 -0.352342 1.90982 4.37915 1.5321 140457 0 -0.308354 0.177717 0
-4.65014 49.9971 1.95412 2.10063 4.7659 1.68774 182739 0 -1.53929 0.177711 0
49.4792 20.9142 1.62525 1.96575 4.34157 1.58401 140320 0 -1.68949 0.177151 0
-42.6423 9.22673 -0.425547 2.20281 4.81032 1.66413 122716 0 1.85418 0.176946 0
-26.4436 17.4555 0.44817 2.12396 4.92265 1.69151 134935 0 1.65211 0.176662 0
21.5899 66.7597 2.22098 2.0328 4.61787 1.6518 207157 0 1.66823 0.176534 0
-38.2537 41.4419 0.977251 1.98988 4.42978 1.5809 169998 0 -1.40249 0.176431 0
-56.7941 21.6059 -0.350522 1.98028 4.49052 1.58403 140924 0 1.75434 0.176225 0
14.028 -3.26463 0.859545 0.812023 0.938026 1.71146 104641 0 1.69907 0.17491 1
-43.045 28.9493 0.186696 2.0657 4.52104 1.56679 151731 0 -1.24424 0.174885 0
0.0750198 25.8855 1.30527 1.84439 4.19053 1.43722 147186 0 1.5961 0.17481 0
-5.86916 44.5339 2.01055 2.36632 5.51696 1.79326 174779 0 -1.45103 0.17467 0
18.4335 32.0483 1.52978 1.98195 4.4949 1.46527 156603 0 1.67556 0.174473 0
-35.7136 31.1343 0.519421 1.88283 4.1645 1.50251 155030 0 2.04119 0.174312 0
-41.7702 33.7615 1.08282 2.04726 4.53133 1.62198 158755 0 -1.09512 0.173909 0
-42.4097 28.9217 0.149945 2.04168 4.43234 1.54106 151733 0 -1.17383 0.173903 0
1.75108 53.1837 1.8991 1.95817 4.42719 1.62047 187439 0 1.61072 0.173887 0
-25.424 22.491 0.461609 2.07569 4.5552 1.52702 142426 0 1.4191 0.173484 0
54.2331 29.9 1.54624 2.08201 4.68405 1.69832 153439 0 -3.0683 0.173272 0
53.633 28.6565 1.63359 2.01136 4.57297 1.64852 151565 0 -2.24472 0.173073 0
51.6063 43.4287 1.99826 2.24949 5.23774 1.82448 173087 0 -1.4673 0.172785 0
31.5203 27.912 1.42096 1.9626 4.55828 1.49113 150560 0 -1.49317 0.172668 0
-63.2859 7.09196 -0.73974 1.82998 4.08121 1.53157 119844 0 -1.22958 0.172408 0
39.4814 38.5936 1.87374 1.9749 4.47957 1.51771 166029 0 1.65449 0.171608 0
-41.6506 11.9203 -0.36737 2.15749 5.10189 1.70504 126931 0 1.87815 0.171454 0
-19.9471 38.524 0.81276 2.06686 4.53912 1.49242 165843 0 -1.24158 0.171176 0
-61.6885 11.3529 -0.565579 1.65549 3.58382 1.40956 125933 0 1.68219 0.170878 0
9.18077 -6.86955 0.813831 0.709369 0.718397 1.58054 99478 0 -2.96599 0.170839 1
50.4161 43.9762 1.85998 2.01249 4.56739 1.58893 174019 0 -1.39505 0.170828 0
-47.4801 51.1194 0.783797 2.31425 5.46627 1.90035 184009 0 -1.27547 0.170462 0
14.5356 74.3183 2.26829 2.14114 5.24305 1.70722 218367 0 -1.70846 0.170386 0
-48.1294 51.6827 0.818235 2.13177 4.91201 1.74682 184943 0 -1.30462 0.169944 0
-55.5746 21.2852 -0.242343 1.92347 4.39895 1.53225 140460 0 -1.23942 0.169938 0
-53.6178 47.2767 0.32501 1.65395 3.57962 1.39456 178374 0 -1.25729 0.169649 0
39.7714 54.6115 1.99625 1.95181 4.29482 1.6019 189430 0 -2.95766 0.16942 0
28.2731 -6.18605 0.620297 0.679993 0.708755 1.00258 100474 0 -1.48415 0.169365 1
35.7682 21.1809 1.50079 1.89866 4.45524 1.48525 140745 0 1.60959 0.16913 0
37.1897 12.0335 1.28602 2.16393 5.14055 1.65444 127178 0 1.62396 0.16907 0
-41.1169 28.6115 0.299838 2.18187 4.91527 1.61618 151269 0 -1.29948 0.169056 0
-43.9413 22.6668 0.0575088 1.8769 4.17471 1.69368 142368 0 -1.24894 0.168869 0
28.6106 -6.217 0.669158 0.642801 0.662725 1.04016 100475 0 -1.46501 0.168814 1
-45.2904 17.2147 -0.242164 1.96235 4.43193 1.74524 134408 0 -1.21508 0.168631 0
52.9359 40.7894 1.96248 2.05087 4.57729 1.62947 169347 0 -1.55118 0.168596 0
-26.0652 22.5813 0.483382 2.08593 4.63648 1.53533 142424 0 1.76785 0.16847 0
54.8084 8.42086 1.0957 2.19364 5.25869 1.74461 122085 0 1.62809 0.168354 0
17.7559 28.0785 1.5708 2.058 4.59279 1.49513 150517 0 1.61495 0.167947 0
38.9129 53.5713 1.80498 1.97308 4.59978 1.53172 188023 0 2.01691 0.167364 0
18.1779 31.6149 1.4964 1.95073 4.48215 1.46812 155666 0 1.61921 0.167195 0
-4.3089 55.8236 2.13481 2.00543 4.54639 1.62974 191164 0 -1.52506 0.166899 0
