44.3531 -6.89013 1.54484 2.92901 7.74006 3.21945 99588 0 1.62373 0.956505 0
18.3769 11.742 1.07313 2.14541 4.86098 1.55532 126651 0 1.64932 0.950465 0
10.6978 12.7425 1.21078 2.25567 5.20292 1.91147 128031 0 -1.56448 0.942905 0
-6.8088 11.3182 0.995848 1.9951 4.5628 1.48573 126104 0 -1.48497 0.937486 0
-0.861275 17.0813 1.35421 2.10333 4.8252 1.82794 134547 0 1.6265 0.919467 0
-1.96901 11.0643 1.16592 2.02826 4.50973 1.77422 125651 0 1.62443 0.912609 0
-20.6074 32.7382 1.12552 2.40279 5.42674 1.78204 157417 0 -1.19276 0.902295 0
30.6052 15.8992 1.26032 1.95378 4.38196 1.69408 132773 0 -1.48128 0.894416 0
48.4244 8.47619 1.04397 2.02307 4.65271 1.59501 122065 0 -1.46884 0.888101 0
30.8373 9.35228 1.22812 2.02113 4.57149 1.72265 123414 0 -1.46146 0.882318 0
-18.7575 19.7418 0.894691 2.16051 4.78427 1.91727 138235 0 1.70759 0.881983 0
-56.8454 -4.85778 -0.933372 2.02341 4.35754 1.59588 102080 0 -1.54292 0.877769 0
-19.0093 11.4824 0.760579 2.01245 4.55892 1.77185 126066 0 1.69 0.875724 0
64.0948 -3.96677 1.10454 2.09787 4.7176 1.85096 103862 0 -1.00766 0.875622 0
10.6733 15.8157 1.25057 2.20692 5.12059 1.87711 132711 0 -1.50729 0.873819 0
17.3492 22.8248 1.50403 2.15234 4.99668 1.77722 143028 0 1.60633 0.872941 0
-44.6984 -11.1091 -0.898989 2.06002 4.54909 1.77281 93226 0 0.040737 0.871073 0
49.1307 11.6242 1.24967 2.02879 4.58348 1.79783 126747 0 -1.49352 0.866405 0
-42.1149 -11.6663 -0.944836 1.97764 4.3318 1.65142 92298 0 0.0352098 0.865222 0
18.5056 15.4153 1.22119 2.22044 4.71503 1.76813 132267 0 1.6209 0.864197 0
30.9092 12.2802 1.15545 1.88717 4.22343 1.45419 127626 0 1.62327 0.860971 0
36.2504 9.0695 1.11646 2.03424 4.78939 1.51951 122963 0 1.67259 0.860355 0
13.2928 41.1337 1.89824 2.12893 4.94554 1.89618 169691 0 -1.52146 0.857226 0
-6.53745 20.299 1.13813 2.10372 5.0531 1.43132 139209 0 -1.51857 0.84816 0
-6.53389 17.4889 1.05407 2.07873 4.82938 1.52576 134997 0 -1.50434 0.844177 0
11.3878 19.3799 1.15971 1.95185 4.50742 1.47719 137861 0 -1.59814 0.840334 0
11.7363 22.3098 1.42205 1.93405 4.37242 1.70511 142074 0 -1.53914 0.83936 0
-29.6355 6.61413 -0.153578 2.07979 4.76274 1.56728 119013 0 -1.26518 0.839356 0
31.2177 30.8902 1.44539 2.08405 4.8074 1.48214 154771 0 1.5905 0.838754 0
-36.4099 -11.3858 -0.740936 2.12221 4.76652 1.98356 92784 0 0.0407683 0.838584 0
-42.9841 5.91074 -0.394045 1.95113 4.21419 1.54312 118035 0 1.86637 0.830775 0
-19.6438 7.96834 0.643621 1.93926 4.49306 1.53155 120916 0 1.6215 0.829361 0
-18.42 14.0134 0.785113 2.07781 4.76857 1.85252 129812 0 1.76145 0.825718 0
48.7322 5.70155 1.22518 2.17229 5.07077 1.84591 117854 0 -1.48481 0.825667 0
-0.407425 22.9203 1.42517 2.18882 5.03602 1.81972 142972 0 -1.45043 0.8222 0
0.155098 29.0042 1.38833 1.96092 4.46063 1.44581 151866 0 1.61264 0.813286 0
-6.25029 14.5 1.0015 2.0435 4.72808 1.49444 130786 0 -1.48655 0.811399 0
11.6472 -5.95898 0.74281 0.797997 0.860062 1.61907 100890 0 -2.27665 0.811051 1
13.8905 38.1567 1.70788 2.08603 4.84658 1.58515 165481 0 -1.52211 0.809932 0
-24.1688 -4.19865 -0.0863495 2.09065 4.64438 1.53176 103118 0 -1.80888 0.803395 0
0.181915 31.7544 1.74485 2.21364 5.0461 1.87123 156078 0 1.6461 0.803153 0
36.3663 15.1771 1.28902 1.99073 4.6261 1.4826 131855 0 1.70335 0.80281 0
11.4279 26.1194 1.324 1.89774 4.41706 1.4951 147689 0 -1.51918 0.800673 0
-1.17791 14.1283 1.12036 1.92575 4.3339 1.58814 130334 0 1.71333 0.80002 0
17.4808 20 1.20254 2.07625 4.89 1.53295 138816 0 1.636 0.797995 0
12.9554 32.26 1.42347 2.03904 4.8469 1.48948 156586 0 -1.46776 0.791474 0
7.90463 47.4527 1.72183 2.12178 4.86515 1.55979 179034 0 -0.0481261 0.786383 0
36.3479 12.2336 1.30318 2.04448 4.74542 1.69671 127643 0 1.64712 0.781741 0
-18.4515 16.8754 0.647721 1.81037 4.06566 1.48652 134024 0 1.71396 0.7784 0
14.1881 -4.85455 0.881677 0.868348 1.01176 1.8177 102302 0 -1.48394 0.772922 1
16.2762 -6.87923 0.844017 0.941904 1.02268 1.74816 99500 0 1.69781 0.769082 1
-34.6102 6.11777 -0.381684 0.818589 0.875566 1.71633 118529 0 -1.32246 0.766783 1
-27.7018 14.7854 0.286587 2.18589 4.8936 1.93986 131187 0 1.83625 0.764818 0
12.6218 29.2332 1.424 1.96618 4.62536 1.47165 152373 0 -1.5143 0.759483 0
17.4484 25.736 1.59204 2.24532 5.39901 1.65243 147240 0 1.61711 0.755058 0
-49.1199 4.55669 -0.450422 2.11578 4.79886 1.69271 116144 0 -1.32756 0.751572 0
13.2871 46.9587 1.68003 1.9559 4.45618 1.52197 178115 0 -1.55324 0.747854 0
-0.135948 26.1526 1.28627 1.98654 4.57246 1.4544 147653 0 1.61241 0.742338 0
30.8621 21.6413 1.22323 1.89627 4.39431 1.41 141198 0 -1.4925 0.739634 0
-44.5952 20.3927 -0.177514 2.06276 4.59643 1.60603 139090 0 -1.29642 0.7374 0
31.8537 38.9016 1.87536 1.94378 4.34452 1.57036 166473 0 -1.48878 0.73623 0
9.49235 -6.51658 0.823817 0.975414 0.885225 1.71148 99947 0 1.79239 0.721466 1
14.9154 58.4798 1.93689 2.01357 4.61315 1.5606 194968 0 -1.43426 0.72139 0
9.8345 -5.3876 0.831629 0.909296 0.947366 1.78469 101820 0 2.71017 0.719697 1
13.3098 43.9835 1.72597 1.99384 4.48034 1.65965 173903 0 -1.55715 0.718839 0
23.907 21.2963 1.25324 2.06409 4.76783 1.50042 140708 0 0.0544384 0.716034 0
19.0074 37.8799 1.85605 2.05524 4.64063 1.55534 165029 0 1.62716 0.716008 0
31.1648 18.7502 1.19518 1.9251 4.51454 1.46132 136987 0 -1.50004 0.708634 0
-18.1278 22.8955 0.77622 1.99743 4.46557 1.54147 142917 0 1.62906 0.708432 0
-38.864 19.7264 -0.0565462 1.9446 4.4999 1.52359 138172 0 1.83203 0.70414 0
31.5189 35.749 1.71678 2.08092 4.87035 1.6071 161792 0 1.63281 0.695201 0
-41.1474 11.917 -0.290332 1.836 4.16968 1.47587 126933 0 1.93425 0.69259 0
27.0703 8.61115 1.1741 0.928719 0.993476 1.83243 121998 0 0.139938 0.691802 1
37.3022 30.2001 1.75702 2.50205 5.87407 1.93828 153854 0 -1.53585 0.683257 0
15.2697 55.4273 2.16639 2.01247 4.51762 1.74125 190757 0 -1.52784 0.68276 0
-40.1673 14.5049 -0.218434 1.98539 4.45476 1.51588 130680 0 1.8502 0.676699 0
14.9285 64.7195 2.05445 2.01727 4.57514 1.58042 204328 0 -1.50945 0.670006 0
-32.4998 39.1277 0.619335 2.01328 4.55409 1.44507 166740 0 1.93526 0.669465 0
-21.5842 29.6589 0.721832 2.08303 4.74112 1.51134 152734 0 -1.26021 0.66885 0
54.536 11.3306 1.34513 2.03657 4.66134 1.55912 126296 0 1.52376 0.668499 0
-48.131 7.16656 -0.500014 2.03517 4.55173 1.62188 119891 0 -1.26811 0.666013 0
-5.27035 44.3068 1.92394 2.04459 4.59349 1.70497 174313 0 -1.53003 0.665674 0
41.0877 26.4024 1.57364 0.730048 0.716635 1.73134 148250 0 -3.03068 0.658566 1
-47.493 9.7536 -0.19169 2.28026 5.17494 1.8344 123637 0 -1.26497 0.650446 0
-63.8666 6.96203 -0.647126 2.18422 4.64216 1.86765 119374 0 -1.23971 0.649626 0
50.3963 34.8052 1.83302 1.88536 4.28896 1.49021 160447 0 -1.54848 0.649183 0
27.655 -6.17986 0.841401 0.902511 1.34663 1.64937 100472 0 -1.51681 0.645133 1
-5.868 26.1251 1.50395 2.03634 4.66759 1.68716 147635 0 -1.51508 0.644208 0
-5.29224 40.8273 1.67553 2.02077 4.56509 1.4713 169165 0 -1.52414 0.640988 0
-28.6219 9.16422 -0.0806849 2.01978 4.50621 1.51941 122760 0 -1.31021 0.639421 0
18.7152 31.8001 1.51062 2.07887 4.73458 1.46143 156136 0 1.62077 0.637977 0
54.208 5.35859 1.18674 2.01581 4.86617 1.72408 117403 0 1.64115 0.634258 0
28.2146 -5.16151 0.836096 1.02193 0.989551 1.65168 101878 0 -1.25075 0.631852 1
-56.1861 27.1346 0.0440535 1.96662 4.29927 1.56485 148882 0 -1.24954 0.630836 0
-61.546 14.607 -0.547724 2.04886 4.54778 1.6832 130613 0 -1.17554 0.630626 0
15.0833 -4.41322 0.699985 0.647614 0.720364 0.882829 103241 0 -1.39182 0.627842 1
-5.9497 31.9056 1.60951 2.18929 5.08179 1.65401 156059 0 1.55672 0.614589 0
36.9354 26.9851 1.43928 2.11654 4.90572 1.50625 149173 0 1.66329 0.614145 0
-46.2686 56.1436 0.63767 1.96963 4.38455 1.5013 191501 0 -1.27317 0.607857 0
-46.5854 15.1166 -0.275211 2.10901 4.60491 1.6629 131596 0 -1.21903 0.60596 0
14.1644 -3.95708 1.02448 0.894547 1.03914 1.93752 103706 0 1.69284 0.605031 1
-19.6656 35.3905 1.03742 2.07317 4.6545 1.53987 161164 0 -1.11751 0.595319 0
-31.8862 42.0472 0.956912 1.96374 4.28413 1.59368 170954 0 1.93156 0.592928 0
-40.105 17.1489 0.008927 1.97348 4.36972 1.76444 134424 0 1.84619 0.583504 0
-62.2474 11.7054 -0.633023 1.92182 4.26828 1.57769 126399 0 1.91059 0.582789 0
14.9981 -4.4119 0.756031 0.660711 0.753429 1.01276 103240 0 -3.06436 0.580452 1
36.3402 21.1849 1.4816 1.98052 4.73164 1.55509 140747 0 1.64521 0.573963 0
15.163 67.6109 2.17803 2.14471 4.80037 1.82239 208541 0 -1.55243 0.571836 0
36.6327 18.0781 1.28989 1.96903 4.43134 1.50367 136068 0 1.68358 0.568474 0
0.850494 43.6588 1.63045 2.07539 4.77593 1.52242 173396 0 1.56028 0.564109 0
17.7692 28.6426 1.46103 2.01521 4.69018 1.44835 151453 0 1.61405 0.562253 0
-37.9229 22.2516 0.307771 2.08089 4.60033 1.76792 141919 0 1.80329 0.555531 0
2.09145 55.4974 2.22911 2.26787 5.18788 1.98137 190716 0 1.55071 0.554157 0
19.3492 40.8577 1.97395 2.04258 4.73084 1.47124 169242 0 1.65803 0.542079 0
-45.6097 17.8124 -0.174355 2.06035 4.57338 1.6846 135343 0 -1.2293 0.539676 0
-43.9982 23.131 0.107364 2.04438 4.56141 1.69815 143304 0 -1.30621 0.536102 0
19.0219 46.5315 2.09795 2.00823 4.53322 1.56119 177665 0 1.61126 0.530155 0
41.127 26.9718 1.55636 0.584531 0.884888 1.39769 149186 0 -2.98457 0.525476 1
-53.9142 47.8425 0.452014 1.99704 4.43737 1.56501 179309 0 -1.09536 0.519717 0
-44.3171 58.3787 0.970464 2.0322 4.49987 1.64856 194783 0 -1.27654 0.51467 0
31.209 27.4291 1.38478 2.05902 4.81002 1.51571 149623 0 1.60862 0.51332 0
23.8756 22.208 1.2962 1.92117 4.26594 1.48569 142112 0 -3.13043 0.511651 0
33.1028 56.7759 1.95656 1.87629 4.18768 1.47265 192685 0 -1.46655 0.496898 0
4.58073 40.0541 1.77154 0.811439 0.719367 1.75617 168260 0 -0.0984002 0.495959 1
9.52 -6.34219 0.759507 0.880375 0.842434 1.68932 100415 0 1.71001 0.494327 1
-1.12007 20.0514 1.38106 2.06722 4.81721 1.64662 138758 0 1.71937 0.486238 0
54.8005 11.0324 1.36664 2.14966 5.03292 1.66372 125829 0 1.6296 0.47458 0
-19.0617 38.2643 0.791637 2.01736 4.59078 1.50306 165378 0 -1.1547 0.465572 0
15.0858 -4.50562 0.63628 0.595658 0.655373 0.810549 102773 0 -1.44253 0.46535 1
37.2954 35.4082 1.53506 1.93606 4.69157 1.52008 161342 0 1.66584 0.464759 0
-24.4948 22.2591 0.489884 2.03427 4.49333 1.57391 141961 0 -1.36103 0.461752 0
14.986 -4.51034 0.72896 0.62208 0.701593 0.959172 102772 0 -1.91658 0.456077 1
14.5459 73.7359 2.29626 2.01033 4.51681 1.59873 217431 0 -1.52736 0.454209 0
-68.9856 5.28123 -0.724348 1.89525 4.12834 1.61043 117018 0 1.96002 0.447533 0
9.94635 -5.33896 0.799807 0.833002 0.860997 1.70345 101821 0 2.56368 0.446411 1
49.1236 14.5259 1.38709 2.07038 4.6828 1.66791 130959 0 -1.54652 0.44359 0
1.45898 52.6254 1.90191 1.9968 4.60855 1.62237 186502 0 1.56801 0.440411 0
-47.1911 12.6087 -0.475651 2.0701 4.70466 1.64948 127850 0 -1.2101 0.439519 0
27.6536 -6.04305 0.818584 0.959937 1.06955 1.60732 100940 0 -1.50999 0.434503 1
-27.3816 18.0673 0.505352 2.06959 4.61689 1.82329 135868 0 1.73878 0.427036 0
53.9171 8.45783 1.14729 1.93102 4.42665 1.4605 122082 0 1.69158 0.425871 0
41.1015 26.7659 1.60998 0.72839 1.09637 1.69775 148718 0 -3.03573 0.425285 1
-5.59999 28.9679 1.35901 2.03801 4.78322 1.554 151848 0 -1.47555 0.424128 0
-42.3797 9.5084 -0.360618 2.06836 4.57693 1.55568 123185 0 1.86115 0.42407 0
54.3192 11.0814 1.36316 1.82782 4.10897 1.47045 125827 0 1.66221 0.421401 0
-4.33648 58.97 2.17857 1.99758 4.51523 1.60984 195844 0 -1.50653 0.420083 0
18.0565 28.9018 1.4506 2.0405 4.8209 1.46898 151922 0 1.61819 0.409259 0
51.7051 46.2101 2.01466 1.95334 4.3162 1.54184 177299 0 -1.52233 0.40658 0
37.5949 44.3677 1.87175 1.94619 4.36193 1.53546 174447 0 1.43603 0.401932 0
-62.0009 11.928 -0.660227 1.90873 4.12758 1.56878 126868 0 1.97966 0.400848 0
-3.35589 64.7691 2.30655 2.03231 4.58706 1.56815 204271 0 -1.41961 0.390198 0
13.6287 73.7203 2.1382 1.99285 4.53205 1.53279 217428 0 -1.51139 0.389776 0
11.6437 -6.08875 0.755552 0.824637 0.908171 1.63975 100422 0 -2.10865 0.387287 1
-32.429 42.3361 0.975886 2.2302 5.27469 1.7714 171420 0 1.93806 0.38494 0
51.0658 43.6559 1.9625 2.01601 4.55397 1.65287 173553 0 -1.48517 0.378468 0
-35.0287 30.2748 0.35392 1.9064 4.40424 1.49676 153628 0 1.72047 0.374929 0
33.1168 53.9761 1.99712 1.90003 4.23932 1.49326 188473 0 -1.41583 0.371875 0
-16.2779 -14.5944 0.385181 0.8708 0.916492 1.66747 88167 0 -1.77009 0.370429 1
14.1655 -3.80229 0.994693 0.882852 1.02031 1.90004 104174 0 1.80543 0.367539 1
36.9892 35.6579 1.53582 1.95761 4.5779 1.46294 161809 0 1.60815 0.364858 0
-46.8666 56.4129 0.614435 2.07819 4.64169 1.56769 191967 0 -1.26014 0.3628 0
55.5027 34.3989 1.71347 1.97125 4.56353 1.55824 159995 0 1.5872 0.36164 0
60.9546 22.8924 1.81478 2.06066 4.65933 1.58849 143164 0 -3.00283 0.361244 0
37.5773 18.0891 1.23056 1.98293 4.54299 1.50524 136071 0 1.65045 0.361039 0
-44.9534 58.6731 0.90414 2.39299 5.66331 1.90809 195249 0 -1.27503 0.357792 0
50.4089 14.5513 1.44666 2.03668 4.55509 1.70361 130963 0 -1.55813 0.356496 0
31.8048 27.6312 1.41782 2.0808 4.83886 1.55169 150093 0 -1.48832 0.356296 0
42.7148 56.5169 2.18562 0.800265 0.74719 1.70993 192247 0 0.0497906 0.354666 1
27.9225 -6.20553 0.762932 0.887082 1.60308 1.4628 100473 0 -1.51739 0.35104 1
-27.0716 17.7703 0.477413 2.09834 4.70502 1.82761 135401 0 1.7256 0.350748 0
-34.7132 33.4615 0.614462 1.94715 4.42593 1.52378 158309 0 1.89478 0.350679 0
37.3352 34.7817 1.60721 0.816257 0.911637 1.58867 160406 0 0.95487 0.349099 1
1.72552 52.8871 1.89099 1.92287 4.34046 1.55153 186971 0 1.58505 0.347665 0
1.71728 52.3724 1.85809 1.92423 4.38991 1.57832 186035 0 1.37814 0.346118 0
-24.2122 22.5124 0.492415 2.03671 4.51998 1.58769 142430 0 -1.40045 0.343342 0
2.11914 61.2721 1.95166 2.04669 4.65317 1.6578 199140 0 1.54532 0.343152 0
-5.91999 29.2384 1.38357 2.04035 4.71333 1.56726 152315 0 -1.48148 0.341469 0
-47.6025 7.11192 -0.460058 1.80712 4.08237 1.53119 119893 0 -1.24984 0.338466 0
27.2458 8.58153 1.12455 0.859474 0.875025 1.74688 121999 0 0.189758 0.336843 1
-53.6726 48.1037 0.465302 2.03512 4.38569 1.58229 179778 0 -0.83553 0.336545 0
15.2007 70.2616 2.19977 2.00679 4.52307 1.63772 212285 0 -1.50875 0.336438 0
40.9337 26.4005 1.54832 0.790383 0.725723 1.77743 148249 0 -3.03423 0.335616 1
-67.6704 11.6904 -0.740143 2.00041 4.44172 1.57746 126382 0 -1.12841 0.332675 0
4.63252 54.8197 1.9271 0.832292 0.890778 1.62983 189788 0 3.09302 0.332019 1
36.3448 17.8592 1.29262 1.90666 4.31905 1.51099 135599 0 1.68999 0.328374 0
11.5097 -5.95926 0.765636 0.822802 0.874623 1.64086 100889 0 -2.16564 0.324093 1
-35.3636 30.5236 0.399238 1.90836 4.30514 1.48968 154095 0 1.91791 0.323199 0
54.2929 11.5923 1.35348 1.94047 4.38527 1.52648 126763 0 1.42215 0.322729 0
14.6543 67.4064 2.21307 1.83319 3.96514 1.66621 208071 0 -1.50923 0.322503 0
37.5112 34.7857 1.62138 0.859172 0.988907 1.59415 160407 0 -1.18978 0.321639 1
49.4356 20.3508 1.44936 2.04417 4.56679 1.60123 139384 0 -1.60934 0.320524 0
31.8309 45.2388 1.94384 2.01162 4.47119 1.56372 175833 0 -1.57097 0.317753 0
17.4898 28.3907 1.46983 1.99311 4.59201 1.44492 150984 0 1.61657 0.315493 0
-20.0126 35.9131 1.12146 2.05797 4.56048 1.54034 162099 0 -1.12145 0.313666 0
-67.3817 11.9934 -0.746835 1.90529 4.22459 1.54533 126851 0 -1.14459 0.312697 0
16.2408 -7.08635 0.836198 0.855805 0.952379 1.7119 99032 0 1.68112 0.312489 1
38.8828 35.3602 1.77968 2.02377 4.56424 1.653 161347 0 1.64438 0.311464 0
52.9651 48.8173 2.1779 1.99834 4.46421 1.64841 181047 0 -1.45366 0.311386 0
31.5112 44.994 1.99728 2.04124 4.52143 1.57252 175364 0 -1.56505 0.310905 0
27.985 -5.97417 0.716277 0.837636 1.21123 1.4326 100941 0 -1.53425 0.309519 1
2.67307 55.2911 2.18529 2.09287 4.76826 1.90403 190250 0 1.53217 0.308926 0
-53.6523 47.5904 0.424935 1.70843 3.59306 1.4492 178842 0 -1.12658 0.308853 0
-36.2827 30.8826 0.486205 1.98794 4.43515 1.50843 154560 0 1.87441 0.306182 0
18.7731 41.0238 1.89349 2.0229 4.69076 1.50038 169708 0 1.63973 0.303675 0
-4.95849 49.7479 1.90598 2.0187 4.62208 1.68499 182270 0 -1.54939 0.302368 0
-69.2657 5.04358 -0.693619 2.03905 4.48309 1.64722 116549 0 1.75535 0.301292 0
-34.4007 29.9849 0.370599 1.94389 4.34698 1.45623 153162 0 -1.2336 0.301243 0
-7.76701 25.473 1.29539 0.715418 0.661878 1.62425 146693 0 -1.99571 0.300713 1
30.274 51.381 2.36138 1.95923 4.40253 1.57118 184720 0 -1.50009 0.299818 0
53.6149 8.21606 1.1101 1.70461 3.93465 1.38633 121613 0 1.71969 0.297729 0
37.562 26.8159 1.45679 2.08185 4.89786 1.54607 148707 0 1.64571 0.294237 0
-61.9535 11.4289 -0.645363 1.66925 3.59805 1.50574 125932 0 1.86352 0.293081 0
-27.3408 17.5172 0.467193 2.07451 4.66763 1.82158 134932 0 1.7183 0.292091 0
32.4399 35.7503 1.71219 2.20812 5.16144 1.75839 161795 0 -1.52398 0.291542 0
30.5949 44.9916 1.93995 1.98235 4.49406 1.56292 175361 0 -1.58301 0.291093 0
42.9727 54.5811 2.03348 0.770063 0.720907 1.61285 189440 0 -1.68223 0.290921 1
-44.0975 20.376 -0.191083 1.69641 3.54536 1.5429 139092 0 -1.29002 0.29088 0
-4.00605 55.8624 2.0436 1.96471 4.43279 1.52754 191165 0 -1.54156 0.289835 0
-54.191 47.5971 0.387806 2.04864 4.6474 1.60678 178840 0 -1.2875 0.289016 0
32.4884 54.1619 1.97986 1.96279 4.45485 1.49011 188939 0 -1.452 0.288945 0
27.9989 -5.56731 0.772518 0.844997 1.09799 1.42001 101409 0 -1.42856 0.288718 1
20.2901 40.8356 2.06989 1.94153 4.27809 1.5003 169245 0 1.63549 0.287609 0
41.1015 26.2171 1.54085 0.748612 0.684112 1.75274 147782 0 -3.09264 0.286704 1
-4.63979 49.4868 1.91864 2.01632 4.66266 1.65184 181803 0 -1.48477 0.285227 0
14.9129 67.1377 2.18321 1.91698 4.22502 1.69122 207604 0 -1.43262 0.284637 0
-21.0424 29.6218 0.728247 1.88842 4.15307 1.47179 152736 0 -1.26704 0.283671 0
50.7591 43.4036 1.95614 1.97931 4.42873 1.62005 173084 0 -1.47936 0.283056 0
36.9445 18.3004 1.27302 1.99175 4.54103 1.49948 136537 0 1.66239 0.282423 0
14.9007 70.5225 2.21211 1.93054 4.25625 1.57933 212752 0 -1.52752 0.281563 0
30.5393 51.6471 2.36703 2.07619 4.74442 1.64287 185189 0 -1.48969 0.280479 0
49.7257 20.6342 1.4783 2.10044 4.67641 1.64491 139853 0 -1.67278 0.27965 0
1.12281 69.5949 3.23373 2.03576 4.50102 1.73797 211305 0 3.0924 0.278609 0
41.1867 27.297 1.53519 0.63384 0.737241 1.27415 149654 0 -2.85369 0.277899 1
-62.5033 11.4462 -0.634917 2.03869 4.53037 1.62354 125930 0 1.87056 0.277543 0
51.9587 46.4918 2.05675 2.15939 4.84213 1.68951 177768 0 -1.62635 0.277449 0
-58.0869 21.928 0.0666519 2.00343 4.50128 1.61286 141388 0 1.80186 0.276881 0
-35.3301 33.7804 0.571191 2.01478 4.56657 1.5667 158775 0 2.02753 0.276683 0
-4.30341 68.0141 2.43823 1.92735 4.37669 1.61934 208948 0 -1.4281 0.276524 0
51.423 45.9543 1.95585 1.74724 3.79188 1.4379 176830 0 -1.39509 0.27439 0
52.6681 49.0997 2.16316 1.87965 4.16581 1.54687 181514 0 -1.50228 0.274344 0
2.36435 61.0131 1.85184 1.96276 4.35841 1.59723 198673 0 1.54476 0.271914 0
9.64239 -6.29512 0.763929 0.855908 0.83588 1.65727 100416 0 1.79162 0.271766 1
-34.3941 33.1771 0.583209 1.95443 4.36546 1.51641 157842 0 1.36997 0.271002 0
21.9094 67.0254 2.15879 2.05266 4.65035 1.66693 207626 0 1.72652 0.269141 0
14.0588 -4.7775 0.878525 0.890674 0.994756 1.86111 102769 0 -1.4215 0.268657 1
55.2477 34.6598 1.76442 1.93185 4.33771 1.52987 160462 0 1.52747 0.267727 0
37.9073 35.6151 1.58333 2.01192 4.73264 1.54091 161812 0 1.64 0.266622 0
19.3127 31.6265 1.55732 2.1048 4.73065 1.46976 155670 0 1.6158 0.263636 0
-5.94309 23.1771 1.30957 1.93402 4.47803 1.48944 143423 0 -1.5059 0.261788 0
51.99 40.8107 1.79497 2.05363 4.71894 1.60679 169344 0 -1.5624 0.261118 0
-49.6672 4.3605 -0.493702 2.35714 5.68 1.91298 115674 0 -1.40581 0.259488 0
-5.85526 41.0149 1.71516 2.08358 4.74794 1.49089 169631 0 -1.54797 0.257603 0
40.9543 26.9863 1.48934 0.606315 0.937208 1.21581 149185 0 -3.04053 0.257268 1
28.2546 -5.95312 0.635526 0.71516 0.820191 1.08496 100942 0 -1.56307 0.257177 1
51.0362 40.7975 1.96913 2.08268 4.73486 1.64059 169341 0 -1.57955 0.256526 0
37.3242 35.0213 1.58477 1.24665 2.22762 1.55688 160874 0 1.63342 0.256024 0
-0.142349 26.6054 1.29829 2.00071 4.65029 1.4683 148589 0 1.68952 0.255837 0
-46.6294 12.3348 -0.381734 1.77299 3.80249 1.59244 127384 0 -1.19866 0.254466 0
53.9527 5.04798 1.19232 1.93074 4.65237 1.74114 116934 0 1.69823 0.253428 0
-27.9482 18.3339 0.515251 2.17819 4.92628 1.89517 136334 0 1.75701 0.253226 0
27.4577 -6.04495 0.830622 0.914027 0.986627 1.63607 100939 0 -1.4239 0.25148 1
55.1728 23.1944 1.54308 2.06765 4.69038 1.68331 143614 0 -3.05002 0.251071 0
53.2308 49.101 2.24352 2.16392 4.8735 1.80152 181516 0 -1.5746 0.250933 0
55.2324 34.1361 1.68986 1.80595 4.04915 1.51144 159526 0 1.59053 0.250877 0
39.1799 53.5525 1.79545 1.99798 4.59779 1.53312 188024 0 1.86305 0.250708 0
-4.95114 69.5935 2.85569 2.07048 4.59801 1.668 211286 0 -3.0331 0.250552 0
32.1557 44.3214 1.86969 1.96465 4.483 1.55101 174430 0 -1.48057 0.250257 0
-57.4408 21.9028 0.0300911 1.96044 4.40537 1.58433 141390 0 -1.34992 0.249284 0
11.8841 26.3062 1.31598 2.17927 5.18361 1.60009 148159 0 -1.53514 0.249253 0
54.8105 5.55553 1.08395 2.11065 4.9522 1.75086 117873 0 1.65174 0.248518 0
-19.9507 38.607 0.994416 2.00717 4.43578 1.49111 165843 0 -1.06914 0.248335 0
38.1993 44.3568 1.91561 1.90488 4.25172 1.52477 174449 0 1.61732 0.248189 0
-41.6602 11.729 -0.306681 2.06906 4.85494 1.58997 126463 0 1.87455 0.2474 0
49.7516 14.3317 1.43306 2.02363 4.40374 1.72827 130493 0 -1.54896 0.247151 0
-48.5646 4.54838 -0.506155 1.79291 3.81804 1.52854 116146 0 -1.28495 0.246268 0
51.3342 43.9291 1.93909 2.11436 4.80204 1.72688 174022 0 -1.53415 0.245714 0
9.42818 -6.76403 0.826656 0.835897 0.840369 1.67365 99479 0 2.38654 0.245629 1
36.6868 30.1949 1.78848 2.16908 4.78186 1.80511 153852 0 -1.5076 0.245212 0
15.4828 70.5169 2.2083 2.18295 4.97005 1.7914 212754 0 -1.54565 0.244757 0
-30.8592 4.02209 -0.0821738 2.08416 4.84003 1.61328 115265 0 -1.37053 0.244055 0
52.9704 49.3979 2.2119 2.01466 4.50115 1.65831 181983 0 -1.59636 0.243783 0
1.48335 55.746 2.30479 2.42623 5.8129 2.06197 191182 0 -1.50151 0.243689 0
-0.48597 19.0778 1.3979 0.804099 0.887686 1.70581 137356 0 1.43087 0.242543 1
-27.9257 17.8151 0.443737 2.15078 4.78579 1.87091 135398 0 1.74588 0.242351 0
30.6259 21.3905 1.25157 1.64839 3.84871 1.38013 140729 0 -1.47838 0.242184 0
-57.7614 21.6494 0.0370949 1.9936 4.5408 1.60313 140921 0 1.51616 0.241273 0
55.7809 34.1077 1.72688 2.05511 4.82702 1.63662 159528 0 1.65901 0.241178 0
-58.7172 21.9361 0.0942596 2.02736 4.52206 1.62499 141386 0 1.80558 0.240833 0
-25.0944 22.5086 0.495976 2.07585 4.63119 1.55743 142427 0 -1.40316 0.240819 0
27.7432 -5.57761 0.786925 0.743017 0.856185 1.33 101408 0 -1.44247 0.240664 1
-67.9426 11.3897 -0.721194 2.12518 4.76726 1.63395 125913 0 -1.13203 0.240398 0
37.5566 35.0398 1.58312 1.75074 3.55062 1.56971 160875 0 -1.91808 0.239972 0
2.36954 61.5456 1.94995 1.98514 4.40646 1.59805 199609 0 1.56201 0.239942 0
-64.7423 7.16288 -0.631045 2.31563 5.19529 1.91989 119839 0 -1.25416 0.2399 0
42.8155 54.5809 2.03426 0.783774 0.748166 1.59765 189439 0 -1.44337 0.239126 1
31.5856 38.6553 1.83353 1.80448 4.04511 1.53368 166004 0 -1.49692 0.239008 0
32.157 44.6569 1.85315 1.96738 4.55023 1.55578 174898 0 -1.546 0.23868 0
14.1384 -3.07635 0.831576 0.796654 0.926116 1.70261 105110 0 -1.41533 0.238219 1
4.45813 40.0754 1.79087 0.863195 0.79187 1.77683 168259 0 -0.0108993 0.238144 1
53.6145 28.9251 1.60799 1.95921 4.44308 1.54784 152033 0 -1.62469 0.238062 0
1.33852 43.6618 1.62593 1.79216 3.94113 1.44805 173398 0 1.55881 0.237813 0
37.5997 44.0692 1.87345 1.9929 4.3918 1.5679 173979 0 1.18193 0.237342 0
-69.5253 5.26615 -0.624065 2.20616 5.05749 1.75922 117016 0 -1.13869 0.237131 0
-5.58696 49.4814 1.92517 2.11582 4.90324 1.73279 181800 0 -1.52044 0.236741 0
-3.69604 65.0368 2.32029 2.10597 4.68489 1.62367 204738 0 -1.47346 0.234942 0
-36.0335 31.1346 0.540849 1.95566 4.3178 1.50752 155029 0 2.01008 0.233634 0
0.684265 28.9457 1.43329 1.64845 3.57822 1.38694 151868 0 1.61989 0.232989 0
-6.81117 32.1036 1.68601 2.24994 5.25603 1.71853 156524 0 1.62483 0.232775 0
18.352 28.3987 1.49861 2.01629 4.57765 1.42826 150987 0 1.56373 0.232655 0
14.8989 69.9866 2.22292 1.86931 4.06212 1.55301 211816 0 -1.49939 0.232041 0
19.0177 32.0454 1.57852 2.16047 4.90373 1.51316 156605 0 1.64831 0.230374 0
-19.99 38.8205 1.02571 2.04245 4.51594 1.5248 166311 0 -0.710472 0.229907 0
-18.6362 23.11 0.810709 2.19225 5.11908 1.65347 143383 0 1.69013 0.229439 0
37.2615 17.8504 1.23012 1.99858 4.62696 1.57209 135602 0 1.68392 0.229372 0
-61.6897 11.6566 -0.661533 1.65051 3.47663 1.49309 126401 0 1.91971 0.229239 0
33.7136 54.1694 2.02787 2.0004 4.45538 1.5698 188943 0 -1.50754 0.228582 0
31.8604 44.0128 1.93939 1.98875 4.38594 1.56162 173961 0 -1.49869 0.228557 0
30.5399 51.0768 2.37681 2.09198 4.76714 1.66924 184253 0 -1.47738 0.228314 0
54.5675 28.6754 1.77541 2.088 4.63818 1.72792 151568 0 -1.51971 0.228157 0
48.8158 20.5893 1.39705 2.06526 4.59641 1.63476 139850 0 -1.71479 0.228031 0
39.5128 54.8765 2.05997 1.99202 4.48822 1.59881 189897 0 -3.02403 0.226799 0
2.40347 68.3533 3.00343 1.97757 4.51634 1.76863 209437 0 1.51218 0.226524 0
-19.1373 35.317 0.949957 2.09873 4.7331 1.58864 161166 0 -1.10819 0.225256 0
32.4329 44.971 1.82016 2.01346 4.67321 1.59121 175367 0 -1.56083 0.224902 0
49.4589 20.915 1.46053 2.07541 4.55201 1.61289 140320 0 -1.82331 0.224728 0
22.5413 66.7479 2.18611 2.09161 4.70968 1.65971 207160 0 1.619 0.223819 0
14.4997 -3.99331 0.928259 0.825402 0.939004 1.72869 103707 0 1.7059 0.223496 1
33.4092 57.0188 2.00421 1.97296 4.38557 1.5753 193154 0 -1.50669 0.223363 0
-57.7903 22.205 0.0664641 1.97863 4.41061 1.59618 141857 0 1.69658 0.223203 0
15.4882 55.0003 2.08438 2.0561 4.69715 1.75882 189822 0 -1.42823 0.222725 0
-4.9529 68.0603 2.38467 2.01172 4.62406 1.6221 208946 0 -1.54853 0.222078 0
-5.59466 59.0558 2.07546 2.00166 4.55502 1.66414 195840 0 1.65823 0.221636 0
51.7015 45.6671 1.96544 1.95381 4.34963 1.56027 176363 0 -1.29484 0.220994 0
0.700722 31.599 1.72762 1.87237 3.96776 1.7314 155612 0 1.6671 0.220046 0
-3.69354 49.4501 1.88876 2.06032 4.66421 1.68709 181806 0 -1.51374 0.219239 0
-26.0866 22.5788 0.520191 2.06302 4.5793 1.55696 142424 0 1.73935 0.219198 0
14.9326 64.2826 1.97461 1.97949 4.59901 1.5681 203392 0 -1.40081 0.218119 0
37.2683 21.0291 1.52753 1.93559 4.43948 1.56286 140282 0 -1.40731 0.217941 0
21.6069 66.781 2.19494 2.02827 4.63617 1.66412 207157 0 1.63522 0.2177 0
52.6638 48.5163 2.11801 1.92328 4.25859 1.58034 180578 0 -1.30264 0.217055 0
-28.9314 3.35323 -0.0225674 0.757135 1.6776 1.56569 114335 0 -2.79717 0.216915 2
41.2061 27.6061 1.41901 0.577917 0.586618 1.24604 150122 0 -2.38701 0.216876 1
49.4496 23.5168 1.07318 1.8904 4.2736 1.4554 144064 0 1.28334 0.216833 0
10.0007 -5.08128 0.693264 0.634767 0.697739 1.36973 102289 0 2.13099 0.216682 1
39.4897 53.5524 1.83808 2.02588 4.63492 1.5671 188025 0 2.56374 0.216616 0
54.9479 34.3909 1.7194 1.77946 3.91383 1.46206 159993 0 1.53465 0.216363 0
-5.87444 28.7328 1.43702 1.98562 4.46646 1.55069 151379 0 -1.49655 0.216091 0
37.9236 35.1079 1.60997 2.06561 4.73901 1.64092 160876 0 1.66325 0.215742 0
50.97 34.9672 1.80941 2.25146 5.28231 1.71997 160917 0 -1.56547 0.214898 0
18.6713 28.6647 1.52275 2.04213 4.61482 1.45398 151456 0 -1.51787 0.214803 0
15.5014 55.722 2.17228 2.21282 5.0622 1.85954 191226 0 -1.56535 0.214699 0
-21.6074 30.1141 0.754451 2.14551 4.93995 1.52916 153670 0 -1.23156 0.214499 0
14.0289 -3.78655 0.915568 0.853668 1.00096 1.83828 104173 0 2.62414 0.21334 1
14.1879 -4.25757 0.875651 0.847804 1.00301 1.85437 103238 0 -1.51611 0.212466 1
3.05387 58.3922 1.92165 2.11964 4.78324 1.70259 194931 0 1.58044 0.212262 0
60.9348 21.9455 1.82235 2.11545 4.62427 1.63122 141760 0 -3.04672 0.212191 0
51.6052 43.4053 1.99338 2.25543 5.28227 1.8242 173087 0 -1.48002 0.212044 0
52.302 40.5224 1.7867 2.03566 4.68376 1.57957 168877 0 -1.54913 0.211659 0
-58.3945 21.6474 0.0873137 2.00772 4.4594 1.6104 140919 0 1.74254 0.211356 0
39.1858 35.6185 1.81568 2.0389 4.61125 1.64186 161816 0 1.60893 0.211088 0
-17.8051 22.6767 0.762734 1.80657 3.85147 1.53266 142450 0 1.6197 0.210914 0
15.491 69.9838 2.19307 2.13235 4.80345 1.74847 211818 0 -1.47732 0.210121 0
52.3638 48.8115 2.09868 1.88308 4.1257 1.52818 181045 0 -1.37404 0.20981 0
-4.01147 49.7186 1.89842 2.06904 4.68755 1.71019 182273 0 -1.54155 0.209792 0
-2.76461 64.5394 2.33386 1.97803 4.57663 1.60572 203805 0 -1.38759 0.209734 0
14.9069 58.9243 1.94969 2.09327 4.70336 1.63747 195904 0 -1.54463 0.209618 0
9.94009 -5.48439 0.8294 0.925567 0.941349 1.74433 101353 0 2.79242 0.20888 1
49.744 23.5106 1.10643 1.90525 4.27879 1.45794 144065 0 1.62223 0.208868 0
37.2721 35.9115 1.51529 1.90887 4.36534 1.44493 162278 0 1.60955 0.208696 0
-4.33753 58.477 2.1046 1.85929 4.19879 1.55777 194908 0 -1.47359 0.208595 0
20.9658 58.3985 2.36242 2.02408 4.51361 1.71471 194987 0 1.54012 0.208366 0
40.933 26.7309 1.56879 0.695183 0.926543 1.59793 148717 0 3.14099 0.208281 1
15.1526 65.0035 2.05623 2.19383 5.0691 1.73201 204797 0 -1.54421 0.206941 0
14.846 73.9962 2.55502 2.16822 4.8574 1.77746 217900 0 -1.62978 0.206863 0
-25.4149 22.2993 0.504085 2.06455 4.59688 1.55527 141958 0 1.5272 0.20671 0
54.5092 8.19417 1.19127 2.03559 4.76579 1.54658 121616 0 1.70767 0.206651 0
-19.9322 35.1343 1.07396 2.02669 4.44443 1.51764 160695 0 -1.15181 0.206641 0
-7.61913 25.457 1.35255 0.765468 0.72729 1.65041 146694 0 -2.09716 0.206389 1
51.3381 40.5262 1.88535 2.07908 4.82194 1.63196 168874 0 -1.56369 0.206291 0
-34.9943 30.012 0.354176 1.99255 4.49293 1.50011 153160 0 1.4141 0.204946 0
49.7359 20.0605 1.47952 2.1242 4.78221 1.66087 138917 0 -1.51853 0.204752 0
14.1493 -3.2836 0.89261 0.811217 0.937388 1.75415 104642 0 -1.41493 0.204316 1
31.2614 39.1049 1.89546 1.98602 4.42138 1.54883 166939 0 -1.49925 0.204146 0
31.2076 44.6792 1.95774 1.98192 4.40283 1.55659 174895 0 -1.5498 0.204016 0
49.4531 14.7823 1.43733 2.11444 4.76475 1.66232 131428 0 -1.56617 0.203854 0
54.8866 28.9384 1.80273 2.03353 4.463 1.72714 152037 0 -1.59946 0.2034 0
-24.4804 22.7971 0.482126 2.08265 4.63111 1.59236 142897 0 -1.4488 0.203203 0
-18.9286 17.0273 0.670825 2.07911 4.96452 1.60366 134490 0 1.72193 0.202953 0
39.2017 35.0843 1.78146 2.031 4.57879 1.65739 160880 0 1.57652 0.20266 0
50.7283 40.5378 2.02865 2.04749 4.59806 1.64518 168872 0 -1.38861 0.202643 0
-24.7442 22.0043 0.501802 2.04767 4.49027 1.57047 141492 0 -1.32705 0.202537 0
-6.86362 29.2827 1.498 2.10168 4.75621 1.66111 152312 0 -1.52087 0.201848 0
15.1583 73.5186 2.47642 2.19633 5.00516 1.82565 216965 0 -1.48437 0.201644 0
12.653 73.7925 2.34389 2.01928 4.55168 1.60983 217425 0 -1.56703 0.201432 0
12.1033 29.0307 1.42263 1.75028 3.94743 1.46141 151903 0 -1.48807 0.200961 0
54.2618 5.80816 1.19029 2.2523 5.22007 1.81057 118339 0 1.63089 0.200602 0
36.061 18.3009 1.28354 1.96564 4.49408 1.53042 136534 0 1.69628 0.200019 0
-44.7017 17.479 -0.28842 2.13213 4.89494 1.7728 134878 0 -1.19332 0.199996 0
20.9841 67.0486 2.27127 2.03942 4.53622 1.67645 207623 0 1.68887 0.199896 0
1.45226 68.3275 2.99074 2.28323 5.32672 1.95921 209434 0 1.66585 0.199528 0
14.581 -4.342 0.852133 0.750228 0.94336 1.57932 103239 0 -1.60084 0.198113 1
-27.0857 18.3315 0.50651 2.06587 4.5429 1.79065 136337 0 1.71708 0.198084 0
-5.61301 31.6359 1.59634 1.94649 4.57513 1.58263 155592 0 -1.45651 0.197981 0
1.49957 55.2832 2.26542 2.29694 5.45137 1.98121 190246 0 1.5509 0.197916 0
-58.7323 22.5299 0.141647 2.05126 4.62981 1.65009 142322 0 1.88424 0.197185 0
-67.0878 12.2836 -0.731238 1.84694 4.06646 1.53149 127320 0 -1.16012 0.196315 0
12.8959 29.4916 1.40251 2.01917 4.80522 1.51494 152842 0 -1.52942 0.195849 0
-17.1747 22.8766 0.776502 2.00082 4.36791 1.57576 142920 0 -1.59539 0.195774 0
14.4533 -4.9034 0.875439 0.834491 1.03155 1.72088 102303 0 -1.57504 0.19514 1
54.8001 11.608 1.34603 2.23986 5.43378 1.73429 126765 0 1.49763 0.194997 0
-59.0106 22.2393 0.169028 2.10681 4.78212 1.69499 141853 0 1.80383 0.19446 0
-39.6064 17.3431 0.0763807 2.06157 4.35694 1.7755 134894 0 1.94834 0.194047 0
42.9758 54.7763 2.05265 0.782347 0.721999 1.63157 189908 0 -1.71468 0.194037 1
54.901 23.4889 1.52396 2.04767 4.65879 1.67175 144081 0 3.12848 0.194025 0
48.8091 23.5023 1.09248 1.91951 4.31329 1.46306 144062 0 -1.50682 0.193518 0
-39.5819 14.2992 -0.195553 1.877 4.24323 1.46549 130214 0 1.7794 0.193034 0
-46.9296 12.8643 -0.46772 2.00905 4.47079 1.60938 128319 0 -1.21264 0.192846 0
32.5328 57.0072 1.96949 2.00491 4.56713 1.5317 193151 0 -1.44237 0.192777 0
-33.8089 33.1207 0.692404 2.13247 4.84079 1.5671 157844 0 1.88716 0.192213 0
18.1524 46.5672 2.09864 1.94639 4.41849 1.5807 177662 0 1.62064 0.191956 0
-19.2967 38.0186 0.819355 2.00313 4.50089 1.49162 164909 0 -1.15545 0.19122 0
49.8338 34.9348 1.8375 2.05371 4.64697 1.51172 160913 0 -1.53954 0.18957 0
15.1979 70.8218 2.22203 2.07618 4.67295 1.69317 213221 0 -1.55415 0.189505 0
-14.5342 71.1808 2.30279 2.05317 4.65761 1.74049 213596 0 -1.58062 0.189476 0
51.3963 46.5114 2.03989 1.85822 4.07243 1.49009 177766 0 -1.54271 0.189468 0
-46.023 15.0932 -0.369034 2.11658 4.61426 1.66676 131598 0 -1.19934 0.187603 0
38.9197 53.3491 1.72531 1.95349 4.48481 1.49025 187555 0 1.59461 0.186554 0
-46.5414 52.9574 0.704219 2.04989 4.65241 1.59294 186820 0 1.92095 0.186466 0
-21.8501 29.3603 0.750565 2.18564 4.97556 1.58521 152265 0 -1.28703 0.186318 0
16.377 -6.69384 0.825819 0.887081 1.0134 1.74203 99969 0 1.71561 0.18619 1
37.0199 44.5891 1.80694 1.986 4.47282 1.5444 174913 0 1.59648 0.186189 0
19.3279 46.7769 2.1375 2.13465 4.8313 1.64122 178134 0 1.5818 0.186104 0
-5.0206 31.796 1.51386 2.02879 4.83623 1.62772 156062 0 -1.50093 0.185986 0
36.3943 26.8396 1.40265 2.04132 4.7235 1.5546 148703 0 1.65966 0.185652 0
2.67706 55.7339 2.21211 2.2807 4.99168 1.96232 191186 0 1.57654 0.184775 0
50.7486 43.9409 1.92178 1.96746 4.37942 1.61347 174020 0 -1.4073 0.184625 0
42.7186 56.6829 2.16931 0.850156 0.928339 1.76448 192715 0 0.351078 0.184458 1
-34.7438 30.4693 0.37524 1.8566 4.1638 1.47262 154097 0 -2.58476 0.184355 0
32.1472 43.7425 1.92161 1.99272 4.39321 1.56734 173494 0 -1.53334 0.184169 0
53.3024 28.6868 1.57517 1.97581 4.4761 1.52147 151564 0 -1.60762 0.18413 0
38.535 44.5936 1.9374 1.95601 4.31341 1.55161 174918 0 1.59042 0.182825 0
49.4435 23.2409 1.03496 1.83024 4.23373 1.44047 143596 0 1.56882 0.182649 0
-4.5966 56.095 2.04382 2.06067 4.72543 1.56266 191631 0 -1.49666 0.182535 0
-46.9769 9.54171 -0.177053 1.95409 4.06339 1.61733 123171 0 -1.26781 0.182051 0
-36.3258 34.3675 0.658382 2.07734 4.6583 1.61155 159708 0 2.07679 0.180984 0
39.4816 35.076 1.802 2.09709 4.77976 1.67141 160881 0 -0.563203 0.180962 0
30.2388 51.9358 2.33496 1.99571 4.50753 1.59055 185656 0 -1.46895 0.180779 0
9.52866 -5.96783 0.752586 0.76913 1.13135 1.6619 100883 0 -3.05371 0.18075 1
-64.1249 6.67305 -0.667215 2.38228 5.06713 1.91075 118905 0 -1.22228 0.180069 0
-4.31525 49.185 1.92864 1.99759 4.53987 1.63708 181336 0 -1.48083 0.179897 0
21.2762 67.2984 2.23269 2.08002 4.6666 1.69932 208092 0 1.77014 0.178913 0
1.45758 52.0768 1.89406 2.03125 4.61142 1.66652 185566 0 1.51768 0.178392 0
55.5361 33.8177 1.71375 1.97102 4.53853 1.60809 159059 0 1.6851 0.177976 0
56.8245 5.20821 1.06554 2.02155 4.52478 1.60556 117411 0 1.73703 0.177933 0
48.1865 20.3256 1.31296 2.0008 4.57374 1.6221 139380 0 1.61872 0.177909 0
-46.2449 14.6867 -0.328604 1.96461 4.26607 1.64245 130661 0 -1.22927 0.17781 0
31.5279 27.9084 1.40005 1.96111 4.62455 1.51244 150560 0 -1.50443 0.177336 0
0.852753 43.131 1.66507 2.1141 4.78941 1.56512 172460 0 1.44856 0.177002 0
50.0518 23.4999 1.12625 1.91605 4.29252 1.46597 144066 0 -1.81111 0.176798 0
48.4868 23.2376 1.15969 1.90665 4.38595 1.50472 143593 0 -1.58051 0.176542 0
35.7659 18.0643 1.28262 1.99919 4.61896 1.52668 136065 0 1.69786 0.176537 0
12.7479 41.0898 1.90195 1.86376 4.0014 1.82247 169689 0 -1.54818 0.176483 0
30.2606 50.7498 2.37232 1.9695 4.3702 1.56962 183784 0 -1.4418 0.176409 0
54.9068 22.5933 1.51834 2.03181 4.63544 1.65992 142677 0 3.10242 0.176104 0
-20.5773 35.9761 1.25424 2.14221 4.77382 1.6078 162097 0 -1.13876 0.175941 0
-4.72111 44.1105 1.86349 2.02248 4.63567 1.72983 173847 0 -1.52516 0.175766 0
51.0488 43.1173 1.98804 2.07193 4.68091 1.69419 172617 0 -1.41604 0.175257 0
-44.6186 23.4192 0.12245 2.18034 4.80196 1.69628 143770 0 -1.25741 0.17514 0
53.9291 7.89687 1.06688 1.7319 3.91428 1.40729 121146 0 1.71819 0.175072 0
31.5231 27.1414 1.39411 1.98401 4.49768 1.5141 149156 0 -1.52313 0.174957 0
-58.1068 22.4957 0.119413 2.0126 4.46252 1.61138 142324 0 1.82568 0.174817 0
61.1733 23.5036 1.91791 2.17186 4.98121 1.71213 144101 0 -3.00282 0.174015 0
18.1691 31.6092 1.48618 1.95856 4.48251 1.48111 155666 0 1.59375 0.173826 0
13.3914 38.0385 1.73482 1.76997 3.85598 1.54949 165011 0 -1.53093 0.173687 0
-4.62014 59.2501 2.23283 2.03424 4.58962 1.6217 196311 0 -1.47204 0.173562 0
31.5498 54.2557 2.01558 1.98774 4.52095 1.55361 188936 0 -1.47773 0.173407 0
37.1929 12.066 1.27195 2.15271 5.0819 1.72505 127178 0 1.61961 0.173402 0
-4.27686 64.8562 2.35722 2.12113 4.82095 1.71546 204268 0 -1.48309 0.173293 0
31.1658 51.3885 2.36558 2.32061 5.39188 1.84566 184723 0 -1.48637 0.173239 0
53.9421 40.1696 1.97991 2.04369 4.6039 1.6704 168414 0 -1.55359 0.173075 0
50.7154 41.04 2.04121 2.05094 4.6239 1.65426 169808 0 1.53618 0.172814 0
-67.94 12.2684 -0.700828 2.17793 5.01712 1.71394 127317 0 -1.11355 0.172741 0
31.8916 54.0089 1.9536 1.95564 4.50605 1.51188 188469 0 -1.49219 0.172741 0
0.0876007 25.8919 1.26226 1.83747 4.16042 1.42256 147186 0 1.58676 0.172535 0
55.4569 23.208 1.58917 2.08356 4.72353 1.67378 143615 0 -2.77796 0.172445 0
3.03136 43.073 1.41605 0.819261 1.62381 1.58975 172467 0 -2.93605 0.172317 2
19.0689 40.5898 1.89738 1.98408 4.55477 1.50079 168773 0 1.66256 0.172204 0
-4.89941 58.7834 2.14759 1.82306 4.14437 1.55839 195374 0 -1.48635 0.171832 0
-15.5398 71.2086 2.23529 2.07712 4.74365 1.74275 213593 0 1.56207 0.171609 0
14.5142 -4.68674 0.857483 0.805722 1.01164 1.63007 102771 0 -1.69142 0.171561 1
32.3902 39.103 1.86932 2.17091 4.94888 1.64918 166943 0 -1.48168 0.171383 0
-5.27462 49.1692 1.91968 2.02138 4.62393 1.65261 181333 0 -1.49463 0.171362 0
0.36425 26.1595 1.24614 1.7191 3.80622 1.36808 147655 0 1.5882 0.171267 0
-28.9937 3.04193 -0.0682342 0.771335 1.25309 1.52341 113867 0 0.00120915 0.170825 2
54.0168 11.368 1.33405 1.67545 3.63921 1.4207 126294 0 1.55454 0.170756 0
41.3228 27.3479 1.55799 0.637109 0.717831 1.33527 149655 0 -3.08743 0.170146 1
-68.7237 5.51376 -0.752746 1.8561 3.96187 1.61206 117487 0 2.1294 0.16978 0
19.6252 37.6952 1.85653 2.00652 4.48233 1.55278 164563 0 1.65995 0.169533 0
50.129 40.7977 2.06328 2.12773 4.88979 1.71396 169338 0 1.54738 0.169343 0
1.35641 69.8786 3.23269 2.28574 5.16216 1.88536 211774 0 3.10642 0.169165 0
