44.3562 -6.89883 1.50596 2.98172 7.98295 3.20752 99588 0 1.62935 0.964896 0
18.3996 11.7215 1.05443 2.11468 4.84487 1.53188 126651 0 1.63887 0.956484 0
-6.83772 11.3341 0.993438 2.00052 4.56635 1.49117 126104 0 -1.48558 0.947679 0
10.6952 12.7431 1.17839 2.24787 5.2404 1.89597 128031 0 -1.57541 0.941406 0
-0.864494 17.0946 1.34835 2.11082 4.82874 1.84357 134547 0 1.63654 0.918234 0
-1.86887 11.0583 1.20731 2.03027 4.48345 1.83368 125652 0 1.60921 0.911931 0
36.0758 9.08581 1.04485 1.95939 4.50676 1.5146 122962 0 1.66603 0.910744 0
-20.6506 32.7346 1.08012 2.41931 5.57475 1.8196 157417 0 -1.20921 0.909637 0
30.8532 9.35896 1.1433 1.99696 4.48424 1.66016 123414 0 -1.47434 0.907215 0
-18.7365 19.7503 0.963193 2.13019 4.73488 1.9683 138235 0 1.71083 0.88999 0
10.6904 15.8096 1.23122 2.20707 5.10178 1.86554 132711 0 -1.523 0.88409 0
16.1023 -6.88792 0.818731 0.958764 1.02573 1.78424 99500 0 1.76409 0.879359 1
-19.0273 11.4847 0.834024 2.02124 4.57511 1.75382 126066 0 1.69743 0.877353 0
48.5447 5.70129 1.13692 2.07423 4.73151 1.81572 117853 0 -1.4624 0.874641 0
30.6454 15.9045 1.21418 1.97692 4.5412 1.71509 132773 0 -1.48075 0.866315 0
27.059 8.54235 1.14099 0.924414 1.07224 1.90273 121998 0 0.114754 0.865589 1
-29.6748 6.59808 -0.0988827 2.06352 4.7279 1.53594 119013 0 -1.29535 0.865448 0
13.2936 41.1497 1.87481 2.13212 4.96141 1.90701 169691 0 -1.53056 0.865299 0
48.399 8.5345 1.02849 2.04108 4.72471 1.68099 122065 0 -1.49371 0.864514 0
-42.9746 5.88098 -0.362496 1.90625 4.1976 1.48168 118035 0 1.86286 0.864221 0
-44.6829 -11.1164 -0.863691 2.04882 4.48863 1.75968 93226 0 0.0203759 0.857643 0
11.3782 19.3967 1.1843 1.9599 4.52395 1.48704 137861 0 -1.61687 0.852181 0
-42.1077 -11.678 -0.84566 1.9715 4.33024 1.64427 92298 0 0.0361664 0.848834 0
18.5151 15.4075 1.2307 2.18246 4.69538 1.77039 132267 0 1.60404 0.842188 0
-6.53776 17.4963 1.05082 2.07668 4.80825 1.55016 134997 0 -1.53315 0.841088 0
-18.4119 13.9963 0.851034 2.06058 4.65816 1.82356 129812 0 1.76043 0.838237 0
30.9424 12.2822 1.09153 1.88355 4.31089 1.50997 127626 0 1.61489 0.836844 0
17.3559 22.8323 1.4567 2.104 4.99411 1.72335 143028 0 1.6223 0.836519 0
31.1941 30.9191 1.3551 2.11097 4.82206 1.50715 154771 0 1.5827 0.83281 0
7.91895 46.8734 1.73651 2.0662 4.75121 1.52732 178098 0 -0.0235166 0.831063 0
9.78777 -5.32916 0.831008 0.886426 0.919979 1.8273 101820 0 -3.00609 0.830721 1
-0.418137 22.9072 1.4038 2.19549 5.0577 1.84469 142972 0 -1.45097 0.828805 0
11.7276 22.3192 1.40575 1.91363 4.3029 1.67399 142074 0 -1.53898 0.828573 0
17.4866 20.0124 1.18186 2.05863 4.87733 1.51309 138816 0 1.62962 0.828474 0
-23.5891 -4.05304 -0.024849 2.0899 4.39514 1.52781 103588 0 -1.79417 0.825002 0
-6.55832 20.2804 1.18155 2.09928 4.96573 1.44099 139209 0 -1.53376 0.824669 0
64.3947 -4.09739 0.949361 2.0948 4.71137 1.75433 103863 0 -1.03193 0.823821 0
-36.5409 -11.6192 -0.706877 2.35017 5.22781 2.06941 92315 0 0.042182 0.822555 0
-6.25724 14.4871 0.996253 2.05677 4.72392 1.5104 130786 0 -1.50552 0.820471 0
-19.6204 7.96355 0.711387 1.91829 4.45703 1.52065 120916 0 1.62321 0.819587 0
14.195 -4.84706 0.883964 0.901545 1.02464 1.81269 102302 0 -1.50163 0.811299 1
-56.4877 -4.7581 -0.715157 2.10811 4.5472 1.64563 102549 0 -1.51928 0.811197 0
11.6652 -6.0076 0.729943 0.800989 0.898016 1.65957 100890 0 -0.350131 0.811011 1
13.8924 38.1692 1.71006 2.06416 4.75936 1.71016 165481 0 -1.54182 0.810219 0
48.838 11.6257 1.15194 1.95708 4.35525 1.68143 126746 0 -1.50233 0.798357 0
12.9631 32.3798 1.42524 2.10936 4.97701 1.50153 157054 0 -1.52864 0.79813 0
-44.6103 20.3734 -0.0398278 2.10041 4.76681 1.62389 139090 0 -1.25535 0.794106 0
17.44 25.7587 1.54659 2.31361 5.50052 1.77505 147240 0 1.5988 0.78644 0
11.4208 26.1568 1.30529 1.88537 4.40861 1.48518 147689 0 -1.54984 0.779155 0
-18.0909 22.8917 0.803039 2.00748 4.54072 1.56668 142917 0 1.63183 0.776977 0
-1.16119 14.0249 1.10329 1.8661 4.2068 1.56995 129866 0 1.66402 0.776087 0
-21.557 29.9858 0.858154 2.07714 4.70677 1.50905 153202 0 -1.26459 0.775857 0
-41.1309 11.7113 -0.257009 1.78797 4.00404 1.45565 126465 0 1.85566 0.774265 0
13.2935 46.931 1.68221 1.9337 4.39913 1.50901 178115 0 -1.5557 0.774015 0
0.397713 31.6265 1.70968 2.03949 4.55644 1.85962 155611 0 1.64215 0.769876 0
23.8343 21.0034 1.16435 2.06104 4.7108 1.48973 140240 0 0.0404114 0.766935 0
-18.653 16.8946 0.680461 1.93187 4.54325 1.52378 134023 0 1.69399 0.759036 0
-61.5183 14.6587 -0.36888 2.01755 4.4547 1.67898 130613 0 -1.18442 0.757805 0
-34.5001 6.02709 -0.1704 0.852965 0.898055 1.64308 118062 0 -1.24394 0.757701 1
-27.736 14.7803 0.36106 2.18479 4.87276 1.90678 131187 0 1.83329 0.752601 0
30.872 21.6454 1.18216 1.8854 4.32685 1.40685 141198 0 -1.4944 0.751085 0
36.3356 12.1084 1.21905 2.10767 4.92446 1.68011 127175 0 1.62491 0.750127 0
14.9078 58.4401 1.9467 2.02226 4.62072 1.55652 194968 0 -1.42842 0.741002 0
15.2383 55.4582 2.16373 2.02087 4.56019 1.73283 190757 0 -1.53503 0.740872 0
0.162354 29.0395 1.38192 2.00376 4.5745 1.5843 151866 0 1.63638 0.740366 0
28.3195 -5.19483 0.777131 1.00208 0.990877 1.62964 101878 0 -1.60269 0.739218 1
-0.143433 26.3463 1.25785 1.99293 4.58745 1.49044 148121 0 1.65629 0.734574 0
53.9338 5.38718 1.22531 1.92631 4.60306 1.70288 117402 0 1.62031 0.729648 0
-28.6119 9.17222 -0.0398066 1.98809 4.41081 1.5148 122760 0 -1.33909 0.728639 0
14.8961 64.7494 1.98815 2.03672 4.63949 1.53922 204328 0 -1.51092 0.72446 0
31.5307 35.7589 1.64041 2.07408 4.76858 1.6715 161792 0 1.61551 0.722444 0
-0.79232 20.0591 1.29901 2.10208 4.92344 1.62587 138759 0 1.68419 0.71711 0
14.151 -3.97577 0.982744 0.91773 1.09152 1.95577 103706 0 1.69675 0.704499 1
-49.0892 4.39291 -0.557384 2.11213 4.68128 1.58845 115676 0 -1.39107 0.691772 0
9.36659 -6.44193 0.795087 0.87174 0.86534 1.6763 99947 0 -0.924382 0.683995 1
-62.23 11.7375 -0.473061 1.87447 4.22257 1.51918 126399 0 1.98949 0.679911 0
-38.8681 19.6867 0.0880526 1.98696 4.58593 1.52379 138172 0 1.83184 0.668787 0
13.5536 43.9913 1.63112 2.09491 4.72072 1.65356 173904 0 -1.55733 0.66607 0
12.6316 29.2385 1.38581 1.91823 4.47897 1.44095 152373 0 -1.53206 0.664723 0
36.3615 15.3011 1.18521 1.93579 4.46068 1.51115 131855 0 1.62343 0.656955 0
-40.1754 14.4956 -0.0912082 2.00721 4.44915 1.53505 130680 0 1.8691 0.655921 0
2.39163 55.4902 2.19181 2.25821 5.12173 1.93242 190717 0 1.57596 0.643968 0
19.0003 37.9076 1.77083 2.10964 4.8424 1.65884 165029 0 1.58375 0.642102 0
14.9676 -4.39155 0.728097 0.773794 0.875136 1.29868 103240 0 1.83966 0.637276 1
2.1144 55.5008 2.22394 2.37693 5.65534 2.01873 190716 0 -1.19987 0.633063 0
-48.142 7.14326 -0.470098 2.00723 4.49751 1.609 119891 0 -1.28901 0.631645 0
-42.3752 9.43677 -0.296976 2.0871 4.61996 1.56367 123185 0 1.86505 0.629778 0
18.7145 31.8343 1.40724 2.08626 4.73094 1.52375 156136 0 1.57157 0.626571 0
-5.87244 26.1279 1.53521 2.06105 4.6872 1.67913 147635 0 -1.50375 0.622157 0
-5.28403 44.2971 1.98123 2.06865 4.59804 1.67224 174313 0 -1.57014 0.621734 0
-24.4693 22.198 0.537178 2.04381 4.53018 1.57407 141961 0 -1.36172 0.620065 0
50.7233 34.9451 1.71163 2.06172 4.57139 1.55305 160916 0 -1.55224 0.614203 0
-5.3018 40.834 1.68136 2.00254 4.526 1.47345 169165 0 -1.5795 0.608581 0
-53.8773 47.8638 0.528962 2.00369 4.47466 1.52741 179309 0 -1.05497 0.606996 0
14.8985 67.6405 2.17332 1.98011 4.32898 1.6911 208540 0 -1.56006 0.595443 0
31.8428 38.9251 1.79896 1.88196 4.24803 1.55503 166473 0 -1.51437 0.592821 0
-40.1374 17.1641 0.120245 1.98626 4.40446 1.7704 134424 0 1.87573 0.579096 0
36.9261 26.9459 1.35016 2.11819 4.92136 1.51081 149173 0 1.68292 0.574497 0
-69.2704 5.24593 -0.523937 2.02291 4.5717 1.63166 117017 0 1.9041 0.572303 0
0.83918 43.6456 1.6746 2.07406 4.76151 1.55377 173396 0 1.51759 0.57169 0
-19.066 38.2705 0.846942 2.04643 4.65923 1.49037 165378 0 -1.1856 0.567613 0
-56.2274 27.3074 0.238941 1.97807 4.38663 1.53977 149350 0 -1.13068 0.565951 0
-43.9701 23.1306 0.158229 2.07812 4.60803 1.63653 143304 0 -1.25948 0.559138 0
36.334 21.186 1.38826 2.07821 4.90565 1.5843 140747 0 1.62056 0.553392 0
-63.8592 6.96002 -0.564044 2.04474 4.49163 1.6322 119374 0 1.45896 0.551195 0
-47.539 9.76126 -0.00862208 2.26139 5.09548 1.93294 123637 0 -1.25401 0.547413 0
19.3344 40.8058 1.9056 2.05548 4.76287 1.51356 169242 0 1.62327 0.546396 0
27.7256 -6.17431 0.779297 0.908666 1.20266 1.68719 100472 0 -1.55887 0.543861 1
-46.8946 12.3504 -0.271068 1.89443 4.13222 1.57844 127383 0 -1.27145 0.540474 0
-32.4818 39.1433 0.693094 2.00046 4.53696 1.46062 166740 0 1.93728 0.540313 0
-31.8905 42.0599 1.08501 1.96631 4.31838 1.62738 170954 0 1.92861 0.537308 0
30.8735 18.8117 1.11932 1.90178 4.54354 1.42524 136986 0 -1.51616 0.528013 0
-46.5272 14.8266 -0.205009 2.05793 4.46801 1.59638 131128 0 -1.2466 0.526166 0
-6.24653 31.9267 1.66495 2.20984 5.15293 1.61652 156058 0 1.61818 0.522867 0
41.0773 26.5043 1.51059 0.758232 0.735096 1.73182 148250 0 -3.01004 0.507017 1
-22.5605 27.3798 0.667452 2.05994 4.62708 1.56632 149455 0 -1.29561 0.499231 0
9.73187 -5.47898 0.816623 0.908179 0.908826 1.78033 101352 0 -2.93052 0.496828 1
-64.1239 7.1176 -0.574233 2.06022 4.6422 1.60174 119841 0 1.89249 0.496719 0
-27.0461 17.727 0.503406 2.07628 4.65263 1.69728 135401 0 1.76047 0.487436 0
41.0728 26.687 1.53295 0.797141 0.94644 1.73986 148718 0 -3.01395 0.487238 1
32.7915 56.8122 1.84711 1.9146 4.36533 1.48175 192684 0 -1.56204 0.486992 0
-37.5955 22.1962 0.354348 2.00247 4.4666 1.7066 141920 0 1.80104 0.486051 0
31.8516 44.9955 1.88223 1.97341 4.48867 1.52239 175365 0 -1.57645 0.483452 0
54.5515 11.3515 1.28889 2.08663 4.74048 1.56054 126296 0 1.58281 0.480672 0
-34.7111 5.23955 -0.336919 0.713951 0.728843 1.31661 117125 0 -1.21876 0.476889 1
-44.2909 58.4058 1.18898 2.02525 4.48691 1.58804 194783 0 -1.34364 0.476051 0
19.0413 46.5519 2.05898 2.01296 4.49203 1.62535 177665 0 1.58879 0.473586 0
-45.6101 17.7551 -0.0587424 1.99175 4.48106 1.6517 135343 0 -1.24117 0.472373 0
-53.664 48.1009 0.544254 2.02244 4.40558 1.53883 179778 0 -0.809208 0.472008 0
-67.6628 11.0505 -0.545183 2.06852 4.57416 1.55371 125446 0 -1.18648 0.466088 0
36.9766 30.2055 1.72875 2.35434 5.36817 1.85913 153853 0 -1.46762 0.464903 0
-19.388 35.3498 1.00592 2.03746 4.55281 1.48182 161165 0 -1.16758 0.463904 0
-4.33784 58.7841 2.25308 1.97563 4.39535 1.62262 195376 0 -1.47925 0.462275 0
27.2408 8.52654 1.09238 0.856341 0.921844 1.81814 121999 0 0.134206 0.454957 1
-46.8807 52.0416 0.99758 2.00598 4.51011 1.74057 185415 0 -1.3156 0.439198 0
9.9506 -5.26192 0.789411 0.818647 0.830892 1.73326 101821 0 2.76997 0.436086 1
17.753 28.6669 1.36034 1.99194 4.66677 1.47279 151453 0 1.58284 0.432805 0
-22.2732 27.6305 0.682605 2.09408 4.66503 1.55183 149924 0 -1.28377 0.425303 0
1.12174 69.918 3.1969 2.23077 5.05116 1.93723 211773 0 3.08434 0.411747 0
-5.60587 28.9742 1.48892 2.0658 4.76055 1.55366 151848 0 -1.45256 0.409818 0
4.58202 40.0481 1.806 0.82995 0.765591 1.74885 168260 0 -0.129623 0.407346 1
1.74451 52.6192 1.91599 1.98251 4.46874 1.62275 186503 0 -1.58001 0.404595 0
54.2227 8.18778 1.0101 1.92465 4.51398 1.46884 121615 0 1.63728 0.39804 0
31.2104 27.4339 1.34485 2.10037 4.81202 1.50175 149623 0 -1.44436 0.397112 0
41.1102 27.0758 1.45771 0.602937 0.919394 1.49156 149186 0 -2.99002 0.397018 1
27.9191 -6.19738 0.762433 0.965225 1.75474 1.74506 100473 0 -1.56688 0.39594 2
-6.89807 26.1823 1.50562 2.14711 5.01782 1.69749 147632 0 1.65203 0.386416 0
54.2495 28.9678 1.64652 2.0116 4.52915 1.60687 152035 0 -1.65734 0.382608 0
-42.0758 28.644 0.168353 1.99199 4.41103 1.62336 151266 0 -1.2972 0.378777 0
14.1584 -3.80423 0.946333 0.912843 1.07408 1.9318 104174 0 1.71757 0.376464 1
-35.0429 30.2428 0.399605 1.88345 4.24876 1.45775 153628 0 1.93604 0.371744 0
41.1404 27.2385 1.46849 0.594314 0.709594 1.34072 149654 0 -2.83054 0.364828 1
-16.378 -14.5597 0.374016 0.869875 0.952019 1.70185 88166 0 -1.77928 0.36223 1
-20.294 35.6797 1.01829 2.06917 4.6578 1.49902 161630 0 -1.16844 0.358214 0
-5.3182 31.8339 1.62054 2.07973 4.90415 1.61104 156061 0 -1.47981 0.355959 0
37.3704 34.8069 1.4487 0.808127 0.945695 1.61812 160406 0 0.911944 0.353919 1
-60.0112 17.1221 -0.325628 2.06555 4.57156 1.70565 134362 0 -0.962011 0.351888 0
-45.9994 14.8007 -0.273043 2.04924 4.48229 1.6239 131130 0 -1.23084 0.350633 0
18.4623 40.8097 1.72537 2.01079 4.72077 1.51727 169239 0 1.619 0.349853 0
50.7133 37.6273 1.70368 1.88356 4.34312 1.48179 164660 0 -1.52655 0.344946 0
-60.3014 17.1653 -0.303696 2.07196 4.56938 1.68425 134361 0 1.86079 0.341521 0
-34.4185 33.4192 0.67468 1.97787 4.42575 1.51958 158310 0 1.98859 0.337877 0
15.164 67.9015 2.2196 2.1861 4.8435 1.82009 209009 0 -1.58119 0.337592 0
37.5868 44.6369 1.89908 1.99598 4.54043 1.51711 174915 0 1.57859 0.33571 0
14.5613 73.7897 2.28052 1.97658 4.47488 1.55197 217431 0 -1.59165 0.332845 0
-60.3405 17.3963 -0.304356 2.08804 4.6775 1.69345 134829 0 0.500056 0.332427 0
37.3774 34.9535 1.47396 0.814458 1.20909 1.6046 160874 0 -2.78431 0.33108 1
28.0967 -5.29956 0.775526 0.932897 1.07825 1.6265 101877 0 -1.56862 0.330566 1
1.82256 55.7527 2.29748 2.53564 6.1144 2.13935 191183 0 -1.51891 0.330283 0
32.1265 35.891 1.68852 2.33257 5.39823 1.71146 162262 0 1.59005 0.330278 0
54.2861 11.1097 1.23972 1.79536 4.07107 1.45844 125827 0 1.66188 0.329621 0
-63.5874 7.10078 -0.55504 1.88447 4.17178 1.56298 119843 0 -1.22772 0.326548 0
37.5454 34.9995 1.46228 0.847899 1.49721 1.60065 160875 0 -2.55792 0.32641 1
9.26219 -6.36067 0.793737 0.856462 0.815912 1.63514 100414 0 1.92508 0.3263 1
14.8704 70.2794 2.27742 1.9703 4.37104 1.58789 212284 0 -1.5375 0.326291 0
12.9507 29.5182 1.41287 1.8958 4.3801 1.4696 152842 0 -1.55266 0.325565 0
-48.5456 4.57192 -0.557384 1.68595 3.7192 1.43045 116146 0 -1.30008 0.324972 0
-34.7223 5.0816 -0.359286 0.735461 0.741207 1.29598 116657 0 -1.31078 0.323491 1
23.8408 21.8812 1.24951 1.91861 4.22384 1.43827 141644 0 -3.13449 0.323305 0
30.8945 39.1098 1.75088 2.00932 4.63365 1.55227 166938 0 1.5875 0.323291 0
-39.5736 17.0969 0.177711 2.00099 4.27611 1.78483 134426 0 1.91007 0.322818 0
-47.1928 52.5795 1.0342 2.33018 5.3742 1.84397 186350 0 -1.2234 0.320222 0
53.6256 28.9256 1.62442 1.98182 4.46309 1.54576 152033 0 1.69038 0.318698 0
-4.32722 49.7687 1.94392 2.06195 4.72643 1.65745 182272 0 -1.59064 0.314243 0
50.4015 37.881 1.69721 1.89315 4.30198 1.47257 165127 0 -1.51388 0.312506 0
32.7871 54.1907 1.78153 1.93914 4.36077 1.46933 188940 0 -1.55175 0.312376 0
-67.0841 11.0465 -0.577579 1.69729 3.58147 1.42053 125448 0 -1.19027 0.311816 0
50.1399 34.8133 1.70669 1.8172 4.09191 1.49707 160446 0 -1.53006 0.311217 0
51.9687 46.5238 1.83845 2.13996 4.91879 1.64683 177768 0 -1.61492 0.309633 0
-57.7437 22.2617 0.0914421 2.03157 4.57448 1.59766 141857 0 1.8004 0.309249 0
31.8333 27.6009 1.37452 2.0393 4.73174 1.52171 150093 0 -1.47639 0.308601 0
27.7109 -6.04076 0.769323 0.965789 1.07145 1.6581 100940 0 -1.52509 0.308202 1
-6.23336 29.2496 1.56162 2.06955 4.64148 1.58952 152314 0 -1.45622 0.304835 0
-4.01249 55.8386 2.09392 1.98528 4.46316 1.56357 191165 0 -1.54211 0.303435 0
31.2405 38.956 1.76853 1.86873 4.30341 1.53907 166471 0 -0.8033 0.302892 0
20.2877 40.8271 1.91286 1.96774 4.385 1.5041 169245 0 1.60348 0.302268 0
-47.4404 12.6012 -0.208304 2.22028 5.00728 1.66517 127849 0 -1.24677 0.302044 0
37.6052 35.3483 1.47687 1.07284 2.4578 1.53057 161343 0 -2.32948 0.300272 0
49.4277 20.0269 1.40333 1.99945 4.49222 1.55021 138916 0 -1.52449 0.300063 0
55.5163 34.0923 1.69022 2.0306 4.63637 1.59977 159527 0 1.60933 0.299762 0
-5.2863 49.7566 1.93979 2.07699 4.82619 1.70121 182269 0 1.54468 0.299481 0
-45.8675 17.5175 -0.0477306 2.02714 4.61554 1.65594 134874 0 -1.23042 0.297871 0
-22.8502 27.0977 0.700768 2.06369 4.64811 1.57731 148986 0 -1.29531 0.295806 0
2.97295 55.2928 2.11202 1.95155 4.26875 1.77243 190251 0 1.5534 0.295737 0
-5.26544 68.2947 2.58849 2.04286 4.69409 1.58538 209413 0 -1.51199 0.295177 0
-46.6361 12.5529 -0.261998 1.83433 3.87953 1.54548 127852 0 -1.27965 0.295139 0
-46.6315 52.2689 0.974671 1.98953 4.39814 1.68591 185884 0 -1.30768 0.293581 0
37.4974 34.8177 1.45871 0.827286 1.24424 1.59728 160407 0 1.74813 0.292642 1
49.1223 20.2966 1.41358 1.97666 4.45098 1.53483 139383 0 -1.57945 0.291838 0
-59.7112 17.0958 -0.35755 2.08204 4.65277 1.70361 134363 0 -1.21222 0.291247 0
16.1011 -7.06331 0.823856 0.957184 1.02465 1.77639 99032 0 1.65397 0.290161 1
-5.86314 41.0168 1.73047 2.06485 4.72082 1.4814 169631 0 -1.58692 0.288852 0
17.4731 28.3895 1.37614 1.99556 4.54732 1.48017 150984 0 1.58892 0.287339 0
-34.4009 29.9456 0.433991 1.88474 4.25799 1.41768 153162 0 1.92649 0.287251 0
-33.7858 33.1215 0.747385 2.125 4.79287 1.56922 157844 0 1.96587 0.286442 0
28.0368 -5.54652 0.743084 0.829562 1.0675 1.46939 101409 0 -1.53966 0.286374 1
32.1177 44.7119 1.78892 1.94567 4.41046 1.53269 174898 0 -1.54882 0.283776 0
37.9117 38.5762 1.73061 2.02591 4.53565 1.56238 166024 0 1.67848 0.282529 0
38.5712 38.2438 1.78046 1.9776 4.40261 1.58984 165558 0 1.67377 0.281817 0
-6.23329 22.9317 1.29744 1.98492 4.62294 1.4996 142954 0 -1.55387 0.281529 0
14.1357 -3.07854 0.784027 0.815767 0.973714 1.70285 105110 0 1.74558 0.280582 1
30.8744 45.0033 1.92946 1.92812 4.44072 1.50279 175362 0 1.55598 0.280553 0
-42.695 28.9305 0.206746 2.0048 4.43169 1.622 151732 0 -1.31601 0.279672 0
55.1793 28.9682 1.65963 2.02451 4.48886 1.70716 152038 0 -1.61843 0.278723 0
37.5951 35.6256 1.53413 1.65775 4.06966 1.48769 161811 0 1.62426 0.278195 0
11.8806 26.3242 1.28923 2.17336 5.2161 1.59971 148159 0 -1.54938 0.278086 0
18.368 28.6928 1.36581 2.03712 4.76687 1.48194 151455 0 -1.10437 0.277248 0
9.99467 -5.07381 0.702816 0.654124 0.655124 1.47857 102289 0 2.5765 0.276186 1
-27.6832 18.0438 0.515847 2.0877 4.63223 1.79797 135867 0 1.79202 0.274751 0
37.5666 26.8065 1.33737 2.04518 4.70439 1.51449 148707 0 1.87422 0.2745 0
14.5832 70.5296 2.2553 2.02158 4.50125 1.61112 212751 0 -1.53652 0.272976 0
-4.62838 50.0147 1.95819 2.09448 4.74376 1.67556 182739 0 -1.61916 0.269265 0
-0.143677 25.8861 1.30107 2.01061 4.5962 1.50654 147185 0 1.57509 0.267476 0
60.9594 22.5659 1.75071 1.97504 4.44327 1.53566 142696 0 -3.04893 0.267023 0
19.6446 31.8482 1.38178 2.10893 4.78768 1.57514 156139 0 1.59872 0.266179 0
33.4185 57.0269 1.90554 1.99314 4.37947 1.59555 193154 0 -1.60639 0.265817 0
-47.1496 12.0998 -0.263325 2.08777 4.59359 1.66881 126914 0 -1.2679 0.26541 0
9.58725 -5.37044 0.83515 0.866854 0.897929 1.79007 101819 0 -2.46711 0.265206 1
37.5951 38.8504 1.71335 1.99323 4.47199 1.54655 166491 0 1.64597 0.265045 0
15.0778 -4.50957 0.661235 0.783847 0.846907 1.19313 102773 0 1.7991 0.264912 1
-4.98443 69.6008 2.94469 2.08805 4.57236 1.63204 211286 0 -3.1382 0.263982 0
18.3778 28.8916 1.36155 2.01517 4.70259 1.5054 151923 0 -1.49614 0.263061 0
16.1314 -6.69782 0.811854 0.93343 1.01177 1.79035 99968 0 1.75598 0.261664 1
14.1464 -3.26905 0.851038 0.840108 0.993462 1.76539 104642 0 1.72592 0.259979 1
55.1978 15.4959 1.03122 1.92309 4.34048 1.51645 132382 0 1.56904 0.257319 0
-7.15784 32.1277 1.71976 2.10161 4.71877 1.65822 156523 0 1.64381 0.257169 0
49.7493 23.2173 0.948357 1.87492 4.23552 1.45415 143597 0 1.62392 0.256999 0
-38.2294 22.4805 0.327371 2.07404 4.65797 1.75911 142386 0 1.80588 0.256947 0
23.6305 21.5293 1.22854 1.77827 4.03415 1.43404 141175 0 0.0708465 0.256761 0
31.4584 18.9233 1.1009 1.94215 4.51081 1.46844 137456 0 -1.49787 0.256126 0
-6.87134 29.2906 1.58169 2.10484 4.72544 1.63511 152312 0 -1.2142 0.256043 0
-35.6686 30.5442 0.455893 1.93996 4.30181 1.47394 154094 0 1.952 0.255905 0
-39.1359 19.4562 0.0295256 1.79081 4.19018 1.50176 137703 0 1.86714 0.254988 0
49.4486 23.509 0.945096 1.89446 4.30214 1.45047 144064 0 1.63292 0.254682 0
28.509 -5.06367 0.763535 0.935538 0.947304 1.61211 102347 0 -1.54421 0.252879 1
2.04344 52.38 1.90052 1.96747 4.42083 1.60659 186036 0 -1.61788 0.25271 0
51.3564 37.8917 1.71901 1.97726 4.44996 1.56939 165130 0 -1.55792 0.251854 0
-5.0098 40.5754 1.6672 1.96 4.42291 1.48205 168698 0 -1.53715 0.251385 0
54.4741 5.52206 1.16438 2.21074 5.61423 1.89544 117872 0 1.6303 0.251284 0
-4.95715 49.5097 1.90923 2.00479 4.6021 1.62862 181802 0 -1.2803 0.249559 0
12.0684 29.0254 1.36548 1.79093 4.0747 1.43802 151903 0 -1.17753 0.248693 0
2.05994 52.8916 1.92089 1.94837 4.29029 1.574 186972 0 -1.54286 0.248443 0
-47.1676 51.7116 0.970147 2.06499 4.48747 1.82284 184946 0 -1.39864 0.248371 0
-47.4742 52.0347 0.955747 2.3016 5.5392 1.90351 185413 0 -1.34804 0.247713 0
1.34454 43.6665 1.6272 1.77074 3.89027 1.45231 173398 0 1.5319 0.24759 0
11.3914 -2.93306 0.74861 0.769525 0.886454 1.59036 105101 0 3.09273 0.24751 1
-42.3902 28.3471 0.154845 2.01208 4.51486 1.60312 150797 0 -1.31257 0.247174 0
-3.37141 64.7966 2.35668 2.12873 4.91207 1.69478 204271 0 -1.44609 0.246545 0
-36.013 30.8714 0.589288 1.98533 4.46009 1.51533 154561 0 1.98612 0.246361 0
-35.0325 33.7115 0.615174 2.0074 4.48847 1.54522 158776 0 2.05351 0.244693 0
49.7591 22.8965 0.949011 1.88939 4.31519 1.45841 143129 0 1.59414 0.244107 0
-23.1521 27.6438 0.745594 2.09527 4.72239 1.60701 149921 0 -1.31028 0.243067 0
55.2237 34.3665 1.70545 1.97415 4.43744 1.56474 159994 0 1.59661 0.242947 0
-31.22 41.7689 1.01771 1.99425 4.41687 1.59521 170488 0 1.92896 0.242789 0
14.0509 -4.77515 0.878767 0.917172 1.01612 1.83592 102769 0 -1.45547 0.242509 1
54.9 15.2231 0.984596 1.97462 4.51089 1.51985 131913 0 1.54559 0.242418 0
-5.59033 49.5038 1.93794 2.02371 4.59617 1.67596 181800 0 1.53239 0.241527 0
14.1847 -4.24316 0.894174 0.86901 1.05127 1.89179 103238 0 -2.29877 0.240908 1
53.9618 7.92822 1.0365 1.76743 4.05525 1.44455 121146 0 1.66876 0.240704 0
-4.01099 49.4984 1.93628 2.05498 4.69259 1.6571 181805 0 -1.546 0.240615 0
-5.31082 29.2225 1.39092 2.02939 4.91701 1.54338 152317 0 -1.46613 0.240379 0
33.4304 53.9454 1.80642 1.93499 4.282 1.5122 188474 0 -1.49696 0.240215 0
37.2911 44.3688 1.7593 1.91431 4.50406 1.5388 174446 0 1.57425 0.240167 0
-4.64816 68.0678 2.50171 1.85534 4.29671 1.54353 208947 0 -1.40127 0.239725 0
-4.9217 58.984 2.29425 2.07191 4.6641 1.61734 195842 0 -1.47772 0.239141 0
47.9653 8.53263 1.03527 1.80492 3.71533 1.59206 122063 0 -1.49305 0.238941 0
-46.2207 55.8649 0.695029 1.99747 4.49379 1.48968 191033 0 -1.42822 0.237433 0
38.8614 38.5413 1.8138 2.02003 4.48225 1.64625 166027 0 1.63157 0.237364 0
-57.4932 22.5046 0.0614706 2.00306 4.48384 1.56779 142326 0 1.85401 0.236853 0
53.664 8.18507 1.0331 1.68894 3.83126 1.43314 121613 0 1.69863 0.23667 0
27.9463 -6.00677 0.757942 0.970976 1.4719 1.65746 100941 0 -1.58882 0.236565 1
30.8703 21.3957 1.19059 1.69302 3.96898 1.36419 140730 0 -1.48598 0.23655 0
21.2892 55.2087 2.22396 1.99021 4.37834 1.61881 190308 0 1.53298 0.236138 0
51.6664 46.8495 1.8745 2.10552 4.71979 1.60647 178235 0 -1.08892 0.23493 0
-47.5969 7.09632 -0.420216 1.82849 4.0822 1.56304 119893 0 -1.24054 0.234295 0
36.6938 44.659 1.78247 1.91833 4.29652 1.52002 174912 0 1.55847 0.233508 0
38.8684 37.9646 1.84358 2.01474 4.48144 1.62022 165091 0 1.68102 0.232975 0
15.4381 67.4498 2.10696 2.22885 5.1634 1.85372 208074 0 -1.4761 0.232318 0
0.836945 43.1258 1.71172 2.06539 4.70066 1.58283 172460 0 1.41812 0.231808 0
-43.0266 28.6387 0.218778 2.00567 4.50826 1.58465 151263 0 -1.32199 0.231652 0
16.7581 -3.15422 0.769865 0.807149 0.954889 1.61227 105118 0 -3.03601 0.231224 1
-27.9378 17.796 0.500288 2.08888 4.63046 1.79413 135398 0 1.77653 0.230658 0
21.9181 67.0621 2.24892 2.00225 4.55332 1.66041 207626 0 1.66511 0.229948 0
54.5477 28.7331 1.6363 2.03904 4.50534 1.65963 151568 0 -1.58284 0.229731 0
-61.6982 11.6672 -0.486538 1.62535 3.45851 1.4456 126401 0 2.00617 0.229725 0
-45.0159 17.7136 -0.0929351 2.02116 4.53869 1.71659 135345 0 -1.22948 0.229629 0
-0.816505 64.4924 2.44945 2.07366 4.63578 1.68511 203811 0 -1.56099 0.229496 0
68.9397 11.9947 1.04439 2.03631 4.67877 1.6331 127277 0 -1.47621 0.229062 0
-60.8928 17.4461 -0.310105 2.2285 4.99742 1.76499 134827 0 1.90475 0.228542 0
-61.9522 11.4641 -0.474182 1.61646 3.4356 1.43467 125932 0 1.98081 0.228103 0
55.8368 23.1876 1.45684 2.15208 4.9649 1.69566 143616 0 -1.61795 0.227905 0
-22.595 -9.38886 1.02887 0.808495 0.863737 1.772 95635 0 1.62395 0.227736 1
9.55865 -5.53967 0.801886 0.83612 0.842471 1.75048 101351 0 -2.62236 0.226898 1
-41.3907 11.465 -0.265308 1.94188 4.41367 1.54021 125996 0 1.83078 0.226216 0
38.5357 44.6445 2.02587 1.97847 4.44079 1.54522 174918 0 1.59183 0.225505 0
-39.5772 14.2821 -0.0578657 1.9258 4.37039 1.49183 130214 0 1.77008 0.225475 0
1.12686 69.3693 3.2427 1.94085 4.15457 1.72529 210837 0 3.07845 0.225445 0
-5.8853 28.7338 1.55147 2.03108 4.54528 1.54707 151379 0 -1.47227 0.225203 0
-26.757 18.0002 0.536066 2.0823 4.68997 1.67379 135870 0 1.74237 0.224912 0
-18.2003 16.7854 0.696477 1.6963 3.51438 1.47278 134025 0 1.71311 0.224651 0
-36.6733 21.9625 0.380773 2.03805 4.65215 1.73435 141455 0 1.78374 0.224375 0
51.3527 46.8926 1.86641 2.00034 4.44761 1.55268 178234 0 0.72407 0.223927 0
-58.0169 22.2609 0.133921 2.15611 4.9146 1.69965 141856 0 -1.04581 0.223667 0
-69.0406 5.49158 -0.529031 1.9963 4.41152 1.60996 117486 0 2.0132 0.222599 0
38.5517 38.8506 1.79727 2.00121 4.44885 1.61597 166494 0 1.61802 0.222494 0
-4.30386 55.5882 2.05492 1.90764 4.36157 1.50916 190696 0 -1.57003 0.221501 0
68.639 11.9936 1.02656 1.99537 4.49064 1.60102 127276 0 1.12535 0.221425 0
53.2804 49.1248 2.01926 2.00973 4.49004 1.65358 181516 0 -1.5585 0.220681 0
51.3906 46.572 1.83744 1.9161 4.21161 1.49049 177766 0 -0.744476 0.219469 0
-35.3146 29.9873 0.418768 1.97964 4.42931 1.47091 153159 0 1.76811 0.218846 0
-41.8129 28.8938 0.185255 2.0186 4.45906 1.6218 151735 0 -1.29945 0.218405 0
-3.70295 50.0518 1.9419 2.06888 4.63148 1.70739 182742 0 -1.63059 0.218298 0
38.877 35.3707 1.79354 1.96803 4.40042 1.60718 161347 0 1.66297 0.218144 0
26.8565 8.54842 1.1391 0.904007 1.00943 1.85027 121997 0 0.127766 0.217636 1
54.5622 25.7805 1.38658 1.95888 4.42935 1.54012 147356 0 -1.60975 0.217338 0
11.5086 -5.9837 0.744391 0.84378 0.891804 1.66929 100889 0 -0.547436 0.217038 1
-49.0971 4.84568 -0.579638 2.0548 4.79126 1.57623 116612 0 -1.24633 0.216999 0
-45.9567 56.1035 0.713767 1.96397 4.38053 1.49017 191502 0 -1.34453 0.216802 0
54.8767 29.2045 1.69331 1.9833 4.40189 1.66046 152505 0 -1.72203 0.216771 0
68.9523 11.7129 1.02723 2.02756 4.59505 1.62347 126809 0 -1.21739 0.216747 0
-44.9494 58.6623 1.10789 2.37621 5.82965 1.88126 195249 0 -1.33666 0.216262 0
-46.6001 12.0625 -0.210249 1.83393 3.88396 1.61116 126916 0 -1.26012 0.216204 0
-56.1424 21.5903 -0.136977 1.96271 4.4692 1.50694 140926 0 -1.12975 0.215947 0
14.8932 -4.07568 0.733406 0.723084 0.807158 1.34311 103708 0 1.86295 0.215513 1
37.3608 35.35 1.47513 1.15794 2.47071 1.54571 161342 0 2.74114 0.215293 0
53.9909 11.3341 1.20885 1.65676 3.6427 1.41143 126294 0 1.61708 0.215173 0
54.8827 14.5604 0.969113 1.98188 4.54368 1.52198 130977 0 1.57082 0.215112 0
14.5205 -4.00043 0.895904 0.856527 1.00392 1.75457 103707 0 1.79387 0.21502 1
38.5926 35.6691 1.77437 1.95844 4.43582 1.5875 161814 0 1.63475 0.214726 0
-1.08759 64.7737 2.48724 1.96998 4.36394 1.60186 204278 0 -1.57201 0.214633 0
51.6492 37.6395 1.70359 2.05774 4.67283 1.63753 164663 0 -1.5246 0.213932 0
14.4356 -4.87572 0.862523 0.880269 0.987109 1.79422 102303 0 -1.98141 0.213031 1
48.8222 23.2121 0.860137 1.87357 4.3705 1.45663 143594 0 -1.64274 0.212719 0
-19.9343 38.5719 0.960948 2.05334 4.51046 1.4971 165843 0 -1.2288 0.212435 0
-24.1964 22.4456 0.560216 2.0489 4.55148 1.57315 142430 0 -1.39225 0.212392 0
55.1967 26.0656 1.48238 2.02709 4.47618 1.58696 147826 0 -1.66722 0.212375 0
37.9009 44.8768 1.99982 2.04859 4.62459 1.55834 175384 0 1.56227 0.211784 0
28.2375 -5.55115 0.726335 0.862008 1.24639 1.49308 101410 0 -1.55227 0.211479 1
9.85453 -5.09756 0.751163 0.747259 0.751444 1.6141 102288 0 -2.79305 0.210873 1
-68.7336 5.19801 -0.531466 1.72446 3.65298 1.51919 117019 0 2.14521 0.210556 0
-34.5125 5.26307 -0.30635 0.743005 0.77763 1.37943 117126 0 -1.25805 0.21045 1
55.521 25.786 1.44395 1.99483 4.41229 1.57968 147359 0 -1.61319 0.209877 0
-59.0756 16.8028 -0.416965 2.07588 4.72434 1.65837 133897 0 -1.13677 0.209874 0
20.9826 55.5047 2.24088 1.9584 4.29787 1.5838 190775 0 1.51409 0.209717 0
50.409 37.3382 1.65946 1.79767 4.03807 1.42692 164191 0 -1.50743 0.208738 0
-21.9587 27.0958 0.626881 2.0928 4.7071 1.5902 148989 0 -1.27369 0.208587 0
-46.5816 51.7448 0.968022 1.80812 3.9466 1.64656 184948 0 -1.3634 0.208453 0
-44.1074 20.2888 -0.0684575 1.74098 3.60884 1.52566 139092 0 -1.26134 0.208174 0
37.6328 38.2843 1.65208 1.96616 4.45876 1.51367 165555 0 1.68865 0.207349 0
-2.38354 10.3901 1.07082 0.898531 1.17144 1.70039 124714 0 1.91178 0.207348 1
-53.3716 47.5819 0.519697 1.63052 3.38268 1.39305 178843 0 -0.937112 0.207197 0
34.4043 31.1458 1.33993 0.721329 0.702931 1.61243 155249 0 -3.07142 0.207032 1
-26.7244 17.1971 0.50181 2.05625 4.65539 1.6954 134466 0 1.69338 0.20702 0
1.19717 52.3637 1.99813 2.1503 5.03118 1.77043 186033 0 1.54335 0.206626 0
-60.6327 17.6824 -0.334231 2.14037 4.9073 1.71572 135296 0 -0.689177 0.206479 0
48.4741 20.582 1.36053 2.09038 4.7142 1.57991 139849 0 1.80179 0.206157 0
32.3969 45.2354 1.89501 2.13911 4.93422 1.62379 175835 0 -1.61302 0.205935 0
-4.61178 56.0872 2.05556 2.04116 4.7187 1.57993 191631 0 -1.47795 0.205697 0
51.0686 47.2119 1.89565 2.00107 4.43621 1.57201 178701 0 0.57744 0.204249 0
-4.00672 65.0858 2.34521 2.07099 4.56335 1.68391 204737 0 -1.42792 0.203626 0
-42.691 28.0211 0.198672 1.94587 4.383 1.56861 150328 0 -1.28431 0.201779 0
0.112381 29.4941 1.43773 2.11133 4.79548 1.67739 152802 0 1.71581 0.201766 0
4.46038 40.0659 1.82314 0.875656 0.819417 1.77739 168259 0 -0.0355811 0.201627 1
-34.6768 33.1882 0.603637 1.94779 4.3636 1.4943 157841 0 1.96297 0.201564 0
-3.06461 55.8141 2.12535 1.96148 4.44553 1.49732 191168 0 -1.54327 0.201157 0
-38.5578 41.4524 1.10143 1.97064 4.37309 1.61032 169997 0 -1.32054 0.200219 0
9.46062 -5.9332 0.739149 0.75936 0.957673 1.65904 100883 0 -2.51559 0.19987 1
-7.15127 29.3004 1.54426 2.13964 4.87041 1.66027 152311 0 1.5814 0.199643 0
-56.8102 21.9217 -0.0872548 1.9627 4.41843 1.51103 141392 0 1.76285 0.199205 0
-34.0543 32.8624 0.713386 1.97483 4.46927 1.49879 157375 0 1.92221 0.198896 0
-60.3481 17.676 -0.337785 2.07818 4.71204 1.66449 135297 0 -1.15356 0.198866 0
37.8546 35.3633 1.56354 1.3054 2.88434 1.52032 161344 0 2.12155 0.198356 0
42.7429 54.5139 2.02597 0.73611 0.680167 1.5995 189439 0 -0.401054 0.198189 1
33.7407 54.1843 1.81285 2.00434 4.50063 1.58139 188943 0 -1.58387 0.197577 0
-44.3241 28.952 0.430445 2.01334 4.45415 1.6083 151727 0 -1.34168 0.197472 0
48.7868 20.5724 1.37884 2.06959 4.66499 1.57187 139850 0 -1.69056 0.19721 0
55.1911 14.9041 0.997566 1.99432 4.55157 1.52544 131446 0 1.55619 0.197082 0
-4.32874 58.4853 2.20727 1.88027 4.15513 1.58857 194908 0 -1.45588 0.197081 0
-4.71711 44.0961 1.91527 2.05119 4.66036 1.70523 173847 0 -1.55829 0.197054 0
-6.22181 49.7627 1.95696 2.12575 4.86309 1.78842 182266 0 1.50923 0.196964 0
-54.171 47.6007 0.466648 2.07333 4.71993 1.58634 178840 0 -1.26054 0.196684 0
-32.7126 42.4041 1.09553 2.2707 5.51452 1.83216 171419 0 1.90821 0.196612 0
38.2217 44.3854 1.92051 1.89389 4.31323 1.48596 174449 0 1.61119 0.19659 0
53.9573 29.1872 1.66575 2.01963 4.6041 1.58842 152502 0 -1.79798 0.19627 0
1.51678 55.2776 2.3499 2.53854 6.35851 2.20657 190246 0 -1.6106 0.196182 0
-47.8522 55.8464 1.03234 2.00574 4.40774 1.59339 191028 0 -1.31229 0.195608 0
49.1378 19.7491 1.40464 1.98766 4.46398 1.53842 138447 0 -1.51472 0.195159 0
-56.7221 27.6011 0.239072 2.24227 5.42794 1.69172 149816 0 -1.1206 0.195154 0
48.1944 20.3549 1.29396 1.98864 4.52097 1.56962 139380 0 1.62155 0.195131 0
55.1896 14.26 1.00912 2.00312 4.54129 1.53587 130510 0 1.56942 0.194819 0
-56.493 21.8645 -0.138159 1.99749 4.54705 1.51229 141393 0 -0.564969 0.194429 0
7.63799 46.6468 1.71641 1.9469 4.44996 1.50654 177629 0 -0.0996481 0.194092 0
-29.926 63.2216 1.06982 2.04938 4.5998 1.72667 201848 0 -1.23191 0.193945 0
14.5861 -4.3527 0.833848 0.830268 1.00062 1.72161 103239 0 1.92387 0.193847 1
55.802 15.2271 1.06929 1.96674 4.43485 1.55635 131916 0 1.59242 0.192889 0
-0.491943 19.097 1.37195 0.841025 1.00276 1.68211 137356 0 1.71309 0.192745 1
0.685501 28.9929 1.38033 1.70137 3.76558 1.4773 151868 0 1.66156 0.192277 0
51.9676 45.9637 1.78593 2.105 4.82006 1.64701 176832 0 -1.40585 0.1922 0
-3.67661 64.5057 2.40657 2.0796 4.68505 1.64929 203802 0 -1.46819 0.191926 0
42.723 56.5057 2.01358 0.857651 0.959605 1.73223 192247 0 3.06505 0.191423 1
14.6431 58.1908 1.89424 1.85886 4.21565 1.48893 194499 0 -1.40209 0.19111 0
29.8843 6.52046 1.15354 0.792627 0.901235 1.74952 119199 0 1.90184 0.189875 1
-42.0883 28.0436 0.120026 1.96089 4.40259 1.59728 150330 0 -1.30816 0.189799 0
52.9942 49.4273 1.97079 1.91121 4.20698 1.58295 181983 0 -1.59308 0.189561 0
68.3559 11.98 1.00769 1.99913 4.526 1.58835 127275 0 1.40779 0.189307 0
-43.3401 28.9436 0.241585 2.06138 4.54695 1.59581 151730 0 -1.32135 0.189022 0
21.6027 54.9062 2.22508 1.99002 4.4085 1.65828 189841 0 1.57145 0.188731 0
-41.4798 28.3488 0.173028 1.99258 4.43596 1.60984 150800 0 -1.27944 0.188665 0
-40.1416 14.0306 -0.108683 1.87998 4.15863 1.47104 129744 0 1.90669 0.188497 0
61.6087 27.9943 1.48694 2.0723 4.5634 1.75028 150654 0 0.104528 0.188268 0
-33.8202 29.9096 0.497452 1.93757 4.33727 1.43188 153164 0 1.91442 0.188239 0
33.0906 56.5758 1.90298 1.79525 4.06062 1.46251 192217 0 -1.55871 0.187354 0
18.1556 31.6111 1.38804 1.96432 4.52944 1.52232 155666 0 1.56893 0.187327 0
-36.2819 30.5917 0.500471 2.04232 4.59018 1.539 154092 0 1.82296 0.187039 0
68.6388 11.7271 1.02208 1.99263 4.47187 1.60277 126808 0 0.562072 0.186994 0
-36.3641 21.9211 0.376852 2.04657 4.61829 1.73943 141456 0 -1.70505 0.186853 0
-59.3547 16.55 -0.436483 2.02541 4.55866 1.65359 133428 0 -1.13068 0.186543 0
37.9304 37.9646 1.72703 1.99206 4.44808 1.53676 165088 0 1.71353 0.186278 0
12.9517 31.9754 1.41935 2.00097 4.86645 1.52681 156118 0 -1.43317 0.186155 0
32.0869 38.6644 1.77362 1.84352 4.26048 1.55775 166006 0 -1.45551 0.185874 0
-4.63593 64.8143 2.45426 2.06798 4.65085 1.69531 204267 0 -1.43317 0.185074 0
-6.17346 44.3144 1.99361 2.15 4.94959 1.74683 174310 0 1.52805 0.185064 0
56.4938 20.3196 1.40847 2.00075 4.441 1.57073 139406 0 1.52273 0.1849 0
14.4906 -4.69149 0.859859 0.882742 0.989475 1.74207 102771 0 2.53028 0.184312 1
-35.9921 34.1029 0.662682 2.02274 4.4548 1.56967 159241 0 2.07288 0.18412 0
41.3025 27.2812 1.51707 0.663512 0.810546 1.52939 149655 0 -2.93322 0.183869 1
54.4981 7.92528 1.03394 1.99616 4.74148 1.53604 121148 0 1.65513 0.183802 0
31.8577 54.2134 1.77163 1.96581 4.46076 1.50135 188937 0 -1.58158 0.182986 0
-25.0908 22.4633 0.565747 2.14043 4.72681 1.55917 142427 0 -1.37701 0.182554 0
68.6621 12.2679 1.0381 2.03111 4.60421 1.63208 127744 0 0.5042 0.181996 0
18.1494 32.0672 1.39793 2.03024 4.68735 1.54708 156602 0 1.62235 0.181963 0
-43.3337 28.3379 0.257746 2.02507 4.50245 1.5686 150794 0 -1.28415 0.181733 0
55.2239 22.9179 1.44291 2.05018 4.73135 1.64871 143146 0 -1.61851 0.181208 0
-44.6088 23.4108 0.198609 2.21194 4.94324 1.68439 143770 0 -1.21402 0.181171 0
1.35016 70.5192 3.31717 2.56367 6.08334 2.26822 212710 0 -3.12024 0.18083 0
50.7189 38.1746 1.73503 1.91903 4.30735 1.50005 165596 0 -1.57014 0.180623 0
-33.0641 39.4652 0.735815 2.0958 4.75387 1.54603 167206 0 1.95594 0.179617 0
-38.2561 41.1393 1.06401 1.97552 4.41286 1.58726 169530 0 -1.27955 0.179592 0
-34.1137 33.6602 0.754525 2.04215 4.579 1.54173 158779 0 1.95789 0.178665 0
-34.7585 30.4747 0.388733 1.85491 4.19783 1.43319 154097 0 2.05947 0.177155 0
21.2824 67.3097 2.28745 2.06856 4.66138 1.69534 208092 0 1.71082 0.176964 0
-43.6699 28.6406 0.308785 1.9916 4.41696 1.57394 151261 0 -1.33538 0.17692 0
-7.46367 20.2678 1.15646 2.02229 4.43409 1.4401 139206 0 -1.53752 0.176914 0
-21.0287 29.706 0.851144 1.92386 4.1469 1.46727 152736 0 -1.26351 0.176509 0
-3.37108 55.5837 2.09596 1.95728 4.42224 1.50406 190699 0 -1.53943 0.176383 0
14.8683 70.8125 2.30463 2.10409 4.68009 1.66507 213220 0 -1.56586 0.17634 0
53.2691 49.7324 2.03885 2.03511 4.5442 1.65292 182452 0 -1.66631 0.175881 0
-46.6353 52.5854 0.985365 2.18276 4.73834 1.73978 186352 0 -1.26331 0.17553 0
-63.521 6.66576 -0.55805 2.17463 4.69785 1.70465 118907 0 -1.11953 0.175494 0
61.6856 28.9652 1.55406 2.11952 4.78602 1.79392 152058 0 -3.02361 0.175485 0
49.7808 38.1838 1.68479 1.95458 4.43426 1.49667 165593 0 -1.51773 0.175356 0
-61.937 -14.2296 -0.493437 0.79659 0.863726 1.75361 88492 0 -1.55146 0.175127 1
-46.9234 12.8567 -0.222466 2.08446 4.55489 1.58208 128319 0 -1.26558 0.174929 0
49.1318 22.8936 0.860992 1.83761 4.09909 1.43347 143127 0 1.47587 0.174887 0
42.7179 57.1598 1.98579 2.00839 4.6758 1.68941 193183 0 2.60512 0.174318 0
-5.92812 29.5156 1.52348 2.00987 4.60352 1.5645 152783 0 -1.48058 0.174308 0
-60.9258 17.701 -0.325245 2.20841 5.02363 1.76749 135295 0 1.59186 0.174287 0
60.9497 21.629 1.87326 2.09162 4.58578 1.61668 141292 0 -3.09587 0.173821 0
40.9468 27.0355 1.48549 0.668881 1.12973 1.49964 149185 0 -3.09076 0.17309 1
52.9892 48.8146 1.98206 1.95376 4.30998 1.61443 181047 0 -1.43768 0.172837 0
21.2699 59.3431 2.4329 2.09376 4.56966 1.79626 196392 0 1.50338 0.172811 0
32.3939 39.1222 1.80676 2.13594 4.8845 1.62433 166943 0 -1.50635 0.172503 0
51.4037 46.2598 1.81627 1.88198 4.08899 1.46414 177298 0 -1.48782 0.172322 0
50.3806 23.4979 1.02319 1.96526 4.4139 1.45728 144067 0 1.5707 0.172271 0
-41.8315 9.20437 -0.312493 2.11508 4.78516 1.56042 122719 0 1.71736 0.171925 0
-3.40041 49.7763 1.92293 2.10111 4.81134 1.73538 182275 0 -1.59618 0.171884 0
54.9088 23.1795 1.44968 2.01331 4.5641 1.62252 143613 0 -1.80994 0.171628 0
-38.2674 41.7373 1.10203 1.97015 4.36682 1.58513 170466 0 -1.27837 0.170776 0
69.5878 11.9996 1.08899 2.10264 4.76828 1.66733 127279 0 -1.58606 0.170204 0
53.5544 49.4198 2.09266 2.14671 4.81481 1.76991 181985 0 -1.61712 0.169636 0
13.0474 43.7504 1.71125 1.88949 4.06453 1.63937 173434 0 -1.5286 0.169604 0
1.45316 52.0766 1.9458 2.06228 4.63409 1.68453 185566 0 1.53354 0.169586 0
21.5971 66.7811 2.25414 1.98886 4.58523 1.65692 207157 0 1.61219 0.169551 0
-46.8608 55.8401 0.835136 2.00532 4.48629 1.54381 191031 0 -1.34694 0.169518 0
12.4223 32.2286 1.48136 1.69523 3.68094 1.41681 156584 0 -1.49945 0.169462 0
15.472 70.5398 2.28446 2.18682 4.91673 1.75236 212754 0 -1.55931 0.169173 0
13.6348 73.7452 2.23179 1.91429 4.36414 1.49777 217428 0 -1.55199 0.168878 0
49.8185 37.6377 1.63026 1.83278 4.12992 1.44012 164657 0 -1.54116 0.168742 0
2.37708 61.269 2.07164 2.00784 4.51282 1.63947 199141 0 1.53767 0.168445 0
19.6339 46.7913 2.09506 2.17807 4.9657 1.71998 178135 0 1.57234 0.168405 0
