44.2863 -6.91427 1.42238 2.92301 7.74293 3.10064 99588 0 1.62418 0.961491 0
18.4192 11.7424 1.05327 2.14287 4.93192 1.55436 126651 0 1.65167 0.952145 0
-6.83955 11.3324 0.989393 1.98957 4.56748 1.48128 126104 0 -1.4917 0.942861 0
10.6675 12.7283 1.18728 2.22973 5.21178 1.88441 128031 0 -1.57879 0.937922 0
-1.98423 11.0689 1.15062 2.05703 4.64459 1.78515 125651 0 1.62436 0.93357 0
-0.879112 17.079 1.36775 2.09891 4.80526 1.82416 134547 0 1.6201 0.909203 0
30.8594 9.34741 1.15111 2.00496 4.47822 1.71438 123414 0 -1.46401 0.908214 0
-20.639 32.7297 1.16384 2.36112 5.47009 1.8233 157417 0 -1.18784 0.894634 0
36.0864 9.08424 1.03676 1.99363 4.58251 1.51535 122962 0 1.66123 0.894392 0
30.6156 15.9114 1.22377 1.95951 4.44727 1.69508 132773 0 -1.49481 0.890607 0
27.0322 8.44664 1.15199 0.935757 1.08767 1.86035 121998 0 0.263725 0.887424 1
-19.0243 11.4841 0.811004 2.01603 4.60528 1.75476 126066 0 1.68646 0.883361 0
10.6854 15.823 1.24907 2.20758 5.12066 1.85575 132711 0 -1.54195 0.880481 0
48.413 8.51186 1.01384 2.06181 4.7022 1.64148 122065 0 -1.5097 0.880258 0
-18.7488 19.7353 0.9885 2.13109 4.70351 1.97185 138235 0 1.70394 0.877506 0
-44.646 -11.1172 -0.802315 2.04614 4.44085 1.76883 93226 0 0.0246856 0.874869 0
30.9168 12.2905 1.06878 1.87641 4.26636 1.45942 127626 0 1.61404 0.871143 0
-6.55069 17.4526 1.08364 2.06006 4.77107 1.54662 134997 0 -1.53761 0.866702 0
13.2725 41.1555 1.8886 2.12236 4.92929 1.89084 169691 0 -1.5407 0.86469 0
17.7133 19.9783 1.20652 2.07459 4.85711 1.5036 138817 0 1.62829 0.864513 0
-23.2116 -3.96227 0.0318266 2.11813 4.70252 1.50301 103589 0 -1.81348 0.862196 0
11.3803 19.406 1.20153 1.9668 4.54387 1.49905 137861 0 -1.61302 0.859174 0
-18.4044 13.9989 0.834785 2.10477 4.72112 1.82826 129812 0 1.7606 0.856522 0
9.69749 -5.29328 0.826118 0.912651 0.924143 1.77717 101820 0 1.87487 0.85569 1
64.5734 -4.25549 0.96314 2.04734 4.51803 1.90864 103395 0 -1.07082 0.851354 0
17.3745 22.8236 1.47822 2.13391 4.99455 1.70931 143028 0 1.61652 0.842226 0
-34.397 6.0109 -0.208953 0.805348 0.881606 1.67297 118062 0 -1.26108 0.840628 1
-0.39624 22.9095 1.45077 2.17297 5.1045 1.81739 142972 0 -1.47043 0.839124 0
-19.658 7.96556 0.694122 1.9347 4.49298 1.52945 120916 0 1.61254 0.839105 0
-6.55624 20.2946 1.20345 2.07214 4.93194 1.42721 139209 0 -1.55769 0.838531 0
-42.132 -11.635 -0.852458 2.01549 4.45605 1.61569 92298 0 0.0473314 0.833895 0
18.6234 15.4229 1.24502 2.26487 4.96066 1.77653 132268 0 1.60825 0.831771 0
7.89127 46.2906 1.73187 2.09119 4.76271 1.52043 177162 0 -0.00027331 0.830263 0
-29.8642 6.62438 -0.12138 2.13619 4.8966 1.55813 119012 0 -1.29671 0.828492 0
-1.17065 14.1635 1.11677 1.89954 4.27473 1.55923 130334 0 1.71034 0.827416 0
0.179588 31.7548 1.74045 2.22193 5.04456 1.89433 156078 0 1.64696 0.826993 0
-42.7894 5.8904 -0.271894 1.75964 3.85413 1.40088 118036 0 1.85828 0.826939 0
-36.4204 -11.4366 -0.697878 2.17507 4.8706 1.98397 92784 0 0.033027 0.825705 0
48.5567 5.71529 1.1217 2.07937 4.69217 1.81029 117853 0 -1.4897 0.825232 0
16.0427 -6.85332 0.814498 0.985848 1.01025 1.72391 99500 0 1.78709 0.817093 1
31.1801 30.9295 1.35326 2.11066 4.89271 1.51705 154771 0 1.58655 0.815299 0
11.7352 22.3342 1.42086 1.91082 4.32286 1.68717 142074 0 -1.54657 0.81167 0
12.95 32.3893 1.45329 2.09948 4.97358 1.48832 157054 0 -1.5295 0.807358 0
-6.25665 14.488 1.00964 2.02565 4.62185 1.49829 130786 0 -1.47415 0.804551 0
17.4516 25.7683 1.56169 2.2968 5.46139 1.76522 147240 0 1.59764 0.799624 0
-56.1107 -4.87987 -0.664829 2.14202 4.62979 1.66302 102082 0 -1.55278 0.786128 0
11.4211 26.1581 1.3321 1.8868 4.40483 1.49252 147689 0 -1.55501 0.782575 0
-49.1183 4.5606 -0.33536 2.13741 4.81677 1.64918 116144 0 -1.28375 0.782287 0
13.8782 38.1588 1.69294 2.07954 4.76585 1.67413 165481 0 -1.53911 0.778892 0
0.172714 29.0302 1.38252 2.01867 4.60497 1.57892 151866 0 1.62257 0.776088 0
36.3647 15.2829 1.20134 1.99216 4.5842 1.50451 131855 0 1.63638 0.771275 0
-18.4682 16.8819 0.683483 1.83813 4.09769 1.50995 134024 0 1.71164 0.766407 0
11.6934 -6.16074 0.757301 0.797111 0.836724 1.62373 100422 0 -2.79835 0.760392 1
14.1824 -4.83626 0.851393 0.883827 1.01628 1.80439 102302 0 -1.59313 0.758588 1
13.303 44.0314 1.73428 2.00286 4.48033 1.66677 173903 0 -1.57343 0.755121 0
-0.131554 26.3521 1.29004 2.00711 4.63315 1.48581 148121 0 1.64035 0.751975 0
13.2944 46.9408 1.7415 1.94595 4.40873 1.51791 178115 0 -1.56223 0.749819 0
-27.3985 14.6319 0.394717 2.04337 5.00867 1.89862 130720 0 1.82845 0.74501 0
-18.1385 22.8973 0.829698 1.97315 4.39628 1.5647 142917 0 1.6415 0.739479 0
36.3371 12.1041 1.2395 2.08342 4.81539 1.6622 127175 0 1.61833 0.733038 0
15.4858 55.2325 2.16453 2.11723 4.83152 1.81709 190290 0 -1.45678 0.73184 0
-61.555 14.6196 -0.406858 2.09801 4.6093 1.65691 130613 0 -1.20548 0.725505 0
23.8456 20.9399 1.22349 2.01471 4.47131 1.49628 140240 0 0.0673239 0.721417 0
-21.3226 29.9241 0.830391 2.08298 4.63318 1.47614 153203 0 -1.27197 0.719441 0
-41.1536 11.6958 -0.237615 1.77138 3.94781 1.48325 126465 0 1.88605 0.718408 0
48.8256 11.5812 1.16026 1.96975 4.41682 1.70905 126746 0 -1.50455 0.715602 0
14.8961 58.409 1.9341 1.99745 4.54334 1.5617 194968 0 -1.41707 0.714344 0
12.6298 29.2329 1.43579 1.95415 4.5501 1.45929 152373 0 -1.55025 0.713197 0
-40.4549 14.5601 -0.115518 2.03014 4.47896 1.63083 130679 0 1.90133 0.712823 0
-5.90656 26.1319 1.57227 2.05764 4.68877 1.69985 147635 0 -1.51494 0.704569 0
-44.3713 20.3873 -0.0513368 1.95028 4.31077 1.52739 139091 0 -1.19886 0.691577 0
-38.8991 19.656 -0.0347133 2.02515 4.66376 1.57188 138172 0 1.8465 0.680929 0
54.2198 5.50543 1.12211 2.11341 5.19169 1.79763 117871 0 1.62275 0.674421 0
50.4319 34.933 1.66637 2.07413 4.666 1.5147 160915 0 -1.52658 0.664863 0
28.5424 -5.17533 0.779625 0.978339 0.951808 1.6282 101879 0 -1.49899 0.658941 1
14.9135 64.7674 2.07566 2.04328 4.60104 1.56899 204328 0 -1.56527 0.65778 0
30.8675 21.6795 1.19941 1.84315 4.29678 1.40691 141198 0 -1.52135 0.657338 0
37.266 30.1865 1.68461 2.50368 5.92322 1.91613 153854 0 -1.51051 0.655144 0
-28.6398 9.17129 -0.0216288 1.95848 4.40709 1.47624 122760 0 -1.35119 0.655024 0
14.1509 -3.9786 1.02521 0.944513 1.08526 1.94965 103706 0 1.73595 0.654655 1
-56.4475 27.3063 0.198049 2.13292 4.80535 1.68024 149349 0 -1.20181 0.653217 0
31.8244 38.9177 1.82469 1.9481 4.38789 1.55446 166473 0 -1.51492 0.635578 0
-48.1305 7.1507 -0.437534 2.04911 4.55188 1.62237 119891 0 -1.28134 0.635066 0
-32.5023 39.1782 0.729493 1.97952 4.47837 1.47047 166740 0 1.95498 0.633143 0
-47.5385 9.73286 -0.0490506 2.2418 5.106 1.90721 123637 0 -1.24367 0.629821 0
-63.8991 7.10358 -0.440258 2.02519 4.36581 1.6968 119842 0 -1.20329 0.629609 0
-53.9262 47.5561 0.54779 1.91653 4.22919 1.51798 178841 0 -1.20125 0.623271 0
2.09541 55.5154 2.27255 2.31148 5.42269 1.98434 190716 0 1.56986 0.621232 0
18.9874 37.8746 1.82426 2.08136 4.76675 1.63395 165029 0 1.60622 0.617581 0
-46.2606 56.1227 0.749059 2.08442 4.63564 1.53774 191501 0 -1.22127 0.617327 0
-19.6456 35.3988 1.14879 2.09305 4.71867 1.56035 161164 0 -1.12533 0.610217 0
14.9786 -4.38586 0.718526 0.740999 0.857867 1.18125 103240 0 1.70228 0.610064 1
18.4347 31.7915 1.41786 2.04869 4.71434 1.50803 156135 0 1.60251 0.608527 0
31.5021 35.8981 1.69487 2.23164 4.95667 1.68173 162260 0 1.62215 0.60758 0
9.23455 -6.33525 0.829997 0.907683 0.917515 1.65962 100414 0 2.00679 0.600208 1
-5.30986 41.0365 1.70383 2.03079 4.56269 1.47775 169633 0 -1.65601 0.597684 0
36.9369 26.9354 1.35926 2.0908 4.78892 1.49356 149173 0 1.6554 0.587102 0
14.8955 67.6946 2.19957 1.97286 4.29582 1.70516 208540 0 -1.60885 0.582574 0
-42.3827 9.48071 -0.214804 2.0808 4.64225 1.58674 123185 0 1.87656 0.581904 0
-1.09783 20.0564 1.4401 2.08893 4.9217 1.63588 138758 0 1.707 0.581124 0
-46.5357 14.9216 -0.168251 2.05767 4.3894 1.66588 131128 0 -1.23406 0.57606 0
-16.3883 -14.5599 0.338269 0.877101 1.00152 1.73999 88166 0 1.40728 0.573731 1
-47.1798 12.3622 -0.273055 1.98877 4.46851 1.60864 127382 0 -1.21766 0.557069 0
-32.1353 42.102 1.07361 1.94626 4.50432 1.67418 170953 0 1.96068 0.554271 0
-6.24718 31.9265 1.66582 2.24695 5.29112 1.59298 156058 0 1.59593 0.548198 0
19.3352 40.808 1.93035 2.04211 4.73918 1.50552 169242 0 1.60273 0.546674 0
36.3296 21.058 1.39547 1.91001 4.47987 1.5197 140279 0 1.60181 0.546031 0
-40.1091 17.1653 0.0749994 1.94031 4.29359 1.78713 134424 0 1.85103 0.54549 0
30.8471 18.7766 1.12209 1.85566 4.62893 1.46207 136986 0 -1.52552 0.54365 0
54.5511 11.306 1.28215 2.09225 4.71044 1.65995 126296 0 1.56485 0.541028 0
41.1044 26.7593 1.46377 0.783172 0.845725 1.73079 148718 0 -3.01987 0.540242 1
27.9793 -6.2303 0.773203 0.921269 1.90813 1.76908 100473 0 -1.5202 0.539835 2
-5.2821 44.2636 2.01473 2.04153 4.50851 1.66766 174313 0 -1.58002 0.535325 0
-24.4959 22.2404 0.564666 1.98143 4.39322 1.54984 141961 0 -1.37164 0.528191 0
-44.0322 58.3506 1.14275 2.11711 4.50281 1.63981 194784 0 -1.29153 0.527708 0
31.874 45.0149 1.92988 1.99615 4.48434 1.55197 175365 0 -1.53533 0.526295 0
1.06745 43.6675 1.62364 1.96621 4.43961 1.49448 173397 0 1.52337 0.5212 0
-4.34621 58.9624 2.27503 2.02829 4.54693 1.59625 195844 0 -1.52465 0.520704 0
-62.2206 11.7176 -0.401048 1.8964 4.25481 1.53493 126399 0 1.96181 0.515047 0
-68.9692 5.34552 -0.533067 1.88792 4.14055 1.59729 117018 0 1.97868 0.513002 0
-45.6265 17.7868 -0.128291 2.03812 4.52993 1.69142 135343 0 -1.17296 0.508143 0
17.7536 28.6728 1.37855 2.00013 4.6442 1.4783 151453 0 1.57475 0.504492 0
41.0884 27.0146 1.47716 0.817891 1.29889 1.6873 149186 0 -3.01125 0.500363 2
-37.9249 22.2639 0.366326 1.99219 4.32467 1.79412 141919 0 1.82949 0.49778 0
-27.3674 17.7326 0.568404 2.11273 4.74503 1.78724 135400 0 1.7943 0.493637 0
41.0709 27.2898 1.3749 0.651328 0.78492 1.38041 149654 0 -2.76503 0.487222 1
31.2047 27.4367 1.37332 2.10255 4.8024 1.50879 149623 0 1.5984 0.487169 0
32.803 56.8041 1.86071 1.9306 4.35717 1.5092 192684 0 -1.55498 0.485064 0
1.4549 52.6257 1.89053 2.02106 4.6672 1.62453 186502 0 1.54846 0.476926 0
19.0269 46.5701 2.08669 2.00173 4.46442 1.59584 177665 0 1.52619 0.475906 0
27.7696 -6.2149 0.780709 0.864565 1.13574 1.7135 100472 0 -1.53005 0.472788 1
36.6381 18.3489 1.11015 1.93024 4.4067 1.43857 136536 0 1.62622 0.462748 0
-44.0108 23.146 0.200804 1.99651 4.46475 1.64394 143304 0 -1.20487 0.461541 0
-19.0342 38.2348 0.846371 2.04448 4.61868 1.50087 165378 0 -1.15164 0.455403 0
-67.6839 11.3387 -0.569039 2.02021 4.46157 1.51679 125914 0 -1.14402 0.450624 0
-6.2568 22.9296 1.29194 1.88618 4.44521 1.42414 142954 0 -1.57465 0.445089 0
37.3471 34.8009 1.52106 0.781729 0.84905 1.62326 160406 0 0.424353 0.434493 1
4.59152 40.0453 1.79805 0.822818 0.709693 1.77583 168260 0 -0.0117622 0.429177 1
31.5186 27.58 1.3619 2.04837 4.76632 1.49032 150092 0 -0.903741 0.424327 0
-61.9759 11.9215 -0.395282 1.89567 4.12889 1.50423 126868 0 1.97963 0.421904 0
37.5998 44.6106 1.89417 2.02701 4.63439 1.56781 174915 0 1.60141 0.40358 0
51.7195 46.5159 1.8247 1.97995 4.44986 1.57097 177767 0 -1.678 0.403477 0
14.1602 -3.79422 0.968291 0.897031 1.03865 1.88239 104174 0 1.72531 0.403097 1
49.1225 14.5 1.28722 2.03138 4.60651 1.60528 130959 0 -1.5644 0.399537 0
52.9702 49.1408 1.97318 1.92359 4.30719 1.61257 181515 0 -1.59585 0.39693 0
42.7756 56.4105 2.0984 0.854971 1.08876 1.79698 192247 0 0.160018 0.393879 1
1.72669 52.8865 1.87796 1.92815 4.35579 1.54739 186971 0 1.58015 0.383945 0
-34.4081 33.4591 0.795124 2.00602 4.56132 1.5299 158310 0 1.95681 0.383557 0
53.9596 8.19619 0.921076 1.82254 4.19826 1.46331 121614 0 1.67048 0.379112 0
-3.99408 64.7934 2.42267 2.01269 4.47474 1.6658 204269 0 -1.47365 0.378786 0
37.2506 18.1393 1.16129 1.9401 4.52562 1.46816 136070 0 1.61917 0.376297 0
-5.29661 28.9818 1.42622 2.02063 4.665 1.54063 151849 0 -1.47282 0.375634 0
-24.1864 22.502 0.577436 1.98545 4.37795 1.57025 142430 0 -1.41393 0.371092 0
-47.5598 6.93234 -0.380952 1.86557 4.10274 1.55961 119425 0 -1.28789 0.370162 0
49.7466 20.6559 1.44328 2.09494 4.73781 1.65143 139853 0 -1.64405 0.369931 0
-6.87006 23.1499 1.34287 2.03647 4.68507 1.48281 143420 0 -1.56662 0.365627 0
32.1543 35.9077 1.7335 2.31867 5.3958 1.76018 162262 0 -1.33105 0.364827 0
53.9303 28.9506 1.59721 2.06107 4.62186 1.59247 152034 0 -1.60701 0.358192 0
19.979 40.8219 1.93304 1.89698 4.19669 1.46698 169244 0 1.5877 0.355386 0
-35.0164 30.2887 0.456726 1.89707 4.32906 1.46485 153628 0 1.68198 0.353061 0
37.3571 34.9471 1.51783 0.808099 1.23754 1.62322 160874 0 0.761315 0.350451 1
-41.4179 11.4705 -0.226938 1.9403 4.36885 1.55002 125996 0 1.85592 0.350435 0
14.9688 -4.50272 0.703503 0.719483 0.807315 1.12556 102772 0 1.74778 0.350432 1
-4.65218 49.4713 1.94071 2.00344 4.6139 1.62765 181803 0 -1.55379 0.34978 0
28.0608 -5.57615 0.730993 0.730739 0.829904 1.36225 101409 0 -1.42896 0.349436 1
61.6113 27.6689 1.58319 2.11252 4.61362 1.73779 150186 0 0.0457127 0.349076 0
-44.9451 58.6753 1.02904 2.4663 5.92469 1.98079 195249 0 -1.28041 0.34766 0
53.2388 49.4124 2.01466 2.09416 4.76537 1.74794 181984 0 -1.64579 0.344563 0
36.0219 18.1593 1.08163 1.9262 4.37428 1.44907 136066 0 1.65362 0.343999 0
-31.5466 41.811 1.06128 1.80653 3.91419 1.56055 170487 0 1.9585 0.342777 0
19.3167 31.8292 1.41762 2.11239 4.81219 1.52183 156138 0 1.60706 0.340749 0
37.4938 34.8077 1.53735 0.808343 1.02412 1.61239 160407 0 0.395711 0.340335 1
31.8259 27.5915 1.3562 2.05216 4.72434 1.51146 150093 0 -1.47649 0.333057 0
-38.4858 22.5359 0.34389 2.15501 4.8844 1.84322 142385 0 1.84378 0.331222 0
1.04655 69.8853 3.33616 2.18556 4.87718 1.87091 211773 0 3.05092 0.330975 0
-34.7243 30.2412 0.469278 1.87834 4.23492 1.44742 153629 0 -1.00168 0.329889 0
-5.27382 68.2693 2.52713 2.11335 4.82888 1.63692 209413 0 -1.36847 0.324712 0
9.6621 -5.48253 0.802583 0.915587 0.906301 1.71137 101352 0 1.82471 0.324701 1
-5.91712 44.0639 1.98532 2.11188 4.84423 1.71582 173843 0 1.45294 0.324608 0
37.5325 35.0032 1.53585 0.829601 1.39184 1.62286 160875 0 0.255932 0.320901 1
-35.3454 30.5321 0.462885 1.90935 4.30119 1.46841 154095 0 1.96578 0.319677 0
31.2542 39.105 1.81643 2.0568 4.69187 1.56166 166939 0 -1.53239 0.315933 0
32.427 45.2242 1.96693 2.0851 4.71785 1.6103 175835 0 -1.57998 0.315534 0
18.4677 40.807 1.75125 2.00593 4.69888 1.5035 169239 0 1.5999 0.314632 0
-5.34457 31.8319 1.65114 2.05766 4.83445 1.5712 156061 0 -1.49544 0.314284 0
38.548 44.6165 2.01411 2.01235 4.48125 1.58113 174918 0 1.60163 0.312974 0
23.8466 21.8893 1.26633 1.95031 4.29348 1.45878 141644 0 -3.12407 0.311929 0
18.7286 32.048 1.4548 2.109 4.82293 1.5264 156604 0 1.62915 0.310655 0
-29.2368 9.3934 -0.0574515 2.04439 4.63282 1.51494 123226 0 -1.2851 0.310271 0
37.48 30.1881 1.70506 2.61705 6.14337 1.88881 153855 0 -1.13635 0.30963 0
60.9523 22.5516 1.61357 2.13974 4.91714 1.63372 142696 0 -3.01612 0.306724 0
37.9157 38.5786 1.78632 2.02001 4.51868 1.55807 166024 0 1.67638 0.306139 0
51.0499 37.9027 1.82507 1.93664 4.3152 1.54432 165129 0 -1.54283 0.304764 0
-54.1922 47.2582 0.48278 1.9941 4.51642 1.54514 178372 0 -1.33376 0.304488 0
11.8864 26.3239 1.31611 2.1858 5.2525 1.60845 148159 0 -1.55287 0.301371 0
52.692 49.4061 1.96196 1.80029 3.93909 1.53072 181982 0 -1.6262 0.301209 0
-67.9336 11.1083 -0.545887 2.18828 4.86022 1.59917 125445 0 -1.18832 0.299065 0
-4.35297 49.7321 1.98386 2.01915 4.58927 1.63764 182272 0 -1.61009 0.297328 0
49.456 20.3444 1.40383 2.00841 4.50526 1.57009 139384 0 -1.58333 0.296378 0
23.6256 21.2316 1.25261 1.84101 4.17563 1.46261 140707 0 0.166966 0.294728 0
28.223 -6.24372 0.711743 0.881452 1.29981 1.68744 100474 0 -1.53679 0.293835 2
38.2254 44.3954 1.93525 1.90212 4.32979 1.53413 174449 0 1.62619 0.293592 0
32.7961 54.2003 1.80138 1.96342 4.40151 1.47758 188940 0 -1.55841 0.293119 0
33.7653 53.9367 1.85953 2.01587 4.47123 1.5948 188475 0 -1.5571 0.291957 0
15.4446 67.9316 2.22396 2.32634 5.30167 1.91712 209010 0 -1.63964 0.291331 0
36.9136 21.2082 1.42126 2.02434 4.74657 1.58938 140749 0 1.59245 0.290766 0
14.0574 -4.76917 0.850728 0.888534 1.01126 1.83042 102769 0 -1.53519 0.289747 1
-61.9415 11.4302 -0.409808 1.64038 3.59303 1.43859 125932 0 2.22817 0.289438 0
18.3727 28.8956 1.36901 2.01561 4.68098 1.50168 151923 0 -1.53435 0.287625 0
17.475 28.3946 1.398 2.00648 4.59076 1.48094 150984 0 1.58359 0.287046 0
-61.6845 11.671 -0.425284 1.62788 3.47741 1.42729 126401 0 2.19842 0.286654 0
33.4126 57.023 1.88027 2.02958 4.47222 1.61733 193154 0 -1.59725 0.2863 0
-35.3057 33.8122 0.720867 2.0039 4.59599 1.55347 158775 0 2.00478 0.285735 0
-26.7717 17.4555 0.585971 2.05345 4.76919 1.74222 134934 0 1.70509 0.285687 0
-5.92044 29.2237 1.49801 2.10635 4.79582 1.59009 152315 0 -1.4678 0.284681 0
-39.6062 17.1201 0.141926 1.76444 3.67956 1.71647 134426 0 1.8907 0.282969 0
9.73947 -5.09158 0.817954 0.868706 0.881603 1.76763 102288 0 1.8609 0.281959 1
14.6449 58.1885 1.89253 1.81064 4.11049 1.47982 194499 0 -1.37975 0.281924 0
50.7331 37.623 1.82551 1.90375 4.33363 1.52528 164660 0 -1.55745 0.281426 0
-5.59212 59.0278 2.17656 2.00793 4.6137 1.61109 195840 0 1.64314 0.281236 0
-4.322 65.0563 2.41127 2.12226 4.80245 1.72392 204736 0 -1.45132 0.279167 0
-47.1234 15.2047 -0.172411 2.27649 5.00018 1.72578 131594 0 -1.21607 0.277628 0
28.2827 -5.55625 0.753559 0.804068 0.922379 1.46639 101410 0 -1.5038 0.274656 1
1.49193 55.7532 2.36594 2.49048 6.06352 2.09836 191182 0 1.56772 0.274173 0
0.691635 28.9775 1.37334 1.74086 3.86874 1.47328 151868 0 1.63074 0.273316 0
27.2174 8.45919 1.0929 0.902242 1.01462 1.80656 121999 0 0.24182 0.271854 1
50.0842 14.5297 1.38396 2.02753 4.52241 1.67644 130962 0 -1.56508 0.270159 0
-64.3915 6.9722 -0.411609 2.30357 5.05344 1.83082 119372 0 -1.26172 0.270015 0
12.9227 29.5044 1.44178 1.97124 4.60187 1.48637 152842 0 -1.56806 0.268751 0
-33.8288 33.405 0.895851 2.16266 4.93139 1.57297 158312 0 1.92941 0.268284 0
52.974 49.6982 1.96919 1.96821 4.42601 1.64311 182451 0 -1.68205 0.267413 0
37.602 38.8441 1.76474 1.99323 4.47199 1.54465 166491 0 1.64622 0.267174 0
55.5299 34.0942 1.70281 2.06234 4.74217 1.62208 159527 0 1.6889 0.266682 0
-46.5484 52.9565 0.842781 2.08169 4.74471 1.61983 186820 0 1.97127 0.266174 0
-4.34875 58.4826 2.20813 1.89754 4.23804 1.54868 194908 0 -1.47681 0.265118 0
-67.6656 2.48049 -0.453451 0.832283 0.868445 1.7314 112810 0 -1.41686 0.264852 1
-48.558 4.54303 -0.397472 1.78759 3.81309 1.51438 116146 0 -1.25467 0.263817 0
54.5412 28.7181 1.64669 2.14934 4.89233 1.75752 151568 0 -1.5246 0.263781 0
33.1193 53.9635 1.78839 1.97522 4.39299 1.51468 188473 0 -1.47303 0.263379 0
-67.3857 11.632 -0.611458 1.87316 4.16578 1.47128 126383 0 -1.13703 0.262626 0
14.6412 67.4521 2.19909 1.78418 3.8517 1.60131 208071 0 -1.54102 0.262459 0
-40.1218 17.6685 0.0396547 2.12812 4.60806 1.8103 135360 0 1.97751 0.262124 0
-46.6531 12.2917 -0.271958 1.74502 3.82008 1.554 127384 0 -1.23155 0.26101 0
15.201 70.2707 2.24272 2.00145 4.48485 1.61527 212285 0 -1.58087 0.260512 0
27.9802 -6.00197 0.761204 0.953182 1.33378 1.6828 100941 0 -1.53586 0.259872 1
3.02763 43.3128 1.53008 0.828737 1.76425 1.57611 172935 0 -2.91427 0.258361 2
2.66963 55.2933 2.2471 2.06008 4.67649 1.87399 190250 0 1.55186 0.25823 0
-24.7396 22.0052 0.569193 2.00342 4.49963 1.54276 141492 0 -1.31926 0.257779 0
30.3026 18.9318 1.08878 1.85864 4.44063 1.45452 137452 0 -1.54766 0.257708 0
-17.7916 37.5924 1.18043 2.18158 4.84264 1.71877 164446 0 -1.1207 0.255698 0
-27.9617 18.0228 0.539008 2.19364 4.93245 1.87207 135866 0 1.83435 0.255295 0
-3.38283 64.5527 2.45716 2.02839 4.53626 1.63491 203803 0 -1.50914 0.255207 0
-44.096 20.5406 -0.0565879 1.7938 3.8254 1.47608 139560 0 -1.18783 0.255128 0
15.9272 -7.10485 0.815248 0.811784 0.890868 1.63808 99031 0 1.74539 0.254864 1
38.5633 38.2595 1.85177 1.99193 4.43694 1.59207 165558 0 1.67571 0.254661 0
-7.47855 22.9535 1.37047 2.01943 4.67305 1.52849 142950 0 -1.6066 0.253759 0
-19.7141 35.9016 1.14869 2.13354 4.81967 1.57272 162100 0 -1.1285 0.252987 0
9.53083 -5.55215 0.797434 0.860598 0.894367 1.66812 101351 0 1.81766 0.252203 1
53.2393 48.8551 2.00788 2.09825 4.71488 1.75546 181048 0 -1.51876 0.25011 0
-4.29128 64.5272 2.45566 1.98449 4.42205 1.64347 203800 0 -1.50159 0.248564 0
-37.2902 22.0313 0.34251 2.05596 4.59738 1.82476 141453 0 1.80227 0.247905 0
-36.0108 30.8795 0.614165 1.93465 4.33398 1.49261 154561 0 1.96219 0.247005 0
51.6614 37.6429 1.76171 2.02798 4.58116 1.61845 164663 0 -1.53119 0.246749 0
11.8601 -6.16991 0.754911 0.834353 0.933109 1.66276 100423 0 -2.62221 0.246291 1
21.2843 67.0434 2.29551 2.06771 4.6609 1.68424 207624 0 1.60763 0.246034 0
-4.32288 55.8279 2.16036 1.9677 4.43617 1.59528 191164 0 -1.5366 0.2449 0
10.074 -8.7634 0.723546 0.837686 0.848572 1.65276 96673 0 -3.13053 0.244143 1
-6.54558 22.6201 1.27583 1.77641 3.91977 1.37412 142485 0 -1.59571 0.244033 0
9.39885 -5.95155 0.778187 0.810941 0.868991 1.62029 100883 0 1.84419 0.240544 1
-0.499733 19.0965 1.40087 0.811469 0.898094 1.68763 137356 0 1.5378 0.238583 1
12.0793 29.0295 1.41509 1.7607 3.96384 1.45321 151903 0 -1.51219 0.238158 0
-0.821114 19.7642 1.42068 2.02976 4.74675 1.66397 138291 0 1.65877 0.238041 0
-4.66599 68.057 2.48982 1.89583 4.32367 1.57164 208947 0 -1.44231 0.237216 0
32.1331 44.7321 1.85739 1.96442 4.413 1.56733 174898 0 -1.50067 0.236492 0
40.9358 27.3008 1.39989 0.655288 0.821799 1.26903 149653 0 -3.0012 0.23625 1
51.9645 46.7992 1.84825 2.18531 5.05042 1.70374 178236 0 -1.67642 0.235606 0
33.1041 56.5763 1.90194 1.814 4.08456 1.49609 192217 0 -1.50191 0.234284 0
-5.2561 49.7153 1.99927 2.13185 4.92089 1.72385 182269 0 -1.60487 0.232628 0
14.8954 70.525 2.27528 1.94519 4.28719 1.56494 212752 0 -1.59114 0.232236 0
60.7185 21.6125 1.5821 1.97203 4.41253 1.55183 141291 0 0.162493 0.231235 0
30.9235 38.9453 1.76095 1.92969 4.41381 1.55143 166470 0 1.41502 0.231092 0
-67.671 2.61918 -0.445107 0.83914 0.857099 1.70792 113278 0 -1.13085 0.229989 1
55.84 15.2345 1.04063 1.95698 4.447 1.54832 131916 0 1.60181 0.229137 0
38.8724 35.671 1.79926 1.95982 4.35776 1.58706 161815 0 1.62595 0.229054 0
42.9232 56.415 2.13538 0.875206 1.50096 1.8445 192248 0 0.421008 0.228643 1
-0.142143 25.8904 1.34904 2.01281 4.6042 1.50861 147185 0 1.56061 0.227479 0
-29.0585 6.47711 -0.135986 1.9625 4.30678 1.50126 119015 0 -1.29682 0.22693 0
-47.1534 56.4743 0.704294 2.13443 4.77074 1.60162 191966 0 -1.19376 0.226459 0
51.9525 45.9807 1.75493 2.10272 4.83818 1.64977 176832 0 -1.47639 0.226235 0
24.0811 20.4085 1.25377 2.2364 5.02608 1.65088 139305 0 -0.0133516 0.225789 0
-6.85561 26.1651 1.55894 2.14747 5.00968 1.77528 147632 0 -1.46993 0.2251 0
-34.7439 30.4853 0.457347 1.8807 4.25354 1.44974 154097 0 3.0596 0.224905 0
-18.6324 23.1101 0.836335 2.19016 5.13902 1.67028 143383 0 1.72038 0.224878 0
-53.9583 48.0559 0.585518 2.22592 4.9652 1.64628 179777 0 -0.975553 0.224719 0
-27.0387 17.21 0.555238 2.0631 4.58429 1.76151 134465 0 1.69781 0.224163 0
-53.6859 47.2777 0.520333 1.65108 3.4959 1.41942 178374 0 -1.25812 0.224068 0
-4.94617 49.1896 1.96715 2.02233 4.64813 1.62851 181334 0 -1.52532 0.223102 0
38.5435 38.8483 1.89181 1.99757 4.43174 1.61093 166494 0 1.61824 0.222624 0
-55.9555 27.0768 0.187375 1.88982 4.03272 1.58106 148883 0 -1.19532 0.2225 0
50.7233 38.1988 1.77022 1.92977 4.32554 1.52182 165596 0 -1.55922 0.222059 0
-41.6603 11.9125 -0.205769 2.14996 5.07316 1.72143 126931 0 1.89168 0.221743 0
1.49874 55.2788 2.32804 2.369 5.88477 2.04752 190246 0 1.53479 0.220895 0
38.8497 38.5471 1.91996 2.0286 4.49232 1.64023 166027 0 1.63321 0.220249 0
37.6299 38.2857 1.68787 1.96804 4.4493 1.51677 165555 0 1.68947 0.220214 0
-4.62001 55.5356 2.22133 2.0296 4.58249 1.66567 190695 0 -1.55302 0.21936 0
55.7939 34.3853 1.75934 2.13334 5.0019 1.69727 159996 0 1.65207 0.219262 0
-25.08 22.4688 0.58247 2.03178 4.48414 1.52938 142427 0 -1.4031 0.217743 0
-4.90403 58.783 2.2538 1.84805 4.20413 1.53489 195374 0 -1.49036 0.217171 0
-4.99858 29.2079 1.31479 1.9539 4.57594 1.48636 152318 0 -1.49265 0.216988 0
-4.63593 50.017 2.01607 2.07458 4.66152 1.6387 182739 0 -1.64885 0.21626 0
27.7521 -6.0329 0.757689 0.926837 1.03887 1.68141 100940 0 -1.46604 0.216103 1
-47.2333 -11.6554 -0.811147 1.99866 4.53745 1.54656 92282 0 -3.08716 0.214886 0
28.2665 -5.99601 0.67097 0.855738 1.01749 1.57341 100942 0 -1.59889 0.214495 1
49.444 23.5478 1.18283 1.85732 4.31029 1.46279 144064 0 -1.36593 0.21395 0
-34.5762 5.9994 -0.223705 0.871301 0.963354 1.69678 118061 0 -1.30452 0.213839 1
-36.3455 21.9167 0.347421 2.08549 4.65808 1.8106 141456 0 -1.46259 0.213033 0
44.9697 -28.6764 0.215162 1.92372 4.24179 1.56704 67766 0 0.122341 0.212624 0
52.6835 48.8492 1.95441 1.84555 4.08241 1.54638 181046 0 -1.52325 0.212252 0
-46.252 52.6612 0.844622 1.83686 4.06096 1.5079 186353 0 -1.08669 0.211915 0
-46.8481 52.6477 0.845572 2.14274 4.90794 1.6801 186351 0 1.86343 0.211785 0
49.1469 20.0396 1.41507 1.9462 4.31729 1.5022 138915 0 -1.45083 0.211731 0
26.8593 8.46618 1.15315 0.903884 0.990802 1.80489 121997 0 0.227299 0.210301 1
-28.6417 11.9584 0.0416685 2.07304 4.5471 1.61794 126972 0 -1.33716 0.210254 0
37.5881 35.3387 1.55241 1.02588 2.29562 1.55949 161343 0 -0.609489 0.210187 0
0.0799561 26.6089 1.2603 1.9048 4.27004 1.46377 148590 0 1.67218 0.208788 0
27.0273 8.66508 1.06931 0.827592 1.03778 1.74428 122466 0 0.153324 0.2077 1
49.7613 21.215 1.46048 2.10743 4.65399 1.62908 140789 0 -1.73679 0.20699 0
30.3192 21.8257 1.20399 2.02745 4.62651 1.45532 141664 0 -1.53278 0.206883 0
-3.69501 55.5456 2.15138 2.0052 4.50589 1.5642 190698 0 -1.57485 0.206866 0
-46.6223 15.4135 -0.127716 2.22567 4.80842 1.71778 132064 0 -1.18042 0.205907 0
13.3936 38.0456 1.73536 1.76258 3.77893 1.60003 165011 0 -1.5296 0.205155 0
-6.84621 29.2779 1.50605 2.14507 4.91649 1.62815 152312 0 -1.50878 0.20495 0
-32.7142 42.3919 1.05923 2.26497 5.49876 1.85718 171419 0 1.94202 0.204408 0
-4.01635 56.1108 2.17359 1.95688 4.38224 1.5652 191633 0 -1.50908 0.20427 0
-54.4627 47.8148 0.548177 2.2527 5.46512 1.75136 179307 0 -1.19916 0.204024 0
50.0956 37.9279 1.72153 1.87183 4.28738 1.45308 165126 0 -1.53859 0.203351 0
38.5964 35.3905 1.76772 2.03443 4.58877 1.59747 161346 0 1.6686 0.20317 0
51.665 38.19 1.74519 2.01781 4.5395 1.61827 165599 0 -1.56704 0.203042 0
40.9322 26.7452 1.46253 0.828172 0.95958 1.73371 148717 0 -2.97821 0.20289 1
-5.28554 40.582 1.712 1.92101 4.3441 1.45835 168697 0 -1.55399 0.201884 0
11.3882 -2.94147 0.745856 0.741923 0.85196 1.56482 105101 0 2.80594 0.201806 1
-61.6416 11.4037 -0.445866 1.60235 3.48339 1.45875 125933 0 -1.3586 0.201703 0
-36.6384 21.9684 0.366804 2.06842 4.67603 1.82042 141455 0 -3.12301 0.201614 0
32.7414 35.9125 1.73247 2.45586 5.75512 1.8621 162264 0 -1.53711 0.201367 0
50.4175 37.3327 1.81256 1.85067 4.09599 1.49448 164191 0 -1.5363 0.20112 0
-7.16073 32.103 1.71287 2.11606 4.77554 1.65158 156523 0 1.62518 0.201083 0
14.1797 -4.25334 0.897792 0.927549 1.09564 1.91619 103238 0 2.05769 0.200958 1
-18.4662 38.1502 0.88986 2.16568 4.9596 1.65142 165380 0 -1.12797 0.200295 0
32.5297 56.5752 1.87892 1.87561 4.30152 1.48196 192215 0 -1.74454 0.200213 0
50.39 22.8811 1.35444 1.91197 4.2995 1.46961 143131 0 -1.31654 0.199832 0
-38.1989 22.0318 0.316222 1.95763 4.34736 1.77947 141450 0 1.7983 0.199496 0
36.7058 44.6486 1.77223 1.92672 4.34053 1.55785 174912 0 1.58397 0.198373 0
-14.5358 71.1864 2.34877 2.01941 4.5635 1.75119 213596 0 -1.56977 0.198372 0
36.6068 14.9945 1.17556 2.10734 5.07921 1.5776 131388 0 1.66341 0.198279 0
49.7699 38.2369 1.70026 1.93062 4.42398 1.45585 165593 0 -1.54169 0.198205 0
-27.0877 17.984 0.587371 2.14419 4.89553 1.79477 135869 0 1.78379 0.197872 0
55.5288 34.6695 1.74798 2.04206 4.71174 1.62942 160463 0 1.58992 0.197274 0
-34.1395 29.94 0.468793 2.03681 4.52359 1.46323 153163 0 -1.17289 0.196641 0
21.593 66.774 2.26346 2.00358 4.58044 1.63969 207157 0 1.54388 0.196599 0
56.1477 15.4733 1.14652 2.00103 4.51722 1.57089 132385 0 1.61534 0.196361 0
31.567 38.6691 1.81504 1.79823 4.02828 1.54719 166004 0 -1.51325 0.196353 0
52.2309 46.2684 1.77876 2.24728 5.24533 1.76353 177301 0 -1.54191 0.196314 0
37.896 44.8644 2.00985 2.10253 4.71938 1.59659 175384 0 1.58716 0.195944 0
16.051 -7.08273 0.806198 0.919113 0.976042 1.71652 99032 0 1.76789 0.195277 1
-17.8299 22.6702 0.829644 1.80098 3.83497 1.564 142450 0 1.63509 0.195234 0
18.4447 46.325 2.02914 1.92401 4.37798 1.61743 177195 0 1.52406 0.194841 0
50.0776 23.1967 1.25851 1.91424 4.28903 1.47879 143598 0 -1.37864 0.1946 0
-34.2273 5.99252 -0.219474 0.808777 0.860979 1.70368 118063 0 -1.32103 0.194438 1
12.7514 41.1169 1.9049 1.86332 3.98146 1.81924 169689 0 -1.56808 0.194226 0
55.1648 28.9345 1.66978 2.11976 4.79361 1.79104 152038 0 -1.57368 0.194182 0
11.5004 -6.17478 0.773177 0.851484 0.934279 1.65918 100421 0 -2.48159 0.194055 1
25.1388 21.9435 1.27859 2.08001 4.45246 1.56513 141648 0 -1.56227 0.19323 0
-67.3428 12.3054 -0.60506 2.03327 4.56116 1.55215 127319 0 -1.14241 0.193016 0
-67.3662 11.9785 -0.612635 1.94535 4.35762 1.49868 126851 0 -1.12303 0.192955 0
14.9792 55.4106 2.2096 1.92592 4.11464 1.72051 190756 0 -1.51881 0.192655 0
-45.0351 17.7149 -0.146896 2.10643 4.71753 1.72031 135345 0 -1.16766 0.192309 0
36.7003 30.0387 1.75186 2.10546 4.7995 1.78702 153384 0 -1.4893 0.191288 0
53.6529 29.1913 1.60366 2.00385 4.492 1.55309 152501 0 -1.86338 0.191072 0
10.0736 -8.55974 0.752625 0.851307 0.858173 1.66348 97141 0 -3.0867 0.190741 1
38.2536 37.9688 1.86344 1.99551 4.38828 1.574 165089 0 1.71064 0.190648 0
1.35896 43.953 1.63599 1.85611 4.09892 1.46533 173866 0 1.57935 0.189993 0
49.1441 23.8095 1.19516 1.88762 4.34901 1.4433 144531 0 1.64502 0.189188 0
-4.3262 55.2336 2.21965 1.97063 4.42468 1.6336 190228 0 -1.58955 0.18913 0
-44.5988 20.1199 -0.0686345 2.12772 4.71605 1.62012 138622 0 -1.23045 0.189096 0
13.0273 46.6823 1.76074 1.7435 3.88577 1.45019 177646 0 -1.51133 0.188522 0
-26.7368 17.1925 0.554054 2.08323 4.70314 1.75298 134466 0 0.0919095 0.188509 0
-40.906 11.8822 -0.245011 1.76886 3.73156 1.46942 126934 0 1.90335 0.187703 0
-16.4131 -14.3727 0.301419 0.9084 1.22368 1.70314 88634 0 1.80983 0.187145 1
54.4854 8.40573 0.951789 2.09239 4.96801 1.5707 122084 0 1.6472 0.187094 0
2.08691 54.9771 2.24507 2.26119 5.47862 2.0136 189780 0 1.48881 0.186608 0
-3.38337 55.8181 2.16815 1.98976 4.42205 1.5361 191167 0 -1.53915 0.186532 0
14.8765 73.7322 2.49524 2.01863 4.45698 1.63822 217432 0 -1.60065 0.186504 0
14.5016 -4.67023 0.828407 0.854503 1.00354 1.67414 102771 0 3.05586 0.185993 1
36.8539 15.4263 1.16748 2.26542 5.65316 1.67173 132325 0 1.60644 0.185847 0
49.7278 23.799 1.29547 1.94896 4.39183 1.47723 144533 0 1.74916 0.185747 0
49.1693 20.9067 1.44196 2.01831 4.46242 1.56549 140319 0 -1.74589 0.185057 0
-46.2696 53.2191 0.844087 2.06726 4.68001 1.59018 187289 0 2.01735 0.184367 0
-43.4484 23.1123 0.136404 2.03481 4.52329 1.70059 143306 0 -1.20677 0.183939 0
51.3991 46.8351 1.83913 1.96714 4.40596 1.56152 178234 0 -1.47464 0.183121 0
48.4972 20.3171 1.27888 1.94599 4.33864 1.52623 139381 0 -1.5754 0.183005 0
61.6501 28.6232 1.60285 2.23322 4.9092 1.82365 151590 0 0.0158311 0.182745 0
54.5343 29.2056 1.67266 2.12836 4.86751 1.71421 152504 0 -1.72672 0.182228 0
48.8258 23.5238 1.15628 1.86512 4.24331 1.42847 144062 0 -1.48142 0.182223 0
55.2028 14.2406 1.0903 1.97666 4.50664 1.56839 130510 0 1.58743 0.181855 0
2.02218 52.3757 1.84351 1.90266 4.2176 1.55222 186036 0 1.54884 0.181003 0
49.8451 34.8136 1.63497 1.89256 4.32046 1.49563 160445 0 -1.53164 0.180506 0
27.9859 51.6496 1.88842 0.804849 0.852366 1.62666 185181 0 3.05154 0.180087 1
2.38404 60.983 1.98315 2.03944 4.5546 1.67425 198673 0 1.56099 0.179392 0
15.4155 64.5489 2.07179 2.2863 5.35528 1.75457 203862 0 -1.49205 0.179232 0
-6.17656 41.043 1.78873 2.06247 4.72741 1.50561 169630 0 -1.47645 0.179221 0
51.9385 37.9065 1.75098 2.12273 4.81501 1.69308 165132 0 -1.54084 0.17884 0
37.1993 12.0553 1.20638 2.16453 5.04989 1.69214 127178 0 1.60924 0.178642 0
-68.9967 5.81034 -0.547416 2.11287 4.73704 1.69508 117954 0 2.19303 0.178333 0
37.5934 35.6358 1.57184 1.51213 3.52277 1.51262 161811 0 1.6098 0.178234 0
-36.3093 34.3901 0.820756 2.08378 4.6844 1.61692 159708 0 2.03872 0.178183 0
34.0463 53.6588 1.9152 2.05832 4.58808 1.65437 188008 0 -1.50315 0.178084 0
1.08226 70.531 3.28992 2.47593 5.84439 2.12792 212709 0 3.10535 0.177424 0
32.4163 27.4124 1.34325 2.0257 4.64931 1.52341 149627 0 -1.47511 0.177114 0
2.66488 55.732 2.22586 2.23801 4.92007 1.91546 191186 0 1.59986 0.177068 0
54.8244 11.5824 1.23353 2.30772 5.51074 1.84634 126765 0 1.53057 0.176839 0
13.0404 43.7833 1.7573 1.8866 4.08216 1.67433 173434 0 -1.55922 0.176522 0
31.2595 45.2099 1.97955 2.07453 4.84386 1.5755 175831 0 -1.54766 0.176414 0
7.63152 46.0254 1.68519 1.96324 4.40811 1.50101 176693 0 -0.0781331 0.176268 0
-34.6792 33.2038 0.748719 1.90317 4.26667 1.4904 157841 0 1.94155 0.176264 0
15.1729 73.4645 2.57581 2.08188 4.63582 1.7484 216965 0 -1.55767 0.176137 0
-28.0274 11.6826 0.118476 2.11926 4.71323 1.66258 126506 0 -1.36135 0.176091 0
22.2203 67.0271 2.28791 2.04865 4.61651 1.65813 207627 0 1.58327 0.176072 0
-46.8728 52.3382 0.842501 2.04635 4.62571 1.63254 185883 0 1.65409 0.176052 0
-5.91006 49.4677 1.97006 2.09401 4.71463 1.75527 181799 0 1.5672 0.17591 0
41.108 26.5383 1.44731 0.824711 0.942079 1.74741 148250 0 -3.0583 0.175439 1
0.854332 43.1305 1.70591 2.12417 4.87742 1.59676 172460 0 1.42331 0.175428 0
-19.9239 35.1261 1.18131 2.0699 4.57195 1.54773 160695 0 -1.16068 0.17472 0
45.9382 -30.2641 -0.0703038 1.95072 4.37964 1.59657 65429 0 -1.42851 0.174706 0
-69.4992 5.32259 -0.461847 2.20132 5.10449 1.74985 117016 0 -1.33228 0.174552 0
-42.6587 9.23052 -0.265225 2.11188 4.59509 1.64846 122716 0 1.83067 0.1745 0
-46.573 52.363 0.830025 1.88868 4.28446 1.53564 185884 0 -1.1296 0.174252 0
-3.72485 49.4692 1.97678 2.06959 4.76964 1.68105 181806 0 -1.54967 0.173897 0
55.2026 14.8844 1.01899 1.94275 4.43844 1.54601 131446 0 1.54016 0.173588 0
37.3626 35.3417 1.55475 1.10535 2.38543 1.57617 161342 0 1.21946 0.173554 0
0.362747 26.3397 1.24284 1.74939 3.88123 1.38855 148123 0 1.61065 0.173393 0
-54.2223 46.9204 0.442062 1.91846 4.36402 1.54116 177904 0 -1.47622 0.173346 0
56.155 14.9188 1.08065 1.95584 4.44493 1.55478 131449 0 1.58365 0.172957 0
14.8912 69.9774 2.24657 1.88559 4.08698 1.56454 211816 0 -1.5558 0.172763 0
30.9074 44.9692 1.93278 1.94648 4.46732 1.53779 175362 0 -1.6285 0.172697 0
-20.2813 35.9384 1.23193 2.1518 4.86318 1.59924 162098 0 -1.14773 0.17243 0
-5.60009 44.525 2.04855 2.20045 4.87819 1.73639 174780 0 -1.52872 0.172398 0
-67.1036 11.0913 -0.623175 1.7951 3.77971 1.46855 125448 0 -1.15119 0.17231 0
1.34119 43.4198 1.61792 1.76726 3.90705 1.4595 172930 0 1.50514 0.172009 0
-57.06 27.6023 0.225237 2.35194 5.48041 1.80028 149815 0 -1.20639 0.1718 0
50.703 22.5615 1.38861 1.91442 4.30299 1.48568 142664 0 -1.23885 0.1717 0
-27.9316 17.5365 0.511108 2.19523 4.88663 1.85664 134930 0 1.77387 0.171559 0
-25.3869 22.3 0.578036 1.98825 4.43704 1.52025 141958 0 0.38503 0.171475 0
20.9624 67.3235 2.311 2.00452 4.47727 1.66934 208091 0 1.70552 0.170806 0
55.2172 15.476 1.08157 1.93666 4.36692 1.5211 132382 0 1.59833 0.170501 0
69.1784 2.50607 0.968814 0.802347 0.867102 1.72084 113238 0 -0.818582 0.170227 1
-62.4951 11.4411 -0.409966 2.00653 4.52111 1.59491 125930 0 1.86533 0.16955 0
49.7842 22.9086 1.19096 1.9421 4.43676 1.50575 143129 0 -1.39259 0.169507 0
49.434 23.2248 1.1708 1.84947 4.22382 1.46734 143596 0 -1.46676 0.169307 0
-47.1968 12.8596 -0.226049 2.1408 4.82124 1.64414 128318 0 -1.19247 0.169101 0
13.8038 47.1197 1.76309 2.21801 5.33027 1.73821 178585 0 -1.58322 0.168542 0
-6.23767 49.7357 1.96007 2.09449 4.74172 1.77848 182266 0 1.60497 0.168536 0
-0.558517 20.2198 1.40968 2.06562 4.77778 1.65918 139228 0 1.68956 0.168388 0
-47.4472 12.097 -0.277908 2.10892 4.72548 1.66468 126913 0 -1.24605 0.168029 0
37.5871 45.941 2.19862 1.95868 4.33862 1.52142 176787 0 -0.20612 0.167899 0
30.6074 27.6139 1.401 2.04346 4.71984 1.54279 150089 0 1.60626 0.167844 0
52.966 48.5394 1.96908 1.97844 4.41968 1.65473 180579 0 -1.42788 0.167842 0
49.7862 37.6308 1.7398 1.87148 4.23653 1.43639 164657 0 -1.5432 0.167723 0
-4.90437 64.821 2.47303 2.24719 5.27564 1.84009 204266 0 -1.51357 0.167667 0
-0.525261 19.3351 1.38541 1.22771 2.09746 1.64244 137824 0 1.66373 0.167221 1
53.5421 49.7071 2.10071 2.33774 5.48789 1.93254 182453 0 -1.68489 0.166831 0
-5.29392 68.5448 2.53839 2.20386 4.87415 1.71252 209881 0 -1.08348 0.166729 0
-69.2508 5.06286 -0.524516 2.04327 4.52624 1.6405 116549 0 2.29536 0.166684 0
1.44907 52.0798 1.89421 2.08631 4.72459 1.6801 185566 0 1.48456 0.166601 0
46.5337 -27.6945 0.0518779 2.02235 4.58634 1.7019 69175 0 -1.4502 0.166257 0
50.7013 23.178 1.4017 1.88249 4.23876 1.46332 143600 0 -1.41918 0.166066 0
31.8699 45.4901 2.00441 2.03095 4.44116 1.59222 176301 0 -1.54393 0.166065 0
48.8333 20.6143 1.34827 2.02767 4.48462 1.5668 139850 0 -1.62745 0.166018 0
17.7728 29.1956 1.35523 1.95175 4.50692 1.51968 152389 0 1.61762 0.165796 0
16.7563 -3.24313 0.810639 0.767435 0.881014 1.5013 104650 0 -2.42187 0.165209 1
-29.9312 63.2125 1.16372 2.02894 4.55967 1.69277 201848 0 -1.23481 0.164883 0
-34.4504 30.4879 0.462476 1.93127 4.36461 1.4546 154098 0 -1.89168 0.164516 0
-4.6113 59.2479 2.31717 2.04935 4.59611 1.60773 196311 0 -1.49997 0.164471 0
55.5177 25.7498 1.49517 2.06434 4.65539 1.59419 147359 0 -1.32832 0.164296 0
-1.69592 20.2638 1.37055 2.06608 4.87712 1.62212 139224 0 1.70561 0.164105 0
18.4494 46.7829 2.13619 2.06183 4.52297 1.6442 178131 0 1.54616 0.16373 0
-34.9793 30.0231 0.460707 1.99161 4.46057 1.48302 153160 0 1.3 0.163604 0
37.3317 35.6498 1.59626 1.82048 4.36066 1.52401 161810 0 1.54343 0.163313 0
12.4245 32.2406 1.50661 1.70156 3.69377 1.38842 156584 0 -1.51902 0.163032 0
-15.8291 71.2193 2.27329 2.0406 4.57387 1.79457 213592 0 1.59644 0.162758 0
4.45254 40.0715 1.82891 0.85091 0.773863 1.78301 168259 0 0.0142744 0.162739 1
-5.24143 69.6056 2.86403 2.14752 4.66535 1.70219 211285 0 0.0877516 0.162217 0
37.0118 44.3872 1.71251 1.95935 4.35283 1.57002 174445 0 1.5862 0.161963 0
54.9032 15.2074 1.06646 1.93107 4.38635 1.53913 131913 0 1.55564 0.161811 0
9.84584 -8.77095 0.718207 0.853969 0.88577 1.65066 96672 0 2.90652 0.161801 1
50.1028 22.5964 1.30008 1.98557 4.43579 1.52584 142662 0 -1.27552 0.161701 0
-25.411 22.4988 0.596702 2.0407 4.55859 1.51694 142426 0 -0.776612 0.161575 0
2.73479 58.1164 2.0546 2.18367 4.93846 1.7827 194462 0 1.59189 0.161503 0
50.0796 38.5209 1.73245 1.9027 4.2406 1.48852 166062 0 -1.52823 0.161485 0
31.5289 27.1476 1.38179 1.94684 4.39447 1.49233 149156 0 -1.50424 0.161306 0
15.9659 -6.69859 0.821284 0.942072 1.02454 1.73012 99967 0 1.79917 0.161285 1
