44.3111 -6.89764 1.45073 2.94387 7.87961 3.19548 99588 0 1.62794 0.957148 0
18.408 11.738 1.06126 2.12027 4.82616 1.55383 126651 0 1.64575 0.952711 0
-6.83643 11.341 1.03159 2.01855 4.62269 1.48291 126104 0 -1.48356 0.946253 0
10.6924 12.7526 1.22571 2.2412 5.22159 1.90906 128031 0 -1.5634 0.933776 0
-1.98158 11.0544 1.18439 2.06135 4.60027 1.77816 125651 0 1.6181 0.92122 0
-0.870079 17.0847 1.34854 2.1013 4.77829 1.8121 134547 0 1.62042 0.919577 0
30.8776 9.3594 1.15382 2.0027 4.52534 1.69547 123414 0 -1.46332 0.910834 0
36.0686 9.06361 1.04896 1.95839 4.47968 1.52923 122962 0 1.66425 0.897895 0
64.8853 -4.29346 0.932323 2.04512 4.51594 1.8455 103396 0 -1.11767 0.890361 0
10.6766 15.8442 1.24498 2.18575 5.04935 1.84913 132711 0 -1.5397 0.885732 0
-18.7529 19.7383 0.97143 2.14101 4.72043 1.96926 138235 0 1.71044 0.871493 0
-6.54485 17.474 1.08603 2.08005 4.82319 1.54275 134997 0 -1.53179 0.871061 0
-44.6925 -11.2875 -0.826644 2.15474 4.85304 1.8405 92758 0 0.0224905 0.867985 0
-19.0209 11.4852 0.821827 2.00647 4.5718 1.77571 126066 0 1.68465 0.867931 0
48.4013 8.50963 1.00379 2.05411 4.70858 1.6281 122065 0 -1.49903 0.866108 0
30.6196 15.9031 1.25714 1.98984 4.45364 1.71747 132773 0 -1.48117 0.864491 0
18.632 15.418 1.23764 2.27774 4.96916 1.7636 132268 0 1.60596 0.862431 0
17.3649 22.8285 1.46305 2.13021 5.00884 1.73383 143028 0 1.62994 0.860736 0
-42.12 -11.6757 -0.814465 1.97428 4.31484 1.62807 92298 0 0.0474546 0.860566 0
-6.55729 20.2844 1.18481 2.12646 5.05245 1.4494 139209 0 -1.54143 0.858184 0
7.90739 45.6126 1.7198 2.04769 4.61374 1.51123 176226 0 -0.00352079 0.85765 0
-55.5828 -4.88776 -0.700713 2.11485 4.45241 1.68608 102084 0 -1.58935 0.851948 0
13.2819 41.1554 1.91018 2.1097 4.88227 1.86434 169691 0 -1.51756 0.850072 0
-18.437 13.9947 0.82928 2.09765 4.76867 1.84941 129812 0 1.75601 0.849967 0
-42.9719 5.87897 -0.289224 1.88181 4.12193 1.48314 118035 0 1.87019 0.847325 0
48.7266 5.70486 1.1532 2.14807 5.06237 1.87301 117854 0 -1.47648 0.846621 0
-29.849 6.62508 -0.111536 2.14142 4.91189 1.60849 119012 0 -1.2849 0.841791 0
-0.427879 22.9046 1.43404 2.20104 5.15334 1.85286 142972 0 -1.48164 0.840638 0
-36.4341 -11.6286 -0.716418 2.24501 5.19073 2.0002 92316 0 0.0206576 0.84056 0
11.3694 19.4302 1.17192 1.96418 4.53391 1.51999 137861 0 -1.62619 0.838262 0
11.7187 22.3191 1.41101 1.92103 4.32586 1.69071 142074 0 -1.54594 0.834208 0
9.15493 -6.29234 0.806733 0.933333 0.854581 1.66298 100414 0 2.21228 0.830314 1
-19.676 8.03355 0.681394 2.01416 4.50944 1.54456 121384 0 1.61463 0.823438 0
-6.27444 14.4861 1.02941 2.03076 4.60241 1.51037 130786 0 -1.48843 0.817472 0
13.903 38.1424 1.73551 2.09128 4.85464 1.62063 165481 0 -1.49468 0.815776 0
-20.6496 32.7168 1.1901 2.274 5.35872 1.76706 157417 0 -1.18238 0.815407 0
17.4753 20.0075 1.194 2.07146 4.88769 1.5087 138816 0 1.62941 0.813306 0
-22.6382 -3.79396 0.0654202 2.10614 4.54206 1.49163 104059 0 -1.7907 0.809145 0
27.0049 8.40394 1.15333 0.860727 1.1284 1.84712 121998 0 0.211869 0.805525 1
0.184166 31.7692 1.72311 2.23048 5.11724 1.88337 156078 0 1.63605 0.805068 0
17.4391 25.7571 1.57843 2.25481 5.33392 1.78661 147240 0 1.61393 0.804239 0
30.93 12.2768 1.08361 1.91558 4.32235 1.47874 127626 0 1.61142 0.802972 0
11.6294 26.1373 1.3422 2.02774 4.82609 1.51281 147690 0 -1.51735 0.802454 0
31.1945 30.9311 1.37889 2.10313 4.84615 1.5175 154771 0 1.58064 0.797395 0
9.66695 -5.21288 0.844359 0.875644 0.906781 1.77367 101820 0 -1.37798 0.796556 1
12.9506 32.2577 1.4175 2.06417 4.89217 1.5111 156586 0 -1.47933 0.796438 0
0.141411 29.0341 1.36273 2.00465 4.53608 1.56718 151866 0 1.63214 0.793233 0
15.9301 -6.8626 0.77627 0.903615 0.96748 1.73547 99499 0 1.77159 0.791264 1
-34.2944 5.96214 -0.225428 0.823868 0.887049 1.67102 118062 0 -1.2623 0.772667 1
14.1717 -4.8228 0.867543 0.837841 0.961597 1.76177 102302 0 -1.48262 0.772614 1
-0.163971 26.3448 1.29769 2.00608 4.61684 1.4955 148121 0 1.63656 0.765842 0
-1.18019 14.0155 1.10831 1.87401 4.19841 1.58944 129866 0 1.65363 0.760535 0
48.8479 11.6192 1.15675 1.96457 4.33426 1.71645 126746 0 -1.49853 0.756691 0
-18.4715 16.883 0.682779 1.82576 4.07087 1.50956 134024 0 1.72418 0.756435 0
-5.88512 26.1063 1.56065 2.07555 4.70995 1.67597 147635 0 -1.51216 0.751156 0
-56.2414 27.2614 0.120998 2.08968 4.56119 1.63171 149350 0 -1.16573 0.750069 0
30.8895 21.649 1.18935 1.8836 4.35303 1.40404 141198 0 -1.49082 0.74867 0
-18.1115 22.8823 0.827753 1.99341 4.47911 1.56164 142917 0 1.62881 0.746434 0
15.2281 55.2021 2.17459 2.01049 4.45703 1.68009 190289 0 -1.4405 0.744582 0
28.6582 -5.17803 0.777423 0.981819 1.00256 1.67005 101879 0 -1.05433 0.736997 1
-0.7911 20.0683 1.27572 2.10802 4.93264 1.61604 138759 0 1.655 0.732358 0
-41.1485 11.7317 -0.179385 1.74403 3.93341 1.45145 126465 0 1.90207 0.731885 0
-44.5842 20.3792 -0.0928416 2.06801 4.6758 1.56924 139090 0 -1.27301 0.730978 0
-49.1147 4.57592 -0.332341 2.14446 4.7794 1.70637 116144 0 -1.29448 0.730181 0
12.6226 29.2577 1.43518 1.97629 4.65368 1.45674 152373 0 -1.5149 0.727398 0
-27.6873 14.6777 0.349797 1.95131 4.55478 1.86874 130719 0 1.82125 0.724273 0
-21.3247 29.9116 0.858016 2.03581 4.56019 1.44991 153203 0 -1.2773 0.719777 0
14.8877 58.3585 2.01837 2.0169 4.5948 1.55334 194968 0 -1.37327 0.719138 0
28.0063 -6.23188 0.806307 0.906528 1.05085 1.65612 100473 0 -1.53253 0.713165 1
13.2897 46.9233 1.75614 1.9373 4.39093 1.52205 178115 0 -1.53848 0.710461 0
36.6311 12.0984 1.21463 2.11484 4.84229 1.67307 127176 0 1.61458 0.709344 0
-61.321 14.5458 -0.42547 1.94338 4.30289 1.62656 130614 0 -1.20048 0.708672 0
50.7237 34.9636 1.74664 2.07844 4.68401 1.59296 160916 0 -1.5528 0.703211 0
-40.4341 14.5802 -0.0673076 2.02845 4.49364 1.59633 130679 0 1.85315 0.698472 0
36.3159 21.0365 1.40328 1.93544 4.50538 1.50769 140279 0 1.62778 0.695267 0
31.8374 38.889 1.88291 1.90825 4.27374 1.57215 166473 0 -1.50495 0.692168 0
11.7135 -6.21906 0.730653 0.790003 0.85596 1.60156 100422 0 -2.42574 0.691051 1
36.3574 15.3103 1.20534 1.92347 4.44795 1.48672 131855 0 1.66584 0.685145 0
54.5345 11.3246 1.30535 2.10028 4.72309 1.66171 126296 0 1.61244 0.684863 0
14.1543 -3.96469 1.03289 0.896938 1.03469 1.95172 103706 0 1.67213 0.683988 1
-5.2772 40.8379 1.71395 2.008 4.53009 1.49764 169165 0 -1.55832 0.678742 0
-38.5972 19.6841 0.0173862 1.94328 4.4291 1.53332 138173 0 1.82092 0.667222 0
14.918 64.7235 2.13356 2.03802 4.61761 1.59853 204328 0 -1.51094 0.65836 0
54.2165 5.50513 1.15744 2.09585 5.0536 1.81608 117871 0 1.63648 0.655075 0
19.0215 37.9166 1.81581 2.11856 4.75638 1.6432 165029 0 1.61021 0.645305 0
15.1581 67.6618 2.29767 2.10546 4.69098 1.83051 208541 0 -1.5583 0.643566 0
-32.5183 39.1206 0.753764 1.99614 4.51584 1.44428 166740 0 1.9039 0.642343 0
41.1135 26.9773 1.5748 0.822141 0.8138 1.70439 149186 0 -3.05752 0.638766 1
31.2107 27.4296 1.39025 2.05753 4.70637 1.47552 149623 0 1.59969 0.634502 0
-53.9183 47.5832 0.5925 1.91156 4.20641 1.50822 178841 0 -1.20146 0.626494 0
23.8725 20.624 1.18186 1.98736 4.41685 1.46622 139772 0 0.0825649 0.626446 0
30.8867 18.7808 1.13593 1.89363 4.51132 1.41987 136986 0 -1.50614 0.625966 0
18.4264 31.8238 1.40571 2.05644 4.62079 1.53389 156135 0 1.60864 0.625177 0
-47.5323 9.71593 -0.0986364 2.21095 5.09199 1.91311 123637 0 -1.26744 0.624685 0
31.5396 35.7629 1.66224 2.08199 4.83063 1.66293 161792 0 1.62138 0.624034 0
-48.1411 7.20402 -0.522113 2.01426 4.47565 1.58513 119891 0 -1.27932 0.623722 0
-44.2868 58.3809 1.15458 2.12928 4.57556 1.65496 194783 0 -1.29384 0.617854 0
-62.2562 11.6786 -0.54391 1.91163 4.27838 1.57244 126399 0 1.90897 0.6112 0
-46.2623 56.1099 0.723235 1.98165 4.41068 1.52704 191501 0 -1.27876 0.609205 0
-5.29512 44.2541 2.00929 2.09744 4.71386 1.72361 174313 0 -1.56004 0.601372 0
-32.1591 42.0843 1.07296 1.97906 4.50407 1.69221 170953 0 1.89228 0.590039 0
19.0452 40.7937 1.87714 2.06115 4.77814 1.50276 169241 0 1.6366 0.589485 0
-19.6836 35.3423 1.12877 2.07784 4.67043 1.56569 161164 0 -1.15011 0.585378 0
13.319 43.9933 1.79429 2.01764 4.52988 1.65253 173903 0 -1.53864 0.584161 0
-40.1128 17.1641 0.0791371 1.96787 4.29817 1.78095 134424 0 1.81365 0.584155 0
-47.2041 12.3135 -0.451835 1.96093 4.3906 1.58204 127382 0 -1.23139 0.578993 0
-64.1464 7.12406 -0.609001 2.10043 4.67239 1.7097 119841 0 -1.3048 0.573874 0
1.07419 43.687 1.70643 1.97712 4.48506 1.51103 173397 0 1.51898 0.564136 0
-28.6231 9.20248 -0.0309856 2.02068 4.47778 1.56573 122760 0 -1.32739 0.562795 0
-46.5486 14.9018 -0.195606 1.96248 4.23376 1.58145 131128 0 -1.23898 0.562514 0
33.1166 56.789 1.91166 1.95929 4.3727 1.56846 192685 0 -1.58797 0.557577 0
15.0969 -4.40267 0.653354 0.682299 0.778844 0.898563 103241 0 -1.33441 0.553203 1
-24.4819 22.3014 0.599797 2.00886 4.47204 1.55228 141961 0 -1.37224 0.550744 0
41.1092 27.3809 1.47263 0.684067 0.74719 1.41106 149654 0 -2.84741 0.548587 1
37.2588 30.1984 1.75232 2.54924 5.939 1.96202 153854 0 -1.50565 0.548222 0
-28.9547 9.38348 -0.0378835 2.08077 4.63153 1.57055 123227 0 -0.502546 0.531061 0
-42.3828 9.45978 -0.292033 2.06199 4.59492 1.51997 123185 0 1.8419 0.53033 0
-45.6298 17.8188 -0.107503 2.04002 4.57967 1.69953 135343 0 -1.25338 0.526036 0
-5.92612 31.8901 1.69592 2.14849 4.9248 1.52381 156059 0 -1.53681 0.52549 0
41.1109 26.832 1.55964 0.786855 0.752454 1.69497 148718 0 -3.05886 0.525291 1
17.7483 28.6696 1.36021 1.98831 4.62039 1.47914 151453 0 1.59287 0.515266 0
-69.2636 5.23634 -0.536336 2.05807 4.60827 1.71455 117017 0 1.94382 0.514914 0
24.0674 20.6028 1.16625 2.07791 4.52479 1.50825 139773 0 -0.636495 0.514221 0
-27.337 17.5004 0.552584 2.08536 4.65274 1.80071 134932 0 1.75363 0.513794 0
-4.31551 58.9744 2.2689 1.97428 4.52472 1.65062 195844 0 -1.51223 0.504574 0
-38.2384 22.5041 0.35757 2.12008 4.72793 1.86215 142386 0 1.83443 0.500996 0
19.0377 46.5528 2.0785 1.98309 4.45927 1.55124 177665 0 1.61436 0.494524 0
28.3015 -5.54068 0.662456 0.741552 0.816735 1.3518 101410 0 -1.61751 0.493505 1
15.0028 -4.40019 0.719705 0.688998 0.790843 1.06979 103240 0 -0.629534 0.488292 1
54.223 8.23161 0.982581 1.90658 4.43427 1.49771 121615 0 1.68912 0.483425 0
31.8574 44.9782 1.92241 1.99756 4.44868 1.51642 175365 0 -1.57218 0.478012 0
4.60468 40.0365 1.80618 0.82353 0.713059 1.71724 168260 0 -0.0213335 0.471323 1
-44.0189 23.1743 0.201995 2.00127 4.48178 1.64597 143304 0 -1.23905 0.465191 0
36.948 26.9518 1.37752 2.11363 4.93874 1.51016 149173 0 1.69352 0.451292 0
37.2741 26.8093 1.39393 2.099 4.9457 1.51785 148706 0 1.39147 0.444048 0
14.1587 -3.80386 0.97849 0.880879 1.0159 1.90599 104174 0 1.67185 0.443078 1
-3.35545 64.7629 2.37709 2.1263 4.78037 1.63917 204271 0 -1.42965 0.434604 0
15.8974 -7.09237 0.766527 0.765002 0.857564 1.59085 99031 0 1.6578 0.425861 1
31.4787 27.5698 1.37713 2.02573 4.75261 1.47635 150092 0 -0.944354 0.422144 0
-6.53294 32.061 1.69327 2.3016 5.32319 1.53956 156525 0 1.61566 0.420052 0
33.4184 53.9843 1.86981 1.89299 4.24032 1.46785 188474 0 -1.55592 0.416804 0
1.73161 52.6236 1.94107 1.94288 4.33922 1.58807 186503 0 1.56372 0.412961 0
37.6014 44.616 2.06923 2.03543 4.67044 1.57124 174915 0 1.60906 0.410289 0
42.8195 56.2038 2.15763 0.800407 0.792127 1.72408 191779 0 0.0781104 0.406412 1
60.9401 22.2454 1.62218 2.12169 4.74014 1.59634 142228 0 -3.06914 0.404159 0
18.7301 43.3727 1.98755 2.04098 4.60404 1.55875 172984 0 1.62349 0.399156 0
54.8538 23.161 1.54925 2.07506 4.61851 1.68207 143613 0 3.09634 0.39877 0
-29.2434 9.4495 -0.0533344 2.07561 4.64707 1.57337 123226 0 1.62224 0.397632 0
32.4612 35.7614 1.68635 2.22853 5.36456 1.80048 161795 0 -1.54821 0.397196 0
11.706 -6.04314 0.780451 0.814655 0.879207 1.62108 100890 0 -2.29295 0.396056 1
28.3886 -5.34086 0.7441 0.914716 0.959146 1.61225 101878 0 -1.50703 0.396042 1
23.8434 21.2412 1.25304 1.90001 4.13789 1.41357 140708 0 -3.10444 0.395532 0
42.9413 56.1911 2.15288 0.829382 0.855339 1.74203 191780 0 0.140522 0.393166 1
2.08282 55.2286 2.25893 2.20336 4.88203 1.92562 190248 0 1.52964 0.390296 0
-5.27274 68.2864 2.5431 2.12304 4.85125 1.63222 209413 0 -1.3789 0.388653 0
14.8613 73.7803 2.24128 1.983 4.46735 1.62428 217432 0 -1.59438 0.387083 0
-5.28397 59.029 2.23685 1.91193 4.38422 1.62436 195841 0 1.64181 0.386714 0
28.2206 -6.26243 0.7874 0.971725 1.20661 1.73808 100474 0 -1.57144 0.383198 1
-59.9993 17.4337 -0.117403 2.07874 4.70673 1.79018 134830 0 -1.23025 0.382741 0
41.1007 27.5539 1.42844 0.657501 0.728041 1.31867 150122 0 -2.29044 0.381764 1
-18.0638 37.9225 1.21621 2.26724 5.37975 1.86952 164913 0 -1.18345 0.380729 0
-5.30536 28.9507 1.51792 2.05032 4.73175 1.55537 151849 0 -1.45924 0.379106 0
-34.7215 33.4828 0.706098 1.99415 4.55221 1.5535 158309 0 1.74098 0.378838 0
15.1015 -4.51272 0.59218 0.659587 0.735491 0.844738 102773 0 -1.17123 0.378541 1
-35.3606 30.5337 0.447325 1.86313 4.23783 1.46864 154095 0 1.76297 0.357251 0
-36.2955 30.8754 0.564668 1.9659 4.37103 1.53422 154560 0 1.75223 0.354481 0
14.5659 74.0462 2.14968 1.95199 4.35126 1.55614 217899 0 -1.69329 0.352396 0
-34.3028 6.09745 -0.204693 0.845264 0.906071 1.6899 118530 0 -1.26396 0.352236 1
54.2464 28.9445 1.6281 2.07783 4.69376 1.67105 152035 0 -1.63759 0.350874 0
-47.45 12.0747 -0.383394 2.04039 4.57465 1.59747 126913 0 -1.25225 0.350432 0
28.0132 -6.02851 0.763176 0.971975 1.03086 1.60097 100941 0 -1.57155 0.349475 1
-35.3363 33.7676 0.646988 2.02756 4.61276 1.57078 158775 0 1.91513 0.346217 0
49.4341 23.5274 1.18766 1.92611 4.36865 1.51853 144064 0 1.55226 0.344821 0
18.998 31.6388 1.43937 2.12167 4.79124 1.54958 155669 0 1.58057 0.343717 0
-61.975 11.4233 -0.52178 1.64498 3.51922 1.49128 125932 0 1.92553 0.342983 0
51.7219 46.2611 1.86168 1.96914 4.40847 1.49912 177299 0 -1.43592 0.342776 0
-67.3806 11.0642 -0.672112 1.94236 4.28984 1.52824 125447 0 -1.15939 0.339158 0
17.4638 28.3933 1.37699 1.99388 4.54149 1.48303 150984 0 1.60041 0.337519 0
1.45548 55.4915 2.35549 2.32459 5.37682 1.9881 190714 0 -1.57221 0.336949 0
14.895 70.5468 2.22523 2.00338 4.4848 1.6034 212752 0 -1.55657 0.336555 0
-31.5611 41.8178 1.06365 1.84964 4.01015 1.60501 170487 0 1.8952 0.335712 0
-38.8254 19.4632 -0.0233574 1.77062 4.16205 1.51472 137704 0 1.83534 0.334387 0
9.3034 -6.2561 0.802536 0.928423 0.857771 1.66936 100415 0 2.11994 0.333795 1
19.9858 40.7988 1.89322 1.94401 4.25614 1.48207 169244 0 1.60846 0.333115 0
15.9247 -6.69148 0.761575 0.86423 0.943342 1.72732 99967 0 1.78061 0.333018 1
14.9876 -4.50842 0.695121 0.660618 0.753805 1.01954 102772 0 -0.724594 0.332138 1
14.5586 74.3891 2.29305 1.97833 4.75819 1.61892 218367 0 -1.81714 0.329791 0
-4.6464 49.7476 1.98803 2.04972 4.69941 1.67566 182271 0 -1.60496 0.329258 0
23.628 20.9355 1.19986 1.81867 4.04739 1.41565 140239 0 0.0194272 0.32562 0
-62.4953 11.4441 -0.546737 2.01264 4.50206 1.62349 125930 0 1.92355 0.325508 0
27.8077 -6.2131 0.782743 0.817169 0.928319 1.64108 100472 0 -1.56115 0.321674 1
32.1413 44.6954 1.86031 1.95352 4.43287 1.51014 174898 0 -1.5457 0.320235 0
11.8653 -6.2225 0.76094 0.820356 0.92018 1.647 100423 0 -2.05128 0.317705 1
-3.69545 55.8245 2.03404 1.99357 4.47052 1.5512 191166 0 -1.5934 0.314922 0
32.8219 54.1737 1.90167 1.87524 4.17584 1.41451 188940 0 -1.58279 0.312572 0
21.2759 55.197 2.21808 2.02748 4.48592 1.64783 190308 0 1.64491 0.312038 0
-62.0051 11.9086 -0.550157 1.91087 4.13958 1.56806 126868 0 1.94258 0.309307 0
15.1797 70.2906 2.23639 2.04401 4.59958 1.66296 212285 0 -1.55283 0.309154 0
38.8768 38.5599 1.92303 1.98176 4.37965 1.59943 166027 0 1.61328 0.305718 0
50.7219 37.8938 1.78974 1.90129 4.34053 1.47554 165128 0 -1.53151 0.300903 0
-0.543396 19.7778 1.29637 1.99695 4.66274 1.63441 138292 0 1.63423 0.29678 0
-0.162239 25.8881 1.34937 2.019 4.59996 1.50836 147185 0 1.58317 0.296376 0
-4.32563 49.4901 1.93863 1.99526 4.59968 1.65131 181804 0 -1.57846 0.295327 0
52.9735 49.1218 2.07638 1.94583 4.3273 1.6034 181515 0 -1.46931 0.295225 0
1.36596 43.9656 1.71725 1.87202 4.15247 1.48055 173866 0 1.62325 0.293973 0
37.9236 38.5902 1.79502 2.02545 4.56232 1.55235 166024 0 1.6496 0.291815 0
-16.277 -14.5768 0.347376 0.862783 0.874895 1.68002 88167 0 -1.77082 0.291652 1
38.2441 38.8576 1.8915 2.0177 4.47273 1.58201 166493 0 1.6089 0.291438 0
-19.0432 38.2018 0.952182 2.10839 4.71907 1.58301 165378 0 -1.22272 0.291231 0
28.8271 -5.16435 0.782572 0.970663 0.980686 1.68379 101880 0 0.643089 0.290296 1
-34.7259 30.2842 0.488315 1.85133 4.14778 1.44957 153629 0 -1.40418 0.289953 0
-46.9593 12.5624 -0.439969 1.90703 4.17786 1.56112 127851 0 -1.21666 0.288585 0
38.8827 35.3602 1.87694 2.00514 4.46389 1.59545 161347 0 1.62128 0.288492 0
51.6758 37.913 1.77618 1.99852 4.48604 1.58552 165131 0 -1.55857 0.288169 0
38.5434 44.6405 2.19262 2.01205 4.52017 1.60054 174918 0 1.60735 0.286431 0
-6.87175 26.1616 1.54853 2.13972 4.99403 1.72158 147632 0 1.59445 0.282977 0
12.9028 29.5046 1.4136 2.00017 4.73472 1.4877 152842 0 -1.54357 0.281976 0
49.1265 23.7832 1.17452 1.94907 4.42269 1.50673 144531 0 1.57125 0.281449 0
14.1888 -4.25188 0.925912 0.826404 1.00172 1.85996 103238 0 -1.48868 0.281023 1
-47.5989 7.11265 -0.421063 1.74833 3.89233 1.52024 119893 0 -1.25742 0.277142 0
11.71 -6.43167 0.753255 0.883425 0.965953 1.67219 99954 0 -0.347775 0.277049 1
18.3641 28.6924 1.36207 2.03367 4.74958 1.48596 151455 0 -1.42405 0.276309 0
-53.9526 48.0545 0.627938 2.22435 4.9508 1.63195 179777 0 -0.961334 0.275311 0
-17.4758 37.6375 1.41898 2.19402 4.96728 1.85086 164447 0 -2.09525 0.274715 0
-35.7068 30.8172 0.513481 1.86755 4.11644 1.47568 154562 0 1.84029 0.274471 0
-5.85419 44.0758 1.9646 2.13624 4.92652 1.74437 173843 0 -1.51841 0.272945 0
-37.3196 22.226 0.317354 2.11617 4.75345 1.8821 141921 0 1.80265 0.272701 0
46.5364 -27.7171 -0.0163704 1.98974 4.54058 1.64579 69175 0 -1.4993 0.27256 0
13.941 73.7873 2.03555 1.85596 4.28126 1.46508 217429 0 -1.58336 0.272465 0
-23.9176 22.5266 0.565759 2.0367 4.59693 1.60815 142431 0 -1.40097 0.271936 0
36.684 44.6669 2.01413 1.92968 4.39929 1.54532 174912 0 1.58457 0.271738 0
49.7498 23.2141 1.20893 1.94132 4.35229 1.51017 143597 0 1.54307 0.271049 0
55.145 22.9066 1.56702 2.09323 4.70773 1.66697 143146 0 3.09439 0.27064 0
49.4442 20.3067 1.47899 1.99935 4.49232 1.5843 139384 0 -1.6361 0.267776 0
40.9242 26.9934 1.57183 0.802948 0.743588 1.61229 149185 0 -2.9485 0.26608 1
55.1872 28.9747 1.6116 2.09825 4.70327 1.77189 152038 0 -1.61386 0.26342 0
-3.70858 49.7469 1.96287 2.01702 4.59816 1.70191 182274 0 -1.56105 0.263045 0
51.0327 37.6442 1.7759 1.86934 4.23436 1.48801 164661 0 -1.53148 0.262027 0
-25.0746 22.5088 0.598843 2.04476 4.52707 1.52576 142427 0 -1.41649 0.261417 0
-26.7908 17.6942 0.566099 2.11013 4.79336 1.75298 135402 0 1.74278 0.261294 0
-44.1063 20.3492 -0.108953 1.76358 3.74827 1.5072 139092 0 -1.27964 0.260489 0
38.5745 38.271 1.87154 1.97331 4.3744 1.57264 165558 0 1.65348 0.257517 0
-27.3844 17.9861 0.565997 2.13516 4.74893 1.77706 135868 0 1.77333 0.257366 0
20.9797 55.4696 2.20373 1.96202 4.31131 1.60057 190775 0 1.63243 0.257007 0
51.3916 46.5466 1.88385 1.87926 4.12776 1.46284 177766 0 -0.955128 0.25579 0
38.2135 44.4024 2.07068 1.9002 4.35135 1.5395 174449 0 1.62909 0.254967 0
-27.054 17.2127 0.550674 2.01709 4.47456 1.78601 134465 0 1.70075 0.25445 0
1.47336 52.8903 1.99839 2.00337 4.56201 1.66873 186970 0 1.55598 0.252096 0
28.8286 -5.07127 0.792399 0.889619 0.954708 1.65367 102348 0 -0.192283 0.251998 1
-41.6602 11.7193 -0.219018 2.08755 4.88868 1.60373 126463 0 1.8933 0.251186 0
14.1266 -3.05611 0.787928 0.770667 0.903603 1.64738 105110 0 -0.733251 0.25054 1
45.9344 -30.3 -0.289594 1.96563 4.40117 1.60838 65429 0 -1.43012 0.250255 0
40.9286 27.3685 1.47579 0.707419 0.744406 1.34899 149653 0 -2.58665 0.249941 1
-44.9732 58.6591 1.05401 2.43441 5.7115 1.8834 195249 0 -1.27864 0.24972 0
28.2682 -6.48932 0.753554 0.771826 1.13715 1.56611 100006 0 -1.5138 0.249514 1
49.1358 20.0375 1.47027 2.02532 4.5942 1.56469 138915 0 -1.59386 0.249345 0
30.9064 38.9336 1.78347 1.87198 4.34471 1.53035 166470 0 1.49362 0.249334 0
28.1302 -5.57494 0.643238 0.723036 0.7803 1.27173 101409 0 -1.49976 0.249119 1
-27.9203 17.7632 0.508456 2.18769 4.93255 1.85646 135398 0 1.78953 0.249071 0
24.1048 20.0822 1.13041 2.19119 4.93827 1.63334 138837 0 0.028465 0.248682 0
-4.3185 58.4835 2.17351 1.83327 4.19872 1.59272 194908 0 -1.47638 0.246476 0
-32.711 42.3491 1.05134 2.29997 5.64852 1.89369 171419 0 1.89231 0.245585 0
-46.858 56.3924 0.699246 2.16752 4.98481 1.63081 191967 0 -1.27069 0.244852 0
32.2108 56.8001 1.91074 1.93774 4.40318 1.50289 192682 0 -1.47654 0.244852 0
20.9948 54.9252 2.1843 1.95255 4.33492 1.61408 189839 0 1.67455 0.24454 0
53.2466 48.8255 2.08916 2.07775 4.64985 1.70863 181048 0 -1.39752 0.244451 0
30.8831 21.394 1.19098 1.69216 3.9616 1.37163 140730 0 -1.47974 0.240979 0
28.2693 -5.95397 0.719361 0.941984 1.04611 1.56929 100942 0 -1.63652 0.240463 1
14.0344 -3.05129 0.777223 0.75193 0.878231 1.61841 105109 0 -2.9839 0.239593 1
37.3479 34.7881 1.61498 0.807777 1.12121 1.60836 160406 0 0.398734 0.239537 1
2.03703 52.3666 1.89036 1.92116 4.26571 1.55919 186036 0 1.88865 0.239277 0
-67.9348 11.0662 -0.655295 2.14903 4.88062 1.64485 125445 0 -1.17774 0.23924 0
-20.2483 35.4284 1.21562 2.15602 4.83972 1.62927 161162 0 -1.14918 0.238636 0
-69.0129 5.50857 -0.5728 2.01657 4.44242 1.68252 117486 0 2.11702 0.238291 0
-3.98815 55.579 2.08123 2.01968 4.53668 1.58216 190697 0 -1.60486 0.237997 0
-4.93058 58.7937 2.23647 1.78117 4.15543 1.577 195374 0 1.56988 0.236819 0
13.8168 46.9064 1.82716 2.23738 5.32285 1.78712 178117 0 -1.52617 0.236802 0
-36.0323 31.1254 0.595477 1.91721 4.19514 1.51323 155029 0 1.90574 0.236524 0
31.5874 38.665 1.83334 1.73748 3.89552 1.54098 166004 0 -1.49195 0.236462 0
1.08633 70.5684 3.09242 2.51361 5.96705 2.16523 212709 0 -3.11438 0.236385 0
-46.0042 14.8303 -0.259229 1.95181 4.20484 1.58789 131130 0 -1.21843 0.23623 0
19.6539 40.5765 1.91586 1.98283 4.38342 1.47452 168775 0 1.62978 0.235479 0
-47.9347 7.4083 -0.486995 1.77721 3.99684 1.52542 120360 0 -1.24468 0.235151 0
14.5855 70.8257 2.21827 1.95498 4.31273 1.55266 213219 0 -1.55725 0.235116 0
19.0123 32.0503 1.44068 2.20713 5.05832 1.59249 156605 0 1.60604 0.234678 0
-5.86122 41.015 1.79043 2.06387 4.58928 1.50688 169631 0 -1.57426 0.233743 0
0.829643 55.2414 2.56998 2.60211 6.68112 2.32181 190244 0 -1.61066 0.232972 0
-40.4981 34.1051 0.798402 1.93514 4.21761 1.54727 159227 0 -3.08249 0.232903 0
11.41 25.9029 1.33427 1.80694 4.32388 1.49591 147221 0 -1.4554 0.232853 0
-5.90136 29.2125 1.56137 2.12935 4.87621 1.59629 152315 0 -1.46257 0.231625 0
14.6496 67.4534 2.30058 1.79878 3.84534 1.68523 208071 0 -1.53709 0.231418 0
-68.7055 5.02198 -0.599012 1.66974 3.43102 1.57255 116551 0 1.91278 0.230726 0
38.888 37.9723 1.92735 1.97685 4.35189 1.58465 165091 0 1.66959 0.230626 0
28.5461 -5.53299 0.738603 0.845407 0.995342 1.46967 101411 0 -1.44913 0.229722 1
8.95501 -6.29999 0.794606 0.877299 0.886926 1.55353 100413 0 2.33329 0.228769 1
-4.65701 68.0629 2.51727 1.88201 4.2938 1.5619 208947 0 -1.40241 0.228662 0
-40.7738 34.3806 0.861087 2.02633 4.48568 1.59856 159694 0 3.05509 0.228235 0
54.6298 22.6172 1.50517 2.02775 4.66219 1.64603 142676 0 3.10129 0.228168 0
11.4054 -2.93443 0.740943 0.744459 0.862104 1.55264 105101 0 2.09161 0.228143 1
-5.26073 49.4753 2.04576 2.06112 4.67808 1.67298 181801 0 -1.58457 0.227347 0
31.2333 45.1945 2.0051 2.06271 4.66774 1.53814 175831 0 -1.55077 0.226919 0
32.4359 45.2077 1.96201 2.07259 4.70178 1.57188 175835 0 -1.59719 0.226667 0
42.8061 56.3702 2.18195 0.865202 0.927464 1.76771 192247 0 0.0692679 0.226512 1
51.6608 46.8362 1.91942 2.12321 4.73503 1.59447 178235 0 -1.18235 0.226408 0
49.4529 22.8999 1.20984 1.93869 4.40485 1.52326 143128 0 1.51632 0.226255 0
18.426 43.1117 1.95812 1.96348 4.4279 1.5164 172515 0 1.62695 0.225563 0
38.5832 35.6476 1.85466 1.99703 4.44429 1.57866 161814 0 1.57519 0.225354 0
19.9336 46.5693 2.10459 2.14577 4.91721 1.69053 177668 0 -1.53092 0.224993 0
54.0342 11.3402 1.26567 1.7623 3.85837 1.50273 126294 0 1.63248 0.224847 0
-48.5671 4.54326 -0.413414 1.81112 3.79735 1.54644 116146 0 -1.25236 0.223985 0
42.9441 56.3649 2.19701 0.868678 0.980311 1.77658 192248 0 0.230951 0.223398 1
53.2463 49.4072 2.10826 2.07487 4.66721 1.70353 181984 0 -1.58074 0.223148 0
-2.74921 64.5454 2.31423 1.97624 4.49649 1.63672 203805 0 -1.42417 0.223006 0
61.6115 27.6725 1.63738 2.05064 4.56366 1.72045 150186 0 0.0814028 0.22204 0
2.68449 55.4878 2.19341 2.24953 4.70429 1.90701 190718 0 1.48361 0.220818 0
-54.4672 47.8316 0.573361 2.26236 5.48952 1.75359 179307 0 -1.19412 0.220785 0
-4.31903 50.0047 2.01563 2.04031 4.66221 1.69416 182740 0 -1.58614 0.220622 0
23.6185 21.2437 1.22902 1.7827 3.97977 1.40059 140707 0 -2.05695 0.220389 0
21.283 67.0581 2.37353 2.06088 4.61927 1.68773 207624 0 1.67999 0.220309 0
-6.23322 22.9004 1.34975 2.00202 4.68016 1.51428 142954 0 -1.53916 0.21988 0
52.6617 49.4054 2.04713 1.86217 4.08837 1.54826 181982 0 -1.51923 0.219325 0
54.5577 25.7754 1.34933 1.98393 4.48408 1.53744 147356 0 -1.60297 0.218327 0
19.6195 31.8288 1.38468 2.17942 4.9933 1.60088 156139 0 1.58745 0.217703 0
20.9566 52.3501 2.44037 2.28578 5.34754 1.98015 186095 0 1.57319 0.216916 0
15.1678 73.5135 2.31349 2.05574 4.63895 1.73493 216965 0 -1.54517 0.216621 0
25.1455 21.8973 1.29278 2.02092 4.40419 1.5146 141648 0 -1.63878 0.215809 0
48.4987 20.347 1.35232 2.08792 4.73315 1.63924 139381 0 1.52788 0.215564 0
-4.27645 64.8619 2.41416 2.02835 4.5701 1.68035 204268 0 1.638 0.215391 0
28.0802 -6.46616 0.800668 0.86501 1.32329 1.66054 100005 0 -1.58642 0.214944 1
-5.54106 40.5901 1.71462 1.96896 4.42946 1.48907 168696 0 -1.51287 0.214466 0
39.1822 35.0663 1.87473 2.03717 4.57307 1.62106 160880 0 1.65751 0.214147 0
1.19513 52.3733 2.05654 2.13924 4.97971 1.77104 186033 0 1.5183 0.214078 0
-47.1379 15.1393 -0.212265 2.20388 4.96164 1.67522 131594 0 -1.22588 0.212958 0
32.1497 44.3708 1.84179 1.91031 4.3055 1.51095 174430 0 -1.47759 0.212839 0
49.4398 19.7334 1.48551 2.00097 4.49796 1.57472 138448 0 -1.601 0.212811 0
49.7893 37.9345 1.72199 1.89219 4.29897 1.47349 165125 0 -1.54697 0.212669 0
-3.99185 56.0972 2.09177 2.03249 4.5502 1.63086 191633 0 -1.53716 0.212332 0
-34.3892 33.1963 0.668115 1.99992 4.54812 1.54937 157842 0 1.48879 0.212223 0
1.13495 44.2219 1.71266 2.08832 4.77154 1.57297 174333 0 1.59042 0.211862 0
27.2231 8.45055 1.07469 0.858632 0.988113 1.68992 121999 0 0.22842 0.211768 1
48.4893 23.5437 1.12315 1.93478 4.39963 1.53006 144061 0 1.53116 0.210959 0
-5.32452 31.6415 1.68201 2.00571 4.73074 1.56643 155593 0 -1.47068 0.210246 0
14.9275 64.2892 2.0907 2.02462 4.68185 1.57129 203392 0 -1.4082 0.210095 0
18.4434 41.0446 1.82197 2.00273 4.60282 1.48422 169707 0 1.6489 0.209947 0
-24.465 22.7805 0.603642 2.06718 4.58151 1.56538 142897 0 -1.46525 0.209791 0
14.3398 58.3807 1.99732 1.7259 3.80182 1.39134 194966 0 -1.38659 0.2086 0
12.0796 29.0241 1.42777 1.7829 4.03192 1.45828 151903 0 -1.44373 0.207526 0
-54.19 47.2836 0.542995 1.9726 4.48263 1.54774 178372 0 -1.30775 0.207185 0
-4.71305 44.1023 1.93065 2.14322 5.07848 1.82475 173847 0 -1.5758 0.207151 0
50.4022 38.1766 1.77357 1.92944 4.33097 1.4911 165595 0 -1.54035 0.206747 0
51.3658 46.8635 1.91732 1.99757 4.42298 1.5354 178234 0 0.597258 0.20666 0
49.1227 20.602 1.48836 2.02561 4.50298 1.59117 139851 0 -1.66975 0.206551 0
-47.2421 -11.3873 -0.969522 1.98261 4.42469 1.56118 92750 0 -3.08624 0.206144 0
41.3308 27.351 1.4647 0.68832 0.720139 1.48735 149655 0 3.13728 0.2061 1
4.34109 56.7833 2.20328 2.1131 4.64304 1.79972 192595 0 2.98119 0.205952 0
69.177 2.64842 0.897701 0.79314 0.850882 1.66284 113706 0 -1.1274 0.205734 1
48.7823 20.5874 1.44764 2.11264 4.72837 1.64123 139850 0 -1.91001 0.205613 0
14.8445 74.7237 2.37481 2.203 5.31964 1.76534 218836 0 -1.79403 0.205606 0
50.163 34.8163 1.75472 1.81676 4.129 1.53032 160446 0 -1.54161 0.204462 0
39.5107 53.3048 1.87992 1.96169 4.47307 1.52745 187557 0 1.65052 0.20428 0
35.6135 6.45898 1.15279 0.795996 0.901046 1.73606 119217 0 1.6045 0.204259 1
51.3701 38.1789 1.78037 1.9671 4.40334 1.55102 165598 0 -1.59167 0.204197 0
21.295 54.6042 2.2111 1.99883 4.40078 1.6619 189372 0 1.71641 0.203661 0
31.4439 18.9097 1.12616 1.9484 4.5547 1.47466 137456 0 -1.49328 0.203329 0
-34.3678 5.25478 -0.263429 0.767169 0.803434 1.49961 117126 0 -1.38969 0.203313 1
0.704369 31.612 1.74202 1.89194 4.1272 1.80774 155612 0 1.6384 0.202616 0
-3.36945 49.4722 1.97058 2.02719 4.5832 1.68026 181807 0 -1.52053 0.20228 0
36.4007 30.2273 1.72139 2.19094 4.99697 1.82234 153851 0 -1.46917 0.201848 0
12.7358 46.9206 1.77559 1.65842 3.42754 1.40966 178113 0 -1.52579 0.201644 0
-35.9954 34.0632 0.677481 2.03892 4.51094 1.59839 159241 0 1.98892 0.201469 0
53.6742 8.40035 0.976179 1.80833 4.07606 1.45838 122081 0 1.66826 0.201369 0
37.3219 38.8561 1.69515 1.97262 4.46 1.52521 166490 0 1.61655 0.200971 0
18.6896 28.9008 1.40802 1.98072 4.50156 1.51011 151924 0 -1.55253 0.200892 0
-46.6207 12.0218 -0.447999 1.75996 3.85911 1.51662 126916 0 -1.22876 0.200354 0
-48.7156 7.24141 -0.483102 2.31874 5.27775 1.80327 119889 0 -1.30114 0.200198 0
14.5855 73.5435 2.19638 1.86399 4.17563 1.55301 216963 0 -1.55794 0.199492 0
30.3373 18.9284 1.13076 1.83364 4.3364 1.43421 137452 0 -1.53646 0.199439 0
61.6813 28.667 1.64518 2.04582 4.54239 1.72432 151590 0 -3.05906 0.199187 0
37.3582 34.9736 1.6306 0.856517 1.44823 1.61473 160874 0 1.26095 0.19905 1
-25.4065 22.5492 0.613988 2.05302 4.58628 1.51666 142426 0 -0.534602 0.19839 0
13.0377 43.7492 1.81026 1.88141 4.04448 1.61489 173434 0 -1.51554 0.197978 0
37.856 26.7557 1.37022 2.04995 4.6873 1.52907 148708 0 -1.46668 0.197955 0
39.2078 53.5849 1.89404 1.93473 4.39645 1.54674 188024 0 1.6645 0.197736 0
13.0317 46.6815 1.73362 1.76926 3.9581 1.47655 177646 0 -1.50115 0.197487 0
-67.6696 11.6136 -0.700163 2.07866 4.71096 1.61249 126382 0 -1.12854 0.197271 0
12.7565 41.1146 1.91511 1.86323 3.95328 1.79322 169689 0 -1.53999 0.197149 0
30.6212 27.5911 1.39052 2.04871 4.71873 1.53901 150089 0 1.60148 0.19713 0
-63.275 6.8821 -0.63696 2.0603 4.44767 1.7441 119376 0 -1.2387 0.196932 0
19.3208 43.6012 2.05455 2.05706 4.6165 1.6216 173454 0 1.59062 0.196923 0
32.5369 56.5704 1.88385 1.9049 4.31573 1.49404 192215 0 -1.6366 0.196601 0
13.8344 43.7471 1.72833 2.18866 5.08327 1.78358 173437 0 -1.52037 0.196503 0
30.5986 44.9867 1.94379 1.93875 4.42442 1.52197 175361 0 1.55973 0.194431 0
14.8951 69.9866 2.22384 1.93021 4.21511 1.59207 211816 0 -1.52508 0.194304 0
15.1402 65.0074 2.1236 2.19471 5.05398 1.73275 204797 0 -1.54275 0.19421 0
-67.1171 11.3117 -0.717479 1.86605 4.10126 1.49994 125916 0 -1.13853 0.192883 0
-33.0923 39.4309 0.764971 2.0799 4.66453 1.56533 167206 0 1.90216 0.192663 0
-46.5396 52.9493 0.865788 2.06085 4.65124 1.57646 186820 0 1.96524 0.192329 0
48.8264 23.2294 1.11199 1.95379 4.35143 1.50228 143594 0 1.54261 0.192223 0
54.8785 26.0515 1.42188 2.00569 4.44434 1.56095 147825 0 -1.65701 0.192114 0
48.4747 21.9164 1.49527 2.03595 4.50473 1.61357 141721 0 -3.04209 0.191546 0
37.495 34.7934 1.65112 0.840494 1.40434 1.57874 160407 0 0.565255 0.190562 1
53.7095 5.37521 1.19346 1.88088 4.55778 1.65767 117401 0 1.64139 0.190452 0
50.3797 23.5108 1.25739 1.96339 4.37143 1.49082 144067 0 1.50607 0.189781 0
1.46545 54.9559 2.28293 2.29076 5.46847 2.01863 189778 0 -1.66454 0.189676 0
53.3446 28.9356 1.59822 2.025 4.55625 1.54635 152032 0 1.59417 0.189663 0
-36.6499 21.9917 0.315751 2.07083 4.71966 1.85564 141455 0 1.73326 0.189595 0
36.8922 21.1767 1.42231 2.10929 4.91639 1.59024 140749 0 1.61826 0.189583 0
21.2785 57.7742 2.45777 2.06329 4.55229 1.69255 194052 0 1.5864 0.189129 0
-4.64082 49.1742 1.97782 1.97768 4.52601 1.61537 181335 0 -1.56655 0.188737 0
20.962 58.0872 2.41429 2.0377 4.51722 1.64584 194519 0 1.59787 0.188654 0
-19.1294 35.2748 1.09583 2.12579 4.8098 1.62355 161166 0 -1.13397 0.188522 0
33.9973 54.2068 1.87763 2.13992 4.82347 1.65038 188944 0 -1.60066 0.188331 0
33.6977 57.0397 1.92625 2.16331 4.93139 1.7298 193155 0 -1.59242 0.187757 0
-24.1859 22.0148 0.576763 1.97684 4.41206 1.58937 141494 0 -1.32744 0.187238 0
37.5795 35.3533 1.63297 1.1981 2.64384 1.52159 161343 0 2.69561 0.187014 0
-45.8654 17.5433 -0.0938655 2.09435 4.73091 1.73013 134874 0 -1.2437 0.186932 0
9.57629 -5.10476 0.833668 0.887395 0.93738 1.78851 102287 0 -1.38656 0.18672 1
14.4987 -4.66577 0.840168 0.757779 1.01497 1.5892 102771 0 -1.30291 0.18661 1
38.5556 39.1386 1.94943 2.01309 4.46339 1.61163 166962 0 1.56259 0.186568 0
14.2602 74.7246 1.99964 1.92243 4.30351 1.60551 218834 0 -1.85252 0.186523 0
0.837738 70.8597 3.1248 2.30728 5.34375 2.01574 213176 0 2.5685 0.18606 0
-59.0873 17.1231 -0.237427 2.0559 4.63184 1.78655 134365 0 -1.23485 0.185574 0
16.0185 -7.10475 0.757663 0.839743 0.941395 1.67467 99032 0 1.62351 0.185216 1
-33.825 33.4089 0.807271 2.19239 4.99518 1.5869 158312 0 1.79899 0.184839 0
37.5242 35.009 1.646 0.889561 1.66709 1.58693 160875 0 -3.0845 0.184206 2
-38.0093 19.6794 0.0142983 2.05287 4.64088 1.58154 138175 0 1.80277 0.18403 0
31.1797 18.5115 1.11856 1.79146 4.17814 1.41333 136519 0 -1.50048 0.183902 0
11.4922 -6.21656 0.751256 0.840649 0.944492 1.63824 100421 0 -2.39932 0.183724 1
-5.93389 49.7285 2.07428 2.04546 4.66649 1.71395 182267 0 1.59243 0.18344 0
13.3919 38.034 1.7576 1.76037 3.79706 1.5426 165011 0 -1.51262 0.183244 0
-3.76945 58.7867 2.21672 2.07193 5.03069 1.78148 195378 0 -1.4836 0.183047 0
52.9743 49.7221 2.0715 1.98147 4.41385 1.62007 182451 0 -1.62029 0.182701 0
53.9407 29.1832 1.64181 1.99198 4.44588 1.56647 152502 0 -1.74651 0.182535 0
52.9868 48.517 2.05266 2.00021 4.41811 1.63199 180579 0 -1.27783 0.182451 0
14.1502 -3.29312 0.85746 0.823355 0.9579 1.74152 104642 0 1.53432 0.182403 1
-29.9319 63.2244 1.24923 1.98971 4.50023 1.6461 201848 0 -1.23815 0.182361 0
24.0664 21.5801 1.25781 2.05047 4.29399 1.35739 141177 0 -2.86918 0.182046 0
50.0562 23.7974 1.2681 1.93754 4.26726 1.52305 144534 0 1.5086 0.181757 0
39.8162 53.5788 1.94126 2.00505 4.51633 1.58127 188026 0 1.77988 0.181746 0
41.3266 27.0128 1.55445 0.785869 0.804492 1.68531 149187 0 3.02457 0.181056 1
-43.4403 23.1284 0.144694 2.01133 4.47269 1.69106 143306 0 -1.26195 0.180675 0
53.9712 7.93918 1.004 1.67213 3.82645 1.42978 121146 0 1.71343 0.180492 0
2.07748 55.7505 2.29051 2.32718 5.05274 1.94259 191184 0 1.60201 0.180085 0
48.7846 21.9075 1.48731 2.07711 4.6198 1.63386 141722 0 -2.75424 0.179922 0
20.9601 67.338 2.35116 2.00114 4.50129 1.66095 208091 0 1.74442 0.179801 0
22.2201 67.0463 2.38561 2.01546 4.5492 1.64897 207627 0 1.70184 0.179382 0
-29.1975 9.24108 -0.0559236 2.04513 4.62157 1.58184 122758 0 -0.933193 0.178598 0
-36.5665 30.6053 0.571815 2.06322 4.57966 1.56758 154091 0 1.65689 0.17853 0
31.4944 27.1541 1.40122 1.96989 4.51537 1.46465 149156 0 -1.50463 0.178279 0
-40.7746 33.1273 0.646088 1.95591 4.37866 1.53289 157822 0 -2.58278 0.177617 0
37.6318 38.3058 1.68088 1.94081 4.41134 1.49634 165555 0 1.66308 0.177602 0
-27.1239 14.754 0.364811 2.33642 5.67026 1.96404 131189 0 1.80694 0.17677 0
36.9949 44.3835 1.91522 1.89392 4.2862 1.54066 174445 0 1.60492 0.176703 0
20.9497 37.2514 1.87608 0.787548 0.772237 1.60922 164099 0 1.22876 0.176614 1
50.105 37.6535 1.68723 1.83018 4.13807 1.42309 164658 0 -1.52928 0.176576 0
15.1594 74.3768 2.66168 2.26516 5.60265 1.93463 218369 0 -1.7396 0.17618 0
33.4494 54.4631 1.90352 1.9265 4.25579 1.49968 189410 0 -1.64976 0.17615 0
49.4544 20.916 1.53649 2.06659 4.59337 1.61655 140320 0 -1.68474 0.175944 0
-6.23176 49.4771 2.0495 2.08078 4.71424 1.7291 181798 0 1.5806 0.17593 0
-40.4953 33.4425 0.695608 1.97249 4.4287 1.53171 158291 0 -2.9575 0.175643 0
19.6329 37.705 1.8517 2.11204 4.73281 1.67584 164563 0 1.62492 0.175568 0
53.5292 49.122 2.12149 2.21751 5.04321 1.82178 181517 0 -1.51892 0.175308 0
7.64255 45.3721 1.72097 1.91974 4.27945 1.51208 175757 0 -0.0875431 0.175018 0
20.3021 41.0269 1.91327 1.97745 4.4134 1.52865 169713 0 1.58041 0.174847 0
-53.6855 47.2932 0.583043 1.66784 3.57768 1.41341 178374 0 -1.23343 0.17465 0
-49.6709 4.38122 -0.340459 2.42201 5.75077 1.94245 115674 0 -1.34538 0.174021 0
-38.2109 22.028 0.290705 1.89067 4.15163 1.79341 141450 0 1.79985 0.173936 0
-25.7354 22.5856 0.62137 2.04489 4.55698 1.51846 142425 0 1.60191 0.173847 0
32.505 55.533 1.9549 1.98567 4.22699 1.4889 190811 0 -3.08567 0.173814 0
-63.8452 6.67387 -0.569281 2.25989 4.87355 1.81131 118906 0 -1.29329 0.173591 0
-5.01069 29.2083 1.38704 1.99265 4.72738 1.51159 152318 0 -1.48311 0.173476 0
49.7275 22.6143 1.30429 2.00518 4.41719 1.52421 142661 0 1.52583 0.173433 0
51.962 37.6573 1.73792 2.09304 4.70057 1.64812 164664 0 -1.53478 0.173154 0
-36.3636 21.945 0.302236 2.09743 4.72334 1.84444 141456 0 2.07451 0.172933 0
51.953 46.8105 1.93151 2.23876 5.12078 1.6857 178236 0 -1.54836 0.172897 0
40.9116 27.5852 1.41347 0.704378 0.741749 1.23944 150121 0 -2.28086 0.172796 1
0.848633 43.1286 1.76362 2.0967 4.80079 1.60183 172460 0 1.39725 0.172766 0
-34.3508 5.6637 -0.220715 0.826984 0.86353 1.60037 117594 0 -1.23803 0.172737 1
12.3593 28.743 1.41724 1.81663 4.16982 1.47162 151436 0 -1.4557 0.172686 0
-46.2479 52.6509 0.86257 1.8178 3.99526 1.48154 186353 0 -1.09716 0.172627 0
-34.3634 5.04074 -0.267505 0.750522 0.769864 1.43195 116658 0 -1.85086 0.172207 1
-18.6387 23.109 0.830612 2.20411 5.20834 1.6685 143383 0 1.70238 0.172207 0
-40.7772 32.8016 0.599369 1.92656 4.44176 1.53969 157354 0 -0.489432 0.172147 0
1.73595 52.0712 1.91277 1.99276 4.42898 1.62086 185567 0 1.51183 0.171852 0
11.4139 -2.84807 0.771009 0.758171 0.911762 1.57828 105569 0 1.46159 0.171825 1
48.192 23.7853 1.127 1.98929 4.43818 1.57069 144528 0 1.56691 0.171609 0
-40.1524 17.6609 0.00455472 2.13879 4.58376 1.79087 135360 0 1.92999 0.171519 0
-4.04373 59.2361 2.32105 2.12085 4.88482 1.74445 196313 0 -1.52538 0.171332 0
-60.584 17.7139 -0.0717337 2.3128 5.48278 1.92055 135296 0 -1.22096 0.170998 0
31.7675 27.5768 1.37782 2.06425 4.88219 1.52262 150093 0 -1.51403 0.170813 0
-45.0332 17.7519 -0.128017 2.06076 4.64028 1.70574 135345 0 -1.23224 0.17041 0
14.0209 -4.25763 0.916815 0.841864 0.946059 1.87727 103237 0 -1.46851 0.170053 1
-59.6773 16.8924 -0.158937 1.96451 4.35917 1.76395 133895 0 -1.2264 0.17003 0
2.9939 55.2548 2.11025 2.0846 4.32575 1.75984 190251 0 1.493 0.169417 0
60.7492 21.6412 1.58807 1.99137 4.5785 1.53176 141291 0 -3.02941 0.169221 0
-41.0877 34.1092 0.82981 1.95972 4.30457 1.58362 159225 0 2.9205 0.169067 0
37.5859 35.6334 1.64468 1.78179 4.22169 1.50105 161811 0 1.57109 0.168821 0
-5.60001 43.7581 1.97273 2.16307 4.93056 1.77209 173376 0 -1.56252 0.168334 0
32.3958 39.107 1.89655 2.14746 4.91944 1.66311 166943 0 -1.50659 0.168127 0
-40.2135 34.3775 0.851646 2.00663 4.44545 1.58986 159696 0 -3.01262 0.167746 0
