44.267 -6.91089 1.44781 2.91531 7.72617 3.1887 99588 0 1.61145 0.970464 0
18.4158 11.7414 1.0516 2.1494 4.89317 1.53721 126651 0 1.64112 0.954972 0
-6.82025 11.3312 0.975039 2.00409 4.56174 1.47536 126104 0 -1.4788 0.938849 0
10.6782 12.7439 1.19752 2.23132 5.21106 1.89743 128031 0 -1.57785 0.936478 0
-22.2749 -3.71162 0.0644009 2.09552 4.6812 1.48191 104060 0 -1.82745 0.922523 0
-1.97585 11.0601 1.17815 2.0361 4.55857 1.78718 125651 0 1.61473 0.921251 0
-0.878799 17.1013 1.37229 2.10644 4.80601 1.84743 134547 0 1.63764 0.919856 0
30.8624 9.35293 1.15555 1.99636 4.51135 1.69863 123414 0 -1.46292 0.904799 0
48.7331 5.67021 1.15235 2.17959 5.05303 1.90234 117854 0 -1.47192 0.893402 0
10.6718 15.834 1.24202 2.2124 5.11416 1.85831 132711 0 -1.53489 0.887057 0
30.6317 15.9031 1.25474 1.99063 4.46482 1.7075 132773 0 -1.49639 0.886936 0
-18.7453 19.7294 0.985847 2.15273 4.72128 1.98937 138235 0 1.70809 0.886322 0
-20.6757 32.7201 1.17874 2.34148 5.47103 1.80352 157417 0 -1.17346 0.886115 0
36.0767 9.04897 1.03703 1.97536 4.49207 1.48528 122962 0 1.66808 0.883062 0
-19.0256 11.478 0.827863 1.99869 4.56104 1.7663 126066 0 1.68393 0.880283 0
17.3626 22.8457 1.49053 2.12311 5.01276 1.68752 143028 0 1.61733 0.877977 0
-6.55743 17.4852 1.09451 2.07167 4.78993 1.5425 134997 0 -1.52276 0.87542 0
48.4081 8.47564 1.00153 2.01287 4.63231 1.64963 122065 0 -1.47849 0.871476 0
13.2855 41.1316 1.89555 2.12917 4.93307 1.86592 169691 0 -1.50979 0.870623 0
7.82359 45.0464 1.65801 2.02264 4.50368 1.48427 175290 0 -0.0428031 0.865242 0
-34.1133 5.95989 -0.233659 0.791398 0.820976 1.61899 118063 0 -1.29686 0.857251 1
18.6357 15.4203 1.25003 2.23865 4.97303 1.71512 132268 0 1.62767 0.854905 0
-44.6663 -11.1072 -0.87288 2.05762 4.48988 1.73619 93226 0 0.0267465 0.852255 0
11.7132 22.2897 1.43333 1.92938 4.34038 1.72099 142074 0 -1.54302 0.848795 0
-42.1099 -11.6462 -0.834979 1.98917 4.39842 1.62852 92298 0 0.0485626 0.846428 0
15.79 -6.82658 0.825593 0.917248 0.995392 1.77473 99499 0 1.75168 0.845225 1
65.3566 -4.4181 0.901696 2.14969 4.74121 1.81087 103398 0 -1.15661 0.843848 0
-19.6867 8.03487 0.685109 2.00831 4.51844 1.5299 121384 0 1.62222 0.84184 0
-42.7808 5.9171 -0.281229 1.76654 3.83015 1.46827 118036 0 1.85932 0.841252 0
-0.441284 22.9039 1.43377 2.19219 5.17613 1.86972 142972 0 -1.48815 0.839938 0
-18.3917 14.0126 0.832537 2.09496 4.67794 1.84124 129812 0 1.76821 0.835716 0
11.3475 19.4281 1.16061 1.94967 4.50451 1.49434 137861 0 -1.60702 0.834528 0
-6.56051 20.2758 1.18753 2.10858 5.00842 1.4511 139209 0 -1.52949 0.833478 0
9.06866 -6.22895 0.802085 0.934188 0.906721 1.65717 100414 0 1.74641 0.817377 1
30.9389 12.2676 1.09038 1.8954 4.26737 1.48543 127626 0 1.61754 0.815627 0
-29.6531 6.61494 -0.136559 2.09906 4.81932 1.54866 119013 0 -1.27964 0.813739 0
13.8941 38.1454 1.72657 2.09702 4.84449 1.59532 165481 0 -1.49504 0.812937 0
17.6889 20.0019 1.21802 2.04579 4.76212 1.49021 138817 0 1.64247 0.810679 0
0.182762 31.7766 1.68773 2.23861 5.12298 1.90707 156078 0 1.63368 0.806585 0
31.1986 30.9558 1.38104 2.11615 4.89677 1.53463 154771 0 1.58206 0.805058 0
17.4384 25.7532 1.59066 2.23992 5.28799 1.70241 147240 0 1.61056 0.802217 0
0.125267 29.0119 1.37473 1.97507 4.48021 1.56065 151866 0 1.62784 0.800484 0
-54.958 -4.85033 -0.787935 2.04476 4.351 1.59922 102086 0 -1.5737 0.800207 0
-6.26688 14.4775 1.02595 2.02051 4.52815 1.48921 130786 0 -1.48786 0.798792 0
12.9709 32.3832 1.42873 2.09099 4.92749 1.49604 157054 0 -1.50116 0.798377 0
11.4292 26.1316 1.34487 1.89191 4.39058 1.49886 147689 0 -1.52186 0.792175 0
-36.5505 -11.6306 -0.709124 2.39524 5.31429 2.09943 92315 0 0.0441997 0.790239 0
26.9884 8.2514 1.15276 0.888656 0.956657 1.81073 121530 0 0.153094 0.789143 1
36.352 15.2783 1.20836 1.93399 4.43025 1.48232 131855 0 1.65348 0.771686 0
-1.16288 14.0304 1.10729 1.85468 4.16178 1.57166 129866 0 1.66937 0.769721 0
48.8413 11.6185 1.12425 2.00047 4.43093 1.74715 126746 0 -1.49082 0.764189 0
-18.4714 16.8825 0.666893 1.83036 4.0839 1.49461 134024 0 1.71634 0.763716 0
-0.15168 26.1477 1.34502 2.03143 4.67357 1.49324 147653 0 1.61218 0.760238 0
-18.1366 22.8611 0.829607 1.97358 4.41552 1.56632 142917 0 1.59697 0.759433 0
-27.6962 14.7819 0.3394 2.17857 4.8943 1.91429 131187 0 1.83404 0.7567 0
-41.1315 11.694 -0.289218 1.76751 3.95154 1.47591 126465 0 1.8367 0.754225 0
31.1588 27.5825 1.34474 2.14475 4.99615 1.47483 150091 0 1.63659 0.749306 0
14.1884 -4.83441 0.885585 0.849332 1.00709 1.78282 102302 0 -1.51196 0.74433 1
12.6305 29.2698 1.40973 1.98329 4.64911 1.48307 152373 0 -1.51112 0.743026 0
28.0769 -6.23643 0.79866 0.901697 1.03239 1.68637 100473 0 -1.46943 0.742352 1
53.9751 5.35228 1.15458 1.94202 4.59562 1.71958 117402 0 1.60653 0.733378 0
-0.803955 20.0689 1.30808 2.10245 4.90429 1.64019 138759 0 1.65211 0.729985 0
15.2326 55.24 2.14387 1.98584 4.4508 1.65878 190289 0 -1.4771 0.729268 0
9.64725 -5.02776 0.803071 0.876168 0.958233 1.73256 102288 0 1.8881 0.718029 1
28.749 -5.28711 0.785306 0.933586 1.0179 1.65631 101879 0 -1.00271 0.717523 1
-21.3325 29.9071 0.836291 2.06715 4.60659 1.46889 153203 0 -1.26319 0.716057 0
15.158 67.6934 2.26892 2.10179 4.71058 1.80701 208541 0 -1.56867 0.715361 0
36.6143 12.2217 1.22686 2.09939 4.87485 1.62695 127644 0 1.6258 0.711693 0
-40.4568 14.5529 -0.150541 1.97498 4.39083 1.56749 130679 0 1.85035 0.710677 0
13.3024 46.9351 1.71552 1.91771 4.34155 1.50341 178115 0 -1.53318 0.709946 0
-49.1381 4.5567 -0.348939 2.14104 4.74521 1.72515 116144 0 -1.34584 0.709737 0
14.8997 58.4086 1.94414 1.99916 4.55114 1.53158 194968 0 -1.41261 0.702847 0
-44.3745 20.3889 -0.0752956 1.92056 4.30126 1.5491 139091 0 -1.31235 0.698591 0
30.8672 21.6754 1.18457 1.87821 4.3157 1.40121 141198 0 -1.51885 0.690434 0
19.0063 37.9152 1.81807 2.08935 4.66596 1.62557 165029 0 1.61728 0.684188 0
-5.86504 26.1457 1.53613 2.13199 4.78457 1.71746 147635 0 -1.53395 0.680873 0
-28.6224 9.17462 -0.049687 1.97467 4.40123 1.46694 122760 0 -1.33119 0.680627 0
14.9308 64.7653 2.12951 2.01338 4.57586 1.58179 204328 0 -1.56411 0.676407 0
-5.29292 40.8199 1.71216 2.02602 4.53889 1.50278 169165 0 -1.58483 0.669281 0
50.7102 34.9682 1.79122 2.07242 4.67612 1.63747 160916 0 -1.57112 0.665132 0
-38.8847 19.6533 -0.0324906 1.99534 4.64496 1.54155 138172 0 1.81835 0.661354 0
13.3172 43.9903 1.7605 2.00799 4.45396 1.69562 173903 0 -1.5357 0.660529 0
18.7171 31.8049 1.4163 2.10452 4.7569 1.5286 156136 0 1.60308 0.653888 0
31.1597 18.76 1.15026 1.88153 4.35893 1.4526 136987 0 -1.5225 0.648042 0
31.8158 38.8952 1.86197 1.94544 4.3315 1.56577 166473 0 -1.5235 0.640946 0
36.3102 21.0396 1.38968 1.89401 4.41797 1.54497 140279 0 1.62441 0.638686 0
-56.4318 27.3031 0.135817 2.15855 4.88463 1.67149 149349 0 -1.26297 0.636211 0
41.1074 27.0944 1.5589 0.816627 0.787793 1.69734 149186 0 -2.94279 0.63261 1
-5.60403 44.2673 2.01557 2.17185 4.9607 1.75094 174312 0 -1.55572 0.630493 0
11.7242 -6.45239 0.747489 0.80471 0.889517 1.6554 99954 0 1.71661 0.629443 1
31.5227 35.7797 1.67516 2.02285 4.69282 1.65981 161792 0 1.62988 0.629213 0
-47.5168 9.72542 -0.084162 2.23092 5.15109 1.92835 123637 0 -1.29949 0.623607 0
-32.5073 39.1254 0.728098 1.98698 4.54664 1.4403 166740 0 1.94155 0.620909 0
54.5672 11.29 1.25925 2.1117 4.78047 1.64801 126296 0 1.57924 0.613472 0
-53.9547 47.778 0.64277 2.03912 4.49432 1.54917 179309 0 -1.12825 0.613064 0
-19.6872 35.345 1.11626 2.09527 4.70582 1.56517 161164 0 -1.13563 0.610429 0
-48.1343 7.15457 -0.442582 2.05873 4.62738 1.6179 119891 0 -1.32998 0.609145 0
15.0991 -4.40604 0.627285 0.619639 0.679665 0.801682 103241 0 -1.57579 0.605009 1
-61.3531 14.5815 -0.427875 2.02542 4.41539 1.73894 130614 0 -1.1167 0.596154 0
-42.0847 9.40244 -0.30941 2.19732 4.923 1.63866 123186 0 1.79285 0.587327 0
-62.2579 11.691 -0.548564 1.91508 4.29289 1.5659 126399 0 2.01688 0.585419 0
-46.277 56.0935 0.748184 2.04789 4.52398 1.54426 191501 0 -1.26533 0.584245 0
-45.6113 17.823 -0.102864 2.01063 4.45774 1.65413 135343 0 -1.23662 0.579862 0
-32.1544 42.0794 1.1104 1.92997 4.4496 1.63759 170953 0 1.90906 0.57936 0
19.0451 40.7863 1.87681 2.062 4.80412 1.52362 169241 0 1.652 0.568175 0
15.0069 -4.40134 0.685507 0.616564 0.691565 0.92681 103240 0 -1.98475 0.558524 1
-40.1102 17.1448 0.0607563 1.959 4.3233 1.78088 134424 0 1.78411 0.555497 0
-6.24996 31.9197 1.67932 2.23829 5.1707 1.55341 156058 0 1.34877 0.553787 0
-46.2738 14.84 -0.216064 1.96382 4.2136 1.5654 131129 0 -1.27868 0.545487 0
14.1439 -3.98646 0.975668 0.92816 1.06228 1.93948 103706 0 1.65542 0.537629 1
-44.0213 23.1893 0.18777 1.968 4.37679 1.65557 143304 0 -1.29443 0.524666 0
-24.4993 22.2772 0.583129 1.94571 4.28008 1.52674 141961 0 -1.35714 0.521056 0
17.7517 28.6753 1.383 2.00768 4.69425 1.46774 151453 0 1.58661 0.520486 0
4.62982 40.0414 1.82124 0.835945 0.760616 1.76921 168260 0 -0.00475073 0.520256 1
18.7384 43.413 2.07626 2.03131 4.51137 1.62667 172984 0 1.63709 0.51822 0
-5.92762 31.9059 1.69771 2.16203 4.93785 1.52717 156059 0 -1.53949 0.513498 0
33.119 56.7716 1.88994 1.94224 4.3033 1.52527 192685 0 -1.5421 0.506757 0
-37.9309 22.2738 0.354528 1.98531 4.31936 1.80469 141919 0 1.80414 0.503276 0
-68.9733 5.53732 -0.632644 1.9834 4.43193 1.66686 117486 0 2.09144 0.502829 0
-16.3742 -14.5733 0.328088 0.904055 0.997123 1.75222 88166 0 -1.64456 0.499427 1
31.8411 45.2253 1.99275 2.01624 4.55278 1.52287 175833 0 -1.57536 0.49176 0
41.0844 27.6157 1.47792 0.640757 0.691993 1.29485 150122 0 -2.60548 0.489313 1
37.8939 44.6059 2.01192 2.00967 4.56679 1.56457 174916 0 1.63429 0.486749 0
12.3749 29.037 1.41765 1.84742 4.3116 1.4766 151904 0 -1.46088 0.476477 0
19.0312 46.5424 2.14054 1.99885 4.50467 1.58367 177665 0 1.62727 0.470163 0
-47.1818 12.6006 -0.405075 1.99284 4.46775 1.55236 127850 0 -1.28547 0.470131 0
2.1078 55.5262 2.22461 2.4547 5.70606 2.10788 190716 0 1.56832 0.468875 0
28.3328 -5.5664 0.635331 0.670033 0.749894 1.19311 101410 0 -1.48507 0.468029 1
-44.3195 58.3539 1.1711 2.14458 4.59201 1.67049 194783 0 -1.27636 0.465711 0
41.1033 27.3263 1.60465 0.864403 0.957807 1.61915 149654 0 -2.84158 0.464838 1
-63.8433 7.15887 -0.610664 2.0439 4.40041 1.61802 119842 0 -1.18419 0.463849 0
15.2095 73.7523 2.39283 2.02699 4.49936 1.70842 217433 0 -1.5792 0.454878 0
1.08451 43.7058 1.65531 1.99497 4.54385 1.52328 173397 0 1.50691 0.449105 0
-6.26012 32.0559 1.7068 2.37004 5.56939 1.58188 156526 0 -1.0698 0.447052 0
60.9495 22.2399 1.48732 2.11335 4.69065 1.64603 142228 0 -3.03112 0.446794 0
-3.67961 64.7925 2.40269 2.1811 4.87921 1.71918 204270 0 -1.51255 0.445777 0
-24.2064 22.5476 0.590729 1.95682 4.30732 1.53491 142430 0 -1.41225 0.445391 0
37.2901 30.2122 1.72481 2.55879 5.97718 1.97964 153854 0 -1.53583 0.442422 0
36.9539 26.9662 1.34964 2.15887 5.05846 1.53149 149173 0 1.70233 0.438622 0
-4.32932 58.7635 2.16048 1.91746 4.38363 1.63628 195376 0 -1.50595 0.437313 0
15.1061 -4.50679 0.582165 0.608366 0.660147 0.807703 102773 0 -1.44492 0.41755 1
42.7939 56.1803 2.16599 0.816704 0.837002 1.72654 191779 0 0.0643695 0.410471 1
-34.2556 5.95415 -0.221964 0.852852 0.909543 1.6619 118062 0 -1.30621 0.410449 1
-19.0719 38.2271 0.86214 2.03595 4.66038 1.50329 165378 0 -1.1383 0.409199 0
54.2561 28.9469 1.59912 2.01873 4.58735 1.57002 152035 0 -1.62135 0.402555 0
-4.64317 49.4685 1.92578 2.01494 4.64076 1.63743 181803 0 -1.57657 0.39097 0
-38.4887 22.5386 0.339195 2.16461 4.92042 1.86501 142385 0 1.8135 0.387954 0
54.2154 8.18655 0.963602 1.92306 4.46428 1.50868 121615 0 1.67166 0.385963 0
32.1493 53.9861 1.74747 1.90349 4.3646 1.42116 188470 0 -1.53158 0.383936 0
-34.1144 6.09824 -0.230089 0.836694 0.877593 1.63096 118531 0 -1.33843 0.378421 1
19.3233 43.5971 2.07173 2.08427 4.63287 1.63164 173454 0 1.60925 0.366739 0
49.1032 20.3034 1.47647 2.00319 4.41705 1.5733 139383 0 1.68823 0.361169 0
-61.9632 11.4221 -0.522947 1.63417 3.48496 1.47253 125932 0 2.02527 0.360811 0
30.6062 18.9206 1.14073 1.85702 4.36816 1.43152 137453 0 -1.5512 0.3563 0
-5.29167 28.968 1.5174 2.05568 4.7348 1.53682 151849 0 -1.46565 0.355718 0
-35.0429 33.7366 0.699136 2.00941 4.58055 1.56425 158776 0 1.97554 0.355347 0
51.6961 46.5514 1.85836 2.02942 4.55242 1.5706 177767 0 -1.55727 0.35347 0
50.4023 37.9144 1.74361 1.89841 4.29865 1.46743 165127 0 -1.60923 0.349661 0
-27.0602 17.7481 0.528859 2.11423 4.7759 1.8293 135401 0 1.76743 0.34677 0
-47.58 6.92778 -0.374675 1.86071 4.05409 1.57355 119425 0 -1.35056 0.340779 0
1.74596 52.6559 1.8146 1.9958 4.48649 1.62062 186503 0 1.57677 0.340715 0
32.165 35.8962 1.72805 2.28963 5.30822 1.71776 162262 0 -1.54685 0.340425 0
14.1601 -3.7819 0.949019 0.865251 0.998394 1.85835 104174 0 1.62087 0.337844 1
14.9948 -4.50421 0.697004 0.619382 0.703873 0.980938 102772 0 -1.6393 0.337128 1
37.3375 34.8185 1.59209 0.805305 0.86296 1.64469 160406 0 0.640319 0.336713 1
-62.003 11.9227 -0.56713 1.89801 4.10727 1.5612 126868 0 2.04964 0.336071 0
-5.27985 68.2614 2.59386 2.04736 4.62928 1.58575 209413 0 -1.45525 0.33561 0
28.6199 -5.51628 0.764092 0.860964 0.982857 1.49785 101411 0 -1.27591 0.328792 1
1.38351 43.986 1.6657 1.90411 4.26082 1.49099 173866 0 1.59873 0.324924 0
42.9309 56.1608 2.17868 0.850597 0.897 1.75515 191780 0 0.0511752 0.324885 1
-4.33997 49.7164 1.93963 2.04735 4.61254 1.66772 182272 0 -1.58214 0.323979 0
-31.562 41.7977 1.08514 1.75873 3.75722 1.54946 170487 0 1.89567 0.322515 0
32.4275 45.0158 1.92444 1.9518 4.49124 1.55343 175367 0 -1.56363 0.321456 0
21.2801 55.2165 2.2198 1.99666 4.43591 1.632 190308 0 1.60102 0.320725 0
9.54923 -5.15632 0.797363 0.929187 0.953918 1.73343 101819 0 1.89718 0.320538 1
37.3389 34.9428 1.62136 0.78922 0.873134 1.67367 160874 0 1.27048 0.318247 1
2.67141 55.7721 2.17953 2.4101 5.29699 2.06452 191186 0 1.60475 0.318081 0
-67.3867 11.3338 -0.66571 1.96139 4.3367 1.52776 125915 0 -1.07102 0.317651 0
-41.4041 11.4665 -0.267529 1.92914 4.38897 1.55568 125996 0 1.7929 0.317375 0
14.1798 -4.28957 0.868098 0.82554 0.993757 1.85321 103238 0 -1.49229 0.317011 1
19.9713 40.7852 1.95934 1.97379 4.31954 1.51539 169244 0 1.60932 0.315747 0
-34.1109 33.4338 0.799869 2.07178 4.74734 1.54438 158311 0 1.9394 0.312671 0
-35.022 30.2832 0.435677 1.89795 4.32854 1.4506 153628 0 1.59281 0.308596 0
15.4875 74.0343 2.63153 2.19279 5.01134 1.92557 217902 0 -1.68868 0.305133 0
20.9786 55.4898 2.19164 1.93719 4.26272 1.58788 190775 0 1.57229 0.30446 0
-35.3559 30.54 0.425102 1.85132 4.1946 1.46471 154095 0 1.94091 0.304268 0
31.5686 54.1919 1.76707 1.95987 4.42888 1.44832 188936 0 -1.53046 0.301703 0
17.4675 28.4029 1.39935 2.00836 4.60741 1.4729 150984 0 1.59402 0.296971 0
-67.648 11.0865 -0.631675 2.04332 4.56549 1.57877 125446 0 -1.13591 0.296517 0
31.5563 38.6672 1.81837 1.82657 4.09951 1.53599 166004 0 -1.51932 0.295515 0
-62.4935 11.4499 -0.572896 2.03407 4.55274 1.6302 125930 0 2.01326 0.294955 0
-47.4533 12.3504 -0.38483 2.08797 4.70009 1.59927 127381 0 -1.29026 0.290608 0
55.5452 34.1085 1.65685 2.04858 4.62777 1.64724 159527 0 1.66499 0.290375 0
-34.7291 30.2472 0.459833 1.90873 4.28621 1.42756 153629 0 -1.2758 0.28789 0
-3.67976 55.8346 1.98743 2.03049 4.56706 1.57462 191166 0 -1.51211 0.284669 0
37.5894 26.8007 1.30871 2.07871 4.73063 1.50483 148707 0 1.90055 0.283262 0
49.4395 20.0357 1.47205 2.01219 4.56459 1.57713 138916 0 -1.39854 0.282729 0
19.6379 31.8357 1.40932 2.10723 4.74884 1.56074 156139 0 1.58775 0.282364 0
-19.3176 37.9913 0.875376 2.00715 4.59336 1.47653 164909 0 -1.13474 0.282188 0
-39.1287 19.4576 -0.0901891 1.72942 4.09452 1.48975 137703 0 1.82352 0.280527 0
54.4817 5.49805 1.08729 2.16362 5.45413 1.90324 117872 0 1.61709 0.279755 0
-36.0044 30.8815 0.585424 1.92575 4.30326 1.50338 154561 0 1.94686 0.279625 0
54.8655 23.194 1.49642 2.04382 4.58085 1.61877 143613 0 2.16606 0.279005 0
-27.3344 17.5061 0.514005 2.13942 4.86255 1.8479 134932 0 1.7696 0.278968 0
14.6429 58.1853 1.87695 1.83551 4.16439 1.46351 194499 0 -1.37555 0.278842 0
18.3669 28.8858 1.3934 2.01595 4.71474 1.49493 151923 0 1.58971 0.275705 0
33.4257 57.0213 1.86805 2.04646 4.51219 1.58949 193154 0 -1.56584 0.275635 0
14.0607 -4.74374 0.87607 0.862203 0.993436 1.82012 102769 0 -1.44842 0.274351 1
-6.8126 32.0865 1.69379 2.31917 5.41537 1.65742 156524 0 1.6207 0.27359 0
-27.6934 18.0462 0.540719 2.12476 4.71218 1.86771 135867 0 1.82312 0.273507 0
-47.2317 -11.6414 -0.88467 1.98491 4.46665 1.52906 92282 0 -3.07326 0.272664 0
-20.2502 35.4153 1.19922 2.08791 4.64424 1.57506 161162 0 -1.13663 0.272485 0
14.1312 -3.06483 0.786949 0.80272 0.940169 1.6382 105110 0 -1.38902 0.270329 1
-0.545654 19.7809 1.31346 1.98487 4.6495 1.64798 138292 0 1.62097 0.270223 0
28.2667 -5.94246 0.736875 0.958585 1.02847 1.56733 100942 0 -1.58549 0.26944 1
30.9429 35.9404 1.62491 2.33386 5.54465 1.77116 162258 0 1.62266 0.269288 0
1.46666 52.9087 1.91689 2.05308 4.68552 1.69254 186970 0 1.59139 0.267757 0
30.9134 38.9131 1.7853 1.91315 4.34957 1.53208 166470 0 -1.38219 0.265656 0
40.9329 27.6235 1.41076 0.647327 0.746616 1.13154 150121 0 -2.44572 0.2654 1
11.8782 26.3071 1.3324 2.18065 5.20993 1.60947 148159 0 -1.53391 0.263135 0
15.1859 74.3746 2.67296 2.13782 5.14985 1.8815 218369 0 -1.77001 0.263068 0
0.85334 43.419 1.70622 2.07799 4.79207 1.58484 172928 0 1.45909 0.263004 0
-46.6392 12.325 -0.428971 1.67036 3.66224 1.48292 127384 0 -1.2862 0.26144 0
9.10989 -6.04253 0.777891 0.903215 0.877656 1.6581 100882 0 1.61815 0.261417 1
-46.8951 12.0663 -0.442257 1.7123 3.75497 1.48579 126915 0 -1.29158 0.261255 0
-19.9684 38.5787 1.05649 2.02144 4.47669 1.50228 165843 0 -0.998062 0.261233 0
28.0666 -6.02051 0.749334 0.957583 0.994346 1.5943 100941 0 -1.50305 0.261218 1
37.0011 44.6644 1.95004 1.97216 4.52946 1.54379 174913 0 1.61373 0.260567 0
38.8398 44.6441 2.10585 2.08696 4.6896 1.64815 174919 0 1.61756 0.260401 0
49.4741 37.9426 1.82047 1.92635 4.34268 1.53341 165124 0 -1.6097 0.260038 0
-39.4458 19.7148 -0.0761384 1.77186 4.07093 1.48509 138170 0 1.84367 0.258538 0
15.7826 73.4867 2.56236 2.23837 5.13078 1.93111 216967 0 -1.51913 0.256672 0
32.7649 54.1643 1.85956 1.89393 4.2315 1.45313 188940 0 -1.53434 0.256476 0
53.611 28.7345 1.58224 1.95586 4.44587 1.5278 151565 0 1.52911 0.256219 0
-46.8708 56.3854 0.74194 2.17449 4.8908 1.62505 191967 0 -1.24964 0.254607 0
-34.4495 30.2362 0.471839 1.9315 4.35892 1.43071 153630 0 -1.73614 0.25324 0
24.116 22.8635 1.13862 2.01338 4.44025 1.38599 143049 0 -1.84429 0.252925 0
31.2165 45.024 1.92872 1.98303 4.49061 1.51338 175363 0 -1.58318 0.252889 0
-49.6776 4.37479 -0.349051 2.38752 5.6673 1.91049 115674 0 -1.41677 0.252752 0
24.1492 21.912 1.09222 1.98603 4.29292 1.30689 141645 0 -0.0231025 0.252397 0
51.3841 46.8694 1.87911 1.98768 4.39835 1.56876 178234 0 -0.994303 0.252178 0
49.4199 23.5012 1.01199 1.92507 4.34075 1.48859 144064 0 -1.95192 0.252081 0
55.1816 23.1769 1.51615 2.09089 4.7254 1.64352 143614 0 3.04464 0.251539 0
-46.8465 15.1215 -0.216362 2.11585 4.63069 1.61187 131595 0 -1.26109 0.251234 0
-40.8925 11.8811 -0.275792 1.74029 3.71137 1.45585 126934 0 1.88752 0.250692 0
-5.02104 44.1019 1.97317 2.01769 4.52464 1.76826 173846 0 -1.577 0.25068 0
40.9266 27.0742 1.51808 0.830915 0.803638 1.68874 149185 0 -2.84737 0.249741 1
49.126 23.5033 0.955254 1.9255 4.35377 1.47359 144063 0 2.29735 0.249443 0
61.5696 27.3456 1.61851 2.07642 4.55546 1.69097 149718 0 0.0442633 0.246901 0
49.429 23.2261 1.02848 1.89306 4.32486 1.47403 143596 0 -1.51461 0.246639 0
36.0971 12.0617 1.24462 2.06508 4.70485 1.6223 127174 0 1.63783 0.246208 0
11.8633 -6.3279 0.747979 0.815624 0.921143 1.66016 100423 0 1.58356 0.24528 1
11.3954 -2.94593 0.738428 0.748655 0.854346 1.5709 105101 0 1.3553 0.243188 1
-46.5557 52.6515 0.914723 1.94422 4.38072 1.54646 186352 0 -1.18408 0.24272 0
21.2869 67.0621 2.28248 2.05129 4.61324 1.68587 207624 0 1.66562 0.242513 0
2.66438 55.2832 2.16913 2.2481 5.05913 2.03946 190250 0 1.5079 0.241345 0
-44.9632 58.6383 1.06635 2.48038 5.98637 1.97188 195249 0 -1.24919 0.23939 0
51.3471 47.207 1.89746 2.09575 4.64376 1.64212 178702 0 -0.0139634 0.238824 0
-4.94147 49.1816 1.95857 2.00489 4.56995 1.62601 181334 0 -1.56172 0.238199 0
46.5397 -27.964 -0.0172187 2.0389 4.54781 1.6897 68707 0 -1.38837 0.23807 0
48.4823 20.5536 1.44209 2.13842 4.76159 1.64558 139849 0 1.70843 0.237109 0
54.8573 28.7224 1.59143 2.02478 4.56738 1.67347 151569 0 -1.56739 0.236804 0
55.5136 22.9145 1.5484 2.08172 4.7749 1.65482 143147 0 -2.3502 0.234777 0
-44.1044 20.5458 -0.071471 1.75216 3.80012 1.50016 139560 0 -1.29742 0.234312 0
51.3406 37.9304 1.76021 1.96622 4.43467 1.53165 165130 0 -1.60006 0.234213 0
1.48347 55.7691 2.39093 2.63423 6.34411 2.2353 191182 0 1.60096 0.233549 0
53.9658 7.92494 0.995019 1.73227 3.97838 1.47757 121146 0 1.70126 0.232654 0
24.1303 21.6328 1.08368 1.98074 4.28901 1.31979 141177 0 0.36619 0.232136 0
28.6245 -5.94569 0.707958 0.816679 1.01272 1.4591 100943 0 -1.6027 0.229263 1
-43.425 23.1754 0.130535 2.02516 4.55785 1.68517 143306 0 -1.3067 0.228946 0
24.1572 22.2372 1.08984 1.99236 4.29258 1.30303 142113 0 -1.31119 0.228852 0
51.3195 47.4987 1.89017 2.1563 4.79919 1.71137 179170 0 -2.87047 0.227838 0
24.1365 22.5699 1.1222 2.0154 4.3947 1.34643 142581 0 -1.3005 0.227688 0
50.7096 37.671 1.73707 1.85157 4.27573 1.44486 164660 0 -1.58325 0.227568 0
-5.86478 41.0223 1.78922 2.12394 4.73745 1.54524 169631 0 -1.58038 0.22743 0
25.1282 21.9359 1.19516 1.95472 4.34147 1.42796 141648 0 -1.67467 0.226959 0
50.7145 38.164 1.77106 1.94035 4.34656 1.5009 165596 0 -1.61554 0.226921 0
51.062 47.5102 1.89326 2.04706 4.48382 1.64045 179169 0 3.06422 0.226409 0
24.4627 21.9226 1.12287 2.02131 4.44185 1.35225 141646 0 -1.51482 0.225987 0
41.321 27.0789 1.5625 0.802632 0.845605 1.70055 149187 0 -3.00238 0.224737 1
14.0138 -4.28217 0.885865 0.846458 0.945879 1.86127 103237 0 -1.45049 0.224303 1
-63.2799 7.12216 -0.722583 1.95676 4.15818 1.58803 119844 0 -1.13057 0.223841 0
-34.7089 29.9847 0.462852 1.94363 4.38467 1.43284 153161 0 -1.01575 0.223561 0
14.148 -3.2876 0.843842 0.827795 0.957475 1.70521 104642 0 1.4272 0.223308 1
38.5395 44.4108 2.0487 1.95102 4.35198 1.56191 174450 0 1.6447 0.222804 0
28.2893 -6.47118 0.768631 0.83684 1.15065 1.6197 100006 0 -1.46442 0.222727 1
-5.25235 49.7117 1.98748 2.14934 4.94167 1.74146 182269 0 -1.55859 0.221781 0
-44.6064 20.115 -0.0943815 2.10253 4.73532 1.63886 138622 0 -1.33546 0.221548 0
-34.375 33.1978 0.72225 1.94564 4.38991 1.51302 157842 0 1.96823 0.221518 0
9.31662 -6.20153 0.788206 0.909749 0.889168 1.69092 100415 0 1.54153 0.221266 1
-4.92969 59.005 2.20709 1.99185 4.53157 1.6324 195842 0 -1.50039 0.221018 0
9.06429 -6.4259 0.804115 0.925224 0.927939 1.67107 99946 0 1.6459 0.220213 1
53.6692 8.18788 0.958907 1.70061 3.86241 1.46717 121613 0 1.68456 0.220001 0
33.6942 56.5543 1.84102 2.00583 4.47568 1.58986 192219 0 -1.44735 0.219309 0
-54.5134 48.1016 0.669313 2.39853 5.83052 1.86921 179775 0 -1.12179 0.21917 0
-0.143753 26.605 1.35721 2.04321 4.71027 1.54819 148589 0 1.66258 0.218678 0
-67.6865 2.64016 -0.433253 0.822169 0.839199 1.73945 113278 0 2.88351 0.218484 1
39.5074 53.2996 1.79477 1.98077 4.5015 1.53947 187557 0 1.68887 0.218438 0
53.269 49.1302 2.09234 2.03723 4.56524 1.68848 181516 0 -1.52736 0.218421 0
-37.2905 22.0324 0.325914 2.01089 4.49491 1.81287 141453 0 1.78692 0.218144 0
-29.5435 9.45281 -0.0640275 2.04368 4.66018 1.54307 123225 0 1.56381 0.21797 0
-34.7364 30.4886 0.439628 1.89082 4.31897 1.43701 154097 0 -2.89508 0.217946 0
48.8276 23.5087 0.953497 1.91921 4.31144 1.46524 144062 0 -2.08232 0.217795 0
30.9165 39.0969 1.82511 2.01235 4.58416 1.53665 166938 0 -1.04136 0.217613 0
39.2045 53.572 1.79441 1.98189 4.50951 1.56663 188024 0 1.70571 0.216779 0
1.48447 55.2494 2.29133 2.45995 6.04448 2.14802 190246 0 1.51497 0.216709 0
13.8218 43.7579 1.70266 2.23583 5.17888 1.82178 173437 0 -1.49047 0.215708 0
-53.8985 47.2865 0.594246 1.78386 3.95629 1.46766 178373 0 -1.22349 0.215555 0
-4.60461 64.826 2.44051 2.20059 5.03363 1.81656 204267 0 -1.52401 0.215466 0
19.0264 43.1394 2.06427 2.03982 4.57165 1.62557 172517 0 1.64619 0.215293 0
37.5007 34.9562 1.60847 0.826055 1.13859 1.67385 160875 0 1.34828 0.215164 1
-43.4338 58.0615 1.07303 2.26448 5.10477 1.70097 194318 0 -1.23729 0.215121 0
0.85495 70.2459 3.05892 2.48584 5.88646 2.14898 212240 0 3.0909 0.214622 0
-5.90553 29.2357 1.56191 2.12089 4.85545 1.56601 152315 0 -1.4703 0.214541 0
-25.0712 22.4988 0.590768 2.02066 4.46999 1.51057 142427 0 -1.38498 0.2144 0
21.5882 54.9139 2.24733 2.02011 4.44959 1.69436 189841 0 1.64143 0.213398 0
28.3685 -5.39243 0.701252 0.804401 0.935104 1.44173 101878 0 -1.24787 0.213003 1
15.8295 -7.08659 0.835778 0.85265 0.938842 1.74408 99031 0 0.343616 0.212919 1
36.6792 30.2332 1.73844 2.20926 4.88927 1.82539 153852 0 -1.50506 0.21288 0
-3.71688 49.4659 1.92262 2.07238 4.77694 1.706 181806 0 -1.50824 0.212572 0
-34.0996 5.71494 -0.205805 0.820032 0.833472 1.59095 117595 0 -1.27209 0.212131 1
51.9452 46.8204 1.87545 2.24852 5.16434 1.73022 178236 0 -1.58503 0.212042 0
-45.6982 14.8157 -0.317782 1.95001 4.3056 1.58728 131131 0 -1.24723 0.211948 0
0.702766 31.6215 1.71005 1.93134 4.22269 1.83365 155612 0 1.63998 0.210987 0
22.2244 67.0409 2.31569 2.01514 4.55524 1.66489 207627 0 1.67988 0.209957 0
-4.66998 68.0661 2.54415 1.86106 4.26266 1.55815 208947 0 -1.47396 0.209912 0
1.45763 52.3855 1.8328 2.06615 4.71487 1.70925 186034 0 1.55139 0.209535 0
19.3426 46.7865 2.17756 2.12047 4.80819 1.64219 178134 0 1.59981 0.209393 0
-48.5548 4.55003 -0.423417 1.78207 3.73738 1.54364 116146 0 -1.31411 0.20688 0
-32.7169 42.3547 1.08846 2.26183 5.49823 1.83345 171419 0 1.90113 0.206869 0
-5.02573 31.8374 1.65652 2.06591 4.87413 1.59934 156062 0 -1.48623 0.206574 0
-35.6282 33.8197 0.701911 2.00081 4.59035 1.56615 158774 0 1.97925 0.206529 0
20.9658 52.6542 2.56452 2.2325 5.08885 1.95804 186563 0 1.51593 0.206251 0
37.4825 34.8099 1.60266 0.834478 1.02941 1.61255 160407 0 0.729953 0.206247 1
-38.2104 22.0304 0.317099 1.93993 4.31823 1.78672 141450 0 1.76415 0.205377 0
-20.0035 38.8136 1.10259 2.07172 4.6282 1.54397 166311 0 -0.51719 0.205087 0
55.8172 22.8927 1.56944 2.06559 4.72026 1.66576 143148 0 -2.07017 0.20492 0
50.1584 34.8246 1.76728 1.90123 4.37589 1.55477 160446 0 -1.55106 0.203532 0
61.6359 28.3269 1.62687 2.09903 4.68275 1.76512 151122 0 -3.03515 0.203263 0
37.3183 44.3937 1.86771 1.94628 4.47516 1.56973 174446 0 1.62633 0.202779 0
45.9198 -30.5551 -0.224853 1.95625 4.36125 1.58697 64961 0 -1.33027 0.202656 0
54.5871 10.8461 1.25896 2.06507 4.63716 1.65932 125360 0 1.66896 0.201919 0
-45.0307 17.7572 -0.147381 2.01288 4.50827 1.66346 135345 0 -1.2208 0.201783 0
13.8242 47.1185 1.78554 2.26848 5.42819 1.76908 178585 0 -1.56721 0.201757 0
-6.23476 22.901 1.33255 1.99411 4.66797 1.51044 142954 0 -1.56303 0.201662 0
20.9564 58.4142 2.39002 2.01085 4.50243 1.66434 194987 0 1.54113 0.201573 0
28.5926 -6.25346 0.724887 0.854769 0.997882 1.47056 100475 0 -1.55865 0.201543 1
60.7404 21.6244 1.5103 2.02498 4.55489 1.61975 141291 0 -3.02726 0.201419 0
12.3036 73.4981 2.20141 2.06611 4.49692 1.62212 216956 0 -1.64715 0.200942 0
2.08472 54.9533 2.17718 2.3467 5.546 2.06551 189780 0 1.4579 0.20063 0
23.8616 21.9016 1.0765 1.90952 4.09896 1.3211 141644 0 0.292646 0.200626 0
54.6018 22.9484 1.48794 2.0295 4.53183 1.64804 143144 0 2.0285 0.199985 0
-42.6513 9.21968 -0.338341 2.20602 4.82417 1.69354 122716 0 1.79862 0.199534 0
13.9273 73.7606 2.07696 1.96452 4.49837 1.48646 217429 0 -1.56085 0.199032 0
-46.2762 52.9247 0.940498 1.93465 4.31374 1.53464 186821 0 -1.21809 0.1974 0
-67.6848 2.48637 -0.415254 0.829731 0.843836 1.74311 112810 0 2.63119 0.197397 1
14.8705 74.7279 2.36122 2.05226 4.79025 1.71755 218836 0 -1.84257 0.196963 0
48.8349 23.2407 0.987131 1.88684 4.31665 1.45303 143594 0 -1.71934 0.196863 0
36.5977 15.0005 1.19268 2.05622 4.97781 1.55134 131388 0 1.63646 0.196026 0
-46.939 12.8621 -0.389014 1.98714 4.31061 1.54255 128319 0 -1.28601 0.195977 0
-36.3218 34.3727 0.771461 2.0796 4.66258 1.63227 159708 0 2.05271 0.195799 0
42.7653 56.3733 2.19652 0.910436 1.08854 1.7681 192247 0 0.0768381 0.195456 1
19.6325 46.3187 2.09687 2.05661 4.67352 1.62874 177199 0 1.60201 0.195325 0
-5.00651 29.2087 1.38072 2.01939 4.74627 1.50484 152318 0 -1.48158 0.195116 0
52.9821 49.4115 2.07288 1.92647 4.27028 1.61812 181983 0 -1.53884 0.195037 0
39.818 53.571 1.86819 2.00177 4.51249 1.58113 188026 0 1.97513 0.194782 0
-33.096 39.442 0.76421 2.04295 4.59607 1.55045 167206 0 1.93094 0.194146 0
36.9036 21.1749 1.42657 2.06906 4.85591 1.61199 140749 0 1.61812 0.19395 0
15.4152 64.5696 2.10356 2.23364 5.25332 1.71964 203862 0 -1.49863 0.193631 0
-17.7773 37.5756 1.19916 2.13205 4.81947 1.74934 164446 0 -1.16638 0.193495 0
14.4748 -4.69041 0.863817 0.789809 0.95958 1.62004 102771 0 -1.62735 0.192882 1
23.8515 22.5899 1.10167 1.98264 4.28446 1.35656 142580 0 -0.757844 0.192438 0
18.1409 32.0602 1.39982 2.04681 4.66138 1.55625 156602 0 1.65408 0.191518 0
51.6261 47.1603 1.87861 2.235 5.06176 1.70874 178703 0 -1.31899 0.19062 0
51.076 47.2317 1.91348 1.97465 4.3585 1.58158 178701 0 0.646385 0.190607 0
-23.9061 22.8577 0.587215 1.97207 4.4573 1.56663 142899 0 -1.42674 0.190512 0
69.5989 11.6801 1.18992 2.08229 4.72 1.64225 126811 0 -1.35787 0.18989 0
68.9674 11.6784 1.07725 2.0573 4.68691 1.60015 126809 0 -1.35379 0.189866 0
54.864 29.195 1.61015 2.05432 4.72548 1.67569 152505 0 -1.66413 0.18963 0
24.8127 22.2132 1.1502 1.95532 4.30304 1.39215 142115 0 -1.67001 0.189534 0
38.2501 44.8537 2.10725 2.08865 4.61513 1.61379 175385 0 1.60099 0.189355 0
-40.1277 17.6698 0.0310833 2.16644 4.68348 1.81764 135360 0 1.94544 0.189004 0
-24.2098 21.991 0.571245 1.95387 4.39103 1.55929 141494 0 -1.32754 0.188951 0
49.1355 19.735 1.44614 2.02632 4.59651 1.56077 138447 0 -1.39836 0.18877 0
20.9635 67.3341 2.28432 1.99998 4.50416 1.66284 208091 0 1.72537 0.188568 0
18.1534 31.6288 1.41006 2.01323 4.58227 1.53966 155666 0 1.59273 0.188325 0
26.8526 8.36065 1.12686 0.883174 0.947523 1.82602 121997 0 0.0719893 0.1883 1
-19.138 35.2726 1.0758 2.10653 4.73584 1.58293 161166 0 -1.12453 0.188082 0
28.881 -5.09467 0.78923 0.911125 0.980366 1.66382 102348 0 -1.16548 0.187682 1
14.6076 74.0307 2.18329 1.97446 4.33977 1.56725 217899 0 -1.68752 0.187503 0
-6.20073 68.3171 2.54529 1.90369 4.25744 1.62941 209410 0 -1.51009 0.18723 0
28.0661 -6.43427 0.792336 0.872023 1.05638 1.68338 100005 0 -1.58166 0.1868 1
-4.57753 58.4848 2.14922 1.74894 3.93702 1.55398 194907 0 -1.46 0.186768 0
40.9172 27.3407 1.55858 0.787967 0.969546 1.45714 149653 0 -2.64443 0.18665 1
18.1144 -11.3529 0.84272 2.09849 4.50651 1.79013 92954 0 0.05117 0.185664 0
-26.7657 18.0195 0.56125 2.11447 4.9307 1.80772 135870 0 1.74768 0.185602 0
-64.415 7.22085 -0.584361 2.21943 4.93461 1.7155 119840 0 -1.28165 0.185236 0
14.9635 55.01 2.09899 1.78266 3.92386 1.55596 189820 0 -1.45521 0.185024 0
52.663 49.1322 2.02867 1.88845 4.15895 1.60262 181514 0 -1.37493 0.184745 0
32.5309 57.0095 1.94063 2.05486 4.66668 1.53944 193151 0 -1.53198 0.184717 0
51.4062 46.2809 1.84207 1.85349 4.05842 1.4705 177298 0 -1.50252 0.184283 0
-3.75157 58.9731 2.19081 2.25358 5.31364 1.8452 195846 0 -1.51587 0.184224 0
-36.3466 21.9254 0.327852 2.07032 4.6696 1.81614 141456 0 -1.45461 0.183607 0
-34.3615 5.03101 -0.304411 0.782663 0.803954 1.48476 116658 0 -2.56994 0.183479 1
31.4769 18.5116 1.14704 1.85656 4.28642 1.47955 136520 0 -1.51347 0.183398 0
21.2809 55.7938 2.2537 1.94871 4.26923 1.59016 191244 0 1.5257 0.183394 0
-46.8628 52.3363 0.899406 1.99743 4.5121 1.59786 185883 0 -1.19963 0.183071 0
-68.9652 5.07173 -0.634807 1.85043 4.02262 1.60841 116550 0 1.92003 0.182935 0
30.5916 45.2058 2.00964 2.03906 4.68234 1.58426 175829 0 1.50967 0.182712 0
2.10268 56.0658 2.22212 2.59514 6.13821 2.17303 191652 0 1.68197 0.182548 0
0.0785446 25.8862 1.31701 1.88194 4.27403 1.43883 147186 0 1.5946 0.182318 0
-47.9265 7.40475 -0.429838 1.92953 4.32086 1.60653 120360 0 -1.29834 0.182265 0
60.9187 21.3412 1.49884 2.24309 4.94782 1.68794 140824 0 0.391724 0.181918 0
-35.729 31.147 0.584571 1.90743 4.17116 1.49814 155030 0 2.11539 0.181524 0
52.9815 48.8187 2.06033 1.95922 4.33705 1.63128 181047 0 -1.33374 0.181435 0
-5.62103 43.7617 2.00374 2.20869 5.06375 1.77435 173376 0 -1.58997 0.181339 0
0.379478 26.3181 1.25799 1.83559 4.12148 1.4101 148123 0 1.62592 0.180957 0
49.7567 22.908 1.08574 1.9198 4.35307 1.50701 143129 0 -1.50681 0.179232 0
33.4175 53.9616 1.86147 1.99559 4.51675 1.5364 188474 0 -1.50514 0.17888 0
-45.9342 23.8356 0.361012 2.09719 4.59071 1.61946 144234 0 -1.23583 0.178568 0
-34.1412 29.9395 0.466282 2.01777 4.54434 1.4398 153163 0 -1.50326 0.177776 0
49.7816 37.6829 1.77788 1.81885 4.1387 1.45211 164657 0 -1.59343 0.177504 0
54.4907 7.91588 0.990665 1.99992 4.70997 1.58936 121148 0 1.69483 0.177384 0
21.28 58.103 2.36121 2.06491 4.62936 1.67346 194520 0 1.52374 0.177208 0
32.2361 56.8126 1.8871 1.9608 4.47315 1.5097 192682 0 -1.16304 0.176847 0
49.1298 22.9144 1.03973 1.87432 4.18201 1.46067 143127 0 -1.62404 0.176541 0
-34.3578 5.23998 -0.278151 0.761119 0.759354 1.44933 117126 0 -1.77077 0.176475 1
48.5147 20.0767 1.36747 1.9703 4.31491 1.61176 138913 0 1.75435 0.17647 0
14.6106 74.4021 2.26371 1.96776 4.59355 1.60398 218367 0 -1.85231 0.176423 0
-3.08157 55.591 2.01668 2.00734 4.5979 1.55961 190700 0 -1.48933 0.176347 0
-36.297 31.4629 0.719239 2.0951 4.73715 1.5761 155496 0 2.10272 0.176313 0
18.4262 46.7849 2.15971 2.07411 4.54043 1.67613 178131 0 1.64275 0.176108 0
38.9022 53.3086 1.81311 1.91669 4.46732 1.51168 187555 0 1.57489 0.17572 0
-4.04298 58.4825 2.09869 1.9974 4.50893 1.67429 194909 0 -1.46568 0.175356 0
32.1585 44.7046 1.86976 1.85547 4.19813 1.50388 174898 0 -1.56227 0.175194 0
14.5086 -3.99306 0.863489 0.807379 0.902875 1.681 103707 0 1.67435 0.175006 1
68.9594 11.3907 1.11164 2.06126 4.66437 1.62077 126341 0 -1.08766 0.174972 0
-34.9882 30.0045 0.443762 1.96944 4.45659 1.45265 153160 0 1.1874 0.174934 0
-5.91026 49.4744 2.0431 2.08554 4.71864 1.76852 181799 0 -1.54206 0.17464 0
49.4334 20.559 1.54452 2.06062 4.54953 1.60513 139852 0 1.67412 0.17445 0
31.7395 31.0826 1.37087 2.44672 6.14309 1.62247 155241 0 1.56662 0.174315 0
21.2696 58.7132 2.44311 2.05774 4.45085 1.73771 195456 0 1.52382 0.174238 0
14.6528 67.4613 2.25827 1.79543 3.86919 1.69004 208071 0 -1.56163 0.174161 0
24.1313 23.1591 1.22536 1.94971 4.23976 1.39511 143517 0 -0.869358 0.174065 0
-3.0883 64.5519 2.37184 2.02346 4.59686 1.67023 203804 0 -1.50367 0.174043 0
56.139 22.8673 1.57917 2.02663 4.60981 1.66866 143149 0 -1.74351 0.174037 0
-39.6119 17.3429 0.128831 1.98142 4.12651 1.76536 134894 0 1.89743 0.174018 0
40.1414 53.2834 1.872 2.03352 4.61871 1.57728 187559 0 1.8035 0.172945 0
-4.63346 49.996 1.98437 2.10633 4.75451 1.68575 182739 0 -1.60154 0.172831 0
-40.4832 33.1062 0.54437 1.95572 4.39881 1.54756 157823 0 3.11341 0.172789 0
14.5478 -4.34639 0.826057 0.756984 0.99378 1.59191 103239 0 -1.61878 0.172616 1
-4.3351 59.2464 2.21773 2.12209 4.72395 1.71609 196312 0 -1.5274 0.172557 0
13.3901 38.0387 1.75061 1.78333 3.81505 1.53662 165011 0 -1.5105 0.172417 0
-46.1488 17.8461 -0.0624546 2.09142 4.63075 1.66043 135341 0 -1.25929 0.172042 0
-20.3166 35.9132 1.24426 2.1146 4.74384 1.59799 162098 0 -1.07944 0.172024 0
28.852 -5.49084 0.773985 0.947044 1.03078 1.61214 101412 0 -0.728922 0.171964 1
50.0545 23.189 1.10095 1.9245 4.2682 1.49152 143598 0 0.280057 0.171942 0
2.37631 52.9011 1.835 1.95355 4.38788 1.57908 186973 0 1.5923 0.171549 0
28.1256 -5.61076 0.615079 0.713453 0.749299 1.21501 101409 0 -1.4957 0.171212 1
30.6114 21.3866 1.20909 1.64234 3.77519 1.36512 140729 0 -1.48159 0.17055 0
9.81941 -8.78329 0.822311 0.814773 0.825282 1.73351 96672 0 0.149612 0.170293 1
-24.741 22.7922 0.604223 2.04326 4.49055 1.53398 142896 0 -1.46825 0.170267 0
69.9203 11.9746 1.23976 2.00961 4.45893 1.61014 127280 0 -1.44864 0.1702 0
48.5024 23.515 0.959473 1.93051 4.35426 1.48657 144061 0 -1.79061 0.170132 0
-36.2907 30.6119 0.544934 1.95613 4.38532 1.51055 154092 0 1.7705 0.170089 0
-33.8978 5.94654 -0.213254 0.829972 0.864003 1.6576 118064 0 -1.34821 0.169917 1
-40.1766 32.7878 0.553927 1.92982 4.43425 1.53038 157356 0 -0.921413 0.169668 0
23.5292 20.3222 1.16084 1.96639 4.28276 1.45605 139303 0 -0.0933732 0.169533 0
-40.4639 32.806 0.523601 1.93721 4.42134 1.54755 157355 0 -1.38699 0.169476 0
53.2688 49.7262 2.10788 2.05964 4.63102 1.69272 182452 0 -1.63628 0.169191 0
18.4574 41.041 1.78582 2.01807 4.7083 1.51985 169707 0 1.66116 0.169154 0
-35.0855 30.7916 0.45907 1.90304 4.3111 1.47225 154564 0 2.01131 0.168835 0
22.546 66.7671 2.3303 2.05182 4.67795 1.66247 207160 0 1.66138 0.168814 0
41.3333 27.3237 1.57345 0.809364 0.951141 1.65803 149655 0 -2.91573 0.168788 1
21.5951 66.7826 2.25893 1.97707 4.49705 1.62722 207157 0 1.61233 0.168618 0
-35.6388 30.3082 0.467955 1.90731 4.31532 1.46957 153626 0 1.68803 0.168492 0
53.9517 29.1841 1.59702 2.06808 4.74929 1.56963 152502 0 -1.76476 0.168385 0
-4.0301 49.1852 1.92355 2.01239 4.51409 1.64573 181337 0 -1.4927 0.167541 0
-40.7247 14.3499 -0.165644 1.95416 4.40414 1.53914 130210 0 1.87802 0.167329 0
70.2319 11.6749 1.24011 2.06216 4.58922 1.6473 126813 0 -1.40533 0.167247 0
53.553 49.4182 2.12968 2.16296 4.90618 1.7922 181985 0 -1.61659 0.167196 0
42.7862 55.9726 2.20227 0.861256 1.04765 1.78403 191311 0 0.107931 0.167193 1
-67.9443 11.6335 -0.635484 2.17019 5.02546 1.66887 126381 0 -1.07294 0.166632 0
68.6541 11.3894 1.1287 2.00964 4.41253 1.59006 126340 0 -0.556893 0.166473 0
23.8589 22.249 1.0851 1.88723 4.01304 1.33072 142112 0 -0.571831 0.166338 0
-25.4024 22.5364 0.605446 2.06322 4.61962 1.51509 142426 0 1.33589 0.166066 0
12.9648 73.736 2.14342 2.09453 4.78571 1.60644 217426 0 -1.6047 0.165875 0
-4.26994 64.5549 2.44929 2.02726 4.58483 1.72293 203800 0 -1.52031 0.165851 0
20.9546 57.7688 2.32441 2.01698 4.47642 1.62459 194051 0 1.536 0.165031 0
23.557 22.868 1.11964 1.98579 4.43861 1.40697 143047 0 1.52402 0.164534 0
69.2775 11.9768 1.15036 2.04206 4.66874 1.60735 127278 0 -1.39538 0.164498 0
18.1435 43.5835 1.99403 2.01768 4.52306 1.58175 173450 0 1.64602 0.164409 0
13.0313 46.6816 1.69649 1.73186 3.82773 1.4508 177646 0 -1.49032 0.163951 0
41.7422 57.4533 2.24166 1.97949 4.41453 1.64796 193648 0 2.05173 0.163723 0
-18.6375 23.0972 0.82954 2.19249 5.14258 1.65914 143383 0 1.67815 0.163701 0
1.74529 53.1963 1.8837 1.98435 4.4664 1.66546 187439 0 1.60817 0.163588 0
-26.7379 17.1838 0.495587 2.05596 4.62272 1.77063 134466 0 1.44271 0.163323 0
14.9037 -4.07777 0.709758 0.639337 0.686117 1.07533 103708 0 1.66618 0.163096 1
49.1345 38.1696 1.81002 2.00115 4.47079 1.62438 165591 0 -1.53602 0.162778 0
69.0665 2.62428 0.790694 0.80346 0.854415 1.70467 113705 0 -1.00926 0.16225 1
