44.329 -6.92693 1.44747 2.92486 7.80562 3.20236 99588 0 1.61638 0.966249 0
18.3961 11.7407 1.04072 2.1244 4.87341 1.53413 126651 0 1.63669 0.948717 0
-6.84196 11.3452 0.965945 1.96985 4.54276 1.45326 126104 0 -1.48771 0.940954 0
10.6554 12.7439 1.19678 2.2424 5.17959 1.89134 128031 0 -1.57008 0.938455 0
-1.96593 11.0515 1.17985 2.04632 4.56397 1.80618 125651 0 1.62514 0.920689 0
-0.864754 17.0883 1.37405 2.09848 4.7641 1.85128 134547 0 1.64271 0.916614 0
30.8481 9.35857 1.14689 1.98868 4.49292 1.71365 123414 0 -1.45351 0.915471 0
30.6119 15.9224 1.23388 1.96946 4.4607 1.68512 132773 0 -1.49319 0.903505 0
-54.5954 -4.87313 -0.804942 2.09942 4.519 1.56783 102087 0 -1.54639 0.902684 0
36.0818 9.07265 1.05245 2.00766 4.60232 1.50441 122962 0 1.67557 0.89587 0
-18.7412 19.7204 0.981735 2.13547 4.67323 1.96145 138235 0 1.71332 0.885844 0
10.6972 15.823 1.2603 2.22582 5.12939 1.86805 132711 0 -1.51516 0.885505 0
-44.6839 -11.087 -0.821768 2.04374 4.52841 1.72839 93226 0 0.0327791 0.879881 0
-29.8877 6.60121 -0.118826 2.12574 4.96586 1.55113 119012 0 -1.2935 0.878507 0
-19.0419 11.4818 0.829998 2.01686 4.573 1.77682 126066 0 1.68122 0.878288 0
13.3098 41.1362 1.87207 2.15438 4.99591 1.89955 169691 0 -1.52596 0.875874 0
18.6445 15.4283 1.24318 2.26869 4.99776 1.742 132268 0 1.61224 0.873874 0
48.7391 5.66798 1.13655 2.17348 5.11299 1.86602 117854 0 -1.48127 0.869662 0
-20.6366 32.7082 1.15139 2.34194 5.45179 1.81864 157417 0 -1.18932 0.867715 0
-6.55791 17.4532 1.09254 2.05701 4.75792 1.53782 134997 0 -1.50905 0.867682 0
11.7163 22.2942 1.4235 1.93454 4.32844 1.6981 142074 0 -1.52288 0.861017 0
65.6784 -4.58714 0.991926 2.17162 4.89854 1.88325 102931 0 -1.19238 0.852858 0
31.1861 30.9449 1.3583 2.1238 4.87717 1.52521 154771 0 1.58288 0.852583 0
48.3984 8.50959 0.989374 2.04886 4.67361 1.64033 122065 0 -1.49858 0.85255 0
-19.6741 7.96274 0.679829 1.9427 4.52725 1.53958 120916 0 1.60165 0.848892 0
17.3781 22.8369 1.48606 2.11546 4.98209 1.66386 143028 0 1.62258 0.846487 0
7.93987 44.5798 1.73487 2.01504 4.69156 1.55382 174822 0 0.0116017 0.844905 0
11.3867 19.3981 1.20585 1.96355 4.54438 1.48721 137861 0 -1.59328 0.843438 0
30.9425 12.2986 1.0719 1.91273 4.313 1.46819 127626 0 1.61132 0.841951 0
17.6987 19.9947 1.2156 2.04686 4.78352 1.48217 138817 0 1.63893 0.841596 0
-42.9845 5.89363 -0.305834 1.91531 4.19123 1.49261 118035 0 1.87875 0.838209 0
-18.4118 14.0006 0.8148 2.08144 4.73554 1.82085 129812 0 1.77177 0.832326 0
13.8891 38.1876 1.72534 2.08231 4.80601 1.63159 165481 0 -1.5308 0.827305 0
-6.55923 20.2963 1.18633 2.08955 4.93619 1.43877 139209 0 -1.53802 0.822203 0
-1.16585 14.1511 1.10233 1.89482 4.26205 1.5716 130334 0 1.70432 0.811436 0
0.185791 31.7561 1.75685 2.21982 5.07171 1.90274 156078 0 1.64393 0.809383 0
0.129578 29.0146 1.36991 1.98851 4.49922 1.56011 151866 0 1.61923 0.809308 0
-0.400818 22.9201 1.44577 2.17344 5.12974 1.84345 142972 0 -1.48785 0.808408 0
11.4196 26.1213 1.33027 1.88814 4.39615 1.47791 147689 0 -1.51651 0.801895 0
-49.134 4.56097 -0.335654 2.15731 4.85192 1.69496 116144 0 -1.25927 0.80017 0
-21.897 -3.55991 0.123979 2.12749 4.8026 1.51205 104061 0 -1.84638 0.799399 0
-36.5391 -11.4271 -0.714032 2.32179 5.01769 2.07761 92783 0 0.0457896 0.797965 0
9.5469 -4.97766 0.819955 0.872262 0.913805 1.73142 102287 0 1.78997 0.797293 1
17.4351 25.7502 1.57341 2.27561 5.41436 1.72427 147240 0 1.61327 0.783529 0
13.3056 46.9205 1.68148 1.91574 4.34925 1.49392 178115 0 -1.53734 0.782015 0
11.6319 -6.57893 0.749817 0.817107 0.897046 1.65151 99954 0 -2.31269 0.78069 1
28.9135 -5.32961 0.80101 0.96109 0.983523 1.63012 101880 0 -0.651389 0.780423 1
-42.3007 -11.6245 -0.790552 2.03416 4.48481 1.641 92297 0 0.120081 0.779584 0
12.9496 32.3856 1.42909 2.08299 4.88819 1.51163 157054 0 -1.52655 0.779325 0
-0.153732 26.3495 1.28169 2.01828 4.65536 1.50747 148121 0 1.6277 0.777019 0
14.9076 58.4331 1.88883 1.99713 4.5727 1.52108 194968 0 -1.41322 0.774186 0
-64.1162 6.96813 -0.39825 2.15859 4.81536 1.76796 119373 0 -1.25349 0.769943 0
-5.90459 26.1067 1.57883 2.06291 4.66011 1.65422 147635 0 -1.51526 0.769896 0
30.9436 27.5821 1.38447 2.05413 4.66914 1.46745 150090 0 1.60496 0.767665 0
-6.27071 14.4788 1.01876 2.02976 4.6645 1.51272 130786 0 -1.49867 0.764246 0
-46.2417 56.1809 0.745357 2.05216 4.59216 1.55197 191501 0 -1.27822 0.762293 0
15.7218 -6.79401 0.828462 0.871765 0.972127 1.78441 99499 0 1.66246 0.757257 1
-44.5789 20.3474 -0.052341 2.10028 4.72925 1.58235 139090 0 -1.20201 0.756381 0
-27.7133 14.6639 0.38892 1.98451 4.60074 1.85991 130719 0 1.83075 0.755215 0
-41.1547 11.6824 -0.12857 1.70568 3.86846 1.45066 126465 0 1.8612 0.749464 0
26.9655 8.14561 1.10986 0.879771 0.960796 1.80564 121530 0 0.0944397 0.746862 1
-18.4692 16.8792 0.690012 1.82593 4.08742 1.50713 134024 0 1.72186 0.745325 0
48.8684 11.5977 1.1661 1.96325 4.37901 1.69951 126746 0 -1.52174 0.74302 0
12.6327 29.2491 1.42668 1.9769 4.65168 1.45122 152373 0 -1.51611 0.741911 0
14.1554 -4.72511 0.866853 0.8529 1.01518 1.77057 102770 0 -1.51907 0.739009 1
36.3459 12.0954 1.22506 2.11441 4.85838 1.66983 127175 0 1.6052 0.738853 0
-18.1181 22.8943 0.810163 2.04756 4.56599 1.54569 142917 0 1.61192 0.729128 0
36.369 15.3018 1.20503 1.96997 4.55672 1.51203 131855 0 1.6314 0.727864 0
-53.9742 47.8264 0.651543 2.04291 4.55327 1.5997 179309 0 -1.10514 0.718979 0
41.1266 27.2934 1.49587 0.853318 0.82912 1.76729 149654 0 -2.31255 0.716498 1
8.90526 -6.16754 0.821504 0.921001 0.973973 1.66403 100413 0 1.88473 0.713137 1
13.3093 43.9986 1.73863 1.99513 4.51994 1.61817 173903 0 -1.55191 0.711414 0
14.9302 64.7137 2.00852 2.02251 4.59887 1.56309 204328 0 -1.50653 0.710851 0
-61.3657 14.507 -0.410046 1.94658 4.29958 1.63656 130614 0 -1.15954 0.706915 0
-56.2041 27.1245 0.189257 1.95049 4.25851 1.56799 148882 0 -1.24087 0.703453 0
-38.8752 19.6529 0.0259521 2.01331 4.70112 1.60472 138172 0 1.8495 0.697654 0
-19.6838 35.3531 1.10584 2.05961 4.64678 1.52966 161164 0 -1.15738 0.69487 0
15.2696 55.4328 2.24156 2.03469 4.5511 1.76956 190757 0 -1.50371 0.693577 0
-34.0141 5.88152 -0.212976 0.799872 0.803084 1.64701 118063 0 -1.3344 0.690641 1
-21.3355 29.8764 0.843017 2.04328 4.53008 1.49497 153203 0 -1.26764 0.684583 0
30.8468 21.6856 1.20169 1.88008 4.34162 1.40576 141198 0 -1.51808 0.684437 0
31.4978 35.7744 1.62952 2.04375 4.71596 1.64695 161792 0 1.62462 0.678295 0
-5.30025 40.8037 1.68796 2.02883 4.61599 1.48978 169165 0 -1.48722 0.677166 0
50.4579 34.9421 1.75081 2.05509 4.62016 1.55254 160915 0 -1.5379 0.674811 0
54.2131 5.34178 1.14655 2.00077 4.83346 1.77377 117403 0 1.64682 0.672627 0
2.11055 55.5068 2.28324 2.41168 5.57815 2.0031 190716 0 1.52745 0.665792 0
-40.4234 14.5481 -0.0719295 2.01502 4.51724 1.56702 130679 0 1.83584 0.663263 0
18.4354 31.8264 1.39302 2.02192 4.58347 1.51634 156135 0 1.57499 0.653945 0
15.1067 -4.3802 0.7066 0.63237 0.730711 0.823373 103241 0 -1.46535 0.652044 1
30.8698 18.7776 1.12608 1.83889 4.38204 1.42787 136986 0 -1.51079 0.65079 0
14.9174 67.6531 2.29545 1.98744 4.39286 1.76336 208540 0 -1.55992 0.642667 0
31.8258 38.9113 1.82712 1.95164 4.36788 1.60623 166473 0 -1.50022 0.629702 0
28.2507 -6.29893 0.813444 0.943339 1.06504 1.6555 100474 0 -1.49542 0.622856 1
19.0015 37.888 1.82347 2.0356 4.67029 1.60438 165029 0 1.59704 0.619553 0
-32.1483 42.1185 1.11876 1.96615 4.52995 1.6581 170953 0 1.89932 0.615256 0
-48.1578 7.13704 -0.412202 2.02685 4.51903 1.65045 119891 0 -1.26991 0.614282 0
37.2505 30.1943 1.67464 2.57385 6.0652 1.97372 153854 0 -1.49392 0.613126 0
-40.1121 17.1284 0.127798 1.97807 4.28414 1.81005 134424 0 1.83208 0.611666 0
-6.23756 31.8974 1.66186 2.21532 5.09345 1.56564 156058 0 -1.54086 0.604561 0
-32.5338 39.1403 0.765111 1.95185 4.42921 1.44219 166740 0 1.90066 0.599367 0
-5.2717 44.2986 2.02595 2.06867 4.60781 1.74014 174313 0 -1.51111 0.591089 0
-47.2183 12.2974 -0.392116 1.97639 4.39073 1.564 127382 0 -1.2615 0.587304 0
-16.3785 -14.5783 0.357026 0.881749 0.957439 1.73199 88166 0 -1.84073 0.56408 1
-28.6405 9.16699 -0.00223893 1.97401 4.3659 1.49613 122760 0 -1.34661 0.555502 0
36.9329 26.8179 1.32485 2.04877 4.78642 1.50445 148705 0 1.66328 0.550628 0
36.3327 21.187 1.37054 2.05857 4.82103 1.56796 140747 0 1.60253 0.545053 0
-44.2783 23.1595 0.222299 2.05404 4.51695 1.65022 143303 0 -1.20336 0.54455 0
17.7544 28.6701 1.38614 2.00216 4.65494 1.46625 151453 0 1.59108 0.530429 0
-47.5476 9.72599 -0.011027 2.26433 5.26318 1.93959 123637 0 -1.28558 0.528329 0
-42.0935 9.40228 -0.249745 2.09404 4.64156 1.5411 123186 0 1.80704 0.525763 0
-27.6812 17.7279 0.555992 2.11642 4.70581 1.79222 135399 0 1.81552 0.525091 0
32.7973 56.8345 1.85909 1.94353 4.41486 1.51296 192684 0 -1.55888 0.522029 0
41.1641 27.7002 1.34132 0.70009 0.724397 1.49315 150122 0 -1.84799 0.521792 1
-69.2432 5.24483 -0.560327 2.07624 4.64819 1.72689 117017 0 1.92419 0.512636 0
19.345 40.7981 1.96973 2.03899 4.70791 1.52101 169242 0 1.6273 0.509954 0
-19.0462 38.2771 0.847883 2.04179 4.57541 1.48766 165378 0 -1.18236 0.508233 0
19.0243 46.5614 2.08941 1.98382 4.44963 1.56081 177665 0 1.59001 0.504152 0
-62.2506 11.7124 -0.353978 1.8981 4.21479 1.54263 126399 0 -1.24965 0.49648 0
-46.5522 14.8184 -0.199711 2.03324 4.43753 1.58438 131128 0 -1.26735 0.495256 0
41.1228 27.1642 1.47768 0.821933 0.788273 1.74833 149186 0 -2.52588 0.486367 1
14.1549 -3.96881 1.00149 0.920555 1.05597 1.92505 103706 0 -1.34303 0.483626 1
28.3119 -6.44614 0.821938 0.892962 1.03974 1.67399 100006 0 -1.60707 0.479454 1
-44.3222 58.3929 1.16916 2.13241 4.66979 1.67335 194783 0 -1.3171 0.479186 0
-24.5127 22.2574 0.594599 2.02952 4.48063 1.56938 141961 0 -1.35408 0.47889 0
-4.35656 58.9674 2.23766 2.04295 4.62085 1.667 195844 0 -1.54747 0.476106 0
-28.9738 9.34325 0.00266993 2.03906 4.52991 1.52031 123227 0 -0.790915 0.470559 0
-62.2588 11.933 -0.360245 2.00541 4.47477 1.56214 126867 0 -2.01273 0.470433 0
4.56829 40.0402 1.80539 0.869709 0.778481 1.75511 168260 0 -0.111147 0.454779 1
-45.8791 17.8171 -0.065603 2.08059 4.61158 1.71651 135342 0 -1.23669 0.451222 0
54.5441 11.092 1.2241 1.99323 4.57359 1.52304 125828 0 1.65762 0.449812 0
49.1271 14.5447 1.26306 2.03544 4.66219 1.64886 130959 0 -1.54222 0.441043 0
-37.9183 22.2725 0.3189 1.97045 4.32459 1.75866 141919 0 1.79684 0.441018 0
28.7673 -5.35014 0.796041 0.970745 1.0061 1.62842 101879 0 -0.666473 0.431978 1
28.9086 -5.47775 0.801802 1.01341 1.01104 1.63352 101412 0 -0.46959 0.41934 1
31.8343 45.2381 1.93613 2.02313 4.53848 1.53554 175833 0 -1.53934 0.413941 0
11.5012 -6.57713 0.761365 0.82826 0.891418 1.66056 99953 0 -2.09681 0.403365 1
-27.0928 17.4759 0.583894 2.0734 4.71777 1.76119 134933 0 1.77843 0.388495 0
15.1265 -4.51122 0.652447 0.616492 0.709717 0.804979 102773 0 -1.30304 0.384658 1
37.3614 34.808 1.53636 0.793315 0.8621 1.63065 160406 0 0.546544 0.38309 1
48.8334 14.2986 1.21205 1.93528 4.4162 1.58456 130490 0 -1.56183 0.382026 0
-29.2506 9.37516 0.00332743 2.06082 4.62117 1.52934 123226 0 1.26697 0.381049 0
9.51268 -5.16618 0.818003 0.9012 0.908711 1.70886 101819 0 1.80651 0.379055 1
53.9614 8.16003 0.940452 1.82321 4.20228 1.47492 121614 0 1.69365 0.37697 0
14.1699 -3.78403 0.949245 0.867442 0.996211 1.8554 104174 0 1.63797 0.376167 1
-5.28773 28.9757 1.32932 2.04732 4.69633 1.53491 151849 0 -1.46817 0.373189 0
1.07271 43.6716 1.66054 1.97085 4.41662 1.51332 173397 0 1.55146 0.369517 0
14.8869 70.5554 2.32614 1.9884 4.46293 1.60299 212752 0 -1.56517 0.368923 0
28.6739 -5.53378 0.79067 0.84427 0.908247 1.48739 101411 0 -0.835529 0.367743 1
37.2794 44.6106 1.83485 1.94543 4.47115 1.52308 174914 0 1.62608 0.367734 0
-67.6812 2.4861 -0.517692 0.835995 0.870521 1.68199 112810 0 -1.24832 0.362376 1
49.4519 20.3353 1.35899 2.0052 4.42461 1.59005 139384 0 -1.62443 0.36216 0
20.2893 40.821 1.98889 1.98852 4.4558 1.53833 169245 0 1.59738 0.361116 0
-3.68797 64.5039 2.41717 2.01449 4.50445 1.61352 203802 0 -1.46626 0.360254 0
37.3738 34.9533 1.53338 0.815136 1.15287 1.62261 160874 0 1.03807 0.354444 1
28.3652 -5.60467 0.689006 0.654355 0.713017 1.12833 101410 0 -0.997407 0.352328 1
41.1667 27.8764 1.31403 0.678366 0.730077 1.43841 150590 0 -1.59752 0.348649 1
-24.1995 22.52 0.594289 2.01309 4.41588 1.5805 142430 0 -1.40377 0.341191 0
15.1882 73.7678 2.47315 2.07475 4.62915 1.73622 217433 0 -1.58124 0.33774 0
37.534 35.0076 1.52325 0.837607 1.36138 1.61563 160875 0 -1.261 0.33754 1
42.7416 56.0863 2.16286 0.834112 0.862403 1.73242 191779 0 0.354272 0.336812 1
-61.9908 11.9199 -0.380206 1.90241 4.11684 1.53347 126868 0 -2.3441 0.333539 0
-22.5508 -9.36704 0.772138 0.802163 0.859801 1.72787 95635 0 -2.45873 0.333113 1
11.6431 -6.74004 0.767052 0.860072 0.93522 1.67024 99486 0 -2.32022 0.332009 1
-41.3862 11.4572 -0.149223 1.87705 4.27823 1.52019 125996 0 1.8344 0.329592 0
1.7196 52.6479 1.9228 1.9367 4.31991 1.57523 186503 0 1.5608 0.327368 0
-1.12374 20.0111 1.35061 2.04339 4.83932 1.60712 138758 0 1.70337 0.325456 0
32.7965 54.1847 1.82422 1.9056 4.28539 1.46576 188940 0 -1.55239 0.325063 0
-0.521255 19.1283 1.37216 0.829203 0.896402 1.71387 137356 0 0.737884 0.324732 1
28.5887 -6.3287 0.776195 0.941614 1.05789 1.5948 100475 0 -1.58096 0.324283 1
49.7307 20.6301 1.38604 2.10342 4.70394 1.64738 139853 0 -1.66515 0.322694 0
14.9804 -4.51233 0.734506 0.622011 0.722219 0.91848 102772 0 -1.42102 0.321273 1
-67.674 11.3518 -0.575584 1.97622 4.40513 1.52796 125914 0 -1.10861 0.319985 0
-0.517868 19.2765 1.35491 0.848901 1.09125 1.67958 137824 0 1.64367 0.31972 1
28.5836 -6.49126 0.758648 0.881811 1.00528 1.51993 100007 0 -1.59093 0.318576 1
19.3153 31.8563 1.42471 2.17525 4.94937 1.56513 156138 0 1.58579 0.31791 0
-34.0578 5.21326 -0.297918 0.69415 0.694342 1.42576 117127 0 -1.36882 0.31484 1
-44.9392 58.6456 1.05148 2.47372 5.88362 1.95791 195249 0 -1.28307 0.311794 0
-29.2192 9.23086 0.00534061 2.03337 4.56356 1.52021 122758 0 -1.19968 0.310517 0
37.499 34.8174 1.54855 0.81721 1.09541 1.60881 160407 0 -0.432582 0.309201 1
-44.108 20.3005 -0.099254 1.75929 3.75696 1.50712 139092 0 -1.20251 0.307254 0
31.8573 54.1995 1.76525 1.92932 4.43995 1.46571 188937 0 -1.57151 0.306143 0
-4.64887 49.4786 1.90852 1.99045 4.60558 1.60307 181803 0 -1.4992 0.306107 0
31.2532 39.0988 1.80684 2.07163 4.72324 1.60167 166939 0 -1.51629 0.305465 0
-34.743 33.7336 0.739977 2.01005 4.59379 1.57454 158777 0 1.80535 0.304213 0
-5.27732 68.2879 2.58251 2.02659 4.68207 1.61403 209413 0 -1.48308 0.301229 0
17.4715 28.3974 1.40489 2.01578 4.621 1.47489 150984 0 1.60225 0.30119 0
-36.0044 30.2623 0.436197 1.92133 4.2445 1.5087 153625 0 1.49122 0.300456 0
-68.9953 5.5069 -0.575976 2.02972 4.49836 1.70103 117486 0 2.11969 0.30041 0
51.3265 47.2032 1.94528 2.12068 4.70336 1.62315 178702 0 0.700632 0.300306 0
-34.7019 33.4838 0.730109 1.99049 4.53935 1.56044 158309 0 1.49566 0.298528 0
53.9172 28.9561 1.56631 2.02173 4.543 1.52543 152034 0 -1.65932 0.298143 0
50.3948 37.9092 1.73559 1.88359 4.25545 1.47193 165127 0 -1.57319 0.297436 0
-4.31504 64.7635 2.43911 2.14752 4.87447 1.71165 204268 0 -1.5058 0.296429 0
51.0527 47.491 1.94968 2.0679 4.54002 1.64033 179169 0 0.351823 0.296014 0
51.6892 46.5614 1.89159 2.00608 4.56134 1.55134 177767 0 -1.15042 0.29357 0
15.182 70.2972 2.3239 2.02583 4.57842 1.66124 212285 0 -1.55814 0.293184 0
-5.60536 59.0375 2.21163 1.95264 4.51296 1.63581 195840 0 1.61469 0.292013 0
-5.34591 31.823 1.6228 2.11941 5.00993 1.60812 156061 0 -1.49086 0.290517 0
51.3518 46.8937 1.93766 1.99642 4.45839 1.54638 178234 0 1.04274 0.28938 0
28.9318 -6.27109 0.717487 0.836927 0.895546 1.37094 100476 0 -1.55816 0.288205 1
18.7606 41.0238 1.88568 2.02566 4.70704 1.51724 169708 0 1.62518 0.287514 0
-35.3284 33.7896 0.710787 1.98723 4.49034 1.56725 158775 0 1.89189 0.287225 0
-47.5791 6.9047 -0.342543 1.86343 4.08712 1.58191 119425 0 -1.26187 0.287157 0
32.4644 35.7709 1.64695 2.22885 5.35571 1.78497 161795 0 -1.53471 0.287141 0
18.3695 28.8911 1.38724 2.0121 4.70505 1.49837 151923 0 1.60836 0.284599 0
33.4085 57.0341 1.91075 2.04301 4.55343 1.62325 193154 0 -1.5996 0.284024 0
-39.1282 19.468 -0.0162115 1.7161 4.06581 1.56647 137703 0 1.87316 0.281701 0
-67.6794 2.61124 -0.497647 0.839061 0.867199 1.67138 113278 0 -1.16247 0.281428 1
-35.0236 30.2864 0.398285 1.91557 4.38028 1.53852 153628 0 1.60015 0.280874 0
19.6791 41.0219 1.97749 1.96101 4.36691 1.51004 169711 0 1.60711 0.280671 0
2.65972 55.2869 2.18252 2.1329 4.70905 1.86956 190250 0 1.48909 0.280144 0
-22.5764 -9.22141 0.785847 0.769486 0.856935 1.72394 96103 0 -1.99172 0.276203 1
9.00108 -6.04548 0.806704 0.931678 0.932917 1.68892 100882 0 2.02508 0.27579 1
14.5853 70.8283 2.31201 1.94248 4.30592 1.54183 213219 0 -1.57688 0.275392 0
21.2875 67.0517 2.26758 2.06725 4.69975 1.70108 207624 0 1.66719 0.275238 0
-3.39388 64.7443 2.39047 2.10049 4.82143 1.6806 204271 0 -1.48771 0.274767 0
28.2916 -5.94855 0.782585 0.881684 0.956048 1.48255 100942 0 -1.37872 0.274205 1
14.1289 -3.06732 0.796349 0.798252 0.946678 1.64145 105110 0 -1.33827 0.273809 1
14.1699 -4.29937 0.883667 0.886319 1.04198 1.8436 103238 0 -1.47533 0.272533 1
-29.5383 9.42975 0.0066431 2.07985 4.69334 1.55232 123225 0 1.59084 0.270528 0
18.7476 40.5783 1.82239 2.05013 4.84964 1.55061 168772 0 1.6217 0.269454 0
37.9106 38.5744 1.75487 2.00815 4.47451 1.55106 166024 0 1.68453 0.269421 0
1.07974 70.5751 3.21844 2.37564 5.41721 2.05198 212709 0 2.71674 0.267883 0
-62.7954 11.7132 -0.282507 2.14657 4.91152 1.64877 126397 0 -1.22482 0.267825 0
-4.33354 49.7247 1.9366 2.0002 4.54539 1.64778 182272 0 -1.53288 0.262395 0
-35.0425 30.5051 0.389799 1.90326 4.36801 1.52923 154096 0 2.09171 0.262272 0
-25.0948 22.4679 0.628728 2.06747 4.53757 1.52441 142427 0 -1.40573 0.26195 0
55.1904 14.2102 1.07762 1.97784 4.53783 1.54917 130510 0 1.56853 0.261785 0
42.7503 55.9565 2.17318 0.842093 0.866077 1.74482 191311 0 0.369771 0.261387 1
-4.70008 44.1086 1.96602 2.03369 4.68088 1.75861 173847 0 -1.5137 0.26129 0
-0.155418 25.8893 1.33899 2.02542 4.63779 1.52314 147185 0 1.58352 0.261048 0
14.061 -4.8287 0.869305 0.846093 0.976116 1.77166 102301 0 -1.44912 0.260925 1
31.2098 45.0261 1.8918 1.95091 4.44254 1.51096 175363 0 -1.56392 0.260888 0
51.373 46.5851 1.88704 1.88986 4.12591 1.47404 177766 0 1.26494 0.260811 0
55.2103 15.2473 1.04568 1.95456 4.5018 1.5455 131914 0 1.58003 0.25995 0
-59.9973 17.136 -0.391597 2.06092 4.69294 1.60543 134362 0 -0.90899 0.259864 0
-33.094 39.4421 0.805101 2.05277 4.61521 1.55137 167206 0 1.9042 0.259144 0
37.5929 38.8562 1.73491 1.98603 4.4408 1.53875 166491 0 1.64994 0.258629 0
-4.89279 58.7868 2.24582 1.80074 4.10714 1.56046 195374 0 -1.51913 0.257892 0
-21.8379 29.6966 0.843009 2.17952 5.02648 1.58138 152733 0 -1.29975 0.257639 0
2.66003 55.741 2.23624 2.29991 4.98115 1.93277 191186 0 1.59911 0.257504 0
-68.7044 5.04141 -0.603093 1.67828 3.48919 1.59073 116551 0 1.95808 0.25709 0
49.4603 37.9494 1.81906 1.9107 4.3081 1.53021 165124 0 -1.5975 0.256975 0
13.2838 73.739 2.13733 1.98818 4.52126 1.48363 217427 0 -1.60337 0.256413 0
14.8848 74.053 2.40968 1.99012 4.37758 1.63621 217900 0 -1.7162 0.256398 0
14.0563 -3.98195 0.939925 0.90494 1.00337 1.90686 103705 0 -1.85093 0.256146 1
-35.06 34.0167 0.741054 2.02086 4.57848 1.58143 159244 0 2.01352 0.254919 0
32.4383 45.0108 1.90929 1.97257 4.49694 1.54267 175367 0 -1.52515 0.254915 0
-61.6764 11.6476 -0.435965 1.67176 3.60241 1.47487 126401 0 -1.27619 0.253192 0
46.5308 -27.9849 0.0716135 2.00811 4.54023 1.64052 68707 0 -1.39788 0.251731 0
-31.5723 41.8418 1.11074 1.80024 3.90106 1.58629 170487 0 1.88193 0.2517 0
-6.85482 29.2685 1.49994 2.09929 4.74342 1.61414 152312 0 -1.50169 0.251125 0
-32.7129 42.3851 1.10361 2.28111 5.5056 1.85735 171419 0 1.89867 0.250911 0
-61.9314 11.4316 -0.401937 1.67395 3.61307 1.48263 125932 0 -1.26299 0.250692 0
33.4242 53.985 1.83332 1.90709 4.30857 1.50883 188474 0 -1.51982 0.250607 0
-5.87233 41.0061 1.7701 2.11939 4.80014 1.52742 169631 0 -1.51228 0.250575 0
-38.4719 22.5249 0.28282 2.1238 4.85598 1.80015 142385 0 1.81702 0.249827 0
11.6474 -6.36353 0.74702 0.849348 0.969897 1.64743 100422 0 -1.86147 0.249807 1
51.7083 46.2731 1.85743 1.963 4.46716 1.52825 177299 0 -1.49278 0.249489 0
37.6005 35.3286 1.51763 1.00908 2.27877 1.54701 161343 0 1.16736 0.24901 0
1.43237 52.3832 1.94562 2.03306 4.61838 1.67845 186034 0 1.53984 0.247874 0
-59.6901 17.1281 -0.404902 2.03973 4.70006 1.59914 134363 0 -1.22974 0.247594 0
54.8899 15.4779 1.12752 1.9327 4.38318 1.51837 132381 0 1.60936 0.246586 0
19.9798 40.5801 1.97781 1.91499 4.27189 1.49304 168776 0 1.62325 0.246534 0
14.2393 73.7753 2.21098 1.94272 4.40909 1.51963 217430 0 -1.5769 0.245675 0
50.7207 37.6528 1.71289 1.85999 4.26583 1.45746 164660 0 -1.56542 0.245516 0
-37.2869 22.0281 0.335485 2.04973 4.61905 1.79486 141453 0 1.76281 0.244634 0
49.4396 14.789 1.36303 2.08784 4.74088 1.68336 131428 0 -1.54588 0.243326 0
38.2219 44.6169 1.94356 1.98667 4.53547 1.55798 174917 0 1.61451 0.243152 0
-5.26083 49.7328 1.95257 2.09308 4.77282 1.68231 182269 0 -1.54889 0.242724 0
-34.7288 30.4972 0.425326 1.9126 4.38699 1.50516 154097 0 -1.92437 0.242572 0
-20.2343 35.4201 1.18068 2.05576 4.6129 1.53638 161162 0 -1.15031 0.242562 0
14.9268 64.2891 1.96992 2.00578 4.66024 1.54697 203392 0 -1.40692 0.24193 0
-36.2971 30.5112 0.474256 1.997 4.44074 1.55945 154092 0 1.59025 0.241604 0
-60.3102 17.1397 -0.385585 2.04963 4.63556 1.59464 134361 0 1.76311 0.241593 0
-48.5625 4.54435 -0.412616 1.80303 3.87884 1.52732 116146 0 -1.23585 0.241529 0
51.9594 46.5438 1.88825 2.15701 4.98212 1.67411 177768 0 -1.52977 0.241514 0
28.106 -6.44405 0.815988 0.880617 0.991049 1.68005 100005 0 -1.73192 0.241348 1
11.8832 26.3137 1.30282 2.17146 5.20022 1.59101 148159 0 -1.52956 0.240104 0
49.7362 14.3059 1.27825 1.9881 4.4463 1.64541 130493 0 -1.54035 0.23958 0
2.08347 54.9831 2.2534 2.42029 5.64028 1.98529 189780 0 1.44236 0.238988 0
-3.36348 55.8513 2.00842 2.04824 4.57409 1.57868 191167 0 -1.55734 0.238543 0
-35.6682 30.5104 0.393134 1.9226 4.34396 1.51495 154094 0 1.74476 0.23827 0
37.8905 44.3985 1.85001 1.90081 4.38982 1.53452 174448 0 1.6041 0.238181 0
-3.97068 64.2112 2.45653 1.97714 4.41607 1.63219 203333 0 -1.39573 0.238006 0
41.3104 27.6918 1.35094 0.70157 0.720501 1.53396 150123 0 -2.03995 0.23782 1
-34.0669 5.07265 -0.342156 0.697077 0.6946 1.42875 116659 0 -1.99529 0.237367 1
30.326 18.9285 1.11529 1.80869 4.26364 1.4382 137452 0 -1.55028 0.237053 0
-6.85729 26.152 1.59496 2.14529 4.9501 1.69387 147632 0 -1.43979 0.236759 0
-69.5117 5.03283 -0.517239 2.17402 4.93689 1.77775 116548 0 -1.51453 0.236563 0
-67.943 11.0721 -0.580356 2.07206 4.62611 1.58169 125445 0 -1.16733 0.236417 0
49.4762 20.9095 1.36565 2.03403 4.40744 1.58284 140320 0 -1.81026 0.235621 0
-17.4782 22.8882 0.838163 2.08049 4.54885 1.58025 142919 0 -1.43304 0.234881 0
15.4858 73.4947 2.57223 2.14023 4.82857 1.80871 216966 0 -1.53738 0.233927 0
14.5129 -4.65072 0.856501 0.774255 1.02226 1.48764 102771 0 -1.60504 0.233429 1
54.0053 11.0597 1.14159 1.61631 3.52962 1.37434 125826 0 1.67133 0.233279 0
68.9622 11.6991 1.08635 2.02961 4.57254 1.59991 126809 0 -0.304026 0.232463 0
37.5577 26.7918 1.31162 2.04615 4.69531 1.5144 148707 0 -1.58843 0.232461 0
-6.23015 29.0295 1.48795 2.07963 4.65841 1.57227 151846 0 -1.48268 0.232437 0
19.9576 37.9479 1.88945 2.03157 4.54497 1.58916 165032 0 -1.57308 0.232206 0
38.2438 38.2543 1.79232 1.96104 4.33308 1.55321 165557 0 1.69037 0.231602 0
-54.4831 48.1079 0.688142 2.35867 5.76765 1.89837 179775 0 -1.10662 0.231195 0
-27.1136 14.557 0.407084 2.26885 5.61503 1.94117 130721 0 1.83106 0.231149 0
-45.2995 17.5066 -0.0643815 2.12066 4.77505 1.75537 134876 0 -1.21966 0.230865 0
45.9111 -30.5585 -0.131842 1.95121 4.37117 1.59886 64961 0 -1.38602 0.23045 0
49.1436 20.0579 1.36461 1.98137 4.37242 1.54844 138915 0 -1.48595 0.229915 0
50.0402 14.5455 1.31324 2.03028 4.57517 1.65196 130962 0 -1.55104 0.229165 0
35.7549 21.06 1.33754 1.93083 4.41857 1.55897 140277 0 1.58941 0.229136 0
-5.00217 29.2151 1.23041 2.02575 4.75663 1.50165 152318 0 -1.4798 0.228641 0
14.1417 -3.30547 0.842083 0.842252 0.986485 1.71485 104642 0 1.50994 0.22861 1
-3.69841 49.4552 1.92831 2.04007 4.63882 1.66618 181806 0 -1.50083 0.228595 0
0.821152 70.8678 3.2119 2.13061 4.82881 1.88268 213176 0 2.23197 0.228242 0
-34.0914 33.1425 0.750449 2.04541 4.64082 1.52618 157843 0 1.78342 0.22722 0
40.9409 27.3145 1.48722 0.878853 0.826226 1.76371 149653 0 -2.15666 0.226513 1
-43.4103 58.1121 1.07635 2.20521 5.0928 1.69041 194318 0 -1.31937 0.226275 0
-34.0125 5.72137 -0.209076 0.838789 0.822284 1.64937 117595 0 -1.28347 0.225239 1
30.9315 38.9432 1.74581 1.92945 4.41344 1.59024 166470 0 -1.3196 0.225153 0
-27.411 17.9821 0.586152 2.118 4.6987 1.75923 135868 0 1.80953 0.224932 0
-25.4259 22.4962 0.638237 2.0584 4.55088 1.50689 142426 0 1.42593 0.224464 0
-67.4077 11.6375 -0.606399 1.90123 4.23092 1.51783 126383 0 -1.10967 0.22434 0
-60.3308 17.4022 -0.36241 2.06103 4.65932 1.61783 134829 0 -0.69747 0.223569 0
30.9283 39.1069 1.76572 2.04506 4.71482 1.59118 166938 0 1.016 0.222451 0
36.3867 30.2347 1.69215 2.20925 4.98251 1.83714 153851 0 -1.46189 0.222365 0
9.79592 -8.7522 0.795205 0.84684 0.890641 1.68413 96672 0 0.0960828 0.221056 1
12.315 73.4963 2.25452 1.98005 4.35986 1.55205 216956 0 -1.65615 0.221046 0
-60.6375 17.4254 -0.361186 2.09445 4.67096 1.65299 134828 0 1.69836 0.219929 0
-34.3913 33.1735 0.677522 1.99988 4.5452 1.55408 157842 0 1.53647 0.219645 0
-46.0089 14.7988 -0.24997 2.00566 4.40464 1.58854 131130 0 -1.24378 0.217557 0
51.3461 37.9095 1.75016 1.96151 4.38947 1.54598 165130 0 -1.57991 0.217299 0
36.8547 15.4426 1.18716 2.26281 5.64545 1.67626 132325 0 1.5947 0.217075 0
15.5 55.0054 2.17908 2.09679 4.83128 1.79531 189822 0 -1.40904 0.21629 0
21.5899 66.7795 2.23752 1.97392 4.54503 1.66079 207157 0 1.63696 0.216016 0
2.05276 52.9095 1.94777 1.87969 4.16728 1.5344 186972 0 1.57885 0.21593 0
54.2833 10.837 1.20024 1.74303 3.9044 1.43973 125359 0 1.69861 0.215833 0
-64.0582 3.10223 -0.540464 0.788656 0.872765 1.61176 113757 0 -0.245906 0.215529 1
-46.9499 12.5463 -0.389982 1.91482 4.17871 1.52968 127851 0 -1.24728 0.214962 0
26.9812 7.98077 1.09062 0.941048 1.04877 1.82303 121062 0 0.105814 0.212302 1
14.8784 74.3906 2.67069 2.01489 4.73035 1.68652 218368 0 -1.78945 0.212294 0
-19.142 35.2834 1.05752 2.10304 4.73029 1.59533 161166 0 -1.13803 0.211685 0
22.2174 67.0295 2.32508 2.00898 4.5564 1.66395 207627 0 1.70749 0.211512 0
55.8253 34.0803 1.60751 2.08442 4.81793 1.66563 159528 0 1.69105 0.211486 0
-4.35205 58.497 2.16108 1.92362 4.33013 1.64746 194908 0 -1.50509 0.210735 0
36.9597 44.8614 1.89572 1.95204 4.34736 1.50703 175381 0 1.63858 0.21071 0
4.43852 39.9647 1.81427 0.876301 0.831155 1.76572 167791 0 -0.0331595 0.210221 1
9.54411 -4.78617 0.815685 0.852503 0.872622 1.74622 102755 0 1.73645 0.209938 1
-1.43653 19.7501 1.36911 2.00172 4.60807 1.65168 138289 0 1.76 0.209833 0
28.6265 -5.90901 0.770944 0.855954 0.976612 1.52658 100943 0 -1.27193 0.209325 1
-63.9459 3.1134 -0.545593 0.80269 0.863665 1.63043 113758 0 -0.63886 0.209293 1
28.0712 -6.0246 0.781795 0.830834 0.913317 1.50999 100941 0 -1.38752 0.208806 1
-45.3516 17.9886 -0.0638806 2.10196 4.65123 1.73523 135812 0 -1.23942 0.208311 0
50.0714 38.1731 1.75108 1.96469 4.40332 1.5048 165594 0 -1.57758 0.206967 0
55.807 15.4454 1.17112 1.99376 4.56609 1.59202 132384 0 1.61665 0.206738 0
49.4466 23.5366 0.861732 1.86022 4.25619 1.42481 144064 0 -1.61883 0.206395 0
-0.816399 19.732 1.36181 1.95605 4.47301 1.65816 138291 0 1.66102 0.206172 0
15.4512 67.9102 2.26414 2.34093 5.37233 1.95729 209010 0 -1.59452 0.205166 0
-5.58244 49.4744 1.97321 2.11353 4.85771 1.71512 181800 0 -1.5327 0.205038 0
37.6083 35.6247 1.54351 1.56409 3.70838 1.51971 161811 0 1.53113 0.204816 0
39.5236 53.3051 1.76496 1.99559 4.49397 1.59578 187557 0 1.81101 0.204483 0
9.81036 -8.5407 0.799547 0.827436 0.868492 1.67048 97140 0 0.126116 0.204154 1
3.01357 43.0521 1.35159 0.847602 1.36071 1.72694 172467 0 3.0807 0.203174 2
-35.3588 31.5307 0.631223 1.94426 4.26609 1.53468 155499 0 2.74737 0.202567 0
41.3115 27.3289 1.47395 0.867949 0.869871 1.76718 149655 0 -2.46214 0.202489 1
-42.6626 9.23904 -0.261843 2.10363 4.56759 1.60482 122716 0 1.74553 0.202233 0
31.5662 38.6678 1.80799 1.82415 4.09587 1.58441 166004 0 -1.49839 0.201706 0
0.864731 70.2723 3.1719 2.38631 5.42298 2.02635 212240 0 2.96662 0.200648 0
-47.1678 15.1254 -0.213392 2.29811 5.14657 1.71012 131594 0 -1.23996 0.200623 0
15.4875 55.7222 2.23699 2.23194 5.1 1.88449 191226 0 -1.55994 0.200232 0
54.8807 28.705 1.64478 2.13019 4.79224 1.72413 151569 0 -1.54518 0.199948 0
-4.65502 68.0738 2.5431 1.82193 4.25988 1.56181 208947 0 -1.46762 0.199878 0
12.3936 29.5018 1.43556 1.83146 4.20153 1.43859 152840 0 -1.52876 0.199297 0
38.5446 38.862 1.83738 1.99055 4.43077 1.6106 166494 0 1.62357 0.199294 0
54.5998 13.9633 1.16143 2.00038 4.50939 1.55617 130040 0 1.5845 0.199255 0
-4.31403 49.1853 1.91947 2.00263 4.57342 1.60217 181336 0 -1.4745 0.198961 0
15.1464 65.0019 2.02158 2.18521 5.05078 1.68533 204797 0 -1.54224 0.198265 0
39.2136 53.5994 1.75908 1.9548 4.4398 1.60472 188024 0 1.76756 0.198158 0
28.8952 -6.49915 0.684758 0.798448 0.871381 1.27018 100008 0 -1.63199 0.198145 1
12.0823 29.0354 1.43052 1.75963 3.96907 1.44253 151903 0 -1.46905 0.197533 0
-34.6944 33.1813 0.67459 1.97703 4.48362 1.54326 157841 0 0.296168 0.197381 0
53.9306 29.2086 1.59856 2.03346 4.57646 1.54139 152502 0 -2.09465 0.197296 0
38.5886 35.6738 1.76137 1.96797 4.40997 1.59087 161814 0 1.61403 0.196214 0
32.1485 44.6954 1.84655 1.92287 4.28729 1.51366 174898 0 -1.5065 0.195792 0
38.5572 37.9588 1.8535 1.96372 4.32748 1.57746 165090 0 1.69084 0.195613 0
-40.4832 33.4447 0.729415 2.03575 4.54842 1.56439 158291 0 -3.08039 0.195301 0
-4.01015 65.0424 2.42661 2.16259 4.7865 1.68502 204737 0 -1.53166 0.194822 0
11.3995 -2.93322 0.747273 0.745604 0.86178 1.56854 105101 0 0.726051 0.193955 1
14.0076 -4.32582 0.908824 0.903739 0.989869 1.88055 103237 0 -1.47447 0.193733 1
14.8862 69.9935 2.30989 1.9082 4.17617 1.59192 211816 0 -1.53356 0.193708 0
39.8202 53.5855 1.8044 2.0264 4.56104 1.64633 188026 0 2.22432 0.193618 0
-27.3382 17.2289 0.572555 2.0273 4.46188 1.75596 134464 0 1.73147 0.193434 0
15.431 67.4693 2.19519 2.20514 5.10967 1.88529 208074 0 -1.48813 0.191591 0
0.0734177 26.6156 1.25955 1.93026 4.33154 1.48658 148590 0 1.6721 0.190933 0
44.9409 -28.925 0.0911588 1.94468 4.22671 1.6166 67298 0 -3.1325 0.190621 0
29.1579 -5.30907 0.794134 0.948094 0.991267 1.64448 101881 0 -0.476424 0.190396 1
18.1492 46.5632 2.04145 1.97571 4.49642 1.60117 177662 0 1.60566 0.19037 0
-18.6433 23.1133 0.784608 2.20874 5.16791 1.61889 143383 0 1.70039 0.19013 0
-48.3848 9.81316 -0.00550771 2.6461 6.4292 2.19802 123634 0 -1.32328 0.18928 0
68.9655 11.0479 1.09636 2.022 4.46374 1.58207 125873 0 -0.259116 0.189237 0
31.5324 45.4941 2.01613 2.04958 4.57527 1.58386 176300 0 -1.50437 0.187889 0
-67.3775 10.7953 -0.538812 1.90022 4.14446 1.51254 124979 0 -1.17446 0.187811 0
-40.4975 32.4631 0.636942 1.9983 4.55734 1.57496 156887 0 -0.120639 0.187442 0
54.4833 7.90607 0.953862 1.99985 4.76371 1.575 121148 0 1.70908 0.187231 0
49.1109 14.0176 1.18834 1.84954 4.12006 1.53945 130023 0 -1.54859 0.186923 0
51.338 47.7993 1.95296 2.27413 5.22075 1.80041 179638 0 0.733329 0.186413 0
28.9451 -5.94309 0.744552 0.865602 0.939489 1.44115 100944 0 -0.625964 0.186244 1
-26.0615 22.5805 0.647364 2.01965 4.40968 1.48598 142424 0 1.7219 0.186176 0
-40.9032 11.4367 -0.131489 1.59455 3.42148 1.39166 125998 0 1.8473 0.186144 0
54.8104 5.48741 1.06873 2.08928 5.10277 1.8745 117873 0 1.63754 0.186125 0
-46.6226 12.0196 -0.396956 1.70615 3.72118 1.4994 126916 0 -1.28027 0.185355 0
48.5033 20.3261 1.26988 2.01469 4.52431 1.55095 139381 0 -1.60247 0.185014 0
1.50739 55.252 2.38942 2.53618 6.32707 2.14976 190246 0 1.51828 0.184962 0
32.5287 56.578 1.86499 1.86666 4.31087 1.48134 192215 0 -1.63848 0.184812 0
51.6736 37.6478 1.71115 1.97721 4.44522 1.57915 164663 0 -1.55807 0.184307 0
68.9667 10.0843 1.33072 2.08425 4.6387 1.6346 124469 0 -0.161208 0.184144 0
38.8735 35.3743 1.76948 2.00303 4.44568 1.60667 161347 0 1.65415 0.184014 0
55.5392 34.3712 1.57586 1.98844 4.56345 1.61437 159995 0 1.6494 0.183895 0
-62.2724 12.218 -0.37928 2.12154 4.699 1.61122 127335 0 2.06094 0.18375 0
68.9294 12.2934 1.22364 2.08271 4.6677 1.63099 127745 0 -0.206807 0.183559 0
69.273 10.3923 1.29038 2.07628 4.59703 1.62108 124938 0 -0.373116 0.183384 0
49.7827 37.6706 1.77178 1.83498 4.16329 1.46454 164657 0 -1.57263 0.183287 0
37.9248 37.9585 1.75968 1.99476 4.44436 1.53265 165088 0 1.71438 0.183133 0
14.5866 -4.34891 0.819714 0.769845 0.995523 1.49398 103239 0 -1.51093 0.182974 1
-40.4963 32.7853 0.651779 1.97108 4.56134 1.56244 157355 0 -2.77876 0.182699 0
51.9557 46.8401 1.94401 2.23618 5.19797 1.7273 178236 0 -1.19194 0.182206 0
-36.3053 29.99 0.453628 2.0139 4.47039 1.54324 153156 0 1.39012 0.181999 0
14.8628 74.7239 2.59019 2.11042 4.95307 1.70161 218836 0 -1.83455 0.181803 0
19.3379 38.1129 1.89581 2.07357 4.53925 1.61479 165498 0 1.58012 0.18176 0
-0.689339 19.1084 1.37484 0.882244 1.01209 1.72002 137355 0 0.331275 0.181107 1
50.0346 20.9183 1.35766 2.1886 4.90533 1.66566 140322 0 -1.51206 0.180905 0
38.854 38.5495 1.86826 2.01977 4.50356 1.6372 166027 0 1.63162 0.180806 0
22.5403 66.7535 2.31093 2.06588 4.64821 1.68311 207160 0 1.69347 0.180697 0
14.648 58.2039 1.85965 1.80393 4.13758 1.45128 194499 0 -1.38166 0.180406 0
26.9705 8.33575 1.10949 0.890887 1.09767 1.83908 121998 0 0.122672 0.180036 1
-67.386 11.9725 -0.617863 1.96508 4.38988 1.54682 126851 0 -1.10947 0.179956 0
-3.67373 56.1037 1.99759 2.04144 4.56002 1.58912 191634 0 -1.51461 0.179643 0
30.5988 21.3821 1.21758 1.65067 3.81984 1.35407 140729 0 -1.48755 0.179542 0
0.697403 31.6194 1.75503 1.90445 4.11162 1.81673 155612 0 1.64696 0.179452 0
52.9781 49.1302 2.06499 1.9873 4.38125 1.63366 181515 0 -1.51154 0.178984 0
31.1768 18.5124 1.13154 1.79654 4.12266 1.43536 136519 0 -1.5024 0.178565 0
15.4677 70.8351 2.40675 2.23441 5.11579 1.82678 213222 0 -1.58261 0.178237 0
14.2935 70.2861 2.26585 1.87114 4.17324 1.52412 212282 0 -1.55005 0.178229 0
-6.20316 68.3646 2.57007 1.91324 4.36334 1.65493 209410 0 -1.51605 0.177981 0
-60.9125 17.1497 -0.401306 2.135 4.78414 1.64452 134359 0 1.96178 0.177746 0
9.99776 -8.52942 0.787282 0.841697 0.8678 1.6524 97141 0 0.121926 0.177522 1
69.599 10.3983 1.29245 2.08584 4.61496 1.62505 124939 0 -0.592819 0.176898 0
-40.7694 32.7842 0.679908 2.02889 4.58627 1.59703 157354 0 -0.287927 0.17659 0
51.0351 38.179 1.76497 1.96904 4.38334 1.53533 165597 0 -1.58807 0.176141 0
32.2113 57.0142 1.91594 2.04414 4.66755 1.57491 193150 0 -1.54973 0.175997 0
44.6415 -31.502 -0.189141 2.00261 4.40268 1.61378 63553 0 -3.09521 0.175559 0
68.6736 11.382 1.06292 1.97614 4.37425 1.55696 126340 0 -0.27372 0.175087 0
42.9258 56.0988 2.22154 0.912786 1.01452 1.79738 191780 0 0.512233 0.17487 1
48.4922 23.4984 0.951784 1.9729 4.51111 1.48104 144061 0 -1.65026 0.174675 0
33.0901 56.5811 1.90344 1.83248 4.15975 1.491 192217 0 -1.50004 0.17455 0
14.5088 -3.99117 0.875261 0.817269 0.921059 1.65793 103707 0 -1.39613 0.17446 1
30.5913 45.2324 2.01626 2.04269 4.71116 1.61315 175829 0 -1.56606 0.174088 0
56.4939 22.8861 1.68264 2.12671 4.77866 1.72453 143150 0 -1.47836 0.173642 0
-7.45023 20.2885 1.15123 1.99943 4.40546 1.43794 139206 0 -1.53942 0.173277 0
-35.96 34.0836 0.727319 2.01942 4.46321 1.5874 159241 0 1.96248 0.173181 0
11.8891 -6.56767 0.757602 0.887587 1.04165 1.7117 99955 0 -2.00506 0.173154 1
30.9213 27.1763 1.4092 2.14382 4.80302 1.5054 149154 0 1.62799 0.172891 0
36.6099 14.9895 1.18068 2.11371 5.08125 1.58706 131388 0 1.63246 0.172797 0
3.30775 55.5172 2.12944 2.18954 4.58532 1.89162 190720 0 1.57221 0.172765 0
-16.3986 -14.746 0.317683 0.866298 1.15548 1.71983 87698 0 -1.62381 0.172616 1
30.622 38.9533 1.71203 1.92873 4.42584 1.58962 166469 0 1.58163 0.172503 0
49.4434 23.2306 0.859719 1.79402 4.15119 1.40016 143596 0 -1.60651 0.172251 0
31.4477 18.9205 1.12122 1.94167 4.51061 1.51545 137456 0 -1.52017 0.17213 0
13.9775 70.5891 2.21801 1.88511 4.27854 1.49244 212749 0 -1.55379 0.171801 0
-46.9594 9.49748 -0.0369879 1.99545 4.26662 1.75796 123171 0 -1.28314 0.17178 0
49.1357 38.1785 1.80982 1.98257 4.42261 1.59582 165591 0 -1.53398 0.171541 0
-43.4519 22.8731 0.142057 2.09055 4.7392 1.73219 142838 0 -1.20019 0.171476 0
14.9104 -4.09501 0.738314 0.6192 0.680434 1.03063 103708 0 -1.47531 0.170961 1
-40.7506 32.1857 0.636367 2.06088 4.65157 1.62069 156418 0 -0.210634 0.170733 0
50.7187 23.5275 1.006 1.89662 4.28691 1.46889 144068 0 -1.66365 0.170517 0
20.9515 52.3059 2.57077 2.28261 5.24676 1.97892 186095 0 -1.58009 0.169515 0
13.3871 38.038 1.7395 1.78414 3.88629 1.58864 165011 0 -1.539 0.16903 0
-24.4585 22.8023 0.617731 2.04304 4.44037 1.57154 142897 0 -1.47634 0.168963 0
37.9197 39.1421 1.79875 1.96557 4.34833 1.57762 166960 0 1.61252 0.168955 0
0.514267 70.9013 3.15198 2.0355 4.5812 1.78927 213175 0 1.89187 0.16855 0
9.99393 -8.74733 0.79424 0.846558 0.880767 1.63952 96673 0 0.1071 0.16843 1
0.839882 43.1122 1.73658 2.0533 4.62003 1.56411 172460 0 1.48726 0.168399 0
29.2201 -6.25137 0.702646 0.809632 0.857761 1.32945 100477 0 0.748688 0.167824 1
-19.2917 38.0278 0.888715 2.04796 4.58598 1.48296 164909 0 -1.14936 0.167776 0
-40.9052 11.9051 -0.120378 1.72413 3.70777 1.43999 126934 0 1.8685 0.167207 0
-3.37557 49.7184 1.93248 2.0085 4.50038 1.66441 182275 0 -1.56431 0.167171 0
15.3997 -4.36462 0.697918 0.646689 0.764646 0.918681 103242 0 -1.42667 0.167144 1
12.4284 32.2421 1.47235 1.69089 3.67877 1.42219 156584 0 -1.49754 0.167047 0
54.8872 14.535 1.05074 1.94166 4.45214 1.53612 130977 0 1.56639 0.166708 0
-61.6871 11.8997 -0.417672 1.79651 3.74853 1.49392 126869 0 -1.89332 0.166659 0
-40.1735 33.754 0.799119 2.0139 4.55192 1.55777 158760 0 -3.06609 0.166586 0
1.07449 71.1456 3.36049 2.09779 4.64295 1.83844 213645 0 2.76036 0.165942 0
-5.26496 49.1765 1.95538 2.00748 4.60724 1.6315 181333 0 -1.49038 0.165724 0
-33.8127 33.4006 0.833444 2.11267 4.799 1.56433 158312 0 1.83767 0.165702 0
20.6626 67.3318 2.3161 1.96862 4.4166 1.65102 208090 0 1.74066 0.165361 0
13.0422 46.6925 1.68688 1.72614 3.87236 1.44638 177646 0 -1.50198 0.165203 0
-41.6541 11.9292 -0.176708 2.0992 4.94319 1.64639 126931 0 1.88884 0.164939 0
67.4399 5.38337 1.2215 0.815686 0.896402 1.78846 117444 0 1.84698 0.16481 1
1.3884 43.9702 1.68752 1.89892 4.21789 1.50188 173866 0 1.5579 0.164725 0
53.6661 7.92927 0.964999 1.62004 3.67329 1.40596 121145 0 1.72677 0.164644 0
46.2891 -28.2326 0.0434583 1.90225 4.2565 1.55957 68238 0 -1.308 0.164515 0
14.8866 71.136 2.4089 2.01585 4.50123 1.61844 213688 0 -1.591 0.164398 0
-22.3604 -9.38438 0.791949 0.827527 0.90199 1.75607 95636 0 2.0202 0.164325 1
