44.301 -6.89079 1.5174 2.96276 7.83503 3.22422 99588 0 1.62674 0.966481 0
18.423 11.7341 1.05269 2.13101 4.8946 1.52199 126651 0 1.63183 0.953434 0
-6.84914 11.3379 0.994883 1.97683 4.53778 1.47908 126104 0 -1.47091 0.947542 0
10.6715 12.7467 1.20214 2.24352 5.21108 1.90976 128031 0 -1.56696 0.931859 0
-1.98638 11.0748 1.16968 2.06328 4.62014 1.79449 125651 0 1.63591 0.927361 0
-0.873932 17.104 1.36513 2.08991 4.80028 1.8288 134547 0 1.62287 0.911684 0
-20.9865 -3.26522 0.181608 2.08154 4.65667 1.49048 104532 0 -1.87561 0.909874 0
-18.7601 19.7236 0.966473 2.15781 4.75002 1.95914 138235 0 1.71401 0.898818 0
30.8666 9.34364 1.15728 1.99822 4.52325 1.69223 123414 0 -1.46378 0.898698 0
30.6287 15.9137 1.25282 1.99337 4.52163 1.71985 132773 0 -1.48621 0.892722 0
36.0749 9.05213 1.04616 1.96888 4.43339 1.49783 122962 0 1.67103 0.892571 0
7.84769 43.4223 1.62177 2.0829 4.69622 1.45632 172950 0 0.0237583 0.880946 0
31.2085 30.9285 1.37735 2.09976 4.86813 1.50049 154771 0 1.57908 0.878919 0
-20.5964 32.7174 1.19003 2.36063 5.37314 1.75113 157417 0 -1.19478 0.875603 0
13.2785 41.1212 1.85933 2.12776 4.92164 1.87193 169691 0 -1.52339 0.874599 0
-19.0266 11.4867 0.817276 2.02288 4.56484 1.76406 126066 0 1.68644 0.873873 0
-53.5794 -4.89738 -0.78493 2.06003 4.55929 1.61841 102090 0 -1.55654 0.871877 0
-29.6308 6.57026 -0.0722592 2.09273 4.73605 1.53275 119013 0 -1.30135 0.870139 0
48.4108 8.52274 1.02008 2.06195 4.721 1.62012 122065 0 -1.50456 0.868325 0
66.1711 -4.71091 0.872412 2.00651 4.4805 1.72743 102932 0 -1.23748 0.86732 0
30.9359 12.3044 1.06913 1.91284 4.25847 1.46796 127626 0 1.60035 0.861748 0
-6.5471 17.471 1.08973 2.04615 4.74948 1.52636 134997 0 -1.51653 0.860516 0
17.7057 19.9796 1.19652 2.05956 4.81158 1.49306 138817 0 1.62116 0.858275 0
17.3644 22.8372 1.46165 2.08591 4.88797 1.69959 143028 0 1.62608 0.857321 0
18.6377 15.4319 1.25421 2.24466 4.97555 1.73867 132268 0 1.61468 0.857313 0
11.7262 22.2793 1.40683 1.93491 4.31588 1.72083 142074 0 -1.52019 0.857092 0
-0.41748 22.9228 1.45553 2.17053 5.10021 1.81211 142972 0 -1.48043 0.855766 0
-42.0923 -11.6727 -0.825097 1.98583 4.38023 1.66097 92298 0 0.0354427 0.855627 0
10.6588 15.8409 1.23135 2.18857 5.07325 1.84705 132711 0 -1.5379 0.853913 0
-44.6752 -11.1195 -0.845146 2.05586 4.47032 1.81858 93226 0 0.0203704 0.84913 0
-6.56542 20.2961 1.18929 2.1047 4.95917 1.43887 139209 0 -1.53484 0.845744 0
11.3693 19.423 1.17126 1.96175 4.53428 1.51845 137861 0 -1.62028 0.842532 0
48.5675 5.69384 1.14439 2.10754 4.71414 1.82586 117853 0 -1.47522 0.84104 0
8.73276 -5.95462 0.801246 0.890865 0.859545 1.68459 100881 0 1.66565 0.840437 1
-18.4075 14.0002 0.830795 2.07263 4.69692 1.80862 129812 0 1.76662 0.836448 0
-19.6531 7.96418 0.681842 1.92949 4.48698 1.51971 120916 0 1.61162 0.831366 0
0.162888 31.7548 1.74438 2.25427 5.10664 1.88556 156078 0 1.6194 0.830512 0
-1.1722 14.1683 1.11284 1.91814 4.30536 1.5778 130334 0 1.72726 0.826871 0
13.8894 38.1644 1.69012 2.0982 4.81416 1.66463 165481 0 -1.50747 0.815825 0
-42.9855 5.8467 -0.360021 1.90426 4.23178 1.44501 118035 0 1.85246 0.809216 0
-6.25345 14.4794 1.02576 2.03935 4.68914 1.4939 130786 0 -1.47464 0.808349 0
31.1545 27.462 1.34649 2.14132 5.08075 1.47898 149623 0 1.60813 0.806711 0
15.4874 -6.77637 0.831951 0.941216 1.12225 1.80645 99498 0 1.69087 0.799931 1
0.153564 29.0161 1.37136 2.0179 4.60678 1.59174 151866 0 1.61904 0.799266 0
12.9496 32.2589 1.42484 2.04518 4.86663 1.50108 156586 0 -1.48056 0.798576 0
-33.7598 5.80794 -0.271005 0.797912 0.846533 1.62368 118064 0 -1.35147 0.792425 1
-63.877 6.86633 -0.461299 2.07239 4.55146 1.67567 119374 0 -1.2506 0.78433 0
11.6241 26.1572 1.32461 2.02646 4.82359 1.52403 147690 0 -1.53295 0.781749 0
9.47713 -4.76077 0.821314 0.847068 0.87568 1.75799 102755 0 -3.10726 0.781061 1
17.4555 25.7266 1.57269 2.24781 5.36 1.73025 147240 0 1.62336 0.779512 0
-44.5955 20.3664 -0.0463038 2.08249 4.69754 1.58644 139090 0 -1.20173 0.778199 0
-36.4272 -11.4214 -0.678052 2.18229 4.87351 1.98617 92784 0 0.0293687 0.776169 0
26.9781 7.95242 1.09443 0.854777 0.982849 1.79991 121062 0 0.0973394 0.75447 1
-49.1134 4.38853 -0.342033 2.13691 4.73311 1.72326 115676 0 -1.32375 0.747189 0
11.6864 -6.67957 0.74629 0.83447 0.885688 1.66701 99954 0 -1.41907 0.745828 1
-18.1155 22.9227 0.815884 2.00588 4.49676 1.55368 142917 0 1.65556 0.743843 0
-18.4801 16.8877 0.679793 1.83446 4.10226 1.49079 134024 0 1.71794 0.74313 0
-0.123947 26.3463 1.28111 2.01248 4.65419 1.48826 148121 0 1.63526 0.738747 0
36.3636 15.3068 1.20959 1.95216 4.46645 1.50993 131855 0 1.6721 0.737244 0
50.6879 34.9925 1.93212 2.07895 4.66958 1.64872 160916 0 -1.54153 0.735753 0
-5.86615 26.1085 1.53365 2.06742 4.68752 1.71671 147635 0 -1.52316 0.734882 0
-27.6956 14.6679 0.375142 1.95757 4.53875 1.88816 130719 0 1.82534 0.732869 0
-38.9042 19.6932 -0.0100981 1.96466 4.59974 1.53295 138172 0 1.85785 0.731888 0
12.6341 29.2403 1.42043 1.97733 4.59084 1.45858 152373 0 -1.49495 0.728045 0
-41.1532 11.7184 -0.195499 1.74274 3.94744 1.4637 126465 0 1.88487 0.725492 0
54.5555 11.3048 1.2736 2.10271 4.76816 1.60459 126296 0 1.61559 0.724732 0
13.3026 46.9189 1.65027 1.95158 4.45079 1.52843 178115 0 -1.53019 0.724347 0
36.3464 12.1113 1.22704 2.09059 4.88153 1.62157 127175 0 1.61583 0.721331 0
15.4861 55.2439 2.1933 2.08458 4.73693 1.79214 190290 0 -1.44593 0.720618 0
-56.4381 27.3793 0.163158 2.15095 4.89328 1.69297 149349 0 -1.20697 0.711959 0
30.8694 21.6727 1.19809 1.86795 4.34717 1.37728 141198 0 -1.51481 0.708428 0
14.1303 -4.68236 0.858808 0.873227 1.0225 1.82538 102770 0 -1.52944 0.702592 1
19.0107 37.8997 1.81329 2.06672 4.69046 1.63182 165029 0 1.58774 0.697179 0
41.1175 27.636 1.52149 0.868024 0.872096 1.66095 150122 0 -2.93442 0.695932 1
14.8969 58.4058 1.92738 1.97005 4.46918 1.5254 194968 0 -1.41409 0.695025 0
28.3645 -6.27496 0.80478 0.898215 1.02335 1.59135 100474 0 -1.43844 0.692306 1
14.9149 64.7109 2.06399 2.0158 4.58989 1.58165 204328 0 -1.4903 0.689384 0
13.3134 43.9834 1.75341 1.99593 4.43312 1.70818 173903 0 -1.55283 0.681328 0
31.8492 38.8902 1.83154 1.93055 4.33877 1.53394 166473 0 -1.51109 0.678724 0
29.2174 -5.48669 0.811476 0.954321 0.982612 1.65476 101413 0 -0.879314 0.677284 1
-61.5356 14.6206 -0.361677 2.06065 4.57907 1.67149 130613 0 -1.16198 0.672372 0
-40.4231 14.5636 -0.0850012 2.02065 4.53362 1.58611 130679 0 1.90319 0.669428 0
31.5261 35.7849 1.64491 2.05237 4.80107 1.65342 161792 0 1.62415 0.668269 0
36.3169 21.0371 1.39188 1.92798 4.50141 1.50997 140279 0 1.61999 0.667718 0
53.9754 5.37229 1.18633 1.91976 4.56607 1.68756 117402 0 1.64333 0.665907 0
-5.3031 40.8107 1.70251 2.02339 4.54176 1.48622 169165 0 -1.5125 0.665671 0
48.8591 11.5955 1.21262 1.97909 4.30402 1.7301 126746 0 -1.52978 0.656016 0
-19.6486 35.4256 1.15728 2.06941 4.66459 1.50911 161164 0 -1.12229 0.651072 0
-21.2822 29.9025 0.797334 2.03078 4.58908 1.4583 153203 0 -1.2646 0.64342 0
15.1023 -4.40541 0.638377 0.615428 0.723297 0.791106 103241 0 -1.51309 0.62853 1
-44.0003 23.1645 0.213803 2.07638 4.61203 1.64502 143304 0 -1.20739 0.620591 0
-53.9439 47.8136 0.563663 2.03422 4.54379 1.56141 179309 0 -1.02174 0.615931 0
-28.6352 9.14185 -0.0182896 1.99838 4.48816 1.48037 122760 0 -1.36478 0.608162 0
18.7215 31.8047 1.43266 2.16039 4.93792 1.55106 156136 0 1.60361 0.608129 0
-46.2556 56.1312 0.756544 2.14664 4.74899 1.55161 191501 0 -1.24348 0.603697 0
-47.8196 9.75082 -0.0778246 2.36347 5.6667 1.9702 123636 0 -1.27951 0.601595 0
15.1686 67.6652 2.20284 2.09778 4.69029 1.793 208541 0 -1.55015 0.590818 0
30.8525 18.8083 1.11415 1.89086 4.57034 1.41895 136986 0 -1.49974 0.588656 0
-32.1307 42.1103 1.10229 1.98734 4.59702 1.69309 170953 0 1.92737 0.585126 0
-5.29449 44.2842 1.98833 2.13196 4.78449 1.77445 174313 0 -1.50203 0.579947 0
-1.10946 20.2486 1.43255 2.08792 4.86054 1.62723 139226 0 1.69327 0.568165 0
-45.6279 17.7881 -0.116699 2.06045 4.60051 1.6741 135343 0 -1.1994 0.567049 0
31.8463 44.9793 1.91859 1.97359 4.44863 1.49067 175365 0 -1.56828 0.56296 0
-40.1065 17.1666 0.0771151 1.93717 4.29247 1.76994 134424 0 1.87378 0.555532 0
-47.1856 12.3252 -0.337746 2.0271 4.54717 1.60822 127382 0 -1.25016 0.554659 0
2.11041 55.5473 2.28986 2.33056 5.56576 1.9877 190716 0 1.61665 0.552702 0
-42.0994 9.39954 -0.256267 2.07763 4.66171 1.5742 123186 0 1.78589 0.54874 0
-24.5125 22.2124 0.592392 2.04155 4.50304 1.59694 141961 0 -1.34224 0.545613 0
19.037 40.8204 1.83678 2.02665 4.78925 1.51875 169241 0 1.59805 0.545549 0
-5.92906 31.8574 1.67408 2.12561 4.84997 1.53831 156059 0 -1.5225 0.534155 0
37.3461 34.7566 1.5399 0.78206 0.893897 1.64407 160406 0 0.176025 0.532671 1
-44.3185 58.4249 1.11755 2.14845 4.60468 1.69689 194783 0 -1.2961 0.528413 0
-48.1728 7.11873 -0.428498 2.02011 4.49032 1.60902 119891 0 -1.27892 0.525962 0
1.0817 43.7038 1.65157 1.95753 4.41492 1.49963 173397 0 1.57657 0.523422 0
-46.2699 14.8186 -0.273146 1.96786 4.23767 1.56962 131129 0 -1.23043 0.520622 0
17.765 28.6878 1.36814 2.00725 4.6384 1.4554 151453 0 1.59704 0.518105 0
-19.0394 38.277 0.845845 2.03511 4.61172 1.46995 165378 0 -1.15617 0.492684 0
-62.2553 11.3558 -0.428336 1.86059 4.17735 1.50425 125931 0 -1.84891 0.48838 0
14.1545 -4.81711 0.852113 0.845034 0.966431 1.76713 102302 0 -1.48724 0.474926 1
37.2633 26.7901 1.35936 2.10951 4.86178 1.5117 148706 0 1.66952 0.464935 0
19.0339 46.5536 2.08619 1.95266 4.2938 1.58568 177665 0 1.53735 0.45561 0
29.0446 -5.51105 0.808625 0.951783 1.02191 1.65012 101412 0 -0.945553 0.455213 1
28.5508 -6.32011 0.805097 0.938741 1.15749 1.654 100475 0 -1.47224 0.448979 1
37.2842 30.2122 1.73388 2.5211 5.91269 1.94947 153854 0 -1.52147 0.447407 0
33.1093 56.7903 1.85435 1.93886 4.31651 1.54617 192685 0 -1.57892 0.441984 0
-32.4897 39.1552 0.745146 2.02948 4.52857 1.51277 166740 0 1.92623 0.435842 0
-68.9892 5.20786 -0.556498 1.93744 4.22431 1.66542 117018 0 2.02646 0.435265 0
-22.2366 27.3817 0.714057 1.97683 4.48475 1.53413 149456 0 -1.30787 0.434213 0
-37.6025 22.236 0.364307 2.03891 4.51565 1.70641 141920 0 1.83126 0.430476 0
14.1435 -3.96863 0.968945 0.930322 1.07635 1.93802 103706 0 1.63526 0.426886 1
1.73531 52.6446 1.87871 1.94949 4.42235 1.58385 186503 0 1.56614 0.425309 0
-62.2501 11.6306 -0.428329 1.96659 4.36851 1.54215 126399 0 -2.88623 0.42299 0
37.285 44.6044 1.91541 1.96154 4.52415 1.50504 174914 0 1.61248 0.420188 0
14.9799 -4.50919 0.701386 0.654944 0.77084 0.978897 102772 0 -1.5238 0.419505 1
-6.54041 32.0592 1.69412 2.26551 5.22695 1.56742 156525 0 1.6366 0.407491 0
-4.3489 58.7735 2.20433 1.97211 4.42865 1.64312 195376 0 -1.52802 0.403636 0
38.2478 38.8691 1.82456 1.99686 4.51153 1.55445 166493 0 1.61252 0.401965 0
41.1142 27.4886 1.53047 0.834039 0.831384 1.66476 149654 0 -2.93063 0.397735 1
-44.9376 58.6694 1.01614 2.44188 5.89591 1.96423 195249 0 -1.27344 0.392352 0
-67.6534 11.0348 -0.516806 2.03112 4.57059 1.55164 125446 0 -1.15015 0.39203 0
28.6498 -5.5921 0.644732 0.662528 0.741425 1.14447 101411 0 -1.04941 0.390908 1
28.5836 -6.45999 0.803317 0.868276 1.14229 1.6512 100007 0 -1.50115 0.387613 1
41.1198 27.9722 1.46699 0.82765 0.955474 1.62745 150590 0 -2.83175 0.385259 1
-61.9762 11.3449 -0.446141 1.70462 3.71373 1.45383 125932 0 -1.55721 0.377797 0
8.74246 -6.09519 0.797255 0.913151 0.892055 1.66751 100413 0 1.08986 0.377715 1
-33.9889 5.21986 -0.314671 0.711777 0.714008 1.37081 117127 0 -1.4056 0.372442 1
-27.0394 17.4722 0.48922 2.101 4.72504 1.77906 134933 0 1.78205 0.372354 0
-62.2465 11.0949 -0.423529 1.79267 3.99769 1.49096 125463 0 -1.43156 0.37188 0
-4.31866 49.4922 1.97928 2.00166 4.65754 1.61607 181804 0 -1.51942 0.371182 0
-34.0038 5.0347 -0.350069 0.700442 0.70263 1.33528 116659 0 -1.88777 0.370627 1
-5.2771 68.2963 2.56493 2.11671 4.85206 1.65003 209413 0 -1.314 0.367583 0
-48.5535 4.35783 -0.402027 1.78994 3.72983 1.54784 115678 0 -1.30466 0.363699 0
-5.29888 28.9732 1.44971 2.03566 4.69405 1.58118 151849 0 -1.4755 0.36024 0
-38.2332 22.5167 0.307957 2.05341 4.5875 1.73683 142386 0 1.84403 0.359172 0
33.7643 53.9333 1.85146 1.9927 4.41924 1.59474 188475 0 -1.59725 0.358739 0
-46.8788 52.3161 0.960456 2.12983 4.73779 1.69727 185883 0 -1.19467 0.353362 0
-62.506 11.621 -0.403458 2.09167 4.77571 1.60627 126398 0 -1.96322 0.353118 0
15.2006 70.2792 2.24911 1.99206 4.48078 1.64114 212285 0 -1.56632 0.350412 0
37.4797 34.7755 1.54905 0.812857 1.20501 1.61819 160407 0 0.169943 0.349056 1
-33.8385 5.24885 -0.295116 0.699696 0.692915 1.37338 117128 0 -1.35635 0.344916 1
-4.62769 64.8126 2.43056 2.01442 4.5088 1.69622 204267 0 1.6717 0.340997 0
54.4917 5.52234 1.14732 2.16192 5.47678 1.90422 117872 0 1.64815 0.336599 0
42.7368 55.8073 2.13135 0.810968 0.805898 1.72785 191311 0 0.452473 0.335646 1
-19.9948 35.8953 1.16345 2.12302 4.84842 1.53874 162099 0 -1.1268 0.331197 0
19.9847 40.8315 1.87893 1.88988 4.16079 1.47698 169244 0 1.59233 0.33025 0
18.3645 28.894 1.36652 2.03389 4.74845 1.47787 151923 0 1.60121 0.328596 0
49.4491 20.3284 1.51186 1.9683 4.35321 1.57818 139384 0 -1.59802 0.327496 0
-36.955 21.9988 0.340171 2.0679 4.65079 1.70292 141454 0 1.7984 0.327251 0
-34.4217 33.4432 0.747919 2.00122 4.59499 1.61725 158310 0 1.63371 0.326479 0
14.1546 -3.77523 0.94433 0.884839 1.03035 1.87732 104174 0 1.66572 0.325248 1
-34.7435 33.7109 0.75166 1.9941 4.52581 1.60828 158777 0 1.72912 0.324552 0
28.3274 -6.00169 0.74586 0.889865 0.928044 1.37514 100942 0 -1.47751 0.320587 1
19.6558 31.8522 1.39856 2.08076 4.64758 1.57149 156139 0 1.6173 0.31935 0
-47.2783 9.53784 -0.0686754 2.04884 4.52522 1.77703 123170 0 -1.29514 0.318566 0
32.1254 35.8927 1.71124 2.27557 5.26372 1.69195 162262 0 1.58658 0.316588 0
51.6863 37.9229 1.86936 1.96758 4.40737 1.57482 165131 0 -1.57329 0.316052 0
60.7055 21.6021 1.70344 1.98264 4.42023 1.55735 141291 0 -3.0522 0.314269 0
46.5345 -27.9507 0.0120438 2.03212 4.5529 1.68217 68707 0 -1.4009 0.312398 0
-35.0165 30.2917 0.436337 1.88843 4.30832 1.51426 153628 0 1.38227 0.312271 0
14.8786 73.7886 2.25897 1.93796 4.38478 1.58161 217432 0 -1.60537 0.311711 0
-27.6704 17.7668 0.541857 2.09665 4.6183 1.86991 135399 0 1.80675 0.311392 0
38.5381 38.6209 1.77005 1.95256 4.4763 1.50933 166026 0 1.60078 0.310843 0
-5.8651 41.0219 1.74203 2.10709 4.76479 1.4995 169631 0 -1.53887 0.307894 0
32.7974 53.9486 1.71412 1.96494 4.50388 1.47636 188472 0 -1.49209 0.307852 0
11.3958 -2.94209 0.73531 0.74752 0.865237 1.57585 105101 0 2.82152 0.307743 1
-34.7163 30.2408 0.44739 1.89174 4.2965 1.49955 153629 0 -1.15103 0.307378 0
53.9599 8.22828 1.00662 1.73634 4.02252 1.45186 121614 0 1.68598 0.305375 0
-3.69228 64.8096 2.38125 2.03334 4.49619 1.69588 204270 0 -1.40776 0.304991 0
37.3554 34.9393 1.55397 0.824371 1.45691 1.65622 160874 0 0.199588 0.303123 1
1.36854 43.9722 1.65839 1.83839 4.02911 1.46934 173866 0 1.70551 0.301899 0
-21.9657 27.6284 0.740501 2.02766 4.52044 1.54924 149925 0 -1.28673 0.301577 0
14.9042 70.5324 2.25972 1.95958 4.34605 1.59649 212752 0 -1.58008 0.301157 0
20.8923 37.2809 1.79534 0.788017 0.759476 1.62369 164099 0 1.98125 0.300498 1
-67.3906 11.325 -0.538402 1.91132 4.27042 1.50549 125915 0 -1.11771 0.300127 0
2.66446 55.7379 2.2307 2.2377 4.95489 1.90741 191186 0 1.64439 0.298901 0
-46.8945 51.7045 0.935167 2.08377 4.71874 1.7061 184947 0 -1.23647 0.298784 0
-29.2577 9.36504 -0.0624915 2.04475 4.59205 1.51598 123226 0 -1.31348 0.298407 0
51.7015 46.5427 1.83404 1.9998 4.51231 1.57186 177767 0 -1.66601 0.298386 0
49.1205 23.5421 1.13584 1.91423 4.46484 1.49913 144063 0 -1.50797 0.298234 0
19.3659 46.7968 2.09831 2.01105 4.49411 1.59786 178134 0 1.51785 0.297294 0
-4.33842 65.0701 2.40287 2.07626 4.60839 1.72987 204736 0 -1.49531 0.296809 0
38.5981 35.6873 1.74812 2.0342 4.62472 1.59434 161814 0 1.60326 0.296307 0
1.47199 52.8999 1.95474 2.05733 4.75108 1.67541 186970 0 1.58901 0.29561 0
-33.8648 5.05265 -0.335114 0.677235 0.670341 1.30867 116660 0 -1.75052 0.295193 1
14.1546 -4.33148 0.875392 0.892835 1.06312 1.89879 103238 0 -1.62852 0.295093 1
12.9227 29.5094 1.41133 2.01503 4.72116 1.50176 152842 0 -1.50807 0.295076 0
32.1147 44.7135 1.84539 1.91766 4.28796 1.49713 174898 0 -1.54023 0.294392 0
14.6367 58.1953 1.88109 1.74798 3.99758 1.43168 194499 0 -1.38885 0.294144 0
41.1124 28.2321 1.37096 0.690261 0.854234 1.50184 151058 0 -2.66834 0.291481 1
51.9489 46.2502 1.78938 2.13775 4.9253 1.66406 177300 0 -1.58504 0.289442 0
14.9939 55.2466 2.18431 1.81418 3.92772 1.65186 190288 0 -1.46609 0.288961 0
-40.1132 17.6713 0.0606847 2.11215 4.62329 1.81314 135360 0 2.01936 0.288086 0
-16.2758 -14.5762 0.273025 0.898284 0.934561 1.67749 88167 0 -3.0195 0.287102 1
-5.32683 31.6245 1.62223 2.01282 4.74694 1.58023 155593 0 -1.47646 0.286055 0
33.4507 54.1869 1.8039 1.94635 4.27249 1.53756 188942 0 -1.65521 0.284171 0
1.09795 69.892 3.25508 2.20592 4.90266 1.90261 211773 0 3.09524 0.283498 0
-41.6604 11.7212 -0.275037 2.08423 4.86252 1.61911 126463 0 1.87648 0.282885 0
-21.9284 27.087 0.6894 1.95028 4.39226 1.53045 148989 0 -1.29999 0.28247 0
69.1895 2.65636 0.829418 0.788666 0.84581 1.68432 113706 0 -1.35754 0.281933 1
19.6453 46.6015 2.09759 2.03713 4.57011 1.63873 177667 0 1.98378 0.281529 0
1.46137 52.3866 1.90262 2.05693 4.72182 1.69771 186034 0 1.54625 0.281173 0
21.2734 55.203 2.17428 2.00003 4.39705 1.59398 190308 0 1.61397 0.281168 0
-31.5806 41.8379 1.11488 1.81367 3.95557 1.55994 170487 0 1.92747 0.280242 0
45.9425 -33.4665 -0.31133 1.95818 4.36705 1.58811 60749 0 -1.50223 0.280209 0
9.60917 -4.73751 0.805289 0.86749 0.898546 1.77677 102756 0 3.0017 0.279687 1
1.48806 55.7648 2.45047 2.55128 6.23373 2.15459 191182 0 1.61697 0.27769 0
-46.6095 52.6266 0.978618 2.17922 4.72279 1.65895 186352 0 -1.19875 0.275741 0
50.7173 37.6342 1.81309 1.83792 4.22845 1.4766 164660 0 -1.50299 0.275328 0
-48.7383 7.17982 -0.382068 2.30993 5.26671 1.83528 119889 0 -1.29768 0.274259 0
33.4175 57.018 1.86958 1.98563 4.37729 1.59389 193154 0 -1.60044 0.273262 0
49.7367 20.617 1.55913 2.08609 4.69975 1.6687 139853 0 -1.63147 0.270524 0
-5.88193 44.0863 1.98732 2.09765 4.80751 1.75683 173843 0 -1.54317 0.270379 0
-22.8428 27.3825 0.73769 2.01533 4.57938 1.56214 149454 0 -1.31986 0.26988 0
-4.92174 49.719 2.02755 2.09758 4.73888 1.62907 182270 0 -1.50662 0.269714 0
-26.7682 17.7179 0.504204 2.07713 4.76145 1.75075 135402 0 1.75982 0.269542 0
54.2888 11.5793 1.23815 1.99179 4.42659 1.5722 126763 0 1.57603 0.268401 0
-44.1081 20.2906 -0.0661299 1.73154 3.6239 1.48328 139092 0 -1.19275 0.268147 0
-33.9556 5.67313 -0.260221 0.824268 0.85561 1.62473 117595 0 -1.36781 0.268081 1
33.4054 56.5575 1.87112 1.86909 4.16718 1.54135 192218 0 -1.50564 0.265831 0
15.1765 74.0613 2.51715 2.01565 4.50125 1.71404 217901 0 -1.67515 0.265708 0
31.24 45.189 1.98199 2.07095 4.79167 1.51077 175831 0 -1.56828 0.263987 0
-16.3769 -14.5502 0.367576 0.882918 0.971849 1.72153 88166 0 2.19239 0.262722 1
-35.3121 30.3108 0.430847 1.91981 4.38233 1.50744 153627 0 1.76617 0.262616 0
46.1993 -33.7499 -0.252953 2.08861 4.76761 1.67375 60282 0 -1.46752 0.262248 0
-54.4825 47.8574 0.591862 2.30952 5.6048 1.8124 179307 0 -1.09267 0.261628 0
16.7432 -3.24255 0.77754 0.783929 0.884651 1.50456 104650 0 -0.31555 0.261271 1
38.2172 44.6163 2.0044 2.00021 4.52924 1.53016 174917 0 1.60282 0.260931 0
-34.0838 33.166 0.801088 2.01077 4.55828 1.56908 157843 0 1.85903 0.260541 0
-35.3174 33.8111 0.730223 1.98626 4.48802 1.57666 158775 0 1.99539 0.259705 0
37.8852 44.4068 1.916 1.90641 4.38682 1.51606 174448 0 1.59944 0.257661 0
-39.11 19.47 -0.0526203 1.75764 4.19765 1.50809 137703 0 1.8586 0.257085 0
-22.5396 27.0735 0.726799 1.99772 4.57511 1.53156 148987 0 -1.30935 0.257081 0
50.0797 23.5166 1.3663 1.9164 4.28794 1.48707 144066 0 -1.54464 0.256742 0
28.6196 -5.89059 0.763047 0.888967 0.998785 1.45393 100943 0 -1.41414 0.255939 1
-42.6392 9.19674 -0.297065 2.11383 4.69051 1.62128 122716 0 1.77983 0.255918 0
-45.0323 17.7033 -0.138804 2.08201 4.68542 1.68979 135345 0 -1.18041 0.25513 0
51.3115 47.4959 1.90879 2.15021 4.86397 1.70635 179170 0 0.400322 0.254862 0
-3.72913 49.7092 2.02913 2.05222 4.65727 1.6619 182274 0 -1.49561 0.253556 0
45.9035 -30.5809 -0.289187 1.93276 4.31112 1.58064 64961 0 -1.36959 0.2519 0
38.8799 35.3851 1.73237 2.07002 4.67112 1.63165 161347 0 1.64292 0.251619 0
-5.91579 29.2193 1.4914 2.13138 4.838 1.61872 152315 0 -1.46874 0.251079 0
37.5222 34.9904 1.54631 0.847125 1.67918 1.64674 160875 0 -0.00323849 0.250948 1
-33.0966 39.463 0.757185 2.17945 4.89634 1.65375 167206 0 1.91571 0.249513 0
-62.2377 11.9099 -0.402204 2.07505 4.60338 1.56194 126867 0 2.15609 0.248867 0
37.9476 39.1296 1.88891 1.9938 4.47544 1.56979 166960 0 1.63376 0.248743 0
50.4027 37.8906 1.78781 1.87235 4.25044 1.47055 165127 0 -1.49589 0.248368 0
11.1578 26.0999 1.32804 1.73068 3.70894 1.48726 147688 0 -1.5315 0.248318 0
-67.0977 10.7563 -0.499677 1.77964 3.82265 1.48912 124980 0 -1.16578 0.247024 0
13.9296 73.7884 2.04878 1.95302 4.45614 1.47708 217429 0 -1.61234 0.246884 0
-5.59827 59.0272 2.18372 2.00935 4.57675 1.6475 195840 0 1.61707 0.245927 0
-24.1983 22.4815 0.601246 2.03333 4.44738 1.59715 142430 0 -1.39253 0.245349 0
7.44797 -5.86138 0.594915 0.813507 0.953754 1.15154 100877 0 -1.39458 0.243256 1
26.8565 8.03613 1.06981 0.870338 0.966568 1.80571 121529 0 0.0296757 0.243182 1
15.1759 74.3925 2.80116 2.05517 4.92785 1.78704 218369 0 -1.74516 0.242365 0
13.8199 43.7357 1.69997 2.18472 5.09951 1.81906 173437 0 -1.5117 0.240494 0
-0.557007 20.0515 1.41779 2.01989 4.6386 1.66495 138760 0 1.67507 0.240216 0
13.8296 47.116 1.6869 2.25919 5.46091 1.79744 178585 0 -1.57805 0.239216 0
39.1641 38.868 1.75739 1.97698 4.41941 1.55491 166496 0 1.6324 0.238253 0
-5.25098 49.4668 2.03989 2.06465 4.65368 1.65166 181801 0 -1.50063 0.237097 0
-27.3855 18.0268 0.524615 2.11317 4.64799 1.8413 135868 0 1.78837 0.236905 0
28.1416 -6.21185 0.751444 0.73113 0.833411 1.30555 100473 0 -1.49845 0.236724 1
2.66766 55.3017 2.27036 2.02015 4.58709 1.84092 190250 0 1.61128 0.234907 0
-33.9283 5.82534 -0.265206 0.8453 0.930092 1.64692 118063 0 -1.32788 0.23361 1
20.9793 55.486 2.16215 1.94405 4.27669 1.56402 190775 0 1.59798 0.23315 0
-47.1606 56.474 0.770907 2.20721 4.95776 1.6178 191966 0 -1.19642 0.232937 0
40.9411 27.6476 1.52938 0.925654 0.915772 1.68973 150121 0 -2.89128 0.232542 1
17.4802 28.3916 1.38989 2.01281 4.61549 1.46565 150984 0 1.60085 0.23211 0
31.2481 39.1011 1.80923 2.05676 4.69569 1.55612 166939 0 -1.51773 0.231692 0
51.3622 46.8926 1.8745 1.97276 4.41251 1.56439 178234 0 0.37266 0.231273 0
36.9609 44.8583 1.97636 1.95884 4.34917 1.49976 175381 0 1.60944 0.231233 0
1.1349 44.2215 1.66568 2.07731 4.71479 1.55921 174333 0 1.72171 0.230882 0
35.6106 6.45641 1.05064 0.769228 0.876781 1.73987 119217 0 1.64721 0.230842 1
-6.22778 22.9384 1.32341 1.98863 4.62023 1.50729 142954 0 -1.55829 0.229966 0
-46.6641 12.2595 -0.357649 1.80875 3.87238 1.55844 127384 0 -1.23483 0.229961 0
-25.1065 22.4597 0.596892 2.06974 4.55472 1.56703 142427 0 -1.35237 0.229305 0
16.7461 -3.15331 0.800059 0.789241 0.895609 1.57874 105118 0 -0.951452 0.229132 1
15.2062 73.4928 2.36388 1.99645 4.54772 1.68725 216965 0 -1.55646 0.228373 0
30.5946 44.9674 1.91659 1.94933 4.47409 1.49551 175361 0 1.55206 0.228186 0
51.656 46.8577 1.87932 2.09144 4.70309 1.62503 178235 0 -1.08399 0.227623 0
-47.5831 6.87471 -0.364945 1.87974 4.13334 1.5867 119425 0 -1.27896 0.227622 0
-29.9024 63.2029 1.09201 2.00613 4.53718 1.654 201848 0 -1.24275 0.227401 0
51.3881 46.5724 1.82321 1.86758 4.14299 1.49824 177766 0 -1.27259 0.227152 0
38.8561 35.9603 1.82621 2.0337 4.57322 1.61147 162283 0 1.56275 0.227013 0
54.0315 11.3749 1.18204 1.7312 3.83963 1.45827 126294 0 1.63313 0.225509 0
50.4043 23.2363 1.36207 1.95614 4.35349 1.49704 143599 0 -1.49117 0.225277 0
-53.9179 47.2956 0.517067 1.84141 4.14016 1.48117 178373 0 -1.21493 0.224927 0
60.9059 20.9842 1.70986 2.25698 5.13506 1.70563 140356 0 -3.08486 0.224381 0
49.1378 20.0728 1.47751 1.95618 4.27806 1.54852 138915 0 -1.49393 0.224276 0
-15.8439 71.2092 2.2945 2.02319 4.60848 1.7554 213592 0 1.5914 0.223807 0
-0.139511 25.8879 1.3348 2.01462 4.61885 1.50565 147185 0 1.58618 0.22368 0
4.59344 40.044 1.75568 0.821347 0.743666 1.77474 168260 0 -0.0195903 0.223656 1
-46.8707 15.1135 -0.248972 2.14137 4.68332 1.63413 131595 0 -1.21178 0.221685 0
31.5749 38.6693 1.80225 1.76515 3.97469 1.52725 166004 0 -1.49756 0.221197 0
42.7435 55.6312 2.16475 0.842035 0.868933 1.76851 190843 0 0.399133 0.221023 1
-4.32509 64.5266 2.42452 1.8924 4.13176 1.64882 203800 0 -1.39959 0.220667 0
1.17567 55.5637 2.49452 2.50572 6.22527 2.16382 190713 0 0.900402 0.21973 0
-53.6942 48.0776 0.552691 2.07941 4.52866 1.58491 179778 0 -0.815428 0.218913 0
14.1427 -3.06677 0.781023 0.806514 0.939817 1.67857 105110 0 -1.46452 0.218565 1
-14.5638 71.1802 2.3251 2.10356 4.81318 1.79016 213596 0 -1.56517 0.218506 0
12.0828 29.0302 1.39996 1.76052 3.95453 1.4472 151903 0 -1.46673 0.218153 0
49.4276 23.7654 1.26025 1.95783 4.51452 1.51394 144532 0 -1.55554 0.218077 0
51.7237 45.9496 1.79597 1.93435 4.40452 1.55631 176831 0 -1.41808 0.217992 0
3.03877 58.4015 2.01519 2.09953 4.65847 1.71802 194931 0 1.66076 0.216884 0
-47.1763 51.3891 0.914183 2.24609 5.167 1.82015 184478 0 -1.24242 0.216116 0
29.8624 6.51474 1.25333 0.779812 0.883357 1.73032 119199 0 1.62096 0.215851 1
15.196 70.8229 2.26764 2.07958 4.69103 1.69569 213221 0 -1.59883 0.214809 0
14.6582 67.4553 2.21501 1.81736 3.94386 1.64139 208071 0 -1.52278 0.214696 0
-47.4449 12.0915 -0.340115 2.08369 4.71856 1.64132 126913 0 -1.27547 0.213851 0
0.682068 28.9653 1.37402 1.70959 3.74563 1.49605 151868 0 1.63307 0.213211 0
51.3895 38.1914 1.8348 1.93311 4.29008 1.53175 165598 0 -1.60037 0.212293 0
21.5876 54.8976 2.17104 2.00722 4.41961 1.6314 189841 0 1.64389 0.211186 0
34.0416 53.6649 1.92754 2.06011 4.58185 1.66993 188008 0 -1.5564 0.21108 0
55.2013 28.6679 1.67153 2.0655 4.60394 1.69933 151570 0 -1.53006 0.21105 0
45.9522 -34.0395 -0.271292 1.99108 4.48691 1.60198 59813 0 -1.40859 0.210577 0
-25.3841 22.3071 0.577815 2.03937 4.50757 1.55799 141958 0 1.40176 0.210371 0
-6.52486 31.6312 1.62882 2.17551 4.97911 1.59998 155589 0 1.54734 0.210076 0
60.9253 22.2208 1.71357 2.23299 5.06051 1.71431 142228 0 -3.07748 0.209256 0
32.534 57.0089 1.88945 2.06084 4.73489 1.56433 193151 0 -1.59002 0.20864 0
-26.7305 17.1811 0.486827 2.06056 4.66831 1.73445 134466 0 1.73365 0.208077 0
48.4941 23.7781 1.10968 1.99669 4.54746 1.55617 144529 0 -1.57071 0.207873 0
15.3388 -6.68674 0.808754 0.929258 1.08113 1.79894 99965 0 1.73267 0.206385 1
42.9314 55.8014 2.17958 0.879489 0.923549 1.78877 191312 0 0.533116 0.205775 1
-5.30807 68.5408 2.58689 2.24825 5.0304 1.7361 209881 0 -0.968299 0.205321 0
14.5463 -4.61835 0.820965 0.812449 1.01583 1.60919 102771 0 -1.58745 0.205064 1
-4.66657 68.0626 2.54292 1.89287 4.31949 1.61029 208947 0 -1.3961 0.204876 0
-46.2836 52.3086 0.930566 1.90188 4.12435 1.57765 185885 0 -1.2112 0.20455 0
49.4423 23.248 1.17318 1.84517 4.3018 1.48757 143596 0 -1.47992 0.204344 0
4.32585 56.7779 2.14483 2.04374 4.52763 1.77504 192595 0 -3.13353 0.204264 0
-67.9196 10.7561 -0.485792 2.17103 4.89193 1.63483 124977 0 -1.19685 0.203604 0
-34.1644 30.1841 0.452939 1.98563 4.5127 1.50295 153631 0 -1.26517 0.203586 0
-35.9739 30.5737 0.480007 1.94313 4.35766 1.47975 154093 0 1.81771 0.203199 0
14.2623 74.0236 2.11055 1.96223 4.40001 1.49802 217898 0 -1.68525 0.203105 0
-6.85773 29.2759 1.49051 2.15102 4.91801 1.65147 152312 0 -1.49609 0.202961 0
18.4483 41.0272 1.7458 1.98566 4.60872 1.50002 169707 0 1.61709 0.20228 0
-4.97886 44.5316 1.98934 2.21331 4.87386 1.80453 174782 0 -1.46497 0.201844 0
14.9056 69.9905 2.24562 1.87947 4.07517 1.5707 211816 0 -1.55663 0.201018 0
-3.39475 65.0434 2.40832 2.08014 4.62154 1.68107 204739 0 -1.40674 0.198997 0
0.374573 26.1796 1.23597 1.76933 3.98073 1.38796 147655 0 1.59542 0.198957 0
-36.3746 21.9218 0.365535 2.03729 4.592 1.70887 141456 0 -2.56897 0.198735 0
29.2596 -6.22169 0.621126 0.706282 0.759647 1.12165 100477 0 -1.1045 0.198232 1
31.4706 18.9291 1.11707 1.95556 4.49978 1.49579 137456 0 -1.50688 0.198205 0
-40.4824 33.117 0.612915 1.98913 4.50029 1.55302 157823 0 -2.6976 0.198117 0
-6.86092 26.16 1.54633 2.07392 4.81397 1.72725 147632 0 1.46945 0.197787 0
-35.3665 30.8211 0.501005 1.96532 4.42248 1.51636 154563 0 2.19594 0.197552 0
-42.0775 8.89134 -0.29901 2.15211 4.80058 1.61313 122250 0 1.79361 0.197469 0
54.4875 8.21124 0.986549 2.04818 4.82673 1.5596 121616 0 1.67276 0.197192 0
-3.38155 49.4624 2.02643 2.01738 4.60579 1.64519 181807 0 -1.47913 0.19715 0
30.6099 21.3767 1.21228 1.6305 3.76287 1.32626 140729 0 -1.47929 0.196604 0
14.9133 64.288 2.01655 1.95852 4.571 1.54012 203392 0 -1.39828 0.19626 0
20.7681 37.2791 1.82483 0.841101 0.818746 1.64465 164098 0 1.79792 0.195952 1
41.3111 27.6651 1.52491 0.897502 0.959464 1.68041 150123 0 -2.71982 0.195935 1
18.1573 31.6177 1.40957 2.03748 4.61612 1.54658 155666 0 1.59084 0.195803 0
-62.7943 11.3507 -0.360349 2.16387 5.07069 1.65761 125929 0 -1.46061 0.195407 0
15.7045 -6.82104 0.826856 0.90676 1.12534 1.78144 99499 0 1.64549 0.195225 1
55.517 23.2266 1.52019 2.03969 4.57958 1.65861 143615 0 -1.69064 0.195192 0
32.1797 54.1735 1.68399 1.94414 4.37465 1.4578 188938 0 -1.60268 0.194612 0
36.8964 21.1771 1.41995 2.1339 5.03333 1.59437 140749 0 1.60877 0.19452 0
-4.63771 49.1867 2.01 2.01194 4.58059 1.60038 181335 0 -1.49571 0.193483 0
-4.70577 44.1004 1.9228 2.06959 4.77061 1.78257 173847 0 -1.51557 0.193301 0
-3.40152 64.5286 2.40503 2.01198 4.62107 1.66461 203803 0 -1.38352 0.192424 0
-22.5455 -9.3725 0.683038 0.785206 0.803535 1.7437 95635 0 2.46524 0.192022 1
14.1461 -3.30218 0.842796 0.852087 0.986124 1.7338 104642 0 1.43719 0.191789 1
51.9656 37.6591 1.84236 2.06881 4.67892 1.65252 164664 0 -1.55066 0.19158 0
36.697 44.4023 1.82239 1.82842 4.13038 1.49121 174444 0 1.5821 0.191564 0
54.2454 28.688 1.5907 2.15077 4.88782 1.66692 151567 0 -1.49066 0.191503 0
37.5788 35.3262 1.54941 1.023 2.2829 1.57301 161343 0 -0.332611 0.191103 0
32.5573 56.5642 1.82433 1.96124 4.51151 1.53788 192215 0 -1.78976 0.191098 0
28.9208 -6.28217 0.734143 0.83285 1.14828 1.51132 100476 0 -1.53765 0.190835 1
-17.8072 22.6824 0.804907 1.84722 4.00609 1.56673 142450 0 1.63516 0.190834 0
69.1921 2.52524 0.840852 0.798506 0.859445 1.68504 113238 0 -1.09651 0.190736 1
-5.26903 58.8034 2.187 1.8798 4.28544 1.5884 195373 0 1.59988 0.190432 0
-5.00192 29.2067 1.32362 1.97799 4.59817 1.53971 152318 0 -1.50157 0.190031 0
-33.5748 5.8316 -0.242885 0.801395 0.860276 1.66088 118065 0 -1.422 0.189763 1
-67.6782 2.4748 -0.422108 0.832609 0.870102 1.75273 112810 0 2.67279 0.189131 1
51.4059 46.2646 1.79332 1.81625 4.00783 1.46996 177298 0 -1.58202 0.188757 0
-39.6271 17.3561 0.137614 1.9133 4.01728 1.75389 134894 0 1.96887 0.188016 0
49.484 20.8863 1.5193 1.9938 4.40022 1.58287 140320 0 -1.71734 0.187936 0
50.4069 23.7897 1.43859 1.98059 4.39736 1.49646 144535 0 -1.62672 0.187245 0
-31.918 39.0874 0.748965 1.99879 4.5797 1.49166 166742 0 1.91389 0.186476 0
53.9329 28.9356 1.56184 2.03017 4.62844 1.58154 152034 0 -1.67004 0.186376 0
7.30006 -5.8763 0.601106 0.863778 0.994254 1.13715 100876 0 -1.4503 0.186308 1
-30.6037 4.0239 -0.270342 1.92702 4.26648 1.49292 115266 0 -1.35535 0.186307 0
29.2645 -5.91299 0.737791 0.815144 0.992033 1.31535 100945 0 -0.445164 0.186078 1
-40.4781 32.8149 0.60054 2.01093 4.62878 1.56989 157355 0 -0.940939 0.185792 0
17.7681 29.1954 1.35753 1.9685 4.54592 1.50455 152389 0 1.64226 0.185735 0
13.0404 46.6792 1.63944 1.77219 3.96264 1.46808 177646 0 -1.46167 0.185473 0
37.3449 35.3313 1.55259 1.09006 2.44219 1.60068 161342 0 0.260549 0.185393 0
-47.4646 52.3249 0.94395 2.33337 5.58812 1.85813 185881 0 -1.17477 0.185208 0
31.233 44.7394 1.87301 1.89342 4.28342 1.45876 174895 0 -1.54513 0.185205 0
11.596 19.1463 1.19576 2.09125 4.99692 1.60334 137394 0 -1.562 0.185101 0
48.5147 20.3267 1.34166 2.01057 4.53578 1.57669 139381 0 -1.59142 0.184901 0
-35.9949 34.38 0.77055 2.02094 4.46966 1.57965 159709 0 2.04224 0.184853 0
-42.6766 9.6737 -0.256336 2.0577 4.64102 1.62161 123652 0 1.83204 0.18482 0
-22.8599 26.7445 0.747244 1.98783 4.49562 1.53462 148518 0 -1.30919 0.184766 0
37.6476 38.6075 1.85687 1.97104 4.51997 1.53765 166023 0 1.60557 0.184543 0
12.7592 41.1012 1.87437 1.8771 4.00315 1.79587 169689 0 -1.55063 0.184345 0
-22.2394 26.7748 0.694217 1.97695 4.54062 1.52918 148520 0 -1.32846 0.184137 0
21.2743 67.0492 2.25405 2.05952 4.58969 1.69505 207624 0 1.70569 0.183587 0
10.1975 15.8077 1.22137 1.92992 3.99244 1.77491 132709 0 -1.53888 0.183445 0
7.46572 -5.70564 0.577317 0.773175 0.83731 1.10343 101345 0 -1.43714 0.183122 1
54.9099 28.9297 1.62506 2.01641 4.47499 1.66405 152037 0 -1.62005 0.183051 0
28.8756 -6.49762 0.75756 0.831002 1.20512 1.49977 100008 0 -1.5627 0.182866 1
1.74796 53.191 1.92754 1.97976 4.50131 1.63652 187439 0 1.61449 0.182786 0
1.11761 70.5354 3.27352 2.52328 6.11973 2.21613 212709 0 3.10509 0.182674 0
55.1994 23.505 1.53888 2.00744 4.49003 1.64025 144082 0 -1.57858 0.181597 0
32.7462 55.5422 1.84841 2.07743 4.55082 1.58651 190812 0 -3.11213 0.1811 0
11.8621 -6.64562 0.739593 0.886038 1.03504 1.71583 99955 0 -1.52869 0.181016 1
-43.4213 58.1368 0.98894 2.34877 5.40623 1.81378 194318 0 -1.2956 0.180516 0
-27.1224 14.7527 0.37786 2.36725 5.78041 1.99812 131189 0 1.82473 0.180349 0
36.3872 30.2343 1.6943 2.1573 4.91629 1.82228 153851 0 -1.48065 0.180214 0
28.4255 -5.63284 0.578031 0.661531 0.690583 1.03989 101410 0 -1.30386 0.180201 1
28.9561 -5.87839 0.775763 0.856664 1.12365 1.4874 100944 0 -1.311 0.17965 1
2.08588 56.0481 2.2711 2.48432 6.02773 2.08523 191652 0 1.71465 0.179493 0
36.3969 44.6671 1.84014 1.93306 4.35014 1.53585 174911 0 1.57467 0.179356 0
-41.8414 9.66229 -0.199092 2.09618 4.53672 1.58765 123655 0 1.79412 0.179139 0
50.724 38.1849 1.83822 1.92634 4.3245 1.50393 165596 0 -1.53521 0.179065 0
21.2869 54.5892 2.14871 1.98136 4.35898 1.60666 189372 0 1.67211 0.178739 0
36.8557 15.4229 1.19572 2.22589 5.52756 1.66568 132325 0 1.63436 0.178517 0
37.3039 34.5143 1.59955 0.77919 1.23851 1.66489 159938 0 0.150671 0.178189 1
50.4089 37.3393 1.76696 1.77664 3.97389 1.4177 164191 0 -1.47874 0.178014 0
55.5084 22.2112 1.51437 2.08818 4.68819 1.66258 142211 0 -3.06018 0.177855 0
54.5814 10.8521 1.27246 2.05067 4.62053 1.61944 125360 0 1.66772 0.177642 0
54.1766 2.30773 0.768172 0.763051 0.818417 1.73024 113191 0 1.51442 0.17755 1
50.1646 34.8149 1.86926 1.83316 4.23029 1.53194 160446 0 -1.5174 0.176782 0
-5.88418 44.541 2.02411 2.32942 5.40585 1.8322 174779 0 -1.46137 0.176002 0
38.2522 38.3141 1.79308 1.94007 4.3665 1.53214 165557 0 1.63065 0.175905 0
-33.7621 32.8624 0.880788 2.00884 4.47868 1.5354 157376 0 2.13874 0.175861 0
-23.1684 27.0535 0.78429 2.03295 4.58765 1.56455 148985 0 -1.29074 0.17534 0
51.0833 46.8931 1.90893 1.89832 4.14796 1.51585 178233 0 0.724387 0.174891 0
37.8956 44.8582 2.02567 2.08209 4.63662 1.56415 175384 0 1.58148 0.174886 0
-62.5156 11.9131 -0.364085 2.14753 4.88167 1.6426 126866 0 -3.09361 0.174819 0
-34.6752 33.2067 0.693594 1.99835 4.52263 1.58756 157841 0 0.0500517 0.174589 0
-44.8736 -11.5552 -0.850227 2.34827 5.44424 1.97116 92289 0 0.0604944 0.174557 0
68.9709 11.695 1.15547 2.01381 4.53131 1.5427 126809 0 -0.981357 0.174555 0
33.9988 56.7968 1.82161 2.13075 4.80944 1.73592 192688 0 -1.51906 0.174093 0
-22.5465 27.9197 0.818786 2.07758 4.62352 1.57779 150391 0 -1.29288 0.173651 0
33.1288 53.6865 1.75548 1.9394 4.38657 1.5201 188005 0 -1.48157 0.173412 0
-4.8992 64.521 2.49471 2.12575 4.83974 1.76156 203798 0 1.62011 0.173405 0
48.8156 23.2393 1.07409 1.8736 4.33387 1.50038 143594 0 -1.55108 0.173378 0
2.38639 52.9092 1.89984 1.89292 4.23967 1.54307 186973 0 1.55099 0.173367 0
19.6557 40.5818 1.89246 1.9101 4.25435 1.47877 168775 0 1.61804 0.173214 0
-40.7626 33.1284 0.67098 2.02645 4.52865 1.56133 157822 0 3.07752 0.172655 0
69.9259 11.9903 1.37947 1.97409 4.35528 1.55994 127280 0 -1.3843 0.172454 0
29.548 -6.22715 0.625995 0.69727 0.715424 1.07735 100478 0 -0.17242 0.172064 1
32.4035 39.1062 1.82157 2.14657 4.86146 1.60809 166943 0 -1.50398 0.171927 0
13.3218 43.4675 1.74356 1.97202 4.36971 1.70927 172967 0 -1.48529 0.171789 0
-13.2981 -13.605 0.762608 0.828659 0.8926 1.74373 89580 0 2.57237 0.171477 1
-4.6356 49.9897 2.03691 2.07469 4.69224 1.64336 182739 0 -1.47278 0.171437 0
14.5859 -4.35829 0.80311 0.787712 1.09377 1.59201 103239 0 -1.60549 0.171324 1
54.2333 7.92079 1.01617 1.85456 4.29771 1.50209 121147 0 1.69276 0.171187 0
20.5892 41.0476 1.90954 2.06408 4.69244 1.58678 169714 0 1.53313 0.171127 0
-40.4675 32.4899 0.612304 2.07054 4.68354 1.58842 156887 0 -0.414633 0.170883 0
32.8093 56.1966 1.87532 1.99982 4.58784 1.54756 191748 0 -2.33747 0.170834 0
12.3671 28.7361 1.39695 1.76231 3.99797 1.45381 151436 0 -1.43729 0.170203 0
30.6403 38.9457 1.69751 1.91347 4.4247 1.55053 166469 0 1.59214 0.16981 0
69.2786 11.9924 1.24869 2.03278 4.61073 1.55665 127278 0 -1.22498 0.169406 0
69.0623 2.51755 0.776211 0.794932 0.864061 1.70244 113237 0 -0.676466 0.169304 1
51.9729 45.6228 1.77754 2.16432 4.94728 1.71291 176364 0 -1.23088 0.169302 0
-45.6976 14.8107 -0.34892 1.97259 4.3867 1.58119 131131 0 -1.1994 0.169029 0
-26.056 22.6028 0.600403 2.05938 4.51507 1.52847 142424 0 1.79574 0.168827 0
-61.9426 10.7956 -0.451885 1.70211 3.6445 1.4633 124996 0 -1.25347 0.168582 0
14.3552 58.4268 1.89004 1.67104 3.6607 1.3847 194966 0 -1.43503 0.168261 0
20.9602 67.3432 2.2832 1.99735 4.50055 1.66061 208091 0 1.76197 0.16822 0
51.6144 47.1765 1.90217 2.20136 5.03078 1.69301 178703 0 0.170775 0.167874 0
14.8839 74.7288 2.53055 2.04251 4.74229 1.64847 218836 0 -1.7826 0.167319 0
1.09761 69.3488 3.23212 1.93443 4.08149 1.67647 210837 0 3.08051 0.165671 0
15.151 64.9994 2.0468 2.19894 5.09944 1.72088 204797 0 -1.54195 0.165529 0
33.7442 54.4825 1.80605 2.01023 4.49094 1.60641 189411 0 -1.74702 0.165145 0
-37.8913 22.0318 0.288179 2.00033 4.33952 1.70945 141451 0 1.7829 0.165125 0
14.2773 70.2804 2.24292 1.93763 4.29612 1.5719 212282 0 -1.56121 0.165095 0
46.1927 -33.1986 -0.288651 2.07649 4.68138 1.68023 61218 0 -1.54936 0.165078 0
54.1794 2.16532 0.748809 0.752103 0.806134 1.71839 112723 0 1.56771 0.164456 1
15.7731 73.7681 2.70882 2.27489 5.31353 1.94387 217435 0 -1.57209 0.163994 0
2.74181 58.1377 2.08447 2.09683 4.71929 1.73497 194462 0 1.59741 0.16397 0
39.4862 38.6095 1.76397 1.94935 4.42167 1.51775 166029 0 1.65044 0.163398 0
19.9322 46.6034 2.08021 2.15453 4.91624 1.71495 177668 0 -1.64633 0.163363 0
-34.9871 30.0046 0.414051 1.95692 4.42255 1.50983 153160 0 0.495619 0.163045 0
13.0304 44.2206 1.769 1.84755 3.98988 1.65559 174370 0 -1.57907 0.162399 0
-34.1372 33.6705 0.829274 2.12776 4.77329 1.6521 158779 0 1.89767 0.16222 0
-41.4258 34.0632 0.890801 2.07166 4.58565 1.64867 159224 0 2.43847 0.161647 0
