44.3326 -6.9059 1.44854 2.95199 7.83814 3.20163 99588 0 1.62498 0.95897 0
-6.85883 11.3511 0.989941 1.98681 4.55756 1.47012 126104 0 -1.48514 0.951907 0
18.4037 11.7381 1.05142 2.11931 4.83645 1.53562 126651 0 1.6335 0.950537 0
10.6845 12.7514 1.20651 2.23338 5.2427 1.91198 128031 0 -1.56348 0.931499 0
-1.87692 11.069 1.18777 2.07158 4.52744 1.83937 125652 0 1.61336 0.920325 0
-0.86602 17.0923 1.37083 2.10852 4.8214 1.84104 134547 0 1.62057 0.920094 0
36.057 9.08143 1.04768 1.94933 4.46667 1.50191 122962 0 1.66559 0.911921 0
-20.619 32.7325 1.12809 2.47471 5.65586 1.87498 157417 0 -1.20212 0.909249 0
30.8488 9.35738 1.15915 1.98039 4.428 1.66805 123414 0 -1.46533 0.903124 0
-19.0151 11.4774 0.817813 1.9958 4.52299 1.76379 126066 0 1.69455 0.889221 0
10.6861 15.856 1.25546 2.2027 5.0792 1.85529 132711 0 -1.53984 0.887202 0
30.6087 15.9076 1.25798 1.97074 4.47232 1.72471 132773 0 -1.4923 0.884752 0
-18.7428 19.744 0.999172 2.14761 4.70636 1.99561 138235 0 1.71505 0.881286 0
-6.5521 17.4765 1.08663 2.12071 4.89948 1.55209 134997 0 -1.53058 0.88023 0
-44.6626 -11.1009 -0.832567 2.04158 4.42824 1.7689 93226 0 0.0210036 0.87585 0
-29.6355 6.59435 -0.10614 2.08961 4.73964 1.5324 119013 0 -1.30229 0.871416 0
-42.1222 -11.6716 -0.780564 2.00503 4.39414 1.64616 92298 0 0.055006 0.867984 0
17.354 22.8316 1.48252 2.10792 4.96699 1.6692 143028 0 1.63463 0.859251 0
-0.433296 22.9225 1.42472 2.18802 5.17068 1.86926 142972 0 -1.48185 0.858231 0
-43.0122 5.90166 -0.31521 1.93325 4.25268 1.48959 118035 0 1.87355 0.857964 0
-6.55464 20.2917 1.18253 2.12506 5.03826 1.43872 139209 0 -1.53554 0.856936 0
48.3843 8.52623 1.00084 2.02076 4.63674 1.61266 122065 0 -1.49871 0.856051 0
18.6222 15.4292 1.20838 2.26371 4.99223 1.68268 132268 0 1.62199 0.853284 0
30.9355 12.2953 1.07333 1.8971 4.28354 1.47222 127626 0 1.61158 0.852944 0
11.3642 19.4198 1.17847 1.97325 4.5547 1.51835 137861 0 -1.61305 0.851855 0
-20.1206 -2.92832 0.256904 2.07933 4.60999 1.46474 105003 0 -1.93004 0.850854 0
13.2935 41.0983 1.84939 2.14462 4.96116 1.90342 169691 0 -1.50723 0.850728 0
26.9777 7.79027 1.08957 0.842017 1.04499 1.7587 121062 0 0.0123328 0.848188 1
11.7135 22.3138 1.41317 1.93211 4.36229 1.72012 142074 0 -1.53842 0.837466 0
31.1936 30.9423 1.36455 2.11054 4.88623 1.52191 154771 0 1.58273 0.834206 0
-19.7016 8.03457 0.686145 2.04167 4.57906 1.55747 121384 0 1.6136 0.83141 0
-52.6023 -4.89762 -0.733975 2.02017 4.36399 1.65594 102093 0 -1.53566 0.828401 0
-18.3966 14 0.825954 2.0755 4.73962 1.8293 129812 0 1.77512 0.826372 0
-36.4256 -11.4431 -0.667016 2.16398 4.85553 1.91566 92784 0 0.0383921 0.822658 0
-1.19126 14.1567 1.10721 1.91415 4.29555 1.56462 130334 0 1.71 0.820176 0
17.6967 20.0135 1.19573 2.05631 4.78356 1.49886 138817 0 1.64088 0.817711 0
66.9622 -4.88595 0.862941 2.12526 4.82117 1.71317 102467 0 -1.29215 0.816941 0
9.40892 -4.54788 0.838894 0.855018 0.929868 1.76671 102755 0 -1.76588 0.816915 1
0.39859 31.7426 1.6844 2.10451 4.6519 1.82467 156079 0 1.64632 0.815547 0
30.9412 27.4678 1.39278 2.13496 4.89561 1.46245 149622 0 1.61387 0.814176 0
7.7743 42.3418 1.6721 2.13599 4.8398 1.57876 171546 0 -0.00215002 0.8123 0
0.135132 29.0146 1.39051 2.01813 4.57782 1.57161 151866 0 1.5985 0.811646 0
17.4354 25.7403 1.59817 2.25253 5.32562 1.73841 147240 0 1.63447 0.810085 0
-49.135 4.53884 -0.36503 2.1434 4.78483 1.66754 116144 0 -1.29681 0.808671 0
11.6292 26.1334 1.30541 2.02742 4.82666 1.49579 147690 0 -1.52604 0.798764 0
-6.2728 14.4839 1.01827 2.04598 4.68685 1.49365 130786 0 -1.48529 0.796974 0
48.7252 5.72076 1.14196 2.13759 5.00135 1.87734 117854 0 -1.48375 0.79479 0
13.8896 38.1395 1.70738 2.0957 4.85064 1.59555 165481 0 -1.50233 0.793132 0
12.9671 32.3831 1.41712 2.09714 4.95374 1.50916 157054 0 -1.5086 0.791999 0
-0.145256 26.1518 1.33616 2.02044 4.64485 1.48016 147653 0 1.60611 0.771013 0
-44.591 20.4064 -0.0662348 2.05103 4.62115 1.56893 139090 0 -1.27956 0.770088 0
-5.8939 26.117 1.55945 2.08356 4.72184 1.70231 147635 0 -1.5221 0.760706 0
-18.1254 22.8955 0.809258 2.0284 4.60847 1.56931 142917 0 1.60255 0.759422 0
12.6321 29.257 1.42131 1.97236 4.6094 1.4703 152373 0 -1.47959 0.754346 0
-56.2528 27.2666 0.143699 2.11536 4.62754 1.64098 149350 0 -1.17634 0.752089 0
15.228 -6.76252 0.764246 0.908925 0.998502 1.69933 99497 0 1.60834 0.748543 1
48.8576 11.6184 1.20702 1.96516 4.36125 1.70577 126746 0 -1.51954 0.747916 0
-18.6564 16.9103 0.673744 1.9236 4.52913 1.53767 134023 0 1.70268 0.7469 0
11.6945 -6.95049 0.772783 0.921499 0.943168 1.73 99486 0 -2.52256 0.74312 1
-41.4001 11.7034 -0.15535 1.9221 4.45714 1.54719 126464 0 1.88359 0.74063 0
8.4791 -5.80427 0.782737 0.974245 0.9421 1.69801 100880 0 2.26131 0.734531 1
36.3299 12.1124 1.22264 2.09446 4.90911 1.61319 127175 0 1.63233 0.733428 0
14.1342 -4.70159 0.850442 0.844646 0.986408 1.7367 102770 0 -1.65786 0.731066 1
-27.6438 14.6763 0.367775 2.01743 4.7975 1.89767 130719 0 1.82613 0.728828 0
50.6702 34.9614 1.68999 2.09042 4.71336 1.54982 160916 0 -1.54066 0.727575 0
-33.4824 5.81281 -0.155224 0.770212 0.782851 1.64243 118065 0 -1.53669 0.725145 1
13.3024 46.9352 1.64283 1.91885 4.38763 1.51362 178115 0 -1.53907 0.717746 0
36.3604 15.2871 1.19009 1.92581 4.48233 1.50106 131855 0 1.67797 0.717656 0
-40.4396 14.5439 -0.0603539 1.99274 4.47202 1.56761 130679 0 1.85472 0.711599 0
-21.2987 29.8902 0.811826 2.1036 4.68644 1.49708 153203 0 -1.28315 0.710813 0
-0.790939 20.0795 1.26969 2.11379 4.92575 1.61971 138759 0 1.6593 0.707477 0
13.5508 43.9631 1.72211 2.13584 4.84223 1.74444 173904 0 -1.53525 0.70328 0
-61.3468 14.5752 -0.403058 1.96071 4.27592 1.64321 130614 0 -1.11603 0.700567 0
14.8979 58.3675 1.99223 2.00605 4.54864 1.52606 194968 0 -1.39787 0.69615 0
15.2523 55.2353 2.21328 1.97801 4.38912 1.67546 190289 0 -1.44974 0.69438 0
30.8768 21.668 1.18592 1.8801 4.33402 1.40801 141198 0 -1.49993 0.690815 0
-5.26985 40.8208 1.68664 2.02271 4.54834 1.51761 169165 0 -1.54934 0.684407 0
19.002 37.9058 1.80713 2.09554 4.73654 1.63485 165029 0 1.60227 0.681649 0
41.0998 27.9765 1.56953 0.876885 0.869584 1.72907 150590 0 -2.84841 0.679725 1
29.5326 -5.53961 0.800884 0.945181 0.966308 1.6388 101414 0 -0.10753 0.677334 1
-38.8889 19.6867 -0.00289288 2.02978 4.73537 1.5807 138172 0 1.82489 0.669889 0
-48.159 7.18209 -0.419405 2.03487 4.54401 1.59899 119891 0 -1.29484 0.668019 0
18.7137 31.7995 1.41385 2.09725 4.76081 1.52631 156136 0 1.60764 0.655573 0
14.9266 64.5519 2.08476 2.02429 4.61261 1.56471 203860 0 -1.44302 0.65545 0
54.1974 5.5162 1.1444 2.10582 5.07699 1.89955 117871 0 1.65261 0.652364 0
-46.2783 56.1989 0.764966 2.04432 4.54802 1.53279 191501 0 -1.30833 0.64578 0
31.8276 38.9184 1.87018 1.9441 4.36041 1.56034 166473 0 -1.50216 0.641562 0
14.9927 -4.41255 0.702122 0.632072 0.747298 0.884234 103240 0 -1.29416 0.635535 1
36.3032 21.0447 1.37092 1.95016 4.49838 1.55168 140279 0 1.63013 0.634812 0
54.5434 11.3005 1.34137 2.08676 4.71415 1.58828 126296 0 1.59433 0.629051 0
15.1724 67.4208 2.22809 2.09643 4.65705 1.83049 208073 0 -1.43408 0.62226 0
30.8701 18.7834 1.12533 1.88831 4.55468 1.44582 136986 0 -1.50517 0.620863 0
-19.6679 35.3679 1.06155 2.08444 4.67158 1.57594 161164 0 -1.13038 0.618036 0
-62.2478 11.6898 -0.40481 1.90495 4.25201 1.52996 126399 0 1.94633 0.616101 0
31.5171 35.7706 1.65744 2.05619 4.81589 1.62697 161792 0 1.61105 0.597259 0
2.10381 55.5405 2.35152 2.45224 5.68355 2.05228 190716 0 1.60188 0.592984 0
19.0414 40.7821 1.84946 2.06777 4.81778 1.51437 169241 0 1.6094 0.584727 0
-53.9223 47.8064 0.539739 2.05569 4.53977 1.5689 179309 0 -1.17213 0.584654 0
-32.1386 42.1043 1.10131 1.94019 4.48836 1.60308 170953 0 1.95829 0.584167 0
-39.877 17.1355 0.126977 1.8027 3.8778 1.68768 134425 0 1.83687 0.583541 0
28.6231 -6.32611 0.78339 0.87492 1.28612 1.64037 100475 0 -1.31473 0.576324 1
-45.6257 17.8309 -0.0797041 2.07846 4.62292 1.65235 135343 0 -1.25579 0.564917 0
14.1641 -4.82092 0.826143 0.781623 0.89685 1.67506 102302 0 -1.52998 0.56348 1
-46.5565 14.8577 -0.226353 2.02992 4.36101 1.64032 131128 0 -1.2506 0.561914 0
-5.90601 31.8777 1.69618 2.11965 4.80805 1.53838 156059 0 -1.54777 0.55861 0
1.07236 43.6721 1.69477 1.96635 4.44903 1.50284 173397 0 1.53087 0.558269 0
-28.914 9.20715 -0.0275984 1.98297 4.48355 1.48862 122759 0 -1.34147 0.556801 0
-5.2952 44.2602 1.9962 2.12673 4.80589 1.78459 174313 0 -1.53169 0.556534 0
4.59853 40.0385 1.80568 0.854939 0.75633 1.80452 168260 0 0.0305675 0.555588 1
14.1576 -3.94163 0.985938 0.918848 1.04061 1.91063 103706 0 1.57777 0.549027 1
37.2943 30.2136 1.70557 2.55273 6.04091 1.96943 153854 0 -1.50151 0.545196 0
-47.2183 12.2905 -0.356068 1.98788 4.46191 1.60293 127382 0 -1.25405 0.544611 0
-32.5082 39.1647 0.717375 1.96453 4.39248 1.45379 166740 0 1.9672 0.540933 0
-24.4866 22.2631 0.603079 2.00428 4.43502 1.57772 141961 0 -1.34616 0.539362 0
33.1284 56.7665 1.88601 1.92938 4.30071 1.51717 192685 0 -1.54183 0.535245 0
-63.8703 6.95966 -0.497674 2.0402 4.41613 1.68868 119374 0 -1.26788 0.534773 0
-47.5274 9.71076 -0.0436518 2.19284 5.13086 1.86115 123637 0 -1.27356 0.527434 0
17.75 28.6794 1.38672 2.01487 4.69349 1.4683 151453 0 1.60587 0.522065 0
-44.0169 23.124 0.21806 2.01777 4.49079 1.61697 143304 0 -1.26021 0.513085 0
36.9307 26.9485 1.37615 2.10133 4.86064 1.51439 149173 0 1.70665 0.507147 0
-37.9343 22.2708 0.377882 1.99017 4.31065 1.79104 141919 0 1.80514 0.504006 0
31.5241 45.0154 1.93397 2.00997 4.55983 1.51709 175364 0 -1.55966 0.50338 0
29.3776 -5.56216 0.794582 0.951694 1.00911 1.63957 101413 0 -0.200648 0.501844 1
-42.4025 9.43731 -0.242733 2.01245 4.51109 1.55865 123185 0 1.85168 0.479094 0
14.1642 -3.78146 0.959147 0.90129 1.02044 1.88609 104174 0 1.63118 0.46617 1
14.973 -4.50173 0.648204 0.591877 0.696897 0.817857 102772 0 -1.30838 0.46039 1
-44.3264 58.4018 1.19729 2.13755 4.58727 1.68684 194783 0 -1.27666 0.458593 0
18.7173 43.3867 1.94537 2.03459 4.60315 1.5362 172984 0 1.6002 0.457503 0
-19.0567 38.2493 0.800972 2.01771 4.5918 1.4959 165378 0 -1.12492 0.455924 0
19.0375 46.5314 2.0937 1.93633 4.31891 1.53996 177665 0 1.56644 0.454644 0
32.4389 35.7652 1.67252 2.17377 5.14833 1.72849 161795 0 -1.54327 0.451882 0
-24.2086 22.5246 0.608627 2.00496 4.44801 1.5852 142430 0 -1.39962 0.434542 0
49.4442 20.3148 1.44752 2.02791 4.52498 1.555 139384 0 -1.56442 0.434529 0
31.8312 35.8841 1.70838 2.24927 5.16187 1.61811 162261 0 -1.97906 0.432911 0
37.3434 34.742 1.5552 0.779727 0.875932 1.62288 160406 0 0.291276 0.425674 1
49.4397 23.2106 1.17888 1.92979 4.41768 1.48492 143596 0 1.58247 0.424777 0
60.7126 20.9975 1.66982 2.06897 4.76949 1.63799 140355 0 -3.05845 0.421485 0
-27.359 17.7453 0.546118 2.15752 4.86976 1.86996 135400 0 1.76395 0.419755 0
51.695 46.5598 1.85019 1.98174 4.51074 1.55593 177767 0 -1.68973 0.409432 0
28.422 -6.26466 0.751165 0.710656 0.832382 1.34481 100474 0 -1.34462 0.408977 1
-68.987 5.24197 -0.56058 1.889 4.15952 1.64051 117018 0 1.95077 0.400163 0
-16.3737 -14.5592 0.360399 0.837148 0.882763 1.69309 88166 0 -1.86532 0.392859 1
-67.3746 11.063 -0.558929 1.88499 4.17874 1.48518 125447 0 -1.15929 0.391872 0
54.2045 8.22552 0.971179 1.92314 4.52882 1.48715 121615 0 1.68543 0.391817 0
49.1353 23.5123 1.17712 1.94388 4.46296 1.45968 144063 0 1.60044 0.388327 0
28.9338 -5.66772 0.668511 0.720545 0.804625 1.3224 101412 0 -0.661497 0.386489 1
-33.683 5.20103 -0.259238 0.664763 0.667072 1.35066 117128 0 -1.72911 0.382042 1
28.8785 -6.32204 0.778566 0.894395 1.64006 1.66202 100476 0 -1.35932 0.381315 1
28.9142 -5.85783 0.726542 0.833944 0.934628 1.47157 100944 0 -1.06569 0.380324 1
-35.3632 30.5051 0.42284 1.85299 4.14883 1.47887 154095 0 1.88032 0.373832 0
15.0866 -4.49804 0.611683 0.596653 0.716264 0.755502 102773 0 -1.41718 0.368092 1
-3.68336 64.7856 2.40265 2.12222 4.68072 1.67472 204270 0 -1.48373 0.366704 0
-44.9564 58.667 1.11174 2.4503 5.81018 1.95126 195249 0 -1.25929 0.365393 0
-61.9659 11.4134 -0.412933 1.63509 3.53872 1.43239 125932 0 2.17948 0.364949 0
-4.31873 58.9988 2.24558 1.99235 4.54696 1.63811 195844 0 -1.54664 0.363704 0
-5.27055 68.2767 2.56607 2.04653 4.67532 1.57923 209413 0 -1.45154 0.357605 0
41.0826 28.2623 1.53804 0.834357 0.933416 1.65177 151058 0 -2.83881 0.356158 1
-5.86436 44.2924 1.98989 2.25455 5.28904 1.85083 174311 0 -0.654566 0.353552 0
-62.0016 11.9134 -0.400463 1.90725 4.12133 1.51156 126868 0 1.9656 0.352459 0
31.2444 39.1086 1.86095 2.0434 4.6463 1.55106 166939 0 -1.51662 0.351564 0
-34.7103 33.4934 0.749287 1.97061 4.55436 1.55246 158309 0 1.89656 0.34899 0
24.1774 18.334 1.1045 1.99874 4.41811 1.48669 136497 0 0.517017 0.348712 0
37.2874 44.6104 1.90798 1.99386 4.57021 1.52444 174914 0 1.58356 0.347038 0
33.7566 53.9392 1.84959 1.97092 4.40821 1.53205 188475 0 -1.50188 0.346908 0
1.44699 52.648 1.94245 2.04139 4.69109 1.64788 186502 0 1.5839 0.345162 0
28.6897 -6.4435 0.786227 0.816222 1.41282 1.68036 100007 0 -1.38562 0.344649 1
45.9078 -30.5782 -0.225458 1.9076 4.26036 1.57436 64961 0 -1.33658 0.343661 0
-69.2551 5.03239 -0.534553 2.03356 4.48895 1.69209 116549 0 1.91886 0.340661 0
-33.6226 5.68996 -0.155993 0.83936 0.847498 1.64332 117596 0 -1.60221 0.340489 1
49.7386 22.9073 1.23446 1.94878 4.42317 1.48571 143129 0 1.57967 0.339033 0
-6.54256 32.059 1.72183 2.19682 4.99169 1.52806 156525 0 1.60398 0.338777 0
54.5448 28.9584 1.636 1.99653 4.47379 1.61547 152036 0 -1.64438 0.336209 0
41.1099 27.8072 1.56795 0.865459 0.839043 1.71719 150122 0 -2.89936 0.33496 1
51.6943 37.6323 1.83569 1.96372 4.41532 1.5902 164663 0 -1.57372 0.334653 0
-33.696 5.03961 -0.297604 0.639226 0.636623 1.30724 116660 0 -1.80624 0.334086 1
14.1549 -4.31008 0.89327 0.877636 1.03103 1.83491 103238 0 -2.10343 0.333509 1
11.8585 -6.91901 0.771211 0.941147 0.976099 1.76634 99487 0 -2.51594 0.328779 1
2.66126 55.7414 2.33791 2.46155 5.35906 2.04811 191186 0 1.62647 0.325656 0
50.7214 37.6148 1.79122 1.85708 4.2282 1.48627 164660 0 -1.57531 0.322194 0
-4.64235 49.4752 1.94753 1.99428 4.61719 1.60418 181803 0 -1.57222 0.321669 0
12.9121 29.5068 1.41362 2.00821 4.74048 1.51109 152842 0 -1.50862 0.32137 0
-5.29836 28.9718 1.45319 2.07871 4.79576 1.5739 151849 0 -1.48745 0.319916 0
46.2709 -27.977 -0.00964978 1.82615 4.08341 1.55854 68706 0 -1.39077 0.319879 0
37.4996 30.2172 1.73356 2.68081 6.22021 1.93524 153855 0 1.1082 0.318486 0
-29.5424 9.48496 -0.0731266 2.0351 4.49432 1.53977 123225 0 1.79294 0.31806 0
-38.4947 22.5198 0.362935 2.11713 4.78269 1.82669 142385 0 1.80736 0.316852 0
-34.111 33.4202 0.821465 2.10545 4.78655 1.59728 158311 0 1.87724 0.315218 0
13.0655 43.9715 1.76364 1.83591 3.9572 1.6501 173902 0 -1.52246 0.314271 0
-22.5837 -9.35278 0.913461 0.818088 0.902576 1.76502 95635 0 1.36071 0.31423 1
-27.7007 18.0458 0.545987 2.13286 4.74388 1.87924 135867 0 1.8065 0.313191 0
33.1238 54.1878 1.87207 1.89283 4.19776 1.47411 188941 0 -1.52542 0.311417 0
49.1493 20.0789 1.41966 1.98144 4.39154 1.52653 138915 0 -1.5091 0.311198 0
24.4362 18.0837 1.08913 1.7736 3.85541 1.46825 136030 0 0.491809 0.308999 0
19.981 40.8106 1.90043 1.94843 4.29308 1.48698 169244 0 1.57792 0.307864 0
14.5588 -4.6163 0.773956 0.706013 0.852747 1.31318 102771 0 -1.75731 0.307212 1
51.9493 46.2887 1.82771 2.12197 4.9381 1.6553 177300 0 -1.51787 0.306754 0
21.2721 55.2231 2.19621 2.02188 4.48807 1.64187 190308 0 1.60658 0.302408 0
-35.3278 33.7942 0.69033 2.00937 4.62833 1.58203 158775 0 1.91901 0.301409 0
1.48209 55.7709 2.56372 2.68463 6.47196 2.26573 191182 0 1.59436 0.301089 0
51.3645 49.3475 1.62763 0.819859 1.75817 1.74726 181978 0 0.771612 0.301043 2
38.572 35.6583 1.61452 1.9626 4.46332 1.51299 161814 0 1.63373 0.300805 0
51.9687 37.8833 1.84475 2.0499 4.61753 1.64991 165132 0 -1.59879 0.300096 0
20.9773 55.4842 2.21616 1.97791 4.34644 1.6104 190775 0 1.59609 0.298045 0
-5.88416 44.0645 1.97079 2.16952 4.97434 1.80899 173843 0 1.27276 0.296138 0
-60.3162 17.4381 -0.428185 2.01976 4.57845 1.64165 134829 0 -1.1197 0.295201 0
37.4826 34.7517 1.5577 0.806455 1.03802 1.60642 160407 0 0.266779 0.295081 1
1.72762 52.8999 1.89473 1.96575 4.40275 1.57335 186971 0 1.60062 0.294956 0
49.4342 23.7749 1.24645 1.9476 4.4172 1.47945 144532 0 1.57995 0.294047 0
32.1256 45.1984 1.95659 2.03917 4.59295 1.56794 175834 0 -1.57125 0.292294 0
35.6143 6.34947 1.12758 0.763266 0.878345 1.72662 118749 0 1.60043 0.292039 1
-33.382 39.5013 0.731946 2.15957 4.89685 1.61307 167205 0 1.93758 0.289781 0
-26.7764 17.4652 0.52525 2.13654 4.89221 1.80842 134934 0 1.69548 0.289772 0
28.722 -5.9117 0.722643 0.821249 0.951614 1.37803 100943 0 -1.32878 0.287476 1
-4.33304 49.7154 1.96224 1.99338 4.51397 1.64831 182272 0 -1.54577 0.286602 0
17.4707 28.3982 1.4041 2.01918 4.6251 1.47981 150984 0 1.61503 0.283064 0
50.0575 23.4908 1.27348 1.9545 4.36397 1.47891 144066 0 1.55908 0.283035 0
-62.4928 11.4406 -0.406994 2.00226 4.47648 1.57557 125930 0 1.93059 0.281732 0
-31.5666 41.8103 1.0904 1.7643 3.78044 1.49339 170487 0 1.95407 0.279734 0
33.4297 57.0151 1.86829 2.05691 4.56319 1.59611 193154 0 -1.56983 0.279068 0
-40.9268 11.6651 -0.144439 1.61989 3.57027 1.42098 126466 0 1.87674 0.278895 0
24.4494 17.7447 1.1072 0.831326 1.01231 1.49035 135562 0 0.350622 0.27843 1
53.617 28.9289 1.60742 1.96494 4.38239 1.5104 152033 0 -1.62745 0.278097 0
-19.9385 35.131 1.1051 2.08759 4.65291 1.54981 160695 0 -1.15555 0.275324 0
-35.9786 30.5943 0.453992 1.91942 4.23858 1.51466 154093 0 1.81327 0.274368 0
-6.22078 22.9205 1.3093 2.00756 4.65635 1.49774 142954 0 -1.54051 0.271897 0
51.0526 37.8712 1.84247 1.92844 4.27454 1.53096 165129 0 -1.5844 0.270993 0
49.4305 22.6274 1.24577 1.98577 4.5082 1.51214 142660 0 1.56271 0.270911 0
-39.1163 19.4677 -0.0570005 1.79386 4.26846 1.53454 137703 0 1.84509 0.270536 0
-3.97132 64.5398 2.42085 2.03191 4.53609 1.6598 203801 0 -1.45628 0.269682 0
-40.1129 16.9221 0.0563255 1.90315 4.27451 1.7285 133956 0 1.77038 0.268377 0
55.532 34.1244 1.67115 1.99347 4.54317 1.61342 159527 0 1.57618 0.267822 0
45.9405 -33.4599 -0.235049 1.92919 4.31323 1.55304 60749 0 -1.47554 0.267153 0
38.88 35.388 1.66486 2.02952 4.56702 1.57623 161347 0 1.65622 0.266215 0
51.4189 46.8342 1.87765 1.94329 4.36209 1.55108 178234 0 -1.71871 0.265474 0
-4.61845 64.8153 2.45701 2.10863 4.78029 1.74427 204267 0 -1.51445 0.264998 0
-67.3858 11.6348 -0.585495 1.94001 4.3352 1.498 126383 0 -1.1222 0.264238 0
46.5184 -27.7457 0.0355845 1.99913 4.55027 1.67306 69175 0 -1.46804 0.263432 0
-33.5434 5.24658 -0.24109 0.714232 0.711502 1.40972 117129 0 -1.73021 0.262358 1
-4.59076 58.7719 2.22356 1.8081 4.16931 1.58283 195375 0 -1.53043 0.261779 0
-22.5981 -9.20942 0.934986 0.800389 0.908506 1.75165 96103 0 1.26632 0.261323 1
14.6528 67.5788 2.26509 1.92224 4.0707 1.73038 208539 0 -1.52079 0.260808 0
-53.673 48.0849 0.540316 2.07819 4.45687 1.59168 179778 0 -0.876152 0.260553 0
18.3613 28.8908 1.39988 2.04521 4.78635 1.50758 151923 0 1.60637 0.259117 0
-42.1408 9.66042 -0.210024 2.00282 4.4677 1.55592 123654 0 1.86725 0.257996 0
37.599 35.3544 1.46955 1.81072 4.46669 1.5044 161343 0 1.55006 0.255631 0
24.4429 17.4507 1.11191 0.797112 0.872522 1.50131 135094 0 0.198484 0.255515 1
14.9364 67.1492 2.21587 1.9381 4.23938 1.76103 207604 0 -1.36822 0.254449 0
32.824 53.9763 1.81245 1.89548 4.31322 1.47847 188472 0 -1.46825 0.25423 0
-68.6797 5.0225 -0.603586 1.66597 3.46297 1.57503 116551 0 -0.404305 0.251235 0
38.2268 44.6284 2.02859 1.98 4.4979 1.54921 174917 0 1.59577 0.251079 0
46.1982 -33.7451 -0.185418 2.08452 4.76702 1.64991 60282 0 -1.43991 0.250704 0
-19.1244 35.3035 1.01089 2.08681 4.62223 1.59464 161166 0 -1.11191 0.250692 0
-34.7349 30.2534 0.478974 1.86583 4.21458 1.4744 153629 0 -1.51449 0.250514 0
19.9323 46.5783 2.07782 2.13296 4.88047 1.66429 177668 0 -1.5911 0.250182 0
11.1561 26.0789 1.3112 1.71245 3.7184 1.45603 147688 0 -1.53519 0.248999 0
-67.6494 10.7816 -0.512055 2.04983 4.56404 1.56046 124978 0 -1.21897 0.248944 0
40.938 27.9944 1.56253 0.930124 0.887091 1.74421 150589 0 -2.87848 0.248514 1
-47.1602 15.1197 -0.188037 2.25898 5.00315 1.71295 131594 0 -1.24152 0.248333 0
19.3697 46.7792 2.11336 2.02031 4.56111 1.56447 178134 0 1.54769 0.248089 0
30.3348 18.9341 1.1259 1.8818 4.42677 1.45071 137452 0 -1.52132 0.247914 0
18.1453 31.6329 1.40425 2.01292 4.6074 1.53378 155666 0 1.59564 0.247514 0
-4.65667 68.0769 2.49569 1.85398 4.28675 1.54464 208947 0 -1.46752 0.247345 0
41.1059 28.552 1.41881 0.697985 0.801504 1.42322 151526 0 -2.77818 0.246327 1
29.557 -5.87537 0.752042 0.848531 0.985251 1.40463 100946 0 0.0333433 0.246037 1
-0.536537 19.787 1.30367 2.02911 4.7441 1.64266 138292 0 1.65657 0.244703 0
19.6221 31.8217 1.36483 2.14299 4.90689 1.58251 156139 0 1.60596 0.241781 0
20.9508 52.6277 2.43248 2.24593 5.14413 1.94059 186563 0 -1.59094 0.240848 0
-25.0861 22.5143 0.610123 2.04668 4.52983 1.55009 142427 0 -1.36079 0.240511 0
37.8908 44.3993 1.92884 1.90936 4.43764 1.52515 174448 0 1.60919 0.240444 0
48.5122 20.3297 1.33471 2.05746 4.64054 1.61331 139381 0 1.59571 0.240171 0
31.8464 44.7214 1.87786 1.8897 4.23421 1.50863 174897 0 -1.53437 0.239785 0
39.5195 53.2982 1.79868 1.97785 4.51834 1.55755 187557 0 1.81896 0.239281 0
-47.5731 6.92388 -0.339142 1.86801 4.15181 1.54998 119425 0 -1.27858 0.238598 0
69.1798 2.62594 0.893483 0.835377 0.909934 1.74006 113706 0 -1.39517 0.238353 1
-47.1924 51.6909 0.932158 2.1389 4.85907 1.68575 184946 0 1.73597 0.238317 0
53.6648 8.22694 0.988315 1.68769 3.86237 1.44802 121613 0 1.70055 0.237556 0
8.29573 -5.8307 0.761372 0.931134 0.951188 1.64155 100879 0 -1.73283 0.236433 1
14.0185 -4.3443 0.887671 0.854312 0.96937 1.84325 103237 0 -1.60947 0.235609 1
42.7653 55.5935 2.12723 0.816387 0.837101 1.7308 190843 0 -1.90887 0.234501 1
15.5372 74.411 2.92224 2.08714 4.91113 1.8817 218370 0 -1.75621 0.233441 0
-3.71037 49.4619 1.95457 2.05771 4.73253 1.69376 181806 0 -1.50683 0.2331 0
18.4416 43.1252 1.85124 1.93453 4.36286 1.47582 172515 0 1.59164 0.233046 0
-5.33632 31.6348 1.65066 2.02175 4.67779 1.61427 155593 0 -1.48777 0.232685 0
55.2045 22.8925 1.42639 2.20155 5.12074 1.8066 143146 0 -1.70162 0.232576 0
50.3782 23.2205 1.22638 1.96138 4.36952 1.47637 143599 0 1.55432 0.232564 0
14.6048 -4.37192 0.806253 0.763919 0.985103 1.42477 103239 0 1.76306 0.231809 1
39.8334 53.5862 1.8602 1.99536 4.46077 1.58157 188026 0 2.08138 0.231666 0
1.36321 43.9535 1.71376 1.86141 4.10703 1.47696 173866 0 1.62653 0.231123 0
-63.2466 6.86797 -0.551809 1.97947 4.21382 1.67355 119376 0 -1.21747 0.22958 0
-61.6931 11.6486 -0.434678 1.66394 3.54595 1.43511 126401 0 -1.7628 0.229376 0
-67.9326 11.3481 -0.498279 2.1927 4.97699 1.62194 125913 0 -1.1341 0.229132 0
2.65704 55.2996 2.34605 2.17513 4.92631 1.96187 190250 0 1.59054 0.229011 0
15.7441 55.4257 2.29256 2.28107 5.28604 1.88421 190759 0 -1.48871 0.228788 0
-53.9126 47.2719 0.489273 1.871 4.20575 1.49443 178373 0 -1.41963 0.227093 0
24.1978 17.7675 1.08142 0.991458 1.38465 1.48731 135561 0 0.343135 0.226873 0
54.5641 25.7746 1.33819 1.92788 4.35739 1.52133 147356 0 -1.60676 0.225494 0
33.6932 56.5658 1.87466 1.99934 4.50607 1.59385 192219 0 -1.45445 0.225407 0
24.1925 17.4182 1.09438 0.813107 0.932401 1.47971 135093 0 0.186514 0.22516 1
29.3101 -5.86669 0.77151 0.857408 1.03512 1.46982 100945 0 -0.336706 0.224908 1
-5.59003 49.4614 2.05445 2.12416 4.85377 1.74433 181800 0 -1.56941 0.2246 0
50.4152 37.3426 1.71774 1.78094 3.97425 1.43534 164191 0 -1.52749 0.22421 0
29.4062 -5.40867 0.760397 0.9315 0.988796 1.65584 101881 0 -0.149818 0.223544 1
19.3255 43.6003 2.03133 2.06405 4.63136 1.60567 173454 0 1.56029 0.223378 0
24.1492 17.1856 1.08255 0.801024 0.910631 1.5111 134625 0 0.133698 0.222732 1
1.71727 52.3872 1.84401 1.96545 4.43499 1.60452 186035 0 1.57491 0.222481 0
-5.29514 59.047 2.20296 1.93234 4.44041 1.6173 195841 0 1.6116 0.221929 0
60.8762 20.3486 1.71367 2.43738 5.70095 1.78819 139420 0 -3.03476 0.221483 0
-5.26604 49.7109 2.027 2.12955 4.85847 1.71057 182269 0 -1.56379 0.220981 0
19.6471 40.5736 1.91693 1.97453 4.39914 1.48143 168775 0 1.60121 0.220924 0
-5.33056 32.0558 1.65011 2.21461 5.26348 1.64484 156529 0 -1.50577 0.220693 0
37.5692 26.7963 1.32549 2.07352 4.8515 1.52679 148707 0 -1.69489 0.220646 0
4.45353 40.0647 1.81848 0.879635 0.817694 1.81791 168259 0 0.0364153 0.218781 1
11.3992 -2.93402 0.748452 0.753377 0.87457 1.56935 105101 0 -3.12469 0.218773 1
50.0971 37.881 1.72016 1.86762 4.23085 1.46041 165126 0 -1.5524 0.217483 0
41.7553 57.1519 2.20529 1.98198 4.41577 1.66779 193180 0 2.2612 0.216257 0
29.5828 -6.19766 0.633775 0.706893 0.753809 1.1726 100478 0 -0.253321 0.216167 1
42.0556 57.4495 2.28603 2.00942 4.48531 1.68707 193649 0 2.57019 0.215459 0
-4.32783 49.1846 1.91791 2.0022 4.55213 1.59471 181336 0 -1.54704 0.214281 0
-22.7672 -9.36106 0.944986 0.838064 1.04203 1.77117 95634 0 1.32494 0.214091 1
-40.3788 17.3685 0.0481033 2.13833 4.83028 1.81435 134891 0 1.86964 0.213871 0
32.1628 54.2114 1.81073 1.91537 4.30887 1.46507 188938 0 -1.54257 0.213626 0
-19.2904 37.998 0.827271 1.98622 4.46141 1.48035 164909 0 -1.12479 0.213585 0
-0.14299 26.6046 1.35315 2.03802 4.69565 1.52414 148589 0 1.64347 0.213204 0
30.9219 45.198 1.9855 2.08052 4.79519 1.58292 175830 0 -1.57933 0.21264 0
42.7594 55.7558 2.12577 0.852696 0.894298 1.76008 191311 0 -1.82808 0.211943 1
51.4105 46.2926 1.83492 1.8269 4.073 1.47071 177298 0 -1.5721 0.211791 0
30.3132 21.8169 1.20233 2.03413 4.68217 1.44405 141664 0 -1.51334 0.211624 0
-67.6903 2.46667 -0.488866 0.843481 0.917139 1.78665 112810 0 1.99972 0.211617 1
36.989 44.3865 1.81256 1.86928 4.20732 1.49152 174445 0 1.57821 0.211237 0
-57.4266 23.5289 0.185836 2.00215 4.47706 1.61609 143730 0 -1.20189 0.210181 0
1.17102 55.5636 2.58325 2.63694 6.49999 2.27873 190713 0 -0.596002 0.209879 0
39.2251 53.5919 1.82501 2.00266 4.527 1.59486 188024 0 1.82442 0.209378 0
21.2777 67.0529 2.32196 2.05486 4.59665 1.68028 207624 0 1.7132 0.209145 0
48.8522 22.9145 1.12152 1.96676 4.46977 1.4705 143126 0 1.59102 0.208697 0
-35.9837 34.0926 0.711106 2.01117 4.48761 1.59865 159241 0 1.98661 0.208677 0
55.8332 23.1771 1.4029 2.17115 4.96872 1.7157 143616 0 -1.62773 0.208414 0
15.3769 -6.6891 0.770331 0.944759 1.05785 1.7409 99966 0 1.52183 0.20731 1
31.5654 38.6641 1.82834 1.80355 4.04927 1.53601 166004 0 -1.494 0.205855 0
55.248 34.3598 1.66472 1.89642 4.22245 1.56969 159994 0 1.54571 0.205534 0
51.6996 38.1712 1.82655 1.97388 4.40299 1.58909 165599 0 -1.60646 0.205305 0
7.61244 41.8955 1.59774 1.89102 4.11801 1.44673 170609 0 -0.0589212 0.204733 0
-5.90971 29.2116 1.50629 2.16261 4.95268 1.62123 152315 0 -1.48579 0.204636 0
-25.4128 22.559 0.626354 2.05332 4.54431 1.53254 142426 0 1.37223 0.204026 0
50.1789 34.816 1.65992 1.93462 4.57618 1.54475 160446 0 -1.53127 0.203851 0
29.2624 -6.24514 0.716452 0.744006 1.12089 1.31744 100477 0 -1.0292 0.203528 1
20.9917 54.9398 2.16401 1.95414 4.31538 1.60796 189839 0 1.6218 0.20347 0
-22.7549 -9.20117 0.930129 0.829758 0.999992 1.74075 96102 0 1.29592 0.203419 1
-43.4164 58.1108 1.02379 2.28539 5.18433 1.73698 194318 0 -1.27031 0.203167 0
-46.3104 15.0874 -0.240682 2.0297 4.33849 1.6553 131597 0 -1.22701 0.203059 0
12.0914 29.0329 1.42182 1.73207 3.88804 1.4531 151903 0 -1.45754 0.202462 0
-45.0251 17.7593 -0.148728 2.10075 4.70202 1.68326 135345 0 -1.23677 0.201956 0
-7.16206 31.9106 1.67721 2.05292 4.54909 1.60453 156055 0 1.59294 0.201627 0
-48.5654 4.41969 -0.418506 1.86366 3.83915 1.52485 115678 0 -1.30298 0.201541 0
-6.84657 26.156 1.54927 2.10984 4.81218 1.73641 147632 0 -1.48617 0.201423 0
54.298 11.5784 1.32759 1.99599 4.44091 1.5813 126763 0 1.52266 0.200866 0
41.1206 56.791 2.09355 2.04963 4.56658 1.69847 192710 0 1.87138 0.20084 0
24.7545 18.0906 1.06985 1.94558 4.4009 1.46116 136031 0 -0.696367 0.20065 0
-67.3681 11.9665 -0.585356 2.00399 4.4747 1.5392 126851 0 -1.10746 0.200248 0
-38.2194 22.0181 0.319003 1.91535 4.25611 1.77545 141450 0 1.7905 0.2 0
-27.1373 14.7528 0.375611 2.3731 5.81098 1.98899 131189 0 1.8194 0.199339 0
-33.5631 5.04531 -0.289521 0.664144 0.649436 1.27876 116661 0 -2.00916 0.199337 1
37.3018 35.6432 1.46038 1.93677 4.55314 1.48124 161810 0 1.64587 0.199071 0
38.8795 35.9322 1.70614 2.01928 4.58485 1.55186 162283 0 1.62223 0.199069 0
24.148 19.3418 1.09694 2.02853 4.54555 1.50762 137901 0 -3.12701 0.199068 0
0.857742 43.1273 1.76029 2.10792 4.81704 1.59547 172460 0 1.4032 0.198746 0
-3.36863 55.8697 2.18063 2.04167 4.56517 1.6021 191167 0 -1.55476 0.198136 0
40.9175 28.2777 1.51177 0.827203 0.984013 1.54321 151057 0 -2.93985 0.198007 1
15.822 73.775 2.67366 2.20714 4.97786 1.92757 217435 0 -1.54507 0.197975 0
54.2527 29.1921 1.65419 2.01844 4.56353 1.58233 152503 0 -1.75048 0.197963 0
-37.2881 22.0298 0.33713 2.08644 4.664 1.82943 141453 0 1.78148 0.197907 0
-18.2034 16.8272 0.702192 1.69223 3.36935 1.47445 134025 0 1.73114 0.197893 0
-6.16773 44.2903 1.96538 2.22808 5.1541 1.85173 174310 0 1.56038 0.197831 0
14.1609 -3.33968 0.864961 0.869534 1.00288 1.76816 104642 0 1.49024 0.197415 1
-46.9157 51.9904 0.882076 1.96366 4.42252 1.57762 185415 0 1.80584 0.197317 0
11.4991 -6.9464 0.763352 0.922006 0.972519 1.72424 99485 0 -2.0666 0.196437 1
24.7729 18.3749 1.07394 1.99886 4.46969 1.48764 136499 0 -1.52677 0.195783 0
-61.6683 11.3851 -0.445798 1.63988 3.54732 1.44804 125933 0 -1.37014 0.195588 0
18.1261 43.5946 1.84366 2.00576 4.55977 1.51455 173450 0 1.59574 0.195264 0
-48.7493 7.44415 -0.36671 2.28615 5.1915 1.77028 120357 0 -1.29225 0.193861 0
28.7565 -5.67873 0.618257 0.676696 0.75618 1.10877 101411 0 -0.98016 0.193816 1
54.0132 11.3248 1.28327 1.70368 3.77104 1.45698 126294 0 1.62541 0.192321 0
33.4607 53.6799 1.83798 1.89915 4.26072 1.49984 188006 0 -1.4436 0.192257 0
13.3282 43.4699 1.72049 1.98803 4.39926 1.70056 172967 0 -1.45755 0.192182 0
-5.27448 49.1762 2.03245 2.04904 4.66518 1.64963 181333 0 -1.55976 0.192143 0
13.8219 47.1201 1.7028 2.26256 5.43079 1.78357 178585 0 -1.57687 0.19195 0
45.9559 -34.0349 -0.217584 1.99956 4.52089 1.58436 59813 0 -1.37427 0.191522 0
54.8788 26.0532 1.45012 1.95682 4.33778 1.53061 147825 0 -1.68482 0.19141 0
20.968 58.4083 2.4015 2.03422 4.44922 1.67984 194987 0 1.56379 0.191049 0
54.8933 23.1567 1.43817 2.15601 4.78945 1.77622 143613 0 -1.67249 0.190864 0
-19.9706 38.8379 0.961243 2.08583 4.68749 1.55906 166311 0 0.0474232 0.190859 0
32.3945 39.1187 1.87258 2.13972 4.86892 1.62928 166943 0 -1.49943 0.190622 0
-30.5864 4.03831 -0.202828 1.85887 4.19619 1.48836 115266 0 -1.343 0.190301 0
-64.735 7.19063 -0.432866 2.22935 4.99967 1.7685 119839 0 -1.29856 0.1903 0
-17.7742 37.631 1.0652 2.11535 4.74123 1.71956 164446 0 -1.13458 0.190137 0
36.4103 26.8273 1.3545 2.04968 4.86494 1.55579 148703 0 1.69277 0.190048 0
39.8481 52.9914 1.83698 1.97801 4.46384 1.55511 187090 0 1.905 0.18926 0
13.3935 38.0341 1.7456 1.79076 3.87045 1.56381 165011 0 -1.51197 0.189218 0
-5.85812 41.0224 1.72967 2.09953 4.69586 1.53042 169631 0 -1.56567 0.189113 0
22.2244 67.0434 2.34511 2.02459 4.57104 1.65724 207627 0 1.70394 0.188537 0
51.6619 47.1197 1.88671 2.16627 4.9702 1.68627 178703 0 -1.87098 0.188464 0
4.35398 56.8079 2.34238 2.0941 4.63899 1.90233 192595 0 3.13983 0.188415 0
-24.73 22.0098 0.609793 2.00409 4.51035 1.59342 141492 0 -1.30455 0.187904 0
1.34174 43.4215 1.69965 1.79006 3.97182 1.46935 172930 0 1.46696 0.18763 0
11.5946 19.1461 1.18825 2.10178 5.03014 1.59924 137394 0 -1.56258 0.187405 0
54.8778 28.7274 1.61606 2.02608 4.49281 1.66565 151569 0 -1.58683 0.18635 0
36.8986 21.1852 1.38633 2.13078 5.00383 1.63434 140749 0 1.6237 0.186177 0
14.3443 58.3972 1.95731 1.73982 3.8106 1.38554 194966 0 -1.40015 0.186162 0
15.221 74.0881 2.60746 2.03974 4.44772 1.74275 217901 0 -1.67431 0.186151 0
-6.24619 49.7185 2.0164 2.12056 4.78911 1.80195 182266 0 1.60698 0.185522 0
18.4478 41.0422 1.77548 2.01845 4.65042 1.515 169707 0 1.62409 0.185247 0
-48.3929 9.79998 0.0101421 2.51351 6.10035 2.09762 123634 0 -1.31276 0.184854 0
-26.7667 18.0201 0.54993 2.14297 4.92934 1.80586 135870 0 1.73284 0.184798 0
-57.4443 22.2319 0.165566 1.9957 4.4606 1.63859 141858 0 -1.19109 0.18466 0
-31.5396 0.836075 0.40787 0.915909 0.977905 1.72772 110583 0 -0.052098 0.18437 1
30.6001 21.3845 1.20655 1.60607 3.65103 1.35201 140729 0 -1.47448 0.184044 0
-19.9428 38.6122 0.921585 2.02511 4.53327 1.51608 165843 0 -0.896935 0.183789 0
29.8658 -6.20884 0.604274 0.727077 0.733564 1.17255 100479 0 -0.0482121 0.183783 1
15.5254 73.4606 2.51291 2.07387 4.60552 1.78537 216966 0 -1.51086 0.183661 0
36.9631 44.859 1.94068 1.98458 4.40373 1.51583 175381 0 1.60482 0.183453 0
16.745 -3.23884 0.789924 0.770049 0.857764 1.49361 104650 0 0.605655 0.183231 1
39.8309 53.8865 1.89444 1.98762 4.40501 1.5871 188494 0 2.37092 0.183105 0
-41.6829 11.447 -0.142647 2.08264 4.82249 1.63645 125995 0 1.85933 0.182668 0
49.8098 37.6342 1.70593 1.86876 4.27888 1.43513 164657 0 -1.54891 0.182119 0
42.9327 55.5767 2.14816 0.862372 0.899368 1.7788 190844 0 -2.24842 0.182049 1
36.3943 30.2575 1.70771 2.21411 5.0775 1.87467 153851 0 -1.45617 0.181473 0
-20.6043 35.9666 1.21365 2.17021 4.86311 1.65548 162097 0 -1.13301 0.180975 0
0.687859 28.9678 1.38216 1.72223 3.7643 1.44869 151868 0 1.61226 0.180578 0
31.4513 18.9173 1.12671 1.95251 4.51736 1.50984 137456 0 -1.5053 0.18049 0
68.9499 11.6824 1.0526 2.04931 4.62122 1.61702 126809 0 -1.03005 0.180266 0
15.1826 67.8925 2.25618 2.24696 4.89569 1.89368 209009 0 -1.55352 0.180204 0
37.5457 35.0295 1.51722 1.02828 1.95683 1.57319 160875 0 0.117115 0.179666 0
14.145 -3.06318 0.784585 0.807821 0.936293 1.69075 105110 0 -1.21437 0.17959 1
55.2103 22.5919 1.41537 2.23904 5.17328 1.82861 142678 0 -1.94857 0.179558 0
-54.4778 47.5551 0.496715 2.2459 5.26218 1.73182 178839 0 -1.37977 0.179508 0
-62.782 11.693 -0.358481 2.17812 5.11289 1.68977 126397 0 -1.75134 0.179374 0
31.1808 18.51 1.13264 1.78569 4.11492 1.44642 136519 0 -1.49241 0.179269 0
-40.4642 34.1005 0.745847 1.94081 4.27845 1.53561 159227 0 -3.08801 0.178712 0
-31.9208 39.096 0.739398 1.97753 4.52574 1.44689 166742 0 1.9353 0.178492 0
20.6545 67.053 2.34642 1.96162 4.37854 1.63693 207622 0 1.72435 0.178388 0
37.3463 34.974 1.53052 0.971146 1.61551 1.61034 160874 0 0.565784 0.178293 1
-28.6188 11.7401 0.0170199 2.05711 4.54675 1.58595 126504 0 -1.38241 0.177764 0
68.6506 10.0725 1.35552 2.06881 4.63311 1.6628 124468 0 0.0229967 0.177552 0
56.1383 22.9092 1.37554 2.05593 4.62915 1.65068 143149 0 -1.60471 0.177382 0
8.67284 -5.66559 0.777386 0.939282 0.868629 1.69727 101349 0 1.9044 0.17732 1
-47.7768 12.5737 -0.28216 2.28287 5.2394 1.73081 127848 0 -1.24638 0.177312 0
-60.9376 17.7516 -0.378962 2.02675 4.49917 1.65226 135295 0 0.81715 0.177157 0
20.2983 41.0361 1.91311 1.98717 4.4583 1.53622 169713 0 1.55268 0.177104 0
1.49255 55.2826 2.41989 2.45318 6.08215 2.1345 190246 0 1.5489 0.176964 0
53.7106 5.37132 1.22681 1.8852 4.53794 1.75082 117401 0 1.64176 0.176599 0
51.1128 46.5636 1.88864 1.74766 3.86659 1.45422 177765 0 -1.60801 0.176221 0
-27.9301 17.528 0.49447 2.17673 4.78164 1.86344 134930 0 1.76621 0.176164 0
4.4344 39.9264 1.80799 0.880718 0.837284 1.82995 167791 0 0.0225136 0.17604 1
46.1912 -33.1911 -0.219347 2.05549 4.63173 1.64914 61218 0 -1.52543 0.176035 0
-47.1273 56.4709 0.692963 2.25784 5.44913 1.65607 191966 0 -1.29982 0.176 0
-18.6309 23.1004 0.809924 2.2156 5.22097 1.66786 143383 0 1.6832 0.17571 0
40.8188 56.488 2.09436 2.1203 4.73603 1.74068 192241 0 1.67192 0.175626 0
51.3972 47.1365 1.88191 2.0616 4.63243 1.62936 178702 0 -1.50324 0.175495 0
32.2413 56.8089 1.87159 1.94974 4.45182 1.52267 192682 0 1.51108 0.175102 0
24.4599 18.6825 1.10374 1.98981 4.38356 1.50441 136966 0 0.172357 0.174885 0
-5.87897 44.5363 2.00346 2.38326 5.54971 1.87687 174779 0 -1.13708 0.174475 0
-20.0214 35.903 1.06752 2.11813 4.73746 1.60637 162099 0 -1.10916 0.174468 0
-46.9565 12.5425 -0.349864 1.94896 4.23305 1.58585 127851 0 -1.24646 0.174384 0
14.8884 73.7624 2.37683 2.06505 4.57418 1.70019 217432 0 -1.48396 0.174039 0
51.71 45.9751 1.82037 1.93686 4.3942 1.55854 176831 0 -1.43119 0.173717 0
-34.7634 30.462 0.458311 1.91 4.34661 1.48709 154097 0 -2.14835 0.173668 0
13.0313 46.6811 1.63373 1.74158 3.88608 1.46195 177646 0 -1.5075 0.173307 0
15.4097 64.7145 2.12832 2.29246 5.34271 1.78071 204330 0 -1.45349 0.173033 0
-6.1941 68.3372 2.54515 1.89776 4.25477 1.62228 209410 0 -1.51058 0.172813 0
18.4536 40.5603 1.74507 1.99792 4.68818 1.52295 168771 0 1.59008 0.172663 0
48.21 23.5318 1.11491 1.94402 4.35554 1.50477 144060 0 1.60431 0.172617 0
2.08309 56.0506 2.40131 2.61765 6.16182 2.16325 191652 0 1.71587 0.17256 0
-49.6669 4.42562 -0.373259 2.45026 5.71819 1.89466 115674 0 -1.33881 0.172077 0
40.4413 53.2885 1.94321 2.0146 4.51776 1.56731 187560 0 1.98952 0.171783 0
51.5815 49.398 1.66982 0.84614 1.6423 1.72641 181979 0 0.882335 0.171144 2
20.9545 67.3292 2.31919 1.996 4.47098 1.65556 208091 0 1.78241 0.170511 0
16.7525 -3.15482 0.816725 0.777008 0.8788 1.55883 105118 0 3.08684 0.170492 1
-34.4168 30.0118 0.42775 1.94657 4.34539 1.49083 153162 0 -1.48221 0.170338 0
51.362 37.3608 1.80276 1.913 4.2473 1.58974 164194 0 -1.54167 0.17029 0
55.4548 28.9827 1.61987 2.16477 4.93043 1.73919 152039 0 -1.63111 0.170258 0
-32.7121 42.3836 1.09164 2.26865 5.49069 1.81408 171419 0 1.93433 0.169967 0
-4.712 44.0965 1.93174 2.05365 4.77621 1.78128 173847 0 -1.54802 0.169764 0
49.4501 19.7738 1.3842 1.99859 4.48214 1.53248 138448 0 -1.48002 0.169709 0
1.12521 44.2219 1.70592 2.07639 4.76323 1.57066 174333 0 1.58668 0.169676 0
-44.121 20.3741 -0.0801116 1.7258 3.60646 1.49581 139092 0 -1.28524 0.169675 0
53.9596 7.94125 1.00219 1.728 3.99451 1.46638 121146 0 1.69634 0.169364 0
-0.810699 20.5066 1.2868 2.07705 4.75734 1.61294 139695 0 1.67811 0.169354 0
36.6099 14.9993 1.15953 2.07236 5.00373 1.56679 131388 0 1.63602 0.169127 0
-17.1725 22.8967 0.806175 2.01819 4.46909 1.59492 142920 0 -1.57864 0.168064 0
-57.727 23.2232 0.167953 1.96561 4.38493 1.59743 143261 0 -1.21665 0.167893 0
0.361107 26.1618 1.25757 1.76547 3.91045 1.38696 147655 0 1.59499 0.16745 0
69.0649 2.51185 0.856843 0.822321 0.879397 1.74235 113237 0 -1.37496 0.167369 1
1.40952 68.3433 3.02628 2.17151 5.13384 1.98813 209434 0 1.4742 0.167244 0
-18.41 37.9481 0.836417 2.14012 5.03474 1.66027 164912 0 -1.04272 0.167119 0
-4.03915 59.2548 2.31446 2.16681 4.96321 1.75053 196313 0 -1.56217 0.167086 0
20.97 66.7626 2.36139 2.03146 4.528 1.64377 207155 0 1.6803 0.166859 0
54.5597 10.8479 1.30909 1.99282 4.48351 1.56948 125360 0 1.66353 0.166844 0
-6.53544 31.6316 1.66274 2.17815 4.89916 1.60004 155589 0 1.57333 0.166838 0
8.45898 -6.13439 0.774979 0.831692 0.875919 1.66742 100412 0 -1.62027 0.166425 1
-56.8367 23.4905 0.187649 2.06193 4.64111 1.60403 143732 0 -1.18735 0.165893 0
-40.7188 14.3385 -0.088075 1.96531 4.47125 1.54032 130210 0 1.88036 0.165468 0
