44.3213 -6.91718 1.47594 2.93616 7.86801 3.18203 99588 0 1.63017 0.965166 0
18.412 11.723 1.05308 2.12696 4.8506 1.54485 126651 0 1.64311 0.9523 0
-6.82536 11.3352 1.01684 1.99288 4.56252 1.48383 126104 0 -1.48329 0.942955 0
10.6769 12.7428 1.19815 2.24573 5.19995 1.88223 128031 0 -1.55907 0.936342 0
-19.7627 -2.73847 0.270724 2.0677 4.61167 1.44826 105472 0 -1.94159 0.931181 0
-1.86873 11.0554 1.19333 2.06678 4.51008 1.82792 125652 0 1.61426 0.929289 0
30.8747 9.34702 1.16396 1.98458 4.4973 1.68295 123414 0 -1.46305 0.917845 0
-0.866875 17.079 1.35755 2.09703 4.78339 1.81544 134547 0 1.63265 0.916301 0
30.6184 15.8825 1.22494 1.96895 4.44776 1.70781 132773 0 -1.48489 0.893436 0
-44.6735 -11.1017 -0.79293 2.05505 4.48315 1.7594 93226 0 0.022678 0.892685 0
7.82875 41.7114 1.63102 2.07969 4.7379 1.53136 170610 0 0.00367843 0.889379 0
36.0822 9.05141 1.04896 1.98194 4.49879 1.51265 122962 0 1.65982 0.885855 0
-20.6236 32.7311 1.1558 2.41032 5.54047 1.81928 157417 0 -1.19583 0.884313 0
-18.7556 19.747 0.95503 2.12937 4.71026 1.95454 138235 0 1.72854 0.879442 0
48.4002 8.51025 0.997084 2.01399 4.65793 1.64779 122065 0 -1.4922 0.873669 0
-6.55974 17.4566 1.07646 2.08222 4.82628 1.54428 134997 0 -1.55551 0.870901 0
-29.6546 6.61322 -0.10511 2.07462 4.71363 1.52276 119013 0 -1.28839 0.867056 0
10.6639 15.8296 1.23682 2.1895 5.08956 1.84026 132711 0 -1.52754 0.865272 0
-0.388367 22.9061 1.44098 2.16353 5.05357 1.81982 142972 0 -1.46762 0.864381 0
18.6439 15.421 1.23807 2.25903 4.93878 1.75274 132268 0 1.61563 0.863973 0
13.2731 41.1401 1.86032 2.10277 4.90706 1.89273 169691 0 -1.54767 0.859773 0
-52.0718 -4.94806 -0.688621 2.0902 4.35419 1.63374 102095 0 -1.58943 0.857368 0
67.1259 -4.94436 0.856056 2.0066 4.50742 1.60037 102467 0 -1.29806 0.85696 0
-19.0627 11.5456 0.841883 2.0576 4.58237 1.77923 126534 0 1.69548 0.855168 0
31.1997 30.9245 1.33703 2.12373 4.87195 1.54171 154771 0 1.59225 0.852846 0
11.7347 22.301 1.39672 1.93006 4.32135 1.6957 142074 0 -1.52345 0.849519 0
11.3714 19.4324 1.15407 1.95419 4.52607 1.49258 137861 0 -1.62261 0.84127 0
48.7271 5.69801 1.15965 2.17239 5.08833 1.90132 117854 0 -1.48203 0.840673 0
30.9315 12.2976 1.08604 1.9217 4.28966 1.51291 127626 0 1.61363 0.840574 0
-42.1142 -11.6478 -0.828761 2.00708 4.45066 1.59826 92298 0 0.0485228 0.840335 0
17.3685 22.8233 1.48759 2.11268 4.99732 1.65741 143028 0 1.62028 0.838781 0
-42.7898 5.90455 -0.295164 1.78843 3.87382 1.39759 118036 0 1.85202 0.837697 0
13.9033 38.1629 1.70891 2.08019 4.82973 1.59572 165481 0 -1.52327 0.836347 0
-18.4092 14.0051 0.813663 2.06326 4.70891 1.80934 129812 0 1.76535 0.831005 0
0.132904 29.0106 1.41998 2.00571 4.54193 1.59712 151866 0 1.62179 0.830954 0
0.208275 31.7583 1.73218 2.20864 5.00883 1.88177 156078 0 1.65754 0.824035 0
-19.693 8.03205 0.688448 2.02206 4.55324 1.52799 121384 0 1.61249 0.82193 0
-6.56842 20.2983 1.19499 2.09562 4.93792 1.4243 139209 0 -1.53737 0.820089 0
9.37357 -4.40806 0.849923 0.866708 0.95499 1.75772 103223 0 -1.88737 0.815006 1
-6.2644 14.4781 1.02924 2.01426 4.53562 1.49339 130786 0 -1.4866 0.808002 0
17.7037 19.9853 1.21841 2.05562 4.79094 1.49616 138817 0 1.63602 0.805301 0
11.4167 26.1308 1.31386 1.88455 4.36455 1.46846 147689 0 -1.53226 0.803427 0
12.9529 32.2592 1.43096 2.04733 4.85768 1.50094 156586 0 -1.47882 0.800757 0
-1.18116 14.1626 1.12923 1.90862 4.28575 1.54608 130334 0 1.7073 0.79891 0
17.4477 25.7417 1.58522 2.27455 5.36811 1.75846 147240 0 1.60397 0.793254 0
29.6615 -5.57921 0.810832 0.918406 0.952409 1.61644 101414 0 -0.940054 0.79186 1
-36.4179 -11.4196 -0.704788 2.15859 4.84964 1.97184 92784 0 0.0406694 0.787997 0
31.1585 27.4465 1.35296 2.15752 5.02342 1.49107 149623 0 1.63003 0.776608 0
-41.1217 11.7047 -0.161909 1.72064 3.92848 1.43243 126465 0 1.84473 0.766409 0
-0.133659 26.3417 1.30301 1.99666 4.59744 1.47879 148121 0 1.63453 0.765886 0
-44.5934 20.3668 -0.0569164 2.08314 4.67117 1.59268 139090 0 -1.28268 0.765137 0
-49.1144 4.55105 -0.306102 2.11718 4.74276 1.70502 116144 0 -1.3167 0.756124 0
-18.104 22.9284 0.815989 1.98282 4.46679 1.55433 142917 0 1.67182 0.752723 0
13.3201 43.9909 1.74062 1.99368 4.44799 1.65168 173903 0 -1.56473 0.750923 0
-5.88286 26.113 1.58385 2.05415 4.67751 1.62798 147635 0 -1.51449 0.747656 0
36.3579 12.0965 1.21783 2.09202 4.86034 1.6267 127175 0 1.61468 0.740541 0
-18.4749 16.8841 0.681096 1.83126 4.08807 1.50752 134024 0 1.71708 0.739495 0
13.303 46.9472 1.68703 1.93375 4.39555 1.50057 178115 0 -1.56285 0.737808 0
-61.3438 14.5639 -0.386873 1.942 4.31118 1.644 130614 0 -1.15735 0.732844 0
-5.27636 40.8444 1.76771 2.0257 4.60635 1.52916 169165 0 -1.50007 0.730639 0
-27.6741 14.6638 0.359864 1.98657 4.62662 1.88508 130719 0 1.83507 0.728393 0
19.0154 37.9125 1.81947 2.05644 4.63233 1.60516 165029 0 1.57948 0.726859 0
14.8992 58.3855 1.93895 2.00876 4.55316 1.5491 194968 0 -1.40579 0.722644 0
15.0942 -6.76125 0.752123 0.883677 0.979536 1.76202 99497 0 1.67046 0.71611 1
-21.3285 29.9409 0.844994 2.05552 4.53976 1.49125 153203 0 -1.2474 0.715682 0
48.84 11.6031 1.18449 2.00026 4.49856 1.73869 126746 0 -1.50376 0.715432 0
-38.9017 19.6675 0.0065641 1.98008 4.63921 1.56355 138172 0 1.82444 0.711986 0
26.9753 7.62346 1.11315 0.864068 0.967776 1.71593 120594 0 0.0312845 0.708768 1
15.4721 55.2452 2.14185 2.09683 4.77935 1.78734 190290 0 -1.47322 0.706529 0
50.687 34.9361 1.82006 2.00269 4.41373 1.51551 160916 0 -1.49765 0.706419 0
14.1427 -4.70359 0.823579 0.818338 0.962941 1.6959 102770 0 -1.76646 0.704265 1
-33.394 5.72425 -0.258286 0.889649 0.817439 1.64472 117597 0 -1.49805 0.703167 1
12.6329 29.2386 1.40993 1.98827 4.60226 1.45493 152373 0 -1.51364 0.699257 0
-46.2404 56.1588 0.772638 2.08769 4.66141 1.55097 191501 0 -1.2922 0.697808 0
-40.2131 14.526 -0.0746554 1.9513 4.39067 1.53381 130680 0 1.83495 0.697573 0
30.8853 21.6555 1.19943 1.93071 4.43009 1.40735 141198 0 -1.50434 0.691202 0
14.9212 64.7119 2.07423 1.98818 4.48595 1.56485 204328 0 -1.49978 0.690494 0
-56.2338 27.2653 0.16749 2.03338 4.52123 1.58388 149350 0 -1.19898 0.689085 0
36.3618 15.2979 1.21748 1.92045 4.42286 1.52972 131855 0 1.68014 0.688853 0
31.8214 38.8974 1.86857 1.97103 4.42693 1.57746 166473 0 -1.50306 0.688639 0
-53.9638 47.8106 0.589837 2.05646 4.55362 1.59931 179309 0 -1.15621 0.686157 0
31.5351 35.78 1.66491 2.09319 4.88724 1.69084 161792 0 1.61372 0.684567 0
11.7449 -7.0815 0.7442 0.878213 0.904184 1.6858 99018 0 -1.06303 0.679443 1
14.9744 -4.40813 0.683632 0.630352 0.689084 0.866254 103240 0 -0.858733 0.667299 1
41.0749 28.1075 1.59325 0.866905 0.859126 1.76398 150590 0 -2.76565 0.652731 1
18.7363 31.7998 1.4101 2.13384 4.89821 1.52546 156136 0 1.58477 0.649733 0
-45.8647 17.8166 -0.100114 2.04877 4.57715 1.63632 135342 0 -1.27032 0.649665 0
36.3256 21.0269 1.3814 2.00001 4.57309 1.54285 140279 0 1.60301 0.649219 0
-48.1634 7.15057 -0.419647 2.04697 4.55002 1.60676 119891 0 -1.2707 0.643839 0
-47.5361 9.73048 -0.0626142 2.23382 5.12529 1.83631 123637 0 -1.27902 0.639237 0
54.5194 11.3228 1.25697 2.08058 4.73399 1.54078 126296 0 1.60983 0.636659 0
8.35261 -5.69701 0.836701 0.935544 0.903086 1.7382 101348 0 1.86787 0.629209 1
30.8818 18.7759 1.1354 1.86845 4.40473 1.45321 136986 0 -1.50159 0.622751 0
-28.6108 9.16016 -0.0260553 1.97682 4.49645 1.48411 122760 0 -1.3342 0.621905 0
-5.60245 44.3075 2.02194 2.21996 5.06567 1.81266 174312 0 -1.50282 0.618044 0
-19.6871 35.3658 1.12974 2.07298 4.69987 1.50128 161164 0 -1.16701 0.618037 0
54.2081 5.51354 1.13738 2.10445 5.04811 1.8507 117871 0 1.63191 0.606112 0
14.9168 67.628 2.2382 1.98553 4.32524 1.73843 208540 0 -1.54907 0.596403 0
-62.2439 11.6591 -0.487384 1.92224 4.31194 1.542 126399 0 1.91451 0.588853 0
-44.0266 23.1346 0.200077 2.06694 4.56064 1.69579 143304 0 -1.27122 0.583705 0
28.6839 -6.33899 0.783875 0.877921 1.02512 1.61466 100475 0 -1.44071 0.570581 1
15.0785 -4.40225 0.66906 0.666428 0.720828 0.850656 103241 0 -0.959336 0.570444 1
-39.8723 17.131 0.0933757 1.83188 3.99731 1.70744 134425 0 1.83857 0.563382 0
-63.8127 6.94961 -0.580608 2.05085 4.41691 1.70423 119374 0 -1.24019 0.559949 0
19.0382 40.8028 1.8905 2.03247 4.78977 1.48575 169241 0 1.58562 0.559615 0
-32.7931 39.2041 0.757946 1.94489 4.3911 1.47283 166739 0 1.91988 0.546432 0
-1.10268 20.0572 1.41547 2.08644 4.91476 1.62127 138758 0 1.71967 0.544674 0
2.0919 55.4892 2.27871 2.27009 5.23553 1.94151 190716 0 1.56003 0.543623 0
17.7588 28.682 1.40158 2.02521 4.69855 1.46468 151453 0 1.59412 0.536397 0
14.1675 -4.81985 0.788032 0.77635 0.894267 1.64875 102302 0 -1.62792 0.533592 1
-6.54124 31.9173 1.66534 2.20681 5.09922 1.59451 156057 0 1.58633 0.531868 0
-32.1283 42.1314 1.10636 1.95752 4.56001 1.66286 170953 0 1.90462 0.530604 0
-24.7756 22.2193 0.597762 2.0387 4.5221 1.53915 141960 0 -1.30814 0.530544 0
14.1532 -3.94489 0.983338 0.897036 0.993575 1.89867 103706 0 1.59245 0.525026 1
32.7998 56.792 1.83857 1.97328 4.49302 1.52544 192684 0 -1.53487 0.524652 0
-44.3125 58.4326 1.18156 2.09352 4.54799 1.66059 194783 0 -1.33612 0.520296 0
19.0321 46.5877 2.08287 1.94746 4.38094 1.55803 177665 0 1.54935 0.516897 0
37.3706 34.7082 1.51317 0.766391 0.817591 1.65392 160406 0 0.24938 0.515219 1
0.846741 43.6413 1.7577 2.10238 4.83687 1.56192 173396 0 1.54309 0.508541 0
-19.0257 38.2786 0.874555 2.02287 4.58049 1.47474 165378 0 -1.19819 0.495008 0
-47.1942 12.3157 -0.415394 1.97615 4.41139 1.60999 127382 0 -1.27543 0.494581 0
-46.2548 14.6497 -0.232604 1.88222 4.12813 1.55014 130661 0 -1.24364 0.485216 0
38.2487 38.8627 1.84633 2.00696 4.54923 1.54621 166493 0 1.60264 0.481625 0
-22.2349 27.3909 0.714687 2.07948 4.71403 1.57058 149456 0 -1.26725 0.4815 0
28.8795 -6.34966 0.760144 0.908969 1.26279 1.60768 100476 0 -1.50225 0.47816 1
32.1256 45.0117 1.88702 1.89581 4.3434 1.4575 175366 0 -1.594 0.477463 0
-4.34053 58.9725 2.22283 2.02447 4.60882 1.65698 195844 0 -1.52904 0.472004 0
14.9578 -4.51318 0.638502 0.622529 0.692483 0.82966 102772 0 -1.07749 0.464388 1
1.73547 52.6376 1.87438 1.94351 4.4035 1.57434 186503 0 -1.54815 0.459831 0
-68.9777 5.24995 -0.573286 1.89845 4.16011 1.67974 117018 0 2.00919 0.459004 0
36.9481 26.8161 1.32019 2.06847 4.81772 1.52444 148705 0 1.6662 0.454921 0
-42.101 9.4119 -0.260797 2.03015 4.56833 1.5493 123186 0 1.79963 0.44432 0
37.265 30.1803 1.70604 2.55669 5.98179 1.97821 153854 0 -1.50338 0.441751 0
-37.9185 22.2947 0.259158 2.02835 4.46605 1.75352 141919 0 1.77697 0.437471 0
29.7982 -5.59063 0.809072 0.95598 0.96336 1.64537 101415 0 -0.177539 0.434942 1
53.957 8.20542 0.980844 1.73796 4.03603 1.43985 121614 0 1.68956 0.430994 0
14.1551 -3.78534 0.957434 0.865161 0.972544 1.85888 104174 0 1.72878 0.428319 1
-5.63734 31.845 1.68194 2.08528 4.76708 1.56781 156060 0 -1.50951 0.426042 0
29.0206 -5.84335 0.669265 0.710948 0.846181 1.2407 100944 0 -1.47449 0.425431 1
14.1604 -4.32217 0.865743 0.828768 0.973649 1.78752 103238 0 -1.69273 0.420634 1
37.4855 34.7259 1.5214 0.798035 0.902214 1.63825 160407 0 0.321317 0.418748 1
-27.3564 17.7466 0.561203 2.13161 4.81082 1.86085 135400 0 1.79238 0.414919 0
28.8893 -6.48106 0.780053 0.852789 1.54129 1.65594 100008 0 -1.51705 0.412385 1
42.7744 55.5274 2.07347 0.811053 0.811998 1.71039 190843 0 -1.32723 0.408159 1
-33.4798 5.2108 -0.290551 0.694133 0.683187 1.31757 117129 0 -1.78508 0.396925 1
29.2907 -5.64821 0.760636 0.894141 1.00374 1.56208 101413 0 -1.22232 0.396708 1
-34.7381 33.7206 0.743031 2.01212 4.59159 1.58896 158777 0 1.83057 0.39113 0
-44.9601 58.6814 1.12404 2.42377 5.73919 1.91344 195249 0 -1.30985 0.390114 0
54.2749 11.5967 1.22183 1.97543 4.38988 1.51644 126763 0 1.55183 0.382202 0
50.7083 37.8843 1.8296 1.90837 4.35502 1.46616 165128 0 -1.48129 0.380015 0
19.9783 40.8232 1.96508 1.90863 4.22521 1.47334 169244 0 1.56404 0.37478 0
19.6462 31.8527 1.39479 2.09071 4.72972 1.55703 156139 0 1.58846 0.371798 0
54.2218 8.40675 0.980758 1.97786 4.61643 1.49565 122083 0 1.6474 0.370436 0
29.6369 -5.86855 0.787711 0.897177 0.970019 1.49471 100946 0 -0.938056 0.368017 1
38.5704 35.6684 1.62833 1.97304 4.47533 1.51893 161814 0 1.59711 0.366521 0
37.9568 38.6162 1.86226 1.97849 4.49411 1.51758 166024 0 1.59846 0.360581 0
-22.8397 27.6673 0.745961 2.08918 4.69918 1.60585 149922 0 -1.28723 0.359013 0
4.57915 40.0404 1.78839 0.842864 0.746268 1.77904 168260 0 -0.0494815 0.357477 1
-33.5015 5.06165 -0.329551 0.63187 0.624876 1.26658 116661 0 -2.25953 0.353484 1
1.44766 52.3736 1.86446 2.02137 4.68471 1.66366 186034 0 -1.59085 0.352612 0
-47.5747 6.9192 -0.34098 1.89611 4.18629 1.56857 119425 0 -1.2566 0.351958 0
-16.2842 -14.56 0.225728 0.83493 0.843289 1.65816 88167 0 -2.12139 0.348809 1
-16.3756 -14.5429 0.280007 0.8311 0.887559 1.69335 88166 0 -2.75168 0.348607 1
32.1501 54.178 1.76626 1.90329 4.29911 1.44668 188938 0 -1.59759 0.347796 0
23.865 18.0604 1.13084 2.0587 4.62713 1.48186 136028 0 0.670537 0.347074 0
14.1396 -3.07242 0.799129 0.811921 0.937092 1.68854 105110 0 -1.3013 0.337668 1
-69.2453 5.04446 -0.575074 2.04183 4.49293 1.7233 116549 0 1.84281 0.336022 0
-5.28664 28.9793 1.3979 2.06462 4.74854 1.54068 151849 0 -1.48194 0.333354 0
15.081 -4.51028 0.618069 0.649325 0.725391 0.830969 102773 0 -1.03071 0.332089 1
1.46471 52.8893 1.93251 2.01937 4.6712 1.63494 186970 0 1.59812 0.331831 0
1.08678 43.9319 1.7079 2.00535 4.50667 1.51829 173865 0 1.64854 0.329908 0
-5.28054 68.3019 2.56192 2.08087 4.81723 1.63413 209413 0 -1.46659 0.324971 0
-62.488 11.4304 -0.469991 2.00636 4.52436 1.58802 125930 0 1.75503 0.324689 0
51.322 47.4984 1.91041 2.11689 4.76205 1.69841 179170 0 -2.7451 0.323602 0
29.0376 -5.68403 0.656017 0.697467 0.794355 1.18153 101412 0 -1.34729 0.32031 1
29.5959 -6.24928 0.61226 0.68743 0.749313 1.08834 100478 0 -1.13119 0.319123 1
-35.3527 30.536 0.421465 1.85707 4.26513 1.48291 154095 0 1.73361 0.318921 0
31.5703 38.6646 1.80805 1.80875 4.08096 1.54844 166004 0 -1.49169 0.318675 0
-4.64864 49.7586 1.91507 2.00733 4.59002 1.65245 182271 0 -1.55381 0.318053 0
29.6711 -5.40273 0.788956 0.880603 0.933511 1.61243 101882 0 -0.68207 0.317061 1
15.1698 67.8986 2.2474 2.20776 4.85265 1.84142 209009 0 -1.5741 0.315618 0
38.8742 35.3752 1.64693 2.03966 4.59341 1.58827 161347 0 0.807101 0.315565 0
11.3956 -2.94005 0.732043 0.751639 0.859261 1.5772 105101 0 -3.02716 0.313847 1
2.67221 55.2861 2.23585 2.11165 4.79774 1.86722 190250 0 1.54516 0.312626 0
-31.5505 41.8378 1.09717 1.73205 3.81988 1.56193 170487 0 1.8952 0.307543 0
11.8632 -6.99487 0.745956 0.901474 0.976797 1.71617 99487 0 -1.16564 0.306624 1
12.9233 29.5101 1.40179 2.00687 4.67273 1.49005 152842 0 -1.53736 0.30377 0
33.1108 54.1807 1.83405 1.92579 4.31155 1.4829 188941 0 -1.58562 0.30313 0
50.4227 37.6621 1.77065 1.81798 4.1536 1.41986 164659 0 -1.43664 0.303014 0
51.9527 46.2392 1.80199 2.1025 4.81738 1.66256 177300 0 -1.51965 0.302827 0
42.9328 55.5143 2.06286 0.836753 0.837367 1.75229 190844 0 -1.75084 0.301777 1
24.1508 17.7655 1.13344 1.80917 3.88298 1.49185 135561 0 0.549676 0.298898 0
54.2524 28.9201 1.55405 2.00967 4.53879 1.5921 152035 0 -1.6247 0.298791 0
14.5664 -4.61951 0.759405 0.695721 0.83041 1.26832 102771 0 -1.68651 0.296399 1
24.142 18.3779 1.13053 2.04189 4.49483 1.49003 136497 0 0.886848 0.294375 0
-4.31019 49.4912 1.92151 1.97474 4.56739 1.64615 181804 0 -1.51505 0.293783 0
-26.7772 17.4597 0.543155 2.1177 4.87275 1.79778 134934 0 1.71318 0.292781 0
-3.67632 64.7759 2.35976 2.05914 4.52663 1.64237 204270 0 -1.472 0.292379 0
29.2376 -5.87334 0.727314 0.783762 0.913374 1.31734 100945 0 -1.38563 0.292023 1
18.3789 28.8866 1.41489 2.07008 4.85018 1.50102 151923 0 1.61889 0.290083 0
14.6089 -4.38717 0.782634 0.728919 0.909192 1.36975 103239 0 -0.737497 0.289861 1
38.8519 38.6243 1.7362 1.93341 4.47968 1.50467 166027 0 1.60594 0.289406 0
51.7011 46.5331 1.85458 1.9458 4.38199 1.57706 177767 0 -1.84468 0.288237 0
37.2768 44.612 1.86635 1.97328 4.53999 1.50753 174914 0 1.56015 0.287676 0
-61.9958 11.9071 -0.4881 1.9374 4.20157 1.53259 126868 0 1.95445 0.286893 0
21.2775 67.0469 2.29384 2.06006 4.65995 1.68972 207624 0 1.66134 0.286727 0
14.1484 -3.313 0.859506 0.86662 0.989204 1.74623 104642 0 -1.34065 0.286691 1
-48.5473 4.41803 -0.370552 1.78485 3.67955 1.53215 115678 0 -1.34141 0.286276 0
-4.71521 44.3117 1.96719 2.20704 5.00891 1.84376 174315 0 -1.51622 0.284548 0
-35.0152 30.3281 0.467186 1.88701 4.26788 1.50661 153628 0 1.55116 0.284438 0
40.9418 28.0977 1.57448 0.92125 0.902092 1.78442 150589 0 -2.65758 0.283892 1
8.2532 -5.35258 0.665089 0.672234 0.682414 1.39697 101815 0 1.41634 0.282427 1
-5.58377 59.0396 2.19703 2.01062 4.6042 1.67009 195840 0 1.61883 0.280961 0
55.5512 34.1066 1.78 2.04654 4.62311 1.67973 159527 0 1.63013 0.279942 0
8.39518 -5.33298 0.708026 0.691001 0.703742 1.47566 101816 0 1.60847 0.279816 1
31.5542 45.2171 2.0054 1.96696 4.48064 1.47822 175832 0 -1.58474 0.278528 0
-44.1142 20.3235 -0.0803721 1.73014 3.6465 1.50326 139092 0 -1.3005 0.277876 0
29.2726 -6.28662 0.682111 0.747637 0.981791 1.27536 100477 0 -1.49267 0.277088 1
15.2626 55.0045 2.11041 1.92192 4.29489 1.66548 189821 0 -1.43476 0.27707 0
49.4428 20.0035 1.60052 2.00948 4.47438 1.59095 138916 0 -1.39061 0.275463 0
-6.87195 26.1629 1.57622 2.10812 4.90724 1.67026 147632 0 1.46059 0.275441 0
-27.0705 18.0074 0.559483 2.14105 4.8652 1.83663 135869 0 1.7867 0.274814 0
54.2148 7.91476 0.991504 1.85982 4.31696 1.48815 121147 0 1.69453 0.274004 0
-33.6397 5.0425 -0.309797 0.680959 0.692955 1.38333 116660 0 -2.32106 0.273544 1
-34.4372 30.2894 0.497834 1.9279 4.33025 1.49729 153630 0 -1.40226 0.272778 0
-20.2373 35.4333 1.19214 2.09472 4.73328 1.52361 161162 0 -1.14999 0.272497 0
15.1944 73.767 2.58372 2.11958 4.76613 1.78091 217433 0 -1.63624 0.271069 0
15.4351 67.4397 2.15248 2.21842 5.13284 1.86691 208074 0 -1.47046 0.269209 0
-33.8171 33.4504 0.828679 2.13146 4.89082 1.5819 158312 0 1.82072 0.269165 0
-42.6878 9.19123 -0.286202 2.00269 4.46718 1.57577 122716 0 1.72916 0.268784 0
-22.5424 27.1005 0.71709 2.05281 4.65977 1.55965 148987 0 -1.28847 0.268132 0
45.9026 -30.5944 -0.116169 1.91757 4.30325 1.55497 64961 0 -1.33421 0.266526 0
38.2547 35.9612 1.61485 1.91548 4.34557 1.48274 162281 0 1.63975 0.265456 0
26.8538 7.72176 1.09184 0.829002 0.954966 1.71264 121061 0 -0.0158997 0.265344 1
-3.69479 49.7387 1.94389 2.05696 4.672 1.69744 182274 0 -1.55269 0.264293 0
38.2338 44.6611 2.03274 1.93178 4.38919 1.52159 174917 0 1.56896 0.262822 0
33.7072 56.8156 1.88783 2.00533 4.4925 1.63822 192687 0 -1.53444 0.260621 0
-35.9866 30.6006 0.507835 1.87164 4.15358 1.47344 154093 0 1.67119 0.258822 0
-29.2448 9.4035 -0.0755304 2.00018 4.49205 1.526 123226 0 -0.68976 0.258742 0
-33.4044 39.481 0.824759 2.07984 4.70538 1.60082 167205 0 1.88662 0.257891 0
-5.85639 41.0212 1.80513 2.12391 4.77431 1.55568 169631 0 -1.51837 0.257434 0
-27.9529 18.0547 0.547971 2.15938 4.84725 1.90128 135866 0 1.8366 0.257301 0
39.1604 38.8622 1.74509 1.99031 4.45591 1.55832 166496 0 1.61747 0.257297 0
-22.5624 -9.36425 0.699882 0.781682 0.83708 1.72939 95635 0 -2.65375 0.256591 1
-36.9901 22.1764 0.304088 2.08091 4.68066 1.73151 141922 0 1.79041 0.256144 0
-33.6479 5.20559 -0.283713 0.669772 0.682417 1.31581 117128 0 -1.81728 0.254456 1
-60.2975 17.1376 -0.238587 2.02435 4.54737 1.58751 134361 0 1.9189 0.254129 0
12.7523 41.1012 1.88459 1.83864 3.96184 1.82218 169689 0 -1.58123 0.253177 0
39.1667 35.3643 1.65885 2.08063 4.73858 1.6315 161348 0 -1.41646 0.252868 0
-33.245 5.70575 -0.270273 0.836505 0.776508 1.64178 117598 0 -1.59659 0.252142 1
1.4874 55.7477 2.35002 2.42699 5.81998 2.03493 191182 0 -1.49622 0.251494 0
37.9546 39.1217 1.9157 1.9976 4.48528 1.56281 166960 0 1.63263 0.251198 0
-46.9445 12.5468 -0.409212 1.92744 4.24552 1.56767 127851 0 -1.25733 0.25005 0
38.265 35.3851 1.55642 2.01097 4.66008 1.52584 161345 0 1.56137 0.250023 0
-0.145477 25.8893 1.34868 2.00387 4.57586 1.50098 147185 0 1.54876 0.249707 0
36.9079 21.1758 1.42606 2.15892 5.02267 1.62943 140749 0 1.60004 0.249084 0
14.8883 74.4155 2.78236 2.00256 4.66507 1.71027 218368 0 -1.79409 0.248039 0
0.852722 43.1173 1.78497 2.08792 4.76576 1.59351 172460 0 1.42917 0.247686 0
29.2282 -6.51633 0.680558 0.739651 1.04635 1.27197 100009 0 -1.5265 0.247578 1
-47.4555 12.0849 -0.317105 2.04018 4.59144 1.62207 126913 0 -1.30648 0.247164 0
-69.5143 5.25932 -0.546704 2.21901 5.09622 1.82134 117016 0 -1.87326 0.2462 0
31.2532 39.1037 1.86309 2.0335 4.59253 1.55394 166939 0 -1.51884 0.245654 0
-41.3814 11.4635 -0.188583 1.86858 4.266 1.50923 125996 0 1.79883 0.245157 0
-22.5849 -9.20758 0.704825 0.776283 0.859339 1.71666 96103 0 -2.49523 0.245078 1
30.8882 44.9889 1.94672 1.89646 4.36252 1.4737 175362 0 1.54201 0.244512 0
-25.3839 22.3015 0.592399 2.05462 4.52321 1.51979 141958 0 1.1189 0.244429 0
14.8981 74.0848 2.51498 1.99577 4.4247 1.64247 217900 0 -1.76976 0.243564 0
-6.5639 29.2529 1.56201 2.0904 4.66657 1.60105 152313 0 -1.49961 0.243546 0
1.4968 55.277 2.30104 2.31904 5.65948 1.97742 190246 0 -1.68742 0.243267 0
-3.96286 64.5121 2.41559 2.01387 4.44562 1.63998 203801 0 -1.46784 0.243141 0
18.7453 46.358 2.04986 1.87973 4.28949 1.58915 177196 0 1.56999 0.242717 0
-67.3771 11.3641 -0.611808 1.90295 4.23448 1.51259 125915 0 -1.10744 0.242703 0
50.3976 38.1653 1.79769 1.91866 4.29127 1.47609 165595 0 -1.48453 0.241231 0
37.5891 44.3655 1.84752 1.9172 4.52317 1.50576 174447 0 1.62904 0.238799 0
31.8817 44.7196 1.86562 1.80203 4.07097 1.43956 174897 0 -1.55563 0.238739 0
-3.37597 55.8462 2.00936 2.01488 4.53237 1.57364 191167 0 -1.53265 0.23856 0
-35.6807 34.0199 0.746158 2.0259 4.59369 1.57867 159242 0 1.91525 0.238269 0
54.808 5.32822 1.04521 2.01717 5.16975 1.9154 117405 0 1.67439 0.237983 0
-4.01962 65.0584 2.38119 2.17441 4.8338 1.7167 204737 0 -1.48779 0.237534 0
-5.26733 49.4933 1.91699 2.01737 4.61939 1.64939 181801 0 -1.56107 0.236167 0
17.4815 28.4001 1.43224 2.03284 4.65994 1.4782 150984 0 1.59671 0.236102 0
11.8876 26.3131 1.30052 2.17269 5.16577 1.59461 148159 0 -1.54378 0.235658 0
24.4491 18.0612 1.12934 1.95262 4.42299 1.46921 136030 0 -1.10685 0.235576 0
49.1119 20.2883 1.54599 1.97755 4.37162 1.56436 139383 0 -1.47271 0.234639 0
-46.5456 15.1112 -0.224274 2.02712 4.42306 1.59769 131596 0 -1.25334 0.233839 0
-23.1629 27.3884 0.770678 2.0714 4.68432 1.61549 149453 0 -1.28013 0.233773 0
-40.8959 11.4653 -0.165262 1.5594 3.30194 1.35735 125998 0 1.82249 0.232399 0
1.34464 43.671 1.69616 1.81416 3.96179 1.45587 173398 0 1.56708 0.232296 0
-36.2952 30.8558 0.576895 1.95063 4.33704 1.51427 154560 0 1.70413 0.232281 0
16.7489 -3.24151 0.763159 0.783442 0.88136 1.53141 104650 0 -2.94375 0.231559 1
55.8081 34.3708 1.8656 2.13047 4.98645 1.76925 159996 0 1.62005 0.231328 0
51.7214 45.9555 1.83231 1.87848 4.22185 1.53176 176831 0 -1.45891 0.23098 0
37.3407 34.5168 1.56185 0.787002 1.01104 1.66927 159938 0 0.216235 0.229108 1
-3.37405 49.4754 1.96286 2.05459 4.66599 1.68134 181807 0 -1.5064 0.228306 0
37.5526 35.0049 1.48631 1.21145 2.36536 1.61035 160875 0 0.310319 0.226985 0
38.8881 35.075 1.64443 2.04903 4.63387 1.61712 160879 0 -1.47793 0.225741 0
19.6288 46.8004 2.10431 2.12436 4.82942 1.65474 178135 0 1.56586 0.225736 0
30.8876 21.396 1.20754 1.75348 4.03847 1.37407 140730 0 -1.49511 0.225535 0
14.8906 73.4528 2.41985 2.06559 4.60576 1.70786 216964 0 -1.59535 0.224431 0
-46.6563 12.2702 -0.439923 1.74611 3.75422 1.55351 127384 0 -1.24769 0.224349 0
51.3759 46.9058 1.90035 1.91298 4.28501 1.55724 178234 0 -2.31708 0.224093 0
51.3415 37.6513 1.8258 1.97315 4.50147 1.54677 164662 0 -1.43753 0.223329 0
-40.3773 17.1418 0.0107704 2.11411 4.78553 1.81974 134423 0 1.81201 0.223249 0
49.8004 37.949 1.71086 1.89787 4.3446 1.45331 165125 0 -1.46213 0.223133 0
37.6188 35.6598 1.45227 1.96815 4.65871 1.49305 161811 0 1.62731 0.223121 0
32.4536 35.7641 1.70134 2.21914 5.38997 1.83823 161795 0 -1.55508 0.222946 0
39.2071 53.5828 1.78648 2.01283 4.5925 1.58859 188024 0 1.77872 0.222378 0
14.9823 55.4133 2.19941 1.89926 4.07333 1.68939 190756 0 -1.5212 0.222234 0
12.079 29.0253 1.40614 1.80192 4.06183 1.45966 151903 0 -1.47332 0.221772 0
15.2088 73.1267 2.49693 2.05641 4.63655 1.75758 216497 0 -1.55631 0.221564 0
30.3159 18.9326 1.12799 1.83193 4.23221 1.45639 137452 0 -1.5268 0.221552 0
-7.15173 32.0974 1.70289 2.16138 4.90505 1.6454 156523 0 1.62688 0.220259 0
24.1548 18.6934 1.13151 2.03951 4.46552 1.49582 136965 0 1.87745 0.219975 0
24.4499 17.7539 1.13088 1.85857 4.06145 1.47835 135562 0 -0.0508133 0.219301 0
-6.23926 22.9299 1.3407 1.98702 4.63263 1.49437 142954 0 -1.56573 0.218825 0
-36.6187 34.3687 0.759429 2.08737 4.72979 1.62511 159707 0 1.94425 0.218644 0
49.136 19.7134 1.54199 2.01185 4.49564 1.56559 138447 0 -1.4009 0.217932 0
36.9859 44.3721 1.77438 1.89477 4.30186 1.48843 174445 0 1.53021 0.217212 0
53.6262 28.7121 1.52113 1.95552 4.41861 1.54461 151565 0 1.57765 0.216898 0
-5.57595 49.7536 1.94776 2.13325 4.91188 1.73116 182268 0 -1.57155 0.216665 0
-4.90307 58.8012 2.23694 1.82618 4.15729 1.56853 195374 0 -1.51636 0.216359 0
22.2233 67.0174 2.2649 2.02256 4.55484 1.63836 207627 0 1.66979 0.214061 0
-3.08099 64.5231 2.38676 2.03514 4.49665 1.6397 203804 0 -1.48783 0.21366 0
33.3922 56.5709 1.90028 1.83462 4.09626 1.51142 192218 0 -1.47558 0.21318 0
-0.8283 19.7646 1.40379 2.03013 4.73881 1.66115 138291 0 1.67294 0.213067 0
-21.6348 27.0841 0.684119 2.05768 4.68402 1.59308 148990 0 -1.2694 0.212864 0
-35.7011 30.8033 0.508327 1.90222 4.2217 1.48253 154562 0 1.79866 0.211772 0
49.4242 23.5354 1.14141 1.9191 4.54806 1.55093 144064 0 -1.27128 0.211584 0
-60.0431 17.4136 -0.228665 2.00695 4.47928 1.58608 134830 0 -1.1892 0.211569 0
31.1742 18.5006 1.1164 1.80515 4.22118 1.44627 136519 0 -1.49639 0.211379 0
15.5012 74.0754 2.84442 2.222 5.13446 1.93384 217902 0 -1.73609 0.211269 0
53.6926 5.36581 1.14278 1.90853 4.63721 1.68573 117401 0 1.63317 0.211104 0
-40.4606 32.8177 0.598819 2.00316 4.58967 1.56646 157355 0 -1.278 0.210809 0
-5.54121 40.5905 1.74993 1.92384 4.35442 1.50338 168696 0 -1.46298 0.210191 0
24.1442 19.0091 1.1388 2.00993 4.43957 1.49145 137433 0 3.03487 0.20983 0
36.8655 15.4219 1.1973 2.21755 5.51184 1.6992 132325 0 1.63363 0.208952 0
38.5484 44.9137 2.16964 2.03935 4.512 1.57082 175386 0 1.52551 0.208689 0
-0.519791 19.1025 1.39091 0.815089 0.907653 1.69543 137356 0 1.55454 0.208396 1
-45.6692 14.5878 -0.316638 1.89244 4.21028 1.56757 130663 0 -1.22786 0.207269 0
31.5599 54.0132 1.72546 1.95342 4.49676 1.46721 188468 0 -1.60836 0.207257 0
-4.32795 50.0142 1.96056 2.03487 4.61217 1.67192 182740 0 -1.55733 0.207169 0
19.6575 40.5865 1.96473 1.9265 4.29379 1.47466 168775 0 1.58984 0.207043 0
51.6375 37.9017 1.82049 2.04746 4.62652 1.58932 165131 0 -1.50951 0.206837 0
54.8613 28.708 1.56886 2.06597 4.68936 1.70912 151569 0 -1.50991 0.20669 0
20.9774 66.7714 2.3369 2.04841 4.59874 1.6697 207155 0 1.61012 0.206501 0
-46.8047 14.6701 -0.235675 2.01768 4.45148 1.57543 130659 0 -1.25092 0.20626 0
-67.6468 11.0756 -0.580899 2.03224 4.55355 1.57784 125446 0 -1.14333 0.206026 0
2.39756 52.9007 1.86158 1.88797 4.17547 1.50499 186973 0 -1.59627 0.205662 0
1.0729 69.9111 3.21475 2.22113 4.91654 1.95448 211773 0 3.07717 0.204908 0
-25.7477 22.5272 0.607568 2.04422 4.44402 1.5104 142425 0 1.72927 0.204149 0
-61.6861 11.3755 -0.525592 1.66445 3.54854 1.45131 125933 0 2.26621 0.203934 0
-18.0862 37.9308 1.00484 2.13767 4.95738 1.64362 164913 0 -1.19206 0.20374 0
-26.6887 22.8573 0.587112 2.12913 4.70527 1.55391 142890 0 1.84019 0.203732 0
39.8256 53.5899 1.80913 1.99704 4.49894 1.58323 188026 0 -2.39372 0.203415 0
-29.5603 9.47299 -0.067981 1.98422 4.41168 1.54745 123225 0 1.743 0.20272 0
14.9174 64.2878 2.02176 1.95739 4.54045 1.53684 203392 0 -1.39791 0.202262 0
-17.7976 22.6836 0.801972 1.82749 3.984 1.5594 142450 0 1.65884 0.201456 0
37.5712 26.9457 1.32442 2.18261 4.98576 1.52772 149175 0 1.67526 0.201325 0
2.68558 52.9128 1.84085 1.88022 4.18403 1.5124 186974 0 -1.84773 0.200968 0
68.9537 11.6807 1.05663 2.02118 4.56852 1.57705 126809 0 -1.26636 0.200235 0
42.7676 55.3231 2.08768 0.86325 0.888569 1.75309 190375 0 -1.85147 0.199672 1
-4.65278 68.0854 2.51732 1.8712 4.2796 1.58589 208947 0 -1.45835 0.199436 0
-45.3609 17.9863 -0.109028 1.98752 4.41072 1.63733 135812 0 -1.26533 0.198521 0
-19.1393 35.2997 1.08409 2.11889 4.80437 1.56772 161166 0 -1.1547 0.198284 0
-40.4703 33.0954 0.601569 1.98259 4.49876 1.55281 157823 0 -2.18046 0.197989 0
-49.6771 4.40913 -0.303284 2.39163 5.74387 1.92689 115674 0 -1.37511 0.195977 0
46.5257 -27.7211 0.164015 2.02961 4.60792 1.77241 69175 0 -1.47122 0.19592 0
12.3599 28.7392 1.3933 1.80295 4.08806 1.4654 151436 0 -1.45779 0.195888 0
24.7823 17.7618 1.09163 1.96566 4.38032 1.47805 135563 0 -0.458859 0.195612 0
-61.9412 11.1318 -0.498817 1.62452 3.47475 1.43997 125464 0 1.63349 0.19553 0
42.7618 55.7224 2.06377 0.885065 0.970864 1.7585 191311 0 -1.68445 0.195234 1
-45.3215 17.5165 -0.14285 2.08546 4.67704 1.68764 134876 0 -1.24111 0.194684 0
55.1699 28.957 1.59834 2.08746 4.73151 1.74396 152038 0 -1.58853 0.194388 0
-18.6224 23.1286 0.821799 2.19099 5.16552 1.66044 143383 0 1.74528 0.193938 0
59.9939 20.0113 1.58976 0.759818 0.792856 1.5876 138949 0 1.75244 0.193583 1
48.8224 23.5528 1.04573 1.97342 4.60575 1.62802 144062 0 -1.42829 0.192038 0
14.9197 67.1514 2.2134 1.89255 4.20984 1.68778 207604 0 -1.41767 0.191575 0
61.9448 19.6657 1.83051 2.01473 4.46325 1.68305 138487 0 -1.16143 0.190832 0
-3.68343 56.1082 2.02334 2.00687 4.51245 1.61322 191634 0 -1.48932 0.190798 0
-54.473 47.6009 0.572565 2.27152 5.42671 1.79643 178839 0 -1.29885 0.189945 0
2.08953 54.9839 2.25236 2.26827 5.36522 1.96819 189780 0 1.44538 0.189876 0
38.2526 38.3254 1.81072 1.95608 4.41485 1.5195 165557 0 1.61838 0.189694 0
18.156 31.6183 1.40592 2.00794 4.5929 1.52207 155666 0 1.58737 0.189351 0
20.6693 67.3262 2.35284 1.99888 4.45294 1.67938 208090 0 1.73797 0.188577 0
31.4391 18.9214 1.09386 1.96046 4.53439 1.51533 137456 0 -1.50297 0.188414 0
69.0585 2.64642 0.695418 0.816837 0.892812 1.73043 113705 0 -1.40103 0.188145 1
-32.7092 42.4215 1.07268 2.29856 5.60451 1.88223 171419 0 1.90517 0.188098 0
69.9361 11.6713 1.23351 1.97539 4.36691 1.61328 126812 0 -1.43436 0.187871 0
37.5109 34.5096 1.56816 0.808143 1.22823 1.65441 159939 0 0.201252 0.187771 1
1.09251 70.5449 3.22418 2.56451 6.15764 2.22509 212709 0 3.13204 0.187753 0
9.26324 -4.50041 0.8541 0.868403 0.927501 1.73767 102754 0 -1.84444 0.18721 1
14.5055 -3.97524 0.869915 0.806436 0.870415 1.65812 103707 0 1.23133 0.187164 1
51.0389 38.1718 1.82436 1.95058 4.35687 1.51328 165597 0 -1.548 0.187039 0
39.8289 53.301 1.794 2.00394 4.58116 1.57986 187558 0 2.09584 0.186548 0
2.67425 55.7278 2.23974 2.26119 4.90783 1.93693 191186 0 1.59889 0.186464 0
24.7898 18.0686 1.08726 1.98386 4.46684 1.47529 136031 0 -2.13977 0.185571 0
51.4178 46.2551 1.84294 1.76518 3.90226 1.45215 177298 0 -1.6714 0.185499 0
-4.33746 58.4924 2.17822 1.84042 4.1227 1.5923 194908 0 -1.48859 0.185414 0
31.4545 21.8165 1.17165 2.05922 4.61417 1.49424 141668 0 -1.52091 0.185297 0
39.5236 53.8867 1.82234 2.02175 4.5453 1.59469 188493 0 2.62308 0.184841 0
-4.62415 64.8279 2.42436 2.24488 5.22344 1.83275 204267 0 -1.51251 0.184772 0
15.4992 72.8282 2.52173 2.03748 4.64295 1.75057 216030 0 -1.50139 0.184165 0
18.4584 41.0317 1.79803 1.98664 4.65404 1.47005 169707 0 1.5962 0.183557 0
24.1744 17.4816 1.11217 1.76858 3.89623 1.49003 135093 0 0.238381 0.183006 0
-34.157 30.5082 0.491714 1.93464 4.35853 1.49321 154099 0 -1.5575 0.182842 0
-54.497 48.0846 0.604012 2.396 5.82017 1.91561 179775 0 -1.17825 0.182336 0
32.1595 45.4969 1.97893 1.98954 4.49642 1.51406 176302 0 -1.61096 0.182231 0
37.9039 35.0844 1.49946 1.87717 4.57426 1.57296 160876 0 -0.489111 0.182174 0
-67.3651 11.9745 -0.630025 2.0115 4.50043 1.57424 126851 0 -1.09364 0.181714 0
-36.3515 21.957 0.324964 2.04707 4.6486 1.74136 141456 0 -2.0314 0.181595 0
50.7677 47.537 1.93134 1.95507 4.34789 1.63043 179168 0 -2.94768 0.181587 0
-40.1134 17.6717 0.0457729 2.10099 4.61031 1.78861 135360 0 1.96724 0.18152 0
45.6701 -30.8276 -0.0733983 1.83226 4.08816 1.51217 64492 0 -1.21563 0.181378 0
-39.6151 17.3635 0.107695 1.85362 3.93936 1.70238 134894 0 1.93316 0.180933 0
-40.4634 32.5053 0.603466 2.06991 4.62616 1.58245 156887 0 -0.699124 0.180779 0
20.969 58.4178 2.27444 2.03417 4.48518 1.74131 194987 0 1.56186 0.180604 0
-3.6777 64.2125 2.41232 1.97656 4.36198 1.59993 203334 0 -1.43176 0.180199 0
-41.6541 11.9338 -0.197232 2.10837 5.03546 1.63915 126931 0 1.88103 0.179984 0
-3.67988 55.581 2.00567 2.04828 4.59744 1.60475 190698 0 -1.55131 0.179775 0
-59.7002 16.8234 -0.410032 1.96484 4.37461 1.54975 133895 0 1.82152 0.179733 0
13.5963 73.771 2.24203 1.98233 4.44417 1.49981 217428 0 -1.57 0.178974 0
-27.1258 14.7521 0.363478 2.39901 5.83689 1.99028 131189 0 1.82808 0.178785 0
68.9512 11.3881 1.06726 2.03747 4.5803 1.59271 126341 0 -0.915952 0.178148 0
15.1538 65.0001 2.06407 2.16523 4.95799 1.69023 204797 0 -1.54648 0.178086 0
-63.28 7.09502 -0.691353 1.92886 4.26932 1.64972 119844 0 -1.16479 0.178042 0
62.2107 19.6772 1.86297 2.17025 4.86841 1.81251 138488 0 1.65004 0.177816 0
48.4867 20.6001 1.43487 2.09791 4.75216 1.61802 139849 0 -1.75362 0.177519 0
-34.0764 33.1996 0.745414 2.00965 4.6058 1.53679 157843 0 1.8882 0.177371 0
36.9718 44.8692 1.92162 1.96269 4.35649 1.48446 175381 0 1.60648 0.177106 0
39.5241 54.8875 2.04322 2.02383 4.52269 1.6396 189897 0 -3.09049 0.177005 0
-59.7202 17.1152 -0.371401 1.96684 4.34471 1.54859 134363 0 2.3081 0.176977 0
23.8768 18.699 1.15402 2.06554 4.44749 1.49144 136964 0 0.81267 0.176919 0
-24.1906 22.4729 0.589162 2.01022 4.42099 1.55148 142430 0 -1.37181 0.176554 0
55.535 34.6661 1.88098 2.0168 4.61031 1.69565 160463 0 1.49547 0.176519 0
-46.5508 52.6505 0.81764 1.95994 4.43102 1.52321 186352 0 -1.21648 0.176404 0
67.5899 5.37039 1.01992 0.805415 1.54142 1.80239 117445 0 1.60336 0.176237 2
-42.68 9.66752 -0.250307 2.03503 4.58197 1.61766 123652 0 1.83916 0.175769 0
-33.6401 5.66148 -0.243862 0.854289 0.848174 1.6184 117596 0 -1.57652 0.175549 1
-63.2289 6.6592 -0.572266 2.12099 4.5336 1.74125 118908 0 -1.27662 0.175226 0
-4.6338 59.2468 2.24305 2.10906 4.84963 1.69557 196311 0 -1.50945 0.174875 0
14.3476 58.4138 1.90577 1.74349 3.83473 1.41145 194966 0 -1.42098 0.174873 0
54.5215 11.9008 1.26003 2.1752 4.99354 1.64388 127232 0 1.51577 0.17477 0
21.9162 66.7864 2.23117 2.0405 4.60765 1.64936 207158 0 1.64436 0.174651 0
30.3201 21.8093 1.18589 2.05615 4.82192 1.45838 141664 0 -1.51581 0.174452 0
-40.7709 33.0945 0.64777 2.0242 4.53683 1.56972 157822 0 -1.89144 0.174413 0
68.6536 10.082 1.40762 2.08812 4.72171 1.68791 124468 0 -0.0235243 0.173565 0
-60.5817 17.4313 -0.163601 2.16554 4.87648 1.69774 134828 0 -0.950878 0.173476 0
-3.9952 49.185 1.93777 1.98962 4.4799 1.64593 181337 0 -1.48878 0.173422 0
18.4512 46.7729 2.13168 2.07264 4.55363 1.6566 178131 0 1.56216 0.173367 0
-41.8262 9.6667 -0.233482 1.96683 4.3076 1.51185 123655 0 1.7967 0.172903 0
-45.9807 15.1202 -0.267338 1.95521 4.30983 1.6092 131598 0 -1.25517 0.172834 0
1.72046 52.071 1.81883 1.95336 4.37894 1.60111 185567 0 -1.63106 0.172832 0
0.365677 26.3302 1.24407 1.75321 3.8868 1.38282 148123 0 1.61604 0.172423 0
41.3297 28.276 1.58373 0.893118 0.917043 1.79283 151059 0 -2.52339 0.172381 1
55.2065 23.1962 1.50049 2.03425 4.58526 1.62179 143614 0 -1.50338 0.17149 0
50.1899 34.826 1.78062 1.92434 4.52724 1.52385 160446 0 -1.47964 0.171242 0
23.8632 19.021 1.16796 2.03173 4.43783 1.49834 137432 0 2.50474 0.171119 0
38.8542 39.1086 1.82763 2.06496 4.71664 1.58537 166963 0 1.60829 0.170893 0
29.8328 -5.37975 0.781352 0.872118 0.90935 1.59006 101883 0 -0.394272 0.170876 1
14.2502 73.1377 2.25186 1.98943 4.49712 1.61193 216494 0 -1.52085 0.170555 0
32.1738 44.0013 1.80251 1.86276 4.28743 1.46563 173962 0 -1.53604 0.170445 0
-39.8677 32.7976 0.633086 1.95989 4.43645 1.53283 157357 0 -1.28705 0.170273 0
39.1529 35.9524 1.73119 2.07698 4.72794 1.62735 162284 0 1.56702 0.170023 0
-38.2265 22.7804 0.272287 2.11542 4.80815 1.77063 142854 0 1.79992 0.169828 0
0.079071 26.6021 1.28665 1.90596 4.26127 1.46322 148590 0 1.66067 0.16947 0
15.8103 73.4427 2.75913 2.25994 5.19577 1.94453 216967 0 -1.5915 0.169268 0
49.4474 20.6102 1.61998 2.00032 4.43032 1.58829 139852 0 -1.56882 0.16906 0
49.7623 23.234 1.18251 1.9049 4.3757 1.51741 143597 0 -1.22419 0.168858 0
-53.7072 48.0657 0.592242 2.11006 4.55637 1.6209 179778 0 -0.923412 0.168739 0
38.9058 53.3131 1.8011 1.9322 4.51158 1.54053 187555 0 1.55207 0.16863 0
-1.70192 20.2633 1.35538 2.07682 4.89363 1.61572 139224 0 1.70764 0.168377 0
30.6336 38.9427 1.75846 1.89912 4.41104 1.52494 166469 0 1.59162 0.168374 0
4.44894 40.0622 1.81688 0.858371 0.809444 1.78418 168259 0 0.0234067 0.166869 1
39.2186 53.8735 1.82002 2.02938 4.60009 1.60294 188492 0 2.15171 0.166692 0
46.2838 -27.9552 0.139359 1.86189 4.12011 1.67826 68706 0 -1.39061 0.166609 0
-7.46353 20.2946 1.16276 2.01047 4.42265 1.44722 139206 0 -1.50298 0.166447 0
19.02 28.6947 1.46873 1.95862 4.3698 1.49254 151457 0 -1.56065 0.166374 0
-4.30281 55.8492 2.02518 2.0362 4.60197 1.67114 191164 0 -1.53567 0.166287 0
68.9351 10.3763 1.33193 2.02399 4.4942 1.63094 124937 0 -0.0454685 0.165011 0
70.236 11.3878 1.29583 2.03084 4.5523 1.65945 126345 0 -1.35654 0.164836 0
-6.57272 36.6498 1.94966 2.18358 5.00152 1.7029 163077 0 -1.45542 0.164732 0
-47.1395 56.4746 0.681266 2.22828 5.1498 1.6545 191966 0 -1.2602 0.164727 0
37.3651 34.9603 1.50532 0.962771 1.59958 1.64516 160874 0 0.498535 0.164389 1
-35.0779 30.7849 0.458178 1.91576 4.38634 1.50665 154564 0 1.8776 0.163783 0
14.2747 74.4284 2.48747 1.98713 4.48108 1.56956 218366 0 -1.82338 0.163764 0
-0.55571 20.2223 1.39758 2.05838 4.72554 1.6442 139228 0 1.69051 0.163658 0
1.75071 53.1776 1.91912 1.95198 4.42168 1.58907 187439 0 1.59315 0.163562 0
60.654 20.0122 1.61324 1.99865 4.60075 1.58363 138951 0 -2.75642 0.162756 0
-22.7645 -9.19273 0.701365 0.809041 0.936756 1.72577 96102 0 -2.224 0.162595 1
20.5781 41.0491 2.00433 2.10366 4.78163 1.6112 169714 0 1.5302 0.162352 0
60.6578 20.3335 1.6174 1.92933 4.32556 1.56994 139419 0 -3.00799 0.16145 0
23.8763 17.4833 1.07715 1.92386 4.26158 1.48668 135092 0 0.308176 0.161446 0
-3.74807 58.796 2.15012 2.1067 4.99214 1.81169 195378 0 -1.48954 0.160877 0
-5.27005 46.8946 2.11788 2.11183 4.78566 1.64325 178057 0 -1.56056 0.160342 0
13.9349 73.453 2.18984 1.93537 4.43805 1.53603 216961 0 -1.57094 0.160082 0
22.859 66.7538 2.33867 2.09967 4.66903 1.64254 207161 0 1.62741 0.160069 0
11.599 19.1523 1.18207 2.10293 5.02113 1.57941 137394 0 -1.56122 0.159991 0
-20.3227 35.9067 1.23171 2.12208 4.8252 1.56706 162098 0 -1.15543 0.159962 0
3.29172 55.4947 2.15175 2.10287 4.42564 1.81326 190720 0 1.56004 0.159669 0
0.872772 52.6183 2.09101 2.19878 5.26376 1.83842 186500 0 1.5779 0.159567 0
