44.3153 -6.87789 1.48333 2.95756 7.83109 3.18344 99588 0 1.63551 0.955703 0
18.3979 11.7368 1.03251 2.1204 4.85081 1.52409 126651 0 1.6433 0.953402 0
-18.7422 -2.11098 0.361143 2.1019 4.73977 1.47822 106411 0 -2.03994 0.943169 0
-6.81791 11.3308 1.00537 1.98889 4.57614 1.46585 126104 0 -1.47131 0.940276 0
10.6833 12.7421 1.18885 2.24016 5.2377 1.90698 128031 0 -1.5669 0.936998 0
-1.87468 11.0506 1.19398 2.0768 4.53695 1.84933 125652 0 1.625 0.918923 0
-0.865646 17.0844 1.36782 2.09776 4.75683 1.82244 134547 0 1.62375 0.912969 0
30.8859 9.34886 1.18917 1.99599 4.5189 1.71058 123414 0 -1.46197 0.912162 0
36.0742 9.06517 1.02655 1.96312 4.50964 1.48577 122962 0 1.67639 0.896194 0
-0.401154 22.9208 1.44096 2.17492 5.09675 1.8246 142972 0 -1.45849 0.882277 0
10.6752 15.839 1.24003 2.20087 5.08725 1.85381 132711 0 -1.53606 0.879451 0
13.2807 41.1421 1.86919 2.11559 4.92547 1.9195 169691 0 -1.51235 0.875848 0
-19.0361 11.4856 0.825196 2.03083 4.61584 1.78834 126066 0 1.68911 0.875703 0
30.6341 15.9077 1.2386 1.97786 4.49694 1.69433 132773 0 -1.49027 0.871546 0
-18.7474 19.7365 0.948878 2.13801 4.73826 1.94622 138235 0 1.72375 0.86891 0
-6.55359 17.4651 1.09417 2.0647 4.76735 1.55108 134997 0 -1.53397 0.868489 0
17.3647 22.842 1.48572 2.09916 4.91208 1.67447 143028 0 1.63258 0.861028 0
48.743 5.68516 1.16057 2.15678 5.05923 1.87014 117854 0 -1.47154 0.858411 0
27.0008 7.24151 1.10798 0.938744 1.07459 1.8291 120126 0 0.132746 0.857316 1
-42.1409 -11.6821 -0.790871 1.98779 4.37065 1.60934 92298 0 0.0596671 0.852286 0
-20.6212 32.7349 1.1672 2.34852 5.44983 1.77369 157417 0 -1.18473 0.851804 0
48.3952 8.51028 1.01194 2.03751 4.69174 1.64332 122065 0 -1.52165 0.850644 0
0.171707 31.7714 1.74813 2.24357 5.08783 1.89409 156078 0 1.6505 0.845295 0
-6.54334 20.3008 1.19046 2.1075 4.97289 1.45486 139209 0 -1.53776 0.843093 0
17.7026 19.9922 1.20345 2.05302 4.83495 1.49117 138817 0 1.62028 0.842895 0
-19.6878 8.03732 0.682044 2.0167 4.54769 1.5335 121384 0 1.61694 0.84143 0
-18.4128 14.0051 0.822237 2.06064 4.67618 1.81505 129812 0 1.76934 0.83755 0
11.3636 19.4253 1.16698 1.96387 4.53209 1.50918 137861 0 -1.61919 0.836959 0
30.9314 12.2833 1.09934 1.90602 4.29289 1.46876 127626 0 1.61724 0.836761 0
-44.7188 -11.1062 -0.78864 2.04323 4.46204 1.7345 93226 0 0.0386944 0.83411 0
7.76568 40.1132 1.69705 2.1146 4.94701 1.54458 168270 0 0.0126871 0.832039 0
-29.8577 6.62463 -0.113503 2.13065 4.88171 1.58044 119012 0 -1.3135 0.831727 0
11.7308 22.3216 1.42076 1.93098 4.33261 1.73166 142074 0 -1.52738 0.828659 0
18.5062 15.404 1.2291 2.20314 4.80652 1.72991 132267 0 1.63114 0.81687 0
-42.9821 5.86091 -0.278321 1.8938 4.18912 1.46701 118035 0 1.86542 0.811652 0
13.8751 38.1542 1.69708 2.10625 4.81307 1.62726 165481 0 -1.49549 0.808406 0
31.1955 30.9535 1.40144 2.12499 4.90887 1.52248 154771 0 1.58029 0.807455 0
17.4352 25.7573 1.60771 2.28271 5.41589 1.75465 147240 0 1.62463 0.79782 0
31.1612 27.5926 1.35876 2.13405 5.01215 1.4985 150091 0 1.6076 0.7965 0
68.2734 -5.03926 0.858237 2.13624 4.82086 1.61963 102471 0 -1.42618 0.796179 0
-6.26282 14.482 1.01363 2.02716 4.57746 1.48979 130786 0 -1.48529 0.795323 0
12.958 32.2606 1.42718 2.05726 4.90685 1.50487 156586 0 -1.47769 0.79149 0
-36.5382 -11.6529 -0.708888 2.35088 5.27681 2.05677 92315 0 0.0399124 0.791347 0
-44.5993 20.3488 -0.0877934 2.08983 4.71132 1.59367 139090 0 -1.24846 0.788208 0
11.4282 26.1217 1.33053 1.88463 4.38644 1.47596 147689 0 -1.53157 0.787523 0
-33.0237 5.68415 -0.26135 0.850247 0.826568 1.68271 117598 0 -1.33398 0.786977 1
0.145943 29.0327 1.36092 2.00698 4.59162 1.57578 151866 0 1.63297 0.786929 0
14.773 -6.58231 0.755583 0.838682 0.987234 1.77022 99964 0 1.74599 0.785566 1
-1.18556 14.1595 1.11569 1.92173 4.31376 1.57569 130334 0 1.70737 0.77787 0
13.3073 43.9688 1.71766 1.9982 4.4611 1.68231 173903 0 -1.52602 0.777029 0
-50.7385 -4.99363 -0.677339 2.12432 4.46992 1.63921 102099 0 -1.57635 0.771081 0
-27.6431 14.6671 0.375032 1.97955 4.63872 1.87226 130719 0 1.84654 0.766831 0
13.2879 46.9031 1.67941 1.94688 4.4263 1.52137 178115 0 -1.52407 0.755599 0
-18.4643 16.8754 0.675583 1.83752 4.11847 1.50754 134024 0 1.71705 0.75348 0
-0.132744 26.3482 1.30433 2.0103 4.6417 1.49189 148121 0 1.64382 0.751984 0
-41.1259 11.733 -0.176995 1.69829 3.85902 1.43725 126465 0 1.86608 0.748619 0
11.7487 -7.42921 0.756003 0.853664 0.939294 1.70125 98550 0 -0.255211 0.747403 1
-61.3453 14.5397 -0.362705 1.96064 4.32386 1.62968 130614 0 -1.125 0.746722 0
12.6343 29.2529 1.43761 1.98286 4.62203 1.4675 152373 0 -1.51155 0.73852 0
-5.89532 26.1199 1.54579 2.0994 4.77468 1.74231 147635 0 -1.50502 0.737503 0
15.4832 55.2216 2.12418 2.09215 4.74748 1.76576 190290 0 -1.4573 0.735511 0
-18.111 22.9414 0.833116 2.02808 4.50475 1.56242 142917 0 1.6675 0.729665 0
14.1533 -4.70093 0.794429 0.773456 0.874004 1.68378 102770 0 -1.98051 0.725914 1
36.3464 15.4143 1.18903 1.96593 4.57307 1.50345 132323 0 1.65101 0.707024 0
14.8882 58.3789 1.92146 1.99632 4.54138 1.52412 194968 0 -1.41783 0.705299 0
41.1096 28.5661 1.50526 0.783763 0.787176 1.68218 151526 0 -2.95981 0.704898 1
48.8346 11.5919 1.13023 1.9503 4.31822 1.67468 126746 0 -1.52672 0.703519 0
36.3468 12.0953 1.22806 2.09191 4.82327 1.65941 127175 0 1.62613 0.702384 0
19.0027 37.91 1.81285 2.09063 4.68537 1.64309 165029 0 1.6174 0.701182 0
9.33774 -4.07121 0.906889 0.843014 0.913423 1.78199 103691 0 -2.90208 0.691632 1
7.94513 -5.56112 0.816843 0.918578 0.940466 1.73167 101346 0 1.68363 0.686092 1
-38.9105 19.704 -0.0269825 2.02427 4.68129 1.62008 138172 0 1.86115 0.685345 0
18.7225 31.8262 1.41257 2.12661 4.89147 1.52994 156136 0 1.59312 0.683926 0
31.8524 38.896 1.84743 1.94857 4.36858 1.55906 166473 0 -1.51733 0.683724 0
-53.943 47.8261 0.562186 2.0664 4.59005 1.59882 179309 0 -1.1489 0.683246 0
-63.8481 6.95707 -0.482729 2.14864 4.74762 1.75519 119374 0 -1.20472 0.680252 0
-40.4388 14.5236 -0.152683 1.99633 4.49827 1.5595 130679 0 1.88122 0.677582 0
-49.1254 4.40723 -0.350726 2.1466 4.72095 1.74695 115676 0 -1.38279 0.675789 0
23.8354 17.088 1.15657 2.08564 4.65268 1.47241 134624 0 0.880723 0.666596 0
-21.5718 29.9722 0.828779 2.15276 4.87375 1.53717 153202 0 -1.26275 0.659513 0
54.1941 5.51045 1.16523 2.10848 5.11718 1.81196 117871 0 1.62217 0.650258 0
2.10543 55.5167 2.37023 2.33599 5.40482 1.97796 190716 0 1.56161 0.649265 0
50.7121 34.9462 1.75508 2.02384 4.46602 1.54076 160916 0 -1.50978 0.649245 0
14.9315 64.559 2.0639 1.97575 4.47192 1.53867 203860 0 -1.45862 0.640277 0
-28.6298 9.15722 0.00559634 2.01973 4.49585 1.51219 122760 0 -1.33364 0.638562 0
14.9974 -4.38898 0.67503 0.613302 0.649201 0.873969 103240 0 -1.52246 0.627804 1
19.0406 40.8001 1.81475 2.06565 4.83436 1.53649 169241 0 1.61856 0.624116 0
-5.57007 40.8784 1.77777 1.99834 4.53811 1.47731 169164 0 -1.53721 0.623546 0
-56.2422 27.272 0.164302 2.04573 4.51861 1.61884 149350 0 -1.1959 0.623001 0
31.5154 35.7759 1.64144 2.03933 4.76043 1.62605 161792 0 1.62553 0.621431 0
-32.1585 42.1163 1.14712 1.98637 4.54351 1.6504 170953 0 1.94074 0.618567 0
1.07068 43.6994 1.66555 1.9677 4.47357 1.50226 173397 0 1.53013 0.611941 0
-6.24776 31.921 1.66539 2.26285 5.26404 1.59808 156058 0 -1.52728 0.601607 0
30.8793 21.6723 1.18735 1.92932 4.48196 1.40458 141198 0 -1.5206 0.586995 0
31.1937 18.7504 1.14016 1.84694 4.21639 1.46259 136987 0 -1.49667 0.579774 0
-45.6315 17.8208 -0.10521 2.06193 4.56793 1.69197 135343 0 -1.23517 0.578534 0
15.17 67.7142 2.21329 2.06905 4.67583 1.77324 208541 0 -1.54602 0.578136 0
-19.6628 35.3732 1.15714 2.07518 4.68957 1.53917 161164 0 -1.09469 0.57218 0
30.0283 -5.83585 0.784009 0.973887 1.03364 1.65697 100947 0 -0.503037 0.5708 1
17.7556 28.6949 1.38482 2.0242 4.67117 1.4502 151453 0 1.59855 0.569589 0
-39.8754 17.15 0.117853 1.91844 4.12625 1.77092 134425 0 1.87995 0.558447 0
-62.2127 11.9762 -0.365313 2.03628 4.5836 1.58409 126867 0 1.99478 0.558324 0
-44.2803 23.1948 0.210402 2.06627 4.61649 1.63606 143303 0 -1.21834 0.55801 0
-5.59846 44.2596 2.03292 2.20182 5.04409 1.80984 174312 0 -1.52621 0.556494 0
-46.2677 56.1101 0.692524 2.13842 4.73599 1.60344 191501 0 -1.27255 0.553839 0
-47.1852 12.0382 -0.397656 1.87491 4.20426 1.56144 126914 0 -1.29268 0.553737 0
30.1393 -5.81837 0.785066 1.01193 1.04852 1.68461 100948 0 0.0920487 0.55198 1
54.5227 11.3096 1.03504 2.03071 4.58272 1.51054 126296 0 -1.37894 0.551237 0
23.8376 16.8887 1.13081 1.9941 4.43699 1.47518 134156 0 0.166321 0.551161 0
31.8584 45.0051 1.90334 1.93655 4.38485 1.45412 175365 0 -1.57748 0.544865 0
29.2249 -6.52059 0.769345 0.865939 1.65347 1.68449 100009 0 -1.52304 0.544498 1
-24.5253 22.1908 0.597402 2.06432 4.5193 1.5752 141961 0 -1.29952 0.544229 0
-0.824852 20.0683 1.31183 2.07202 4.77049 1.5924 138759 0 1.68506 0.540499 0
36.3213 21.0419 1.39011 1.96834 4.51936 1.57104 140279 0 1.64595 0.538852 0
-32.7934 39.1885 0.784026 1.94639 4.36331 1.46013 166739 0 1.96754 0.526823 0
-46.5572 14.8434 -0.211197 1.96232 4.23568 1.6335 131128 0 -1.27401 0.525826 0
-44.3338 58.3951 1.14301 2.07906 4.4339 1.68273 194783 0 -1.32913 0.521345 0
24.0765 17.094 1.14298 2.09482 4.70528 1.47045 134625 0 -1.47518 0.520431 0
33.1014 56.8004 1.91345 1.95423 4.36131 1.53386 192685 0 -1.55928 0.519156 0
9.24484 -4.07359 0.899081 0.851916 0.932403 1.76202 103690 0 -1.80853 0.500785 1
14.0581 -4.70461 0.780748 0.782365 0.905286 1.72071 102769 0 2.32571 0.499678 1
14.1592 -4.82288 0.769887 0.749158 0.826691 1.59498 102302 0 -1.72876 0.498991 1
-47.8589 6.94096 -0.390916 1.85985 4.12771 1.51436 119424 0 -1.29056 0.497879 0
23.6131 17.0826 1.14522 2.06453 4.58637 1.47454 134623 0 1.20302 0.497498 0
29.052 -6.48412 0.793519 0.85324 1.07357 1.67188 100008 0 -1.51518 0.494869 1
-68.9641 5.29021 -0.547751 1.88034 4.13203 1.65949 117018 0 2.02852 0.492968 0
30.0481 -5.6912 0.787552 0.891108 0.979732 1.63485 101415 0 -0.386534 0.492453 1
19.041 46.5745 2.08638 1.95247 4.30805 1.58031 177665 0 1.5691 0.48941 0
-61.9286 11.7412 -0.377536 1.75737 3.88528 1.49454 126400 0 2.23919 0.484088 0
53.9669 8.2088 0.986323 1.76876 4.06375 1.455 121614 0 1.6815 0.481617 0
37.2761 30.2134 1.73013 2.55439 6.04625 1.962 153854 0 -1.4965 0.470475 0
-47.5424 9.70626 -0.0932102 2.17734 5.07113 1.88991 123637 0 -1.26906 0.469255 0
-42.1017 9.45526 -0.292814 2.01409 4.50219 1.52864 123186 0 1.82733 0.467726 0
54.2851 11.1065 1.02792 1.80501 4.04602 1.43834 125827 0 -1.53478 0.457999 0
-38.2217 22.5461 0.244329 2.08092 4.6713 1.78536 142386 0 1.8107 0.45788 0
4.6075 40.0406 1.79945 0.815687 0.702759 1.78491 168260 0 0.0121765 0.454852 1
-6.25126 22.9389 1.27074 1.86554 4.40309 1.40896 142954 0 -1.54889 0.452741 0
33.4381 54.2168 1.84778 1.93849 4.20672 1.48586 188942 0 -1.62382 0.450241 0
37.5281 34.7654 1.5129 0.815346 0.925084 1.61926 160407 0 -0.485097 0.44351 1
-33.0836 4.99673 -0.346394 0.630418 0.619878 1.37118 116662 0 -1.52925 0.442862 1
36.9632 26.9632 1.36439 2.13729 4.95433 1.56451 149173 0 1.69265 0.43874 0
29.2099 -6.34635 0.764423 0.956266 1.22209 1.63231 100477 0 -1.52536 0.436704 1
18.0732 -11.3195 0.899541 2.0936 4.5595 1.78091 92954 0 0.0634415 0.436291 0
-46.9354 12.2569 -0.428977 1.7609 3.84961 1.53186 127383 0 -1.26616 0.433814 0
1.74734 52.6277 1.93442 1.97408 4.48976 1.60361 186503 0 1.58699 0.429009 0
-67.3804 11.0791 -0.543753 1.92851 4.24251 1.50486 125447 0 -1.12393 0.425682 0
-4.34126 58.7687 2.20151 1.92661 4.38069 1.66128 195376 0 -1.5336 0.424446 0
-6.8633 23.1785 1.3105 2.03097 4.68829 1.47785 143420 0 -1.55636 0.404908 0
49.4352 20.3192 1.39311 1.99525 4.43515 1.57078 139384 0 -1.60145 0.404078 0
-19.0517 38.2522 0.876875 2.06586 4.67799 1.5073 165378 0 -1.13597 0.402986 0
37.5984 44.6202 1.99774 1.99098 4.55791 1.52196 174915 0 1.59932 0.400727 0
38.2564 38.5989 1.74555 1.99339 4.50564 1.52854 166025 0 1.62559 0.399593 0
24.0891 16.8688 1.12542 2.013 4.55186 1.47161 134157 0 -0.907937 0.39953 0
36.8981 12.2156 1.21416 2.11364 4.95791 1.65976 127645 0 1.64225 0.395793 0
55.5489 34.0955 1.64429 2.05534 4.66169 1.62407 159527 0 1.60942 0.391635 0
-16.3838 -14.5617 0.361255 0.845263 0.926616 1.67784 88166 0 -1.69615 0.389559 1
14.1432 -3.95 0.976315 0.866101 0.941956 1.90723 103706 0 1.62523 0.388955 1
-37.6113 22.2938 0.254267 2.04974 4.49104 1.77973 141920 0 1.80611 0.379311 0
-3.6699 64.7917 2.3792 2.0506 4.47716 1.58491 204270 0 -1.45543 0.371213 0
-27.3585 17.7689 0.56543 2.11465 4.72249 1.8492 135400 0 1.81533 0.368921 0
29.3513 -5.88879 0.701874 0.76585 0.906015 1.389 100945 0 -1.48675 0.365864 1
18.7145 43.6779 2.04546 2.04024 4.62326 1.58477 173452 0 1.59298 0.364331 0
32.4623 35.7687 1.68912 2.18033 5.24302 1.73393 161795 0 -1.53218 0.36428 0
14.1497 -3.77701 0.945975 0.836922 0.917201 1.8482 104174 0 1.71461 0.363851 1
14.9645 -4.4977 0.661563 0.637259 0.670478 0.877757 102772 0 -1.42585 0.36352 1
29.9217 -6.24599 0.658721 0.733582 0.943098 1.23601 100479 0 -1.04975 0.362609 1
33.1284 53.996 1.82158 1.96202 4.37677 1.4798 188473 0 -1.5019 0.350386 0
38.5405 38.8429 1.71387 2.01937 4.56488 1.54643 166494 0 1.63143 0.346553 0
27.2519 7.23905 1.04136 0.886491 0.974822 1.79031 120127 0 0.144161 0.34452 1
29.5498 -5.88998 0.732277 0.814065 0.918775 1.40466 100946 0 -1.5019 0.343793 1
13.2177 -9.50085 0.51692 0.79107 0.889708 1.58898 95747 0 -3.11302 0.342896 1
-35.347 30.5403 0.403416 1.90732 4.3295 1.51648 154095 0 1.83494 0.342212 0
11.4122 -2.93378 0.746922 0.748485 0.856524 1.56505 105101 0 -3.05125 0.342016 1
20.9765 55.487 2.18788 1.95587 4.30855 1.5954 190775 0 1.59963 0.337918 0
38.8901 35.3509 1.54979 1.98572 4.46064 1.56937 161347 0 1.70247 0.337675 0
14.1794 -4.33391 0.839482 0.786478 0.904305 1.80276 103238 0 -1.8077 0.332554 1
-33.4225 39.4855 0.84067 2.06443 4.65113 1.56763 167205 0 1.94642 0.332043 0
14.9218 67.4577 2.23437 1.86494 4.16574 1.67412 208072 0 -1.52721 0.331313 0
51.6833 46.5714 1.91635 1.99332 4.56075 1.54083 177767 0 -1.54582 0.328773 0
21.2638 55.2198 2.1687 2.01416 4.47251 1.62885 190308 0 1.60278 0.32832 0
-4.31481 49.4734 1.92991 2.01975 4.64863 1.68312 181804 0 -1.5296 0.327833 0
-64.4181 6.97009 -0.438015 2.24654 4.84633 1.79218 119372 0 -1.24024 0.327165 0
15.1059 -4.49969 0.606529 0.627125 0.675184 0.773899 102773 0 -1.41173 0.326914 1
-5.59174 28.9889 1.47036 2.08338 4.7738 1.58683 151848 0 -1.46641 0.326658 0
14.8759 73.7925 2.29626 1.95853 4.40983 1.58919 217432 0 -1.57072 0.32519 0
8.0549 -5.40277 0.821226 0.864979 0.887309 1.73754 101815 0 1.61886 0.324946 1
30.5954 18.9377 1.1279 1.93106 4.61272 1.46548 137453 0 -1.51682 0.323346 0
-27.9532 18.0817 0.53653 2.15276 4.80136 1.87989 135866 0 1.86065 0.322884 0
-5.2686 68.2896 2.6279 2.05914 4.7562 1.62522 209413 0 -1.44158 0.317557 0
49.1272 20.0506 1.38335 1.96616 4.30547 1.54126 138915 0 -1.45608 0.317494 0
12.9066 29.5109 1.42376 2.01645 4.74617 1.49984 152842 0 -1.53747 0.316656 0
-44.9032 58.5065 1.06009 2.34778 5.66056 1.94079 194781 0 -1.31065 0.315719 0
49.7352 20.6103 1.40199 2.10001 4.68798 1.63889 139853 0 -1.65989 0.31564 0
54.5524 28.9381 1.61863 2.06681 4.71746 1.66685 152036 0 -1.65049 0.315277 0
1.35903 43.9611 1.67993 1.8554 4.09782 1.47311 173866 0 1.62272 0.315063 0
-5.0097 44.0922 1.95481 2.04391 4.594 1.7721 173846 0 -1.54856 0.31138 0
48.8218 14.2999 1.21518 1.91854 4.33647 1.58663 130490 0 -1.56709 0.309022 0
37.3989 34.755 1.52068 0.823248 0.904259 1.64983 160406 0 0.505278 0.308925 1
-48.4237 7.14452 -0.400329 2.09979 4.76032 1.62066 119890 0 -1.27426 0.307625 0
49.1218 14.5431 1.27269 2.01535 4.59571 1.64789 130959 0 -1.55013 0.306119 0
18.4202 43.415 1.99533 1.94704 4.42456 1.52924 172983 0 1.57994 0.303517 0
14.6464 67.7083 2.28835 1.83622 3.96055 1.64748 208539 0 -1.57302 0.30309 0
29.597 -6.28288 0.699958 0.804092 0.94561 1.3979 100478 0 -1.61781 0.302388 1
-18.0362 37.643 1.20099 2.23096 5.13235 1.75684 164445 0 1.60115 0.301354 0
-34.7363 33.7478 0.712702 2.02143 4.69571 1.63794 158777 0 1.78987 0.298614 0
-5.31891 31.8482 1.63835 2.07969 4.9509 1.59592 156061 0 -1.49188 0.295503 0
-35.0192 30.3188 0.415487 1.89521 4.30995 1.52014 153628 0 1.64009 0.295374 0
15.4171 64.7291 2.07841 2.2767 5.28341 1.74782 204330 0 -1.49133 0.29487 0
18.3633 28.8993 1.39078 2.06949 4.8198 1.4808 151923 0 1.59149 0.293628 0
49.4243 23.5122 1.17692 1.91811 4.40423 1.51184 144064 0 -1.54914 0.293024 0
17.8064 -11.0949 0.84531 1.98043 4.20104 1.70555 93421 0 0.159042 0.291736 0
54.0144 11.3377 0.987299 1.68895 3.73116 1.38419 126294 0 1.75514 0.291049 0
19.6358 31.8691 1.39171 2.10421 4.71545 1.55864 156139 0 1.60724 0.28987 0
-5.03661 41.0331 1.74853 2.08935 4.70606 1.53979 169634 0 -1.58985 0.289517 0
60.6319 19.0246 1.65375 2.28567 5.17204 1.81872 137547 0 -0.401487 0.2891 0
-34.428 30.2437 0.425243 1.92838 4.37735 1.49914 153630 0 -1.29412 0.286996 0
19.9736 40.8183 1.89011 1.93773 4.2598 1.50137 169244 0 1.59666 0.286496 0
-39.4436 19.7366 -0.090963 1.78646 4.05434 1.54375 138170 0 1.87328 0.286038 0
60.6222 18.7655 1.6728 2.36508 5.3105 1.83779 137079 0 -0.737808 0.285732 0
2.65624 55.2964 2.35095 2.15786 4.84806 1.92188 190250 0 1.5443 0.284536 0
54.2248 7.93279 1.00983 1.86234 4.29942 1.4942 121147 0 1.69059 0.284522 0
54.4666 8.19598 0.984219 2.03536 4.78237 1.54275 121616 0 1.66066 0.283912 0
2.05071 52.9069 1.95999 1.91603 4.23518 1.55772 186972 0 1.59815 0.283444 0
-69.2512 5.04856 -0.535304 2.02547 4.46582 1.69855 116549 0 1.87622 0.283316 0
37.9102 35.3452 1.44153 2.01622 4.86553 1.53178 161344 0 -1.65332 0.283087 0
49.7589 23.1987 1.20394 1.90786 4.29237 1.49662 143597 0 -1.51478 0.282471 0
-47.1993 12.5521 -0.410997 2.01655 4.54268 1.58781 127850 0 -1.26145 0.28079 0
14.0563 -4.82705 0.760559 0.751667 0.859225 1.63379 102301 0 2.25399 0.280503 1
13.0347 46.6687 1.68594 1.77067 3.94395 1.46111 177646 0 -1.4667 0.279713 0
37.6395 35.3522 1.42169 1.93999 4.72387 1.53904 161343 0 1.84604 0.279513 0
33.7316 54.4804 1.82986 1.98238 4.31368 1.54324 189411 0 -1.72234 0.279176 0
-32.2279 39.1119 0.747887 1.97357 4.45788 1.44472 166741 0 1.94189 0.278638 0
-42.3832 9.22601 -0.276935 2.03718 4.48877 1.57934 122717 0 1.80085 0.276796 0
39.1887 35.0734 1.61238 2.01444 4.53672 1.60185 160880 0 -1.2074 0.276674 0
50.0777 22.8974 1.21134 1.89648 4.27227 1.48426 143130 0 -1.46297 0.276099 0
-48.5336 4.40636 -0.424092 1.7723 3.66303 1.55322 115678 0 -1.34556 0.275895 0
-4.01691 49.7125 1.95178 2.0447 4.68103 1.723 182273 0 -1.53461 0.274148 0
40.9276 28.5881 1.49665 0.871079 0.870642 1.70601 151525 0 -2.88042 0.274053 1
38.5959 35.646 1.51994 1.95555 4.43387 1.5192 161814 0 -2.57155 0.271274 0
15.1752 74.0603 2.5434 2.02472 4.52122 1.70806 217901 0 -1.67395 0.270188 0
2.66649 55.7381 2.33346 2.3144 5.02153 1.94807 191186 0 1.60097 0.270001 0
-35.332 33.822 0.688622 2.00201 4.57361 1.64008 158775 0 1.92043 0.269325 0
-25.3966 22.3072 0.609596 2.07565 4.58656 1.51167 141958 0 1.61001 0.267401 0
53.6112 28.9113 1.53292 1.97386 4.42373 1.54263 152033 0 -1.67542 0.266703 0
29.5204 -6.55266 0.700569 0.817714 1.52068 1.49763 100010 0 -1.58231 0.266569 1
2.04517 52.3709 1.85752 1.92143 4.32721 1.58043 186036 0 1.58105 0.265592 0
-27.0762 18.0262 0.583927 2.14127 4.82511 1.83189 135869 0 1.81151 0.265415 0
51.0492 37.6335 1.9194 1.91329 4.30293 1.5174 164661 0 -1.51802 0.264799 0
33.396 56.5696 1.92125 1.87241 4.19424 1.53078 192218 0 -1.53065 0.264037 0
46.5433 -27.7158 0.044372 2.02066 4.56945 1.70229 69175 0 -1.45996 0.263682 0
-32.714 42.3736 1.13645 2.32528 5.66559 1.87723 171419 0 1.91909 0.262421 0
30.9408 35.9238 1.60372 2.34367 5.53671 1.74673 162258 0 1.61895 0.260255 0
20.9597 58.3975 2.31063 2.00212 4.44391 1.64948 194987 0 1.57398 0.260042 0
13.9298 73.7933 2.10451 1.97188 4.51212 1.49017 217429 0 -1.60249 0.259872 0
36.698 44.6687 1.91 1.89965 4.30999 1.50216 174912 0 1.58921 0.259721 0
-62.4835 11.7503 -0.337471 2.09901 4.76736 1.63204 126398 0 1.77448 0.259574 0
-26.7553 17.4628 0.539688 2.13008 4.87601 1.80287 134934 0 1.68152 0.259144 0
14.7966 -6.73237 0.775388 0.940822 1.04959 1.82317 99496 0 1.71162 0.258889 1
42.3818 57.1243 2.3926 2.01688 4.53271 1.66067 193182 0 2.7626 0.258827 0
-31.5635 41.8285 1.09789 1.83195 3.94144 1.5646 170487 0 1.95032 0.258809 0
11.8816 26.3096 1.3033 2.17101 5.20774 1.58557 148159 0 -1.53714 0.258273 0
-44.1094 20.2831 -0.110046 1.76538 3.72325 1.50364 139092 0 -1.24627 0.25785 0
-33.0761 5.23254 -0.272003 0.748073 0.722086 1.53184 117130 0 -1.39557 0.257178 1
14.8953 74.3858 2.61888 1.98596 4.65044 1.64669 218368 0 -1.74669 0.256752 0
45.9226 -30.2923 -0.162378 1.94293 4.33285 1.57596 65429 0 -1.41762 0.255815 0
31.2387 45.1972 1.98355 2.05335 4.7358 1.4861 175831 0 -1.58483 0.255643 0
51.3942 46.8476 1.93829 1.97171 4.41558 1.53768 178234 0 1.37378 0.254767 0
34.0418 53.9931 1.86272 2.07061 4.54968 1.6086 188476 0 -1.55558 0.254122 0
55.2551 34.3615 1.59383 1.96961 4.42757 1.58651 159994 0 1.59253 0.253491 0
-46.2879 15.119 -0.237777 2.01911 4.34621 1.68377 131597 0 -1.24996 0.25308 0
49.1287 22.9055 1.08494 1.91186 4.41793 1.51095 143127 0 -1.47425 0.252571 0
-20.6792 29.668 0.798794 2.07921 4.52467 1.49098 152737 0 -1.2676 0.252031 0
50.403 37.9188 1.8846 1.85901 4.19603 1.46548 165127 0 -1.50864 0.25054 0
36.9042 21.1843 1.43897 2.21146 5.13152 1.68129 140749 0 1.63589 0.250512 0
38.5316 44.6349 2.1429 2.03122 4.55576 1.57674 174918 0 1.61662 0.250351 0
-51.6253 -4.98863 -0.633723 2.1908 4.83329 1.66136 102096 0 -1.5884 0.249946 0
13.0683 -9.50956 0.512385 0.79405 0.897921 1.55953 95746 0 2.98747 0.249865 1
41.3156 28.5838 1.53119 0.839005 0.82137 1.68699 151527 0 -2.98825 0.249729 1
-59.6924 17.1269 -0.413341 2.01418 4.50031 1.59708 134363 0 1.88054 0.249395 0
-40.1187 16.9149 0.054924 1.89929 4.21836 1.76967 133956 0 1.79365 0.249344 0
-32.9295 5.79076 -0.238055 0.787792 0.805606 1.66187 118067 0 -1.41712 0.248712 1
18.4247 43.9515 2.00871 1.98977 4.60972 1.58823 173919 0 1.62869 0.247409 0
-18.6225 23.1549 0.822859 2.21649 5.16749 1.65666 143383 0 1.75606 0.247405 0
32.5336 54.1959 1.82512 1.97028 4.46734 1.46557 188939 0 -1.57847 0.247359 0
-40.1169 17.6747 0.0127068 2.15896 4.6124 1.81797 135360 0 2.00305 0.247178 0
32.1212 44.7293 1.84749 1.88946 4.23873 1.46949 174898 0 -1.54868 0.24708 0
37.3049 44.3921 1.86145 1.9204 4.48568 1.52006 174446 0 1.59479 0.24688 0
-67.1249 11.3111 -0.573146 1.85318 4.01479 1.488 125916 0 -1.09696 0.245154 0
37.5967 35.0049 1.4853 1.09626 1.8062 1.59729 160875 0 -1.82869 0.245091 1
54.7916 11.1062 1.07653 2.16652 4.95883 1.59367 125829 0 1.53612 0.244894 0
-35.992 30.5975 0.437723 1.93718 4.29728 1.53432 154093 0 1.73189 0.243722 0
39.1679 35.6371 1.61023 2.03928 4.62273 1.60961 161816 0 1.62744 0.243574 0
-3.95439 64.5305 2.41245 1.982 4.39914 1.60764 203801 0 -1.3959 0.243425 0
68.9606 11.699 1.05244 2.02003 4.56285 1.58441 126809 0 -0.521626 0.242838 0
39.169 38.5923 1.60989 1.93343 4.45169 1.49154 166028 0 1.63265 0.242623 0
-34.4097 33.47 0.676542 2.00114 4.57917 1.6178 158310 0 1.66904 0.242619 0
-4.93394 49.716 1.97635 2.1031 4.79335 1.69967 182270 0 -1.56356 0.242443 0
-40.4655 33.1345 0.619479 2.01842 4.51386 1.56587 157823 0 -2.87865 0.242217 0
-5.29398 40.5881 1.73022 1.94628 4.43324 1.46622 168697 0 -1.50818 0.24214 0
31.5042 18.5042 1.13169 1.80929 4.12673 1.45461 136520 0 -1.49961 0.241929 0
-25.7473 22.5246 0.616708 2.06493 4.47581 1.50563 142425 0 1.83824 0.241645 0
51.9626 46.2769 1.89894 2.12209 4.95379 1.63235 177300 0 -1.42758 0.23938 0
42.0716 56.831 2.32727 1.9518 4.34299 1.63196 192713 0 2.56687 0.238648 0
38.2373 39.128 1.80735 2.00897 4.49559 1.5791 166961 0 1.64367 0.238488 0
53.7039 5.37544 1.20186 1.86186 4.45678 1.65193 117401 0 1.64336 0.238446 0
-67.9325 11.3477 -0.497023 2.18941 4.97968 1.6329 125913 0 -1.10569 0.238434 0
30.9183 38.9276 1.77218 1.90916 4.36674 1.52276 166470 0 1.57589 0.238138 0
-53.704 48.0718 0.547425 2.11235 4.558 1.62144 179778 0 -0.950129 0.237868 0
14.5296 -4.62406 0.762222 0.698607 0.790243 1.40176 102771 0 -1.82175 0.237569 1
48.525 20.3173 1.2695 2.02104 4.58633 1.58259 139381 0 -1.58331 0.237451 0
-19.1202 35.2838 1.12692 2.13987 4.85238 1.57592 161166 0 -1.09472 0.237195 0
1.48509 55.7557 2.57008 2.53615 6.11949 2.14505 191182 0 1.57709 0.237112 0
-5.59781 59.0394 2.16029 2.01213 4.58124 1.67814 195840 0 1.6224 0.236939 0
-67.6621 11.6049 -0.5443 2.09044 4.74208 1.57421 126382 0 -1.07647 0.236708 0
38.5512 38.3 1.68567 1.9636 4.43874 1.51307 165558 0 1.64644 0.236187 0
31.4667 21.8207 1.20369 2.0108 4.56414 1.47281 141668 0 -1.51247 0.236178 0
61.9218 18.6892 1.82567 2.12557 4.72995 1.76616 137083 0 -1.4738 0.236149 0
-34.7329 30.479 0.43161 1.90135 4.32179 1.48751 154097 0 -1.71648 0.236102 0
14.0044 -4.33061 0.81772 0.779467 0.865669 1.81149 103237 0 -1.91181 0.235868 1
-6.23688 29.2392 1.50525 2.14844 4.8668 1.63949 152314 0 -1.45604 0.235844 0
49.1247 23.7803 1.17728 1.92555 4.36555 1.4911 144531 0 -1.67187 0.234559 0
-18.4002 37.9296 1.006 2.27645 5.39353 1.73395 164912 0 1.41652 0.233689 0
29.3471 -5.7166 0.698802 0.79553 0.879922 1.33392 101413 0 -1.44434 0.233611 1
1.12056 44.214 1.6592 2.06615 4.72866 1.56023 174333 0 1.63042 0.233555 0
32.4116 45.2134 1.89925 2.08411 4.73342 1.53639 175835 0 -1.59596 0.23075 0
17.4754 28.4059 1.42046 2.03083 4.65188 1.46423 150984 0 1.60015 0.230026 0
13.2132 -9.66777 0.455252 0.787148 0.899679 1.58385 95279 0 -2.79747 0.229874 1
14.5709 -4.38191 0.789443 0.711151 0.85214 1.48656 103239 0 -1.7676 0.229594 1
38.5854 35.0985 1.52298 2.04921 4.7306 1.56511 160878 0 1.66854 0.229447 0
20.9872 54.9315 2.11953 1.97103 4.36019 1.61968 189839 0 1.63764 0.229098 0
38.2159 44.3926 2.02161 1.91997 4.36903 1.51941 174449 0 1.62268 0.229004 0
2.09859 54.9799 2.3215 2.28936 5.54202 1.98138 189780 0 1.48212 0.228629 0
-69.5081 5.27536 -0.512398 2.20488 5.06003 1.79022 117016 0 2.61474 0.228247 0
68.6593 12.3005 1.14534 2.05143 4.67215 1.59562 127744 0 -0.431033 0.227923 0
48.8201 23.2122 1.06472 1.9207 4.36158 1.51123 143594 0 -1.53172 0.227291 0
33.7282 57.0342 1.92429 2.08348 4.64813 1.65615 193155 0 -1.59335 0.227233 0
19.6425 46.7964 2.05655 2.08416 4.69342 1.62439 178135 0 1.57857 0.227089 0
-0.146423 25.8902 1.35714 2.02007 4.62464 1.50902 147185 0 1.57245 0.225993 0
38.2565 35.6448 1.48972 2.02945 4.75001 1.52133 161813 0 2.91668 0.225936 0
67.7068 -8.46763 0.758331 1.88575 4.14068 1.47564 97321 0 -1.51938 0.225001 0
60.6391 19.3504 1.64411 2.2079 4.90066 1.77694 138015 0 -2.91889 0.224939 0
41.4355 56.4888 2.27401 2.00029 4.47238 1.66494 192243 0 2.01646 0.224355 0
32.3956 39.1122 1.86375 2.15012 4.87536 1.63312 166943 0 -1.51884 0.223841 0
33.1477 54.4762 1.8763 1.85558 4.01185 1.44644 189409 0 -1.69626 0.223382 0
-47.134 14.8905 -0.223607 2.15312 4.73199 1.68031 131126 0 -1.28219 0.223155 0
51.983 37.6142 1.87619 2.04988 4.62196 1.65092 164664 0 -1.53978 0.222744 0
60.3895 19.0122 1.59234 2.15651 4.97046 1.79903 137546 0 -1.69339 0.222349 0
-3.37703 49.4503 1.93983 2.08173 4.73785 1.72019 181807 0 -1.49695 0.221836 0
-22.5994 -9.36261 0.761585 0.843585 0.936429 1.80527 95635 0 1.37387 0.221563 1
51.6852 37.8811 1.91616 1.99292 4.4271 1.59274 165131 0 -1.54 0.220552 0
37.9011 44.861 2.10742 2.08417 4.7265 1.57433 175384 0 1.57945 0.220508 0
-40.3744 17.3891 0.0116725 2.17409 4.81925 1.83936 134891 0 1.90862 0.220287 0
67.797 -4.99209 0.861106 1.89431 3.76941 1.56106 102469 0 -1.38204 0.220225 0
38.2475 35.1107 1.47341 2.00921 4.67787 1.55586 160877 0 2.67886 0.22005 0
32.7603 55.5547 1.90862 1.97712 4.21906 1.50631 190812 0 -3.10983 0.219321 0
30.6132 44.9795 1.92477 1.93088 4.44102 1.48999 175361 0 1.54782 0.217264 0
-4.00561 49.1866 1.94747 2.01645 4.57847 1.68662 181337 0 -1.49232 0.21702 0
-43.4376 22.895 0.12654 2.05718 4.63237 1.70126 142838 0 -1.21984 0.216378 0
41.1171 56.1865 2.26033 2.02986 4.5072 1.69651 191774 0 1.85109 0.216026 0
67.4533 5.50935 1.17072 0.842135 0.960103 1.83953 117912 0 -1.22764 0.215945 1
-4.66209 68.078 2.52791 1.83847 4.19328 1.57983 208947 0 -1.45744 0.215133 0
1.49139 55.2737 2.45565 2.38762 5.93321 2.06715 190246 0 1.52184 0.21505 0
38.8797 35.941 1.62007 1.98172 4.46034 1.56299 162283 0 1.6274 0.214027 0
50.3885 23.4895 1.28148 1.94521 4.38731 1.47617 144067 0 -1.60893 0.213491 0
-4.32101 65.0664 2.41164 2.19774 4.92982 1.73784 204736 0 -1.48945 0.212818 0
-32.938 5.00018 -0.339094 0.712196 0.672792 1.53741 116663 0 -1.60507 0.21207 1
69.0613 2.61563 0.85576 0.786138 0.807342 1.65923 113705 0 -1.03244 0.211893 1
29.5707 -5.71409 0.745901 0.860902 1.01964 1.53237 101414 0 -1.28995 0.211165 1
31.5768 38.6667 1.80816 1.80482 4.04033 1.53994 166004 0 -1.50567 0.211064 0
-35.9799 34.0875 0.720772 1.9656 4.31596 1.61366 159241 0 1.98385 0.211008 0
-5.25323 49.4681 1.98759 2.10395 4.78195 1.71667 181801 0 -1.55706 0.210535 0
-17.76 37.3679 1.28754 2.0691 4.50243 1.68692 163978 0 -0.954807 0.210069 0
23.8328 17.6969 1.17447 2.0996 4.495 1.43408 135560 0 3.10734 0.209137 0
18.4517 41.0214 1.70493 2.02553 4.69917 1.5041 169707 0 1.63969 0.207841 0
54.8873 26.0726 1.4937 1.90854 4.22561 1.54635 147825 0 -1.7683 0.207332 0
49.767 22.6123 1.23901 1.92532 4.32064 1.49276 142661 0 -1.40172 0.207258 0
-59.3973 17.103 -0.438715 1.99716 4.43443 1.58846 134364 0 0.302636 0.206572 0
-22.612 -9.19999 0.716041 0.800943 0.895527 1.76637 96103 0 1.31729 0.206114 1
49.4736 20.8881 1.41198 2.04814 4.50384 1.58449 140320 0 -1.75539 0.205715 0
39.5199 53.6096 1.92447 1.98123 4.51237 1.59835 188025 0 1.87887 0.205618 0
39.4674 35.3408 1.60854 2.12889 4.86882 1.66663 161349 0 1.58168 0.205454 0
15.1952 73.503 2.40135 2.0105 4.59813 1.69434 216965 0 -1.54596 0.205287 0
48.5046 23.5233 1.07529 1.9084 4.43549 1.52696 144061 0 -1.59394 0.205013 0
46.2914 -27.9403 0.00654966 1.84907 4.09379 1.59535 68706 0 -1.38446 0.203936 0
27.0049 6.9958 1.07236 0.957114 1.13298 1.82379 119658 0 0.121238 0.201396 1
46.2216 -33.4153 -0.304217 2.01919 4.61664 1.5787 60750 0 -1.46782 0.201222 0
55.4638 28.9756 1.68122 2.16491 5.03173 1.77528 152039 0 -1.63693 0.200713 0
-59.3671 16.8408 -0.447791 2.02644 4.56221 1.60682 133896 0 1.3314 0.199672 0
49.4347 19.7501 1.37103 2.03092 4.53509 1.5768 138448 0 -1.39668 0.199337 0
67.9701 -8.20288 0.768448 2.06147 4.63901 1.55217 97790 0 -1.51738 0.198729 0
43.3562 57.1251 2.46832 2.03708 4.57424 1.67366 193185 0 -2.93743 0.198044 0
0.683586 28.9719 1.36732 1.68851 3.68911 1.47155 151868 0 1.66002 0.197746 0
-42.9626 9.48064 -0.306534 2.02869 4.46188 1.5899 123183 0 1.8103 0.19751 0
-67.6441 10.8043 -0.515649 2.05939 4.57729 1.57565 124978 0 -1.18072 0.197445 0
32.5494 57.0098 1.94201 2.06058 4.71795 1.54773 193151 0 -1.55737 0.196974 0
-4.60019 58.4894 2.16381 1.80378 4.09544 1.60904 194907 0 -1.48219 0.196925 0
-61.616 11.4368 -0.410461 1.60473 3.53341 1.43857 125933 0 -1.28099 0.196691 0
-15.8529 71.204 2.24923 2.03313 4.61062 1.77299 213592 0 1.57783 0.196309 0
-33.7696 33.1468 0.726465 2.02355 4.59457 1.54827 157844 0 1.83128 0.195031 0
42.6997 56.8298 2.35271 1.93179 4.24807 1.62735 192715 0 2.83063 0.194596 0
-5.61292 43.7591 2.01768 2.16304 4.93819 1.78867 173376 0 -1.56894 0.194251 0
-6.54739 22.6292 1.2553 1.74014 3.85083 1.35907 142485 0 -1.5803 0.19403 0
-68.7299 5.49791 -0.558716 1.83933 3.95022 1.61793 117487 0 2.16513 0.193794 0
43.0242 57.1326 2.44034 2.00075 4.4883 1.65074 193184 0 3.09907 0.193452 0
21.28 58.6858 2.37447 2.08366 4.60959 1.71044 195456 0 1.56958 0.19323 0
-4.00282 55.8447 2.13376 2.01741 4.45217 1.61176 191165 0 -1.55881 0.19282 0
42.7039 57.3964 2.42109 2.13419 4.81849 1.73047 193651 0 2.92243 0.192606 0
20.655 58.1272 2.27908 1.98053 4.36469 1.62694 194518 0 1.59117 0.191772 0
11.8619 -7.33099 0.759078 0.879114 0.94015 1.71017 99019 0 -0.502831 0.191649 1
30.3094 21.8206 1.17946 1.97023 4.58228 1.41733 141664 0 -1.51947 0.191468 0
2.67924 52.6526 1.86597 1.89928 4.25166 1.53389 186506 0 1.55082 0.19137 0
-35.0001 33.4972 0.671985 1.94918 4.3806 1.63322 158308 0 1.85155 0.191254 0
41.1057 28.854 1.48665 0.858788 0.934915 1.69905 151994 0 -2.9759 0.191252 1
-6.84702 26.1596 1.55638 2.19608 5.09527 1.82304 147632 0 -1.49644 0.191212 0
-40.1813 33.7268 0.688497 2.02496 4.49305 1.54327 158760 0 -2.85353 0.191101 0
50.6631 23.2107 1.18985 1.99566 4.46714 1.5107 143600 0 -1.5907 0.190867 0
50.0058 20.034 1.4033 2.22419 5.04115 1.71152 138918 0 -1.516 0.190414 0
-26.0893 17.4287 0.545936 2.11814 4.92613 1.74528 134936 0 -1.30901 0.189773 0
-59.0528 16.8014 -0.500698 2.05065 4.64441 1.61331 133897 0 -1.12264 0.189646 0
19.6413 40.588 1.89846 1.96171 4.35797 1.503 168775 0 1.62666 0.189609 0
43.9926 56.8082 2.52973 2.03032 4.57219 1.66869 192719 0 -2.74942 0.188938 0
-40.4889 32.4973 0.610684 2.04393 4.66593 1.59424 156887 0 -0.603011 0.188647 0
67.5906 5.37572 1.06353 0.858268 1.38355 1.80981 117445 0 -1.26845 0.188318 2
-19.3262 34.8349 1.18073 2.03368 4.46089 1.5063 160229 0 -1.09905 0.18754 0
-7.48186 22.9665 1.33306 2.02006 4.69166 1.52856 142950 0 -1.6057 0.187416 0
18.1562 31.63 1.41034 2.00481 4.58851 1.53227 155666 0 1.58904 0.186998 0
0.0788651 26.6089 1.28154 1.92328 4.31321 1.47267 148590 0 1.67743 0.186994 0
-39.8896 33.1387 0.62686 2.01558 4.53522 1.53576 157825 0 -2.56539 0.186847 0
39.5159 53.89 1.96365 2.00135 4.49128 1.60667 188493 0 2.32681 0.186682 0
31.7406 31.0845 1.39256 2.44136 6.11292 1.60489 155241 0 1.5626 0.18667 0
1.74902 52.0692 1.87506 2.01607 4.51003 1.65053 185567 0 1.54368 0.186097 0
29.9038 -6.49511 0.588157 0.738841 0.843438 1.14027 100011 0 -1.41114 0.185976 1
17.7685 29.1898 1.36786 1.93424 4.46707 1.49434 152389 0 1.62051 0.185875 0
-36.959 22.0186 0.254673 2.05714 4.69978 1.77037 141454 0 1.802 0.185855 0
55.5312 34.65 1.6367 2.0308 4.66224 1.64313 160463 0 1.55383 0.185414 0
21.9148 67.0586 2.23288 2.06284 4.6666 1.6562 207626 0 1.66184 0.184969 0
68.9795 11.0607 1.06348 2.01062 4.47999 1.58234 125873 0 -0.236275 0.184884 0
21.2686 55.7834 2.26818 1.93474 4.22192 1.58278 191244 0 1.55854 0.184717 0
-41.6541 11.7299 -0.220787 2.0678 4.8213 1.60754 126463 0 1.86008 0.18463 0
-45.0401 17.7413 -0.142474 2.09868 4.6902 1.72016 135345 0 -1.20311 0.184546 0
49.4379 14.7964 1.35824 2.06902 4.67339 1.69725 131428 0 -1.55307 0.184105 0
60.8869 18.7612 1.73739 2.35609 5.2078 1.78711 137080 0 -1.34099 0.184055 0
-4.33238 59.2457 2.25666 2.12975 4.76209 1.72495 196312 0 -1.54131 0.183924 0
14.3512 58.3999 1.88873 1.71622 3.77105 1.39296 194966 0 -1.43131 0.183153 0
30.1538 -6.24419 0.659394 0.769041 1.0458 1.30307 100480 0 0.0799852 0.183123 1
13.0597 -9.67997 0.478146 0.782615 0.908542 1.54769 95278 0 3.07445 0.18307 1
-24.2004 22.4692 0.591882 2.10512 4.53224 1.59821 142430 0 -1.35082 0.182793 0
-14.5658 71.1804 2.2537 2.12357 4.83839 1.80732 213596 0 -1.5904 0.182561 0
-48.394 9.79994 -0.018972 2.49342 6.16136 2.14655 123634 0 -1.29717 0.182398 0
12.0825 29.0357 1.42947 1.75324 3.93623 1.4572 151903 0 -1.48552 0.182272 0
54.5664 25.7849 1.38839 1.91675 4.29512 1.51894 147356 0 -1.76828 0.181606 0
49.741 14.3074 1.29366 2.00967 4.45289 1.67221 130493 0 -1.55276 0.181037 0
-4.94124 49.1751 1.98187 2.01223 4.59279 1.64564 181334 0 -1.5338 0.180912 0
55.2005 15.2264 1.01375 1.93179 4.35466 1.54019 131914 0 1.58371 0.18078 0
-69.5236 5.0272 -0.509936 2.17408 4.907 1.77773 116548 0 -1.91921 0.180333 0
54.5667 14.2372 0.945919 1.9778 4.52316 1.57123 130508 0 1.59154 0.180264 0
52.6398 49.4245 2.08263 1.94782 4.27941 1.58234 181982 0 -1.45633 0.180159 0
17.1964 28.8794 1.35987 2.0261 4.68383 1.50425 151919 0 1.607 0.180136 0
12.616 28.7445 1.39547 1.94177 4.50388 1.49443 151437 0 -1.45593 0.179606 0
14.7934 -6.37507 0.74534 0.852072 0.973874 1.74862 100432 0 1.72587 0.179085 1
14.9393 65.0155 2.10432 2.08275 4.62833 1.64636 204796 0 -1.5362 0.177717 0
51.3673 47.1547 1.95183 2.10699 4.67215 1.62436 178702 0 1.13093 0.177659 0
-6.17081 41.0415 1.8575 2.11456 4.85476 1.54685 169630 0 -1.5217 0.17765 0
69.0503 2.50913 0.818142 0.782206 0.828894 1.67465 113237 0 -0.473541 0.17741 1
-22.776 -9.1865 0.775713 0.834914 1.02753 1.77214 96102 0 1.37236 0.177138 1
56.0951 34.3562 1.66671 2.20127 5.22321 1.75849 159997 0 1.62481 0.177008 0
12.4252 32.2266 1.48516 1.69815 3.64314 1.39806 156584 0 -1.50819 0.176786 0
54.8845 15.521 1.01272 1.90744 4.36374 1.53577 132381 0 1.61731 0.176768 0
-35.0854 30.7915 0.426375 1.9451 4.43284 1.53386 154564 0 2.12144 0.17664 0
14.8845 74.7281 2.55663 2.05494 4.77339 1.66681 218836 0 -1.76989 0.176612 0
-17.7981 22.6835 0.804639 1.88649 4.01623 1.57077 142450 0 1.65225 0.176357 0
-5.25634 58.8032 2.154 1.85254 4.21937 1.61861 195373 0 1.60308 0.176289 0
1.19933 52.3781 2.03969 2.22817 5.28677 1.84058 186033 0 1.54088 0.176029 0
-47.174 56.4205 0.653844 2.30429 5.24573 1.69414 191966 0 -1.25868 0.175995 0
69.1683 2.50977 0.87693 0.798161 0.848189 1.66879 113238 0 -1.21564 0.175866 1
19.6647 43.6873 2.06322 2.08246 4.64172 1.68125 173455 0 1.61511 0.175833 0
50.0528 14.5495 1.30875 2.0528 4.62286 1.70107 130962 0 -1.55428 0.175608 0
-4.31055 56.1253 2.10092 2.00408 4.47214 1.6125 191632 0 -1.49272 0.175537 0
67.967 -8.75525 0.778496 2.03086 4.52139 1.53248 96854 0 -1.51694 0.175359 0
24.4285 16.8428 1.10755 1.99643 4.34487 1.44452 134158 0 -1.35161 0.175019 0
14.8848 61.2996 1.90893 2.08074 4.63965 1.53446 199180 0 -1.45939 0.174618 0
7.85943 -5.79579 0.808812 0.876826 0.95806 1.69126 100878 0 1.65837 0.174444 1
50.0698 23.7906 1.33173 1.90106 4.22553 1.48876 144534 0 -1.60896 0.174418 0
51.6834 37.3506 1.88224 1.99474 4.47421 1.62749 164195 0 -1.49233 0.174393 0
-53.9189 47.2881 0.498929 1.87603 4.22232 1.52724 178373 0 -1.31417 0.174009 0
49.7685 38.2034 1.84635 1.92508 4.33623 1.50976 165593 0 -1.52146 0.173908 0
-45.8537 17.5513 -0.119675 2.11081 4.75302 1.71607 134874 0 -1.23852 0.173437 0
11.5942 19.1375 1.19333 2.09844 5.01978 1.59396 137394 0 -1.55903 0.173372 0
-19.2972 38.0071 0.920804 2.11306 4.80463 1.50114 164909 0 -1.11408 0.173268 0
-27.6552 17.5319 0.524262 2.1268 4.6654 1.83948 134931 0 1.79658 0.173255 0
7.55141 39.6653 1.63185 1.9227 4.27014 1.47122 167333 0 -0.0141886 0.173181 0
-40.7464 32.8082 0.624232 2.07244 4.59106 1.62918 157354 0 -2.44107 0.172294 0
-6.26658 23.3944 1.34433 2.02357 4.65467 1.4782 143890 0 -1.51784 0.172215 0
54.5339 10.8314 1.05961 2.00538 4.52735 1.52498 125360 0 -1.482 0.172115 0
3.31354 55.515 2.24845 2.15274 4.47875 1.8888 190720 0 1.5686 0.17165 0
52.9465 49.1321 2.10651 2.04923 4.53642 1.65546 181515 0 -1.39141 0.171507 0
39.8328 53.3118 1.92949 1.99732 4.50709 1.59222 187558 0 1.72016 0.171307 0
14.2449 73.5249 2.15585 1.96918 4.459 1.53454 216962 0 -1.54671 0.171155 0
13.3934 38.0371 1.73882 1.83119 3.94718 1.60656 165011 0 -1.50038 0.171081 0
60.3455 18.4572 1.61476 2.11404 4.62681 1.75958 136610 0 -0.635087 0.170396 0
