44.2838 -6.9439 1.45861 2.93053 7.73495 3.18597 99588 0 1.63231 0.962018 0
18.4129 11.7319 1.03485 2.12938 4.86173 1.54537 126651 0 1.63339 0.951689 0
-6.82636 11.3391 0.999985 2.00781 4.62045 1.49103 126104 0 -1.49145 0.944341 0
10.6958 12.7463 1.19342 2.25705 5.24772 1.90504 128031 0 -1.5758 0.938053 0
-1.9738 11.0689 1.18188 2.06526 4.63507 1.80737 125651 0 1.61139 0.921122 0
-18.3835 -1.88091 0.386963 2.09402 4.76368 1.48815 106880 0 -2.07992 0.918739 0
-0.86351 17.0832 1.37377 2.10117 4.75883 1.81065 134547 0 1.6131 0.90263 0
36.0509 9.05257 0.997427 1.97594 4.56941 1.49895 122962 0 1.67998 0.888044 0
30.8991 9.34999 1.1605 2.02248 4.51326 1.72238 123414 0 -1.46378 0.886219 0
10.6748 15.8299 1.2501 2.21105 5.08477 1.84978 132711 0 -1.52865 0.878561 0
13.2955 41.1239 1.85969 2.11634 4.90947 1.89329 169691 0 -1.51062 0.875818 0
48.5567 5.67889 1.1286 2.09459 4.71408 1.85814 117853 0 -1.45843 0.872455 0
-0.385986 22.9116 1.42155 2.19096 5.1254 1.85039 142972 0 -1.47883 0.871349 0
-19.0327 11.4872 0.822201 2.01759 4.58956 1.77637 126066 0 1.69549 0.869703 0
-20.6265 32.7235 1.15594 2.38285 5.50441 1.81116 157417 0 -1.17646 0.868459 0
48.398 8.50593 0.993066 2.02013 4.68115 1.6357 122065 0 -1.48104 0.860467 0
18.6429 15.4143 1.25495 2.24661 4.9807 1.71565 132268 0 1.61772 0.86005 0
11.7153 22.2808 1.40875 1.9307 4.30567 1.69961 142074 0 -1.52736 0.859163 0
-6.55426 17.4598 1.07373 2.04959 4.75142 1.52889 134997 0 -1.52582 0.858779 0
-18.7632 19.747 0.972765 2.13935 4.70976 1.97047 138235 0 1.72358 0.857368 0
-42.1046 -11.6631 -0.832298 1.98725 4.40726 1.61033 92298 0 0.0444929 0.855942 0
30.6157 15.9114 1.2576 1.97131 4.44326 1.70442 132773 0 -1.48882 0.854618 0
-29.6601 6.6222 -0.120743 2.0774 4.83843 1.53539 119013 0 -1.2963 0.851675 0
31.1999 30.9257 1.35369 2.11903 4.8875 1.54092 154771 0 1.58845 0.849322 0
17.3774 22.8258 1.49354 2.10571 4.96579 1.70757 143028 0 1.61603 0.847375 0
-18.4102 14.0079 0.825273 2.08433 4.75179 1.81865 129812 0 1.76692 0.844552 0
31.1358 12.2765 1.04417 1.96472 4.76879 1.52295 127627 0 1.63143 0.84285 0
-44.6989 -11.1196 -0.831497 2.05035 4.4811 1.77696 93226 0 0.030418 0.842103 0
11.3652 19.4263 1.16338 1.95364 4.50099 1.50618 137861 0 -1.61267 0.840804 0
-19.7057 8.03307 0.682686 2.01822 4.5733 1.52889 121384 0 1.6101 0.838853 0
-1.17541 14.2005 1.12439 1.90628 4.27486 1.55616 130334 0 1.70845 0.831236 0
-6.56888 20.2809 1.17424 2.12537 5.03813 1.43593 139209 0 -1.52086 0.830033 0
7.77954 39.4923 1.66435 2.07111 4.80741 1.51254 167334 0 0.0128211 0.828278 0
17.7045 19.9889 1.22433 2.04699 4.78065 1.49156 138817 0 1.63022 0.827821 0
13.8997 38.1585 1.70852 2.08817 4.81832 1.65106 165481 0 -1.51939 0.82641 0
26.9833 7.13908 1.09616 0.879595 1.1169 1.82925 120126 0 0.199416 0.823475 1
0.176659 31.7547 1.74888 2.22926 5.08846 1.89714 156078 0 1.65931 0.819174 0
31.1683 27.4579 1.3738 2.1552 5.06161 1.49523 149623 0 1.60533 0.813316 0
-6.25426 14.4876 1.0216 2.02481 4.60304 1.50772 130786 0 -1.49079 0.812732 0
-42.9796 5.89497 -0.344899 1.9205 4.24894 1.50565 118035 0 1.87493 0.812569 0
0.147499 29.0202 1.38043 1.99099 4.52258 1.56529 151866 0 1.6279 0.793032 0
11.739 -7.50512 0.754747 0.856188 0.918834 1.67021 98550 0 -1.09588 0.789562 1
12.9567 32.3829 1.4292 2.08819 4.90581 1.49369 157054 0 -1.51315 0.789017 0
17.4553 25.7331 1.55504 2.28232 5.41733 1.76651 147240 0 1.62451 0.785246 0
-18.1119 22.8773 0.809601 2.03208 4.5109 1.5535 142917 0 1.61203 0.782563 0
11.6314 26.154 1.32425 2.02455 4.82647 1.52187 147690 0 -1.52639 0.777875 0
-36.5476 -11.6507 -0.699718 2.39428 5.3607 2.08202 92315 0 0.03841 0.776519 0
-44.3744 20.3598 -0.0397905 1.90715 4.20711 1.53223 139091 0 -1.28931 0.773065 0
9.2315 -3.96419 0.83177 0.807416 0.832755 1.76583 103690 0 -0.398503 0.755027 1
14.1835 -4.69495 0.793589 0.831948 0.942652 1.65986 102770 0 -1.54899 0.754818 1
13.3216 43.9649 1.68437 1.99094 4.45988 1.62417 173903 0 -1.53363 0.754263 0
-18.4687 16.8587 0.681666 1.82659 4.09222 1.50793 134024 0 1.69758 0.752171 0
13.2979 46.926 1.68663 1.94714 4.44427 1.50723 178115 0 -1.52796 0.748837 0
14.8985 58.4051 1.91768 1.99615 4.55063 1.54374 194968 0 -1.41994 0.744677 0
41.1332 28.6899 1.55694 0.822579 0.830626 1.71022 151526 0 -2.57718 0.742104 1
-32.8857 5.63015 -0.168071 0.897595 0.869685 1.67954 117599 0 -1.443 0.74201 1
12.6214 29.2478 1.41538 1.99618 4.67833 1.47417 152373 0 -1.51211 0.740675 0
68.5893 -5.07063 0.798513 2.12609 4.77835 1.56428 102472 0 -1.4572 0.738632 0
48.829 11.6178 1.15654 1.99056 4.47104 1.71319 126746 0 -1.4893 0.735184 0
19.0154 37.886 1.80357 2.10408 4.7325 1.58394 165029 0 1.61582 0.728838 0
-41.1306 11.7458 -0.178958 1.6919 3.84738 1.4415 126465 0 1.87894 0.715854 0
30.2052 -5.86244 0.796861 0.936297 0.942133 1.61218 100948 0 1.03127 0.713849 1
-0.122795 26.3364 1.27164 2.0109 4.64255 1.47927 148121 0 1.63751 0.713287 0
15.479 55.2438 2.10309 2.09425 4.76091 1.77316 190290 0 -1.45833 0.712498 0
-5.87705 26.1412 1.53526 2.11184 4.78586 1.73522 147635 0 -1.52316 0.711074 0
-40.4303 14.5456 -0.0988406 2.00049 4.47392 1.59901 130679 0 1.87859 0.708706 0
29.235 -6.53107 0.783739 0.820723 1.00652 1.61293 100009 0 -1.53397 0.708482 1
-61.3433 14.5689 -0.414063 1.97575 4.31618 1.66679 130614 0 -1.15053 0.707878 0
-49.1141 4.40507 -0.388967 2.15026 4.75312 1.70351 115676 0 -1.37499 0.70409 0
-27.6758 14.6683 0.363624 1.98087 4.71513 1.88375 130719 0 1.82163 0.701853 0
-53.9377 47.8364 0.561931 2.04578 4.5542 1.57431 179309 0 -1.1506 0.691736 0
-38.9009 19.6566 0.00201412 1.99641 4.69792 1.55806 138172 0 1.8275 0.685956 0
-5.29832 40.8011 1.74559 2.0441 4.60233 1.51547 169165 0 -1.57081 0.677922 0
36.3381 12.101 1.21951 2.07151 4.7729 1.64741 127175 0 1.6206 0.677715 0
7.83533 -5.53228 0.811352 0.912764 0.948949 1.73829 101346 0 -1.51314 0.67576 1
-21.5873 30.169 0.851305 2.16918 4.89714 1.54746 153670 0 -1.22616 0.673473 0
54.2114 5.3583 1.15947 2.03981 4.97113 1.8974 117403 0 1.65781 0.670328 0
31.8607 38.8885 1.85623 1.93108 4.29635 1.5506 166473 0 -1.5422 0.670037 0
14.9289 64.5638 2.009 2.00213 4.54403 1.55535 203860 0 -1.46245 0.667793 0
36.3529 15.3015 1.22252 1.91303 4.42355 1.50924 131855 0 1.66004 0.6636 0
-48.156 7.15371 -0.413244 2.06558 4.5601 1.66868 119891 0 -1.27368 0.660926 0
50.7147 34.945 1.72185 2.02444 4.49801 1.52162 160916 0 -1.55088 0.660294 0
-19.3996 35.3515 1.16882 2.05595 4.58387 1.51204 161165 0 -1.11727 0.660022 0
31.5388 35.7875 1.641 2.07404 4.85271 1.67482 161792 0 1.62493 0.647222 0
18.4203 31.8206 1.41528 2.04367 4.60763 1.51659 156135 0 1.6008 0.633039 0
-50.7014 -5.00658 -0.618451 2.13627 4.55458 1.67802 102099 0 -1.58491 0.631061 0
15.1987 67.6355 2.19297 2.07696 4.60012 1.8191 208541 0 -1.54062 0.626309 0
-63.8702 6.96591 -0.478873 2.12107 4.62983 1.78317 119374 0 -1.28422 0.621807 0
31.1853 18.7475 1.1574 1.83077 4.1438 1.47084 136987 0 -1.49926 0.62064 0
2.38551 55.513 2.26072 2.24048 5.19508 1.90982 190717 0 1.57866 0.618465 0
-44.0148 23.1538 0.224985 2.02208 4.49371 1.61562 143304 0 -1.26865 0.61261 0
14.5935 -6.6165 0.729011 0.88476 1.05974 1.79272 99963 0 1.7316 0.612277 1
31.2055 21.6662 1.18795 1.92744 4.36804 1.40863 141199 0 -1.51072 0.605383 0
-47.5265 9.7445 -0.0607213 2.24851 5.23163 1.8872 123637 0 -1.2602 0.603597 0
-45.6303 17.8155 -0.108151 2.04849 4.54737 1.65819 135343 0 -1.24471 0.600044 0
14.9997 -4.39468 0.667957 0.638207 0.695092 0.874648 103240 0 -1.53994 0.597135 1
-47.205 12.3118 -0.379611 1.99503 4.4617 1.61498 127382 0 -1.22731 0.594722 0
-46.2405 56.1279 0.688898 2.07316 4.53356 1.59525 191501 0 -1.32707 0.591886 0
-40.1083 17.1449 0.0448787 1.98931 4.37675 1.79637 134424 0 1.83958 0.585913 0
-5.29675 44.2931 1.98701 2.12607 4.81665 1.76352 174313 0 -1.55476 0.584556 0
-62.2495 11.7342 -0.422972 1.89306 4.26467 1.55876 126399 0 1.91654 0.573781 0
23.8455 16.7729 1.12075 2.00378 4.53071 1.48105 134156 0 1.24336 0.554754 0
-32.1336 42.0748 1.14249 1.95602 4.54284 1.63854 170953 0 1.9341 0.553956 0
54.2806 11.3386 1.20176 1.90137 4.24278 1.50131 126295 0 1.62125 0.551749 0
36.3309 21.0325 1.3809 1.9663 4.52487 1.53712 140279 0 1.61689 0.549969 0
-6.24288 31.9115 1.67827 2.21231 5.1513 1.56024 156058 0 -1.46301 0.54039 0
1.06036 43.6581 1.64415 1.97922 4.47084 1.49908 173397 0 1.55161 0.538723 0
-56.2214 27.2678 0.135113 2.02723 4.58101 1.60664 149350 0 -1.19321 0.53041 0
7.87715 -5.40369 0.810495 0.875858 0.892325 1.74458 101814 0 -1.4936 0.529568 1
19.0449 46.5402 2.0882 2.01562 4.46196 1.58298 177665 0 1.57108 0.518341 0
-32.5138 39.1556 0.785149 1.96136 4.39082 1.4539 166740 0 1.97086 0.517411 0
19.3416 40.7899 1.94546 2.03211 4.68815 1.5006 169242 0 1.62419 0.506544 0
17.7583 28.6633 1.39007 2.0213 4.6824 1.46141 151453 0 1.60115 0.506314 0
-28.6331 9.17129 -0.0366498 1.97162 4.44895 1.49773 122760 0 -1.32841 0.504757 0
-46.5328 14.627 -0.185512 1.97201 4.30855 1.61771 130660 0 -1.20405 0.504559 0
-1.10654 20.0507 1.25045 2.05999 4.80657 1.5728 138758 0 1.70127 0.504159 0
29.5594 -5.95588 0.623483 0.664822 0.763164 1.18592 100946 0 -1.50613 0.50363 1
37.2691 30.1946 1.73329 2.54191 5.9721 1.96352 153854 0 -1.51572 0.503284 0
-37.9373 22.2966 0.391149 1.98288 4.28187 1.7868 141919 0 1.79443 0.495771 0
30.1966 -5.71542 0.808044 0.817901 0.868537 1.60393 101416 0 0.898308 0.493346 1
-19.066 38.2695 0.893467 2.01375 4.52087 1.43893 165378 0 -1.13033 0.493042 0
14.1863 -4.83203 0.751585 0.78766 0.86918 1.52645 102302 0 -1.46322 0.485154 1
-69.2602 5.02541 -0.498196 2.04129 4.50395 1.71479 116549 0 1.71596 0.470901 0
14.1583 -3.93381 0.953926 0.890226 1.0247 1.9036 103706 0 1.61757 0.466733 1
37.5756 34.7613 1.48601 0.772575 0.879331 1.58356 160407 0 0.621675 0.464072 1
51.6852 46.5726 1.94094 1.99797 4.51034 1.56778 177767 0 -1.55312 0.453612 0
29.2753 -6.31497 0.731514 0.901035 1.01853 1.52589 100477 0 -1.54876 0.45265 1
29.0809 -6.50068 0.78377 0.797027 0.919947 1.60537 100008 0 -1.51846 0.452425 1
-28.9731 9.35664 -0.0460666 2.01851 4.49545 1.51381 123227 0 1.43134 0.448824 0
-44.3309 58.3907 1.10233 2.15634 4.7076 1.77899 194783 0 -1.31462 0.448057 0
-67.3915 11.036 -0.583584 1.91904 4.27088 1.48911 125447 0 -1.18701 0.443954 0
36.955 26.9607 1.35795 2.13466 5.0147 1.55124 149173 0 1.68825 0.442967 0
33.105 56.8052 1.86568 1.94723 4.33574 1.53749 192685 0 -1.58396 0.442775 0
-29.2745 9.41856 -0.0746723 2.01112 4.43226 1.52187 123226 0 1.75849 0.440288 0
23.8369 16.5632 1.10411 1.98448 4.48048 1.50728 133688 0 0.429005 0.438909 0
4.58643 40.0337 1.78879 0.844202 0.724102 1.74409 168260 0 -0.000185395 0.43574 1
41.1236 28.8283 1.56054 0.86346 0.872125 1.71535 151994 0 -2.56891 0.435631 1
1.73986 52.9087 1.92699 1.95205 4.41151 1.56275 186971 0 1.53976 0.433385 0
31.8523 45.0082 1.91464 1.95788 4.40164 1.52493 175365 0 -1.58091 0.431177 0
26.8526 7.12379 1.1018 0.855498 1.01778 1.77721 120125 0 0.24254 0.423748 1
53.9415 8.19758 0.974606 1.87532 4.30126 1.49145 121614 0 1.69106 0.421624 0
-33.0783 4.98378 -0.275241 0.683503 0.672212 1.42744 116662 0 -1.50957 0.414604 1
-42.3716 9.4933 -0.298277 1.99425 4.4689 1.53737 123185 0 1.8467 0.410737 0
-4.34158 58.7691 2.15723 1.92767 4.35531 1.59877 195376 0 -1.54201 0.399748 0
-27.3559 17.7623 0.57489 2.11139 4.76146 1.83902 135400 0 1.78905 0.398909 0
24.1185 16.5585 1.10264 2.03201 4.62863 1.50341 133689 0 -1.25771 0.398656 0
-16.369 -14.5615 0.345353 0.856345 0.921247 1.71973 88166 0 -1.79662 0.396735 1
29.5183 -6.56885 0.750293 0.844651 1.05456 1.64848 100010 0 -1.5907 0.395292 1
30.1798 -6.23434 0.709413 0.754362 0.821617 1.34889 100480 0 0.95268 0.386764 1
36.9023 12.2112 1.20749 2.07468 4.90512 1.64945 127645 0 1.64569 0.384196 0
32.1298 35.7649 1.6935 2.08274 4.92743 1.72434 161794 0 -1.38909 0.383704 0
-24.5191 22.2476 0.576428 2.00573 4.40235 1.556 141961 0 -1.34061 0.377541 0
14.9666 -4.50336 0.654874 0.635496 0.705639 0.850454 102772 0 -1.55006 0.373268 1
30.0087 -5.8744 0.749205 0.904098 0.967864 1.55174 100947 0 -0.857856 0.371065 1
23.8497 17.0523 1.14688 2.03875 4.5576 1.48711 134624 0 2.89693 0.370062 0
37.9101 35.3494 1.42148 2.03569 4.87921 1.52306 161344 0 1.67083 0.367645 0
29.5457 -6.21593 0.666093 0.777231 0.88614 1.3955 100478 0 -1.59992 0.366541 1
-5.28824 28.9834 1.47604 2.07733 4.80755 1.54458 151849 0 -1.47023 0.365439 0
-32.876 5.79782 -0.160471 0.808202 0.823092 1.61336 118067 0 -1.47343 0.365214 1
14.8855 73.771 2.27766 2.00264 4.44346 1.64194 217432 0 -1.54996 0.362933 0
-57.4445 21.5663 0.158038 2.00546 4.60889 1.60119 140922 0 -1.13163 0.360442 0
54.2419 28.9702 1.64467 2.03439 4.62806 1.62043 152035 0 -1.65165 0.360191 0
11.4002 -2.9409 0.718091 0.721702 0.809329 1.56787 105101 0 1.80989 0.359401 1
-3.67101 64.7718 2.40898 2.10765 4.5775 1.67069 204270 0 -1.42325 0.355403 0
18.065 -11.3516 0.876249 2.09411 4.51932 1.76888 92954 0 0.0164794 0.352904 0
-67.6598 10.7738 -0.557092 2.04658 4.57048 1.54384 124978 0 -1.24731 0.349088 0
-43.4095 58.0746 1.02559 2.23414 5.12254 1.7426 194318 0 -1.28384 0.34312 0
20.2951 40.8124 1.94176 1.94999 4.33784 1.49135 169245 0 1.61125 0.339274 0
-5.3505 31.8285 1.6464 2.05774 4.83458 1.57176 156061 0 -1.4934 0.339184 0
-34.7179 30.2456 0.443952 1.90888 4.2631 1.46168 153629 0 -1.1658 0.337879 0
55.8074 34.0651 1.76895 2.09746 4.81006 1.67763 159528 0 1.63854 0.336373 0
68.2947 -8.80036 0.66297 1.98709 4.49499 1.53104 96855 0 -1.48986 0.336153 0
53.6146 28.9463 1.58847 1.99248 4.50125 1.52656 152033 0 1.64822 0.334248 0
37.2807 44.615 1.93106 1.96358 4.52348 1.50627 174914 0 1.57086 0.333574 0
15.1121 -4.50693 0.600432 0.637022 0.734464 0.799614 102773 0 -1.50958 0.328371 1
-27.9557 18.078 0.561883 2.13202 4.76071 1.87042 135866 0 1.84253 0.326967 0
51.6802 37.9122 1.90219 1.97944 4.44362 1.60515 165131 0 -1.59537 0.324373 0
-33.0596 39.2393 0.809575 2.04382 4.60076 1.5236 166738 0 1.96623 0.323613 0
32.1478 54.1847 1.75286 1.90963 4.35448 1.46004 188938 0 -1.61316 0.322045 0
29.9484 -6.26191 0.650171 0.701363 0.767504 1.21899 100479 0 -1.47782 0.321159 1
14.507 -4.63332 0.75334 0.760525 0.889499 1.35622 102771 0 -1.63915 0.320823 1
-4.65437 49.7245 1.99026 1.99376 4.53578 1.60336 182271 0 -1.56959 0.31884 0
19.3078 31.8287 1.41482 2.16474 4.94333 1.54811 156138 0 1.61742 0.317847 0
-34.7351 33.7439 0.756437 2.00393 4.60189 1.58958 158777 0 1.69737 0.315038 0
33.4391 54.1943 1.83424 1.9447 4.33811 1.52052 188942 0 -1.61475 0.313278 0
-39.1155 19.4725 -0.0366246 1.72421 4.10353 1.51536 137703 0 1.84909 0.310989 0
-4.94416 49.4822 1.99738 2.01574 4.60477 1.61704 181802 0 -1.54397 0.309067 0
-31.5708 41.8115 1.10488 1.7764 3.90188 1.53583 170487 0 1.92444 0.307979 0
-51.6078 -5.00214 -0.583791 2.17193 4.88447 1.67766 102096 0 -1.60335 0.307465 0
30.5871 18.9344 1.12401 1.88591 4.48227 1.47515 137453 0 -1.52738 0.30719 0
36.9179 21.1762 1.43858 2.10774 4.83816 1.61265 140749 0 1.61605 0.304232 0
53.2594 49.4325 2.14949 2.04922 4.60231 1.68505 181984 0 -1.59431 0.301859 0
-5.27024 68.293 2.58463 2.10164 4.87521 1.64137 209413 0 -1.35769 0.300645 0
29.3997 -5.97936 0.632613 0.67378 0.767237 1.21716 100945 0 -1.48156 0.298704 1
39.2059 35.3472 1.61215 1.99671 4.48243 1.58082 161348 0 -1.65379 0.298331 0
2.04045 52.6879 1.89086 1.88673 4.19298 1.5242 186504 0 -1.58024 0.297213 0
15.2005 73.4948 2.38868 2.0471 4.60961 1.73759 216965 0 -1.51506 0.29647 0
54.2223 7.93137 0.992093 1.94783 4.53667 1.56188 121147 0 1.70662 0.292995 0
41.3104 28.6742 1.56461 0.83989 0.838826 1.70617 151527 0 -2.59381 0.292966 1
37.6037 35.6414 1.38959 2.02219 4.77709 1.49307 161811 0 1.65431 0.292185 0
17.4798 28.3882 1.39967 2.01679 4.63584 1.47305 150984 0 1.61334 0.292027 0
15.1792 74.0518 2.48514 2.07768 4.59525 1.78158 217901 0 -1.66291 0.290902 0
14.202 -4.3339 0.819651 0.831587 0.967994 1.76843 103238 0 -1.59769 0.290881 1
21.2793 67.0259 2.24146 2.06776 4.69042 1.70174 207624 0 1.64395 0.289605 0
-48.5589 4.53716 -0.489768 1.79462 3.8345 1.52341 116146 0 -1.25602 0.288801 0
15.2636 55.0021 2.06747 1.91669 4.27862 1.64728 189821 0 -1.41895 0.288211 0
37.6114 35.0291 1.43885 1.7311 3.5269 1.55783 160875 0 1.71021 0.287771 0
-57.6952 21.3357 0.177129 2.06442 4.71086 1.62411 140453 0 -1.1256 0.286851 0
54.5137 11.5941 1.23916 2.11708 4.84846 1.61668 126764 0 1.54209 0.286242 0
-3.94759 64.5123 2.43444 2.02484 4.49386 1.65772 203801 0 -1.33225 0.285991 0
-25.4484 22.5049 0.58826 2.07998 4.64196 1.53152 142426 0 1.51592 0.282375 0
18.3743 28.8929 1.40896 2.05578 4.8003 1.49359 151923 0 1.60076 0.281383 0
24.4237 16.7565 1.09499 1.98933 4.45857 1.48632 134158 0 -1.59274 0.280976 0
1.50034 55.5213 2.43154 2.45049 6.09979 2.09612 190714 0 -1.1339 0.280687 0
-25.1168 22.4819 0.584727 2.05347 4.5379 1.53664 142427 0 -1.36966 0.280017 0
54.7971 11.3147 1.25764 2.19337 5.29988 1.67893 126297 0 1.58755 0.279996 0
-68.7011 4.98382 -0.543693 1.68528 3.47257 1.57817 116551 0 1.84374 0.279064 0
49.7602 19.3685 1.55841 2.05025 4.60118 1.61792 137981 0 -1.42139 0.278928 0
-27.0754 18.0187 0.58008 2.11653 4.77612 1.80963 135869 0 1.78728 0.278789 0
-44.9352 58.6594 0.994185 2.48235 5.98531 2.04047 195249 0 -1.29445 0.27845 0
-24.1924 22.5427 0.559249 1.98203 4.34156 1.5591 142430 0 -1.40089 0.277567 0
-45.9808 14.5934 -0.225852 1.89623 4.17251 1.582 130662 0 -1.20155 0.277305 0
-34.4095 33.4669 0.759051 1.98577 4.55882 1.57962 158310 0 1.50912 0.277218 0
55.1914 15.2242 1.04232 1.95792 4.42733 1.53689 131914 0 1.59564 0.275861 0
-26.7677 17.4602 0.552544 2.1017 4.85588 1.78315 134934 0 1.73898 0.274478 0
52.9761 49.7357 2.11208 1.95617 4.37336 1.60796 182451 0 -1.63383 0.27342 0
-33.0403 5.27324 -0.196684 0.813243 0.799938 1.58539 117130 0 -1.47808 0.273192 1
32.7989 53.9923 1.77117 1.89415 4.3588 1.46259 188472 0 -1.57075 0.272929 0
7.61449 -5.61356 0.823822 0.850903 1.67718 1.75928 101345 0 -1.58299 0.272546 1
32.4382 45.2349 1.976 2.02314 4.56612 1.57497 175835 0 -1.60144 0.27149 0
68.0396 -9.06904 0.672522 1.86336 4.1903 1.46314 96386 0 -1.45212 0.269742 0
-49.8377 -4.96344 -0.668457 2.10864 4.38441 1.69537 102102 0 -1.57423 0.269168 0
-35.3536 34.0469 0.771502 2.00251 4.49236 1.5567 159243 0 2.01129 0.269077 0
-5.8774 44.0749 1.95179 2.11984 4.85713 1.77523 173843 0 -1.56793 0.268498 0
-47.5799 6.92287 -0.348849 1.91129 4.16325 1.5992 119425 0 -1.24428 0.268252 0
38.227 44.6487 2.08008 1.95384 4.44315 1.53743 174917 0 1.58446 0.267152 0
29.5735 -6.8092 0.729009 0.731455 0.847619 1.39918 99542 0 -1.57517 0.267057 1
32.8024 56.5619 1.85383 1.96032 4.47994 1.52135 192216 0 -1.64396 0.265621 0
50.7384 37.916 1.89459 1.87695 4.27817 1.49517 165128 0 -1.56342 0.265509 0
-34.6879 33.5013 0.74669 1.98502 4.57014 1.56708 158309 0 1.17429 0.265424 0
51.0527 37.6386 1.9174 1.85545 4.15975 1.51324 164661 0 -1.56758 0.264644 0
46.5551 -27.9629 0.0883854 2.06021 4.52646 1.80472 68707 0 -1.39037 0.264166 0
52.9803 49.143 2.10665 1.9437 4.32744 1.60589 181515 0 -1.5138 0.263575 0
14.0355 -3.78773 0.830637 0.833368 0.97337 1.80733 104173 0 -2.2716 0.262918 1
11.1567 26.0942 1.33219 1.71469 3.69104 1.47229 147688 0 -1.52893 0.261916 0
30.6311 21.8212 1.18788 1.99554 4.56836 1.43581 141665 0 -1.51772 0.260566 0
14.5958 -6.72652 0.719221 0.931866 1.21958 1.82375 99495 0 1.72513 0.259424 1
-5.58965 59.0219 2.18166 2.02268 4.63162 1.66043 195840 0 1.59763 0.258628 0
-53.7059 48.0722 0.549492 2.0863 4.51104 1.58639 179778 0 -0.93575 0.258218 0
29.9208 -6.52702 0.659951 0.748681 0.804809 1.28068 100011 0 -1.58686 0.2561 1
0.856735 43.1226 1.70222 2.08321 4.7261 1.57481 172460 0 1.44019 0.25604 0
37.5892 44.387 1.91645 1.90605 4.49071 1.4916 174447 0 1.59047 0.255332 0
60.6272 18.6975 1.62975 2.30274 5.21943 1.78045 137079 0 -1.55921 0.254493 0
13.9385 73.7808 1.98653 2.02184 4.66042 1.56879 217429 0 -1.53701 0.252758 0
1.82146 55.2896 2.33206 2.34868 5.8228 2.0191 190247 0 1.51441 0.252294 0
30.1626 -6.48345 0.627418 0.67859 0.708093 1.17875 100012 0 0.532012 0.250269 1
18.7545 40.581 1.79009 2.01395 4.73811 1.50801 168772 0 1.62293 0.249465 0
13.2174 -9.51324 0.487874 0.786855 0.892857 1.54656 95747 0 -2.71218 0.248341 1
38.5706 35.6495 1.5276 1.93287 4.39577 1.5004 161814 0 1.6399 0.248288 0
-61.9489 11.448 -0.44107 1.63071 3.51616 1.45357 125932 0 -2.74732 0.248129 0
-67.9416 11.3149 -0.563285 2.17297 4.9514 1.60887 125913 0 -1.16156 0.247683 0
-57.159 21.8906 0.150466 1.99231 4.5155 1.58059 141391 0 -1.15763 0.24741 0
19.6804 41.0183 1.9548 1.9582 4.33748 1.49876 169711 0 1.60751 0.24609 0
-32.9023 5.34086 -0.197937 0.893842 0.854137 1.67888 117131 0 -1.45125 0.245882 1
-63.2588 6.85457 -0.501467 1.96264 4.21266 1.71333 119376 0 -1.22361 0.245463 0
42.0657 56.8289 2.38855 2.00066 4.47127 1.67629 192713 0 2.61108 0.245082 0
11.7027 -7.68925 0.742081 0.912473 1.00971 1.67433 98082 0 -0.832827 0.24508 1
23.8245 17.7456 1.14651 2.00088 4.24893 1.48666 135560 0 -3.12958 0.244836 0
30.0304 -5.68851 0.75224 0.814184 0.892137 1.55704 101415 0 0.423126 0.244193 1
45.9431 -33.4461 -0.336972 1.9312 4.36035 1.52463 60749 0 -1.46772 0.24369 0
18.7633 41.0219 1.86383 2.03713 4.73192 1.4921 169708 0 1.62646 0.242875 0
51.0589 38.1904 1.88075 1.89698 4.18708 1.51923 165597 0 -1.61313 0.242833 0
-35.9904 34.0927 0.786412 1.99262 4.39792 1.56421 159241 0 1.97991 0.242457 0
15.4171 64.7221 2.03549 2.28977 5.29448 1.75621 204330 0 -1.48159 0.241764 0
55.5445 34.3467 1.76924 2.03819 4.63753 1.63096 159995 0 1.61445 0.24151 0
31.2373 45.204 1.97654 2.02782 4.70787 1.55698 175831 0 -1.59079 0.241327 0
54.9045 15.4937 1.02574 1.93657 4.38879 1.52645 132381 0 1.61984 0.240973 0
15.1699 74.3916 2.68979 2.11187 4.98326 1.8693 218369 0 -1.7675 0.240228 0
12.8955 29.5007 1.3985 2.0267 4.78535 1.51262 152842 0 -1.52922 0.239664 0
-5.91498 29.2212 1.52473 2.12405 4.87133 1.57211 152315 0 -1.47196 0.239043 0
9.23534 -3.82892 0.835417 0.854699 0.841722 1.77191 104158 0 -2.44128 0.238526 1
27.2356 7.20726 1.01154 0.792045 0.937211 1.61231 120127 0 0.160444 0.238393 1
1.20299 52.6597 2.0256 2.12002 5.00588 1.73813 186501 0 1.55906 0.238174 0
14.5734 -4.36758 0.770035 0.756991 0.936031 1.43568 103239 0 -1.63959 0.2379 1
2.99438 55.3038 2.19756 1.93919 4.34285 1.73403 190251 0 1.58277 0.237681 0
39.5117 35.0582 1.67267 2.06422 4.6528 1.62323 160881 0 -1.52868 0.236795 0
61.3295 25.0807 1.68732 2.15817 4.93716 1.69954 146441 0 -3.06153 0.236511 0
32.1504 44.6964 1.84623 1.89931 4.26746 1.52703 174898 0 -1.57354 0.235846 0
45.9162 -30.5808 -0.236738 1.95754 4.37737 1.59824 64961 0 -1.36827 0.234531 0
19.9874 40.5757 1.93487 1.88547 4.16478 1.4555 168776 0 1.63663 0.234474 0
1.8138 55.7436 2.37983 2.47373 6.07058 2.07596 191183 0 1.58539 0.232311 0
-54.4672 47.8641 0.568509 2.29285 5.544 1.82026 179307 0 -1.21856 0.231736 0
49.1348 19.3627 1.51845 1.94967 4.34282 1.5354 137979 0 -1.41893 0.231615 0
55.1864 14.5601 1.05303 1.99205 4.56429 1.5504 130978 0 1.54952 0.231062 0
40.9316 28.6913 1.54879 0.878439 0.901888 1.72379 151525 0 -2.41653 0.23089 1
8.02531 -5.50072 0.826389 0.957199 0.985095 1.76779 101347 0 0.0651808 0.230156 1
-3.69432 64.2157 2.45186 1.96754 4.37248 1.63289 203334 0 -0.974163 0.229981 0
55.1697 29.0011 1.72948 2.08318 4.69152 1.77114 152038 0 -1.62812 0.229899 0
-41.653 11.9516 -0.234521 2.09857 4.94536 1.64148 126931 0 1.89033 0.229664 0
-46.8781 56.3891 0.624743 2.30773 5.25643 1.70573 191967 0 -1.29397 0.229508 0
2.38676 52.9344 1.89501 1.88946 4.20761 1.50998 186973 0 1.61268 0.22943 0
49.4633 19.6591 1.53884 1.93793 4.33451 1.55995 138448 0 -1.46059 0.229416 0
42.3767 57.1077 2.46059 2.06793 4.66089 1.70755 193182 0 2.80258 0.228509 0
14.9826 55.4138 2.15936 1.90312 4.08167 1.65904 190756 0 -1.51302 0.228301 0
-4.01719 49.4771 1.986 2.01259 4.62369 1.63511 181805 0 -1.49815 0.228 0
12.0822 29.0297 1.41844 1.80486 4.08881 1.47898 151903 0 -1.5041 0.227462 0
-27.7051 18.3242 0.586121 2.07833 4.61035 1.8504 136335 0 1.82715 0.226793 0
31.2569 39.0941 1.84622 2.08139 4.70764 1.54613 166939 0 -1.53541 0.226731 0
-47.1339 14.8654 -0.150531 2.17038 4.79333 1.69102 131126 0 -1.2103 0.226576 0
-0.50251 19.1026 1.37232 0.795519 0.897036 1.67623 137356 0 1.78781 0.226408 1
8.04181 -5.3624 0.808292 0.90208 0.898164 1.74582 101815 0 1.13723 0.225874 1
49.4548 19.0783 1.54561 1.99061 4.4698 1.57463 137512 0 -1.31414 0.225591 0
-45.8549 17.5395 -0.102919 2.09366 4.72068 1.67584 134874 0 -1.24098 0.224932 0
51.4087 46.3094 1.90911 1.80671 4.02305 1.44483 177298 0 -1.45126 0.224561 0
23.59 17.0579 1.14789 2.0778 4.59334 1.49876 134623 0 1.71576 0.224525 0
-61.6895 11.6688 -0.477372 1.64542 3.51743 1.45995 126401 0 -1.17151 0.223559 0
-0.135269 25.8894 1.3188 2.00908 4.60214 1.49887 147185 0 1.56013 0.223158 0
20.9858 66.7675 2.26622 2.04225 4.58856 1.6907 207155 0 1.60254 0.222115 0
11.7411 -7.34476 0.77788 0.906724 0.945884 1.70046 99018 0 -1.13228 0.22205 1
-21.2765 29.7313 0.805381 2.05692 4.48597 1.50127 152735 0 -1.26842 0.221483 0
30.919 38.9103 1.77692 1.9552 4.47851 1.53421 166470 0 1.43335 0.221221 0
37.3772 34.7564 1.48816 0.870558 1.10291 1.62072 160406 0 1.47419 0.221129 1
29.0575 -6.37758 0.751723 0.831147 0.916254 1.56301 100476 0 -1.49261 0.220078 1
-62.5084 11.4499 -0.409049 1.99591 4.48879 1.59909 125930 0 1.91307 0.219917 0
29.3295 -6.77754 0.779247 0.823739 1.00874 1.56161 99541 0 -1.63181 0.219794 1
38.5674 35.0823 1.52064 2.04742 4.715 1.56969 160878 0 1.63909 0.219601 0
33.7247 57.0435 1.85772 2.06915 4.58303 1.6668 193155 0 -1.64173 0.218203 0
41.4246 56.1843 2.27552 2.01125 4.41552 1.67191 191775 0 1.94049 0.218173 0
51.952 37.6447 1.87977 2.0861 4.73327 1.68364 164664 0 -1.56169 0.217991 0
0.377113 26.1698 1.23242 1.77205 3.95419 1.38345 147655 0 1.5962 0.217618 0
-22.5801 -9.3877 1.09845 0.759592 0.814995 1.75091 95635 0 1.70261 0.217474 1
-46.5712 15.1124 -0.176431 2.09884 4.58112 1.66846 131596 0 -1.20956 0.217416 0
41.7387 56.5062 2.3419 1.98014 4.40359 1.6622 192244 0 2.26994 0.217133 0
54.8892 14.2696 1.03022 2.02581 4.6112 1.56471 130509 0 1.57935 0.216486 0
50.3991 38.2108 1.84729 1.88611 4.19677 1.48533 165595 0 -1.54317 0.216042 0
-0.83194 19.7675 1.28785 2.00134 4.60558 1.60606 138291 0 1.67725 0.215916 0
-26.0556 22.5777 0.592082 2.07557 4.55986 1.53083 142424 0 1.74693 0.215745 0
32.4197 39.106 1.85612 2.1041 4.72652 1.60943 166943 0 -1.52563 0.215608 0
-44.5952 20.1283 -0.0793954 2.1155 4.67764 1.61994 138622 0 -1.30416 0.215264 0
32.5405 57.0124 1.90909 2.05427 4.74211 1.55673 193151 0 -1.58248 0.215105 0
-64.74 7.16276 -0.451164 2.24957 5.13893 1.80989 119839 0 -1.30629 0.213208 0
69.1902 2.62051 0.847669 0.810472 0.895833 1.7009 113706 0 -1.47034 0.212942 1
-34.9996 33.5035 0.729255 1.9489 4.41038 1.56004 158308 0 1.71613 0.212611 0
13.0311 46.67 1.68701 1.76233 3.95719 1.44847 177646 0 -1.47226 0.211643 0
-5.86896 41.0104 1.79046 2.09879 4.68075 1.50869 169631 0 -1.57089 0.211528 0
14.0487 -4.84669 0.754625 0.798458 0.880372 1.58785 102301 0 -1.47093 0.211316 1
-6.88113 36.6573 1.7977 2.18177 5.01024 1.64775 163076 0 -1.48902 0.210468 0
31.7918 21.8504 1.23996 2.03841 4.61869 1.51159 141669 0 -1.52764 0.21023 0
52.2498 46.5754 1.94424 2.32671 5.56588 1.86137 177769 0 -1.52057 0.209865 0
33.4028 56.5722 1.88755 1.87252 4.16684 1.52588 192218 0 -1.52597 0.209787 0
-0.544716 20.2166 1.3182 2.09689 4.78349 1.64078 139228 0 1.68266 0.209731 0
32.7535 35.762 1.68148 2.27855 5.62566 1.89734 161796 0 -1.51273 0.209475 0
54.8903 14.8866 1.01897 2.01152 4.58353 1.53465 131445 0 1.55771 0.209456 0
-46.9708 12.5431 -0.359286 1.96911 4.30167 1.60607 127851 0 -1.2156 0.209351 0
-29.8733 9.6815 -0.0571504 2.07901 4.50583 1.58496 123692 0 1.8579 0.208688 0
1.3429 43.4045 1.65207 1.81373 4.03242 1.47372 172930 0 1.51048 0.208645 0
7.5155 -5.84913 0.760955 0.835833 1.47211 1.59368 100877 0 -1.53643 0.208614 1
-41.1727 12.2007 -0.227372 1.94842 4.36094 1.53364 127401 0 1.91242 0.208432 0
0.68618 28.9638 1.36761 1.69845 3.66879 1.44915 151868 0 1.63348 0.208304 0
14.1301 -3.07237 0.781298 0.790043 0.933541 1.6638 105110 0 -1.38073 0.20782 1
31.5731 38.6735 1.82814 1.84532 4.13653 1.54644 166004 0 -1.52382 0.207188 0
-42.5393 5.8538 -0.292274 1.66379 3.54581 1.44979 118037 0 1.85558 0.206324 0
-49.1308 4.83529 -0.407205 2.1985 4.98265 1.74053 116612 0 -1.23743 0.206093 0
68.1134 -5.15013 0.799942 1.87815 3.92862 1.51691 102002 0 -1.40235 0.205994 0
31.4862 18.5107 1.15405 1.82422 4.15492 1.48524 136520 0 -1.50157 0.205661 0
20.6586 67.3241 2.26599 1.97165 4.43597 1.65273 208090 0 1.73826 0.20534 0
-4.00139 65.0446 2.42954 2.15122 4.71962 1.69219 204737 0 -1.51249 0.204978 0
53.5427 49.1506 2.17252 2.19469 4.95721 1.80707 181517 0 -1.53621 0.204283 0
-27.6542 17.5244 0.544469 2.11884 4.67482 1.84006 134931 0 1.77191 0.203573 0
14.6461 67.444 2.2208 1.85407 3.95214 1.73058 208071 0 -1.50154 0.203544 0
14.1407 -3.29713 0.849181 0.832751 0.975238 1.72992 104642 0 0.981956 0.203247 1
-62.2676 12.2017 -0.41305 2.15145 4.78015 1.64489 127335 0 1.93995 0.203058 0
-4.63176 64.8196 2.40715 2.14613 4.90543 1.75118 204267 0 1.60083 0.202194 0
-4.65408 68.0623 2.53664 1.89014 4.33228 1.60723 208947 0 -1.42463 0.202139 0
36.3902 30.2292 1.70946 2.19963 5.0021 1.82821 153851 0 -1.45847 0.201567 0
-51.0391 -4.76218 -0.619563 2.16097 4.73636 1.6486 102566 0 -1.55962 0.201436 0
60.0154 18.685 1.51527 2.10391 4.68446 1.70464 137077 0 -2.05427 0.199679 0
67.7435 -8.81396 0.711748 1.64432 3.55324 1.40369 96853 0 -1.50123 0.199124 0
51.6738 47.1202 1.98848 2.22852 5.00129 1.7259 178703 0 -1.45187 0.198338 0
-36.6002 34.1055 0.858481 2.06963 4.59907 1.63555 159239 0 1.98699 0.198299 0
1.47744 53.1842 1.99138 2.03235 4.68444 1.66029 187438 0 1.57744 0.198145 0
39.5191 53.5998 1.87123 1.98717 4.51719 1.62212 188025 0 1.96352 0.197728 0
-32.9159 5.00976 -0.275894 0.730203 0.688381 1.42061 116663 0 -1.55007 0.197669 1
48.4949 19.3673 1.38334 1.97665 4.43082 1.50385 137977 0 -1.53817 0.197466 0
15.1856 61.2925 1.85057 2.08834 4.71481 1.56709 199181 0 -1.45045 0.197423 0
53.5485 49.7242 2.23865 2.2543 5.18873 1.84644 182453 0 -1.62049 0.196934 0
1.09721 70.5484 3.24586 2.56516 6.20822 2.25015 212709 0 0.444315 0.196771 0
37.91 35.9587 1.4564 1.95953 4.47694 1.48175 162280 0 1.66206 0.196562 0
1.72312 52.4019 1.87555 1.9313 4.38012 1.58634 186035 0 1.57787 0.196452 0
-45.03 17.7653 -0.141852 2.07224 4.6358 1.68612 135345 0 -1.23217 0.196211 0
-34.1312 29.9455 0.458047 2.00182 4.4593 1.44951 153163 0 -1.21019 0.196148 0
14.3521 -6.58069 0.704435 0.890191 1.88647 1.84339 99962 0 1.74347 0.196009 2
-67.1227 11.304 -0.640839 1.82327 4.01274 1.47289 125916 0 -1.16026 0.195363 0
9.16433 -4.1978 0.784996 0.831267 0.833765 1.69219 103222 0 -0.337569 0.195213 1
46.8341 -27.7332 0.123031 2.25352 5.14193 1.91267 69176 0 -1.44927 0.195208 0
42.957 54.9538 2.23567 0.846539 0.903888 1.73415 189908 0 1.79108 0.194666 1
-40.4966 32.8044 0.626449 1.99681 4.525 1.55199 157355 0 -2.60562 0.194634 0
-3.71277 49.7237 2.01232 2.01594 4.57487 1.65248 182274 0 -1.53294 0.194137 0
1.08743 70.2522 3.19319 2.49406 5.86444 2.15724 212241 0 3.04996 0.194032 0
22.2146 67.0196 2.27856 2.05648 4.63478 1.66635 207627 0 1.64305 0.194011 0
15.779 73.7558 2.69875 2.33292 5.47288 2.02229 217435 0 -1.57047 0.193555 0
51.9462 38.1897 1.88509 2.11479 4.81669 1.70636 165600 0 -1.61674 0.193314 0
39.5053 35.6352 1.64622 2.1035 4.8041 1.65398 161817 0 -1.61557 0.191622 0
-35.3348 30.5195 0.414496 1.94352 4.4318 1.49305 154095 0 1.27341 0.191525 0
51.1207 46.5583 1.96107 1.75987 3.8127 1.44571 177765 0 -1.50373 0.191393 0
-0.517639 19.3039 1.34801 1.00571 1.41357 1.65823 137824 0 1.69303 0.191131 1
14.8778 74.7184 2.39707 2.06052 4.73299 1.70489 218836 0 -1.79789 0.19083 0
70.2341 11.361 1.30817 2.02311 4.53146 1.6292 126345 0 -1.10935 0.190818 0
15.2029 67.1413 2.16484 1.98547 4.3907 1.7829 207605 0 -1.39529 0.190721 0
37.567 32.833 1.80325 0.845341 0.88481 1.73154 157599 0 -1.50433 0.190534 1
13.2278 -9.68307 0.451429 0.778337 0.922524 1.55705 95279 0 -1.78949 0.190411 1
19.645 46.7933 2.11226 2.15665 4.84982 1.69175 178135 0 1.5623 0.18982 0
20.9194 37.278 1.83995 0.805702 0.79176 1.62658 164099 0 1.52946 0.189568 1
42.9544 55.1277 2.25555 0.853544 0.928045 1.7472 190376 0 1.52337 0.189358 1
49.7752 19.9617 1.52721 2.01659 4.51812 1.61066 138917 0 -1.54596 0.189279 0
17.8085 -11.1068 0.84646 1.9614 4.13123 1.71187 93421 0 0.142858 0.189224 0
47.7651 19.9747 1.30038 0.778205 0.782937 1.5821 138911 0 -1.55378 0.189073 1
36.8657 15.4419 1.1816 2.2077 5.48799 1.66269 132325 0 1.62552 0.188761 0
46.2021 -33.1732 -0.29413 2.02178 4.54054 1.58213 61218 0 -1.55353 0.188754 0
-4.63764 49.1914 1.99256 1.97339 4.47882 1.57449 181335 0 -1.4996 0.18843 0
54.0156 11.1339 1.10549 1.67878 3.76549 1.41303 125826 0 1.66967 0.18827 0
31.5506 53.9978 1.74853 1.95929 4.53422 1.47399 188468 0 -1.64792 0.188205 0
32.1534 44.0047 1.78564 1.91888 4.41098 1.52651 173962 0 -1.56966 0.188138 0
48.8069 19.6578 1.43449 1.97894 4.47484 1.52643 138446 0 -1.38893 0.187775 0
54.0061 11.5736 1.15059 1.75224 3.86724 1.44154 126762 0 1.58819 0.187622 0
-24.4652 22.8197 0.577201 2.00843 4.40752 1.56144 142897 0 -1.51644 0.187324 0
39.7876 35.3475 1.68569 2.18853 5.0097 1.7169 161350 0 -1.49471 0.186963 0
7.76433 -5.80699 0.797845 0.920349 1.22963 1.658 100878 0 -1.53093 0.186957 1
-38.2236 22.0255 0.339167 1.92906 4.20485 1.77295 141450 0 1.78082 0.186954 0
19.6331 46.3427 2.08289 2.09424 4.68741 1.66896 177199 0 1.58053 0.186724 0
1.1808 55.5242 2.5352 2.51015 6.24919 2.18229 190713 0 -1.57828 0.186626 0
-47.1712 51.6794 0.794607 2.1156 4.84109 1.64863 184946 0 -1.33104 0.186399 0
21.8962 66.7784 2.21396 2.02537 4.61792 1.67636 207158 0 1.59961 0.186397 0
14.2554 73.5168 2.07095 1.98647 4.49717 1.60035 216962 0 -1.52661 0.186131 0
0.70639 31.6008 1.755 1.89432 4.07003 1.81886 155612 0 1.64822 0.186016 0
42.811 54.9678 2.25251 0.823819 0.881136 1.7244 189907 0 1.95662 0.185195 1
-40.4893 32.4837 0.633784 2.0234 4.60154 1.56034 156887 0 -0.51693 0.184615 0
-34.4506 30.4895 0.424482 1.97607 4.45021 1.46651 154098 0 -1.44765 0.184607 0
-67.6685 11.6051 -0.617777 2.08065 4.72844 1.56544 126382 0 -1.14699 0.184603 0
27.0514 7.39408 0.943764 0.676341 0.923514 1.43894 120594 0 0.127892 0.18459 1
53.2554 48.8466 2.14097 2.08073 4.62411 1.70246 181048 0 -1.41144 0.184347 0
37.5998 44.8633 2.04513 2.04584 4.61167 1.54478 175383 0 1.56775 0.183063 0
53.6464 29.1772 1.62302 1.98827 4.54028 1.54018 152501 0 2.11645 0.182956 0
52.3532 49.4301 2.05636 1.89344 4.21146 1.58163 181981 0 -1.55641 0.182761 0
55.8056 15.4967 1.13018 1.96876 4.43513 1.56098 132384 0 1.61762 0.182175 0
-5.91192 31.6322 1.68691 2.03772 4.75372 1.5334 155591 0 -1.49253 0.181532 0
20.9684 52.6292 2.48743 2.28444 5.22665 1.99713 186563 0 1.55652 0.18141 0
-6.22083 22.9247 1.35725 1.98648 4.64721 1.51084 142954 0 -1.54384 0.181292 0
-46.6302 12.0268 -0.396665 1.82954 3.98898 1.58274 126916 0 -1.20972 0.18074 0
4.44896 40.058 1.81946 0.866747 0.78735 1.77444 168259 0 0.0542156 0.180667 1
-46.5629 52.6505 0.72853 1.95882 4.40128 1.52906 186352 0 -1.19032 0.180143 0
-41.8284 9.68549 -0.269659 1.91436 4.2454 1.48214 123655 0 1.85972 0.17988 0
-3.08313 64.5348 2.39105 2.05672 4.6327 1.68243 203804 0 -1.44346 0.178988 0
-16.0982 36.0589 1.12786 0.702963 0.666563 1.6661 162111 0 -0.479492 0.178988 1
-35.3063 30.2994 0.435376 1.93237 4.42237 1.48917 153627 0 0.947894 0.177851 0
42.8035 55.1259 2.26417 0.850272 0.908185 1.72065 190375 0 1.74638 0.177499 1
53.2429 50.0264 2.20873 2.15082 4.89197 1.75267 182920 0 -1.67509 0.17728 0
13.063 -9.50789 0.487986 0.776228 0.890986 1.49645 95746 0 -3.02091 0.176378 1
12.4225 32.2372 1.48519 1.69543 3.65905 1.39535 156584 0 -1.50661 0.17637 0
12.3538 28.7422 1.41011 1.81953 4.18875 1.48784 151436 0 -1.47152 0.175993 0
54.8886 26.0687 1.51648 1.94353 4.30738 1.56213 147825 0 -1.75331 0.175636 0
-34.0886 33.1788 0.778973 2.01012 4.53611 1.53339 157843 0 1.84495 0.175573 0
20.3593 67.0451 2.28539 1.96757 4.44071 1.65208 207621 0 1.66453 0.17536 0
13.9952 -4.31644 0.776078 0.805048 0.907274 1.76708 103237 0 -1.5929 0.175014 1
-20.7185 29.8627 0.792724 2.07626 4.44057 1.45642 153205 0 -1.22925 0.174919 0
-46.9031 51.9862 0.772406 1.96363 4.4258 1.54817 185415 0 -1.30978 0.174335 0
0.863739 70.5497 3.20173 2.50374 6.087 2.19817 212708 0 0.886208 0.174056 0
32.1548 44.3508 1.80105 1.93418 4.42595 1.52381 174430 0 -1.56087 0.173916 0
42.6971 56.8384 2.50827 1.94298 4.31078 1.66609 192715 0 2.8638 0.173886 0
31.4908 21.4049 1.18599 1.84146 4.21484 1.41827 140732 0 -1.47732 0.173786 0
12.9857 73.7595 2.07489 1.99468 4.58611 1.56664 217426 0 -1.63089 0.173758 0
39.2166 34.7819 1.64529 2.00774 4.49694 1.5936 160412 0 -1.50576 0.173652 0
55.8186 14.8953 1.11467 1.98896 4.509 1.5858 131448 0 1.5913 0.173614 0
48.812 19.0905 1.48783 1.94588 4.30664 1.53393 137510 0 -1.4301 0.173446 0
30.9245 39.1019 1.81322 2.04275 4.62236 1.53843 166938 0 -1.19412 0.173143 0
30.4392 -5.90548 0.777027 0.96699 0.956024 1.59179 100949 0 1.12415 0.172983 1
-4.94353 50.0028 2.01789 2.07216 4.61406 1.63748 182738 0 -1.55185 0.17288 0
-34.138 33.6875 0.833946 2.06303 4.66504 1.6046 158779 0 1.85014 0.17243 0
18.3282 -11.1075 0.850019 1.93915 4.089 1.70273 93423 0 -0.0391857 0.172341 0
43.0184 57.1201 2.56678 2.03936 4.61051 1.69646 193184 0 3.09787 0.172323 0
-5.87826 68.3309 2.57489 1.94399 4.39762 1.6041 209411 0 -1.4394 0.172238 0
11.5962 19.1468 1.18674 2.10014 4.9955 1.59205 137394 0 -1.55534 0.17219 0
-44.0893 20.5174 -0.0487218 1.71166 3.67252 1.48159 139560 0 -1.29189 0.172024 0
-5.58655 49.7304 2.03551 2.11342 4.85774 1.74875 182268 0 -1.53821 0.171115 0
48.53 11.8801 1.15411 1.88118 4.21671 1.6367 127213 0 -1.49448 0.170927 0
69.9417 11.0429 1.29368 2.00836 4.4901 1.62708 125876 0 -0.965161 0.170761 0
41.1422 28.449 1.5525 0.874128 0.879984 1.71653 151058 0 -2.75009 0.170315 1
21.2719 58.4221 2.33333 2.08479 4.62819 1.79956 194988 0 1.57033 0.170184 0
68.5593 -8.52003 0.714109 2.18002 5.01659 1.63792 97324 0 -1.50371 0.170085 0
-46.5503 52.9435 0.714235 2.05941 4.64772 1.56566 186820 0 -1.39537 0.16939 0
39.5172 53.8881 1.91407 1.99932 4.48833 1.6234 188493 0 2.34373 0.169346 0
-27.1312 14.7528 0.395594 2.33107 5.79166 1.99393 131189 0 1.82781 0.169261 0
-36.0004 30.5791 0.516046 1.9547 4.39274 1.4682 154093 0 1.67498 0.169027 0
69.9284 11.9761 1.31779 1.93964 4.30777 1.57998 127280 0 -1.24991 0.168668 0
38.8871 35.9379 1.61523 1.97075 4.4648 1.53794 162283 0 1.6572 0.168642 0
1.35837 43.951 1.68504 1.88027 4.17257 1.47757 173866 0 1.61544 0.168607 0
53.3607 8.22932 0.987757 1.67067 3.79724 1.45269 121612 0 1.71274 0.168369 0
41.122 55.8839 2.26355 2.07432 4.61314 1.72497 191306 0 1.82661 0.168294 0
37.5744 21.0251 1.46133 1.9866 4.48011 1.62422 140283 0 1.63434 0.168225 0
14.9261 65.0095 2.02479 2.10385 4.69259 1.65853 204796 0 -1.5265 0.16814 0
