44.3103 -6.88461 1.48823 2.94219 7.76978 3.22961 99588 0 1.61945 0.965256 0
18.4215 11.7411 1.02354 2.16248 4.89198 1.54552 126651 0 1.64278 0.956436 0
-17.7395 -1.40693 0.427474 2.04777 4.67951 1.45884 107350 0 -2.15192 0.940285 0
10.6859 12.7394 1.18664 2.24562 5.2409 1.90502 128031 0 -1.56686 0.939815 0
-6.81988 11.3239 0.985413 1.99998 4.55535 1.48285 126104 0 -1.48736 0.937994 0
-1.98901 11.0681 1.16187 2.04838 4.5391 1.75691 125651 0 1.61976 0.913958 0
-0.860985 17.0956 1.36875 2.10357 4.78154 1.82953 134547 0 1.63115 0.913564 0
-20.604 32.7311 1.17946 2.38209 5.47574 1.80537 157417 0 -1.20159 0.894071 0
30.6163 15.9038 1.2332 1.9724 4.45725 1.70516 132773 0 -1.49313 0.889368 0
10.6846 15.8136 1.23412 2.21171 5.10689 1.86102 132711 0 -1.52103 0.887043 0
-19.0391 11.4755 0.811809 2.00163 4.60144 1.78614 126066 0 1.67557 0.886238 0
7.56974 38.2304 1.67148 2.07836 4.73737 1.56967 165461 0 0.0229103 0.880326 0
-6.55625 17.4644 1.08458 2.09005 4.85944 1.55449 134997 0 -1.51893 0.875463 0
-44.6476 -11.103 -0.774891 2.04909 4.46404 1.74384 93226 0 0.0183281 0.872224 0
13.2841 41.1407 1.8731 2.14267 4.96405 1.89675 169691 0 -1.52415 0.870094 0
-0.39257 22.9185 1.41858 2.18151 5.10663 1.85506 142972 0 -1.46671 0.866522 0
48.4161 8.50697 0.977326 2.03684 4.70469 1.59789 122065 0 -1.49175 0.860864 0
17.3716 22.839 1.46214 2.10479 4.97693 1.67149 143028 0 1.62563 0.858945 0
-18.7356 19.7265 0.958894 2.10113 4.6546 1.93211 138235 0 1.71842 0.855919 0
31.1938 30.9222 1.36113 2.14102 4.9428 1.52194 154771 0 1.58479 0.855171 0
-29.6452 6.62437 -0.0958568 2.07154 4.68638 1.55896 119013 0 -1.29159 0.854409 0
18.6328 15.4129 1.22311 2.24933 4.99797 1.69407 132268 0 1.6296 0.852657 0
36.0646 9.04864 1.04203 1.98124 4.55174 1.47742 122962 0 1.67688 0.849947 0
-42.7754 5.89464 -0.306489 1.76271 3.84847 1.44226 118036 0 1.85556 0.846487 0
-42.1273 -11.6557 -0.80222 1.99499 4.39515 1.63168 92298 0 0.0515401 0.844438 0
11.3728 19.4171 1.16594 1.96545 4.54757 1.50408 137861 0 -1.61279 0.837836 0
-18.4214 14.0104 0.821282 2.08078 4.68661 1.83328 129812 0 1.75883 0.836317 0
-6.5684 20.3006 1.18989 2.11193 4.92458 1.44814 139209 0 -1.52751 0.833495 0
30.9453 12.2938 1.07454 1.90604 4.28616 1.49067 127626 0 1.61162 0.829926 0
48.5654 5.69962 1.1205 2.10161 4.71602 1.83941 117853 0 -1.46725 0.825704 0
13.9035 38.1622 1.68625 2.11424 4.88802 1.66412 165481 0 -1.51999 0.82471 0
0.19178 31.7638 1.75362 2.2109 5.05123 1.88809 156078 0 1.66566 0.819387 0
17.7111 19.9741 1.19445 2.07197 4.86185 1.4931 138817 0 1.63682 0.814361 0
-19.6935 8.0312 0.686095 2.01893 4.54328 1.53842 121384 0 1.61885 0.80984 0
11.7341 22.3345 1.41433 1.91252 4.32157 1.69778 142074 0 -1.54843 0.809645 0
-36.5365 -11.6382 -0.695449 2.37476 5.33764 2.09337 92315 0 0.051263 0.803989 0
-1.18453 14.1648 1.1355 1.93101 4.30807 1.59152 130334 0 1.70774 0.800977 0
12.9651 32.3883 1.4332 2.10995 4.96958 1.49749 157054 0 -1.53305 0.800568 0
0.128036 29.0318 1.37711 1.98243 4.50926 1.57614 151866 0 1.6296 0.79853 0
17.4452 25.7561 1.57941 2.30009 5.46188 1.77869 147240 0 1.6122 0.794942 0
30.8314 9.36111 1.14906 2.00194 4.36966 1.68852 123414 0 -1.45471 0.788001 0
9.20859 -3.68479 0.840383 0.812712 0.853517 1.7377 104158 0 2.68774 0.787575 1
-0.141869 26.3583 1.28621 2.01358 4.65247 1.49204 148121 0 1.63355 0.786631 0
14.4361 -6.60394 0.756093 0.936369 0.979967 1.79521 99963 0 1.71227 0.778683 1
11.4155 26.1577 1.34876 1.89106 4.39921 1.50599 147689 0 -1.55136 0.776925 0
-6.24648 14.4778 1.02816 2.03591 4.75085 1.52183 130786 0 -1.48077 0.772863 0
-18.1005 22.861 0.822586 2.02889 4.57709 1.55613 142917 0 1.59936 0.7727 0
-32.6783 5.59834 -0.18769 0.857913 0.834117 1.65948 117599 0 -1.41219 0.770004 1
13.2938 46.9393 1.65949 1.93015 4.39969 1.49855 178115 0 -1.54264 0.769436 0
-21.3382 29.9714 0.85288 2.06882 4.59045 1.48142 153203 0 -1.2593 0.757922 0
-18.4718 16.8595 0.680331 1.82592 4.1054 1.50286 134024 0 1.70175 0.75705 0
31.1483 27.4702 1.32904 2.15059 5.10999 1.48678 149623 0 1.59628 0.757009 0
-27.6436 14.6725 0.350741 1.96683 4.60438 1.86655 130719 0 1.82321 0.756534 0
-5.89432 26.1306 1.56649 2.04921 4.68789 1.70282 147635 0 -1.51829 0.753911 0
69.2496 -5.18882 0.840153 2.1274 4.81438 1.56967 102006 0 -1.45399 0.753263 0
-41.1439 11.6885 -0.271584 1.77021 3.95938 1.46868 126465 0 1.8364 0.748899 0
14.8931 58.4384 1.93853 1.99914 4.57618 1.53983 194968 0 -1.42732 0.748667 0
30.4977 -5.9751 0.850835 0.92689 0.951642 1.60164 100949 0 -1.52033 0.73875 1
-49.4086 -4.96244 -0.657364 2.15023 4.6552 1.73386 102103 0 -1.5911 0.736968 0
-44.6007 20.3526 -0.0633138 2.08295 4.72403 1.5818 139090 0 -1.30068 0.73537 0
-49.1362 4.54411 -0.349737 2.16268 4.73347 1.75106 116144 0 -1.34954 0.735302 0
-53.9389 47.8493 0.669311 2.02307 4.5213 1.55132 179309 0 -1.18376 0.729912 0
26.9321 6.82462 1.08832 0.824882 0.895341 1.75439 119658 0 0.156399 0.729143 1
48.8152 11.6006 1.15459 2.00936 4.44306 1.71352 126746 0 -1.4841 0.721734 0
12.6141 29.2394 1.41062 1.97861 4.61166 1.46052 152373 0 -1.5487 0.714 0
13.3226 44.0126 1.70441 1.98502 4.44989 1.63338 173903 0 -1.54139 0.713914 0
15.2533 55.2729 2.16201 1.99426 4.43173 1.70846 190289 0 -1.48457 0.711921 0
36.3439 15.4211 1.19968 1.99323 4.59065 1.51344 132323 0 1.64786 0.710571 0
-61.5357 14.5891 -0.414462 2.09195 4.67513 1.68095 130613 0 -1.1535 0.710449 0
14.9121 64.7578 2.04823 2.03985 4.60667 1.56691 204328 0 -1.5374 0.699111 0
-46.2722 56.0954 0.744204 2.02069 4.51892 1.53901 191501 0 -1.26002 0.684634 0
36.3414 12.1064 1.23275 2.06114 4.74247 1.64849 127175 0 1.59679 0.677483 0
18.9985 37.928 1.8007 2.11288 4.77273 1.64052 165029 0 1.59894 0.676984 0
29.507 -6.54983 0.78593 0.90934 1.13846 1.67643 100010 0 -1.52922 0.676552 1
41.1466 29.0197 1.51225 0.828714 0.855418 1.72481 151994 0 -3.02612 0.67376 1
-56.2528 27.2765 0.135331 2.07002 4.53928 1.64297 149350 0 -1.13588 0.670308 0
-28.633 9.19795 -0.0127912 2.00995 4.5064 1.51329 122760 0 -1.37992 0.666575 0
31.8373 38.8956 1.82402 1.95379 4.41148 1.53577 166473 0 -1.51063 0.664271 0
11.7532 -7.71223 0.739813 0.863488 0.868305 1.64084 98082 0 -1.23824 0.662384 1
-63.8789 7.12061 -0.583821 2.01723 4.35749 1.61253 119842 0 -1.20707 0.66049 0
54.5375 11.3283 1.25353 2.08229 4.71362 1.6597 126296 0 1.60221 0.651442 0
31.1987 18.7382 1.13187 1.854 4.16761 1.48643 136987 0 -1.51746 0.650244 0
23.808 16.1762 1.0856 2.00216 4.50455 1.47812 133220 0 1.51451 0.649289 0
14.1562 -4.72412 0.749811 0.761859 0.87104 1.57545 102770 0 -1.51279 0.645577 1
31.5151 35.7851 1.64058 2.06712 4.81433 1.66024 161792 0 1.63629 0.644451 0
-5.30128 40.8139 1.69836 2.0185 4.53972 1.48131 169165 0 -1.55191 0.643774 0
-40.4582 14.5307 -0.102432 2.04456 4.54872 1.60812 130679 0 1.80917 0.634245 0
50.7172 34.9404 1.70751 2.03695 4.54315 1.50848 160916 0 -1.56072 0.632651 0
54.2049 5.50611 1.16706 2.08942 5.08533 1.87549 117871 0 1.62375 0.632062 0
-47.5291 9.69488 -0.0615241 2.24107 5.16364 1.90394 123637 0 -1.32957 0.630894 0
19.02 31.8007 1.45118 2.13929 4.93437 1.51981 156137 0 1.58793 0.627302 0
7.63448 -5.35226 0.802207 0.904799 0.943677 1.72032 101813 0 0.973941 0.623437 1
-38.8639 19.6491 0.0212159 1.98818 4.55798 1.53411 138172 0 1.82849 0.618802 0
-19.6744 35.4038 1.1529 2.06363 4.66979 1.50613 161164 0 -1.12973 0.61681 0
-46.5523 14.8944 -0.172952 1.93905 4.19643 1.57348 131128 0 -1.31115 0.615641 0
15.113 -4.35278 0.589097 0.577931 0.664066 0.800533 103241 0 -1.5895 0.614538 1
-5.30212 44.299 2.01819 2.05308 4.61549 1.72769 174313 0 -1.55885 0.613386 0
-40.125 17.1276 0.0912076 1.98512 4.34385 1.79706 134424 0 1.77459 0.602874 0
-5.93652 31.8596 1.69486 2.14955 4.91103 1.54864 156059 0 -1.53299 0.597886 0
7.57419 -5.53918 0.777038 0.922113 1.02163 1.63272 101345 0 0.756126 0.593588 1
2.40031 55.4723 2.27525 2.32122 5.29999 1.9629 190717 0 1.51522 0.591484 0
-48.1589 7.16908 -0.410637 2.03357 4.52129 1.60783 119891 0 -1.33896 0.58699 0
1.07086 43.667 1.64466 1.95085 4.39175 1.48462 173397 0 1.56095 0.57313 0
36.338 21.0336 1.39328 1.96891 4.46798 1.55957 140279 0 1.58614 0.572568 0
19.0394 40.8035 1.85848 2.03946 4.79634 1.49334 169241 0 1.60597 0.569865 0
31.1901 21.8353 1.17577 2.01617 4.59846 1.4664 141667 0 -1.56416 0.568397 0
15.189 67.7066 2.2487 2.07317 4.68193 1.78006 208541 0 -1.54754 0.564581 0
-47.1756 12.3353 -0.400176 1.98761 4.47599 1.60983 127382 0 -1.32374 0.562288 0
14.1551 -3.95578 0.991011 0.920825 1.05735 1.92918 103706 0 -1.52145 0.560396 1
14.9968 -4.36414 0.643673 0.622475 0.714804 0.918775 103240 0 -1.59956 0.555325 1
-0.822403 20.0685 1.30014 2.08473 4.83144 1.60965 138759 0 1.69375 0.55301 0
-44.3217 58.3572 1.20353 2.07481 4.50776 1.62209 194783 0 -1.3023 0.552111 0
18.0798 -11.3282 0.843959 2.09631 4.57633 1.73274 92954 0 0.0833349 0.55091 0
19.0367 46.5696 2.10687 2.02061 4.54156 1.60358 177665 0 1.55651 0.550532 0
-62.2617 11.7145 -0.449795 1.8716 4.21718 1.53432 126399 0 1.99794 0.544585 0
-4.62046 58.9652 2.24611 2.00238 4.57503 1.56812 195843 0 -1.54587 0.540199 0
-32.1502 42.1026 1.15682 1.94232 4.53874 1.6552 170953 0 1.9121 0.536789 0
-45.8802 17.8435 -0.0466128 2.04564 4.59864 1.63447 135342 0 -1.30788 0.529502 0
-22.5553 27.6651 0.761868 2.07017 4.67586 1.58006 149923 0 -1.29554 0.529264 0
-68.9679 5.321 -0.552468 1.88808 4.1511 1.6535 117018 0 1.98203 0.52609 0
-42.3922 9.411 -0.2326 2.10585 4.72156 1.60175 123185 0 1.81361 0.523812 0
17.7525 28.6774 1.38235 2.00643 4.64663 1.46008 151453 0 1.58836 0.515644 0
-44.2832 23.2058 0.223584 2.01295 4.47011 1.64828 143303 0 -1.25936 0.511001 0
-38.1963 22.3009 0.352377 1.9996 4.46873 1.82006 141918 0 1.82479 0.507084 0
31.8399 44.9944 1.86817 1.95092 4.41021 1.46799 175365 0 -1.55674 0.491043 0
-24.5277 22.2335 0.576195 2.04972 4.52886 1.60103 141961 0 -1.33645 0.490928 0
-19.0276 38.2815 0.852368 2.02242 4.56118 1.47017 165378 0 -1.20192 0.490171 0
-16.3747 -14.5729 0.37035 0.879542 0.964979 1.71603 88166 0 -1.02201 0.489913 1
37.2758 30.1941 1.72238 2.59579 6.04772 1.97182 153854 0 -1.52113 0.488523 0
33.1056 56.7909 1.8815 1.91961 4.29225 1.50776 192685 0 -1.53736 0.488411 0
23.8113 16.3848 1.10962 2.01039 4.57242 1.47942 133688 0 1.90367 0.480096 0
36.9417 26.9769 1.36499 2.08793 4.79868 1.54054 149173 0 1.68824 0.471525 0
2.1216 55.2745 2.25884 2.36298 5.692 2.00306 190248 0 2.07815 0.467052 0
41.1344 29.1532 1.54318 0.849228 0.865516 1.72792 152462 0 -3.013 0.460798 1
29.5835 -6.2791 0.739114 0.891997 1.02589 1.47362 100478 0 -1.5596 0.460677 1
37.6335 34.7413 1.53437 0.776764 0.930702 1.58872 160407 0 1.45734 0.459615 1
-27.6831 17.7542 0.534325 2.12887 4.71444 1.80633 135399 0 1.84098 0.452546 0
-16.2926 -14.5879 0.308217 0.885284 0.928496 1.69501 88167 0 -1.62061 0.451105 1
29.8738 -6.21623 0.756545 0.74734 0.869823 1.27903 100479 0 -1.65883 0.444506 1
-32.5134 39.1573 0.689233 1.97024 4.4638 1.49109 166740 0 1.93072 0.441287 0
4.57661 40.045 1.82257 0.899195 0.811248 1.73746 168260 0 -0.0855987 0.433052 1
1.75124 52.6286 1.849 1.96908 4.44698 1.58461 186503 0 -1.63072 0.42944 0
-6.53053 32.0573 1.7119 2.3503 5.49675 1.59076 156525 0 1.63416 0.418097 0
37.5899 44.6007 1.91314 1.96338 4.50295 1.50642 174915 0 1.61561 0.416735 0
49.4587 19.9943 1.43209 2.00138 4.45779 1.57773 138916 0 -1.49001 0.410459 0
30.4702 -6.13382 0.826143 0.902014 0.969564 1.55936 100481 0 -1.29916 0.408277 1
29.8809 -6.57825 0.750285 0.801252 0.967584 1.4549 100011 0 -1.58497 0.406882 1
30.6024 21.6818 1.14842 2.00746 4.60847 1.43821 141197 0 -1.54268 0.404274 0
23.799 15.932 1.07944 1.99591 4.46634 1.49518 132752 0 1.18392 0.398757 0
-5.29126 28.9949 1.37879 2.04677 4.67459 1.5211 151849 0 -1.46737 0.395178 0
53.9501 8.20883 0.959533 1.78818 4.14425 1.47284 121614 0 1.69312 0.39483 0
-4.3246 49.738 1.96591 2.03004 4.57524 1.63715 182272 0 -1.63227 0.380363 0
-3.36417 64.7566 2.3645 2.11165 4.76929 1.63698 204271 0 -1.47719 0.371766 0
-27.0618 17.482 0.561441 2.12877 4.84082 1.80438 134933 0 1.80752 0.370167 0
14.1615 -3.79569 0.936505 0.90866 1.04345 1.89979 104174 0 -1.541 0.369298 1
18.4553 31.6184 1.44496 2.00985 4.6389 1.51771 155667 0 1.56864 0.367333 0
29.8779 -5.98249 0.714753 0.721744 0.821816 1.18483 100947 0 -1.55921 0.365876 1
14.4587 -6.74635 0.748171 0.88672 0.95409 1.76022 99495 0 1.73812 0.359737 1
41.3164 28.9985 1.54132 0.812539 0.842016 1.70665 151995 0 -3.10248 0.358672 1
37.9134 35.335 1.51978 1.95742 4.67917 1.53611 161344 0 -2.96899 0.357932 0
19.984 40.8192 1.91926 1.90482 4.20711 1.46721 169244 0 1.58838 0.354652 0
7.72119 -5.47765 0.790913 0.868887 0.883568 1.67009 101346 0 0.875619 0.354186 1
68.6494 -9.09823 0.687674 1.81937 4.07739 1.4448 96388 0 -1.47575 0.354157 0
29.3495 -6.36209 0.769127 0.881619 0.972933 1.58915 100477 0 -1.4744 0.34886 1
37.6177 35.3451 1.48194 1.93741 4.66385 1.51776 161343 0 1.79225 0.345199 0
2.97474 55.2847 2.12806 1.95818 4.32853 1.75487 190251 0 1.49736 0.343894 0
-22.845 27.4174 0.770761 2.04516 4.6443 1.57229 149454 0 -1.30465 0.341801 0
-61.9985 11.9327 -0.490936 1.86675 4.0853 1.51737 126868 0 2.01169 0.340437 0
11.8552 -7.63074 0.74475 0.888881 0.930586 1.68433 98551 0 -1.23258 0.338944 1
-21.9525 27.3856 0.721057 2.05129 4.65004 1.57294 149457 0 -1.25952 0.336372 0
30.3114 -6.2158 0.813733 0.850615 0.950874 1.42785 100480 0 -1.60775 0.335758 1
-34.4126 33.409 0.767069 1.97581 4.43506 1.52405 158310 0 2.01727 0.335236 0
-5.6058 59.0171 2.21688 1.97392 4.53718 1.60142 195840 0 1.60959 0.335158 0
54.0338 11.3843 1.13821 1.72638 3.79545 1.48878 126294 0 1.62357 0.329096 0
36.9083 21.1866 1.45095 2.18167 5.03651 1.65629 140749 0 1.56802 0.328193 0
15.1698 73.7818 2.66151 2.03084 4.57454 1.67161 217433 0 -1.52822 0.327281 0
68.9417 -8.82066 0.710806 1.97738 4.40023 1.52666 96857 0 -1.51301 0.326686 0
1.466 52.3661 1.8454 2.04694 4.70764 1.67107 186034 0 -1.66645 0.322254 0
33.4431 53.9641 1.90952 1.93635 4.32623 1.51945 188474 0 -1.50372 0.32182 0
-41.6644 11.704 -0.26122 2.10188 4.94126 1.64352 126463 0 1.82009 0.319555 0
32.1405 35.8982 1.71823 2.31817 5.31578 1.71443 162262 0 1.56095 0.306431 0
-24.1889 22.5302 0.571177 2.03089 4.45077 1.59317 142430 0 -1.40936 0.305993 0
11.8819 26.327 1.33715 2.19057 5.25281 1.62429 148159 0 -1.54836 0.304824 0
2.07143 52.8971 1.87608 1.94361 4.28368 1.54705 186972 0 -1.64044 0.303374 0
15.1252 -4.50404 0.591797 0.603187 0.709232 0.826939 102773 0 -1.49144 0.301871 1
-44.9615 58.6362 1.13753 2.39961 5.62128 1.86751 195249 0 -1.26991 0.300905 0
9.15173 -3.87315 0.827107 0.852139 0.881395 1.71981 103690 0 2.96316 0.300147 1
-46.6498 12.3042 -0.380131 1.72915 3.71131 1.53882 127384 0 -1.29936 0.299743 0
14.1433 -3.06392 0.793392 0.813972 0.946538 1.69621 105110 0 -1.48123 0.299173 1
-30.5751 4.04393 -0.195208 1.90026 4.24052 1.48169 115266 0 -1.34261 0.297805 0
-4.93677 49.493 1.968 2.02091 4.63737 1.63543 181802 0 -1.59497 0.297046 0
7.4618 -5.83532 0.701704 0.874991 0.939577 1.49529 100877 0 0.613009 0.295572 1
-47.5716 6.87659 -0.325514 1.80973 3.91962 1.54987 119425 0 -1.34591 0.29475 0
14.9241 67.4409 2.24134 1.86416 4.185 1.69717 208072 0 -1.51798 0.293564 0
-29.2335 9.39525 -0.0275624 2.08611 4.73784 1.56195 123226 0 -0.710235 0.2926 0
-6.23415 29.2452 1.56394 2.08916 4.66494 1.56822 152314 0 -1.47592 0.292423 0
32.8034 54.1863 1.8963 1.91694 4.33218 1.48247 188940 0 -1.52238 0.291911 0
29.6995 -6.01289 0.639673 0.701375 0.784903 1.12861 100946 0 -1.48769 0.291743 1
60.3671 18.0701 1.45946 2.15488 4.8384 1.84222 136142 0 -3.048 0.290795 0
-31.5756 41.8152 1.11955 1.69683 3.7109 1.52646 170487 0 1.91839 0.290164 0
18.372 28.6936 1.39801 2.0465 4.76131 1.46023 151455 0 1.42589 0.288586 0
14.9521 -4.50913 0.638364 0.619792 0.705412 0.920121 102772 0 -1.58144 0.288379 1
39.2178 35.3551 1.75598 1.96223 4.3871 1.58295 161348 0 1.54581 0.286899 0
-44.1095 20.3282 -0.0789187 1.76733 3.74805 1.51251 139092 0 -1.31332 0.286306 0
-6.23352 22.952 1.30126 2.00189 4.62602 1.51946 142954 0 -1.55393 0.286024 0
49.1643 19.7333 1.42228 1.9806 4.41996 1.57772 138447 0 -1.4739 0.284408 0
30.9088 38.9271 1.75325 1.90151 4.36421 1.51306 166470 0 1.57389 0.28375 0
31.2406 45.1975 1.92665 2.02293 4.70472 1.48675 175831 0 -1.57235 0.283445 0
-4.0206 49.4952 1.96754 2.00503 4.57581 1.63037 181805 0 -1.57958 0.282979 0
33.4232 57.0211 1.88572 2.03408 4.49818 1.5875 193154 0 -1.57258 0.282828 0
14.6382 67.7119 2.31759 1.8266 3.96731 1.65019 208539 0 -1.58559 0.282576 0
0.84864 69.9179 3.32191 2.21573 5.00339 1.94757 211772 0 3.06349 0.28113 0
36.7011 44.6578 1.84847 1.86172 4.21219 1.49993 174912 0 1.60745 0.281046 0
-5.8612 41.0137 1.74628 2.10634 4.80996 1.50909 169631 0 -1.56715 0.280612 0
49.7482 20.2737 1.46026 2.07276 4.68858 1.61395 139385 0 -1.51169 0.278939 0
37.8848 35.0475 1.53106 1.47913 3.17519 1.57588 160876 0 -1.99389 0.27879 0
-62.5131 11.4535 -0.434603 2.00199 4.46029 1.58663 125930 0 1.90301 0.278347 0
14.1796 -4.29173 0.839717 0.851472 0.977798 1.77849 103238 0 -1.48795 0.277398 1
-33.0985 39.4551 0.771667 2.0892 4.72007 1.59055 167206 0 1.91209 0.276138 0
51.6929 37.6214 1.87452 1.96208 4.42118 1.58786 164663 0 -1.58323 0.275055 0
-49.6862 4.39971 -0.391629 2.3962 5.66227 1.92986 115674 0 -1.41493 0.274186 0
-37.3207 22.2137 0.354831 2.04257 4.53047 1.83058 141921 0 1.81426 0.273313 0
17.4701 28.4024 1.4022 2.0087 4.61241 1.47394 150984 0 1.603 0.272976 0
46.5245 -27.95 -0.0268438 2.02992 4.56631 1.69581 68707 0 -1.38488 0.271069 0
-67.6539 11.3535 -0.667236 2.01749 4.51025 1.54644 125914 0 -1.08947 0.270254 0
36.683 30.2112 1.73605 2.23555 4.94676 1.8424 153852 0 -1.47558 0.269796 0
30.5928 18.9258 1.11099 1.92688 4.54598 1.47887 137453 0 -1.55438 0.268144 0
-39.1341 19.448 -0.030962 1.82203 4.20703 1.50928 137703 0 1.82989 0.267531 0
38.219 35.3458 1.59361 2.01157 4.67405 1.55334 161345 0 1.66139 0.267133 0
12.0743 29.0423 1.40164 1.80343 4.10038 1.45678 151903 0 -1.52086 0.264871 0
-27.4002 17.9953 0.565158 2.13587 4.71942 1.78949 135868 0 1.84272 0.262556 0
37.6389 35.0081 1.51278 1.07947 1.91227 1.58213 160875 0 2.31843 0.262109 0
21.2903 67.0299 2.26931 2.06895 4.68396 1.68949 207624 0 1.63253 0.261857 0
14.5237 -4.62012 0.712601 0.707486 0.849265 1.32586 102771 0 -1.59842 0.260135 1
37.5593 26.7957 1.30262 2.10339 4.93099 1.53411 148707 0 1.66874 0.25836 0
-41.1214 29.9291 0.730981 1.98616 4.4266 1.61037 153141 0 1.98535 0.257779 0
-5.88914 44.1027 1.99658 2.08621 4.81869 1.74129 173843 0 -1.58038 0.256093 0
-39.8689 14.3387 -0.0754856 1.97535 4.37385 1.58512 130213 0 1.72524 0.255938 0
37.9153 35.6353 1.53667 1.98944 4.62528 1.50345 161812 0 1.65075 0.255586 0
13.2215 -9.495 0.589606 0.784439 0.825443 1.58113 95747 0 2.91077 0.254974 1
-3.99805 50.0189 1.9852 2.05443 4.58049 1.65969 182741 0 -1.64708 0.254749 0
14.5725 -4.35358 0.75658 0.733643 0.935463 1.41378 103239 0 -1.52722 0.253849 1
14.8968 74.054 2.58382 1.98058 4.37172 1.59004 217900 0 -1.66486 0.252877 0
-50.3615 -4.97206 -0.596247 2.1671 4.83814 1.68265 102100 0 -1.6116 0.252493 0
54.2503 28.9113 1.56927 2.05583 4.69134 1.59625 152035 0 -1.63705 0.251568 0
29.6254 -6.78883 0.736016 0.785952 0.97552 1.51764 99542 0 -1.53856 0.251502 1
55.8167 34.0462 1.7779 2.13872 4.87913 1.71347 159528 0 1.68027 0.250954 0
-6.85566 26.1646 1.58375 2.11169 4.86504 1.69348 147632 0 -1.43169 0.250115 0
53.7088 5.35899 1.19514 1.85349 4.43922 1.67844 117401 0 1.62037 0.249755 0
-32.7143 5.79951 -0.187619 0.826142 0.832916 1.63119 118067 0 -1.46643 0.249132 1
1.49426 55.479 2.38979 2.53245 6.29349 2.12668 190714 0 -1.62465 0.248342 0
31.4942 18.5075 1.14063 1.85207 4.20558 1.50537 136520 0 -1.51885 0.248309 0
-46.872 56.3943 0.735126 2.11458 4.79145 1.60308 191967 0 -1.24186 0.247789 0
-32.714 42.3683 1.20168 2.30287 5.64331 1.89377 171419 0 1.89456 0.247309 0
51.0324 22.5685 1.10603 1.98238 4.41024 1.49647 142665 0 -1.35176 0.247307 0
54.2201 7.92471 0.979967 1.87675 4.38011 1.51386 121147 0 1.69439 0.24687 0
14.0536 -4.83572 0.725662 0.769072 0.86172 1.57532 102301 0 -1.4876 0.246405 1
14.1585 -3.30766 0.865651 0.886244 1.0242 1.7781 104642 0 -1.52362 0.245668 1
68.3511 -8.83981 0.718302 1.57617 3.37766 1.38153 96855 0 -1.50962 0.245007 0
-4.97454 69.5968 2.89228 2.07986 4.60162 1.65222 211286 0 -3.06479 0.244194 0
-61.9516 11.4278 -0.452847 1.63745 3.53191 1.4668 125932 0 -3.09979 0.243216 0
0.847855 70.5422 3.31903 2.43104 5.83674 2.07574 212708 0 2.9589 0.243111 0
-45.3522 17.9853 -0.069054 2.02023 4.50657 1.65591 135812 0 -1.29352 0.242784 0
40.9313 29.0157 1.48954 0.873038 0.890868 1.73534 151993 0 -2.9254 0.242734 1
50.723 22.8602 1.07434 1.91729 4.31887 1.46487 143132 0 -1.36194 0.242662 0
2.36726 52.6727 1.8528 1.9558 4.38561 1.56199 186505 0 -1.7587 0.242637 0
-46.5493 52.9582 0.922655 2.04954 4.62413 1.56587 186820 0 1.82697 0.242127 0
-32.7821 4.96111 -0.265363 0.661396 0.645124 1.47007 116663 0 -1.69768 0.242107 1
37.4992 30.207 1.73727 2.72901 6.28421 1.94369 153855 0 -1.05733 0.240669 0
-5.87776 44.5369 2.0144 2.32759 5.48258 1.83414 174779 0 -1.51009 0.239964 0
-32.7029 5.356 -0.210361 0.804294 0.786704 1.62502 117131 0 -1.48627 0.238923 1
39.5209 35.0629 1.77309 2.03629 4.58613 1.62285 160881 0 -1.50227 0.238849 0
-35.3326 33.7827 0.70476 1.99312 4.45961 1.54065 158775 0 2.05497 0.237762 0
31.854 54.2192 1.80877 1.95397 4.48457 1.49865 188937 0 -1.56588 0.237563 0
60.5668 17.7902 1.52253 2.36079 5.32195 1.89494 135675 0 -0.22807 0.237223 0
51.9648 37.8982 1.88219 2.07463 4.67522 1.665 165132 0 -1.59533 0.237122 0
9.21298 -3.50717 0.842524 0.811012 0.815631 1.71551 104626 0 2.53988 0.235104 1
29.8662 -6.79202 0.643555 0.701247 0.799283 1.25534 99543 0 -1.5451 0.234986 1
49.7649 22.8947 0.913093 1.89383 4.32519 1.45343 143129 0 -1.41671 0.234596 0
21.5865 66.7718 2.23233 2.01059 4.58802 1.65961 207157 0 1.541 0.233855 0
53.614 28.7141 1.50615 1.94107 4.39298 1.52822 151565 0 1.56914 0.233276 0
49.445 23.2033 0.852274 1.83078 4.18777 1.41863 143596 0 -1.43739 0.231782 0
14.8966 73.5182 2.50005 1.96652 4.43274 1.6083 216964 0 -1.51866 0.230488 0
68.924 -9.3833 0.733376 2.02988 4.58885 1.55146 95921 0 -1.44234 0.230313 0
46.2173 -33.4183 -0.385718 2.02742 4.62656 1.57904 60750 0 -1.46969 0.229688 0
31.5678 38.6694 1.80043 1.78119 3.99314 1.51873 166004 0 -1.5041 0.229224 0
-69.247 5.05863 -0.546381 2.04758 4.53887 1.69747 116549 0 1.84387 0.22918 0
12.9051 29.5009 1.4047 1.99727 4.68561 1.49964 152842 0 -1.57601 0.228596 0
14.4764 -6.35866 0.730096 0.868174 0.916622 1.74364 100431 0 1.68941 0.228367 1
54.4703 8.19093 0.953442 2.03601 4.81429 1.56273 121616 0 1.67041 0.228139 0
30.1953 -6.52096 0.681137 0.715011 0.819305 1.21231 100012 0 -1.52764 0.227808 1
38.2174 35.0833 1.55494 1.95282 4.63617 1.59342 160877 0 2.39949 0.227621 0
14.2487 73.7816 2.30541 2.0017 4.50873 1.5257 217430 0 -1.56532 0.227041 0
32.1087 44.7136 1.80229 1.91146 4.26844 1.48713 174898 0 -1.51877 0.226141 0
-23.4699 27.6895 0.896944 2.11115 4.75298 1.63721 149920 0 -1.29869 0.225711 0
15.7358 55.4374 2.234 2.30142 5.38309 1.90092 190759 0 -1.53004 0.225163 0
-4.30412 64.8368 2.42287 2.04935 4.66044 1.64625 204268 0 1.62578 0.224919 0
-3.37135 55.8329 2.07099 2.00825 4.51414 1.5453 191167 0 -1.6206 0.224836 0
-34.7367 30.251 0.492827 1.94737 4.30228 1.48271 153629 0 2.71099 0.224093 0
-22.2282 27.1123 0.715541 2.01454 4.60295 1.55377 148988 0 -1.28516 0.223453 0
45.9225 -30.553 -0.173614 1.91737 4.30076 1.55836 64961 0 -1.36556 0.221952 0
11.4003 -2.93945 0.72721 0.739956 0.844721 1.57127 105101 0 3.02543 0.221827 1
11.595 19.1369 1.18551 2.11063 5.03328 1.58118 137394 0 -1.54572 0.221382 0
14.9012 74.3877 2.86141 2.00216 4.65837 1.66185 218368 0 -1.73855 0.220821 0
41.3329 29.1834 1.55155 0.818216 0.867748 1.70595 152463 0 -2.97266 0.220595 1
-3.39636 49.7708 1.95146 2.03082 4.5739 1.64833 182275 0 -1.609 0.220393 0
-35.0042 30.2903 0.454446 1.93779 4.36409 1.49793 153628 0 1.94855 0.219552 0
35.6183 6.46737 1.09505 0.770602 0.904037 1.7449 119217 0 1.61087 0.219404 1
19.9559 31.8372 1.39256 2.04472 4.53333 1.58769 156140 0 -1.86883 0.219232 0
32.5419 57.0049 1.91165 2.05612 4.69186 1.53213 193151 0 -1.54591 0.218907 0
51.6759 46.8511 2.10554 2.09062 4.69819 1.62674 178235 0 -1.01225 0.218227 0
51.0476 37.9096 1.87448 1.92547 4.29159 1.52769 165129 0 -1.58226 0.218075 0
37.8277 34.768 1.53023 0.936433 1.45348 1.58712 160408 0 -1.5948 0.217478 1
39.5163 53.5956 1.84077 1.9948 4.53562 1.62547 188025 0 1.87912 0.217094 0
-2.71407 37.2024 2.06672 0.870746 0.921059 1.71417 164025 0 -1.43767 0.216196 1
-32.5839 5.39443 -0.20342 0.830419 0.790914 1.66125 117132 0 -1.46921 0.215971 1
-36.6436 21.9803 0.358034 2.08745 4.75868 1.84981 141455 0 1.83146 0.215783 0
15.3992 -4.33981 0.613279 0.606398 0.670906 0.90119 103242 0 -1.46721 0.214444 1
-47.1385 15.1348 -0.19681 2.19156 4.95218 1.66281 131594 0 -1.27628 0.214067 0
-2.71355 37.0613 1.99297 0.870968 0.93912 1.7047 163557 0 -1.45167 0.213803 1
50.4178 22.5783 1.09002 1.92361 4.30633 1.4746 142663 0 -1.36676 0.213225 0
54.8711 28.6929 1.66656 2.06739 4.72135 1.70345 151569 0 -1.56458 0.212195 0
38.5225 44.6221 1.98884 2.03371 4.55865 1.57099 174918 0 1.62481 0.211764 0
69.2184 -9.09028 0.747251 2.16518 4.95477 1.60418 96390 0 -1.4994 0.211684 0
-46.5614 52.6727 0.908403 1.94188 4.37269 1.52903 186352 0 -1.01383 0.211639 0
50.0676 23.1884 0.951136 1.92678 4.31247 1.4528 143598 0 -1.42258 0.21163 0
14.639 58.197 1.89577 1.8055 4.1209 1.46705 194499 0 -1.39857 0.210024 0
50.7045 46.8684 2.05379 2.1872 4.8086 1.63683 178232 0 0.608189 0.209956 0
48.4751 20.3027 1.36702 2.10267 4.77203 1.67068 139381 0 1.65673 0.209905 0
39.5171 35.6321 1.80098 2.05844 4.65061 1.62803 161817 0 1.58314 0.209769 0
15.4179 64.5557 2.13013 2.25193 5.23582 1.72258 203862 0 -1.4909 0.209717 0
-5.25307 58.8165 2.22666 1.79527 4.04993 1.53161 195373 0 1.6024 0.209299 0
19.6566 31.6291 1.41715 2.02403 4.47214 1.53613 155671 0 1.62323 0.208692 0
55.1964 15.5121 1.08609 1.94808 4.41311 1.5371 132382 0 1.63411 0.208463 0
50.7378 22.2748 1.14581 1.9374 4.3568 1.48461 142196 0 -1.34116 0.208204 0
51.0292 46.8648 2.0711 2.09796 4.49091 1.60765 178233 0 0.841875 0.207623 0
-0.151001 25.8913 1.33186 2.01997 4.6088 1.50742 147185 0 1.59111 0.207544 0
-67.3901 11.6445 -0.709333 1.93121 4.26268 1.51195 126383 0 -1.0969 0.207516 0
-61.6787 11.6639 -0.509572 1.60605 3.40689 1.45916 126401 0 2.6165 0.207322 0
1.34514 43.4248 1.64592 1.80518 3.92309 1.45108 172930 0 1.52811 0.207309 0
37.2831 44.85 1.94215 1.97368 4.41096 1.51215 175382 0 1.62121 0.206968 0
-26.7104 17.1942 0.534971 2.12685 4.75502 1.82756 134466 0 -0.932277 0.206739 0
15.1921 61.606 1.92781 2.06837 4.64364 1.54466 199649 0 -1.54788 0.206504 0
-47.4371 12.0931 -0.376952 2.06104 4.70609 1.63285 126913 0 -1.35125 0.206438 0
-3.68629 55.5566 2.09705 2.01724 4.52751 1.5686 190698 0 -1.64957 0.205879 0
-69.5016 5.30503 -0.489329 2.21055 5.11395 1.81286 117016 0 -1.7637 0.20565 0
-29.5443 9.45124 -0.0322305 2.0715 4.68493 1.58369 123225 0 1.68878 0.205486 0
50.0693 38.2419 1.77276 1.91873 4.28924 1.49888 165594 0 -1.57331 0.205363 0
29.8746 6.55589 1.02647 0.774115 0.871135 1.71022 119199 0 1.41041 0.205278 1
18.4473 41.0254 1.75504 2.00783 4.67538 1.48239 169707 0 1.62392 0.205126 0
30.6088 44.9795 1.88004 1.93879 4.45087 1.48199 175361 0 1.54907 0.205013 0
48.7952 20.2911 1.41369 2.13803 4.78383 1.65811 139382 0 -1.85478 0.204978 0
4.4448 40.0695 1.85008 0.903504 0.839192 1.75106 168259 0 -0.019634 0.204616 1
-36.2999 31.2003 0.681759 2.01712 4.44771 1.56091 155028 0 2.08044 0.204489 0
51.6883 46.5918 2.0547 2.04433 4.65105 1.59247 177767 0 -1.48782 0.204487 0
42.9557 54.8867 2.19672 0.8097 0.80432 1.72619 189908 0 -2.53755 0.203572 1
26.8517 6.70391 1.08162 0.841674 0.943249 1.75271 119189 0 0.160949 0.202947 1
-46.2764 52.955 0.927486 1.948 4.31472 1.51626 186821 0 -1.03733 0.20224 0
-20.0369 35.8838 1.16677 2.0692 4.63698 1.51988 162099 0 -1.16021 0.202046 0
-67.0897 11.0538 -0.702983 1.85219 3.97709 1.48907 125448 0 -1.11267 0.201876 0
19.655 40.5884 1.93051 1.92521 4.27923 1.46838 168775 0 1.61528 0.201616 0
24.7791 16.1646 1.06271 1.95273 4.32602 1.50013 133223 0 -1.55943 0.201384 0
55.2086 14.241 1.00878 2.001 4.5198 1.56694 130510 0 1.59669 0.200829 0
22.2167 67.0232 2.28115 2.04721 4.60126 1.6654 207627 0 1.61641 0.200735 0
-4.97427 68.2575 2.52062 2.0967 4.70897 1.64266 209414 0 -1.52384 0.200226 0
-22.2755 27.893 0.824463 2.10848 4.72753 1.58154 150392 0 -1.2867 0.199796 0
-33.8358 33.3805 0.963367 2.13538 4.8285 1.58244 158312 0 1.92722 0.199279 0
38.2096 44.4049 1.91937 1.89734 4.32151 1.50892 174449 0 1.61433 0.19906 0
49.7451 23.4999 0.930079 1.9295 4.33972 1.44582 144065 0 -1.5713 0.199025 0
31.7703 21.6943 1.17817 2.03265 4.65065 1.52405 141201 0 -1.55332 0.197896 0
37.0025 44.4019 1.81063 1.85756 4.23546 1.4793 174445 0 1.61564 0.197398 0
51.6891 38.2 1.85972 2.00548 4.49221 1.59298 165599 0 -1.6075 0.196461 0
-20.2265 35.4576 1.14538 2.06268 4.68779 1.51353 161162 0 -1.14313 0.196384 0
-25.3755 22.31 0.603682 2.04222 4.50641 1.54984 141958 0 -0.479101 0.196379 0
54.8119 11.5984 1.2479 2.18587 5.3133 1.77476 126765 0 1.5669 0.196264 0
30.5322 -5.71422 0.787633 0.833075 0.904255 1.57762 101417 0 -1.451 0.195658 1
42.8101 54.9108 2.20875 0.805217 0.807411 1.71527 189907 0 -2.80744 0.195139 1
55.5156 15.2214 1.07392 1.98407 4.48638 1.55862 131915 0 1.34521 0.195096 0
20.9559 52.3389 2.54619 2.27331 5.22285 1.97387 186095 0 1.57094 0.194906 0
38.5621 35.0761 1.63623 2.04721 4.77258 1.61072 160878 0 1.67636 0.193842 0
68.6669 -8.55672 0.685496 1.80874 4.06679 1.45842 97324 0 -1.5286 0.192881 0
-33.7821 32.8561 0.964013 2.06764 4.65159 1.54362 157376 0 2.06824 0.192179 0
-45.2892 17.5232 -0.0779722 2.03357 4.57765 1.67328 134876 0 -1.25887 0.192127 0
50.7304 37.619 1.84023 1.86914 4.27027 1.50685 164660 0 -1.58396 0.192061 0
37.3506 35.0672 1.5173 1.86658 4.18414 1.56836 160874 0 1.63646 0.191705 0
15.1884 68.2225 2.28831 2.28344 5.22255 1.86048 209477 0 -1.58958 0.191582 0
40.9041 29.2044 1.50165 0.870894 0.859019 1.72648 152461 0 -3.01988 0.191549 1
-26.3951 17.1641 0.543238 2.15993 4.83473 1.81504 134467 0 -1.27206 0.190476 0
-25.4126 22.5007 0.625173 2.06625 4.54776 1.52538 142426 0 -0.824074 0.190155 0
61.3169 24.1939 1.87233 2.09525 4.63717 1.74164 145037 0 -3.06244 0.190045 0
-4.635 49.1981 1.94174 1.99677 4.50741 1.58434 181335 0 -1.5207 0.189815 0
-3.95082 64.5426 2.40512 1.97545 4.46301 1.59151 203801 0 -1.43618 0.18943 0
0.702522 31.61 1.74962 1.88879 4.02888 1.80688 155612 0 1.65549 0.189077 0
13.0667 -9.48906 0.570354 0.765085 0.835322 1.49966 95746 0 2.25886 0.188695 1
-3.6945 65.0239 2.39365 2.16418 4.81178 1.64539 204738 0 -1.51256 0.188642 0
12.4182 32.2362 1.48728 1.69135 3.6171 1.38418 156584 0 -1.51663 0.188565 0
-40.8948 11.8746 -0.267404 1.76429 3.73984 1.44821 126934 0 1.85162 0.187967 0
55.8346 15.2098 1.12637 1.97715 4.47232 1.56656 131916 0 -1.54656 0.187894 0
51.0341 23.1615 1.08077 1.97401 4.42208 1.48521 143601 0 -1.39621 0.187766 0
-2.75612 64.5413 2.34938 2.0411 4.67963 1.65802 203805 0 -1.477 0.187471 0
2.10193 54.9854 2.20948 2.32087 5.4494 1.99574 189780 0 -3.02304 0.187039 0
50.1597 34.8125 1.6714 2.01368 4.86173 1.5526 160446 0 -1.55817 0.18663 0
55.1716 28.9435 1.72436 2.04606 4.61474 1.72256 152038 0 -1.60335 0.185428 0
-46.8495 52.651 0.919959 2.06461 4.66388 1.61168 186351 0 1.03348 0.185058 0
41.1515 28.7763 1.4974 0.856297 0.919485 1.7207 151526 0 -3.06872 0.184796 1
18.4486 32.0579 1.44013 2.04649 4.68356 1.54427 156603 0 1.62976 0.18466 0
49.1426 22.8794 0.807144 1.45902 3.01301 1.4081 143127 0 -1.52412 0.184255 0
51.3697 37.3314 1.85157 1.88722 4.19699 1.57146 164194 0 -1.56277 0.184185 0
-6.51663 31.6414 1.64285 2.20187 5.07462 1.59129 155589 0 1.56351 0.183984 0
-48.5474 4.40664 -0.42221 1.81343 3.72359 1.55738 115678 0 -1.37404 0.183935 0
51.3176 22.8623 1.07827 2.07031 4.65679 1.54244 143134 0 -1.40032 0.183518 0
22.5446 66.7534 2.26923 2.09397 4.71727 1.67529 207160 0 1.57618 0.18336 0
68.3634 -9.37946 0.717761 1.71009 3.78224 1.42126 95919 0 -1.44284 0.182734 0
-38.5171 22.7786 0.362288 2.23013 5.1597 1.90873 142853 0 1.87557 0.182605 0
49.1434 23.5133 0.810968 1.92225 4.27721 1.44353 144063 0 -1.43649 0.182479 0
51.3665 46.6018 2.0498 1.98665 4.35963 1.53597 177766 0 -0.842657 0.182442 0
15.1647 -4.12016 0.643722 0.627228 0.657659 0.953923 103709 0 -1.10478 0.182214 1
-5.56897 28.7523 1.50655 2.05961 4.62139 1.52543 151380 0 -1.47698 0.181291 0
-28.2458 18.0517 0.534893 2.25911 5.17459 1.88483 135865 0 1.86566 0.181015 0
1.72762 52.0728 1.80858 1.97615 4.4283 1.61352 185567 0 1.5593 0.180895 0
20.9566 67.3204 2.2931 1.97958 4.42514 1.6461 208091 0 1.74176 0.180703 0
14.8795 74.7257 2.77979 2.07568 4.79954 1.66666 218836 0 -1.76793 0.180672 0
-21.6672 27.6173 0.768001 2.09809 4.70715 1.58839 149926 0 -1.28447 0.180592 0
41.4329 56.1776 2.30606 2.01114 4.44486 1.67498 191775 0 1.97797 0.180563 0
39.2243 53.3117 1.79146 1.96638 4.49693 1.57562 187556 0 1.68584 0.179623 0
1.35568 43.9305 1.66555 1.84769 4.06072 1.45734 173866 0 1.56659 0.179485 0
-39.5677 16.9159 0.149427 1.81046 3.76648 1.7261 133958 0 1.77321 0.179152 0
51.9603 46.8504 2.13154 2.16734 4.97275 1.7072 178236 0 -1.44273 0.179151 0
-28.6405 11.9644 0.0647856 2.10808 4.64171 1.61684 126972 0 -1.36968 0.179108 0
34.0201 54.1846 1.94528 2.10908 4.73076 1.65261 188944 0 -1.56873 0.178624 0
37.6159 34.514 1.55073 0.808044 1.16121 1.59707 159939 0 0.387049 0.178509 1
19.6148 46.7951 2.11527 2.20959 5.04412 1.70538 178135 0 1.55828 0.178414 0
55.2111 14.8954 1.03636 1.97153 4.51463 1.54137 131446 0 1.59396 0.177926 0
48.1821 20.0581 1.34387 1.9802 4.48315 1.63269 138912 0 1.61272 0.177506 0
-34.6671 33.1947 0.67886 2.0001 4.58134 1.50326 157841 0 2.01646 0.177149 0
-27.1306 14.7526 0.36261 2.29582 5.61132 1.95584 131189 0 1.81882 0.176674 0
2.38563 54.9918 2.2049 2.18171 5.10813 1.92936 189781 0 1.61172 0.176434 0
-40.8448 30.2101 0.751362 1.97496 4.36594 1.59696 153610 0 2.0212 0.175964 0
-0.5271 19.7782 1.31789 2.05085 4.71673 1.64745 138292 0 1.67764 0.175907 0
-62.8009 11.9404 -0.333242 2.23291 5.33931 1.7342 126865 0 1.92252 0.175769 0
-41.7574 33.7626 1.09685 2.04733 4.53095 1.60643 158755 0 -1.07345 0.175654 0
-64.3991 6.97227 -0.538226 2.29669 5.06915 1.77158 119372 0 -1.26853 0.175645 0
60.3063 17.1381 1.49658 2.09141 4.49456 1.78006 134738 0 0.157276 0.175389 0
-5.58163 49.7221 1.99254 2.16911 5.00888 1.78112 182268 0 1.55177 0.175296 0
33.7005 56.5614 1.87062 1.98115 4.46153 1.59799 192219 0 -1.44631 0.174177 0
31.2263 44.7326 1.84141 1.88709 4.26968 1.43811 174895 0 -1.5363 0.174157 0
42.0772 56.8033 2.42842 2.04536 4.56466 1.69531 192713 0 2.6067 0.174097 0
-43.4444 23.1263 0.180254 2.02447 4.55849 1.68361 143306 0 -1.28125 0.173767 0
39.5161 53.8798 1.88358 2.00964 4.51282 1.62101 188493 0 2.21883 0.173727 0
-68.9924 5.81203 -0.590574 2.12662 4.7439 1.73802 117954 0 2.14199 0.173627 0
-34.7612 30.4895 0.460208 1.91966 4.33019 1.48802 154097 0 2.42762 0.173581 0
13.0308 46.6977 1.65556 1.74169 3.88431 1.43037 177646 0 -1.50794 0.173324 0
-3.68205 56.0984 2.04694 1.98538 4.48727 1.55958 191634 0 -1.56953 0.173223 0
49.7633 37.9571 1.74842 1.9265 4.42675 1.47611 165125 0 -1.57492 0.173058 0
16.7338 -3.23885 0.782715 0.78015 0.860979 1.49676 104650 0 0.716381 0.173036 1
-23.1743 27.0786 0.817608 2.02723 4.57732 1.5659 148985 0 -1.28872 0.172892 0
-44.8709 20.1075 -0.0858934 2.26153 5.23161 1.68768 138621 0 -1.31617 0.172731 0
41.7528 56.4892 2.37702 1.99249 4.45847 1.67414 192244 0 2.30402 0.172688 0
-67.3726 11.9777 -0.733165 1.99186 4.40202 1.54813 126851 0 -1.09166 0.172549 0
-4.30578 55.826 2.07778 1.99325 4.47916 1.623 191164 0 -1.58791 0.171717 0
49.7657 38.4991 1.7608 1.98984 4.4572 1.53373 166061 0 -1.52279 0.171003 0
-54.4727 48.1213 0.713676 2.31916 5.73619 1.85307 179775 0 -1.18083 0.170641 0
12.7536 41.0987 1.88121 1.86721 3.98099 1.82546 169689 0 -1.54654 0.170498 0
50.0279 19.7433 1.46688 2.17773 4.97253 1.65869 138450 0 -1.44004 0.170441 0
69.9228 11.671 1.34019 1.96398 4.3889 1.59138 126812 0 -1.17613 0.170274 0
16.7362 -3.14911 0.801461 0.777869 0.876311 1.5638 105118 0 1.60623 0.170168 1
-42.7498 51.9896 0.726989 2.06484 4.76788 1.61236 185428 0 -1.31714 0.169904 0
54.8937 15.2201 1.01207 1.96684 4.48086 1.5221 131913 0 1.61896 0.169791 0
-25.7318 22.5482 0.626423 2.04571 4.46867 1.51478 142425 0 1.64877 0.169769 0
-24.4564 22.8126 0.587862 2.05629 4.47496 1.58042 142897 0 -1.48923 0.169359 0
-37.9997 19.6302 0.00431502 2.04017 4.525 1.55497 138175 0 1.78529 0.16904 0
-5.89964 68.3306 2.51996 1.93011 4.3395 1.61644 209411 0 -1.46581 0.168859 0
-6.83684 29.0381 1.54024 2.13299 4.81983 1.63373 151844 0 -1.52333 0.168037 0
12.7483 46.9182 1.68688 1.66033 3.42744 1.38886 178113 0 -1.53326 0.167778 0
54.1619 2.32309 0.534969 0.773462 0.844179 1.71858 113191 0 -0.471094 0.167159 1
-69.512 5.54996 -0.499657 2.27238 5.29566 1.85909 117484 0 -2.03859 0.166994 0
-41.3942 29.6238 0.648684 2.07482 4.63924 1.69402 152672 0 1.92839 0.166955 0
-20.5844 35.9559 1.29405 2.08288 4.69629 1.54724 162097 0 -1.16302 0.166922 0
45.9522 -32.8671 -0.443266 1.90322 4.20793 1.53274 61685 0 -1.5828 0.166788 0
49.4434 22.5994 0.97853 1.83585 4.08032 1.44633 142660 0 -1.52259 0.166484 0
15.4939 61.3091 1.92079 2.07009 4.60618 1.54926 199182 0 -1.4918 0.166305 0
32.4142 45.2299 1.8653 2.0547 4.68061 1.54764 175835 0 -1.58479 0.166272 0
19.0248 28.6865 1.45117 1.93105 4.29539 1.48582 151457 0 -1.5471 0.166181 0
-27.3286 17.2226 0.537333 2.05294 4.55519 1.76841 134464 0 1.75475 0.165891 0
-40.3907 16.9004 0.0604299 1.98181 4.5891 1.82958 133955 0 1.72819 0.165707 0
-4.32407 68.0433 2.44103 1.90519 4.36189 1.61582 208948 0 -1.44884 0.165689 0
9.33739 -3.49899 0.834688 0.760518 0.768791 1.7054 104627 0 2.42333 0.165117 1
-18.0946 37.9235 1.01714 2.12085 4.88073 1.62469 164913 0 -1.21409 0.164966 0
55.5151 14.5488 1.0595 2 4.58709 1.58158 130979 0 1.55042 0.164775 0
20.6718 52.6171 2.54966 2.09526 4.70277 1.848 186562 0 -1.57011 0.164692 0
-0.104546 29.4876 1.47128 2.19643 5.08886 1.73829 152801 0 1.70388 0.164437 0
-67.9346 11.0737 -0.645732 2.13428 4.82166 1.60647 125445 0 -1.1294 0.1644 0
48.8433 23.2076 0.816595 1.85578 4.26638 1.43192 143594 0 -1.53167 0.163826 0
-34.7025 29.9947 0.486985 2.00179 4.43418 1.48332 153161 0 0.133755 0.163792 0
14.9106 -4.09865 0.741263 0.699834 0.763181 1.16501 103708 0 -1.5315 0.163525 1
69.9369 11.0388 1.35834 2.01997 4.50797 1.6437 125876 0 -0.95101 0.163144 0
14.4989 -4.00616 0.921435 0.857079 0.989518 1.73322 103707 0 -1.55172 0.163123 1
12.9579 31.9733 1.41529 1.99571 4.8606 1.52564 156118 0 -1.43462 0.163011 0
-32.5711 5.80685 -0.161604 0.807775 0.837442 1.65863 118068 0 -1.52319 0.162937 1
-42.9728 9.20171 -0.317365 2.03961 4.47542 1.61443 122715 0 1.78227 0.162578 0
