44.2974 -6.90707 1.44177 2.93714 7.79111 3.17497 99588 0 1.63347 0.960619 0
18.4033 11.7117 1.03996 2.12686 4.85034 1.54092 126651 0 1.64373 0.955436 0
-6.83747 11.3567 0.984422 1.99605 4.60149 1.47643 126104 0 -1.49535 0.944785 0
10.7138 12.7459 1.18772 2.25775 5.28845 1.9041 128031 0 -1.57529 0.943749 0
-17.4446 -1.17153 0.444492 2.05821 4.70326 1.45649 107819 0 -2.16928 0.935171 0
-1.97841 11.0629 1.15875 2.06361 4.55232 1.82488 125651 0 1.62408 0.914976 0
-0.880615 17.0903 1.36389 2.11198 4.82077 1.84129 134547 0 1.6271 0.91008 0
7.54614 37.6229 1.62653 2.05498 4.62067 1.48069 164525 0 0.0403528 0.905564 0
-19.0086 11.4685 0.817302 2.01806 4.57438 1.77156 126066 0 1.68563 0.895922 0
10.6907 15.8362 1.23709 2.22877 5.08852 1.85545 132711 0 -1.51926 0.890692 0
-20.6109 32.7271 1.17077 2.36305 5.50294 1.788 157417 0 -1.18684 0.88168 0
-44.7024 -11.1153 -0.782998 2.05276 4.48784 1.78144 93226 0 0.0346537 0.871902 0
30.6146 15.9161 1.24156 1.97644 4.47502 1.72728 132773 0 -1.49757 0.871763 0
13.2844 41.1078 1.82205 2.14114 4.98354 1.92218 169691 0 -1.50232 0.870422 0
17.3681 22.8458 1.4767 2.10219 4.93275 1.70256 143028 0 1.62817 0.870037 0
36.2404 9.05006 1.07969 1.96527 4.42395 1.57436 122963 0 1.67761 0.869941 0
-18.7314 19.749 0.972042 2.11907 4.66553 1.96826 138235 0 1.72362 0.869013 0
30.9275 12.2804 1.06258 1.91496 4.31244 1.47655 127626 0 1.61455 0.866514 0
-0.411598 22.9207 1.4328 2.19332 5.09117 1.85224 142972 0 -1.47289 0.86464 0
-42.12 -11.6592 -0.799404 2.01704 4.45856 1.59541 92298 0 0.0479443 0.863035 0
18.5119 15.4158 1.22219 2.2108 4.70182 1.77185 132267 0 1.60747 0.859179 0
-6.56115 17.4695 1.08667 2.05562 4.77946 1.53402 134997 0 -1.53644 0.857908 0
48.2574 8.52322 1.01813 1.96685 4.37046 1.61219 122064 0 -1.4976 0.851629 0
30.8189 9.36701 1.1261 1.98976 4.40829 1.67215 123414 0 -1.46031 0.850786 0
14.2655 -6.5523 0.782658 0.876678 1.00827 1.80089 99962 0 1.63891 0.850581 1
11.3715 19.3915 1.14767 1.97314 4.55884 1.50797 137861 0 -1.60972 0.85024 0
11.7092 22.3256 1.40123 1.93055 4.34865 1.69787 142074 0 -1.5363 0.848444 0
-29.6255 6.62045 -0.166034 2.07814 4.69666 1.59873 119013 0 -1.29572 0.844503 0
-42.9995 5.86922 -0.338978 1.89465 4.2168 1.46366 118035 0 1.87743 0.841502 0
31.1959 30.9336 1.38382 2.11341 4.84349 1.53341 154771 0 1.5844 0.840903 0
17.7048 20.0013 1.18347 2.06147 4.81547 1.51476 138817 0 1.63223 0.832308 0
-18.3974 14.0008 0.826215 2.08209 4.72652 1.81951 129812 0 1.7673 0.829823 0
-19.6832 7.96683 0.695817 1.93392 4.53296 1.55227 120916 0 1.60705 0.826386 0
-6.5689 20.292 1.16911 2.09587 4.99397 1.43383 139209 0 -1.53599 0.818177 0
48.7256 5.71199 1.17321 2.16621 5.07746 1.86278 117854 0 -1.4888 0.813354 0
17.4392 25.7567 1.59229 2.27366 5.36058 1.75107 147240 0 1.62852 0.81282 0
0.180283 31.7626 1.64427 2.22837 5.07557 1.88254 156078 0 1.63839 0.808912 0
-48.8057 -4.99712 -0.729445 2.1369 4.58416 1.6389 102105 0 -1.58297 0.808527 0
-32.5185 5.55855 -0.157236 0.942126 0.914292 1.75462 117600 0 -1.51795 0.805126 1
0.148743 29.0175 1.34799 2.00907 4.57692 1.56677 151866 0 1.62185 0.804642 0
69.5646 -5.28037 0.846279 2.09274 4.75842 1.57245 102007 0 -1.41846 0.802894 0
30.9607 27.6148 1.36227 2.06994 4.7055 1.45584 150090 0 1.62815 0.801179 0
-1.19643 14.1577 1.12013 1.90853 4.29362 1.58581 130334 0 1.704 0.801107 0
12.9599 32.2624 1.41522 2.05984 4.89468 1.50927 156586 0 -1.47674 0.800233 0
13.8894 38.1431 1.65914 2.09991 4.82058 1.65376 165481 0 -1.51431 0.79719 0
-6.2699 14.481 1.01499 2.02979 4.61118 1.49309 130786 0 -1.48605 0.796214 0
-36.4257 -11.4403 -0.678194 2.18141 4.95119 1.92821 92784 0 0.0420336 0.793861 0
-61.347 14.5563 -0.377768 1.95629 4.26447 1.63564 130614 0 -1.10161 0.787472 0
11.4288 26.1376 1.32151 1.88935 4.40773 1.47643 147689 0 -1.52295 0.782841 0
-18.4684 16.8663 0.680989 1.82939 4.07204 1.50096 134024 0 1.71582 0.770797 0
9.22694 -3.62807 0.859143 0.826048 0.835436 1.71757 104158 0 2.4755 0.765923 1
-0.144646 26.1498 1.31258 2.01518 4.63156 1.48705 147653 0 1.60806 0.761527 0
-44.5787 20.4025 -0.0534573 2.08816 4.70098 1.59332 139090 0 -1.24598 0.758565 0
12.6529 29.2572 1.42817 1.98255 4.63413 1.47073 152373 0 -1.5061 0.752975 0
15.2387 55.2506 2.16275 1.99573 4.43971 1.68656 190289 0 -1.48173 0.742968 0
-18.1153 22.9014 0.809432 1.99093 4.50646 1.57478 142917 0 1.63795 0.738537 0
49.0719 11.6163 1.17787 1.98653 4.4956 1.70326 126747 0 -1.50029 0.733765 0
7.51873 -5.24068 0.81047 0.921252 0.986662 1.74957 101813 0 1.72843 0.728792 1
-27.635 14.6703 0.389607 2.00537 4.71251 1.88836 130719 0 1.82654 0.728339 0
-21.3243 29.8773 0.842369 2.09772 4.64717 1.48855 153203 0 -1.25949 0.726445 0
-41.1467 11.74 -0.157851 1.71906 3.91262 1.46867 126465 0 1.87787 0.725729 0
14.9004 58.4189 1.97731 1.99518 4.55333 1.5137 194968 0 -1.43317 0.715373 0
-56.2333 27.2839 0.182837 2.06765 4.57886 1.58347 149350 0 -1.20213 0.709631 0
36.3368 12.1086 1.22334 2.08651 4.84966 1.65158 127175 0 1.61171 0.705745 0
-40.2141 14.5244 -0.0546172 1.97485 4.40545 1.55881 130680 0 1.87265 0.705058 0
19.007 37.8907 1.82889 2.09724 4.71963 1.6232 165029 0 1.59592 0.700562 0
1.07865 43.6866 1.65908 1.96173 4.46158 1.48288 173397 0 1.58751 0.696228 0
11.774 -7.77647 0.699132 0.851936 0.916598 1.68886 98082 0 -2.06412 0.693348 1
-53.9411 47.8161 0.608885 2.04913 4.52509 1.56628 179309 0 -1.13603 0.689899 0
-5.87315 26.1008 1.55604 2.06638 4.68614 1.64527 147635 0 -1.51093 0.687785 0
-5.29787 40.8424 1.71773 2.02368 4.57131 1.49755 169165 0 -1.52341 0.687369 0
13.2622 46.9537 1.69221 1.97022 4.48415 1.52708 178115 0 -1.53127 0.685986 0
-49.1327 4.40118 -0.34514 2.14067 4.70677 1.73247 115676 0 -1.35299 0.685885 0
-19.6586 35.3897 1.16912 2.0669 4.66472 1.50729 161164 0 -1.16336 0.684995 0
41.149 29.23 1.59786 0.854861 0.876993 1.78683 152462 0 -2.79402 0.675967 1
31.5127 35.7783 1.67592 2.05483 4.75555 1.68744 161792 0 1.61809 0.671551 0
13.3328 43.9735 1.69905 1.99608 4.48241 1.62581 173903 0 -1.52624 0.668844 0
50.6936 34.8243 1.51416 1.9145 4.45897 1.45017 160448 0 -1.52512 0.667134 0
-63.8742 6.96076 -0.551396 2.06742 4.56547 1.69415 119374 0 -1.22104 0.666546 0
-38.9192 19.7121 0.00425962 1.96889 4.58805 1.5663 138172 0 1.8451 0.662418 0
15.1301 -4.32398 0.588456 0.515658 0.582483 0.720658 103241 0 -1.64024 0.6623 1
54.2076 5.51246 1.15462 2.09599 5.06727 1.80914 117871 0 1.651 0.659674 0
36.3444 15.3083 1.19501 1.92634 4.42985 1.48969 131855 0 1.63214 0.652953 0
-48.1614 7.15733 -0.426064 2.00029 4.44369 1.57129 119891 0 -1.24345 0.652264 0
19.0418 40.8034 1.88289 2.06972 4.79525 1.50977 169241 0 1.60718 0.65182 0
18.7168 31.8037 1.42291 2.1177 4.80187 1.53199 156136 0 1.60012 0.644264 0
14.1569 -4.7347 0.720361 0.720779 0.79965 1.48697 102770 0 -1.54573 0.643345 1
30.6341 -6.00478 0.801971 0.966659 0.9597 1.61255 100949 0 -0.797335 0.635572 1
31.8125 38.9171 1.80478 1.93782 4.39024 1.55739 166473 0 -1.49997 0.629716 0
29.5408 -6.57325 0.7728 0.851205 1.03366 1.62007 100010 0 -1.53581 0.628549 1
15.1579 64.7403 2.10498 2.11713 4.82243 1.65739 204329 0 -1.53387 0.622974 0
15.1466 67.7075 2.19002 2.10534 4.73194 1.80503 208541 0 -1.55836 0.618285 0
26.8447 6.68778 1.11907 0.82388 0.940759 1.72068 119189 0 0.15375 0.613065 1
37.5886 34.6869 1.55144 0.765939 0.822373 1.60415 160407 0 2.55795 0.59173 1
-47.2286 12.2939 -0.348102 2.01269 4.51026 1.59214 127382 0 -1.23369 0.586721 0
31.8792 45.0043 1.92516 1.97351 4.43357 1.54368 175365 0 -1.53041 0.584543 0
30.603 -6.15134 0.798171 0.955978 0.991072 1.607 100481 0 -1.02143 0.581968 1
15.0071 -4.33332 0.658132 0.564405 0.637839 0.832441 103240 0 -1.63023 0.57187 1
-45.6239 17.8227 -0.0449759 2.03879 4.55046 1.62566 135343 0 -1.24198 0.569441 0
-44.0279 23.1593 0.208065 2.04542 4.57745 1.63675 143304 0 -1.22038 0.566062 0
-31.9021 42.0277 1.13267 1.94146 4.3025 1.62707 170954 0 1.94264 0.56393 0
37.0025 30.228 1.69433 2.37588 5.43404 1.89432 153853 0 -1.47145 0.563875 0
29.3726 -6.52012 0.758099 0.774659 0.901149 1.57347 100009 0 -1.50218 0.563746 1
-46.5586 14.8295 -0.17683 2.00441 4.39303 1.5737 131128 0 -1.235 0.558686 0
30.8772 18.7719 1.11024 1.82824 4.29813 1.42745 136986 0 -1.51373 0.555866 0
-40.1169 17.1605 0.0597733 1.97541 4.33421 1.77867 134424 0 1.82883 0.554113 0
-62.2403 11.6993 -0.442924 1.91063 4.26825 1.53411 126399 0 2.4783 0.552356 0
-5.28104 44.2774 2.08483 2.05807 4.58486 1.66187 174313 0 -1.50106 0.548116 0
-46.2507 56.1081 0.734004 2.10737 4.58327 1.55771 191501 0 -1.2839 0.541897 0
30.8735 21.6806 1.17572 1.95746 4.5545 1.43771 141198 0 -1.5429 0.530534 0
-44.0191 58.3703 1.12119 2.11261 4.46253 1.73232 194784 0 -1.31657 0.526726 0
54.5343 11.3062 1.35972 2.05759 4.64453 1.58725 126296 0 1.59912 0.526626 0
-1.11282 20.0529 1.24056 2.06095 4.7666 1.56189 138758 0 1.7026 0.525289 0
23.8016 15.9009 1.07794 1.95763 4.33939 1.48758 132752 0 1.25862 0.524806 0
61.2152 23.8683 1.92631 2.05021 4.49005 1.60815 144569 0 -3.01673 0.521632 0
-5.93823 31.8762 1.71032 2.14177 4.91278 1.53137 156059 0 -1.531 0.521621 0
-6.23605 31.9015 1.69826 2.22252 5.13975 1.5543 156058 0 0.786861 0.51988 0
-28.9635 9.37007 -0.0498518 2.02522 4.56051 1.52091 123227 0 -1.30658 0.519513 0
7.48251 -5.57449 0.736761 0.872221 1.29028 1.5854 101345 0 1.40049 0.514771 1
-24.7807 22.2229 0.60196 2.02366 4.4828 1.53035 141960 0 -1.32496 0.51275 0
36.327 21.1885 1.3911 2.04142 4.70181 1.58696 140747 0 1.63093 0.507046 0
-47.5101 9.51666 -0.0253472 2.13588 4.88993 1.8122 123169 0 -1.24093 0.506621 0
14.141 -3.98232 0.983659 0.898407 1.0192 1.9194 103706 0 -1.4707 0.505366 1
17.7564 28.6899 1.41784 2.02548 4.70574 1.47421 151453 0 1.60745 0.494698 0
-4.35754 58.7668 2.20266 1.92517 4.38973 1.59281 195376 0 -1.54009 0.48501 0
-62.2414 11.9273 -0.452535 2.03674 4.55033 1.55776 126867 0 2.02423 0.482763 0
-32.7943 39.2201 0.800891 1.98786 4.46523 1.4774 166739 0 1.9859 0.481116 0
-68.9882 5.25101 -0.593813 1.90829 4.20699 1.64783 117018 0 1.9845 0.480481 0
-19.0501 38.2521 0.8453 2.03738 4.59487 1.47006 165378 0 -1.18562 0.478454 0
36.9475 26.9567 1.38267 2.15787 5.01944 1.57426 149173 0 1.7031 0.47656 0
29.8429 -6.59331 0.750783 0.86807 1.12137 1.61031 100011 0 -1.56554 0.46827 1
29.8919 -6.17485 0.699514 0.770154 0.899056 1.35014 100479 0 -1.49196 0.461882 1
23.8097 16.07 1.09159 1.98874 4.393 1.48573 133220 0 1.57041 0.460869 0
-61.96 11.6843 -0.441171 1.75589 3.82229 1.47838 126400 0 -3.02618 0.457835 0
19.0347 46.5589 2.09852 1.93946 4.28316 1.55861 177665 0 1.54963 0.457377 0
49.4326 20.3158 1.54075 2.00585 4.45957 1.5556 139384 0 -1.47371 0.456751 0
4.58789 40.041 1.78956 0.885703 0.787519 1.71681 168260 0 -0.159811 0.445129 1
-62.4945 11.6918 -0.435471 2.06843 4.66934 1.60941 126398 0 -1.68995 0.444735 0
-6.53451 32.0616 1.73316 2.30454 5.34793 1.55433 156525 0 1.60051 0.443454 0
-16.3689 -14.5675 0.346956 0.876385 0.954704 1.70057 88166 0 -1.73117 0.438538 1
-42.0962 9.45812 -0.333523 2.05092 4.61803 1.5524 123186 0 1.87408 0.434304 0
18.7278 43.3777 1.99195 2.02698 4.57436 1.54963 172984 0 1.57785 0.432189 0
7.50811 -5.09165 0.792802 0.8606 0.872981 1.76078 102281 0 1.74319 0.43208 1
-37.5974 22.2955 0.320761 2.01519 4.4478 1.75351 141920 0 1.81495 0.43154 0
-4.63851 49.4668 1.95084 1.98794 4.58673 1.58539 181803 0 -1.54468 0.428602 0
33.1139 56.7567 1.88315 1.98331 4.42454 1.53323 192685 0 -1.524 0.417665 0
41.1637 29.0911 1.57218 0.886757 0.917094 1.76809 151994 0 -2.86145 0.415391 1
-6.25495 32.0513 1.72738 2.33999 5.46134 1.57767 156526 0 -1.22094 0.41507 0
18.0672 -11.3265 0.821572 2.08297 4.56176 1.7298 92954 0 0.0786002 0.413113 0
-5.59518 28.9421 1.54577 2.03717 4.70975 1.52442 151848 0 -1.46886 0.40701 0
-27.3593 17.7664 0.554808 2.13843 4.82194 1.88299 135400 0 1.78064 0.404832 0
37.5976 44.6379 1.90057 1.99624 4.54095 1.53977 174915 0 1.59671 0.391084 0
69.2891 -8.80237 0.695677 1.95827 4.39351 1.52589 96858 0 -1.45927 0.387307 0
49.4405 14.5182 1.32884 2.02174 4.63949 1.62083 130960 0 -1.55704 0.384754 0
1.45492 52.6076 1.93953 2.00054 4.58928 1.63305 186502 0 1.56911 0.383747 0
0.836464 40.5039 1.66724 2.01098 4.57317 1.5375 168716 0 1.56935 0.382867 0
11.4163 -2.92741 0.73894 0.740477 0.818586 1.57262 105101 0 3.13767 0.379355 1
-3.99831 55.8439 2.1198 1.977 4.4431 1.54787 191165 0 -1.56098 0.37588 0
-32.5327 5.39267 -0.165367 0.975158 0.926279 1.76564 117132 0 -1.56061 0.373353 1
-48.1112 9.75621 -0.0161606 2.43577 5.99106 2.04089 123635 0 -1.25696 0.371738 0
-69.2486 5.04105 -0.595077 2.04057 4.53173 1.68896 116549 0 1.80861 0.371333 0
-38.1939 22.5559 0.302434 2.0561 4.64054 1.77488 142386 0 1.83055 0.368797 0
41.3205 29.2222 1.61243 0.869936 0.895725 1.78699 152463 0 -2.86472 0.367058 1
19.6393 31.8284 1.38225 2.1081 4.77087 1.56064 156139 0 1.60024 0.366622 0
-5.2619 68.298 2.60242 2.05926 4.75143 1.60283 209413 0 -1.45218 0.366397 0
2.07555 55.2116 2.28078 2.1942 4.81501 1.90694 190248 0 1.52883 0.361454 0
-3.38428 64.8094 2.41096 2.1229 4.8101 1.64646 204271 0 -1.46554 0.35842 0
14.8599 74.0785 2.23981 1.94179 4.33281 1.60244 217900 0 -1.68376 0.357952 0
1.76466 55.5 2.32683 2.26766 5.08766 1.94366 190715 0 1.55897 0.356573 0
14.6328 64.5628 2.05394 1.82496 4.07322 1.47139 203859 0 -1.51253 0.355395 0
-67.3826 11.0615 -0.624405 1.9193 4.23428 1.50688 125447 0 -1.12251 0.355043 0
-62.2335 11.437 -0.444356 1.8201 4.10287 1.49518 125931 0 -1.72058 0.349371 0
14.8758 74.3837 2.51309 1.9785 4.72257 1.66124 218368 0 -1.74424 0.34848 0
37.6001 38.8716 1.6925 1.98573 4.51463 1.51967 166491 0 1.65126 0.341621 0
-32.2176 39.1176 0.782077 2.00369 4.56639 1.45654 166741 0 1.96336 0.341112 0
31.2456 39.1104 1.81542 2.0685 4.73934 1.56067 166939 0 -1.51263 0.340099 0
54.2274 8.19521 0.998445 1.91765 4.48131 1.48584 121615 0 1.67599 0.339478 0
54.548 28.9913 1.63195 1.99785 4.45786 1.6259 152036 0 -1.59605 0.337041 0
1.70339 52.3527 1.8542 1.91351 4.3123 1.5672 186035 0 -1.6488 0.332785 0
29.898 -6.00971 0.664195 0.73439 0.810345 1.20993 100947 0 -1.20401 0.330396 1
32.1292 35.9019 1.70772 2.31905 5.42267 1.73421 162262 0 1.59528 0.328389 0
37.6257 35.3679 1.44725 2.02452 4.93943 1.51224 161343 0 2.09336 0.327791 0
9.2244 -3.5058 0.865553 0.855836 0.832281 1.74559 104626 0 2.75715 0.326676 1
14.569 73.8188 2.13026 1.89447 4.24725 1.52381 217431 0 -1.61938 0.32661 0
-29.5981 9.6591 -0.0880232 2.04465 4.52338 1.56617 123693 0 1.85806 0.326237 0
-27.9484 18.0835 0.542242 2.1557 4.81024 1.90815 135866 0 1.83498 0.324763 0
14.2566 -6.36755 0.777073 0.867195 0.99241 1.76076 100430 0 1.63203 0.324112 1
37.5868 26.7974 1.34384 2.08075 4.83687 1.56654 148707 0 -1.78368 0.32293 0
18.3647 28.9052 1.41014 2.07836 4.8414 1.50282 151923 0 1.60306 0.319487 0
32.4801 53.9857 1.7548 1.87437 4.28296 1.41272 188471 0 -1.4376 0.316638 0
37.3932 34.6936 1.55743 0.833465 0.897418 1.65696 160406 0 1.58283 0.315615 1
29.6574 -6.80135 0.756704 0.772174 0.927115 1.52434 99542 0 -1.58264 0.315026 1
-61.9393 11.4172 -0.44839 1.65819 3.60174 1.44644 125932 0 -1.51559 0.311465 0
-5.5949 59.0151 2.18022 2.00831 4.61382 1.61855 195840 0 1.62102 0.31111 0
-6.87601 26.1689 1.53735 2.14003 4.99049 1.68147 147632 0 1.62078 0.310861 0
29.6388 -6.26282 0.732709 0.846138 0.988431 1.47674 100478 0 -1.57309 0.307977 1
7.43382 -5.87039 0.676227 0.844915 0.937617 1.32928 100877 0 1.32362 0.307187 1
51.6534 46.8454 1.93949 2.06491 4.66452 1.60232 178235 0 1.44325 0.305074 0
21.2853 55.4938 2.27038 1.91536 4.19604 1.54527 190776 0 1.55275 0.302594 0
14.0513 -4.83424 0.687636 0.697013 0.767906 1.41633 102301 0 -1.485 0.302427 1
60.3169 17.7469 1.52817 2.13291 4.82732 1.74671 135674 0 2.3238 0.301779 0
37.5822 34.5348 1.56405 0.79827 0.853837 1.63714 159939 0 1.10176 0.299376 1
-44.9439 58.6783 1.01016 2.45529 5.95519 2.03366 195249 0 -1.30544 0.299172 0
51.7064 37.9001 1.79279 1.93616 4.30446 1.5377 165131 0 -1.61712 0.298402 0
51.6704 46.5964 1.89246 1.98896 4.50807 1.55595 177767 0 -1.44066 0.29827 0
49.164 20.0716 1.50452 1.90254 4.23686 1.49897 138915 0 -1.40622 0.298236 0
19.3462 46.797 2.10603 2.0397 4.58992 1.59304 178134 0 1.5316 0.296025 0
53.6124 28.9961 1.58185 1.9371 4.31331 1.51699 152033 0 -1.5118 0.294857 0
45.9225 -30.5347 -0.199862 1.93004 4.31729 1.58291 64961 0 -1.33991 0.293006 0
38.8943 35.3557 1.66184 2.00895 4.63177 1.57835 161347 0 1.62601 0.291157 0
32.4033 45.2104 1.97911 2.12825 4.88491 1.63974 175835 0 -1.54893 0.289572 0
-67.7001 2.47958 -0.50647 0.843006 0.856067 1.74079 112810 0 2.03804 0.289335 1
37.9118 38.604 1.72354 2.03483 4.57951 1.54991 166024 0 1.6787 0.289259 0
37.9057 35.3487 1.48482 2.01945 4.85216 1.52272 161344 0 -1.64607 0.289119 0
21.5924 55.2154 2.27502 1.99044 4.38671 1.59371 190309 0 1.58322 0.287675 0
1.07828 69.8987 3.23743 2.21183 4.9202 1.92765 211773 0 3.08782 0.287616 0
51.9856 37.6369 1.77662 2.02839 4.53717 1.6035 164664 0 -1.58068 0.284873 0
15.1548 -4.5012 0.578801 0.54778 0.618667 0.764991 102773 0 -1.55692 0.284855 1
-57.4413 21.5864 0.210464 1.98963 4.4835 1.60424 140922 0 -1.18637 0.284818 0
32.1284 44.7255 1.83997 1.95888 4.38258 1.57039 174898 0 -1.49812 0.284589 0
37.5986 35.6525 1.46486 2.01566 4.71 1.46788 161811 0 1.63305 0.284344 0
30.7562 -6.13356 0.79268 1.00898 0.995882 1.60535 100482 0 -1.01149 0.283256 1
50.3892 14.5229 1.36071 2.0039 4.4994 1.6554 130963 0 -1.54172 0.283005 0
-35.0449 30.2632 0.425025 1.90358 4.28095 1.48144 153628 0 1.76481 0.282357 0
-41.6527 11.9468 -0.179499 2.12067 5.00618 1.67154 126931 0 1.88493 0.282352 0
11.883 26.3131 1.27603 2.17879 5.22772 1.58579 148159 0 -1.53328 0.282232 0
32.7785 54.1806 1.8443 1.88348 4.24741 1.4398 188940 0 -1.41917 0.281679 0
-3.98829 65.0497 2.43134 2.12514 4.68322 1.71359 204737 0 -1.46355 0.280366 0
-27.0811 18.0193 0.564397 2.14224 4.85543 1.85855 135869 0 1.78235 0.279743 0
38.86 38.5646 1.833 2.02867 4.49304 1.63188 166027 0 1.63978 0.279676 0
29.8586 -6.82277 0.702271 0.726903 0.848638 1.32798 99543 0 -1.53194 0.279554 1
11.8806 -7.65341 0.704879 0.878991 0.929065 1.72532 98551 0 -2.02301 0.279394 1
-5.85742 41.0164 1.78568 2.08398 4.65872 1.51076 169631 0 -1.54372 0.278395 0
49.7072 20.5926 1.5969 2.14202 4.8384 1.66475 139853 0 -1.55529 0.277888 0
-48.7262 7.22439 -0.399231 2.28599 5.2419 1.78227 119889 0 -1.25516 0.27702 0
19.9824 40.816 1.90928 1.94336 4.26808 1.49573 169244 0 1.57481 0.276416 0
-46.8877 56.395 0.712608 2.21222 4.86753 1.63441 191967 0 -1.25446 0.275802 0
-39.153 19.4602 -0.0338929 1.73436 4.06455 1.52105 137703 0 1.84513 0.275215 0
69.001 -9.06982 0.706653 1.77293 3.96939 1.46725 96389 0 -1.46134 0.273208 0
-48.5358 4.4044 -0.394325 1.75382 3.63624 1.53678 115678 0 -1.32466 0.273206 0
55.5529 34.0719 1.65458 2.04744 4.62343 1.59752 159527 0 1.62442 0.272192 0
-40.1168 17.6723 0.0468546 2.1337 4.58323 1.80886 135360 0 1.97548 0.271884 0
15.3923 -4.32977 0.583667 0.536656 0.583161 0.821162 103242 0 -1.55793 0.271569 1
1.34873 43.9217 1.67327 1.86541 4.11437 1.4658 173866 0 1.67521 0.270039 0
37.896 44.379 1.87041 1.94219 4.49646 1.5307 174448 0 1.60618 0.269966 0
-62.5037 11.4413 -0.430281 2.01987 4.52531 1.58424 125930 0 -1.42143 0.26989 0
-4.29408 56.0994 2.14097 2.03732 4.61671 1.59329 191632 0 -1.51207 0.269401 0
38.552 38.8553 1.8202 2.00448 4.45603 1.6047 166494 0 1.61971 0.269186 0
38.5407 44.6341 1.98939 1.99062 4.42518 1.55393 174918 0 1.60489 0.269031 0
-5.92458 29.2274 1.55566 2.06133 4.75757 1.55536 152315 0 -1.47637 0.26856 0
33.4338 53.9492 1.82361 1.96709 4.40201 1.52271 188474 0 -1.47965 0.268484 0
33.7149 56.5493 1.8483 1.94986 4.34732 1.55085 192219 0 -1.4111 0.26743 0
-24.2248 21.971 0.5627 2.00307 4.47765 1.56011 141494 0 -1.29897 0.266509 0
-33.3724 39.2659 0.837599 2.07106 4.62261 1.55499 166737 0 1.98117 0.26577 0
30.249 -6.22339 0.774263 0.862881 1.06816 1.42814 100480 0 -1.31596 0.26522 1
60.2977 17.4794 1.53946 2.17965 4.86916 1.79379 135206 0 0.285593 0.263381 0
50.716 37.614 1.61587 1.85555 4.24888 1.45961 164660 0 -1.49735 0.263007 0
49.4337 23.5261 1.17728 1.88705 4.42186 1.48131 144064 0 -1.45895 0.262071 0
14.1533 -3.80103 0.928574 0.897193 1.01828 1.90168 104174 0 -1.31943 0.261462 1
14.2691 -6.74766 0.795486 0.871842 0.978175 1.79675 99494 0 1.6079 0.261345 1
-6.87115 29.2709 1.61026 2.10094 4.77479 1.61625 152312 0 -1.51294 0.260147 0
-3.69759 55.5926 2.09781 1.94441 4.34255 1.52514 190698 0 -1.57505 0.259464 0
-61.691 11.6428 -0.480842 1.67447 3.57849 1.44934 126401 0 -1.09447 0.25943 0
-32.4159 42.3182 1.13911 2.22246 5.35056 1.81953 171420 0 1.92534 0.258107 0
-42.3551 9.20193 -0.340705 2.09912 4.68006 1.59516 122717 0 1.80323 0.257344 0
29.3344 -6.35998 0.746034 0.802663 0.915985 1.54741 100477 0 -1.50046 0.257235 1
31.4823 21.8524 1.18945 2.01561 4.61635 1.50077 141668 0 -1.54561 0.256966 0
-24.5229 22.4604 0.597134 2.02732 4.42019 1.54491 142429 0 -1.3764 0.256901 0
-45.9994 14.8032 -0.224759 1.98971 4.41739 1.5826 131130 0 -1.20699 0.254975 0
31.8693 54.1981 1.785 1.9219 4.37095 1.44713 188937 0 -1.503 0.253775 0
14.1809 -4.27014 0.851747 0.813009 0.913736 1.75178 103238 0 -1.51038 0.253147 1
17.4716 28.4005 1.43605 2.01112 4.58748 1.48038 150984 0 1.61824 0.252309 0
-57.1292 21.9044 0.1751 1.95815 4.43035 1.59032 141391 0 -1.20924 0.251638 0
14.9562 -4.50646 0.658484 0.598053 0.664064 0.875159 102772 0 -1.63104 0.251259 1
-46.5497 52.6471 0.752766 1.95161 4.40501 1.51326 186352 0 -1.20739 0.25097 0
-35.0681 30.4912 0.413819 1.91122 4.34405 1.49215 154096 0 2.3484 0.250451 0
32.5596 55.5176 1.96262 1.97751 4.24074 1.51398 190811 0 -3.01763 0.250376 0
-44.1141 20.3547 -0.0723923 1.77433 3.77087 1.51488 139092 0 -1.24694 0.250352 0
14.4902 -4.64626 0.70844 0.679229 0.782207 1.26627 102771 0 -1.64011 0.25022 1
46.5379 -27.9538 -0.019873 2.03753 4.5964 1.69473 68707 0 -1.37545 0.24951 0
-25.3899 22.2912 0.588843 2.04373 4.57292 1.51695 141958 0 1.47156 0.249284 0
1.13279 55.2376 2.43336 2.43772 5.98679 2.10394 190245 0 -1.61314 0.248062 0
-26.7754 17.4653 0.529034 2.11486 4.85595 1.8213 134934 0 1.71865 0.24779 0
1.71811 52.8861 1.91515 1.89732 4.21023 1.55861 186971 0 -1.56525 0.247685 0
14.649 58.1864 1.90552 1.81615 4.14485 1.44228 194499 0 -1.40963 0.247357 0
-4.02946 49.7264 2.0069 2.04514 4.64748 1.63862 182273 0 -1.58113 0.247157 0
68.6661 10.0735 1.35295 2.063 4.55707 1.64251 124468 0 0.0134998 0.246696 0
40.9211 29.2533 1.55922 0.906324 0.910793 1.79895 152461 0 -2.68034 0.246666 1
-5.54958 40.5944 1.71476 1.95415 4.44545 1.4875 168696 0 -1.50253 0.245604 0
14.5612 -4.32935 0.758013 0.689212 0.846995 1.35813 103239 0 -1.55877 0.245142 1
41.3418 29.0636 1.58694 0.854523 0.909007 1.75369 151995 0 -2.94487 0.2444 1
13.6033 73.8046 2.05851 1.97073 4.48566 1.48266 217428 0 -1.62674 0.244015 0
36.9448 33.0496 1.54788 0.755971 0.839773 1.62334 158065 0 -1.06746 0.242231 1
37.6237 35.0107 1.49485 1.11967 2.14429 1.57571 160875 0 -2.23771 0.240503 0
41.4323 56.1617 2.21907 2.02176 4.50106 1.67644 191775 0 2.05193 0.240374 0
19.6331 46.5916 2.09336 2.07001 4.6905 1.62103 177667 0 -2.40703 0.240172 0
48.5646 11.4693 1.15926 1.80638 4.12361 1.64469 126277 0 -1.52178 0.239732 0
-4.35052 49.196 1.94102 1.98774 4.50675 1.56911 181336 0 -1.47686 0.238611 0
38.5726 35.6517 1.59376 1.98911 4.67214 1.53899 161814 0 1.60504 0.237803 0
19.0118 43.1227 2.05126 2.04464 4.52874 1.57827 172517 0 1.60494 0.237235 0
16.7427 -3.24171 0.77506 0.796177 0.884856 1.55233 104650 0 -0.0751445 0.236978 1
60.5747 17.7531 1.59502 2.32695 5.34038 1.78642 135675 0 0.693621 0.236818 0
-67.6621 10.786 -0.592064 2.04444 4.53763 1.57233 124978 0 -1.18367 0.236059 0
39.2084 35.065 1.71462 1.99813 4.515 1.60581 160880 0 -1.42154 0.23596 0
42.0823 56.7987 2.32537 2.06026 4.64274 1.68679 192713 0 2.7561 0.235849 0
41.1271 29.474 1.58331 0.873086 0.946713 1.81908 152930 0 -2.92845 0.235807 1
69.545 -8.53588 0.690804 2.14967 4.9027 1.62123 97327 0 -1.459 0.23505 0
-35.0369 33.7546 0.695006 1.97871 4.5071 1.60689 158776 0 1.78775 0.234452 0
60.3353 18.0577 1.52317 2.05323 4.60827 1.70014 136142 0 3.1056 0.2338 0
38.226 35.3552 1.53334 2.01521 4.71715 1.52376 161345 0 2.16439 0.232089 0
30.2341 -6.53878 0.70218 0.791136 1.09923 1.37787 100012 0 -1.52334 0.231459 1
-3.6534 64.5388 2.41408 2.00336 4.46978 1.62107 203802 0 -1.41322 0.231279 0
-4.65666 68.0851 2.54311 1.85554 4.28222 1.5731 208947 0 -1.45468 0.230854 0
54.884 20.6291 1.34355 1.96164 4.41097 1.47355 139869 0 1.6897 0.230627 0
48.7918 20.5541 1.51601 2.09539 4.65084 1.63145 139850 0 -1.58691 0.23019 0
49.7643 23.2322 1.23993 1.88223 4.30088 1.46983 143597 0 -1.40167 0.229556 0
46.212 -33.428 -0.301981 2.03432 4.66998 1.58589 60750 0 -1.44521 0.228783 0
50.3934 23.212 1.33257 1.93461 4.36092 1.45775 143599 0 -1.44091 0.227596 0
17.7695 29.1964 1.38851 1.98937 4.59309 1.51913 152389 0 1.63343 0.227547 0
30.3083 18.929 1.12807 1.93048 4.5653 1.46927 137452 0 -1.52553 0.226991 0
1.3455 43.4425 1.64942 1.82385 3.98564 1.46136 172930 0 1.53336 0.225388 0
23.7973 15.61 1.07132 1.92463 4.27718 1.49224 132284 0 0.288205 0.225128 0
-5.88731 44.0833 2.00376 2.13745 4.91505 1.69608 173843 0 1.51464 0.2249 0
-4.70689 44.1084 2.00273 2.02352 4.67923 1.74539 173847 0 -1.52266 0.224434 0
13.2373 -9.48473 0.576351 0.788762 0.8182 1.50307 95747 0 2.47867 0.224059 1
16.7451 -3.15237 0.806932 0.789291 0.898564 1.60587 105118 0 0.678405 0.222875 1
15.1658 -4.13831 0.641661 0.554261 0.591709 0.853603 103709 0 -1.31334 0.222669 1
-5.57908 49.4677 2.01423 2.0913 4.78714 1.68498 181800 0 1.496 0.222414 0
15.1826 64.2723 2.07578 2.03237 4.68245 1.62278 203393 0 -1.41931 0.222084 0
-56.8119 22.2331 0.176817 2.01028 4.53843 1.59896 141860 0 -1.17233 0.221963 0
37.8938 35.0736 1.52201 1.30826 2.7388 1.55185 160876 0 -1.94658 0.221832 0
1.44736 52.0672 1.89768 2.03798 4.60918 1.65599 185566 0 1.51262 0.220865 0
-57.71 21.337 0.246778 2.1059 4.68063 1.65226 140453 0 -1.18131 0.22045 0
69.0756 -5.24268 0.86935 1.83728 3.86932 1.5274 102005 0 -1.41148 0.219695 0
-34.7162 33.4805 0.68868 1.9699 4.5166 1.6072 158309 0 1.39327 0.218404 0
14.8724 74.7166 2.48199 2.10191 5.00213 1.70097 218836 0 -1.7545 0.218337 0
55.1998 14.2403 1.13862 1.98872 4.52629 1.53264 130510 0 1.59317 0.217928 0
-41.8287 9.71072 -0.265255 2.03316 4.49187 1.54062 123655 0 1.85841 0.217509 0
53.2656 49.4487 2.17805 2.05256 4.60202 1.70963 181984 0 -1.60482 0.216628 0
68.9283 10.3728 1.25845 2.04239 4.507 1.61893 124937 0 -0.0419529 0.216242 0
-45.0336 17.7403 -0.0797427 2.06917 4.64777 1.6631 135345 0 -1.22136 0.216231 0
-36.9539 22.0167 0.328577 2.03196 4.59963 1.73366 141454 0 1.80599 0.215567 0
55.1751 29.2107 1.6554 2.0649 4.65051 1.76155 152506 0 -1.62086 0.215515 0
-59.9935 17.1458 -0.366213 2.12532 4.74888 1.66378 134362 0 -0.473636 0.215212 0
48.4977 23.5369 1.04852 1.94934 4.60044 1.5349 144061 0 -1.53062 0.214841 0
3.89129 -2.6384 0.726072 0.72983 0.809557 1.68234 105546 0 1.5379 0.214618 1
21.2901 58.3982 2.36365 2.02801 4.51451 1.6167 194988 0 1.56618 0.21413 0
51.045 37.8716 1.72916 1.90951 4.26817 1.48871 165129 0 -1.55392 0.214028 0
55.8504 20.3258 1.31796 2.00015 4.53057 1.52787 139404 0 1.57342 0.214008 0
38.5812 38.2883 1.7878 2.01301 4.5049 1.60618 165558 0 1.67606 0.21392 0
37.3182 35.4011 1.47348 2.01528 4.65361 1.5442 161342 0 1.6927 0.213909 0
14.6535 67.8852 2.26466 1.97936 4.23126 1.73763 209007 0 -1.61885 0.213611 0
51.9711 38.1809 1.81049 2.04253 4.5646 1.62067 165600 0 -1.62583 0.213352 0
12.7414 46.9573 1.74434 1.71608 3.70135 1.43476 178113 0 -1.52699 0.213339 0
-0.140945 26.6102 1.32101 2.03791 4.67502 1.53128 148589 0 1.65802 0.213222 0
24.4188 15.9094 1.08571 1.98494 4.34231 1.49793 132754 0 1.567 0.212926 0
18.4452 41.0457 1.82966 2.00869 4.61413 1.48986 169707 0 1.61942 0.212524 0
41.1235 55.8772 2.21369 2.06958 4.6196 1.71903 191306 0 1.90978 0.212486 0
50.4019 37.8732 1.61329 1.88291 4.20918 1.46014 165127 0 -1.46674 0.211971 0
41.7577 56.4883 2.27552 2.00646 4.50699 1.66763 192244 0 2.4728 0.211898 0
37.9143 35.9666 1.52321 1.94479 4.42806 1.47469 162280 0 1.6425 0.211741 0
33.4289 57.0143 1.86604 2.03552 4.50067 1.57138 193154 0 -1.54482 0.211724 0
36.9516 32.8666 1.54728 0.772901 0.832603 1.64254 157597 0 -0.922817 0.211616 1
55.2022 23.2121 1.52824 2.00913 4.64751 1.61264 143614 0 1.64425 0.211442 0
48.8155 23.7771 1.10076 1.95875 4.54842 1.52254 144530 0 -1.44413 0.211319 0
51.0732 46.6025 1.84024 1.92492 4.25927 1.49106 177765 0 1.49325 0.211113 0
-41.4134 12.2132 -0.177273 2.09086 4.86894 1.62547 127400 0 1.91447 0.210206 0
-67.9451 11.333 -0.585282 2.18549 4.96072 1.64025 125913 0 -1.09694 0.210141 0
21.2944 54.928 2.24421 1.95375 4.33351 1.59855 189840 0 1.62165 0.210063 0
37.9121 39.1236 1.76108 2.02284 4.5286 1.5728 166960 0 1.61235 0.20961 0
-59.6916 17.1293 -0.405996 2.09758 4.76407 1.64578 134363 0 -1.00573 0.209608 0
30.6287 38.9781 1.73524 1.89903 4.38684 1.54587 166469 0 1.6049 0.209577 0
-54.4673 47.8485 0.608309 2.29731 5.59049 1.80397 179307 0 -1.21381 0.209525 0
7.71203 -5.26526 0.81076 0.932929 1.28569 1.79539 101814 0 1.68543 0.209192 1
48.865 14.3444 1.2605 1.94302 4.37119 1.60445 130490 0 -1.53955 0.208998 0
-6.23071 22.924 1.30574 1.98907 4.64579 1.49778 142954 0 -1.54144 0.208542 0
-34.4477 30.2005 0.463871 1.91884 4.34879 1.48589 153630 0 -1.59961 0.208297 0
19.3072 43.6084 2.04924 2.02528 4.54254 1.59746 173454 0 1.54108 0.20803 0
39.5011 35.3492 1.71357 2.07012 4.68923 1.62344 161349 0 1.50695 0.207929 0
30.513 -6.51057 0.705185 0.784578 0.867773 1.34212 100013 0 -1.04458 0.207294 1
49.11 23.2151 1.1144 1.79912 4.24508 1.46019 143595 0 -1.43405 0.206901 0
31.4594 18.9216 1.09218 1.93709 4.41345 1.494 137456 0 -1.53834 0.206677 0
-5.32868 31.6312 1.69919 1.99931 4.7192 1.56385 155593 0 -1.46591 0.206111 0
50.0959 22.9103 1.31874 1.89903 4.26885 1.45658 143130 0 -1.37718 0.206074 0
14.6399 67.4463 2.21349 1.81162 3.91141 1.68442 208071 0 -1.55122 0.205996 0
55.1986 15.2196 1.08344 1.93813 4.39573 1.50987 131914 0 1.6191 0.204614 0
-64.1167 6.66668 -0.520225 2.27724 5.0438 1.77425 118905 0 -1.26013 0.204022 0
69.0032 -8.55308 0.709953 1.7747 3.95855 1.48057 97325 0 -1.48067 0.203848 0
-46.2669 52.9211 0.763138 1.94327 4.34443 1.50635 186821 0 -1.25903 0.203778 0
1.78818 54.9354 2.26214 1.57251 2.69542 1.86919 189779 0 1.61064 0.20359 0
42.7062 56.8293 2.43579 1.9926 4.48587 1.66659 192715 0 3.01219 0.20347 0
-67.6943 2.61217 -0.486378 0.842741 0.848522 1.72187 113278 0 2.1335 0.203394 1
-53.7005 48.0695 0.599606 2.10172 4.52324 1.59177 179778 0 -0.914212 0.203329 0
-35.6813 34.0618 0.719327 1.9621 4.29373 1.57287 159242 0 2.00677 0.203115 0
37.8201 34.7368 1.57403 0.914849 1.30369 1.61581 160408 0 -2.22212 0.202702 1
68.7064 -8.81283 0.735856 1.51643 3.24483 1.38688 96856 0 -1.48304 0.201665 0
15.7371 55.4287 2.23477 2.30122 5.35535 1.88483 190759 0 -1.53964 0.201358 0
53.6303 29.1839 1.60504 1.95331 4.39845 1.52619 152501 0 2.30094 0.201279 0
49.4396 19.7554 1.47519 1.98106 4.45889 1.52407 138448 0 -1.36866 0.200877 0
-4.97896 44.5221 2.06879 2.08067 4.46129 1.66923 174782 0 -1.49573 0.20038 0
30.3165 21.8272 1.17562 2.02062 4.71418 1.44918 141664 0 -1.53679 0.200148 0
61.6317 17.4712 1.68627 2.07599 4.56978 1.7136 135210 0 1.49429 0.199934 0
36.7145 44.6709 1.82604 1.91606 4.2986 1.52783 174912 0 1.57191 0.1996 0
-32.6913 5.33036 -0.184734 0.917877 0.934436 1.7074 117131 0 -1.65558 0.199446 1
51.3625 47.141 1.93626 2.13968 4.72588 1.63322 178702 0 1.14033 0.199254 0
-67.1095 11.31 -0.674128 1.8547 4.04414 1.48587 125916 0 -1.08485 0.199177 0
-26.6938 22.8594 0.586573 2.11633 4.69852 1.55409 142890 0 1.85204 0.198437 0
52.9795 49.7481 2.14976 1.93824 4.33285 1.61459 182451 0 -1.62412 0.198382 0
42.3927 57.0829 2.39339 2.14955 4.86749 1.73236 193182 0 2.90867 0.198267 0
-27.141 14.7555 0.386033 2.32331 5.7193 1.95569 131189 0 1.8229 0.198255 0
49.4574 20.8806 1.63966 2.08365 4.61345 1.62287 140320 0 -1.61492 0.19786 0
-27.6528 17.5275 0.526054 2.15558 4.74973 1.8862 134931 0 1.76979 0.197462 0
34.0065 56.7796 1.84023 2.10319 4.73811 1.66932 192688 0 -1.45745 0.19743 0
-56.8274 21.3073 0.225606 1.90282 4.2353 1.59882 140456 0 -1.21198 0.197235 0
13.8124 43.7605 1.66764 2.21141 5.15472 1.79516 173437 0 -1.50433 0.196174 0
55.5004 20.618 1.34505 2.06909 4.66824 1.53746 139871 0 1.59049 0.196072 0
-18.6287 23.1068 0.815092 2.20143 5.19044 1.66806 143383 0 1.72375 0.195661 0
31.5666 38.6645 1.78479 1.74847 3.94754 1.52814 166004 0 -1.48277 0.194635 0
55.193 14.889 1.08611 1.94817 4.46816 1.50725 131446 0 1.60186 0.194567 0
54.8676 25.7834 1.56631 1.94076 4.3562 1.53787 147357 0 -1.59094 0.19424 0
54.8897 23.4929 1.57104 1.95703 4.38906 1.56869 144081 0 1.7102 0.193734 0
-3.08746 55.7958 2.18473 2.03524 4.60722 1.57757 191168 0 -1.53493 0.193231 0
-57.1336 22.873 0.213045 2.05447 4.58179 1.59063 142795 0 -1.13247 0.193194 0
-46.9629 12.5451 -0.348998 1.97027 4.26023 1.59214 127851 0 -1.22303 0.192827 0
-19.9152 35.1359 1.19452 2.04208 4.47904 1.46572 160695 0 -1.16247 0.19266 0
39.5238 53.602 1.85648 1.98503 4.50558 1.63257 188025 0 1.9322 0.191799 0
-58.0434 21.8979 0.207928 2.13447 4.87871 1.68521 141388 0 -1.14449 0.191781 0
7.30518 -5.63583 0.724181 0.851811 1.27116 1.5138 101344 0 1.19584 0.191768 1
49.4302 22.9109 1.20361 1.85295 4.34863 1.46191 143128 0 -1.42351 0.191136 0
-31.2214 41.7318 1.08302 1.93865 4.26056 1.56532 170488 0 2.0046 0.190708 0
35.6098 6.4755 1.067 0.757544 0.932971 1.75063 119217 0 1.62205 0.190627 1
-47.6018 6.90471 -0.372215 1.81795 4.01741 1.51928 119425 0 -1.22178 0.190584 0
-4.61243 64.8323 2.43296 2.09406 4.80066 1.77114 204267 0 -1.46726 0.190489 0
-57.4343 22.5641 0.200589 2.05153 4.65057 1.60986 142326 0 -1.16823 0.190395 0
53.6563 8.20198 1.03004 1.64746 3.74448 1.41255 121613 0 1.69468 0.19038 0
-19.6054 38.3207 0.960656 2.05556 4.63257 1.48047 165376 0 -1.20305 0.190085 0
-5.93029 49.7257 2.00738 2.07533 4.70148 1.74157 182267 0 1.59804 0.190077 0
1.09914 70.5279 3.2075 2.62368 6.30367 2.27044 212709 0 3.12583 0.190034 0
13.3967 38.0342 1.67722 1.78647 3.86711 1.59343 165011 0 -1.52088 0.18999 0
23.5874 15.6087 1.07682 1.89803 4.1644 1.48748 132283 0 0.862264 0.189906 0
-56.5031 21.9102 0.179263 1.91045 4.22409 1.58917 141393 0 -1.20245 0.189227 0
53.71 5.37872 1.22107 1.86632 4.47681 1.68488 117401 0 1.64393 0.189077 0
-39.1895 28.9359 0.603221 0.889809 0.963501 1.6856 151743 0 -1.18676 0.188853 1
54.5765 26.0507 1.58604 1.91761 4.28467 1.54622 147824 0 -1.60307 0.188374 0
19.6413 40.5766 1.93148 1.98201 4.42857 1.49241 168775 0 1.60452 0.188304 0
68.939 11.6759 1.03297 2.05011 4.60251 1.61666 126809 0 -0.703656 0.188203 0
-60.3181 17.4325 -0.320402 2.12227 4.73991 1.66382 134829 0 -0.916691 0.188 0
4.44239 40.0627 1.80511 0.90783 0.840694 1.73751 168259 0 -0.103822 0.187359 1
18.1604 31.6341 1.41245 2.00695 4.54825 1.5358 155666 0 1.59922 0.186699 0
54.887 14.5513 1.07539 1.97466 4.5533 1.50703 130977 0 1.59377 0.186625 0
13.0161 46.6766 1.6933 1.81473 4.08423 1.47899 177646 0 -1.48478 0.18628 0
-46.8564 52.3342 0.75261 1.98949 4.49695 1.56195 185883 0 -1.23257 0.185356 0
21.9149 67.0323 2.30047 2.07747 4.68402 1.70624 207626 0 1.64625 0.185251 0
55.8186 34.339 1.74125 2.10358 4.81732 1.66983 159996 0 1.65472 0.184934 0
-33.4228 39.7611 0.881351 2.14111 4.77062 1.63506 167673 0 2.00059 0.184512 0
0.682716 28.9758 1.35827 1.72971 3.79736 1.46863 151868 0 1.64237 0.18434 0
14.8697 73.5194 2.22247 1.91764 4.33805 1.61771 216964 0 -1.59057 0.184101 0
14.1386 -3.06855 0.796972 0.798383 0.953899 1.6839 105110 0 -1.46334 0.18396 1
0.855576 6.1914 1.61906 1.20816 1.33896 1.9914 118640 0 -1.20878 0.183738 1
7.30363 -5.89184 0.633111 0.827017 0.90385 1.28075 100876 0 1.60131 0.183612 1
-39.6081 17.361 0.13545 2.00456 4.20325 1.78522 134894 0 1.93587 0.183213 0
54.0176 11.3203 1.30714 1.6768 3.66587 1.44763 126294 0 1.63744 0.182631 0
14.9385 -4.11951 0.738395 0.617068 0.670492 1.02521 103708 0 -1.51455 0.182628 1
-5.25773 49.1871 1.99926 2.0221 4.58023 1.59788 181333 0 -1.49436 0.182505 0
0.704247 31.6114 1.6748 1.89429 4.09371 1.81392 155612 0 1.63841 0.182261 0
56.157 20.0244 1.31173 1.95202 4.32305 1.4844 138937 0 1.59183 0.181769 0
-25.7436 22.5076 0.596579 2.04528 4.4936 1.51254 142425 0 1.73841 0.181613 0
-18.4245 37.9445 0.908352 2.16696 5.04598 1.63267 164912 0 -1.21844 0.181098 0
1.08273 40.2417 1.64934 1.9913 4.4435 1.53644 168249 0 1.56882 0.181032 0
-4.57885 58.4844 2.19433 1.80059 4.0776 1.51383 194907 0 -1.48477 0.180975 0
-35.6371 30.517 0.411776 1.9721 4.39393 1.51229 154094 0 1.99201 0.180216 0
-47.5755 9.96341 -0.0483111 2.30055 5.48129 1.88085 124105 0 -1.23493 0.179842 0
-67.6658 11.6096 -0.632464 2.07588 4.69055 1.58452 126382 0 -1.0662 0.179776 0
39.5238 54.8906 2.07827 2.05073 4.5433 1.67327 189897 0 -3.07248 0.179231 0
60.565 18.0567 1.58132 2.24478 5.08118 1.76709 136143 0 2.21107 0.179047 0
-49.4042 4.11989 -0.32621 2.37472 5.21188 1.83472 115207 0 -1.39555 0.179006 0
-43.4526 23.0966 0.157841 2.08484 4.61316 1.7172 143306 0 -1.20128 0.178635 0
7.33371 -5.25204 0.806577 0.909425 1.19289 1.77676 101812 0 1.63812 0.178569 1
54.8966 15.5092 1.07994 1.90881 4.35283 1.5071 132381 0 1.66246 0.178489 0
68.65 9.49306 1.39887 2.18554 4.88779 1.71851 123532 0 -0.166507 0.178375 0
0.499977 55.503 2.8338 2.76462 7.09283 2.57516 190711 0 -1.56671 0.17835 0
31.8657 45.4857 2.03721 2.03705 4.55365 1.58411 176301 0 -1.49312 0.177624 0
54.5895 20.3365 1.25712 1.80293 3.57618 1.44598 139400 0 1.60609 0.177497 0
54.5072 7.93118 1.01862 1.99806 4.72327 1.55618 121148 0 1.67566 0.176984 0
38.2297 35.1011 1.55626 1.94259 4.53673 1.55288 160877 0 -2.29839 0.176772 0
21.5843 55.8003 2.35056 1.96857 4.34733 1.57069 191245 0 1.49641 0.176559 0
-7.76134 42.7259 1.53054 0.803797 0.763834 1.74642 171965 0 -2.11733 0.176343 1
-22.5622 -9.3679 0.946278 0.800882 0.868029 1.76397 95635 0 1.37483 0.176162 1
37.6178 38.2961 1.62653 1.9658 4.45248 1.50046 165555 0 1.68657 0.175931 0
-35.9848 33.8002 0.738746 1.99994 4.47138 1.57892 158773 0 1.9489 0.175069 0
-65.747 10.8001 -1.09845 0.863752 1.79059 1.75557 124984 0 2.03947 0.175043 2
-17.1745 22.8661 0.800048 2.02304 4.48581 1.61055 142920 0 -1.53454 0.174877 0
-27.4023 18.3267 0.588446 2.09356 4.62982 1.86304 136336 0 1.78996 0.174751 0
-5.88398 44.5403 2.07376 2.31468 5.39183 1.73156 174779 0 1.44098 0.174587 0
0.365974 26.1615 1.23878 1.77566 3.94817 1.39712 147655 0 1.60477 0.174254 0
35.7706 15.4548 1.18141 1.77757 3.78037 1.43283 132321 0 1.63629 0.173914 0
30.252 -5.99163 0.782235 0.880428 1.003 1.4878 100948 0 -0.797844 0.173805 1
14.1454 -3.2864 0.857331 0.837739 0.98313 1.74943 104642 0 -1.4403 0.173764 1
45.9464 -33.7224 -0.348904 1.96981 4.4447 1.55605 60281 0 -1.38853 0.173576 0
-41.3941 11.476 -0.16413 1.87644 4.26972 1.54979 125996 0 1.86422 0.173155 0
