44.3044 -6.91829 1.3859 2.92994 7.90405 3.12098 99588 0 1.62342 0.961567 0
18.407 11.7392 1.05899 2.13645 4.92378 1.54957 126651 0 1.64015 0.953098 0
-6.83228 11.3158 1.00435 1.99817 4.5387 1.47634 126104 0 -1.47686 0.939107 0
10.6614 12.729 1.1838 2.23414 5.16947 1.90093 128031 0 -1.57 0.932387 0
36.0337 9.10476 1.0543 1.98037 4.59551 1.50077 122962 0 1.68477 0.927121 0
30.8688 9.34967 1.14992 2.01552 4.49206 1.70339 123414 0 -1.4609 0.924706 0
-1.98544 11.0717 1.11989 2.05015 4.62361 1.76178 125651 0 1.62429 0.916512 0
-0.882538 17.084 1.33144 2.13011 4.83066 1.84579 134547 0 1.61484 0.916296 0
-16.3818 -0.136734 0.519348 1.94676 4.38306 1.47258 109226 0 -2.28331 0.915001 0
30.6202 15.9212 1.23366 1.97148 4.44899 1.69682 132773 0 -1.49486 0.892175 0
-18.7194 19.7337 0.987917 2.12221 4.69533 1.97571 138235 0 1.71808 0.884771 0
10.6972 15.8235 1.24122 2.2251 5.09814 1.86674 132711 0 -1.52914 0.884253 0
-44.6663 -11.1107 -0.796706 2.05106 4.48809 1.7309 93226 0 0.0199405 0.880163 0
-6.55994 17.4674 1.08319 2.06651 4.84264 1.52959 134997 0 -1.51842 0.874615 0
-46.8284 -4.98392 -0.713131 2.0957 4.69202 1.60976 102111 0 -1.54008 0.87139 0
-20.6409 32.7186 1.15609 2.35772 5.44631 1.80649 157417 0 -1.1943 0.870779 0
13.2635 41.1809 1.87531 2.11603 4.90962 1.92782 169691 0 -1.53903 0.868087 0
48.4096 8.49831 1.01391 2.05389 4.69444 1.64697 122065 0 -1.48408 0.865929 0
48.7405 5.7015 1.12199 2.19118 5.15791 1.85176 117854 0 -1.48193 0.865363 0
-19.0215 11.4882 0.82082 2.01151 4.56382 1.76712 126066 0 1.68742 0.860844 0
11.7015 22.2981 1.39896 1.9163 4.27745 1.69204 142074 0 -1.53798 0.856828 0
17.3726 22.8442 1.46454 2.12437 5.00732 1.69496 143028 0 1.62742 0.851786 0
-18.4217 13.9906 0.834268 2.09647 4.7334 1.82178 129812 0 1.75219 0.847474 0
11.38 19.3926 1.13125 1.9554 4.51199 1.49674 137861 0 -1.60583 0.8466 0
-0.398438 22.9095 1.42315 2.1829 5.08718 1.84612 142972 0 -1.48114 0.844405 0
31.2032 30.9054 1.36562 2.1027 4.85614 1.50978 154771 0 1.58649 0.843977 0
-29.6282 6.59036 -0.113996 2.05686 4.59145 1.58826 119013 0 -1.28805 0.84239 0
18.4914 15.4072 1.20673 2.17513 4.67732 1.73201 132267 0 1.62219 0.836359 0
23.6491 14.471 1.04923 2.08249 4.86458 1.52434 130879 0 0.059606 0.83543 0
30.922 12.293 1.07656 1.9282 4.30346 1.48664 127626 0 1.612 0.83377 0
-42.1192 -11.6384 -0.790963 1.99219 4.38001 1.63056 92298 0 0.0435151 0.831221 0
-6.56565 20.2942 1.19021 2.0824 4.98918 1.42179 139209 0 -1.53793 0.821656 0
-42.9691 5.89678 -0.344155 1.89119 4.16998 1.48174 118035 0 1.85183 0.818056 0
0.12117 28.9798 1.39501 1.99581 4.51588 1.56478 151866 0 1.61585 0.816604 0
-1.17739 14.1381 1.09746 1.91262 4.31504 1.58694 130334 0 1.69882 0.813887 0
11.4182 26.1238 1.32122 1.89087 4.3926 1.47022 147689 0 -1.53678 0.80566 0
70.8818 -5.32162 0.926562 2.05766 4.67163 1.60984 102011 0 -1.48794 0.804682 0
13.668 38.1667 1.73888 1.98679 4.37444 1.67114 165480 0 -1.5499 0.802775 0
17.7007 19.9831 1.19659 2.04725 4.78201 1.50618 138817 0 1.63328 0.800505 0
0.201927 31.6428 1.75602 2.12193 4.87955 1.89308 155610 0 1.61316 0.800459 0
12.9514 32.3894 1.40805 2.10141 4.92598 1.49223 157054 0 -1.52559 0.799126 0
-36.4379 -11.6116 -0.666826 2.26631 5.25932 1.99245 92316 0 0.0312599 0.797526 0
-6.25065 14.4844 1.01581 2.03172 4.67896 1.49711 130786 0 -1.48199 0.792109 0
-19.6917 8.02843 0.691371 2.00775 4.55325 1.5412 121384 0 1.61659 0.791615 0
13.8158 -6.54156 0.794265 0.924718 1.07761 1.85509 99961 0 1.73037 0.789183 1
-0.16629 26.1479 1.33318 2.01096 4.61305 1.4862 147653 0 1.6201 0.783276 0
26.8257 6.19038 1.09494 0.845488 0.953786 1.84379 118721 0 0.160068 0.781682 1
7.27918 35.4155 1.53695 2.04826 4.62861 1.48902 161248 0 0.0124088 0.780542 0
17.4418 25.7524 1.57845 2.30461 5.44013 1.76828 147240 0 1.62624 0.773889 0
9.17225 -3.089 0.860609 0.853319 0.888448 1.76408 105094 0 -3.0304 0.768376 1
-18.1139 22.824 0.805487 2.00887 4.49937 1.5759 142917 0 1.57895 0.768211 0
13.2988 46.9481 1.69317 1.94038 4.43461 1.49266 178115 0 -1.52937 0.764653 0
31.1444 27.4631 1.3639 2.15406 5.06628 1.48214 149623 0 1.58751 0.762816 0
-40.4753 14.5405 -0.0883302 1.99345 4.39392 1.6348 130679 0 1.82335 0.749099 0
-49.1285 4.55347 -0.376813 2.15872 4.71809 1.7428 116144 0 -1.30444 0.748679 0
14.9017 58.422 1.99764 1.99798 4.56341 1.52717 194968 0 -1.40721 0.745952 0
-27.6998 14.7823 0.371721 2.17532 4.92925 1.91021 131187 0 1.81115 0.7454 0
15.2429 55.4268 2.196 2.02429 4.54095 1.71211 190757 0 -1.51188 0.74288 0
-5.88649 26.1359 1.5716 2.07781 4.69165 1.6617 147635 0 -1.52105 0.742596 0
31.1655 -6.24503 0.79571 0.934707 0.945248 1.61698 100483 0 0.95685 0.74169 1
-56.2376 27.276 0.157151 2.0847 4.60849 1.67056 149350 0 -1.19819 0.737063 0
6.98743 -4.94449 0.800185 0.973748 1.03089 1.78261 102279 0 1.66326 0.733224 1
48.8643 11.6046 1.14189 1.92164 4.25393 1.67411 126746 0 -1.51185 0.732162 0
13.3225 43.9787 1.6988 2.02469 4.57504 1.5933 173903 0 -1.55461 0.73184 0
-18.6607 16.9132 0.677248 1.94433 4.56964 1.5616 134023 0 1.70167 0.728612 0
12.6145 29.2494 1.39158 1.99055 4.65418 1.45168 152373 0 -1.53776 0.727916 0
36.3648 15.2844 1.17412 1.94971 4.50529 1.49557 131855 0 1.66024 0.721042 0
36.6083 12.2072 1.19737 2.09413 4.90773 1.63169 127644 0 1.63227 0.719618 0
-44.5865 20.3777 -0.0708534 2.08936 4.74113 1.59884 139090 0 -1.30094 0.716693 0
-46.2459 56.133 0.757318 2.04175 4.57578 1.52488 191501 0 -1.28552 0.706084 0
-21.3249 29.9575 0.841567 2.04482 4.53744 1.48544 153203 0 -1.27402 0.704661 0
-38.8783 19.6738 0.00201054 1.97111 4.55881 1.57884 138172 0 1.81454 0.703455 0
54.226 5.34219 1.15485 2.01831 4.83625 1.8163 117403 0 1.6593 0.702061 0
-53.9431 47.783 0.635839 2.00712 4.44922 1.51178 179309 0 -1.15105 0.700696 0
-41.1557 11.6845 -0.250776 1.7526 3.96233 1.46974 126465 0 1.80675 0.695864 0
-61.3365 14.5561 -0.431331 1.96495 4.23905 1.6719 130614 0 -1.17514 0.695011 0
30.5997 21.6701 1.19831 1.82152 4.17232 1.37381 141197 0 -1.52903 0.679797 0
-0.778511 20.0612 1.25702 2.1078 4.96563 1.60051 138759 0 1.69536 0.676189 0
14.8872 64.7301 2.09181 2.05622 4.67624 1.58671 204328 0 -1.4998 0.67486 0
1.09047 43.6537 1.65179 1.95858 4.43649 1.48194 173397 0 1.54886 0.669873 0
31.8352 38.8969 1.79366 1.92907 4.31012 1.5828 166473 0 -1.49387 0.662702 0
-32.0385 5.51688 -0.0405561 0.882832 0.867778 1.71911 117601 0 -1.41426 0.651869 1
31.5201 35.7619 1.65875 2.02799 4.66725 1.65585 161792 0 1.63033 0.648135 0
19.0003 37.9492 1.79116 2.10458 4.8091 1.63011 165029 0 1.59845 0.644945 0
-5.30594 40.8605 1.76092 2.01088 4.59472 1.49832 169165 0 -1.52558 0.64397 0
-28.6191 9.20372 -0.0402901 1.97546 4.40432 1.49154 122760 0 -1.38152 0.643961 0
29.8993 -6.65361 0.802607 0.852937 1.07426 1.61494 100011 0 -1.42373 0.639378 1
50.6682 34.9477 1.6534 2.06902 4.67184 1.5206 160916 0 -1.53503 0.638056 0
-40.125 17.1377 0.0837085 1.97843 4.3537 1.77616 134424 0 1.79991 0.634761 0
11.8826 -8.19237 0.647816 0.835024 0.904442 1.52615 97615 0 -1.81646 0.629478 1
18.4275 31.8208 1.39758 2.02009 4.57673 1.52509 156135 0 1.56241 0.616478 0
-24.5096 22.217 0.59457 2.02666 4.48153 1.55298 141961 0 -1.34186 0.615963 0
-19.6974 35.3624 1.12506 2.09281 4.70519 1.54065 161164 0 -1.13873 0.614872 0
15.1297 -4.33384 0.570224 0.546569 0.609185 0.718504 103241 0 -1.54336 0.59201 1
-42.3834 9.43032 -0.216766 2.1053 4.70231 1.60616 123185 0 1.84861 0.58794 0
15.1589 67.6501 2.21405 2.14435 4.79758 1.83152 208541 0 -1.5544 0.587245 0
41.0489 29.9305 1.57647 0.811315 0.815988 1.70336 153398 0 -2.85703 0.583823 1
-5.28374 44.2662 1.99343 2.07506 4.60016 1.67681 174313 0 -1.56274 0.576884 0
17.7531 28.6718 1.3846 2.01515 4.68015 1.47528 151453 0 1.59704 0.561959 0
-73.1313 -6.77611 -0.700004 0.894544 0.922287 1.75164 99221 0 1.73562 0.559079 1
-47.5303 9.69347 -0.0548713 2.23989 5.13142 1.90171 123637 0 -1.27432 0.555094 0
-46.533 14.8877 -0.126157 1.97328 4.29438 1.612 131128 0 -1.28099 0.554681 0
-62.2261 11.9331 -0.469022 1.96676 4.44654 1.56579 126867 0 2.02069 0.549551 0
-47.8621 6.94305 -0.378668 1.96315 4.38076 1.5898 119424 0 -1.34264 0.54827 0
-37.9454 22.2378 0.389451 1.88228 4.08334 1.7573 141919 0 1.84073 0.548051 0
-44.3222 58.4019 1.16634 2.14142 4.585 1.63397 194783 0 -1.31359 0.544068 0
36.3438 21.1886 1.38529 2.08411 4.85664 1.58844 140747 0 1.63333 0.53978 0
14.1496 -4.53538 0.711212 0.730297 0.797923 1.54019 102770 0 -2.13294 0.538493 1
2.08898 55.2091 2.25212 2.26516 5.18656 1.92269 190248 0 1.54385 0.532375 0
36.9857 30.215 1.69702 2.37479 5.43697 1.87348 153853 0 -1.492 0.526695 0
-32.1581 42.1025 1.06306 1.9552 4.55789 1.74509 170953 0 1.9334 0.526573 0
-45.6221 17.8096 -0.0631247 2.01479 4.45517 1.66571 135343 0 -1.24148 0.523318 0
-6.25667 31.918 1.67475 2.22427 5.19975 1.59588 156058 0 1.58601 0.517614 0
31.2043 18.7766 1.12489 1.89631 4.33879 1.45582 136987 0 -1.51894 0.516718 0
-68.965 5.31384 -0.595721 1.91305 4.22856 1.62788 117018 0 2.09315 0.515741 0
36.9303 26.9624 1.37106 2.17607 5.18336 1.58349 149173 0 1.6716 0.512944 0
32.7984 56.8267 1.87637 1.93167 4.38139 1.48892 192684 0 -1.55701 0.512205 0
30.1683 -6.5871 0.796072 0.902824 1.53997 1.5636 100012 0 -1.48906 0.510867 1
14.9988 -4.32833 0.623694 0.594284 0.6729 0.849712 103240 0 -1.62318 0.506829 1
-44.0283 23.1475 0.204217 1.98137 4.44074 1.63226 143304 0 -1.27541 0.504812 0
-16.3627 -14.5737 0.393661 0.89149 0.975544 1.72994 88166 0 -1.60201 0.503096 1
-32.781 39.2715 0.725948 1.93217 4.35707 1.46818 166739 0 1.96694 0.497529 0
-73.1482 -6.6853 -0.686092 0.881072 0.922068 1.75798 99689 0 2.34202 0.497305 1
19.0368 46.5713 2.08874 1.99063 4.42196 1.58066 177665 0 1.56549 0.496096 0
37.6238 34.6602 1.48837 0.764487 0.83524 1.59488 160407 0 1.56001 0.491253 1
-22.252 27.6518 0.752152 2.09786 4.6926 1.57455 149924 0 -1.31183 0.487557 0
-47.1903 12.2969 -0.251805 1.98388 4.49501 1.57349 127382 0 -1.28042 0.481704 0
19.3522 40.8192 1.98442 2.01778 4.64062 1.53072 169242 0 1.64319 0.459606 0
40.9129 29.9407 1.55111 0.841072 0.860088 1.73018 153397 0 -2.87228 0.458426 1
31.8605 45.0079 1.91904 1.93704 4.33615 1.49688 175365 0 -1.53662 0.457047 0
30.4954 -6.23419 0.660444 0.678349 0.737777 1.07992 100481 0 -1.48049 0.455975 1
38.2516 38.859 1.77946 2.01932 4.57355 1.53997 166493 0 1.62043 0.454884 0
-67.6712 11.3199 -0.550514 2.08076 4.65602 1.54161 125914 0 -1.1027 0.45428 0
9.2971 -3.05589 0.864804 0.872785 0.909411 1.7907 105095 0 -3.04286 0.453802 1
54.5535 11.0792 1.25556 1.99511 4.5668 1.52802 125828 0 1.64782 0.448315 0
-4.35234 58.9817 2.21875 2.0182 4.62289 1.62523 195844 0 -1.54331 0.446695 0
14.1546 -4.39186 0.81537 0.828747 0.935579 1.7669 103238 0 -3.01027 0.445952 1
49.1187 14.2796 1.27419 1.95119 4.44286 1.58777 130491 0 -1.54622 0.443664 0
14.1768 -3.94015 0.951931 0.873051 0.984325 1.88892 103706 0 1.58225 0.437335 1
1.71655 52.6116 1.92933 1.89744 4.2449 1.56776 186503 0 1.72085 0.436257 0
1.44956 52.3573 1.92898 2.00465 4.62482 1.66451 186034 0 1.5904 0.432907 0
-30.8824 3.98291 -0.240792 1.97383 4.53859 1.59958 115265 0 -1.41608 0.427142 0
30.9699 -6.28183 0.784257 0.902983 0.993556 1.55671 100482 0 -1.1467 0.424006 1
-22.5346 27.4031 0.711379 2.05349 4.65009 1.57175 149455 0 -1.32091 0.40827 0
54.2292 8.14983 0.992456 1.92373 4.43335 1.47184 121615 0 1.67659 0.407119 0
14.8666 73.7863 2.29926 1.98914 4.49345 1.63123 217432 0 -1.53228 0.406902 0
-63.2038 6.8842 -0.482004 2.02253 4.37621 1.62724 119376 0 -0.934093 0.402952 0
70.5681 -8.82983 0.707019 1.95167 4.35162 1.53221 96862 0 -1.52411 0.401681 0
-27.3583 17.7541 0.560952 2.15249 4.83158 1.85218 135400 0 1.78913 0.394138 0
1.70902 52.3574 1.89894 1.90375 4.31761 1.57988 186035 0 2.44063 0.392329 0
-19.0664 38.2561 0.858025 2.02038 4.55186 1.52052 165378 0 -1.15865 0.38916 0
-3.67062 64.8314 2.36627 2.05615 4.60519 1.60556 204270 0 -1.47458 0.387628 0
30.3392 -6.24961 0.627692 0.69326 0.789696 1.10327 100480 0 -1.53134 0.385777 1
14.1618 -3.78408 0.912189 0.847058 0.962384 1.84819 104174 0 1.60483 0.38506 1
-41.4257 11.4677 -0.236597 1.91187 4.35023 1.54456 125996 0 1.76263 0.384029 0
-5.5905 28.9829 1.48625 2.07568 4.80592 1.53838 151848 0 -1.48255 0.38375 0
29.7134 -6.59399 0.762107 0.773084 0.871554 1.35362 100010 0 -1.45166 0.381192 1
54.2477 28.9494 1.58926 2.03931 4.64344 1.60896 152035 0 -1.63549 0.380051 0
4.57738 40.0491 1.79987 0.928431 0.84133 1.71372 168260 0 -0.0647831 0.379948 1
-35.0463 33.7278 0.693594 2.03022 4.61686 1.57216 158776 0 1.97188 0.378863 0
31.1478 21.8505 1.14128 2.06389 4.77207 1.47839 141667 0 -1.55767 0.374059 0
1.46818 55.4681 2.34751 2.37692 5.70846 2.01241 190714 0 -1.59069 0.370629 0
0.873665 69.9319 3.34115 2.19937 5.00875 1.92759 211772 0 3.06207 0.369518 0
32.4845 35.7628 1.69335 2.2138 5.34741 1.76649 161795 0 -1.54997 0.369134 0
-63.8253 7.15967 -0.473871 2.0258 4.39874 1.6029 119842 0 -1.10728 0.36913 0
-4.63178 49.4596 1.95663 2.03424 4.6792 1.63165 181803 0 -1.52118 0.363376 0
30.6066 18.9621 1.11155 1.93344 4.59512 1.4545 137453 0 -1.54341 0.36179 0
53.6276 28.9269 1.54683 1.97146 4.41493 1.51098 152033 0 1.62126 0.359788 0
14.0435 -4.54967 0.707547 0.687947 0.740956 1.52655 102769 0 1.93889 0.358173 1
37.5944 44.5992 1.86059 1.99775 4.58183 1.53154 174915 0 1.60288 0.356717 0
-31.9613 5.42031 -0.136766 0.884233 0.866622 1.70386 117134 0 -1.45939 0.351116 1
-29.2489 9.40842 -0.0892289 2.06972 4.70086 1.52532 123226 0 1.66122 0.350587 0
49.4315 14.5093 1.34338 2.04516 4.66553 1.65177 130960 0 -1.53923 0.349715 0
37.6162 34.5185 1.49515 0.796301 0.892628 1.60769 159939 0 1.06765 0.349633 1
55.5535 34.0797 1.70876 2.02974 4.61337 1.58401 159527 0 1.61954 0.346218 0
-44.9682 58.6624 1.08918 2.45288 5.73631 1.88044 195249 0 -1.28478 0.345974 0
70.2774 -9.07413 0.721643 1.75335 3.90012 1.48037 96393 0 -1.52922 0.341872 0
38.8586 38.6109 1.69574 1.96912 4.55038 1.52013 166027 0 1.6205 0.340302 0
-5.35001 31.8303 1.65978 2.07624 4.87316 1.5911 156061 0 -1.48858 0.338711 0
-35.0158 30.3151 0.484063 1.87474 4.25029 1.45048 153628 0 1.92059 0.337922 0
31.1267 -6.45773 0.784465 0.857055 0.890268 1.53808 100015 0 1.19001 0.334994 1
37.956 38.6152 1.7705 1.99158 4.51249 1.51565 166024 0 1.61986 0.333604 0
-6.87031 26.1715 1.56054 2.15567 4.91392 1.681 147632 0 1.61296 0.331404 0
-61.6832 11.6808 -0.480574 1.54555 3.31999 1.42608 126401 0 2.01299 0.325683 0
30.5578 -6.52916 0.74352 0.748955 0.842325 1.24094 100013 0 -1.47357 0.32525 1
-5.87301 41.0168 1.83068 2.08421 4.66884 1.50705 169631 0 -1.54902 0.324422 0
-5.27382 68.2689 2.58276 2.0637 4.66994 1.62192 209413 0 -1.43652 0.324143 0
18.4534 40.8232 1.81097 1.97465 4.61841 1.50254 169239 0 1.63836 0.320869 0
19.3227 31.8433 1.40842 2.16338 4.99839 1.58803 156138 0 1.59764 0.320109 0
-4.33205 49.7049 1.97106 2.07216 4.74144 1.64614 182272 0 -1.51038 0.318932 0
-27.9615 18.0634 0.551441 2.15377 4.79283 1.86444 135866 0 1.8388 0.318386 0
-39.1648 29.011 0.621339 0.811672 0.781472 1.79025 151743 0 3.13898 0.318375 1
19.6787 41.0297 1.99649 1.96318 4.31979 1.51143 169711 0 1.61797 0.31758 0
17.4708 28.3985 1.40786 2.02837 4.65142 1.48415 150984 0 1.60613 0.315895 0
20.2908 40.8334 2.00158 1.98104 4.41391 1.53548 169245 0 1.61274 0.314777 0
2.66816 55.2321 2.21334 2.09582 4.54075 1.79998 190250 0 1.40708 0.314178 0
21.292 55.2096 2.22193 2.00537 4.45084 1.60738 190308 0 1.60036 0.313131 0
16.7358 -3.25973 0.773066 0.770997 0.831466 1.49287 104650 0 -2.80585 0.312961 1
30.914 -6.51752 0.733552 0.758951 0.810102 1.33772 100014 0 -0.965754 0.312292 1
32.149 54.1954 1.88459 1.89309 4.28181 1.4515 188938 0 -1.57951 0.311396 0
20.8695 37.2952 1.80007 0.784814 0.741182 1.64235 164099 0 1.05614 0.309965 1
2.03587 52.6213 1.92541 1.81006 3.96106 1.51148 186504 0 -1.71026 0.30926 0
55.1744 28.9633 1.70314 2.06016 4.58944 1.78701 152038 0 -1.61997 0.308669 0
31.2207 -6.02781 0.759445 0.86545 0.880233 1.5966 100951 0 0.0417394 0.306549 1
-22.2258 27.0963 0.698608 2.01349 4.56259 1.55035 148988 0 -1.30311 0.299718 0
7.27367 -5.87739 0.576571 0.818245 0.87729 1.2731 100876 0 1.93272 0.299037 1
41.0542 30.1137 1.61337 0.857003 0.890686 1.74084 153866 0 -2.65511 0.2987 1
-33.3772 39.5351 0.761383 2.08307 4.74872 1.58578 167205 0 1.92336 0.298223 0
-46.6132 12.2741 -0.263618 1.64061 3.5369 1.49056 127384 0 -1.2802 0.297584 0
-38.4887 22.5073 0.352637 2.11343 4.7926 1.83741 142385 0 1.85265 0.296625 0
-34.1215 33.4167 0.820078 2.10173 4.75255 1.55466 158311 0 1.89581 0.295539 0
-62.9455 6.83067 -0.483722 2.02091 4.37291 1.5993 119377 0 1.70359 0.294987 0
31.2445 39.1025 1.80255 2.03837 4.62114 1.56958 166939 0 -1.51382 0.294744 0
1.06701 70.517 3.34969 2.49535 6.0105 2.19145 212709 0 3.01836 0.293748 0
49.4393 20.3176 1.47329 1.97547 4.39372 1.52257 139384 0 -1.59736 0.293259 0
33.1134 54.1942 1.92467 1.92002 4.26799 1.48039 188941 0 -1.55591 0.292437 0
13.9264 73.8133 2.0909 1.99886 4.56484 1.52181 217429 0 -1.47374 0.292132 0
38.5735 35.6857 1.59063 1.985 4.58893 1.54159 161814 0 1.53145 0.288757 0
-31.5721 41.8147 1.04928 1.76529 3.85944 1.63318 170487 0 1.9301 0.288637 0
50.3849 37.9238 1.83897 1.87709 4.27365 1.47171 165127 0 -1.53243 0.287324 0
30.1533 -6.80686 0.80392 0.821742 1.6612 1.6359 99544 0 -1.45142 0.28406 1
-46.9242 12.5612 -0.247649 1.88736 4.19881 1.5329 127851 0 -1.27239 0.283517 0
15.1629 -4.50384 0.584845 0.583489 0.668672 0.771006 102773 0 -1.42524 0.283462 1
-39.1359 19.4527 -0.0698074 1.70785 4.02809 1.52537 137703 0 1.80674 0.282383 0
-44.1104 20.3666 -0.0789281 1.74805 3.70414 1.51801 139092 0 -1.30197 0.279832 0
33.406 57.0279 1.94585 2.04394 4.53193 1.60846 193154 0 -1.59394 0.278477 0
42.0689 56.1924 2.33859 1.99078 4.44357 1.6594 191777 0 2.65915 0.277611 0
49.45 20.9441 1.51525 1.97018 4.36342 1.51871 140320 0 -1.75509 0.27755 0
-5.8818 44.0902 1.95261 2.14359 4.92867 1.73166 173843 0 -1.56703 0.275577 0
13.8326 -6.37007 0.792127 0.936801 1.06137 1.85784 100429 0 1.73749 0.274994 1
-38.1936 22.0227 0.32209 1.87457 4.18533 1.7514 141450 0 1.79975 0.274317 0
1.46967 52.8858 1.97599 1.99419 4.56889 1.6496 186970 0 1.59668 0.273969 0
18.3616 28.8887 1.38404 2.04075 4.77181 1.51204 151923 0 1.60782 0.271635 0
-36.2758 30.9162 0.522651 1.93723 4.31322 1.49472 154560 0 1.8317 0.270812 0
13.6082 73.8212 2.09494 1.97296 4.47418 1.50902 217428 0 1.42026 0.270541 0
14.6374 67.4401 2.24811 1.92733 4.10906 1.70562 208071 0 -1.5274 0.270507 0
-5.59631 59.0433 2.21605 1.97372 4.50493 1.6394 195840 0 1.62769 0.270245 0
38.5479 44.6218 1.96575 2.00423 4.46633 1.54978 174918 0 1.60183 0.27004 0
14.0356 -4.4157 0.76703 0.80499 0.875277 1.76371 103237 0 2.14405 0.269576 1
51.9714 46.5602 1.9316 2.12948 4.93587 1.64302 177768 0 -1.70295 0.269461 0
-20.234 35.421 1.19018 2.12902 4.76189 1.55672 161162 0 -1.12792 0.269427 0
20.967 58.3891 2.3253 2.01629 4.47214 1.67782 194987 0 1.56026 0.268889 0
31.7993 18.9415 1.09366 1.94239 4.44664 1.50434 137457 0 -1.51925 0.267491 0
-68.963 5.06679 -0.597542 1.8745 4.07754 1.59988 116550 0 -2.52362 0.265447 0
-4.31484 65.0587 2.42062 2.13885 4.82007 1.71444 204736 0 -1.44901 0.265356 0
37.9243 35.6793 1.48068 2.00626 4.68048 1.51601 161812 0 1.63339 0.264154 0
-48.5572 4.53473 -0.445042 1.78511 3.73218 1.57425 116146 0 -1.27571 0.263355 0
53.9853 7.91949 1.01884 1.74998 3.99288 1.4358 121146 0 1.71543 0.263352 0
11.7713 -8.36886 0.653509 0.8249 0.959336 1.45301 97146 0 -1.28664 0.262536 1
42.3809 56.4753 2.37661 2.07344 4.67671 1.70488 192246 0 2.88746 0.262154 0
41.0771 29.7253 1.54631 0.857266 0.916877 1.71406 152930 0 -2.92565 0.261718 1
1.47533 54.9616 2.26905 2.35685 5.82347 2.03231 189778 0 -1.71738 0.261524 0
39.1535 38.8494 1.7372 2.02084 4.52831 1.56767 166496 0 1.62661 0.26135 0
-0.161514 26.6126 1.33434 2.02297 4.634 1.52823 148589 0 1.66567 0.261052 0
49.1341 20.0306 1.44389 1.9433 4.32011 1.48987 138915 0 -1.43242 0.261017 0
38.8735 35.9705 1.72822 1.99219 4.50107 1.58077 162283 0 1.58806 0.260266 0
20.9889 55.493 2.24908 1.95947 4.31481 1.5706 190775 0 1.5825 0.25834 0
-67.0952 11.0921 -0.591976 1.7825 3.78222 1.44849 125448 0 -1.13151 0.258012 0
-37.3396 22.1726 0.383853 2.01572 4.52474 1.79007 141921 0 1.81957 0.257761 0
38.8944 35.3638 1.64405 2.00239 4.60291 1.58679 161347 0 -1.52336 0.255751 0
31.2311 45.2108 1.98528 2.0391 4.71525 1.54643 175831 0 -1.56635 0.255427 0
37.9441 39.1285 1.85247 1.99811 4.47812 1.55623 166960 0 1.65172 0.255308 0
0.840836 55.2159 2.56964 2.60842 6.72042 2.30737 190244 0 -1.64481 0.254544 0
49.1295 20.6327 1.44972 1.92037 4.26603 1.47422 139851 0 -1.69228 0.254452 0
-27.0672 18.0086 0.569582 2.16754 4.90334 1.8348 135869 0 1.78632 0.253995 0
-26.7715 17.4677 0.537121 2.12628 4.85986 1.79445 134934 0 1.71059 0.253305 0
13.2053 -9.4818 0.506715 0.74935 0.77161 1.42082 95747 0 1.67688 0.252708 1
50.0643 14.2755 1.317 1.9703 4.38691 1.66065 130494 0 -1.54605 0.252421 0
38.2259 44.3838 1.90335 1.90301 4.32308 1.50699 174449 0 1.62453 0.252169 0
-62.8762 6.62849 -0.464854 2.13146 4.56782 1.64955 118909 0 2.0019 0.25197 0
-24.2008 22.4751 0.600851 2.02637 4.44159 1.5532 142430 0 -1.39447 0.251855 0
49.7653 38.2043 1.83488 1.93508 4.35307 1.50331 165593 0 -1.53382 0.251811 0
-6.23841 29.2287 1.57631 2.12342 4.79881 1.59963 152314 0 -1.4971 0.251804 0
51.6788 46.8589 1.97054 2.05344 4.64549 1.59393 178235 0 -1.54358 0.251353 0
11.8866 -8.35149 0.629583 0.861356 0.999192 1.50761 97147 0 -0.74596 0.250532 1
-4.62603 65.0832 2.42489 2.17419 4.93139 1.77924 204735 0 -1.03246 0.25005 0
-34.4455 30.2339 0.516148 1.93293 4.34569 1.42793 153630 0 -3.02274 0.248124 0
51.6923 37.6152 1.86896 1.96496 4.40213 1.56272 164663 0 -1.54103 0.246877 0
-4.90247 58.7821 2.21674 1.81729 4.15904 1.56339 195374 0 -1.51126 0.246153 0
11.8827 26.3189 1.28921 2.18203 5.2132 1.58797 148159 0 -1.54207 0.245664 0
-61.9291 11.465 -0.464477 1.59769 3.44615 1.43344 125932 0 2.01162 0.24536 0
41.7788 56.1607 2.31379 2.05045 4.60512 1.69558 191776 0 2.42661 0.244151 0
-4.6638 68.0674 2.53354 1.89622 4.35967 1.58926 208947 0 -1.44474 0.24378 0
69.9671 -8.8424 0.738587 1.48481 3.13275 1.39978 96860 0 -1.5455 0.24367 0
-39.436 19.7055 -0.070506 1.7637 4.02272 1.50604 138170 0 1.83329 0.242918 0
40.8945 30.1209 1.57899 0.862999 0.894524 1.73087 153865 0 -2.79034 0.242467 1
36.393 26.8362 1.34422 2.04227 4.8036 1.57563 148703 0 1.6552 0.241931 0
21.5945 54.9045 2.25014 2.03528 4.55035 1.6646 189841 0 1.63612 0.241861 0
32.1331 44.6993 1.83686 1.89519 4.23118 1.51118 174898 0 -1.51749 0.240945 0
-41.6608 11.9107 -0.245457 2.13766 5.08889 1.68786 126931 0 1.83393 0.240944 0
-31.1393 3.73238 -0.286771 2.0901 4.84615 1.68885 114796 0 -1.48115 0.240022 0
1.36126 43.9247 1.65613 1.86325 4.09878 1.46537 173866 0 1.61327 0.239725 0
-4.94595 49.1854 1.99038 2.02169 4.60752 1.63872 181334 0 -1.49228 0.239421 0
-69.2529 5.05169 -0.580958 2.07268 4.60889 1.67038 116549 0 -1.65024 0.239314 0
-32.7129 42.3739 1.06967 2.29655 5.59953 1.92353 171419 0 1.91354 0.238582 0
-68.6503 5.06501 -0.601253 1.69388 3.55646 1.53669 116551 0 -1.6883 0.238512 0
14.8748 74.367 2.66552 2.00927 4.7456 1.70072 218368 0 -1.60885 0.237683 0
54.879 14.2333 1.03107 1.98997 4.55783 1.50956 130509 0 1.58559 0.236878 0
55.5173 25.7631 1.43393 1.9809 4.38143 1.57332 147359 0 -1.60461 0.236665 0
15.3908 -4.34856 0.606438 0.581205 0.619281 0.832294 103242 0 -1.3825 0.236487 1
14.6411 58.1927 1.94853 1.8145 4.11377 1.44957 194499 0 -1.38122 0.235884 0
-18.1944 16.826 0.703215 1.72207 3.39354 1.49955 134025 0 1.73431 0.235872 0
14.5628 -4.35003 0.750031 0.73521 0.871217 1.4304 103239 0 -1.78775 0.234324 1
12.895 29.499 1.37758 2.02924 4.80671 1.49598 152842 0 -1.57283 0.234103 0
-27.6605 17.522 0.544894 2.1622 4.76728 1.86067 134931 0 1.77437 0.233963 0
7.39811 -5.87982 0.585726 0.769889 0.820708 1.21079 100877 0 2.76626 0.233569 1
37.6263 35.3743 1.40594 1.96645 4.61426 1.53363 161343 0 1.64704 0.233542 0
46.5394 -27.9709 0.133396 2.0051 4.55472 1.68207 68707 0 -1.42896 0.233289 0
50.7244 37.641 1.82431 1.85534 4.23314 1.4881 164660 0 -1.55806 0.233161 0
-3.72329 49.4504 1.97793 2.05327 4.7714 1.67209 181806 0 -1.48463 0.23304 0
70.5702 -9.37028 0.72373 2.02664 4.58512 1.56221 95926 0 -1.47487 0.231631 0
14.9543 -4.4987 0.647063 0.636611 0.710442 0.895437 102772 0 -1.53363 0.231452 1
-21.646 27.3602 0.719437 2.08425 4.68061 1.58522 149458 0 -1.29853 0.230988 0
1.07919 43.127 1.69671 1.9797 4.44413 1.521 172461 0 1.45162 0.230236 0
-35.6963 30.8312 0.512539 1.86473 4.08473 1.45743 154562 0 1.94065 0.229937 0
-25.0938 22.4572 0.594278 2.077 4.57694 1.5238 142427 0 -1.36049 0.229254 0
1.71127 52.0705 1.89843 1.9317 4.30989 1.60011 185567 0 1.53931 0.229025 0
12.0799 29.0343 1.40863 1.79438 4.05552 1.45145 151903 0 -1.50349 0.228605 0
-30.3236 3.97668 -0.275361 1.79141 3.93582 1.49245 115267 0 -1.35945 0.228347 0
41.4478 55.8664 2.27271 2.01428 4.50814 1.68337 191307 0 2.08383 0.22765 0
30.9508 35.9292 1.58627 2.3315 5.54087 1.77405 162258 0 1.63388 0.226808 0
15.2509 55.0023 2.11996 1.94364 4.36922 1.66117 189821 0 -1.41675 0.226685 0
15.1795 67.1366 2.17336 2.03326 4.46544 1.78873 207605 0 -1.43344 0.226154 0
69.185 2.63574 0.856065 0.777637 0.831928 1.71174 113706 0 1.24271 0.225652 1
54.5806 13.9582 1.09379 1.9764 4.46182 1.524 130040 0 1.6281 0.225252 0
-19.6152 38.3131 0.904357 2.01744 4.50613 1.50287 165376 0 -1.17827 0.225021 0
49.7413 20.0219 1.55698 2.08918 4.73516 1.61965 138917 0 -1.52351 0.223614 0
13.065 -9.50362 0.512959 0.744829 0.774554 1.39998 95746 0 1.18984 0.223515 1
-69.5041 5.2976 -0.528771 2.21987 5.13074 1.76964 117016 0 -1.30638 0.223272 0
7.25219 -5.67172 0.659642 0.795376 0.872585 1.37164 101344 0 1.64933 0.222473 1
-34.4082 29.984 0.504059 1.93755 4.31966 1.42949 153162 0 2.54213 0.221878 0
55.1988 26.0648 1.44815 1.99319 4.40588 1.57169 147826 0 -1.66625 0.221531 0
48.4941 20.3412 1.30312 1.97323 4.43678 1.48745 139381 0 -1.56877 0.220657 0
51.3529 37.8923 1.86867 1.97596 4.40582 1.55287 165130 0 -1.5466 0.220448 0
-47.1402 15.1688 -0.118846 2.20579 4.874 1.6892 131594 0 -1.2503 0.220302 0
39.2112 35.0468 1.69504 1.99341 4.49025 1.59399 160880 0 -1.52956 0.220221 0
-67.4005 11.5986 -0.607135 1.94399 4.34587 1.49727 126383 0 -1.08434 0.219726 0
48.8181 14.0021 1.20162 1.84098 4.10197 1.51666 130022 0 -1.54923 0.219635 0
-5.55897 40.5919 1.7591 1.88434 4.32693 1.46886 168696 0 -1.49777 0.218819 0
32.414 45.2365 1.92876 2.05162 4.69766 1.5721 175835 0 -1.56474 0.218738 0
-42.53 5.82928 -0.26809 1.61234 3.31316 1.42984 118037 0 1.82701 0.218725 0
2.08499 55.7459 2.31822 2.38606 5.35723 1.97771 191184 0 1.59707 0.217748 0
18.7253 40.5582 1.84478 2.01999 4.71302 1.52752 168772 0 1.63136 0.217651 0
51.3805 46.8839 1.95013 1.99711 4.46639 1.54287 178234 0 0.97731 0.217303 0
60.3195 16.787 1.30438 2.33718 5.40955 1.94691 134270 0 -0.112484 0.216797 0
37.9036 35.0459 1.47437 1.95974 4.75291 1.55327 160876 0 -1.51402 0.216144 0
-23.15 27.6747 0.793261 2.10231 4.73922 1.63032 149921 0 -1.31722 0.215937 0
-45.0292 17.7465 -0.120907 2.07721 4.6546 1.7016 135345 0 -1.22776 0.215294 0
29.9429 -6.30946 0.717303 0.746868 1.0445 1.25027 100479 0 -1.5061 0.21512 1
-39.1537 29.184 0.613231 0.862452 0.905009 1.82207 152211 0 2.70108 0.213574 1
14.586 73.5442 2.19791 1.94461 4.4198 1.58417 216963 0 -1.50623 0.213118 0
-4.35706 58.477 2.12569 1.91956 4.36884 1.5885 194908 0 -1.47699 0.212957 0
-4.72147 44.099 1.94646 2.0017 4.60032 1.69558 173847 0 -1.55752 0.212301 0
-20.0317 35.8957 1.18167 2.12835 4.72329 1.57937 162099 0 -1.12953 0.211961 0
31.2439 54.2296 1.89621 1.91275 4.34129 1.49688 188935 0 -1.55444 0.211196 0
31.3891 -6.20682 0.767686 0.968645 0.987977 1.62664 100484 0 1.38073 0.210521 1
39.5146 53.5964 1.86286 1.98931 4.55344 1.61411 188025 0 1.82839 0.210169 0
6.96251 -4.77689 0.789888 0.910134 0.981824 1.78358 102747 0 1.66554 0.209963 1
26.9096 6.06636 1.11148 0.906549 0.953637 1.84136 118254 0 0.178737 0.208756 1
-22.8593 27.0648 0.741735 2.02821 4.52936 1.55052 148986 0 -1.31161 0.208518 0
54.005 11.0754 1.17718 1.58634 3.4729 1.38788 125826 0 1.65209 0.207859 0
-3.39505 64.5582 2.34602 1.96754 4.51106 1.58472 203803 0 -1.44825 0.207146 0
53.9416 29.1842 1.59312 1.99308 4.45349 1.54107 152502 0 -1.78528 0.206247 0
14.1435 -3.31476 0.850894 0.864297 0.994572 1.7449 104642 0 1.58587 0.205704 1
54.5045 8.39603 1.02329 2.09374 4.89663 1.5499 122084 0 1.64926 0.205053 0
49.4393 19.7245 1.51353 2.0326 4.58495 1.57556 138448 0 -1.45718 0.204411 0
16.6143 -3.27078 0.774387 0.804009 0.862915 1.5345 104649 0 2.48428 0.203949 1
37.6162 35.9648 1.46134 1.93974 4.42816 1.49756 162279 0 1.64464 0.203642 0
7.13538 -5.20327 0.786392 0.950617 1.11347 1.74141 101812 0 1.69963 0.203199 1
49.469 37.965 1.84358 1.91914 4.36501 1.51301 165124 0 -1.56185 0.202287 0
55.8267 25.4475 1.42542 2.00323 4.49122 1.60668 146892 0 -1.5734 0.202015 0
68.9549 11.6887 1.02473 2.03028 4.59758 1.60589 126809 0 -0.755744 0.202011 0
-5.25182 49.7071 1.98297 2.12794 4.79918 1.6956 182269 0 -1.52026 0.201738 0
-4.02286 49.1906 1.95875 1.96926 4.54123 1.62293 181337 0 -1.49439 0.201291 0
-5.5713 49.4436 1.99329 2.12526 4.84224 1.73617 181800 0 -1.50409 0.200693 0
37.6291 35.008 1.45631 1.56015 3.39277 1.58075 160875 0 1.62217 0.200529 0
-25.3718 22.3084 0.598153 2.05855 4.57769 1.53089 141958 0 1.48916 0.199887 0
50.7016 38.1918 1.85509 1.96137 4.41139 1.52889 165596 0 -1.54885 0.199754 0
31.5328 18.5049 1.1151 1.85977 4.22013 1.45752 136520 0 -1.52126 0.199667 0
21.271 58.6807 2.40717 2.08748 4.54101 1.74612 195456 0 1.55549 0.19875 0
-6.22429 22.9325 1.33601 1.98565 4.61004 1.49637 142954 0 -1.54591 0.19808 0
-35.9735 34.1027 0.674186 2.01768 4.49682 1.57253 159241 0 2.01003 0.19784 0
21.2645 58.129 2.3529 2.08925 4.54894 1.73398 194520 0 1.5686 0.197721 0
-6.19478 68.3389 2.51013 1.97027 4.37965 1.68666 209410 0 -1.48531 0.197496 0
36.7128 44.6407 1.74612 1.92438 4.36654 1.53817 174912 0 1.58303 0.197376 0
15.1502 -4.14098 0.621316 0.58807 0.633686 0.849539 103709 0 -1.48192 0.197368 1
14.1368 -3.07351 0.786492 0.790634 0.940549 1.67221 105110 0 1.50759 0.197239 1
54.5842 25.7733 1.36161 1.93433 4.36498 1.54626 147356 0 -1.59827 0.197193 0
-49.6711 4.40789 -0.388829 2.43264 5.67587 1.94379 115674 0 -1.36375 0.19708 0
39.4922 35.3468 1.71655 2.0646 4.67866 1.63746 161349 0 1.38433 0.196786 0
54.2958 10.8334 1.23672 1.74789 3.89535 1.4521 125359 0 1.67565 0.196525 0
-46.8729 15.4209 -0.108137 2.18628 4.80916 1.68001 132063 0 -1.23289 0.196353 0
21.9074 67.0348 2.32377 2.03014 4.53639 1.66439 207626 0 1.71972 0.195998 0
31.5825 38.6702 1.78033 1.76364 3.89696 1.56569 166004 0 -1.47361 0.195738 0
-43.4448 23.1145 0.148086 2.01578 4.51363 1.70184 143306 0 -1.26096 0.194829 0
48.5196 14.5134 1.29191 1.97262 4.46527 1.62306 130957 0 -1.53324 0.1948 0
70.3481 -5.28461 0.942635 1.81779 3.81821 1.51308 102009 0 -1.48326 0.194278 0
51.3941 46.5813 1.8981 1.92433 4.14574 1.48707 177766 0 -1.25994 0.19425 0
68.9599 11.3734 1.04443 2.02166 4.55427 1.60473 126341 0 -0.506097 0.194196 0
42.6917 56.2091 2.40986 1.93176 4.26553 1.63419 191779 0 2.96205 0.194048 0
19.9863 40.5821 1.97579 1.89785 4.17701 1.48657 168776 0 1.64263 0.193722 0
34.4121 31.1705 1.35582 0.728646 0.71038 1.627 155249 0 -3.01665 0.193333 1
33.0951 56.5778 1.92659 1.83391 4.15539 1.4791 192217 0 -1.49078 0.193244 0
37.5796 26.8041 1.3271 2.08201 4.86528 1.54985 148707 0 -1.54288 0.193146 0
-27.707 18.3192 0.582478 2.12132 4.69835 1.85433 136335 0 1.81566 0.192562 0
-40.1495 17.6638 0.0502798 2.13249 4.57423 1.79388 135360 0 1.94525 0.192557 0
14.3344 64.7371 2.07251 1.81983 3.97267 1.4965 204326 0 -1.51819 0.192371 0
-48.1649 7.41014 -0.359001 2.05617 4.6629 1.63574 120359 0 -1.2871 0.192166 0
37.8218 34.705 1.50791 0.94557 1.35756 1.58387 160408 0 1.34365 0.192042 1
-41.0862 30.2222 0.754494 2.10071 4.74327 1.75779 153609 0 1.9448 0.191427 0
21.3025 54.5984 2.25633 2.00046 4.42379 1.64203 189372 0 1.68825 0.191352 0
54.5914 14.5403 1.00189 1.94632 4.52245 1.51147 130976 0 1.5846 0.191086 0
30.6276 38.9617 1.7218 1.90668 4.37929 1.55822 166469 0 1.58335 0.19083 0
53.9944 5.08634 1.18474 1.8966 4.5621 1.8184 116934 0 1.68111 0.19082 0
30.6013 21.384 1.21461 1.64608 3.75109 1.33381 140729 0 -1.49302 0.190775 0
-4.62812 59.2521 2.30421 2.05496 4.7184 1.63801 196311 0 -1.52598 0.189836 0
-47.1487 56.4386 0.664737 2.12506 4.87995 1.59962 191966 0 -1.26588 0.189771 0
-40.8886 11.8869 -0.232252 1.75685 3.74744 1.45616 126934 0 1.82931 0.189575 0
-38.9985 29.0178 0.602071 0.876296 0.882599 1.83149 151744 0 -3.12619 0.188802 1
36.6188 14.9995 1.15379 2.07657 4.96959 1.56032 131388 0 1.62727 0.187678 0
21.2866 55.7952 2.30246 1.95694 4.31185 1.57996 191244 0 1.54948 0.187533 0
45.9091 -30.5927 -0.194727 1.93952 4.34067 1.59757 64961 0 -1.38864 0.187247 0
14.9304 -4.12677 0.702514 0.630427 0.6896 1.01277 103708 0 -1.6645 0.187058 1
12.4248 32.2383 1.46784 1.66609 3.63283 1.37887 156584 0 -1.50879 0.187041 0
-45.8535 17.5411 -0.069455 2.05997 4.63721 1.6784 134874 0 -1.23956 0.186971 0
-4.965 44.5295 1.99506 2.13456 4.65668 1.68985 174782 0 -1.55715 0.186823 0
-53.8918 47.2953 0.569758 1.77819 3.95179 1.45033 178373 0 -1.30472 0.186501 0
-7.44917 20.3013 1.17455 2.02266 4.46967 1.43381 139206 0 -1.53732 0.185754 0
14.9164 64.2859 2.05695 2.00534 4.61224 1.57178 203392 0 -1.41562 0.185156 0
53.2597 49.7648 2.12963 2.06393 4.64409 1.68151 182452 0 -1.63607 0.184992 0
-19.985 38.8175 1.05198 2.13765 4.7744 1.57258 166311 0 -1.18833 0.184633 0
-73.2993 -6.79939 -0.74676 0.936509 0.979529 1.77945 99220 0 2.04889 0.184528 1
-5.89107 28.7377 1.57458 2.02933 4.55255 1.54214 151379 0 -1.48617 0.1843 0
14.5195 -4.57774 0.700463 0.712329 0.804644 1.32638 102771 0 -1.71182 0.184177 1
38.8616 39.1148 1.80683 2.0872 4.76073 1.59302 166963 0 1.61802 0.183508 0
-5.00943 29.2011 1.37088 2.01081 4.71876 1.48853 152318 0 -1.49267 0.183412 0
-19.133 35.3013 1.09534 2.14746 4.79912 1.60263 161166 0 -1.13237 0.183306 0
19.627 46.7993 2.13448 2.14277 4.81676 1.65909 178135 0 1.56383 0.183154 0
30.5978 45.0031 1.92948 1.92642 4.44321 1.52376 175361 0 1.56057 0.182759 0
41.1338 55.5615 2.2328 2.0337 4.52726 1.71703 190838 0 1.92399 0.182524 0
32.5341 56.5736 1.87767 1.87007 4.31639 1.46352 192215 0 -1.63405 0.18245 0
43.0108 56.484 2.46181 2.06711 4.68462 1.70435 192248 0 -3.07054 0.182238 0
-28.6453 11.9701 0.0927061 2.10709 4.6283 1.61714 126972 0 -1.37003 0.182174 0
55.198 15.5107 1.05626 1.90256 4.34379 1.49211 132382 0 1.65491 0.182158 0
42.764 54.3071 2.07564 0.795609 0.823334 1.68784 188971 0 -3.02783 0.182073 1
49.1494 21.2382 1.49051 1.91746 4.2427 1.49221 140787 0 -1.91503 0.182048 0
33.7223 53.9827 1.92751 2.0199 4.52717 1.57349 188475 0 -1.51163 0.18204 0
-22.5645 26.7567 0.720605 2.00998 4.54812 1.54118 148519 0 -1.31693 0.181775 0
-34.6908 30.0084 0.501938 1.9314 4.3156 1.4344 153161 0 1.92145 0.18174 0
-73.2968 -6.64968 -0.702229 0.928082 0.961697 1.78106 99688 0 2.79117 0.181611 1
-46.8054 14.6678 -0.153901 2.0458 4.48543 1.63033 130659 0 -1.30071 0.181293 0
39.8336 53.3093 1.84901 1.99717 4.58181 1.60822 187558 0 1.73956 0.181255 0
39.2118 53.3092 1.81952 1.94537 4.42676 1.55553 187556 0 1.64374 0.181 0
19.6199 38.1315 1.86418 2.24887 5.07056 1.73607 165499 0 1.59291 0.180393 0
69.2434 11.6776 1.08592 2.07688 4.66494 1.62625 126810 0 -1.05188 0.180327 0
30.5512 -6.83534 0.714102 0.718081 0.820271 1.28978 99545 0 -1.45715 0.180294 1
-18.41 37.9548 0.99893 2.23579 5.23847 1.74598 164912 0 -1.18449 0.180186 0
18.4485 46.7783 2.11702 2.05392 4.51788 1.61941 178131 0 1.5997 0.179646 0
39.5192 53.8853 1.89497 2.00502 4.52884 1.61588 188493 0 2.21465 0.179288 0
-72.9311 -6.81883 -0.714332 0.915517 0.988352 1.78803 99222 0 1.69805 0.178998 1
14.8656 74.732 2.59408 2.13017 5.04131 1.71067 218836 0 -1.61965 0.178859 0
69.1848 2.51543 0.861113 0.790876 0.844197 1.71103 113238 0 -0.648068 0.178745 1
-6.84821 29.0369 1.55367 2.14497 4.88003 1.65855 151844 0 -1.53309 0.178605 0
70.8187 -8.56109 0.703215 2.1188 4.79283 1.60553 97331 0 -1.52866 0.178085 0
12.9904 73.8386 2.22951 1.95234 4.45703 1.52021 217426 0 1.53459 0.177667 0
37.2474 21.206 1.43143 2.10189 4.7999 1.65164 140750 0 1.61167 0.17763 0
37.0076 44.3888 1.70887 1.92981 4.32543 1.52734 174445 0 1.56164 0.17758 0
42.6928 56.7462 2.39906 2.20719 5.04145 1.80864 192715 0 3.06434 0.177578 0
48.8232 20.9282 1.4073 1.91164 4.26646 1.48276 140318 0 -1.86118 0.177389 0
51.6489 47.1535 1.98691 2.16498 4.92241 1.666 178703 0 -0.890546 0.177018 0
36.8638 15.413 1.14517 2.2549 5.65994 1.67803 132325 0 1.62676 0.177004 0
38.2649 38.3148 1.72464 1.97923 4.4689 1.51743 165557 0 1.63147 0.176546 0
-5.29007 68.5466 2.58174 2.19058 4.86336 1.71448 209881 0 -1.16788 0.17634 0
-68.4117 5.23214 -0.608736 1.64051 3.39091 1.50867 117020 0 -1.95872 0.175742 0
-20.5918 35.9546 1.32662 2.13093 4.69026 1.61753 162097 0 -1.12967 0.175507 0
-22.8458 27.9168 0.805039 2.13055 4.7589 1.62428 150390 0 -1.32368 0.1753 0
54.7909 5.50097 1.05459 2.08535 5.12064 1.85971 117873 0 1.65211 0.175135 0
-46.5624 52.6496 0.893801 1.95168 4.39988 1.54949 186352 0 -1.02674 0.174989 0
69.2637 10.389 1.33191 2.06399 4.6237 1.6622 124938 0 -0.28933 0.174986 0
31.8578 44.0062 1.83085 1.90452 4.30764 1.50391 173961 0 -1.48825 0.174918 0
39.5069 34.7566 1.74018 2.03343 4.57758 1.61023 160413 0 -1.5273 0.174368 0
61.2519 22.9265 1.81797 2.22159 4.96438 1.82909 143165 0 -2.99921 0.173864 0
51.3614 37.3382 1.85531 1.91739 4.28698 1.56969 164194 0 -1.53001 0.17379 0
20.9675 52.2974 2.48962 2.25194 5.20544 1.93992 186095 0 1.56111 0.173241 0
38.5705 36.2624 1.72891 1.97625 4.40811 1.5451 162750 0 1.62455 0.173096 0
70.279 -8.56933 0.721163 1.7851 3.97398 1.50331 97329 0 -1.54647 0.172889 0
21.5982 66.7745 2.30528 1.9861 4.50258 1.64413 207157 0 1.66485 0.172564 0
39.1732 38.3003 1.67189 1.96177 4.54771 1.51921 165560 0 1.66134 0.172122 0
-46.5471 52.9441 0.888789 2.0596 4.64166 1.58227 186820 0 1.87302 0.171899 0
53.6585 29.1774 1.569 1.97859 4.47282 1.52597 152501 0 2.01462 0.171556 0
48.8282 19.7145 1.37032 1.92914 4.3222 1.48629 138446 0 -1.37236 0.171547 0
40.145 53.5892 1.87509 2.05689 4.63263 1.63082 188027 0 1.88694 0.171077 0
32.2132 57.0183 1.93903 1.97396 4.47908 1.52985 193150 0 -1.54435 0.170954 0
-36.6578 21.9188 0.381312 2.02614 4.55875 1.79703 141455 0 1.80395 0.170864 0
-3.68233 55.8393 2.07855 2.05365 4.58107 1.59787 191166 0 -1.5659 0.170748 0
56.8094 22.559 1.48425 2.08801 4.5799 1.73126 142683 0 -1.56105 0.170004 0
-34.673 33.2163 0.710445 1.93928 4.36135 1.50972 157841 0 1.76357 0.169156 0
8.94189 -3.10176 0.847639 0.84123 0.907888 1.73986 105093 0 -2.66775 0.169136 1
52.9839 50.0709 2.09088 1.96908 4.37657 1.59136 182919 0 -1.68489 0.168942 0
15.2055 61.5919 1.99524 2.08157 4.69711 1.55762 199649 0 -1.53676 0.168714 0
