44.2801 -6.93112 1.4252 2.91009 7.81577 3.21427 99588 0 1.62813 0.956606 0
18.3911 11.7187 1.04526 2.11998 4.82854 1.54794 126651 0 1.64976 0.947362 0
-6.82967 11.3601 0.995397 1.98781 4.5509 1.47106 126104 0 -1.49779 0.943043 0
10.6783 12.7282 1.17908 2.24143 5.22785 1.88756 128031 0 -1.56568 0.940561 0
-16.127 0.180824 0.534782 1.98637 4.33051 1.46825 109695 0 -2.33025 0.924151 0
-1.86915 11.0714 1.21324 2.06654 4.4928 1.81986 125652 0 1.62335 0.916886 0
-0.865616 17.096 1.36461 2.10437 4.78197 1.82804 134547 0 1.63952 0.915992 0
23.6086 14.2306 1.02837 2.08438 4.83664 1.52358 130411 0 0.0498599 0.913775 0
36.0721 9.07276 1.05179 1.98868 4.55909 1.50207 122962 0 1.6614 0.89695 0
30.6035 15.8797 1.23312 1.95502 4.39257 1.68737 132773 0 -1.49558 0.892824 0
-46.2819 -5.01666 -0.674693 2.13668 4.47498 1.70653 102113 0 -1.55662 0.890333 0
30.8383 9.34332 1.16218 1.99353 4.42095 1.70106 123414 0 -1.46827 0.888356 0
-19.0171 11.4738 0.818743 2.01151 4.557 1.77435 126066 0 1.68183 0.883997 0
48.4561 8.49135 1.00514 2.04136 4.71345 1.68148 122065 0 -1.47854 0.883296 0
-6.5542 17.452 1.08941 2.06797 4.79177 1.55343 134997 0 -1.53199 0.876387 0
13.2824 41.1371 1.86598 2.11094 4.88168 1.89515 169691 0 -1.5116 0.875728 0
10.6744 15.8315 1.23244 2.20751 5.09692 1.85863 132711 0 -1.53833 0.873928 0
-18.7423 19.7151 0.967871 2.12133 4.67491 1.94432 138235 0 1.70888 0.868811 0
-44.6969 -11.0941 -0.809023 2.03337 4.45091 1.75197 93226 0 0.035652 0.868588 0
-20.6195 32.7107 1.16412 2.34755 5.39391 1.77551 157417 0 -1.19692 0.867419 0
11.3664 19.4141 1.15973 1.96704 4.55431 1.49434 137861 0 -1.62679 0.863143 0
31.2048 30.9246 1.37194 2.10046 4.85278 1.52082 154771 0 1.57936 0.862498 0
48.7191 5.71406 1.15554 2.18196 5.10518 1.8828 117854 0 -1.47478 0.850384 0
-0.40947 22.9137 1.43697 2.17963 5.1169 1.82049 142972 0 -1.48988 0.849959 0
18.6138 15.4212 1.245 2.24527 4.95877 1.79525 132268 0 1.61755 0.847675 0
-42.1307 -11.6682 -0.825083 1.99342 4.384 1.62819 92298 0 0.0558861 0.846394 0
-6.57294 20.287 1.1808 2.12486 5.00265 1.44817 139209 0 -1.52924 0.842738 0
-29.8791 6.6179 -0.123748 2.15172 4.92245 1.66961 119012 0 -1.30236 0.838642 0
13.8997 38.1636 1.6948 2.10324 4.84929 1.65528 165481 0 -1.51544 0.838083 0
-18.4197 14.001 0.81755 2.08514 4.74239 1.82514 129812 0 1.76322 0.837877 0
17.7084 19.9817 1.20574 2.07199 4.87709 1.49202 138817 0 1.62731 0.836355 0
6.87357 -4.89607 0.841696 0.949491 1.01284 1.77107 102279 0 1.60679 0.835815 1
-1.18368 14.1555 1.11134 1.92169 4.31215 1.57297 130334 0 1.7109 0.830552 0
31.1462 12.2785 1.05939 1.967 4.74795 1.50121 127627 0 1.63217 0.82868 0
17.3786 22.8194 1.48922 2.10489 4.97049 1.66432 143028 0 1.61167 0.827459 0
-42.9823 5.91803 -0.306791 1.91189 4.18519 1.47904 118035 0 1.87092 0.823971 0
-19.6874 8.02884 0.678269 2.00737 4.53679 1.53367 121384 0 1.61083 0.814431 0
0.192947 31.7608 1.74387 2.19956 5.02216 1.8762 156078 0 1.66142 0.814242 0
71.2127 -5.31738 0.909119 2.07309 4.66058 1.65445 102012 0 -1.48935 0.813365 0
0.128609 29.0094 1.39904 2.0021 4.53514 1.58705 151866 0 1.62042 0.813324 0
11.418 26.1292 1.33838 1.89583 4.38384 1.48146 147689 0 -1.53922 0.81028 0
-36.435 -11.6001 -0.694794 2.24798 5.23114 2.01621 92316 0 0.0375615 0.807774 0
11.7361 22.3446 1.41455 1.92748 4.35812 1.70817 142074 0 -1.55978 0.800129 0
-31.8585 5.50591 -0.236954 0.857612 0.876389 1.66685 117602 0 -1.42868 0.797736 1
12.951 32.2618 1.41274 2.04961 4.86105 1.49841 156586 0 -1.47695 0.795019 0
-44.5892 20.3677 -0.101239 2.06789 4.62843 1.58021 139090 0 -1.23995 0.794859 0
7.24409 34.9874 1.51856 2.1321 4.93391 1.53604 160780 0 0.0195984 0.788181 0
-6.25976 14.4862 1.02778 2.01129 4.57714 1.50831 130786 0 -1.49067 0.783005 0
-61.3516 14.5255 -0.407172 1.95639 4.30638 1.61287 130614 0 -1.13597 0.781889 0
17.4604 25.7477 1.59173 2.28157 5.44717 1.75934 147240 0 1.6062 0.764123 0
-5.90932 26.1248 1.56922 2.07524 4.73435 1.73637 147635 0 -1.51328 0.762977 0
-27.3652 14.6195 0.373031 2.08279 5.21668 1.97163 130720 0 1.83397 0.761942 0
-0.139656 26.3408 1.28067 2.00582 4.62652 1.48672 148121 0 1.6323 0.759577 0
13.3194 43.9961 1.72062 1.98604 4.46521 1.61756 173903 0 -1.53968 0.758904 0
-18.107 22.9124 0.834816 1.9717 4.40731 1.55332 142917 0 1.64663 0.757875 0
30.9568 27.5783 1.39628 2.02623 4.58436 1.44446 150090 0 1.61314 0.7451 0
-18.474 16.8702 0.690764 1.82926 4.10013 1.5066 134024 0 1.7109 0.743154 0
15.4743 55.2319 2.15902 2.13045 4.85161 1.83567 190290 0 -1.4394 0.742419 0
-41.1392 11.7058 -0.156529 1.7013 3.87272 1.45766 126465 0 1.87238 0.741046 0
31.2595 -6.26184 0.797097 0.912909 0.95661 1.60202 100483 0 -1.4922 0.739241 1
13.2996 46.952 1.67425 1.9401 4.42384 1.50499 178115 0 -1.54971 0.737545 0
14.9116 58.4103 1.96834 2.00101 4.55514 1.55033 194968 0 -1.39066 0.736164 0
36.6035 12.2222 1.23442 2.08024 4.85979 1.63159 127644 0 1.64897 0.732032 0
36.3623 15.2605 1.1896 1.9386 4.49282 1.48038 131855 0 1.6675 0.730448 0
-40.4141 14.5571 -0.106983 1.99246 4.48419 1.58655 130679 0 1.89984 0.726911 0
-21.5741 29.9251 0.855349 2.12767 4.8215 1.51303 153202 0 -1.27135 0.726386 0
-49.1059 4.4108 -0.401803 2.14957 4.68769 1.7192 115676 0 -1.33579 0.717907 0
54.2071 5.36232 1.14186 2.00561 4.87684 1.76719 117403 0 1.6306 0.716377 0
19.0003 37.9047 1.79352 2.11161 4.71154 1.61725 165029 0 1.61848 0.713845 0
13.6706 -6.49483 0.808181 0.98498 1.06814 1.84628 99960 0 1.66928 0.708592 1
48.8646 11.5946 1.15368 1.89393 4.16466 1.66065 126746 0 -1.48688 0.707373 0
-38.9078 19.6906 -0.0581858 2.02957 4.7364 1.57084 138172 0 1.84909 0.701831 0
31.5138 35.7614 1.63954 2.07315 4.81652 1.66095 161792 0 1.61334 0.69067 0
-73.0534 -6.58614 -0.629167 0.928275 0.985694 1.8222 99689 0 -1.96428 0.683273 1
-19.6775 35.3706 1.14538 2.08308 4.63691 1.52601 161164 0 -1.11796 0.680417 0
-5.30182 40.8371 1.69525 2.02581 4.60163 1.49831 169165 0 -1.55435 0.679189 0
12.6254 29.2276 1.42561 1.97094 4.63371 1.44942 152373 0 -1.53503 0.677413 0
9.20567 -3.02051 0.897547 0.867456 0.931676 1.67238 105094 0 2.92819 0.675187 1
15.1701 -4.30967 0.55464 0.521757 0.624585 0.735268 103241 0 -1.60641 0.673553 1
30.5946 21.6843 1.21059 1.85595 4.25466 1.38576 141197 0 -1.52685 0.666468 0
18.7236 31.7994 1.40422 2.11763 4.85497 1.51016 156136 0 1.60102 0.66274 0
-47.2081 12.2921 -0.408058 2.01831 4.49503 1.61758 127382 0 -1.23869 0.659078 0
-5.30396 44.2597 2.00141 2.10756 4.68365 1.7114 174313 0 -1.56983 0.645247 0
31.832 38.8939 1.80682 1.96896 4.42404 1.56207 166473 0 -1.51239 0.645229 0
-28.6455 9.18913 -0.0298384 1.97184 4.4223 1.47958 122760 0 -1.37918 0.641274 0
1.06945 43.6482 1.60097 1.968 4.46043 1.48098 173397 0 1.55707 0.636223 0
-53.9116 47.8644 0.566005 2.03202 4.54166 1.56907 179309 0 -1.14004 0.632819 0
2.38651 55.493 2.18175 2.3346 5.37716 1.93139 190717 0 1.56098 0.631698 0
14.931 64.5485 2.14506 2.00505 4.52056 1.58186 203860 0 -1.46584 0.623656 0
50.6732 34.9489 1.75637 2.11415 4.77874 1.58002 160916 0 -1.51299 0.61938 0
-56.2352 27.2643 0.156632 2.01092 4.48407 1.58217 149350 0 -1.18858 0.607086 0
-48.18 7.12567 -0.415481 2.0214 4.53239 1.5925 119891 0 -1.2511 0.602925 0
-63.8639 6.94205 -0.528995 2.10871 4.53187 1.70678 119374 0 -1.25525 0.601719 0
-5.92984 31.8847 1.69527 2.10374 4.8202 1.53028 156059 0 -1.53259 0.595757 0
41.0682 30.0105 1.58084 0.808261 0.812492 1.68191 153398 0 -2.93812 0.589942 1
-47.8159 9.72025 -0.0684653 2.37347 5.70681 1.98482 123636 0 -1.26939 0.58918 0
30.1703 -6.81019 0.820852 0.836223 1.05194 1.59906 99544 0 -1.46617 0.584225 1
-45.6306 17.8037 -0.0833518 2.04253 4.57465 1.63967 135343 0 -1.21962 0.579907 0
30.0057 -6.7651 0.845248 0.81516 0.960135 1.61408 99543 0 -1.47611 0.576146 1
15.1729 67.7037 2.28658 2.10482 4.76899 1.78669 208541 0 -1.54203 0.575699 0
-62.2368 11.7077 -0.43644 1.90596 4.25901 1.52321 126399 0 2.0397 0.568939 0
30.1812 -6.63737 0.801816 0.900932 1.07489 1.56112 100012 0 -1.50326 0.561528 1
-40.1181 17.1422 0.0519571 1.96556 4.30259 1.7741 134424 0 1.84779 0.557514 0
-45.9601 56.0964 0.707299 2.07338 4.56015 1.54476 191502 0 -1.27194 0.556554 0
-1.12472 20.0507 1.28512 2.06868 4.81298 1.57849 138758 0 1.70432 0.555999 0
11.8809 -8.28124 0.701812 0.864358 0.961374 1.63434 97615 0 -1.91912 0.555087 1
36.6262 18.1208 1.07879 1.95851 4.47825 1.43862 136068 0 1.64203 0.546499 0
31.2067 18.754 1.146 1.88272 4.33423 1.4912 136987 0 -1.51997 0.540046 0
-32.1364 42.1204 1.14403 1.97419 4.56389 1.62064 170953 0 1.9015 0.53965 0
36.6195 21.2052 1.39365 2.15845 5.08444 1.61904 140748 0 1.60782 0.538865 0
-44.2779 23.1863 0.187839 2.04461 4.47286 1.65037 143303 0 -1.20402 0.536803 0
30.5453 -6.28587 0.596865 0.6381 0.730336 0.996554 100481 0 -1.48376 0.535937 1
4.5648 40.041 1.78704 0.924298 0.845157 1.72643 168260 0 -0.0068531 0.534565 1
-46.5399 14.8188 -0.23665 2.01099 4.39839 1.57753 131128 0 -1.22895 0.532688 0
-16.3712 -14.564 0.37643 0.870652 0.973727 1.72827 88166 0 -1.64689 0.531449 1
19.3428 40.8088 1.95716 2.01566 4.6769 1.49049 169242 0 1.60113 0.525232 0
26.8266 6.03177 1.08344 0.869303 1.03157 1.79604 118253 0 0.182417 0.521232 1
19.0544 46.5755 2.09457 1.97244 4.37799 1.57338 177665 0 1.54036 0.520067 0
-44.6191 58.4501 1.12963 2.25046 5.09287 1.81639 194782 0 -1.25848 0.511597 0
37.6651 34.6849 1.4693 0.728268 0.795494 1.6131 160407 0 0.925176 0.499159 1
-69.2682 4.99756 -0.561207 2.04906 4.52852 1.71922 116549 0 1.72747 0.496787 0
17.7598 28.6864 1.38665 1.9916 4.61903 1.45054 151453 0 1.58652 0.496521 0
36.9495 26.9476 1.33807 2.19739 5.14888 1.56783 149173 0 1.67235 0.495649 0
31.85 44.9946 1.9119 1.97011 4.45119 1.49603 175365 0 -1.55542 0.494087 0
-4.35622 58.7781 2.20879 1.91216 4.38189 1.58046 195376 0 -1.54381 0.491687 0
-61.9616 11.6855 -0.422489 1.75117 3.8223 1.47258 126400 0 2.35547 0.479087 0
15.0022 -4.32484 0.64448 0.576323 0.690845 0.904247 103240 0 -1.68991 0.477896 1
37.2728 30.2012 1.70653 2.5326 5.94147 1.94258 153854 0 -1.51159 0.477709 0
1.73287 52.6227 1.89121 1.92144 4.32655 1.54372 186503 0 -1.60499 0.477431 0
32.8045 56.8122 1.87196 1.9855 4.54184 1.50981 192684 0 -1.54388 0.471341 0
30.5466 -6.50413 0.725618 0.74877 0.875463 1.34867 100013 0 -1.48392 0.462035 1
-42.4029 9.43899 -0.274745 2.03941 4.57393 1.59103 123185 0 1.84487 0.461483 0
14.1544 -4.3231 0.927348 0.899615 0.975748 1.86364 103238 0 1.68946 0.459783 1
54.5442 11.3206 1.30674 2.04812 4.65227 1.54068 126296 0 1.56622 0.45422 0
-47.2824 9.48696 -0.0501204 1.98138 4.40278 1.7546 123170 0 -1.26925 0.446547 0
49.1281 14.2935 1.26632 1.9372 4.42414 1.57024 130491 0 -1.55001 0.446055 0
2.12817 55.3046 2.17858 2.39298 5.90473 1.99256 190248 0 -1.98843 0.431945 0
54.2195 8.17277 0.988353 1.92008 4.46812 1.49305 121615 0 1.67015 0.425877 0
14.1624 -4.00217 1.04462 0.939336 1.00623 1.95688 103706 0 1.60898 0.420459 1
-5.29744 28.9693 1.38512 2.0282 4.65168 1.52816 151849 0 -1.46432 0.416792 0
-32.5134 39.1552 0.7307 2.00897 4.53131 1.5061 166740 0 1.91384 0.414608 0
-24.5111 22.2592 0.588236 2.01225 4.39225 1.55624 141961 0 -1.33376 0.413462 0
31.1455 21.8675 1.17636 2.05012 4.72282 1.47879 141667 0 -1.54702 0.411272 0
70.8615 -8.79072 0.719127 1.9603 4.35757 1.54319 96863 0 -1.5085 0.410931 0
-27.0489 17.4688 0.549569 2.1168 4.8427 1.80789 134933 0 1.77477 0.403602 0
-37.9334 22.525 0.304395 1.99163 4.41461 1.78197 142387 0 1.84806 0.401949 0
-53.6943 48.0847 0.564342 2.05276 4.48311 1.57007 179778 0 -0.899978 0.399431 0
-44.0395 58.1611 1.14902 1.97953 4.32618 1.68702 194316 0 -1.2462 0.396209 0
49.4358 14.5317 1.33615 2.0411 4.69889 1.63552 130960 0 -1.54335 0.392899 0
-67.657 11.0378 -0.593479 2.04275 4.55899 1.54809 125446 0 -1.18038 0.392536 0
-19.0402 38.2495 0.890489 1.99257 4.44505 1.48221 165378 0 -1.13433 0.392024 0
49.1313 20.6465 1.51494 1.96511 4.32142 1.51903 139851 0 -1.666 0.391723 0
49.4344 20.9267 1.56974 2.04584 4.53596 1.57574 140320 0 -1.71872 0.38843 0
54.2869 11.1088 1.26351 1.77932 4.04918 1.44679 125827 0 1.66065 0.387796 0
14.1938 -4.56595 0.78056 0.726487 0.780088 1.56679 102770 0 1.81245 0.382789 1
48.8056 23.5342 1.06461 1.92168 4.45106 1.52075 144062 0 -1.57923 0.379135 0
32.1287 35.7535 1.69782 2.111 5.00327 1.70534 161794 0 -1.31641 0.371297 0
37.5926 44.5962 1.92909 1.96679 4.51212 1.49692 174915 0 1.603 0.368964 0
-69.0116 5.19468 -0.588134 1.92391 4.2044 1.67642 117018 0 1.9464 0.367695 0
0.838448 69.9349 3.34195 2.19847 4.92655 1.90618 211772 0 3.0664 0.361903 0
51.6895 46.591 1.9239 1.98036 4.47505 1.55306 177767 0 -1.59105 0.360049 0
-4.32416 49.7225 1.93764 2.03669 4.63174 1.63809 182272 0 -1.60582 0.358068 0
20.2855 40.8302 1.95975 1.94848 4.35034 1.49036 169245 0 1.58107 0.356669 0
40.9242 30.0111 1.55169 0.840181 0.847261 1.69993 153397 0 -2.85507 0.355672 1
15.391 -4.31664 0.595341 0.562446 0.641991 0.818712 103242 0 -1.57451 0.354035 1
-34.7249 33.7499 0.779613 1.99373 4.54226 1.57052 158777 0 2.03012 0.346541 0
-32.0277 5.53109 -0.226807 0.869219 0.864134 1.65069 117601 0 -1.39136 0.346042 1
37.6538 34.5068 1.48166 0.759333 0.83488 1.62962 159939 0 0.334719 0.345291 1
-59.9848 17.1558 -0.417113 2.09812 4.73833 1.61823 134362 0 -1.09306 0.344977 0
30.4913 -6.87166 0.754761 0.741033 0.903017 1.44196 99545 0 -1.4804 0.344587 1
14.9106 67.4388 2.27787 1.90299 4.29146 1.67288 208072 0 -1.50791 0.342043 0
31.2158 -6.44968 0.802226 0.901348 0.941728 1.58577 100015 0 -1.47855 0.341073 1
-24.2048 22.5599 0.587867 1.97407 4.30932 1.54728 142430 0 -1.40175 0.337992 0
40.9119 30.1422 1.5777 0.850005 0.852881 1.69538 153865 0 -2.97647 0.336302 1
-27.6816 17.7532 0.543384 2.10224 4.68266 1.84199 135399 0 1.82804 0.335041 0
-39.1135 29.0395 0.636296 0.800818 0.828083 1.76919 151743 0 -2.52348 0.334901 1
49.4141 20.3362 1.47011 2.00104 4.4779 1.53025 139384 0 -1.57686 0.334217 0
18.3828 28.8999 1.40523 2.00803 4.67278 1.47438 151923 0 -1.53113 0.330744 0
-3.67886 64.7697 2.40381 2.03632 4.44688 1.60053 204270 0 -1.45493 0.328413 0
-48.5447 4.39809 -0.480586 1.83343 3.76781 1.54911 115678 0 -1.29693 0.327849 0
-29.2423 9.38474 -0.0673878 2.07335 4.6452 1.52762 123226 0 1.50066 0.327224 0
30.598 18.9641 1.14516 1.92566 4.56154 1.47678 137453 0 -1.55961 0.326971 0
-62.2267 11.436 -0.448136 1.82666 4.11099 1.49314 125931 0 -3.06637 0.326611 0
-5.57642 59.0176 2.17937 2.01581 4.59812 1.63915 195840 0 1.5975 0.322856 0
53.9213 28.9434 1.57157 2.00469 4.53656 1.5215 152034 0 -1.59269 0.319395 0
30.8972 38.9102 1.74162 1.92042 4.38374 1.53732 166470 0 1.57602 0.318536 0
-73.069 -6.75607 -0.609505 0.950302 0.999409 1.80682 99221 0 -1.97015 0.318201 1
14.8729 73.7966 2.40914 1.95507 4.39916 1.56751 217432 0 -1.55415 0.316554 0
37.8936 35.05 1.44254 1.48907 3.45935 1.5626 160876 0 -0.611202 0.315709 0
32.7917 54.178 1.87048 1.89862 4.25908 1.46399 188940 0 -1.52536 0.31458 0
15.4252 64.7261 2.17099 2.28833 5.30686 1.79304 204330 0 -1.50491 0.314077 0
14.6323 67.6842 2.34848 1.85657 4.0456 1.63354 208539 0 -1.57044 0.313511 0
-4.94512 49.4904 1.91881 1.99595 4.60593 1.61803 181802 0 -1.5985 0.311198 0
37.8276 34.7235 1.48218 0.826029 1.07182 1.60501 160408 0 -0.17658 0.31062 1
14.1757 -3.77522 0.971216 0.840669 0.960528 1.88712 104174 0 1.6371 0.308758 1
-46.0007 14.7948 -0.288433 1.96541 4.37163 1.58739 131130 0 -1.21547 0.308573 0
-61.933 11.4128 -0.441835 1.65797 3.60604 1.45249 125932 0 -1.68118 0.306365 0
49.1066 23.7613 1.14631 1.93106 4.43113 1.50078 144531 0 -1.52807 0.30513 0
-37.3 22.2467 0.328579 2.06236 4.64751 1.77773 141921 0 1.8172 0.304888 0
32.1304 44.701 1.83702 1.91264 4.29057 1.49737 174898 0 -1.53802 0.302023 0
19.6453 31.8509 1.38404 2.06295 4.62726 1.55668 156139 0 1.60534 0.301684 0
37.6308 35.3539 1.37872 1.89582 4.67635 1.53587 161343 0 1.66745 0.300018 0
36.0593 21.0491 1.36545 1.96466 4.45603 1.54573 140278 0 1.60249 0.297631 0
2.04729 52.8989 1.92733 1.87764 4.08263 1.5058 186972 0 -1.60693 0.297361 0
55.2045 15.2366 1.05277 1.96212 4.44898 1.53417 131914 0 1.5866 0.296274 0
33.7096 56.8204 1.89833 2.00078 4.4882 1.59563 192687 0 -1.52673 0.295765 0
-67.3997 11.3076 -0.627825 1.91952 4.26092 1.49237 125915 0 -1.12869 0.29229 0
31.8575 54.2066 1.78831 1.90686 4.38373 1.46929 188937 0 -1.54282 0.291902 0
-57.76 20.9223 -0.00988013 2.00245 4.63186 1.61783 139985 0 -1.14851 0.291252 0
-54.1802 47.6075 0.511856 2.09659 4.79416 1.62796 178840 0 -1.26266 0.291019 0
15.1957 -4.14528 0.624582 0.54648 0.601855 0.856392 103709 0 -1.71853 0.290426 1
18.0702 -11.3404 0.780568 2.06256 4.47938 1.74304 92954 0 0.00505715 0.290091 0
2.98396 55.2974 2.12393 1.96917 4.31507 1.73135 190251 0 1.52218 0.288466 0
49.0872 23.2224 1.09941 1.81756 4.18098 1.48191 143595 0 -1.55117 0.28694 0
-6.23828 29.238 1.5335 2.10401 4.7094 1.59354 152314 0 -1.46808 0.286896 0
37.6628 35.0282 1.4347 1.60076 3.56602 1.58737 160875 0 1.58263 0.286162 0
-57.1321 21.9023 0.0290955 1.98588 4.48044 1.56176 141391 0 -1.20261 0.28438 0
51.7002 37.6052 1.88983 1.93962 4.3637 1.57425 164663 0 -1.51305 0.28436 0
18.4748 40.8112 1.73872 2.00326 4.72601 1.48896 169239 0 1.60941 0.283393 0
70.6075 -9.06796 0.738729 1.79453 3.97313 1.48619 96394 0 -1.51158 0.283346 0
-5.86089 44.0959 1.97061 2.19314 4.99971 1.73133 173843 0 -1.55322 0.282968 0
30.8863 -6.30546 0.752651 0.856923 0.9974 1.39176 100482 0 -1.4875 0.281888 1
-38.9753 29.1908 0.621504 0.788715 0.820881 1.78808 152212 0 3.09955 0.281749 1
1.34074 43.4139 1.60286 1.82526 4.00328 1.46268 172930 0 1.51681 0.280869 0
15.1899 64.2586 2.14813 2.07812 4.7648 1.66045 203393 0 -1.40398 0.280655 0
0.859589 43.1233 1.70256 2.08872 4.81832 1.57413 172460 0 1.45037 0.28033 0
-3.96344 64.5059 2.43298 1.97316 4.39925 1.60308 203801 0 -1.41857 0.2793 0
-39.0993 29.1797 0.631882 0.807697 0.824529 1.77902 152211 0 -2.64699 0.279155 1
-26.781 17.7162 0.545282 2.08315 4.82428 1.76335 135402 0 1.76491 0.278768 0
33.4349 53.9796 1.87143 1.92275 4.31698 1.51018 188474 0 -1.50076 0.278383 0
15.1758 -4.50111 0.588323 0.57658 0.697435 0.817553 102773 0 -1.53461 0.277417 1
-5.86847 41.0144 1.78322 2.06382 4.6138 1.4833 169631 0 -1.56936 0.275237 0
70.6081 -8.54723 0.741937 1.81839 4.0167 1.49659 97330 0 -1.54647 0.275078 0
36.0501 18.3133 1.04612 1.95533 4.45536 1.46895 136534 0 1.65719 0.274618 0
-38.9897 29.0523 0.612997 0.804941 0.840656 1.79563 151744 0 -2.73446 0.273864 1
11.4078 -2.93357 0.738647 0.73166 0.805578 1.54197 105101 0 0.103313 0.271931 1
49.7484 23.5227 1.25162 1.88234 4.27456 1.4826 144065 0 -1.53863 0.270737 0
-31.5623 41.8409 1.12369 1.84023 3.99634 1.53792 170487 0 1.89937 0.266008 0
-63.2708 6.83991 -0.565547 1.97121 4.17719 1.65706 119376 0 -1.20081 0.264992 0
31.5186 18.4911 1.10593 1.85961 4.26736 1.49542 136520 0 -1.52227 0.264283 0
37.9146 35.6595 1.42705 1.89094 4.47425 1.49221 161812 0 1.6744 0.263943 0
-57.4209 21.616 -0.0071058 1.97523 4.51222 1.58626 140922 0 -1.18529 0.263676 0
-41.3867 11.4642 -0.188507 1.8713 4.27896 1.52415 125996 0 1.84833 0.263354 0
13.8035 -6.36716 0.788153 0.924576 1.04739 1.85046 100429 0 1.65367 0.261116 1
-39.1343 19.4687 -0.0811463 1.80634 4.30943 1.52645 137703 0 1.84993 0.260924 0
-61.6833 11.6387 -0.451133 1.67083 3.55936 1.44843 126401 0 -1.24439 0.260457 0
9.18398 -2.85027 0.899556 0.894744 1.04116 1.68811 105562 0 3.00926 0.257484 1
2.01707 52.383 1.85502 1.84737 4.08525 1.52499 186036 0 -1.63014 0.257025 0
14.8763 74.3871 2.75135 1.97653 4.65109 1.64902 218368 0 -1.731 0.256973 0
-5.28243 68.2843 2.57898 2.05251 4.7198 1.61739 209413 0 -1.48825 0.256664 0
50.406 23.5151 1.35746 1.92165 4.28998 1.47704 144067 0 -1.60497 0.256249 0
55.192 14.2325 1.08855 1.96716 4.49131 1.5326 130510 0 1.5478 0.256135 0
71.7391 -5.31308 0.955724 2.38113 5.83562 1.85948 102014 0 -1.53014 0.255935 0
36.6918 44.6465 1.8278 1.88841 4.29327 1.48769 174912 0 1.59958 0.255877 0
31.5579 38.673 1.78623 1.82736 4.09651 1.54692 166004 0 -1.50296 0.255355 0
37.2431 18.3157 1.18864 1.96523 4.48804 1.47502 136538 0 1.61708 0.253395 0
-42.6839 9.22122 -0.293089 2.05253 4.52078 1.6217 122716 0 1.83451 0.253334 0
11.885 26.3169 1.32358 2.17653 5.18487 1.59985 148159 0 -1.54939 0.253091 0
-27.3792 18.0212 0.553363 2.12414 4.80538 1.82683 135868 0 1.81938 0.252392 0
21.9109 67.0407 2.27857 2.03837 4.58333 1.64386 207626 0 1.63347 0.252195 0
19.6287 46.7974 2.09832 2.13713 4.81826 1.65866 178135 0 1.54391 0.251256 0
50.1758 34.8176 1.75029 1.94346 4.55424 1.55495 160446 0 -1.49772 0.249623 0
-41.0933 29.9397 0.751615 2.09725 4.72589 1.75101 153141 0 2.03841 0.248855 0
53.9798 7.92997 0.999935 1.739 3.99704 1.4558 121146 0 1.70082 0.246798 0
-58.051 20.6853 0.0476845 2.08236 4.75922 1.64206 139516 0 -1.13808 0.246519 0
-25.1664 2.17596 1.34818 0.794997 0.875573 1.79436 112475 0 -1.44843 0.24624 1
33.1138 56.5735 1.91716 1.89107 4.27181 1.49083 192217 0 -1.50818 0.24415 0
1.04897 70.5308 3.45998 2.47086 5.89321 2.15624 212709 0 2.97637 0.242352 0
-57.4504 21.2712 -0.00823072 1.95485 4.49752 1.59276 140454 0 -1.18063 0.241998 0
70.297 -8.80368 0.763438 1.56945 3.30536 1.41749 96861 0 -1.54541 0.241843 0
50.3907 37.9206 1.86695 1.8731 4.26487 1.49285 165127 0 -1.48441 0.241806 0
-47.5894 6.87129 -0.383963 1.88102 4.25177 1.5187 119425 0 -1.22692 0.241717 0
4.46064 39.9522 1.79634 0.945555 0.890794 1.72812 167791 0 0.0240953 0.241131 1
12.9097 29.5036 1.42107 1.96983 4.68117 1.48589 152842 0 -1.56929 0.240979 0
15.2128 61.2909 1.98884 2.04476 4.59449 1.53585 199181 0 -1.4404 0.240555 0
-3.71883 49.5061 1.92518 2.01296 4.58202 1.6425 181806 0 -1.57993 0.240426 0
14.5727 74.0517 2.34062 1.94731 4.30213 1.52681 217899 0 -1.66901 0.24037 0
-42.5313 5.87523 -0.25039 1.65774 3.50271 1.4305 118037 0 1.8461 0.239849 0
37.9113 35.9921 1.43651 1.90309 4.31308 1.47701 162280 0 1.65695 0.239563 0
-25.0848 22.4948 0.596919 2.04949 4.52886 1.51732 142427 0 -1.34936 0.237983 0
30.3583 -6.28172 0.627426 0.651823 0.765048 1.10729 100480 0 -1.50795 0.237591 1
-59.4048 17.0985 -0.405268 2.03372 4.59942 1.62994 134364 0 -1.15638 0.237046 0
37.502 30.2122 1.71278 2.66718 6.21824 1.93146 153855 0 -1.17708 0.237019 0
-40.9091 11.9012 -0.1327 1.71656 3.71365 1.46163 126934 0 1.90362 0.236603 0
12.0756 29.0289 1.42747 1.78893 4.02561 1.44909 151903 0 -1.4824 0.236432 0
34.4209 31.1596 1.35442 0.721608 0.696516 1.62389 155249 0 -3.05683 0.236263 1
-30.5604 4.02566 -0.355059 1.93115 4.42341 1.53365 115266 0 -1.35197 0.234883 0
31.2427 45.1998 1.9907 2.06781 4.81698 1.54636 175831 0 -1.57466 0.234724 0
-17.7745 37.6301 1.16387 2.11138 4.8146 1.69107 164446 0 -1.11665 0.234193 0
50.0516 14.2903 1.31132 1.95212 4.36678 1.66897 130494 0 -1.54533 0.23418 0
-29.2044 9.23373 -0.0623541 2.04267 4.61214 1.51593 122758 0 -1.22319 0.234124 0
-35.3177 33.8203 0.750559 2.00149 4.51872 1.56024 158775 0 1.96931 0.234117 0
30.8649 -6.51411 0.738721 0.774005 0.879196 1.35597 100014 0 -1.51873 0.23375 1
14.5372 -4.35058 0.821285 0.777951 0.99333 1.5637 103239 0 2.29301 0.232757 1
-62.4957 11.4403 -0.427961 2.01006 4.48222 1.5709 125930 0 -2.03657 0.232678 0
7.27034 -5.85043 0.647084 0.832766 0.908112 1.39229 100876 0 -0.694424 0.231195 1
-48.8132 1.74684 -0.489323 2.08355 4.62568 1.70772 111933 0 -1.37411 0.231161 0
16.7501 -3.24171 0.776335 0.778679 0.865846 1.49549 104650 0 -0.905233 0.231005 1
49.1471 20.0578 1.45535 1.94725 4.32943 1.50307 138915 0 -1.46794 0.230688 0
49.0898 22.9249 1.11313 1.28574 2.3715 1.47754 143127 0 -1.5875 0.230582 0
38.2017 35.069 1.46091 1.88582 4.61551 1.56758 160877 0 -0.37556 0.23054 0
42.0809 56.1625 2.42063 2.04306 4.58343 1.68077 191777 0 2.64564 0.230304 0
17.4751 28.3967 1.41686 1.99841 4.58028 1.47442 150984 0 1.59803 0.229401 0
-6.81996 31.9128 1.68977 2.11547 4.84524 1.6126 156056 0 1.57962 0.228698 0
48.5137 14.5408 1.28702 1.995 4.52066 1.61271 130957 0 -1.54783 0.228342 0
6.70256 -4.90887 0.838585 0.972278 1.04254 1.78755 102278 0 1.60751 0.228328 1
71.1208 -8.53172 0.72227 2.16207 4.87767 1.62351 97332 0 -1.53529 0.228317 0
54.8821 28.9102 1.67992 2.05292 4.59036 1.64825 152037 0 -1.58297 0.228187 0
14.6438 58.2006 1.91247 1.80086 4.10813 1.45859 194499 0 -1.36536 0.228185 0
-5.00967 29.2018 1.26697 1.98896 4.67256 1.48703 152318 0 -1.47814 0.227576 0
-0.154152 25.8894 1.33726 2.01136 4.59178 1.50177 147185 0 1.5931 0.227486 0
7.05869 -4.91245 0.836083 0.957379 1.08812 1.77213 102280 0 1.61077 0.226417 1
13.9251 73.8069 2.14733 1.96545 4.48098 1.45738 217429 0 -1.53497 0.225263 0
-5.592 49.7129 1.91866 2.12703 4.90228 1.74067 182268 0 1.57108 0.224751 0
-64.7441 7.15802 -0.49542 2.24831 5.07782 1.75381 119839 0 -1.28681 0.224403 0
-3.99865 55.8316 2.05868 1.9996 4.45027 1.59472 191165 0 -1.57917 0.224292 0
71.1303 -9.07944 0.756334 2.15176 4.92289 1.62722 96396 0 -1.48945 0.224231 0
-36.6574 22.0023 0.327055 2.01085 4.63287 1.76826 141455 0 1.86639 0.223278 0
-45.0335 17.7299 -0.148578 2.06111 4.64379 1.66615 135345 0 -1.20178 0.222963 0
1.19695 52.3636 1.90458 2.13406 5.02647 1.72175 186033 0 -1.61325 0.222789 0
-44.1113 20.3213 -0.13491 1.74674 3.67161 1.52942 139092 0 -1.21491 0.22264 0
-40.8365 30.2242 0.778612 2.05151 4.63193 1.70235 153610 0 2.10816 0.222548 0
50.7244 37.6357 1.8596 1.83399 4.22798 1.50075 164660 0 -1.50199 0.220274 0
38.2124 44.3918 1.97613 1.88276 4.28502 1.49372 174449 0 1.62484 0.219943 0
-24.7395 22.004 0.593567 1.96975 4.37409 1.56652 141492 0 -1.28241 0.219691 0
-40.1173 17.6753 0.0272255 2.094 4.4974 1.79393 135360 0 1.96823 0.219418 0
-26.7387 17.1976 0.525982 2.08435 4.70779 1.7774 134466 0 1.54615 0.218715 0
-6.84915 26.1592 1.56753 2.15012 5.03115 1.78903 147632 0 -1.51192 0.217848 0
-33.0938 39.4502 0.79326 2.15257 4.9067 1.64246 167206 0 1.88541 0.21742 0
-67.927 10.7608 -0.554064 2.17364 4.8937 1.62831 124977 0 -1.23374 0.217278 0
39.5236 35.0445 1.63187 1.96384 4.38585 1.5981 160881 0 -1.52613 0.217209 0
-17.8063 22.6788 0.816701 1.82459 3.93331 1.55379 142450 0 1.62105 0.216704 0
-34.0667 33.1806 0.829248 2.02572 4.59411 1.54516 157843 0 2.06279 0.216303 0
49.4141 22.9223 1.1694 1.84109 4.23634 1.48295 143128 0 -1.53878 0.21501 0
55.824 34.0677 1.80208 2.11042 4.8388 1.65324 159528 0 1.62444 0.214915 0
-3.68448 55.5563 2.07247 2.0054 4.50989 1.56051 190698 0 -1.60773 0.214806 0
-49.4377 1.76767 -0.464216 2.03176 4.50916 1.67256 111931 0 -1.37838 0.214548 0
37.8141 34.4935 1.50833 0.82731 0.972359 1.65184 159940 0 -0.0161183 0.214444 1
-34.7202 30.2676 0.465398 1.91087 4.35714 1.47989 153629 0 -0.988422 0.214259 0
51.3738 37.8838 1.88742 1.93466 4.29984 1.54829 165130 0 -1.52007 0.214184 0
-19.1411 35.2791 1.13533 2.05829 4.49897 1.54241 161166 0 -1.10612 0.214077 0
15.4726 61.5839 2.02906 2.10558 4.74851 1.58796 199650 0 -1.50275 0.213671 0
50.0834 23.8058 1.36145 1.87745 4.13055 1.47151 144534 0 -1.64307 0.213116 0
38.5647 35.361 1.5072 1.96679 4.66773 1.55598 161346 0 1.76415 0.212572 0
18.1564 31.6235 1.39612 2.00598 4.61413 1.52698 155666 0 1.59404 0.212549 0
-4.63676 64.8007 2.43705 2.14316 4.88981 1.74266 204267 0 1.49323 0.212261 0
14.9489 -4.51083 0.668379 0.649553 0.764987 1.00974 102772 0 -1.48763 0.212165 1
18.7555 46.3429 2.07034 1.95021 4.38518 1.61249 177196 0 1.55752 0.211597 0
36.336 17.8653 1.08436 1.91982 4.42395 1.4613 135599 0 1.66479 0.211504 0
38.5352 44.6259 2.05922 2.00469 4.51413 1.55626 174918 0 1.61362 0.211425 0
36.4046 26.8319 1.2832 2.08413 4.86349 1.57511 148703 0 1.67406 0.211424 0
14.025 -3.74356 0.870558 0.833001 0.934962 1.81471 104173 0 1.48795 0.210978 1
-60.5995 17.1604 -0.412025 2.12366 4.70047 1.65677 134360 0 1.68798 0.210947 0
39.2137 35.3524 1.60916 1.94356 4.37012 1.58443 161348 0 -0.0277642 0.210804 0
45.9268 -30.5423 -0.178523 1.9432 4.35142 1.6118 64961 0 -1.36311 0.209925 0
49.1284 14.0129 1.21754 1.82198 4.126 1.52791 130023 0 -1.55354 0.209578 0
-5.21845 69.6204 2.93399 2.06552 4.52975 1.65742 211285 0 0.00917842 0.209559 0
51.9821 37.3377 1.83671 2.01129 4.53901 1.64536 164196 0 -1.50084 0.208542 0
-35.0192 30.2934 0.449081 1.90968 4.41764 1.50049 153628 0 1.08689 0.208444 0
50.0835 23.221 1.29021 1.87418 4.19837 1.48145 143598 0 -1.48639 0.20718 0
41.7621 55.8647 2.36014 1.98611 4.4305 1.66635 191308 0 2.30278 0.207096 0
38.8899 35.6774 1.58618 1.94324 4.42043 1.5576 161815 0 1.61814 0.206752 0
1.51633 55.4982 2.286 2.52889 6.29382 2.07128 190714 0 -1.60925 0.206685 0
-4.00095 65.053 2.43176 2.11109 4.61975 1.64952 204737 0 -1.52008 0.205145 0
7.4158 -5.85258 0.647976 0.822243 0.917489 1.30995 100877 0 -1.46212 0.204978 1
1.45506 52.0744 1.85833 2.01598 4.59096 1.63458 185566 0 -1.6425 0.204968 0
-34.137 33.6784 0.861624 2.06152 4.64324 1.59178 158779 0 1.9844 0.204338 0
-67.0967 10.7762 -0.606494 1.8468 3.96042 1.48517 124980 0 -1.19401 0.203835 0
32.4241 45.2234 1.92996 2.0636 4.73062 1.5625 175835 0 -1.58082 0.2036 0
-0.496803 19.0997 1.36873 0.801942 0.909721 1.67459 137356 0 1.75609 0.203035 1
-18.6209 23.1468 0.817973 2.19093 5.17793 1.65007 143383 0 1.74239 0.202748 0
-3.07084 55.8136 2.04139 1.96686 4.44788 1.51548 191168 0 -1.57786 0.201941 0
38.203 35.3479 1.45749 1.82632 4.29716 1.51555 161345 0 -1.73304 0.201764 0
-57.1697 20.9374 0.0359797 1.8691 4.19199 1.55683 139987 0 -1.16825 0.201398 0
-3.6925 64.2229 2.44892 1.93151 4.34411 1.58369 203334 0 -1.29326 0.200976 0
39.2084 53.6049 1.85722 1.97698 4.45974 1.59855 188024 0 1.81242 0.200738 0
-0.840874 19.7657 1.317 2.00962 4.63732 1.61467 138291 0 1.68609 0.200452 0
43.6769 56.1482 2.52129 2.05965 4.65378 1.68571 191782 0 -2.70719 0.200175 0
-41.6505 11.9355 -0.202807 2.10085 4.97928 1.66017 126931 0 1.901 0.199925 0
-46.849 56.4231 0.664451 2.21672 5.0547 1.62918 191967 0 -1.24507 0.19961 0
-3.99168 50.0042 1.9711 2.06418 4.66607 1.66947 182741 0 -1.62589 0.198923 0
42.3863 56.4461 2.45471 2.13894 4.82467 1.7285 192246 0 2.88694 0.198244 0
49.7623 38.1912 1.84358 1.93008 4.38516 1.52311 165593 0 -1.47596 0.197973 0
49.456 37.9637 1.84289 1.87674 4.28807 1.51305 165124 0 -1.51808 0.197947 0
22.5433 66.7471 2.30907 2.07929 4.67927 1.66156 207160 0 1.57867 0.19747 0
46.5454 -27.7013 0.0701443 2.02931 4.60753 1.72948 69175 0 -1.50223 0.197072 0
59.6223 16.8053 1.4657 0.788579 0.73677 1.76013 134268 0 -1.67815 0.19681 1
-3.40266 49.7663 1.96378 2.01528 4.5623 1.65551 182275 0 -1.60729 0.196459 0
14.5 -4.58842 0.742707 0.716637 0.807272 1.44349 102771 0 2.30374 0.195747 1
-24.746 22.7963 0.615747 2.03801 4.43253 1.53867 142896 0 -1.50067 0.195533 0
14.1391 -3.0705 0.800842 0.803258 0.92123 1.68985 105110 0 -1.3268 0.195339 1
55.7999 15.4489 1.12411 2.02392 4.53182 1.59116 132384 0 1.58909 0.194707 0
54.602 15.4837 1.09986 1.92717 4.33555 1.51734 132380 0 1.58808 0.194694 0
-6.84097 29.04 1.51117 2.13902 4.83974 1.6433 151844 0 -1.52118 0.194567 0
7.25175 -5.69081 0.698858 0.80121 0.874252 1.38861 101344 0 1.61749 0.19455 1
-59.9979 16.8821 -0.417568 2.0736 4.61948 1.63628 133894 0 0.841843 0.194524 0
-5.33447 31.6329 1.64278 1.97292 4.63251 1.56009 155593 0 -1.47582 0.193918 0
14.8677 74.7269 2.68648 2.07809 4.90358 1.66741 218836 0 -1.763 0.1935 0
49.1247 14.7889 1.38967 2.06355 4.67688 1.65551 131427 0 -1.53092 0.193489 0
30.6015 44.9822 1.93606 1.94774 4.46769 1.52133 175361 0 1.56219 0.192654 0
-35.0331 30.5167 0.424158 1.91825 4.39785 1.50872 154096 0 1.91746 0.192528 0
49.1539 21.2192 1.59472 2.00677 4.35061 1.57992 140787 0 -1.78323 0.192399 0
42.7029 56.1869 2.46151 1.97696 4.39949 1.64294 191779 0 3.02974 0.19232 0
51.6726 47.1282 1.98168 2.19089 4.95471 1.70425 178703 0 -1.58311 0.19231 0
15.181 73.5058 2.55949 2.03182 4.62937 1.67991 216965 0 -1.53518 0.19229 0
37.001 44.392 1.79195 1.86744 4.27417 1.46483 174445 0 1.59789 0.192255 0
21.6056 66.7727 2.28849 2.00952 4.60545 1.62862 207157 0 1.58439 0.191839 0
70.8767 -9.37535 0.753806 2.01819 4.55703 1.584 95927 0 -1.48032 0.191444 0
43.9948 55.8619 2.49175 2.0312 4.56426 1.66403 191315 0 -2.63931 0.19135 0
41.4391 55.5616 2.29163 1.97386 4.37553 1.67751 190839 0 2.04361 0.191122 0
52.9762 49.7711 2.07032 1.97874 4.4021 1.605 182451 0 -1.61393 0.190912 0
13.5969 -6.77341 0.814771 0.952864 1.07305 1.81711 99492 0 1.6526 0.190837 1
48.8401 22.9374 1.09144 1.47996 2.96286 1.5105 143126 0 -1.63187 0.190748 0
-6.21471 68.366 2.55427 1.94164 4.39168 1.67861 209410 0 -1.51656 0.190668 0
-46.6277 12.0388 -0.419946 1.79554 3.90982 1.57266 126916 0 -1.21832 0.190036 0
-48.7125 6.97455 -0.38841 2.19222 4.90078 1.69875 119421 0 -1.28752 0.189829 0
-14.5648 71.1694 2.28965 2.08799 4.7604 1.79844 213596 0 -1.55961 0.189826 0
21.5872 67.291 2.32118 2.07616 4.65211 1.67566 208093 0 1.80185 0.189609 0
-57.1309 20.3742 0.105529 2.02615 4.44897 1.63625 139051 0 -1.16095 0.189601 0
-25.3994 22.3049 0.58844 2.02407 4.5144 1.5296 141958 0 1.42884 0.18896 0
-31.6663 5.52063 -0.235117 0.871169 0.940731 1.69108 117603 0 -1.48128 0.18893 1
19.9892 40.591 1.96338 1.86473 4.13712 1.44842 168776 0 1.60718 0.188487 0
-4.64175 49.1953 1.90876 2.00966 4.56527 1.58177 181335 0 -1.54975 0.188277 0
-46.2014 23.8601 0.357824 2.11443 4.49669 1.58564 144233 0 -1.20816 0.188258 0
52.2551 46.5998 1.98807 2.35416 5.66942 1.87966 177769 0 -1.58073 0.188155 0
-34.447 30.2511 0.463948 1.93369 4.38106 1.46906 153630 0 -1.36429 0.188109 0
47.8796 23.5453 1.14063 1.96141 4.45308 1.56142 144059 0 -1.59582 0.187906 0
-23.8979 22.8717 0.57884 1.98855 4.45896 1.56795 142899 0 -1.44074 0.187355 0
-64.1284 6.67992 -0.491007 2.33882 5.04036 1.79916 118905 0 -1.28508 0.187241 0
14.9455 -4.1175 0.758094 0.61625 0.741315 1.07094 103708 0 -1.83965 0.187152 1
14.9219 65.0164 2.18539 2.09301 4.65707 1.66817 204796 0 -1.53631 0.186934 0
0.552856 70.5495 3.30867 2.39576 5.64433 2.04706 212707 0 2.88078 0.186751 0
42.7572 54.2434 2.10314 0.785188 0.835297 1.6688 188971 0 -3.06112 0.186743 1
6.9096 -5.16615 0.83832 0.910551 1.08015 1.74406 101811 0 1.61081 0.186581 1
-6.2248 22.9342 1.32448 1.98532 4.64956 1.5123 142954 0 -1.54908 0.186521 0
30.2739 -7.1335 0.778806 0.806295 0.954248 1.53228 99076 0 -1.47799 0.186026 1
-31.8791 38.8847 0.65627 1.9105 4.37193 1.47783 166274 0 -1.06816 0.186001 0
-49.1573 4.83585 -0.423272 2.22845 5.00727 1.72038 116612 0 -1.1897 0.18595 0
54.9058 13.9904 1.15074 2.0087 4.4644 1.55432 130041 0 1.5764 0.185648 0
50.3976 22.9254 1.30112 1.87399 4.17383 1.46493 143131 0 -1.43124 0.184675 0
17.7747 29.1958 1.37668 1.95482 4.51378 1.49695 152389 0 1.61404 0.184569 0
32.1514 44.0058 1.81388 1.89045 4.33925 1.48727 173962 0 -1.5075 0.184364 0
12.7567 41.0894 1.87518 1.86431 3.93311 1.81495 169689 0 -1.53432 0.184188 0
-73.0681 -6.36217 -0.656074 0.939402 1.02289 1.83779 100157 0 -2.16821 0.183908 1
15.1906 68.2226 2.35897 2.3194 5.29724 1.88456 209477 0 -1.59754 0.18324 0
-1.70088 20.2589 1.2344 2.05639 4.7762 1.55845 139224 0 1.70485 0.183165 0
38.8866 35.058 1.56618 2.04075 4.70612 1.62911 160879 0 -1.98902 0.183121 0
-60.9242 17.4678 -0.374852 2.13509 4.77995 1.68541 134827 0 1.24882 0.183054 0
14.0261 -4.56184 0.774864 0.709155 0.759621 1.55772 102769 0 1.8316 0.182296 1
1.35773 43.922 1.61408 1.87781 4.14262 1.46198 173866 0 1.61988 0.182231 0
-18.4531 38.1642 0.947415 2.16004 4.89949 1.63788 165380 0 -1.13785 0.181667 0
-54.4979 48.1134 0.605394 2.37299 5.81553 1.90848 179775 0 -1.14471 0.180799 0
39.1959 35.9745 1.67251 1.96136 4.41129 1.57213 162284 0 1.6303 0.180668 0
-40.9049 11.4588 -0.161664 1.5476 3.34167 1.40081 125998 0 1.86057 0.180653 0
-58.052 22.2376 0.05152 2.08693 4.73447 1.65138 141856 0 -1.17883 0.18053 0
54.886 14.5483 1.04944 1.95544 4.44988 1.53564 130977 0 1.55205 0.180373 0
-46.2518 52.9467 0.724883 1.99053 4.47242 1.54096 186821 0 -1.23818 0.180196 0
39.5207 53.3168 1.86091 2.00779 4.57727 1.59778 187557 0 1.78755 0.179752 0
36.3895 30.2346 1.70486 2.21074 5.07422 1.85143 153851 0 -1.46911 0.179729 0
-5.86948 44.5329 2.00798 2.36595 5.44807 1.79258 174779 0 -1.50877 0.179524 0
-46.5465 52.6413 0.726828 2.02108 4.5689 1.56965 186352 0 -1.19024 0.179232 0
32.5043 55.5483 1.96584 1.93153 4.14947 1.5187 190811 0 -3.02812 0.179169 0
-43.4494 22.8809 0.0948604 2.15855 4.8342 1.74186 142838 0 -1.203 0.179023 0
49.4324 19.7484 1.46086 2.03337 4.5942 1.56215 138448 0 -1.47151 0.178918 0
-4.62442 64.5161 2.4732 2.0639 4.69447 1.70505 203799 0 -1.40856 0.178816 0
39.8028 35.3466 1.66916 2.11977 4.81118 1.66511 161350 0 -1.47789 0.178499 0
-35.3225 30.2933 0.443756 1.90386 4.35398 1.50418 153627 0 1.36227 0.177661 0
15.4288 58.1727 2.01982 2.27374 5.43799 1.81434 194502 0 -1.34882 0.177598 0
32.1401 44.3645 1.81703 1.86686 4.2411 1.49413 174430 0 -1.4979 0.17721 0
61.2464 22.6032 1.85536 2.3011 5.12212 1.85166 142697 0 -3.0169 0.176595 0
-35.6861 34.3615 0.824957 2.0237 4.50911 1.56974 159710 0 2.037 0.176382 0
41.3352 29.9563 1.56777 0.834095 0.892644 1.67562 153399 0 -2.98023 0.17622 1
51.3699 47.1668 1.99035 2.11044 4.6846 1.64207 178702 0 -1.09754 0.175991 0
-4.30991 56.1095 1.99778 2.00601 4.52818 1.62424 191632 0 -1.52152 0.175677 0
54.8882 14.9046 1.04136 1.95861 4.43852 1.53602 131445 0 1.54753 0.175474 0
-0.516098 19.3113 1.36013 1.0445 1.49679 1.65776 137824 0 1.70061 0.175148 1
37.3319 35.0764 1.47739 1.93741 4.37094 1.56954 160874 0 1.52412 0.174741 0
0.0832214 26.6105 1.26039 1.9301 4.33279 1.46962 148590 0 1.68045 0.174706 0
0.703201 31.6095 1.74698 1.88404 4.00716 1.78372 155612 0 1.6529 0.174229 0
30.593 21.3729 1.221 1.67933 3.82025 1.35547 140729 0 -1.49572 0.173833 0
43.0354 56.1808 2.48839 1.98069 4.43446 1.63607 191780 0 -3.03351 0.173359 0
14.1532 -3.30686 0.869352 0.838963 0.958153 1.76086 104642 0 0.208766 0.172469 1
-50.0431 1.75415 -0.557073 2.10214 4.69535 1.66266 111929 0 -1.36557 0.17222 0
31.866 43.7188 1.84532 1.91689 4.2856 1.48028 173493 0 -1.53067 0.171909 0
39.8043 34.745 1.64349 2.09071 4.73333 1.64257 160414 0 -1.51111 0.171797 0
0.845093 6.18032 1.61829 1.18686 1.31178 1.97633 118640 0 -0.616199 0.171796 1
-60.6433 17.7027 -0.339805 2.13458 4.73648 1.6888 135296 0 -1.11682 0.171737 0
-6.22021 49.4877 1.93533 2.0644 4.64843 1.73294 181798 0 1.5175 0.171724 0
11.1377 19.1729 1.12736 1.79396 4.03559 1.43582 137392 0 -1.57513 0.171475 0
0.404724 28.7679 1.37745 1.80351 4.07895 1.52687 151399 0 1.57535 0.171364 0
-72.9158 -6.76768 -0.642566 0.94635 1.00642 1.81885 99222 0 -2.0343 0.171265 1
0.600281 43.4082 1.72674 2.16434 5.1671 1.62212 172927 0 1.5186 0.170402 0
-48.1277 6.6896 -0.425054 2.02028 4.48518 1.5669 118955 0 -1.27436 0.170003 0
-15.8531 71.2048 2.28408 2.02174 4.55605 1.78401 213592 0 1.58503 0.169635 0
-41.1679 12.2117 -0.187164 1.95688 4.41913 1.564 127401 0 1.90942 0.169581 0
-20.6902 29.6587 0.803929 2.03825 4.46411 1.47459 152737 0 -1.26537 0.169465 0
-60.2981 16.8699 -0.410303 2.08633 4.59395 1.60216 133893 0 1.77845 0.169162 0
-32.7127 42.3791 1.14672 2.30222 5.62057 1.85233 171419 0 1.88917 0.169096 0
-30.2828 4.25309 -0.330227 1.81974 4.05518 1.50812 115735 0 -1.332 0.168753 0
-20.219 35.4395 1.16482 2.18108 4.91665 1.576 161162 0 -1.11423 0.168497 0
