44.2853 -6.93476 1.43862 2.92392 7.77176 3.13311 99588 0 1.63573 0.959263 0
18.3973 11.7359 1.04346 2.12873 4.82969 1.52751 126651 0 1.64418 0.948763 0
-6.84105 11.3331 1.00789 2.00545 4.57885 1.48998 126104 0 -1.48084 0.945482 0
10.6801 12.7424 1.19398 2.24757 5.23691 1.89528 128031 0 -1.57527 0.937874 0
-1.86407 11.0448 1.16355 2.05704 4.55583 1.79425 125652 0 1.62115 0.934527 0
-15.25 1.44201 0.600528 2.06342 4.69475 1.47596 111570 0 -2.44392 0.928597 0
-0.863014 17.0924 1.37229 2.11166 4.79361 1.84608 134547 0 1.64021 0.913478 0
23.4908 12.9676 1.03209 1.99885 4.53906 1.51385 128539 0 0.0232785 0.909145 0
30.8655 9.35172 1.14747 2.00627 4.48747 1.72388 123414 0 -1.46814 0.907838 0
48.7574 5.67734 1.13942 2.15866 5.07455 1.89702 117854 0 -1.47241 0.898479 0
35.9988 9.09107 1.02612 1.97758 4.43309 1.50706 122962 0 1.63834 0.890162 0
-19.003 11.4642 0.81205 2.00108 4.52743 1.76606 126066 0 1.67717 0.890056 0
-18.7392 19.7333 0.973475 2.14817 4.71834 1.9574 138235 0 1.71658 0.888094 0
-20.628 32.7197 1.14144 2.44413 5.61543 1.87708 157417 0 -1.18491 0.884169 0
17.3849 22.8454 1.45286 2.12443 5.03478 1.69308 143028 0 1.62248 0.88057 0
10.6752 15.847 1.21805 2.20555 5.1153 1.84413 132711 0 -1.54113 0.878365 0
48.3994 8.49097 1.01475 2.01453 4.69086 1.65329 122065 0 -1.47598 0.877032 0
13.2176 -6.28886 0.800096 0.918048 1.036 1.79056 100427 0 1.6857 0.875966 1
13.301 41.1289 1.86557 2.13426 4.96433 1.93181 169691 0 -1.51259 0.874248 0
-6.54452 17.4718 1.08946 2.08343 4.83841 1.54723 134997 0 -1.53112 0.872907 0
-44.6594 -11.1124 -0.796736 2.05156 4.46016 1.77576 93226 0 0.00384647 0.87089 0
18.6255 15.4233 1.24286 2.25209 4.95795 1.74104 132268 0 1.61826 0.859091 0
7.09315 32.7758 1.50184 2.10157 4.79852 1.53954 157504 0 0.0670193 0.856017 0
11.376 19.4095 1.15091 1.98089 4.57327 1.52588 137861 0 -1.62461 0.855839 0
-6.55565 20.2823 1.17106 2.12162 5.06731 1.45566 139209 0 -1.52443 0.853291 0
30.9268 12.3004 1.07485 1.93199 4.32016 1.52239 127626 0 1.62104 0.849788 0
-42.1098 -11.6612 -0.826709 1.98805 4.35171 1.65947 92298 0 0.0160945 0.849507 0
-18.4025 14.008 0.827436 2.06676 4.66892 1.83039 129812 0 1.76469 0.845148 0
-44.5847 -5.06637 -0.612816 2.12668 4.73436 1.59628 102118 0 -1.59326 0.844196 0
17.701 19.971 1.20918 2.05411 4.79407 1.49096 138817 0 1.62037 0.839882 0
72.4914 -5.58829 0.932612 2.04276 4.6623 1.63243 101548 0 -1.44214 0.83753 0
-0.417175 22.9308 1.43397 2.18526 5.09221 1.83753 142972 0 -1.46241 0.824846 0
11.7278 22.33 1.40977 1.93305 4.35526 1.7288 142074 0 -1.53141 0.824381 0
-19.6783 8.03328 0.691159 1.99663 4.51009 1.53218 121384 0 1.61469 0.822987 0
31.1994 30.9508 1.35843 2.13207 4.90998 1.53912 154771 0 1.58087 0.810034 0
30.5901 15.9163 1.25293 1.97396 4.44383 1.68658 132773 0 -1.47021 0.809306 0
-36.5406 -11.674 -0.714607 2.37808 5.32433 2.06859 92315 0 0.033507 0.800936 0
13.8851 38.1527 1.67387 2.08185 4.80321 1.62504 165481 0 -1.52172 0.798757 0
-1.19012 14.1476 1.11391 1.89937 4.27915 1.58077 130334 0 1.70066 0.798455 0
-43.0081 5.89733 -0.366228 1.88437 4.17155 1.50552 118035 0 1.8112 0.796676 0
-6.28036 14.4885 1.03428 2.03625 4.63984 1.51004 130786 0 -1.47733 0.796613 0
12.9566 32.2656 1.41014 2.05043 4.86026 1.49662 156586 0 -1.47725 0.796121 0
-29.6425 6.61206 -0.140715 2.09536 4.78162 1.60406 119013 0 -1.28065 0.795861 0
0.153931 29.0293 1.37161 1.99073 4.53168 1.57485 151866 0 1.62367 0.791669 0
31.1697 27.5814 1.35347 2.1306 5.04482 1.48185 150091 0 1.59973 0.787653 0
9.10118 -2.48312 0.858785 0.828749 0.863178 1.77085 106030 0 3.1323 0.780452 1
-18.4643 16.8703 0.671348 1.83594 4.11344 1.5121 134024 0 1.71031 0.777316 0
17.4558 25.7447 1.61105 2.29727 5.43588 1.80685 147240 0 1.6263 0.773752 0
13.3156 43.9833 1.6535 1.99692 4.46697 1.67817 173903 0 -1.52182 0.772288 0
-72.7274 -6.16405 -0.722864 0.837431 0.910409 1.75995 100158 0 -2.93864 0.770281 1
-49.149 4.56435 -0.308401 2.13467 4.71797 1.68427 116144 0 -1.34067 0.768812 0
11.6251 26.1649 1.34376 2.02251 4.81874 1.52507 147690 0 -1.52801 0.767686 0
0.202995 31.7559 1.66578 2.21575 5.0405 1.88906 156078 0 1.6148 0.759979 0
-0.143364 26.3461 1.28545 2.00621 4.62435 1.4844 148121 0 1.65044 0.756875 0
13.2761 46.9269 1.64043 1.93522 4.42061 1.50981 178115 0 -1.54229 0.756548 0
-27.656 14.6772 0.347295 1.97604 4.5916 1.88813 130719 0 1.83414 0.741501 0
-41.4187 11.6529 -0.247931 1.99398 4.58075 1.58924 126464 0 1.79517 0.737465 0
54.2272 5.36521 1.12778 2.02752 4.86383 1.78917 117403 0 1.62357 0.736496 0
-44.5844 20.3545 -0.100325 2.03896 4.63657 1.54079 139090 0 -1.28179 0.734796 0
36.6096 12.224 1.20433 2.09509 4.86955 1.65518 127644 0 1.61256 0.733722 0
-18.1034 22.8508 0.815415 2.00631 4.51351 1.54498 142917 0 1.61235 0.728594 0
30.8649 21.6641 1.20683 1.88678 4.31776 1.37986 141198 0 -1.52558 0.723869 0
-5.2817 40.8391 1.69327 2.02681 4.57047 1.52042 169165 0 -1.53961 0.723746 0
-21.5509 30.0085 0.791806 2.08042 4.74221 1.5277 153202 0 -1.25902 0.719841 0
15.2497 55.2161 2.18481 2.00727 4.41639 1.72599 190289 0 -1.45225 0.715295 0
-61.5657 14.5419 -0.425797 2.08994 4.70283 1.674 130613 0 -1.18349 0.705027 0
14.9011 58.3542 1.99139 2.00273 4.51782 1.54437 194968 0 -1.39278 0.698401 0
26.7318 5.53922 1.04701 0.9015 1.16255 1.80443 117785 0 0.285146 0.695186 1
-53.9288 47.7821 0.651654 2.0229 4.46677 1.52534 179309 0 -1.10161 0.694042 0
-38.887 19.6518 0.0409249 2.01413 4.65288 1.58345 138172 0 1.84208 0.693508 0
12.6333 29.2207 1.38301 1.96532 4.56605 1.45305 152373 0 -1.5338 0.692731 0
31.7471 -6.31067 0.774751 0.827611 0.892641 1.60302 100485 0 -1.57773 0.689103 1
1.08903 43.6734 1.63059 1.97242 4.51919 1.48033 173397 0 1.538 0.687981 0
-40.4945 14.5205 -0.0849451 2.02086 4.39319 1.61653 130679 0 1.79084 0.684949 0
-28.6055 9.1794 -0.0605255 2.00775 4.44379 1.54549 122760 0 -1.29884 0.666889 0
36.3391 15.2847 1.1729 1.93698 4.47982 1.50324 131855 0 1.61974 0.666274 0
-46.2132 56.125 0.771654 2.02594 4.55813 1.56077 191501 0 -1.30137 0.657075 0
31.5247 35.7781 1.66967 2.06846 4.81988 1.67008 161792 0 1.62381 0.656762 0
14.1686 -4.69485 0.597816 0.872914 0.974825 1.67335 102770 0 1.71604 0.655611 1
30.537 -6.84607 0.817901 0.856984 1.00313 1.60403 99545 0 -1.54502 0.654492 1
19.0141 37.9098 1.81564 2.05782 4.68029 1.63975 165029 0 1.59024 0.652911 0
31.8417 38.8968 1.83868 1.95175 4.37353 1.55412 166473 0 -1.49747 0.650745 0
18.71 31.8035 1.41467 2.1223 4.90997 1.53505 156136 0 1.61894 0.647123 0
-56.2324 27.2916 0.14293 2.04115 4.51072 1.60955 149350 0 -1.14113 0.642495 0
-5.89194 26.108 1.53598 2.08024 4.66591 1.7136 147635 0 -1.49435 0.627292 0
-40.1241 17.1421 0.0479634 1.98771 4.38156 1.78884 134424 0 1.7981 0.626301 0
-68.974 5.29139 -0.542385 1.88951 4.17858 1.61166 117018 0 2.04183 0.621631 0
48.7982 11.6314 1.24462 1.93026 4.3007 1.64341 126746 0 -1.49413 0.618454 0
-47.5339 9.71351 -0.049065 2.2579 5.15038 1.84112 123637 0 -1.3043 0.61643 0
15.1628 67.6928 2.30041 2.09013 4.67662 1.80884 208541 0 -1.58213 0.613675 0
36.3229 21.0447 1.38708 1.94948 4.54582 1.53836 140279 0 1.62699 0.602469 0
-5.29563 44.2466 2.01401 2.0974 4.66892 1.74712 174313 0 -1.57112 0.593917 0
6.48205 -4.69521 0.827881 0.9646 1.15124 1.7953 102746 0 1.51441 0.584388 1
14.8946 64.7278 2.29054 2.06747 4.6768 1.64123 204328 0 -1.50279 0.580529 0
-48.1468 6.96626 -0.370861 2.06084 4.52955 1.61194 119423 0 -1.37347 0.5794 0
-19.6759 35.41 1.14715 2.08139 4.68794 1.53712 161164 0 -1.12553 0.576691 0
14.5711 73.7465 2.16265 1.99633 4.52863 1.53376 217431 0 -1.59647 0.576306 0
-62.2414 11.9485 -0.457331 2.00053 4.5201 1.55499 126867 0 1.97455 0.573604 0
50.6774 34.967 1.70175 2.07219 4.64959 1.56996 160916 0 -1.56225 0.561177 0
4.5986 40.0322 1.77674 0.857485 0.765327 1.74302 168260 0 -0.100119 0.55622 1
-45.6285 17.8238 -0.0793762 2.01664 4.4988 1.68114 135343 0 -1.26753 0.555267 0
-32.5012 39.1834 0.799219 1.99742 4.55278 1.46348 166740 0 1.9158 0.552897 0
19.3354 40.793 1.9101 2.03824 4.74121 1.50402 169242 0 1.60865 0.55163 0
31.8595 44.9916 1.92976 1.94862 4.38875 1.47523 175365 0 -1.53215 0.546069 0
30.8572 18.8072 1.17205 1.92831 4.55188 1.46703 136986 0 -1.49076 0.541278 0
-32.1662 42.0976 1.14212 1.95064 4.49569 1.67975 170953 0 1.89448 0.527581 0
17.7553 28.673 1.39058 2.01012 4.66559 1.47105 151453 0 1.60139 0.527329 0
-37.9458 22.2507 0.393069 1.92714 4.17872 1.77336 141919 0 1.82139 0.522056 0
36.9517 26.9585 1.34393 2.11761 4.85926 1.528 149173 0 1.7034 0.520086 0
-46.5408 15.1441 -0.132399 1.99841 4.37888 1.59483 131596 0 -1.2514 0.519114 0
2.10149 55.2299 2.34211 2.24491 5.2599 1.9475 190248 0 1.51709 0.516908 0
-63.8593 7.12359 -0.525046 2.0376 4.44718 1.63171 119842 0 -1.16346 0.511823 0
-1.10309 20.0526 1.27333 2.05826 4.79219 1.56888 138758 0 1.70808 0.506958 0
18.7328 46.5455 2.09369 2.03592 4.5942 1.59615 177664 0 1.56917 0.505824 0
11.9209 -8.56299 0.565483 0.741492 0.728605 1.41635 97147 0 -3.03496 0.493158 1
-5.30116 31.8528 1.63734 2.0541 4.81353 1.62558 156061 0 -1.47327 0.48182 0
37.2759 30.2215 1.72363 2.57388 5.97973 2.00021 153854 0 -1.50222 0.478909 0
54.2689 11.3121 1.33589 1.94608 4.31627 1.51322 126295 0 1.62213 0.477574 0
32.8015 56.7956 1.83649 2.01473 4.59244 1.56721 192684 0 -1.55133 0.472602 0
-42.3851 9.4213 -0.242168 2.10618 4.77578 1.60537 123185 0 1.75501 0.465246 0
-44.2896 23.1538 0.212381 1.96982 4.34892 1.60904 143303 0 -1.22694 0.463973 0
-19.054 38.1993 0.818435 1.99791 4.52927 1.46459 165378 0 -1.13694 0.4628 0
36.5731 15.2632 1.13255 2.08476 4.92202 1.54006 131856 0 1.22999 0.462679 0
-6.52346 31.9385 1.70177 2.13783 4.82095 1.56268 156057 0 1.59986 0.453624 0
-44.3276 58.4372 1.14352 2.14517 4.54703 1.76059 194783 0 -1.33996 0.451842 0
41.069 30.6189 1.59117 0.792762 0.764288 1.67744 154334 0 0.157318 0.449784 1
-22.5586 27.6624 0.756416 2.06122 4.63984 1.57543 149923 0 -1.30097 0.448677 0
37.6952 34.7884 1.54176 0.784299 0.801686 1.64815 160407 0 -0.599284 0.443293 1
1.72319 52.6321 1.95405 1.95099 4.39019 1.57952 186503 0 1.58827 0.438491 0
-46.8971 12.3102 -0.367276 1.82441 4.02087 1.51007 127383 0 -1.26517 0.434986 0
6.27464 -4.86392 0.789594 0.972062 1.08572 1.76466 102277 0 1.54268 0.427694 1
30.8907 -6.52487 0.690848 0.765491 0.888315 1.3236 100014 0 -1.55878 0.425677 1
30.7749 -6.88644 0.799529 0.869419 1.06527 1.64084 99546 0 -1.57058 0.422676 1
-4.33874 58.7692 2.19609 1.90709 4.37244 1.66421 195376 0 -1.52514 0.42252 0
-16.3708 -14.5498 0.343269 0.861649 0.957239 1.71902 88166 0 -2.21053 0.416391 1
-28.9537 9.35445 -0.0672156 2.07292 4.65971 1.56799 123227 0 0.308601 0.414539 0
-24.5098 22.2464 0.599733 1.96026 4.32078 1.55826 141961 0 -1.30085 0.406142 0
-34.4186 33.4429 0.76879 2.02773 4.56999 1.54635 158310 0 1.91248 0.404894 0
49.4213 20.3525 1.41064 2.04458 4.55268 1.57243 139384 0 -1.60447 0.400114 0
1.47973 55.5041 2.43322 2.37358 5.68446 2.03494 190714 0 -1.42652 0.39929 0
37.595 44.5998 1.99139 1.97788 4.55535 1.51049 174915 0 1.60105 0.390728 0
39.5304 35.3479 1.81008 2.00207 4.46614 1.61874 161349 0 1.6393 0.386418 0
39.5463 35.0495 1.78791 1.98727 4.45571 1.61403 160881 0 0.325893 0.38611 0
-35.0173 30.3088 0.460558 1.87584 4.27807 1.4846 153628 0 1.78852 0.382382 0
20.2956 40.8184 1.92236 1.95752 4.36872 1.50308 169245 0 1.59329 0.375439 0
14.1743 -4.8233 0.629859 0.786642 0.890658 1.52874 102302 0 1.69319 0.374398 1
30.5658 -6.66116 0.787541 0.896454 0.985181 1.48245 100013 0 -1.54538 0.37118 1
-5.27364 29.0035 1.30925 2.08906 4.83058 1.57382 151849 0 -1.47019 0.367749 0
53.9431 8.16618 1.01289 1.85494 4.25937 1.48015 121614 0 1.66498 0.367329 0
49.1346 23.4869 0.983684 1.88092 4.26528 1.41934 144063 0 -1.56747 0.367187 0
30.3516 -6.83427 0.803631 0.790462 0.900157 1.55942 99544 0 -1.52339 0.366734 1
14.9254 67.4261 2.27467 1.90894 4.21676 1.71297 208072 0 -1.54188 0.363958 0
-6.87992 26.1705 1.51193 2.17979 5.068 1.75648 147632 0 1.64462 0.362966 0
-67.6611 11.0848 -0.576506 2.05445 4.52392 1.56336 125446 0 -1.13373 0.351269 0
19.6533 31.8421 1.3668 2.06515 4.66275 1.56849 156139 0 -1.56397 0.346688 0
-4.64691 49.7531 1.95883 2.02911 4.62781 1.66913 182271 0 -1.60516 0.345887 0
30.9412 -6.35341 0.622694 0.655481 0.732793 1.03483 100482 0 -1.45976 0.343807 1
-40.915 11.6638 -0.271194 1.63885 3.48963 1.41311 126466 0 1.8039 0.343314 0
1.45187 52.3809 1.96192 2.0365 4.70067 1.68133 186034 0 1.54951 0.340956 0
-44.9602 58.671 1.00071 2.49526 5.88262 2.00373 195249 0 -1.30463 0.340861 0
49.4297 23.2436 1.03167 1.86818 4.2591 1.44322 143596 0 -1.52785 0.339982 0
8.93789 -2.48399 0.842191 0.828075 0.885045 1.73878 106029 0 -3.12459 0.334408 1
-5.84862 44.0696 1.96372 2.18209 4.98252 1.76947 173843 0 -1.59079 0.332834 0
32.1438 35.8884 1.74218 2.30937 5.39256 1.71269 162262 0 1.39176 0.332368 0
7.26865 -5.86225 0.546003 0.811312 0.853304 1.18208 100876 0 -2.69212 0.331384 1
-41.1695 11.8817 -0.257099 1.90749 4.29232 1.53863 126933 0 1.81803 0.328287 0
39.8134 34.7559 1.77511 2.07645 4.75636 1.67004 160414 0 -1.41098 0.328268 0
-22.8561 27.4188 0.765068 2.01339 4.57665 1.55806 149454 0 -1.31371 0.324815 0
18.3653 28.6918 1.40218 2.05677 4.77584 1.47241 151455 0 1.47734 0.324027 0
-69.2321 5.06391 -0.510108 2.02738 4.4976 1.64818 116549 0 1.9303 0.322705 0
32.1488 54.1866 1.75789 1.90876 4.28124 1.44493 188938 0 -1.5776 0.319479 0
-29.2219 9.41539 -0.0872577 2.0673 4.69916 1.58093 123226 0 1.66839 0.319378 0
37.6882 34.9502 1.53434 0.821282 1.28855 1.64606 160875 0 -1.45294 0.318033 1
-27.0585 17.755 0.55671 2.13515 4.79914 1.86516 135401 0 1.74504 0.317258 0
2.6465 55.4635 2.29776 2.22784 4.87722 1.95157 190718 0 1.55254 0.314344 0
14.3109 74.0288 2.14418 1.94646 4.32303 1.49401 217898 0 -1.71966 0.312664 0
1.35545 43.9291 1.64362 1.86331 4.16031 1.45135 173866 0 1.6394 0.312237 0
-31.3038 5.3666 -0.162304 0.796781 0.786797 1.6928 117136 0 -1.44627 0.311787 1
32.132 44.7112 1.8667 1.85779 4.15544 1.467 174898 0 -1.50351 0.311093 0
31.1262 -6.49214 0.693909 0.706393 0.803998 1.23768 100015 0 -1.33175 0.310082 1
-38.9024 29.1771 0.650787 0.799851 0.863614 1.75711 152212 0 3.13095 0.30671 1
39.2531 35.0667 1.75192 1.92988 4.29103 1.60494 160880 0 1.70193 0.306151 0
-4.9523 49.4799 1.97717 2.04782 4.70323 1.64137 181802 0 -1.60048 0.304619 0
60.9639 21.3103 1.64674 2.22251 5.00355 1.85581 140824 0 -2.98663 0.302364 0
-22.5716 -9.37868 0.749902 0.781747 0.817802 1.75349 95635 0 1.33295 0.301666 1
33.7056 56.8205 1.86124 2.04406 4.59014 1.65603 192687 0 -1.56096 0.301625 0
-21.9492 27.3852 0.710996 2.03096 4.61098 1.56817 149457 0 -1.27217 0.300862 0
49.706 20.6267 1.45093 2.13413 4.80944 1.64788 139853 0 -1.64857 0.298925 0
-24.1999 22.5298 0.60008 1.96677 4.33078 1.56368 142430 0 -1.35541 0.298376 0
42.385 55.8623 2.32737 2.01345 4.50078 1.66138 191310 0 2.85718 0.297286 0
0.87352 69.9069 3.26012 2.18825 4.88713 1.95231 211772 0 3.09484 0.297123 0
1.46928 52.8894 2.02507 2.03465 4.67318 1.66355 186970 0 1.56701 0.297011 0
-49.6718 4.41173 -0.295325 2.35435 5.50223 1.83681 115674 0 -1.40046 0.296134 0
-67.3793 11.3095 -0.627916 1.88538 4.19824 1.49182 125915 0 -1.09913 0.295719 0
7.421 -5.85492 0.573272 0.793653 0.890221 1.1876 100877 0 -2.57686 0.289344 1
55.8354 15.2164 0.992632 1.99004 4.50306 1.60468 131916 0 1.63477 0.28876 0
-39.1261 19.4576 -0.0188469 1.76226 4.12122 1.53565 137703 0 1.84852 0.287692 0
14.5337 74.3434 2.37704 2.12096 5.13705 1.6691 218367 0 -1.77051 0.284375 0
30.3223 18.9849 1.12398 1.89498 4.47792 1.45259 137452 0 -1.53677 0.28422 0
17.4731 28.3993 1.41418 2.01509 4.61116 1.48639 150984 0 1.60557 0.283391 0
30.6141 -7.12542 0.814578 0.870071 1.00124 1.64096 99077 0 -1.50075 0.282976 1
32.7826 53.9894 1.77571 1.86618 4.25684 1.44926 188472 0 -1.52 0.282704 0
51.3714 46.8454 2.04533 1.98475 4.40287 1.54893 178234 0 1.4119 0.281764 0
-37.3376 22.2013 0.380504 2.05016 4.61183 1.80996 141921 0 1.80832 0.281429 0
30.8304 -7.15266 0.802281 0.797664 0.907067 1.59644 99078 0 -1.48554 0.280904 1
-3.68734 64.4896 2.40184 2.04511 4.46753 1.65827 203802 0 -1.41635 0.280786 0
6.48659 -4.84361 0.820066 1.06803 1.30624 1.78662 102278 0 1.59195 0.279139 1
-34.9764 33.4995 0.730182 1.94324 4.45321 1.54687 158308 0 1.93398 0.279096 0
-43.7481 23.1101 0.18809 1.9646 4.3803 1.63766 143305 0 -1.26227 0.278113 0
31.5897 -6.46912 0.777842 0.827103 0.947802 1.58615 100016 0 1.0655 0.277613 1
2.08094 55.7445 2.37862 2.38146 5.4057 2.0154 191184 0 1.62121 0.277497 0
42.0715 55.5679 2.26115 1.93556 4.26246 1.63493 190841 0 2.70325 0.276391 0
51.6514 46.5862 2.01128 1.99902 4.57205 1.56285 177767 0 -1.50595 0.275328 0
41.0613 30.7508 1.59297 0.806107 0.772987 1.7246 154802 0 0.255053 0.275191 1
1.34348 43.4261 1.62131 1.78227 3.99951 1.45304 172930 0 1.49954 0.274921 0
-38.4839 22.5088 0.345338 2.09892 4.72586 1.83828 142385 0 1.82728 0.274793 0
40.9244 30.6275 1.55425 0.845483 0.812295 1.71215 154333 0 0.156878 0.274692 1
21.2659 55.2045 2.05518 1.98176 4.36591 1.6099 190308 0 1.58721 0.274674 0
51.6358 46.8425 2.05523 2.08973 4.72001 1.61952 178235 0 -1.02242 0.274664 0
33.4352 54.1932 1.83964 1.96088 4.3899 1.53329 188942 0 -1.57572 0.273492 0
13.0191 46.671 1.63546 1.73917 3.86935 1.43798 177646 0 -1.50073 0.272966 0
31.2484 39.0974 1.82586 2.05622 4.64817 1.55533 166939 0 -1.51635 0.269352 0
-15.8375 71.1978 2.17212 2.02942 4.67688 1.7422 213592 0 1.60044 0.269067 0
72.151 -9.43806 0.754306 1.98284 4.52487 1.55426 95931 0 -1.52045 0.268869 0
-25.0613 22.273 0.616269 2.00563 4.50116 1.55975 141959 0 -1.21906 0.265735 0
36.912 21.1843 1.42575 2.11586 4.96141 1.62618 140749 0 1.62442 0.265142 0
37.8299 34.9791 1.53664 0.874757 1.39891 1.67637 160876 0 -1.76841 0.263859 1
-61.6824 11.7049 -0.477677 1.63572 3.54985 1.44931 126401 0 1.97086 0.260953 0
-34.4543 30.2267 0.507254 1.94273 4.37926 1.46022 153630 0 -2.11753 0.260624 0
50.0566 23.5056 1.12417 1.88078 4.21364 1.44382 144066 0 -1.60433 0.259944 0
-32.7166 42.3716 1.16585 2.29602 5.61066 1.87874 171419 0 1.89384 0.259584 0
-35.6405 30.5633 0.440456 1.8992 4.23055 1.48906 154094 0 1.8218 0.259508 0
-47.4425 12.3529 -0.327713 2.13416 4.79802 1.63313 127381 0 -1.26778 0.259449 0
-20.0456 35.8889 1.15704 2.08356 4.64251 1.57048 162099 0 -1.12619 0.258386 0
31.2427 45.1942 1.9935 2.05414 4.79861 1.53116 175831 0 -1.55005 0.257586 0
49.1336 20.0807 1.39795 1.98647 4.38599 1.51626 138915 0 -1.53017 0.257506 0
-0.148651 25.8921 1.33853 2.013 4.60355 1.50603 147185 0 1.54604 0.257091 0
-31.5641 41.8171 1.10577 1.78217 3.88442 1.57739 170487 0 1.88686 0.256565 0
36.6971 44.6553 1.89448 1.89057 4.29083 1.49495 174912 0 1.59815 0.256184 0
18.1543 31.6251 1.41014 2.00655 4.60269 1.53502 155666 0 1.59896 0.255768 0
39.2306 35.6272 1.80619 1.93379 4.2717 1.58438 161816 0 1.64382 0.254253 0
54.5421 11.6102 1.3668 2.08974 4.77334 1.59365 126764 0 1.5573 0.253337 0
14.9202 64.265 2.2109 2.00045 4.54494 1.61007 203392 0 -1.39543 0.253305 0
69.1829 2.62685 0.803066 0.795623 0.862721 1.7214 113706 0 -1.48358 0.252559 1
-27.3353 17.507 0.536795 2.13197 4.82406 1.86124 134932 0 1.75317 0.251635 0
31.4786 18.9505 1.14959 1.9089 4.38178 1.51508 137456 0 -1.49804 0.250047 0
-3.9978 64.7641 2.39323 2.05878 4.49974 1.69311 204269 0 -1.45665 0.249859 0
1.07497 43.1252 1.65221 1.97322 4.49338 1.52031 172461 0 1.4441 0.248378 0
71.8628 -9.74994 0.770383 1.86238 4.18094 1.48925 95462 0 -1.49729 0.248304 0
-38.2093 22.0172 0.334639 1.86152 4.12618 1.75286 141450 0 1.79016 0.248251 0
-47.5886 6.89757 -0.2978 1.85889 4.06031 1.54115 119425 0 -1.33348 0.247632 0
55.8318 34.0998 1.82812 2.132 4.94179 1.77236 159528 0 1.59687 0.246996 0
11.8126 -8.67758 0.530836 0.76422 0.757933 1.52003 96678 0 3.00889 0.246499 1
-5.58746 59.0404 2.16575 2.00061 4.59579 1.68426 195840 0 1.62963 0.24617 0
50.3921 37.9292 1.8178 1.88963 4.28283 1.47397 165127 0 -1.58213 0.244867 0
33.4013 56.5693 1.89678 1.87338 4.17846 1.54251 192218 0 -1.49885 0.244752 0
52.016 37.901 1.88107 1.93953 4.31541 1.56646 165132 0 -1.60703 0.244228 0
20.9709 55.4774 2.07846 1.92413 4.23507 1.56752 190775 0 1.58032 0.242974 0
48.5069 11.8844 1.24297 1.81403 3.96178 1.571 127213 0 -1.49627 0.242611 0
9.29844 -2.4453 0.881323 0.860618 0.902151 1.80766 106031 0 -3.0607 0.242587 1
30.9259 38.9349 1.77139 1.91368 4.38642 1.53674 166470 0 1.43559 0.241673 0
-62.233 11.4645 -0.474982 1.82312 4.11255 1.51666 125931 0 1.97078 0.241534 0
-27.6874 18.0536 0.554434 2.13103 4.72211 1.89187 135867 0 1.79537 0.241179 0
26.8962 5.58493 1.02408 0.906803 1.11224 1.69995 117786 0 0.305288 0.241039 1
18.7605 40.5942 1.77093 2.03656 4.72163 1.54072 168772 0 1.60508 0.240607 0
42.6958 56.1284 2.37466 2.13512 4.81266 1.72437 191779 0 3.01219 0.240543 0
-33.7939 33.1368 0.850193 2.16303 4.93755 1.57193 157844 0 1.94903 0.24027 0
-14.5433 71.1373 2.21283 2.08854 4.71358 1.75509 213596 0 -1.56038 0.24006 0
-3.71224 49.7509 1.93422 2.0386 4.66291 1.71621 182274 0 -1.55891 0.23976 0
15.4154 64.513 2.33257 2.28039 5.34094 1.81676 203862 0 -1.46431 0.239109 0
72.1768 -8.82712 0.755045 1.98237 4.43963 1.55967 96867 0 -1.51289 0.238827 0
18.7618 41.0145 1.80024 2.02945 4.74858 1.48811 169708 0 1.62493 0.238566 0
19.6825 41.014 1.93163 1.96731 4.39464 1.50687 169711 0 1.58572 0.238018 0
55.5239 15.478 0.986479 1.99814 4.51467 1.56922 132383 0 1.63539 0.236597 0
-5.26341 68.2963 2.61189 2.08398 4.79374 1.63579 209413 0 -1.41158 0.236536 0
7.28529 -5.71358 0.572614 0.768242 0.803139 1.15209 101344 0 -1.9887 0.235955 1
32.4275 45.2111 1.96192 2.04602 4.63984 1.54755 175835 0 -1.55667 0.233786 0
-5.5362 40.5913 1.70478 1.96192 4.43688 1.5069 168696 0 -1.49625 0.232947 0
38.2159 44.4009 2.03844 1.89853 4.32685 1.50556 174449 0 1.63338 0.232889 0
-5.85867 41.0238 1.79817 2.09035 4.68173 1.52912 169631 0 -1.56217 0.232449 0
-48.7158 7.17243 -0.343538 2.30847 5.32862 1.81521 119889 0 -1.32344 0.23241 0
11.5947 19.142 1.17997 2.11618 5.0646 1.60375 137394 0 -1.57602 0.23233 0
56.1505 14.9093 1.00533 1.97286 4.45552 1.60124 131449 0 1.63078 0.232165 0
46.5422 -27.7327 0.12311 2.00527 4.59171 1.6764 69175 0 -1.48929 0.231856 0
-4.32552 50.0155 1.9748 2.03641 4.64342 1.69655 182740 0 -1.58308 0.2318 0
-4.0154 49.4916 1.92559 2.02123 4.6596 1.68087 181805 0 -1.53184 0.230551 0
-34.7585 30.4696 0.462787 1.87286 4.26456 1.45718 154097 0 2.18636 0.229543 0
0.700157 31.6094 1.6882 1.8812 4.10462 1.83063 155612 0 1.62165 0.229163 0
-36.003 30.8642 0.508919 1.88752 4.19264 1.49612 154561 0 1.87326 0.228406 0
-44.1081 20.3333 -0.126156 1.72003 3.62147 1.47517 139092 0 -1.28802 0.228389 0
38.5257 44.6197 2.14471 2.02072 4.53736 1.57323 174918 0 1.62306 0.228051 0
71.8826 -9.1431 0.761346 1.77452 3.97878 1.46909 96398 0 -1.54666 0.22725 0
52.3104 37.6348 1.82931 2.01074 4.5244 1.61885 164665 0 -1.58075 0.227218 0
-45.0244 17.7517 -0.143067 2.06316 4.64541 1.71414 135345 0 -1.24578 0.226572 0
-7.15347 32.1451 1.76489 2.1348 4.69645 1.63324 156523 0 1.64824 0.226295 0
19.9508 37.9459 1.88716 2.11124 4.72654 1.6415 165032 0 -1.57036 0.226043 0
53.916 28.9116 1.63176 2.02232 4.6451 1.62399 152034 0 -1.91795 0.225662 0
48.2127 11.4536 1.19572 1.94055 4.2919 1.61388 126276 0 -1.50284 0.225024 0
55.2105 14.8934 0.941566 1.97215 4.45449 1.56017 131446 0 1.57256 0.22479 0
-34.1328 33.6699 0.866083 2.10969 4.75963 1.58356 158779 0 1.8583 0.224021 0
1.06338 70.5306 3.32676 2.56625 6.08713 2.24284 212709 0 -3.14087 0.223788 0
54.8112 11.1028 1.35558 2.13432 5.00717 1.61743 125829 0 1.63967 0.223303 0
11.1625 26.1084 1.35197 1.72559 3.70248 1.47263 147688 0 -1.53674 0.223118 0
-40.7883 30.2345 0.698723 2.06524 4.70288 1.71232 153610 0 1.91466 0.222003 0
-72.6145 -6.05203 -0.771808 0.896907 0.961632 1.75661 100627 0 -2.93242 0.22163 1
39.1985 53.6088 1.81366 1.99139 4.52251 1.59569 188024 0 -2.76576 0.220686 0
-53.8964 47.2941 0.601478 1.81009 4.00284 1.45438 178373 0 -1.28337 0.218976 0
-3.97089 64.1879 2.42501 2.0178 4.44871 1.64675 203333 0 -1.32616 0.218297 0
-4.71496 44.0995 1.94695 2.09062 4.80224 1.81052 173847 0 -1.56194 0.218095 0
15.7488 55.421 2.24076 2.31613 5.3809 1.92306 190759 0 -1.49484 0.21769 0
-3.67889 55.8603 2.14089 2.0436 4.53206 1.60672 191166 0 -1.53509 0.217596 0
-34.4108 29.9936 0.487155 1.9414 4.28929 1.44871 153162 0 2.20025 0.217331 0
39.1921 54.9017 2.15974 2.04251 4.56205 1.65933 189896 0 -3.09934 0.216844 0
15.1249 58.6133 2.04067 2.19997 5.00166 1.70086 195437 0 -1.45184 0.216141 0
-46.2705 14.6789 -0.183213 1.86233 4.03306 1.57498 130661 0 -1.29714 0.215564 0
-26.7646 18.0365 0.569361 2.13218 4.91263 1.84903 135870 0 1.73726 0.21482 0
-42.796 6.11622 -0.350139 1.73905 3.82826 1.47248 118504 0 1.80469 0.214669 0
-42.7291 3.04437 -0.411389 1.93619 4.26671 1.53831 113824 0 1.75995 0.214492 0
14.3287 58.3791 1.92659 1.76257 3.90672 1.42095 194966 0 -1.39694 0.212984 0
45.9039 -30.5832 -0.181169 1.94103 4.36521 1.5804 64961 0 -1.3995 0.212919 0
14.1796 -4.29028 0.793568 0.922821 1.13202 1.82332 103238 0 1.7943 0.212847 1
-22.235 27.1133 0.706725 1.98745 4.56193 1.53495 148988 0 -1.2991 0.212474 0
54.2471 28.9253 1.64205 2.03208 4.60011 1.65755 152035 0 -1.63951 0.212298 0
-21.0041 29.7094 0.769872 1.95659 4.32678 1.51094 152736 0 -1.25828 0.211866 0
-24.4792 22.815 0.606738 2.02898 4.51683 1.56542 142897 0 -1.38346 0.21122 0
-22.5855 -9.22907 0.753874 0.754534 0.824091 1.72957 96103 0 1.23428 0.210644 1
48.8313 20.5798 1.42334 1.97123 4.29867 1.54396 139850 0 -1.67643 0.21005 0
12.0793 29.0232 1.40383 1.80348 4.03167 1.46363 151903 0 -1.49332 0.20991 0
12.9099 29.4961 1.35991 2.02649 4.75842 1.50284 152842 0 -1.55072 0.209706 0
14.6604 67.9093 2.38192 1.92108 4.13993 1.6712 209007 0 -1.65021 0.209417 0
7.41998 -5.70938 0.578323 0.725842 0.796175 1.18394 101345 0 -2.19224 0.208794 1
30.8591 21.3842 1.21825 1.71553 3.98939 1.35372 140730 0 -1.49826 0.208245 0
48.5131 23.2403 1.02793 1.86524 4.28301 1.44804 143593 0 -1.60706 0.208186 0
46.2883 -27.9729 0.0908442 1.82063 4.08525 1.57096 68706 0 -1.402 0.208116 0
39.4972 53.6111 1.87193 2.016 4.58711 1.6191 188025 0 2.45017 0.207858 0
43.0225 55.8697 2.38308 1.99913 4.4512 1.65048 191312 0 -3.10574 0.207536 0
32.4826 55.5406 1.92638 1.95997 4.21738 1.52066 190811 0 -3.06219 0.207161 0
-46.6245 12.5485 -0.379216 1.78901 3.86834 1.51405 127852 0 -1.26294 0.207004 0
4.4502 40.0591 1.79683 0.858105 0.803007 1.74519 168259 0 -0.0399658 0.206878 1
-5.89999 29.2412 1.46583 2.12339 4.83892 1.60452 152315 0 -1.47936 0.206852 0
43.3503 55.8603 2.40274 2.02204 4.5265 1.66094 191313 0 -2.8811 0.206509 0
30.3195 21.8145 1.22298 2.0618 4.74488 1.42589 141664 0 -1.53329 0.20629 0
14.0093 73.7417 2.10618 1.75719 3.87956 1.40313 217429 0 -1.62699 0.206036 0
19.9966 40.5857 1.92519 1.88834 4.18067 1.47028 168776 0 1.61506 0.205966 0
40.901 30.7721 1.54305 0.830551 0.795813 1.7223 154801 0 0.248041 0.205411 1
20.9841 54.9214 2.01749 1.93594 4.26325 1.59501 189839 0 1.62509 0.205393 0
72.1303 -10.046 0.79116 2.10317 4.84453 1.5983 94995 0 -1.48799 0.20507 0
-27.9446 17.7869 0.512806 2.16691 4.80255 1.8955 135398 0 1.78494 0.204241 0
-27.1229 14.7515 0.365679 2.34535 5.63542 1.9723 131189 0 1.83064 0.204118 0
19.3291 46.7852 2.12774 2.16919 4.94954 1.66195 178134 0 1.54913 0.204058 0
42.7007 55.5561 2.28009 1.93873 4.25355 1.62262 190843 0 2.9137 0.202982 0
6.02209 -4.94728 0.668493 0.705651 0.769615 1.41263 102276 0 1.59328 0.20293 1
49.1177 22.9442 1.02923 1.88338 4.27908 1.42173 143127 0 -1.56076 0.20217 0
68.9347 10.0881 1.33 2.08643 4.63229 1.6704 124469 0 -0.131628 0.20215 0
47.5712 11.6766 1.13198 2.06746 4.77849 1.63562 126742 0 -1.51285 0.201297 0
37.8846 35.3179 1.54065 1.22261 2.92908 1.58257 161344 0 2.50403 0.201284 0
-56.8098 21.5865 0.110563 1.98375 4.46055 1.62364 140924 0 -1.21417 0.201205 0
50.1652 34.8218 1.67365 1.94538 4.54708 1.55176 160446 0 -1.56224 0.200836 0
31.5672 38.6757 1.81018 1.81974 4.09936 1.54811 166004 0 -1.49183 0.200701 0
-54.4663 47.8497 0.6652 2.27461 5.55969 1.78187 179307 0 -1.18385 0.200067 0
-48.5756 4.54577 -0.401638 1.98696 4.22169 1.60878 116146 0 -1.28927 0.200058 0
49.1569 20.8966 1.45657 1.96226 4.26942 1.53991 140319 0 -1.77847 0.200011 0
13.3941 38.0425 1.71081 1.76137 3.81642 1.57416 165011 0 -1.52572 0.199523 0
72.4128 -9.11621 0.771588 2.14504 4.96504 1.63282 96400 0 -1.52759 0.199232 0
48.5028 20.3256 1.36102 2.01749 4.52641 1.56614 139381 0 -1.58885 0.199172 0
-35.6386 33.8142 0.715562 2.00928 4.52839 1.56816 158774 0 1.94453 0.199004 0
51.0443 37.6447 1.8184 1.90715 4.29898 1.51461 164661 0 -1.57343 0.198919 0
-3.99325 56.1279 2.15185 2.03482 4.52863 1.64518 191633 0 -1.48992 0.198328 0
15.1813 67.1148 2.22766 1.99424 4.38707 1.75485 207605 0 -1.43584 0.198012 0
-19.6075 38.3007 0.889287 2.00408 4.51138 1.47297 165376 0 -1.16393 0.197753 0
-33.3799 39.5094 0.881621 2.09713 4.80376 1.60321 167205 0 1.88836 0.196655 0
36.9348 33.0519 1.56933 0.767036 0.793314 1.64698 158065 0 1.39826 0.19658 1
32.7467 35.756 1.7185 2.22893 5.39495 1.8065 161796 0 -1.52008 0.196383 0
38.91 53.5948 1.84352 1.98091 4.55886 1.56875 188023 0 -1.94634 0.196115 0
14.1818 -3.97133 0.99869 0.927044 1.05177 1.91162 103706 0 1.86264 0.195957 2
61.2212 21.8885 1.60428 2.58481 6.07316 2.12081 141761 0 -3.01009 0.195886 0
-4.6441 49.1764 1.95783 1.9848 4.51622 1.59692 181335 0 -1.57337 0.19571 0
49.4417 23.7556 1.08909 1.90896 4.37089 1.44863 144532 0 -1.61301 0.195541 0
50.7102 38.1903 1.8318 1.95585 4.37137 1.52525 165596 0 -1.55288 0.195453 0
39.5053 53.8944 1.91917 2.02257 4.55946 1.62775 188493 0 -3.02365 0.195134 0
0.845978 55.5224 2.63667 2.50735 6.23933 2.21398 190712 0 -1.58303 0.195039 0
31.1602 -6.83128 0.75154 0.742024 0.81809 1.36856 99547 0 -1.47773 0.194474 1
42.9456 53.8953 2.12909 0.737853 0.693016 1.64169 188504 0 -2.9173 0.194399 1
-5.59113 49.7334 2.05483 2.07425 4.70431 1.7111 182268 0 -1.56593 0.1939 0
-31.4132 5.47786 -0.114214 0.819829 0.846166 1.70261 117603 0 1.81426 0.193816 1
-35.3864 30.7877 0.493155 1.93897 4.39787 1.50185 154563 0 1.96032 0.193779 0
55.8387 14.5743 1.0356 1.9946 4.47122 1.56998 130980 0 1.57635 0.193721 0
-43.6961 58.1757 1.07635 2.27398 4.97385 1.74991 194317 0 -1.32629 0.193675 0
40.0581 35.0419 1.85144 2.23553 5.1897 1.78539 160883 0 -1.34403 0.192617 0
42.81 53.9098 2.10782 0.753961 0.727535 1.6169 188503 0 -2.27152 0.192596 1
-17.1754 22.8342 0.80073 2.03791 4.49371 1.57289 142920 0 -2.16934 0.192382 0
-53.6811 48.0669 0.633072 2.08413 4.5446 1.53859 179778 0 -0.838378 0.192339 0
15.1141 73.5036 2.33321 2.26172 5.27175 1.8182 216965 0 -1.54332 0.192249 0
50.3718 23.2301 1.14158 1.89748 4.2194 1.45057 143599 0 -1.57095 0.19215 0
12.6111 28.7539 1.35659 1.90797 4.39717 1.48059 151437 0 -1.48003 0.191952 0
-5.61797 43.7736 1.99932 2.16446 4.89228 1.77338 173376 0 -1.56751 0.191883 0
41.7706 55.2553 2.23566 1.89667 4.17763 1.60597 190372 0 2.49912 0.19142 0
43.9961 55.5359 2.42945 1.99642 4.49779 1.63449 190847 0 -2.66521 0.191347 0
-25.3887 22.2791 0.612287 2.03325 4.57098 1.56268 141958 0 1.42039 0.191129 0
51.9519 46.8484 2.08779 2.21637 5.1342 1.72722 178236 0 -1.54245 0.190674 0
-4.33588 59.2449 2.24864 2.08838 4.69198 1.71081 196312 0 -1.52641 0.190246 0
-46.8592 56.4114 0.741678 2.13773 4.85381 1.63662 191967 0 -1.29227 0.190211 0
14.5818 73.227 2.12891 1.95485 4.47054 1.54351 216495 0 -1.49249 0.189945 0
31.1292 -6.34903 0.68927 0.77084 0.960325 1.28027 100483 0 -1.24072 0.18918 1
69.9232 10.721 1.23338 2.03083 4.51532 1.63506 125408 0 -1.0701 0.189158 0
35.7592 15.4426 1.15337 1.7886 3.81545 1.47652 132321 0 1.64162 0.189125 0
-57.4261 21.5998 0.188219 2.01915 4.53294 1.64555 140922 0 -1.18362 0.187996 0
53.6116 28.7158 1.56178 1.97279 4.49245 1.61295 151565 0 1.52234 0.187952 0
55.1733 28.9684 1.66733 2.00684 4.51534 1.68699 152038 0 -1.62699 0.187473 0
-20.2348 35.4551 1.15995 2.116 4.74497 1.57595 161162 0 -1.11603 0.186966 0
37.0006 44.3923 1.8456 1.85238 4.23545 1.46778 174445 0 1.59893 0.186771 0
12.7415 46.9077 1.6828 1.6576 3.41439 1.40208 178113 0 -1.52365 0.186711 0
15.1427 65.0181 2.30953 2.25201 5.24863 1.80805 204797 0 -1.53183 0.185715 0
53.6602 7.92802 1.02644 1.63809 3.69635 1.42286 121145 0 1.71735 0.185519 0
54.9165 15.2072 0.942479 1.96638 4.4578 1.5389 131913 0 1.59208 0.185109 0
51.0873 46.6021 2.01256 1.82066 4.02414 1.46062 177765 0 1.55499 0.184968 0
-42.3932 2.76614 -0.498856 1.91349 4.33473 1.5068 113357 0 1.75298 0.184484 0
-22.2835 27.9007 0.810371 2.12441 4.75479 1.58046 150392 0 -1.27839 0.18425 0
31.5654 54.0126 1.70522 1.92293 4.41161 1.45217 188468 0 -1.59555 0.18389 0
-22.8751 27.0787 0.759561 1.98797 4.45493 1.53014 148986 0 -1.30104 0.183268 0
-5.61942 44.5278 2.02038 2.2821 5.14302 1.82982 174780 0 -1.4746 0.183164 0
-23.4713 27.6745 0.928602 2.11767 4.77451 1.64801 149920 0 -1.29791 0.183149 0
-34.6916 30.0185 0.481726 1.93698 4.27532 1.45846 153161 0 1.63194 0.182623 0
50.0964 37.6549 1.82618 1.84431 4.22677 1.44073 164658 0 -1.57887 0.181728 0
-19.9593 38.5768 0.947155 2.02798 4.49064 1.47899 165843 0 -0.966384 0.181525 0
-4.59945 58.4875 2.17298 1.79009 4.08244 1.60234 194907 0 -1.47447 0.181413 0
39.5004 54.585 2.05463 2.00404 4.40042 1.63454 189429 0 -2.98812 0.180956 0
-5.92653 49.4756 2.05777 2.03796 4.57141 1.7138 181799 0 -1.5044 0.180688 0
30.6052 45.0033 1.95072 1.93575 4.47429 1.51336 175361 0 1.5617 0.180646 0
55.1902 22.8796 1.49602 2.10118 4.7528 1.67407 143146 0 1.83653 0.18062 0
37.2847 44.8542 2.00309 1.98356 4.42287 1.52138 175382 0 1.61751 0.180366 0
30.9211 45.2003 1.99817 2.03563 4.71971 1.55584 175830 0 -1.17523 0.180261 0
-5.92925 49.7314 2.04438 2.05208 4.65828 1.73735 182267 0 1.17052 0.180131 0
49.4725 37.9387 1.8796 1.92794 4.35401 1.5543 165124 0 -1.60855 0.18013 0
0.0772324 26.613 1.26107 1.9064 4.3018 1.46832 148590 0 1.68993 0.180115 0
-0.555344 20.2273 1.35455 2.0423 4.636 1.63909 139228 0 1.69276 0.179936 0
-29.1835 9.24183 -0.0757333 2.04765 4.69489 1.587 122758 0 -0.694968 0.179712 0
-36.3384 34.3558 0.741791 2.08573 4.65956 1.62679 159708 0 1.9924 0.179644 0
14.1942 -3.78259 0.949841 0.873151 1.00552 1.8408 104174 0 1.87573 0.17881 1
-63.2566 7.13589 -0.610503 2.0198 4.45793 1.68716 119844 0 -1.10479 0.1784 0
39.8111 53.61 1.89626 2.04638 4.61383 1.64515 188026 0 2.1373 0.178215 0
39.5695 34.4759 1.73405 1.97601 4.42816 1.64666 159945 0 -1.474 0.178058 0
56.4453 15.4727 1.03206 2.0689 4.56175 1.60471 132386 0 1.63663 0.177698 0
2.35848 52.6524 1.9275 1.88034 4.14735 1.51329 186505 0 -1.63892 0.177576 0
-39.0896 29.0334 0.660111 0.85664 1.13231 1.77446 151743 0 -3.13127 0.177573 1
37.9096 32.8215 1.70887 0.900105 0.981004 1.745 157600 0 1.56387 0.177146 1
56.152 14.2526 1.05145 2.00375 4.53548 1.58743 130513 0 1.55466 0.176897 0
38.9029 55.1466 2.1846 2.15264 4.94335 1.75713 190363 0 -3.12513 0.176689 0
42.3965 55.2391 2.25064 1.90243 4.1564 1.57294 190374 0 2.75516 0.176681 0
19.3003 46.3402 2.06714 2.03847 4.58918 1.61846 177198 0 1.56965 0.17633 0
-61.9949 12.2079 -0.479481 2.05546 4.49263 1.57522 127336 0 2.02292 0.17633 0
-43.0643 3.31059 -0.329538 1.97351 4.38219 1.60262 114291 0 1.7798 0.176298 0
51.0663 47.1827 2.0762 2.02149 4.43434 1.6077 178701 0 1.29201 0.176101 0
-20.5807 35.9572 1.25506 2.12964 4.74186 1.62982 162097 0 -1.12363 0.17577 0
54.4907 7.89828 1.00661 2.0464 4.84608 1.58518 121148 0 1.68895 0.175518 0
32.4034 39.1074 1.83031 2.14256 4.82611 1.61336 166943 0 -1.49514 0.175517 0
-3.0761 64.7658 2.34664 2.20485 4.93699 1.75946 204272 0 -1.45662 0.175407 0
-5.26196 58.8014 2.16847 1.83692 4.24218 1.61469 195373 0 1.60313 0.175401 0
-57.1181 22.5744 0.218228 1.95202 4.34617 1.58457 142327 0 -1.19471 0.175317 0
-6.85133 29.2824 1.51498 2.09513 4.75155 1.62525 152312 0 -1.49834 0.174318 0
0.682426 28.9962 1.37186 1.68352 3.64484 1.46897 151868 0 1.64708 0.17431 0
4.43348 39.9297 1.79113 0.865843 0.80354 1.74721 167791 0 -0.00629751 0.174129 1
71.5622 -9.45078 0.781465 1.5823 3.33074 1.41453 95929 0 -1.50876 0.173903 0
-24.4773 21.6796 0.577741 2.02452 4.47758 1.6207 141025 0 -1.29304 0.173818 0
70.2206 11.0305 1.21695 2.04398 4.57437 1.66678 125877 0 -1.21826 0.173635 0
51.6405 47.1347 2.07577 2.20566 4.98368 1.70748 178703 0 1.2701 0.173109 0
36.3878 30.2547 1.70998 2.236 5.14573 1.89185 153851 0 -1.47851 0.172886 0
13.0954 -6.43197 0.78406 0.927256 1.05911 1.79153 99958 0 1.65342 0.172408 1
-17.4865 22.6874 0.792347 1.93117 4.19215 1.5725 142451 0 1.58411 0.172386 0
2.65282 54.9622 2.26928 2.12581 4.79234 1.90713 189782 0 1.4932 0.172157 0
-46.3176 15.415 -0.173661 2.01505 4.40206 1.62715 132065 0 -1.23345 0.172138 0
54.8886 28.7064 1.6389 1.98518 4.46374 1.68326 151569 0 -1.59106 0.171605 0
37.5808 21.034 1.45162 1.98679 4.52214 1.61198 140283 0 1.55922 0.171255 0
-56.4909 21.9023 0.101156 1.99433 4.47643 1.63865 141393 0 -1.20324 0.170805 0
37.6406 35.3294 1.5781 1.04581 2.30247 1.55227 161343 0 1.83921 0.170587 0
-47.1653 51.678 0.957294 2.11388 4.87961 1.68632 184946 0 -1.17387 0.170161 0
4.34521 56.7826 2.18962 2.1234 4.68524 1.909 192595 0 3.04943 0.170036 0
13.2595 -6.04799 0.740229 0.888133 1.00275 1.74032 100895 0 1.6989 0.169815 1
-41.0625 29.9467 0.615829 2.11492 4.82036 1.7669 153141 0 1.87884 0.169809 0
39.1982 53.3173 1.78085 1.97683 4.45717 1.55458 187556 0 3.10567 0.169662 0
-6.2212 22.934 1.3122 1.9828 4.63631 1.50163 142954 0 -1.51888 0.169245 0
-3.6918 63.9127 2.44142 2.0046 4.34909 1.63109 202866 0 -0.903275 0.169061 0
14.2275 74.7327 2.21365 2.02775 4.62477 1.61466 218834 0 -1.6865 0.168886 0
39.8166 53.901 1.94324 2.03498 4.57104 1.64679 188494 0 2.99801 0.168805 0
-3.4008 64.1981 2.42725 1.97562 4.44584 1.639 203335 0 -1.32328 0.168748 0
49.7565 22.9446 1.07456 1.90966 4.32095 1.47842 143129 0 -1.46777 0.168234 0
-63.5267 6.66137 -0.483556 2.11961 4.49379 1.75238 118907 0 -1.21684 0.168053 0
1.12855 44.2107 1.65374 2.08542 4.80378 1.54055 174333 0 1.62785 0.167888 0
68.6509 9.78592 1.41223 2.16949 4.90237 1.71759 124000 0 -0.0409529 0.167698 0
-34.1289 29.955 0.505751 2.03934 4.51053 1.45942 153163 0 1.94377 0.167655 0
4.62865 56.5221 2.12647 1.96791 4.30411 1.77158 192128 0 3.1082 0.167626 0
68.9511 11.3712 1.06861 2.03869 4.61191 1.62595 126341 0 -1.01638 0.167612 0
-57.1129 22.2329 0.16279 1.96883 4.39622 1.61016 141859 0 -1.18795 0.167591 0
-48.2005 7.39553 -0.342463 2.01671 4.54924 1.61694 120359 0 -1.28443 0.167572 0
37.8843 26.7847 1.31274 2.07316 4.70724 1.51788 148708 0 1.47391 0.167108 0
51.7018 38.1869 1.85357 1.95251 4.29084 1.55472 165599 0 -1.6148 0.16687 0
20.3507 55.2193 1.96082 1.87879 4.14676 1.50413 190305 0 1.63162 0.166664 0
69.2643 10.3864 1.26337 2.03648 4.51494 1.63683 124938 0 -0.434894 0.166389 0
-69.5066 5.53073 -0.487534 2.26812 5.28601 1.79734 117484 0 2.01844 0.16599 0
14.3327 64.7458 2.22277 1.78816 3.84961 1.47824 204326 0 -1.52424 0.165705 0
