44.2674 -6.93581 1.42543 2.92748 7.81693 3.1415 99588 0 1.63274 0.96309 0
-6.85445 11.3386 0.959117 1.9919 4.58642 1.47177 126104 0 -1.4967 0.950225 0
18.4022 11.7202 1.0454 2.10682 4.81355 1.52692 126651 0 1.63869 0.947794 0
-2.00872 11.0512 1.15672 2.07995 4.6835 1.82265 125651 0 1.62067 0.941091 0
10.6815 12.7394 1.18806 2.2445 5.23738 1.89988 128031 0 -1.57274 0.932637 0
30.899 9.35564 1.17362 2.01952 4.5637 1.73308 123414 0 -1.462 0.925078 0
-0.849846 17.0797 1.34795 2.12705 4.78958 1.86079 134547 0 1.61962 0.921579 0
6.89003 30.6251 1.44322 2.06519 4.58193 1.54592 154227 0 0.124105 0.917483 0
36.0617 9.07098 1.04546 1.96427 4.52478 1.47988 122962 0 1.67734 0.914547 0
-14.4888 2.84852 0.636249 2.07898 4.86464 1.49113 113444 0 -2.58902 0.900156 0
-42.4617 -5.04286 -0.613889 2.09192 4.32696 1.5872 102125 0 -1.56565 0.884081 0
10.6903 15.8236 1.25247 2.2042 5.09638 1.85414 132711 0 -1.53995 0.879424 0
-19.0329 11.4805 0.818451 2.01034 4.56007 1.76403 126066 0 1.68852 0.87694 0
-6.56857 17.4526 1.08989 2.05678 4.78013 1.53685 134997 0 -1.52897 0.876787 0
-20.6314 32.7258 1.19548 2.35369 5.47502 1.81539 157417 0 -1.19066 0.876691 0
17.3622 22.8355 1.45586 2.13054 4.97868 1.69341 143028 0 1.622 0.87668 0
23.4478 11.9866 1.03293 2.08808 4.76745 1.52119 127135 0 0.0669551 0.869743 0
-18.7626 19.7344 0.95559 2.13051 4.70687 1.93419 138235 0 1.71462 0.867726 0
-42.1007 -11.6671 -0.739566 2.01851 4.4301 1.62586 92298 0 0.0378029 0.867043 0
30.6287 15.8901 1.28165 1.97667 4.30602 1.66 132773 0 -1.48915 0.864702 0
-44.6417 -11.1205 -0.779336 2.06077 4.45372 1.77809 93226 0 0.00457161 0.864126 0
-0.403488 22.9069 1.4124 2.17893 5.0838 1.86115 142972 0 -1.45535 0.863379 0
13.277 41.1322 1.89491 2.13242 4.94114 1.9217 169691 0 -1.51219 0.857202 0
48.7229 5.67214 1.15268 2.18057 5.0425 1.88469 117854 0 -1.46769 0.854579 0
11.7178 22.2959 1.39634 1.94381 4.35456 1.70523 142074 0 -1.52056 0.853666 0
48.4008 8.48891 1.00224 2.04239 4.70811 1.64195 122065 0 -1.48462 0.850302 0
-18.4135 14.0034 0.82345 2.09146 4.73329 1.82289 129812 0 1.75867 0.844306 0
11.3889 19.3622 1.16976 1.9717 4.55556 1.5083 137861 0 -1.59714 0.841244 0
18.6151 15.4131 1.22986 2.2446 4.98156 1.68578 132268 0 1.60819 0.839858 0
-6.57687 20.2776 1.18672 2.12114 5.0024 1.44371 139209 0 -1.52298 0.839448 0
-19.6092 7.96879 0.689735 1.93446 4.44797 1.55059 120916 0 1.6186 0.833398 0
17.4815 19.9995 1.1976 2.07129 4.82604 1.51352 138816 0 1.61787 0.828405 0
30.9411 12.2955 1.07178 1.90131 4.31044 1.47336 127626 0 1.63469 0.826518 0
73.7777 -5.61926 0.925269 2.07264 4.6608 1.70689 101552 0 -1.47438 0.8189 0
32.1537 -6.21703 0.783057 0.871244 0.868403 1.68538 100486 0 -1.50485 0.815034 1
31.1942 30.955 1.35332 2.13209 4.98208 1.54916 154771 0 1.58204 0.812147 0
26.639 5.01942 1.03088 0.931341 1.12458 1.82884 116849 0 0.153702 0.810091 1
12.9689 32.3829 1.4073 2.12233 4.99288 1.50436 157054 0 -1.49896 0.806746 0
17.4248 25.7488 1.59364 2.26 5.3567 1.71485 147240 0 1.62428 0.80661 0
0.190559 31.7643 1.73297 2.22594 5.07636 1.88368 156078 0 1.64847 0.80644 0
30.961 27.5866 1.37764 2.072 4.73549 1.45311 150090 0 1.59643 0.800531 0
0.142059 29.0364 1.37323 2.00149 4.56579 1.56925 151866 0 1.62561 0.789614 0
-6.27765 14.4796 1.02676 2.02061 4.62539 1.50441 130786 0 -1.48854 0.789319 0
12.8358 -6.2224 0.785332 0.925141 0.993592 1.76727 100426 0 1.73455 0.788241 1
11.4236 26.133 1.32746 1.89416 4.39152 1.50493 147689 0 -1.53698 0.778543 0
-36.4213 -11.422 -0.700253 2.16124 4.80651 1.96557 92784 0 0.0361451 0.778171 0
13.6575 38.1396 1.74138 1.98866 4.36002 1.61801 165480 0 -1.53617 0.772679 0
-0.149292 26.3482 1.30154 2.01306 4.65108 1.49524 148121 0 1.64079 0.764629 0
-18.4692 16.868 0.677298 1.82495 4.08833 1.49052 134024 0 1.69991 0.76297 0
-44.3654 20.3562 -0.0439208 1.92849 4.22499 1.53388 139091 0 -1.31285 0.762196 0
36.3366 12.083 1.21552 2.08045 4.77911 1.66848 127175 0 1.64374 0.758135 0
13.2877 46.9421 1.73917 1.94551 4.4247 1.51976 178115 0 -1.53904 0.755899 0
-1.18098 14.0076 1.10035 1.85974 4.15646 1.57953 129866 0 1.65165 0.753956 0
48.8398 11.6204 1.18017 1.98065 4.38602 1.68151 126746 0 -1.49548 0.751792 0
-41.149 11.6989 -0.192306 1.72681 3.90901 1.44706 126465 0 1.82356 0.734874 0
-18.1149 22.8852 0.844584 2.01645 4.52549 1.57339 142917 0 1.63543 0.732917 0
-5.89995 26.1101 1.55433 2.07029 4.68887 1.66637 147635 0 -1.49175 0.729996 0
-27.6749 14.6686 0.362187 1.97091 4.6551 1.86288 130719 0 1.82782 0.72713 0
-53.9299 47.812 0.654579 2.03566 4.50479 1.5682 179309 0 -1.07318 0.725738 0
-40.4831 14.5085 -0.115647 1.92391 4.27449 1.57768 130679 0 1.79636 0.721802 0
30.8733 21.6603 1.18189 1.87273 4.30995 1.38829 141198 0 -1.51151 0.721702 0
-38.8987 19.6766 0.00105092 2.03364 4.795 1.57321 138172 0 1.82789 0.720132 0
-63.8967 6.94032 -0.533338 2.05797 4.48743 1.72605 119374 0 -1.25949 0.715174 0
5.83833 -4.43993 0.834582 0.99576 1.04992 1.79774 103212 0 -1.46769 0.713752 1
15.2233 55.2601 2.1659 2.00578 4.51495 1.65998 190289 0 -1.48993 0.713258 0
-49.1536 4.40547 -0.381344 2.16544 4.78019 1.71675 115676 0 -1.35998 0.7125 0
14.9007 58.414 2.02651 1.99811 4.56022 1.53527 194968 0 -1.41822 0.712427 0
36.3381 15.2972 1.18338 1.94823 4.5238 1.47291 131855 0 1.68763 0.702164 0
12.6402 29.2524 1.40828 1.97537 4.64759 1.46519 152373 0 -1.52595 0.701994 0
-56.2464 27.2569 0.183014 2.02475 4.49514 1.58765 149350 0 -1.15104 0.701851 0
13.3247 44.0054 1.72827 2.00175 4.50093 1.58781 173903 0 -1.53609 0.700775 0
-46.2565 56.1438 0.755417 2.0228 4.57304 1.50569 191501 0 -1.25641 0.682272 0
-61.3482 14.5265 -0.379739 1.9627 4.29569 1.65093 130614 0 -1.15516 0.679936 0
-21.3181 29.8908 0.842309 2.07478 4.60849 1.48109 153203 0 -1.27007 0.674757 0
18.9971 37.9382 1.83344 2.07324 4.70945 1.62909 165029 0 1.6079 0.672309 0
31.8373 38.9058 1.85875 1.93774 4.39633 1.56333 166473 0 -1.48139 0.662913 0
-0.538208 20.0719 1.1938 2.05101 4.74028 1.58472 138760 0 1.68556 0.662169 0
-47.5589 9.69535 -0.0379662 2.24366 5.1428 1.81633 123637 0 -1.29466 0.661277 0
31.5294 35.7813 1.6487 2.07736 4.85391 1.69361 161792 0 1.62294 0.658178 0
54.2129 5.37225 1.12987 2.00234 4.84986 1.73037 117403 0 1.63616 0.651354 0
14.9102 64.7437 2.14766 2.06671 4.64904 1.59271 204328 0 -1.53912 0.647486 0
-43.0234 5.86423 -0.251983 1.91554 4.2595 1.48238 118035 0 1.89105 0.646249 0
30.8796 18.8169 1.1498 1.91225 4.45333 1.40456 136986 0 -1.49779 0.626782 0
1.08331 43.6602 1.61513 1.96406 4.43584 1.48754 173397 0 1.61333 0.623717 0
9.1628 -2.02362 0.913614 0.861574 0.974875 1.79084 106498 0 -2.87211 0.621654 1
-46.5281 14.8348 -0.254695 1.9877 4.31635 1.59887 131128 0 -1.28363 0.614979 0
50.6858 34.9576 1.615 2.08822 4.74584 1.50966 160916 0 -1.53521 0.614029 0
-28.9564 9.36545 0.0173597 2.03731 4.57511 1.47934 123227 0 -1.35142 0.613709 0
14.5327 73.7492 2.19802 2.04504 4.69763 1.53868 217431 0 -1.54651 0.609585 0
18.7216 31.8151 1.40608 2.11981 4.81993 1.53471 156136 0 1.59505 0.609433 0
-29.9235 6.65015 -0.0259467 2.10246 4.65293 1.55338 119012 0 -1.33628 0.608183 0
-40.1081 17.1103 0.0508445 1.97073 4.32965 1.77821 134424 0 1.77241 0.606463 0
-5.2973 40.8379 1.72473 2.00887 4.55573 1.49653 169165 0 -1.55246 0.606017 0
14.9034 67.7104 2.27983 1.99346 4.38798 1.66983 208540 0 -1.5791 0.603896 0
-45.617 17.8157 -0.0883329 2.06012 4.56255 1.68307 135343 0 -1.27458 0.603163 0
-19.6982 35.376 1.13192 2.05696 4.64194 1.50905 161164 0 -1.09577 0.601742 0
-5.2831 44.264 2.02242 2.09228 4.63557 1.74642 174313 0 -1.56176 0.601046 0
36.3253 21.0435 1.38941 1.94644 4.53982 1.5378 140279 0 1.64251 0.586239 0
30.8918 -6.91085 0.799846 0.834426 0.962292 1.61891 99546 0 -1.41641 0.584365 1
-43.9967 23.1557 0.212792 2.05338 4.60538 1.66149 143304 0 -1.29076 0.57978 0
-32.1575 42.096 1.11609 1.94288 4.48981 1.63618 170953 0 1.87179 0.575242 0
41.0816 31.3106 1.63587 0.803355 0.80077 1.7126 155270 0 -2.82276 0.568746 1
-72.3988 -5.81252 -0.547016 0.880929 0.953453 1.84856 100627 0 3.07371 0.563331 1
-24.502 22.2197 0.563008 2.0739 4.57368 1.61925 141961 0 -1.35024 0.560649 0
-16.3675 -14.5489 0.405306 0.865943 0.965957 1.68989 88166 0 -1.9601 0.552211 1
-44.3189 58.3913 1.20506 2.12355 4.56786 1.62548 194783 0 -1.30733 0.551075 0
33.1119 56.7698 1.92187 1.93103 4.30343 1.49054 192685 0 -1.4905 0.549242 0
17.7474 28.6772 1.39497 2.00208 4.64742 1.45706 151453 0 1.59804 0.549138 0
-5.9188 31.8888 1.69194 2.11343 4.81838 1.56214 156059 0 -1.53038 0.541243 0
36.6455 18.0934 1.16921 1.97447 4.51224 1.43991 136068 0 1.64114 0.537725 0
-68.9774 5.26748 -0.604179 1.89831 4.19748 1.67644 117018 0 1.98529 0.52127 0
19.0557 46.5799 2.11351 1.96866 4.3698 1.56252 177665 0 1.55315 0.517253 0
19.3497 40.8193 2.01438 2.04298 4.68445 1.523 169242 0 1.62093 0.516449 0
31.859 44.9773 1.88388 1.98571 4.48729 1.50485 175365 0 -1.54878 0.510035 0
54.2814 11.3219 1.23183 1.91075 4.27919 1.51207 126295 0 1.64771 0.50629 0
15.1378 -4.29833 0.613436 0.611735 0.683731 0.990019 103241 0 0.420066 0.503117 1
-32.5113 39.1388 0.762272 1.95463 4.38595 1.45024 166740 0 1.87137 0.496836 0
31.1601 -7.14772 0.771729 0.776783 0.951109 1.62717 99079 0 -1.40768 0.496818 1
14.1741 -4.7012 0.615816 0.702584 0.75555 1.3202 102770 0 -1.70021 0.493114 1
36.9441 26.9636 1.35051 2.13765 4.94547 1.53316 149173 0 1.69574 0.483845 0
-42.1159 9.41734 -0.25097 2.02362 4.54582 1.60068 123186 0 1.80128 0.483692 0
31.1355 -6.92816 0.792822 0.926877 1.14609 1.66603 99547 0 -1.48401 0.482989 1
-62.2397 11.689 -0.40762 1.90211 4.2405 1.53576 126399 0 -1.42123 0.482954 0
-19.0638 38.2199 0.835133 1.99766 4.59242 1.48496 165378 0 -1.12325 0.477788 0
36.5707 15.28 1.14858 2.08108 4.92632 1.50302 131856 0 1.96867 0.466146 0
2.07632 55.2487 2.27483 2.21925 5.09006 1.90855 190248 0 -1.73617 0.465181 0
37.6347 34.9949 1.54171 0.76699 0.935828 1.58707 160875 0 1.65099 0.46415 1
-38.7862 29.2526 0.5609 0.793172 0.810255 1.761 152212 0 -1.02761 0.461528 1
-27.3647 17.747 0.571798 2.11108 4.73895 1.78301 135400 0 1.7819 0.458395 0
31.4478 -6.55015 0.615124 0.667014 0.709636 1.20254 100016 0 -1.4695 0.456067 1
-48.1834 7.13555 -0.388571 2.05948 4.58663 1.62104 119891 0 -1.28637 0.453653 0
-38.6635 29.2618 0.56833 0.802058 0.818536 1.77052 152213 0 -0.920141 0.437695 1
-6.54523 32.0674 1.71362 2.23141 5.15333 1.6092 156525 0 1.60102 0.43176 0
1.44547 52.3422 1.9363 2.00212 4.62851 1.63885 186034 0 -1.67161 0.431711 0
-37.9228 22.2983 0.250763 1.96417 4.30915 1.75897 141919 0 1.7731 0.426826 0
73.4408 -9.13126 0.858265 1.96186 4.35995 1.59935 96403 0 -1.53636 0.424367 0
-4.61826 58.9804 2.24847 2.01086 4.61129 1.60609 195843 0 -1.5782 0.421618 0
1.4697 55.4943 2.31995 2.36519 5.67201 2.00077 190714 0 -1.58606 0.419908 0
14.9985 -4.29819 0.656758 0.64794 0.727837 1.04841 103240 0 -0.30032 0.415529 1
49.4435 20.3004 1.52083 2.03011 4.51717 1.57038 139384 0 -1.49858 0.413017 0
-46.911 12.3041 -0.505291 1.81209 3.96114 1.54957 127383 0 -1.26345 0.402206 0
-62.2367 11.9276 -0.415417 2.02396 4.50863 1.55277 126867 0 2.54616 0.397939 0
-72.2895 -5.7136 -0.578037 0.893882 0.946729 1.84853 101096 0 2.60367 0.389012 1
0.830627 40.4822 1.67878 2.02517 4.60559 1.55926 168716 0 1.62823 0.387819 0
14.8892 70.5831 2.24713 2.02496 4.55419 1.59623 212752 0 -1.56974 0.375619 0
1.7043 52.607 1.93442 1.91306 4.29581 1.55616 186503 0 -1.60446 0.371547 0
-4.95389 49.4652 1.93378 2.01272 4.68638 1.63927 181802 0 -1.48773 0.368866 0
20.2846 40.8482 2.03908 1.97044 4.39829 1.51945 169245 0 1.59046 0.363834 0
32.1569 53.9984 1.75242 1.90934 4.41837 1.41734 188470 0 -1.56924 0.361481 0
31.3067 -6.56125 0.655904 0.732354 0.811219 1.33395 100015 0 -1.51654 0.358402 1
37.5906 44.6048 1.94826 2.01006 4.60521 1.53522 174915 0 1.5912 0.358175 0
19.6842 41.0339 2.02902 1.98362 4.40803 1.50888 169711 0 1.58253 0.357564 0
30.9464 -7.11007 0.810035 0.812512 1.0056 1.65189 99078 0 -1.42032 0.355884 1
4.55817 39.9566 1.75049 0.850165 0.759137 1.72047 167792 0 -0.041818 0.355051 1
-5.29111 28.9843 1.35887 2.06966 4.74124 1.54729 151849 0 -1.46881 0.354665 0
-34.407 33.4583 0.704283 2.00017 4.50449 1.55951 158310 0 1.90413 0.35367 0
11.3937 -2.92497 0.737777 0.730851 0.811434 1.54598 105101 0 0.162943 0.34755 1
36.9959 30.2157 1.67509 2.35197 5.40526 1.85793 153853 0 -1.47891 0.345947 0
9.29443 -2.02269 0.916271 0.895365 1.14339 1.81374 106499 0 -2.87417 0.344589 1
-39.4422 19.731 0.00136569 1.80165 4.16738 1.53474 138170 0 1.82498 0.342201 0
-47.1792 12.0474 -0.508861 1.90215 4.24413 1.58078 126914 0 -1.27707 0.341394 0
-5.85761 41.0208 1.78139 2.10953 4.82257 1.52315 169631 0 -1.56932 0.333493 0
32.1244 44.713 1.8314 1.91411 4.26296 1.51094 174898 0 -1.50985 0.332897 0
14.6392 58.1831 1.96492 1.79889 4.09656 1.43483 194499 0 -1.38159 0.332341 0
-67.6549 11.0647 -0.643579 2.02432 4.50516 1.56749 125446 0 -1.15833 0.329939 0
17.4646 28.3995 1.40911 2.00337 4.58581 1.46164 150984 0 1.61023 0.329792 0
14.5934 70.8442 2.21696 1.97984 4.41247 1.53374 213219 0 -1.56906 0.328905 0
-44.9446 58.6567 1.12131 2.41645 5.66839 1.87794 195249 0 -1.2764 0.328746 0
49.1598 20.0484 1.48961 1.9413 4.3499 1.52506 138915 0 -1.44946 0.328323 0
32.1235 35.8986 1.70141 2.34234 5.54079 1.75135 162262 0 1.59577 0.327862 0
37.5624 18.1004 1.11168 1.96165 4.51999 1.45073 136071 0 1.64014 0.327849 0
73.1682 -9.40718 0.867012 1.77658 3.89505 1.51429 95934 0 -1.5198 0.327612 0
55.5253 34.0741 1.66686 2.09614 4.79075 1.65893 159527 0 1.62978 0.327458 0
18.7502 41.0328 1.9436 2.04379 4.77528 1.50847 169708 0 1.61195 0.327044 0
-35.0261 33.747 0.66816 2.0053 4.53109 1.57243 158776 0 1.95511 0.32638 0
-4.65867 49.7247 1.94354 2.00631 4.55057 1.62079 182271 0 -1.56205 0.32457 0
-61.9803 11.9121 -0.42456 1.90813 4.13253 1.51535 126868 0 -2.65645 0.316148 0
12.9298 29.5031 1.39238 1.96225 4.61777 1.48556 152842 0 -1.55526 0.31438 0
73.6992 -9.41118 0.846368 2.16447 4.92918 1.71292 95936 0 -1.49063 0.313248 0
-69.2404 5.04634 -0.606436 2.04046 4.53457 1.71384 116549 0 1.85862 0.313101 0
37.6208 34.8294 1.55726 0.769082 0.944346 1.5857 160407 0 0.518791 0.311061 1
-26.7568 17.4521 0.568647 2.13492 4.89564 1.74972 134934 0 1.68989 0.307669 0
20.9784 55.2243 2.16386 1.96682 4.36351 1.56971 190307 0 1.60208 0.306426 0
-61.9382 11.4027 -0.434356 1.66256 3.60385 1.46685 125932 0 -1.30812 0.305687 0
73.6978 -8.82892 0.844754 2.17154 4.90704 1.71824 96872 0 -1.53785 0.305646 0
11.8826 26.324 1.29769 2.17762 5.2048 1.60153 148159 0 -1.54829 0.301094 0
32.1708 -6.06177 0.782615 0.831957 0.84173 1.6635 100954 0 -1.59125 0.299641 1
-38.4817 22.5312 0.264575 2.11183 4.83223 1.81032 142385 0 1.8029 0.299194 0
-33.387 39.2665 0.827562 2.04893 4.62533 1.55094 166737 0 1.87213 0.29563 0
49.1168 23.563 1.11837 1.88713 4.44854 1.48935 144063 0 -1.39115 0.295548 0
-62.5046 11.9314 -0.386472 2.14263 4.88217 1.64699 126866 0 -1.60595 0.295227 0
40.9203 31.4358 1.63778 0.849765 0.83976 1.73439 155737 0 -2.55182 0.295114 1
36.3535 17.8598 1.14746 1.93019 4.4177 1.44732 135599 0 1.65785 0.294558 0
21.2686 55.492 2.20507 1.97549 4.31156 1.59394 190776 0 1.57483 0.294411 0
-62.5156 11.4162 -0.395747 2.01092 4.50358 1.58791 125930 0 -1.31841 0.293315 0
36.904 21.1867 1.42024 2.15062 5.06117 1.61658 140749 0 1.62938 0.291265 0
14.1617 -3.94608 0.953696 0.848089 0.888441 1.88175 103706 0 -1.48593 0.290314 1
-5.61014 59.0129 2.20995 1.97973 4.52915 1.61923 195840 0 1.58577 0.290297 0
-47.569 6.86015 -0.389937 1.89848 4.22488 1.54676 119425 0 -1.28761 0.289041 0
51.689 37.9154 1.7985 1.95973 4.36242 1.55797 165131 0 -1.58524 0.28828 0
-35.0232 30.3054 0.465857 1.89589 4.31485 1.4985 153628 0 1.47855 0.287992 0
1.43915 52.067 1.93763 2.00376 4.56239 1.64762 185566 0 2.03689 0.287892 0
20.9702 58.3827 2.35529 2.03356 4.48096 1.69207 194987 0 1.53267 0.287581 0
54.7981 11.2915 1.26576 2.2172 5.28299 1.69381 126297 0 1.61733 0.286454 0
1.35467 43.43 1.61655 1.79393 3.97487 1.4532 172930 0 1.57878 0.285412 0
55.1977 14.24 1.01535 2.05938 4.68562 1.58932 130510 0 1.5973 0.283946 0
31.4566 -7.18918 0.681921 0.718528 0.821222 1.35502 99080 0 -1.44122 0.283326 1
31.4835 -6.8667 0.704281 0.791225 0.863941 1.46627 99548 0 -1.4318 0.281392 1
51.7035 46.5475 1.89435 2.02157 4.52641 1.56871 177767 0 -1.52902 0.281027 0
51.9692 46.2455 1.87446 2.1299 4.90969 1.64975 177300 0 -1.48345 0.280923 0
32.7665 54.1627 1.89327 1.89573 4.24633 1.4369 188940 0 -1.56488 0.280626 0
31.9811 -6.24315 0.762482 0.8904 0.978581 1.66877 100485 0 1.39472 0.279816 1
19.6236 31.8563 1.35274 2.14644 4.88804 1.59018 156139 0 1.60363 0.279674 0
-41.6546 11.7191 -0.283779 2.10256 4.90629 1.64052 126463 0 1.82042 0.278844 0
-27.9502 18.0431 0.52617 2.16488 4.87055 1.82343 135866 0 1.82676 0.27668 0
36.8932 12.2112 1.20095 2.11826 5.02564 1.67434 127645 0 1.65605 0.276597 0
-24.2093 22.4789 0.564696 2.11402 4.64008 1.65229 142430 0 -1.38472 0.276281 0
40.9303 31.298 1.61669 0.8606 0.869757 1.74174 155269 0 -2.73436 0.2714 1
13.9862 73.5424 2.10987 1.76156 3.99951 1.39318 216961 0 -1.5467 0.270835 0
73.1773 -8.84431 0.879195 1.78098 3.93594 1.50565 96870 0 -1.57142 0.27032 0
18.3591 28.8893 1.41265 2.01955 4.70838 1.49129 151923 0 1.58463 0.269839 0
-42.4955 5.65758 -0.242321 1.6487 3.51564 1.41568 117569 0 1.82983 0.269423 0
-34.7429 30.2662 0.495852 1.91309 4.31021 1.47782 153629 0 -1.38926 0.269142 0
31.2407 39.1062 1.85713 2.00567 4.58926 1.55279 166939 0 -1.5084 0.269067 0
-67.4002 11.321 -0.668752 1.91534 4.23712 1.51078 125915 0 -1.09885 0.268954 0
-4.0011 64.7877 2.4514 2.04641 4.52587 1.66319 204269 0 -1.47627 0.268724 0
-35.3407 30.5154 0.420655 1.91189 4.35468 1.49736 154095 0 1.86729 0.267898 0
-38.8109 29.0669 0.553027 0.830637 0.959802 1.8054 151744 0 -1.64557 0.267372 1
53.9376 8.20709 0.942418 1.84538 4.29059 1.51312 121614 0 1.70279 0.267332 0
-64.1219 6.67805 -0.500097 2.28223 5.00422 1.81426 118905 0 -1.28299 0.266383 0
73.4399 -9.70811 0.859378 2.03117 4.56175 1.64415 95467 0 -1.48135 0.263783 0
33.4181 57.019 1.90304 2.07022 4.58283 1.58023 193154 0 -1.53471 0.26372 0
-61.6847 11.6462 -0.449778 1.65447 3.51179 1.45795 126401 0 -1.21802 0.263378 0
-0.151161 25.8897 1.34318 2.01284 4.60747 1.50599 147185 0 1.5534 0.262748 0
19.0629 40.5778 1.96174 1.99663 4.65533 1.50996 168773 0 1.61538 0.262123 0
19.6304 46.7965 2.10871 2.15484 4.87224 1.65149 178135 0 1.5627 0.261369 0
-20.2335 35.4364 1.18712 2.05497 4.61408 1.50757 161162 0 -1.10904 0.259928 0
50.7146 37.6248 1.78492 1.8304 4.20589 1.46776 164660 0 -1.5374 0.259771 0
-33.8 33.1292 0.803142 2.13456 4.79104 1.56802 157844 0 1.96931 0.257927 0
51.0549 47.5051 2.00549 2.04662 4.51632 1.63033 179169 0 0.338226 0.257908 0
-0.784409 19.7901 1.23809 2.06055 4.85119 1.61514 138291 0 1.69676 0.25507 0
49.4398 19.7402 1.46832 1.98997 4.47239 1.54458 138448 0 -1.45253 0.254988 0
-47.1824 51.6952 0.917282 2.14205 4.87234 1.67622 184946 0 1.8365 0.25298 0
-32.7218 42.3603 1.12061 2.27488 5.52206 1.86045 171419 0 1.86717 0.252148 0
-5.26727 49.1767 1.9838 2.03327 4.63818 1.63971 181333 0 -1.48 0.252055 0
14.0511 -4.69747 0.651822 0.715587 0.780119 1.33033 102769 0 -1.77085 0.251263 1
-5.27221 68.269 2.60485 2.03042 4.59926 1.58987 209413 0 -1.4668 0.249162 0
-27.0857 17.9924 0.563465 2.11701 4.78079 1.7562 135869 0 1.78398 0.249074 0
-31.5771 41.8374 1.10284 1.7528 3.79757 1.58402 170487 0 1.8618 0.249042 0
18.1356 31.6318 1.39978 2.01269 4.60056 1.52658 155666 0 1.58649 0.247643 0
46.5272 -27.9647 0.0603583 2.01028 4.56017 1.70297 68707 0 -1.41619 0.247225 0
31.4412 18.9443 1.07711 1.98291 4.63813 1.46458 137456 0 -1.52059 0.246923 0
2.06488 55.7452 2.28269 2.35583 5.27272 1.95617 191184 0 -1.54415 0.24641 0
-40.7612 30.2345 0.622967 2.09579 4.74703 1.69737 153610 0 1.97112 0.245905 0
37.844 35.0168 1.55157 0.889319 1.35109 1.63839 160876 0 1.67673 0.244916 1
53.6 28.9353 1.60364 1.96806 4.3899 1.54007 152033 0 1.59479 0.244044 0
44.0013 55.2165 2.41052 2.00338 4.51398 1.61461 190379 0 -2.72932 0.243783 0
-46.6118 12.0233 -0.504009 1.76916 3.88825 1.54024 126916 0 -1.24455 0.243287 0
49.723 20.5975 1.59115 2.16782 4.90933 1.67038 139853 0 -1.55531 0.2427 0
2.68967 55.4801 2.22985 2.20873 4.64452 1.88317 190718 0 1.51341 0.242685 0
-44.6028 23.433 0.24438 2.10912 4.66233 1.64869 143770 0 -1.25912 0.24266 0
49.4076 23.7671 1.24893 1.93575 4.49266 1.51479 144532 0 -1.38814 0.240606 0
31.2368 45.1947 1.96673 2.07916 4.80764 1.53778 175831 0 -1.55357 0.240565 0
1.69936 52.0663 1.88394 1.91611 4.27646 1.5807 185567 0 -1.72604 0.240129 0
50.3977 37.8955 1.76044 1.86369 4.21495 1.46184 165127 0 -1.4945 0.239724 0
14.6345 67.4602 2.27875 1.83587 3.99362 1.56332 208071 0 -1.55173 0.239689 0
36.697 44.6521 1.8362 1.91276 4.32247 1.51714 174912 0 1.58206 0.239624 0
1.46677 52.8839 1.98818 1.99355 4.57978 1.6393 186970 0 -1.55961 0.239372 0
21.2826 54.9179 2.18925 2.00563 4.46955 1.6267 189840 0 1.64504 0.239311 0
-20.036 35.897 1.2002 2.06838 4.61375 1.51253 162099 0 -1.11155 0.239264 0
50.0665 23.5056 1.37424 1.92274 4.35093 1.49715 144066 0 -1.42448 0.238207 0
16.7548 -3.246 0.775841 0.77696 0.871069 1.54225 104650 0 0.132546 0.237242 1
50.3924 23.2077 1.42147 1.95297 4.40996 1.49511 143599 0 -1.38921 0.235495 0
54.8747 14.5456 0.974258 2.06247 4.68558 1.58993 130977 0 1.59815 0.234407 0
21.2603 58.1317 2.36413 2.10652 4.55556 1.71154 194520 0 1.53378 0.234241 0
31.5671 54.1619 1.76428 1.98351 4.50992 1.45963 188936 0 -1.57496 0.233456 0
15.1775 70.3192 2.29843 2.08337 4.73864 1.69155 212285 0 -1.55003 0.233121 0
-25.0967 22.4667 0.58225 2.09834 4.60844 1.5681 142427 0 -1.36741 0.233118 0
-5.90932 29.2289 1.45986 2.14662 4.88178 1.61709 152315 0 -1.47006 0.232656 0
45.9265 -30.5743 -0.173155 1.94857 4.33789 1.62164 64961 0 -1.34416 0.23254 0
14.1302 -3.06764 0.78698 0.786683 0.867436 1.68461 105110 0 -0.916778 0.231961 1
-3.68619 64.5046 2.44783 2.01007 4.48836 1.6157 203802 0 -1.45246 0.230967 0
51.325 47.2272 1.97159 2.10672 4.64057 1.64005 178702 0 0.371567 0.230834 0
13.0401 43.7482 1.72477 1.90205 4.15309 1.60193 173434 0 -1.50589 0.230206 0
42.3861 55.2155 2.36071 1.98898 4.39595 1.62535 190374 0 2.61226 0.23012 0
-42.6874 9.66368 -0.258527 2.00658 4.43715 1.6537 123652 0 1.84612 0.229677 0
49.7711 23.2368 1.26293 1.86786 4.23242 1.48945 143597 0 -1.35832 0.229664 0
52.9602 49.1246 2.06245 2.00388 4.49604 1.65706 181515 0 -1.48976 0.229229 0
15.1536 -4.13795 0.66434 0.643292 0.726065 1.12463 103709 0 0.438986 0.22912 1
14.9316 -4.10727 0.735263 0.686227 0.775368 1.24729 103708 0 -0.199112 0.228982 1
74.303 -5.63229 0.989323 2.41746 5.86894 1.93185 101554 0 -1.52168 0.228962 0
-5.87717 44.0896 1.96829 2.17549 5.01158 1.74958 173843 0 -1.41282 0.228409 0
48.5033 23.8019 1.13631 1.95482 4.48421 1.53415 144529 0 -1.41378 0.228373 0
15.431 67.9086 2.24359 2.33954 5.41817 1.91017 209010 0 -1.5966 0.227423 0
51.6617 46.8638 1.94121 2.1244 4.73371 1.64104 178235 0 -1.12659 0.227348 0
0.850082 70.2431 3.47688 2.42323 5.6732 2.06417 212240 0 3.05143 0.227084 0
-6.85895 26.1619 1.57002 2.11817 4.92429 1.71734 147632 0 1.28384 0.223994 0
12.0838 29.2117 1.38998 1.86132 4.26284 1.46672 152371 0 0.70803 0.223686 0
-5.00763 40.5863 1.69088 1.95825 4.46671 1.49394 168698 0 -1.51087 0.222807 0
-47.4854 12.5772 -0.465134 2.097 4.67109 1.59394 127849 0 -1.25889 0.222333 0
1.17701 52.0632 2.01079 2.12334 4.96315 1.7512 185565 0 2.2927 0.221664 0
30.6031 21.3712 1.21055 1.60218 3.6566 1.31811 140729 0 -1.48594 0.221273 0
-36.9825 22.1861 0.313094 2.04856 4.61111 1.74275 141922 0 1.79666 0.220508 0
-6.22232 22.9419 1.33916 1.97756 4.57892 1.4976 142954 0 -1.54071 0.220477 0
-19.6063 38.2988 0.907033 1.95801 4.43889 1.47074 165376 0 -1.16161 0.220206 0
-5.58218 49.7141 1.95999 2.15909 4.99845 1.78321 182268 0 -1.55214 0.219841 0
-42.6499 9.19952 -0.267202 2.07009 4.55194 1.6367 122716 0 1.82352 0.219392 0
-4.03248 49.4567 1.93369 2.01713 4.6203 1.63091 181805 0 -1.49665 0.218836 0
55.8053 34.3501 1.6827 2.17776 5.06988 1.74186 159996 0 1.63516 0.218306 0
55.2011 15.5054 1.0051 1.97201 4.43036 1.6093 132382 0 1.62114 0.21784 0
14.1798 -4.81619 0.621711 0.688173 0.725584 1.21455 102302 0 -1.55295 0.217587 1
38.2143 44.3963 1.98671 1.91263 4.3826 1.50675 174449 0 1.626 0.217329 0
-4.33736 49.1844 1.93013 2.00696 4.5217 1.61078 181336 0 -1.44923 0.21683 0
18.1282 32.0566 1.39004 2.06016 4.71172 1.53971 156602 0 1.64388 0.215007 0
38.5403 44.623 2.08405 2.00201 4.49374 1.57091 174918 0 1.61199 0.214473 0
-44.5945 20.1299 -0.0833238 2.0957 4.65108 1.612 138622 0 -1.32962 0.214109 0
14.5473 -4.31935 0.745279 0.72348 0.848077 1.41217 103239 0 -1.30385 0.213635 1
14.1591 -3.79633 0.925654 0.845105 0.904798 1.86264 104174 0 -1.21113 0.213351 1
14.9276 64.2754 2.15217 2.09368 4.7668 1.6122 203392 0 -1.45376 0.213036 0
12.0685 29.0379 1.39671 1.81459 4.14471 1.47257 151903 0 1.34304 0.212973 0
-4.33387 65.0693 2.47307 2.20336 5.03274 1.76425 204736 0 -1.52307 0.212915 0
-38.6508 29.0735 0.538965 0.841239 0.937306 1.78099 151745 0 -1.35357 0.212326 1
1.36031 43.9244 1.63954 1.88903 4.17414 1.4779 173866 0 1.66634 0.212187 0
0.846497 55.2449 2.46468 2.54292 6.47355 2.2396 190244 0 -1.65449 0.212061 0
32.1174 -6.45594 0.751311 0.83953 0.86081 1.64514 100018 0 0.894119 0.21166 1
-34.7425 30.4848 0.46602 1.90947 4.35816 1.47722 154097 0 -1.94023 0.211642 0
43.6878 55.4999 2.47211 2.06199 4.66404 1.65998 190846 0 -2.88396 0.211471 0
-29.5697 9.65743 -0.0553524 2.05663 4.59151 1.51991 123693 0 1.83427 0.210363 0
-18.6419 23.1105 0.84381 2.21244 5.15883 1.67682 143383 0 1.71753 0.209992 0
-35.6731 34.0371 0.65623 2.03313 4.57469 1.59029 159242 0 2.0255 0.209568 0
50.0973 22.9156 1.36476 1.89735 4.26579 1.47686 143130 0 -1.3106 0.208365 0
51.7203 45.9326 1.86913 1.92856 4.37008 1.5185 176831 0 -1.37881 0.207907 0
-46.9221 51.9889 0.869917 2.00456 4.49548 1.59011 185415 0 1.91588 0.207861 0
-46.3029 15.0918 -0.290897 1.9945 4.3425 1.6336 131597 0 -1.25213 0.207852 0
-25.3831 22.3037 0.58499 2.0749 4.61173 1.56147 141958 0 1.52221 0.206137 0
7.54686 -5.85322 0.472256 0.769162 0.929245 1.04974 100877 0 -1.47819 0.205919 1
42.6997 55.5034 2.41582 2.04793 4.55264 1.65677 190843 0 2.90077 0.205646 0
32.3242 -6.21082 0.786932 0.900927 0.920026 1.68491 100487 0 -1.57098 0.20539 1
-5.0328 31.8285 1.59758 2.02772 4.8203 1.60107 156062 0 -1.48019 0.204734 0
69.1948 2.6336 0.84662 0.812525 0.878916 1.73748 113706 0 -1.50562 0.203982 1
30.8782 -6.66903 0.781972 0.794455 0.903128 1.4969 100014 0 -1.44686 0.203889 1
39.5135 53.5923 1.9043 1.99574 4.5493 1.60721 188025 0 1.88231 0.203414 0
51.3864 38.1955 1.78415 1.91381 4.22578 1.51868 165598 0 -1.61031 0.203033 0
69.9241 11.6692 1.34828 1.97805 4.38141 1.6004 126812 0 -1.39633 0.202899 0
-29.3053 9.63669 -0.0237612 2.04123 4.52008 1.50441 123694 0 -3.05294 0.202547 0
51.9691 37.6536 1.7531 2.06357 4.62303 1.6344 164664 0 -1.5563 0.202519 0
51.3611 46.9005 1.94565 2.00508 4.42456 1.56946 178234 0 -0.221317 0.201779 0
-4.72211 44.0992 1.96688 2.06125 4.764 1.78453 173847 0 -1.57536 0.201779 0
0.703972 31.6177 1.73201 1.89777 4.06216 1.81586 155612 0 1.6372 0.201226 0
39.5293 35.0481 1.79655 1.98089 4.38894 1.64253 160881 0 1.69144 0.200356 0
30.6881 -6.86954 0.804414 0.78282 0.887917 1.49701 99545 0 -1.42762 0.200228 1
12.857 -6.05772 0.787679 0.89865 0.954097 1.76959 100894 0 1.63724 0.199834 1
72.8585 -9.14822 0.866517 1.50193 3.14951 1.4452 96401 0 -1.56608 0.199479 0
-39.5873 16.904 0.139548 1.72056 3.61447 1.67453 133958 0 1.7582 0.199375 0
-3.3724 55.836 2.00647 2.02404 4.5582 1.57983 191167 0 -1.57857 0.198878 0
48.5138 20.3635 1.3755 2.08035 4.70856 1.65299 139381 0 1.58496 0.198875 0
-40.4917 30.524 0.689038 1.99662 4.48121 1.61018 154079 0 2.04863 0.198112 0
30.6336 38.9689 1.74764 1.88666 4.355 1.53655 166469 0 1.61203 0.197661 0
21.2664 58.6731 2.41294 2.13024 4.65986 1.77179 195456 0 1.50727 0.197645 0
33.6923 56.5701 1.86466 2.00704 4.53247 1.57246 192219 0 -1.41596 0.196675 0
31.5832 38.6636 1.82166 1.74122 3.92436 1.53648 166004 0 -1.46724 0.196519 0
-4.63 64.5122 2.54054 2.09212 4.73437 1.74042 203799 0 -1.5034 0.196383 0
55.5123 15.229 0.984593 2.0315 4.59583 1.65487 131915 0 1.61679 0.196201 0
49.1099 23.2336 1.109 1.8149 4.29381 1.47021 143595 0 -1.39904 0.196101 0
37.2616 17.8601 1.07441 1.936 4.49818 1.43043 135602 0 1.64247 0.195983 0
-4.65836 68.0688 2.51726 1.85805 4.31912 1.55235 208947 0 -1.46141 0.194904 0
32.4151 45.2063 1.89616 2.09507 4.81032 1.58532 175835 0 -1.57641 0.19484 0
52.6706 49.4265 2.05527 1.90687 4.22166 1.57848 181982 0 -1.56563 0.194783 0
36.997 44.3837 1.80078 1.86557 4.22037 1.49477 174445 0 1.58635 0.193771 0
14.3412 58.4198 1.99414 1.68733 3.74464 1.38279 194966 0 -1.43269 0.193512 0
-4.0836 58.7879 2.17687 2.04278 4.76391 1.7286 195377 0 -1.557 0.192667 0
44.2992 54.9175 2.3839 1.96795 4.40358 1.60253 189912 0 -2.4933 0.192588 0
55.1955 14.8875 0.993003 2.0301 4.60283 1.61637 131446 0 1.59259 0.192342 0
-45.8527 17.5482 -0.0846112 2.09866 4.72614 1.69847 134874 0 -1.26978 0.192152 0
-26.4216 17.4318 0.564527 2.13949 4.90415 1.73527 134935 0 1.30145 0.191944 0
47.9603 8.48553 1.01688 1.8025 3.72244 1.55731 122063 0 -1.49278 0.191819 0
29.9041 6.54131 1.0213 0.787485 0.881126 1.72715 119199 0 1.67728 0.191196 1
14.8801 52.605 1.99151 2.05646 4.6406 1.61412 186544 0 -1.53929 0.191186 0
39.2077 35.3411 1.78305 1.94002 4.31502 1.62398 161348 0 1.68166 0.190608 0
14.8724 71.1191 2.23213 1.9983 4.49807 1.58365 213688 0 -1.62224 0.189745 0
-54.4526 47.8815 0.685995 2.27943 5.52791 1.80677 179307 0 -1.13076 0.189479 0
19.9807 40.5872 2.01436 1.93041 4.28494 1.48286 168776 0 1.62325 0.189282 0
51.9762 45.6109 1.8628 2.13938 4.89376 1.67044 176364 0 -1.25994 0.189253 0
54.893 13.9961 1.08765 2.02806 4.54183 1.56082 130041 0 1.65086 0.189108 0
30.3143 21.817 1.19354 2.04188 4.70552 1.4334 141664 0 -1.52123 0.188782 0
14.2145 -4.28803 0.812358 0.798685 0.887656 1.69883 103238 0 -1.61612 0.188512 1
21.2868 67.0538 2.36764 2.04129 4.53204 1.66344 207624 0 1.66874 0.187839 0
14.4797 -4.63818 0.665517 0.719391 0.798902 1.23501 102771 0 -1.60024 0.187483 1
14.5093 -4.00369 0.878342 0.779494 0.859991 1.68685 103707 0 -0.989634 0.18731 1
51.3303 47.7865 1.98584 2.19692 5.02231 1.77361 179638 0 -3.02443 0.186944 0
-5.25922 58.8044 2.23671 1.83351 4.17468 1.55163 195373 0 1.60774 0.186827 0
50.0192 20.0233 1.53457 2.23238 5.22368 1.7426 138918 0 -1.4345 0.186625 0
-47.1249 56.4734 0.695484 2.11914 4.89322 1.59296 191966 0 -1.24951 0.186264 0
-4.33811 50.0381 1.96067 2.00821 4.47859 1.60939 182740 0 -1.62718 0.186202 0
-48.5602 4.39002 -0.437899 1.80927 3.7245 1.51439 115678 0 -1.32681 0.185478 0
52.2755 46.5336 1.906 2.30453 5.45518 1.81968 177769 0 -1.58459 0.185139 0
50.6877 23.5106 1.46287 2.01101 4.49569 1.51295 144068 0 -1.51892 0.185077 0
15.1599 -4.50893 0.637292 0.667865 0.746652 1.08343 102773 0 0.38645 0.184786 1
51.3855 46.5773 1.89583 1.8788 4.12674 1.48897 177766 0 -1.28036 0.184559 0
-18.4276 37.9335 0.948898 2.15376 5.05955 1.65461 164912 0 1.46172 0.184432 0
7.55495 -5.70707 0.45983 0.733579 0.873696 1.00663 101345 0 -1.51702 0.184011 1
-16.3842 -14.3799 0.368329 0.914875 1.05798 1.65375 88634 0 -2.20387 0.183995 1
15.4011 -4.30655 0.659013 0.669487 0.719955 1.1361 103242 0 -0.676792 0.183773 1
50.7118 37.3468 1.75548 1.77379 3.96095 1.46015 164192 0 -1.50946 0.183628 0
69.2843 11.6793 1.23792 2.08153 4.69054 1.637 126810 0 -1.35683 0.183233 0
-4.3588 59.2536 2.22152 2.17572 4.88797 1.70109 196312 0 -1.57012 0.183018 0
32.2347 56.8254 1.91512 1.96222 4.4745 1.51633 192682 0 -1.42723 0.18275 0
-42.7778 6.13422 -0.283186 1.8682 4.15676 1.47367 118504 0 1.90481 0.182555 0
51.9629 46.8322 1.94332 2.25216 5.17217 1.74398 178236 0 -1.52823 0.182072 0
15.4052 64.5289 2.13016 2.28036 5.34036 1.7537 203862 0 -1.51826 0.181754 0
33.4169 54.1825 1.92172 2.03228 4.58091 1.5425 188942 0 -1.5696 0.181423 0
-6.85578 29.2853 1.48608 2.15811 4.9429 1.66084 152312 0 -1.5026 0.18053 0
-5.87716 44.5379 2.03271 2.35077 5.42904 1.82219 174779 0 -1.47625 0.180303 0
26.5274 5.15603 1.02053 0.898434 1.05358 1.76553 117316 0 0.0333799 0.179999 1
-38.6248 29.4968 0.56824 0.813335 1.00347 1.75705 152681 0 -0.20518 0.17988 1
52.6712 48.8158 2.04318 1.92485 4.27523 1.58234 181046 0 -1.35812 0.17976 0
-61.9256 11.1034 -0.473022 1.6656 3.54054 1.48933 125464 0 -1.24282 0.179629 0
21.5999 54.588 2.21259 2.03568 4.48415 1.68053 189373 0 1.67678 0.179623 0
50.7177 38.1878 1.807 1.91608 4.2933 1.49616 165596 0 -1.5308 0.179378 0
4.44729 40.0542 1.79511 0.880858 0.80766 1.75374 168259 0 -0.0313871 0.179364 1
37.2851 44.8573 1.95065 2.028 4.49506 1.54997 175382 0 1.61402 0.179194 0
52.28 45.9341 1.89022 2.28717 5.42006 1.7987 176833 0 -1.32588 0.179117 0
-22.5821 -9.37484 1.04996 0.765182 0.801149 1.76179 95635 0 1.34613 0.178937 1
-7.15339 31.918 1.68332 2.03712 4.58793 1.64358 156055 0 1.58533 0.178675 0
42.1117 54.9304 2.32722 1.93234 4.26034 1.59039 189905 0 2.34728 0.178657 0
20.961 52.3299 2.42649 2.22871 5.12586 1.92629 186095 0 1.54947 0.178294 0
0.0742569 26.6106 1.28606 1.91714 4.31921 1.47637 148590 0 1.6714 0.178288 0
-6.53915 26.285 1.58078 2.19412 4.81395 1.64224 148101 0 -1.50644 0.177808 0
14.0007 73.9727 2.17009 1.96377 4.26749 1.46555 217897 0 -1.58205 0.177642 0
-2.7926 37.6269 2.65803 0.911451 0.932357 1.70752 164493 0 -0.153335 0.177579 1
-3.68396 55.557 2.04442 2.01967 4.52999 1.59228 190698 0 -1.62518 0.177345 0
20.9851 55.786 2.24023 1.95181 4.25222 1.56854 191243 0 1.55893 0.177158 0
30.6073 44.9759 1.92114 1.96533 4.5084 1.51987 175361 0 1.57214 0.177015 0
1.47272 54.964 2.2419 2.33675 5.73744 2.02311 189778 0 -1.73826 0.176412 0
32.1383 44.3809 1.81549 1.84085 4.12077 1.50045 174430 0 -1.47139 0.176179 0
51.6277 47.1832 1.94752 2.22361 4.99568 1.71124 178703 0 -0.42378 0.176172 0
-3.98846 64.1923 2.50837 1.98126 4.37498 1.63033 203333 0 -1.39611 0.175965 0
54.8091 5.49265 1.04747 2.13936 5.19366 1.89106 117873 0 1.63407 0.175963 0
48.4973 20.5705 1.45433 2.16929 4.87268 1.68958 139849 0 2.27216 0.175729 0
59.3181 14.533 1.33615 0.792626 0.719117 1.72279 130991 0 -1.60086 0.175647 1
-43.1144 22.8774 0.1285 2.04605 4.62036 1.7596 142839 0 -1.26338 0.175647 0
-37.5902 22.0319 0.246543 2.01754 4.42968 1.77453 141452 0 1.7488 0.175498 0
-35.9983 30.8749 0.53146 1.90181 4.2224 1.49693 154561 0 1.90079 0.17536 0
39.2131 53.3115 1.84399 1.95391 4.44941 1.5423 187556 0 1.70582 0.175165 0
43.0335 55.514 2.43415 2.02686 4.5267 1.64632 190844 0 3.12404 0.174862 0
0.824905 70.8552 3.62918 2.36843 5.62673 2.10875 213176 0 2.75994 0.174753 0
52.9517 49.7358 2.09843 2.03967 4.5917 1.68179 182451 0 -1.62592 0.174629 0
-35.9728 30.5644 0.444915 1.89982 4.27774 1.47882 154093 0 1.68957 0.174409 0
-48.7408 6.9735 -0.370257 2.16914 4.83916 1.72835 119421 0 -1.31674 0.174409 0
15.453 70.83 2.26552 2.2241 5.14639 1.79105 213222 0 -1.59303 0.173299 0
-0.105675 29.4861 1.4685 2.21941 5.1774 1.72907 152801 0 1.70012 0.17303 0
-30.8 6.88332 -0.015326 2.05824 4.53624 1.56437 119477 0 -1.34839 0.172618 0
49.1173 22.9208 1.1287 1.57863 3.45503 1.4652 143127 0 -1.41099 0.17168 0
-3.06468 64.7752 2.42096 2.11895 4.86278 1.68261 204272 0 -1.4854 0.170691 0
14.1523 -3.29105 0.854796 0.811628 0.895968 1.75297 104642 0 -0.84225 0.170595 1
17.1933 28.876 1.355 1.99402 4.6089 1.49701 151919 0 1.60881 0.170297 0
51.0638 47.7618 1.98311 2.11226 4.79183 1.71912 179637 0 2.94275 0.170198 0
-26.4039 17.1881 0.552079 2.1357 4.81279 1.7406 134467 0 -0.680629 0.169395 0
12.9592 31.9735 1.39814 2.00772 4.89119 1.53951 156118 0 -1.41621 0.169356 0
14.9426 -4.51979 0.678561 0.675353 0.759359 1.05912 102772 0 -0.841226 0.169348 1
43.3741 55.2302 2.34857 1.97467 4.37192 1.60363 190377 0 -2.95673 0.169261 0
14.9624 55.0141 2.09953 1.81236 3.99327 1.55444 189820 0 -1.46725 0.169069 0
49.436 22.9098 1.20093 1.87065 4.37184 1.47455 143128 0 -1.36627 0.168642 0
-4.93542 64.8185 2.54462 2.2911 5.37221 1.89315 204266 0 -1.53149 0.168109 0
-36.319 34.3844 0.698633 2.06979 4.64284 1.61341 159708 0 2.08761 0.167514 0
1.08797 43.1317 1.64846 1.96902 4.37731 1.51754 172461 0 1.49703 0.167482 0
49.4642 20.8825 1.60556 2.11917 4.71266 1.65128 140320 0 -1.6051 0.167453 0
50.4091 23.7944 1.46906 1.97435 4.42026 1.50027 144535 0 -1.55412 0.167223 0
-46.5738 52.6453 0.810973 1.9829 4.46967 1.57505 186352 0 2.0057 0.166755 0
-20.5896 35.9591 1.33285 2.06166 4.58969 1.55151 162097 0 -1.1055 0.166706 0
12.4214 32.2367 1.47007 1.70488 3.7129 1.4232 156584 0 -1.47569 0.166381 0
-34.0396 32.8784 0.790859 2.00542 4.47745 1.51994 157375 0 2.05693 0.166347 0
-6.89265 26.2945 1.57725 2.27711 5.17595 1.71127 148100 0 -0.577273 0.166261 0
38.91 53.5906 1.91568 1.95985 4.47343 1.56223 188023 0 1.66546 0.16616 0
53.2209 49.4192 2.117 2.16346 4.90065 1.7805 181984 0 -1.60091 0.16603 0
48.1875 23.5606 1.12972 1.96183 4.50768 1.5521 144060 0 -1.46793 0.166023 0
31.7663 -6.87253 0.623594 0.696422 0.752696 1.24682 99549 0 -0.174841 0.165779 1
31.8288 -6.55127 0.712906 0.799352 0.889323 1.46102 100017 0 1.3175 0.165643 1
39.5148 53.8745 1.93243 2.00739 4.51682 1.61275 188493 0 2.2939 0.16561 0
54.5884 15.2091 0.934671 1.96663 4.5169 1.59052 131912 0 1.58591 0.165575 0
0.685081 28.9811 1.37634 1.68761 3.6268 1.47273 151868 0 1.64473 0.16544 0
-68.3832 4.9765 -0.633697 1.64994 3.3138 1.60302 116552 0 1.98846 0.165327 0
-20.3058 38.8599 1.14519 2.04874 4.53541 1.57314 166310 0 -1.19506 0.164811 0
70.2245 11.9914 1.37178 2.0281 4.53467 1.63249 127281 0 -1.53658 0.164638 0
37.8568 34.7884 1.57079 0.898725 1.49288 1.61774 160408 0 0.507505 0.164318 1
18.1596 40.822 1.81042 1.98448 4.68199 1.49606 169238 0 1.6012 0.163987 0
-17.1714 22.8516 0.828479 2.03526 4.47611 1.61587 142920 0 -1.55316 0.163939 0
20.9625 67.3422 2.37671 1.98228 4.44826 1.63698 208091 0 1.74045 0.16388 0
-40.9092 11.8759 -0.160199 1.70771 3.67376 1.4391 126934 0 1.84401 0.163826 0
68.9577 11.381 1.21229 2.03513 4.55397 1.61068 126341 0 -1.08618 0.163496 0
22.5597 66.7549 2.38127 2.06466 4.67437 1.66447 207160 0 1.58241 0.163342 0
69.6034 11.9709 1.33293 1.97035 4.40757 1.60047 127279 0 -1.45418 0.16333 0
53.345 8.22704 0.980108 1.66305 3.81748 1.47194 121612 0 1.71173 0.163197 0
-53.9056 47.2981 0.602752 1.83215 4.10692 1.49872 178373 0 -1.19242 0.163189 0
54.5506 28.9428 1.68353 2.12019 4.82119 1.67959 152036 0 -1.5682 0.162898 0
-64.7381 7.14777 -0.500389 2.24713 5.13459 1.77338 119839 0 -1.2792 0.162858 0
-18.0642 37.6561 1.15517 2.17921 5.03233 1.71319 164445 0 1.71771 0.162715 0
-35.3722 30.8222 0.489711 1.95427 4.41438 1.51407 154563 0 2.0735 0.162681 0
-34.7111 30.0024 0.473756 1.96152 4.38342 1.47536 153161 0 -0.959558 0.162342 0
68.6473 11.6688 1.16808 1.99219 4.45654 1.56862 126808 0 -1.29381 0.162265 0
