44.3092 -6.90649 1.43312 2.92758 7.86141 3.18676 99588 0 1.62955 0.960975 0
18.3814 11.7298 1.02912 2.11625 4.84131 1.53874 126651 0 1.64059 0.949093 0
-13.9332 4.09037 0.697584 2.04673 4.7781 1.48761 115318 0 -2.68252 0.946437 0
10.6607 12.7334 1.20134 2.24809 5.18759 1.89504 128031 0 -1.57066 0.932677 0
-6.80402 11.3291 0.97047 1.99556 4.59471 1.47877 126104 0 -1.49293 0.9313 0
-1.86323 11.0604 1.18387 2.09911 4.50703 1.86835 125652 0 1.6297 0.928352 0
-0.848557 17.0999 1.3616 2.08666 4.73984 1.83317 134547 0 1.64361 0.921734 0
30.876 9.34538 1.15464 2.02682 4.49971 1.72688 123414 0 -1.46816 0.921066 0
36.0718 9.06934 1.03796 2.00796 4.57076 1.52917 122962 0 1.66968 0.90471 0
-20.6348 32.7337 1.17812 2.42951 5.56889 1.80539 157417 0 -1.19261 0.899985 0
-44.6407 -11.1073 -0.787447 2.05596 4.49444 1.70941 93226 0 0.0139647 0.89638 0
-41.1816 -5.03226 -0.580481 2.07947 4.41963 1.59484 102129 0 -1.57979 0.888472 0
-42.1063 -11.6692 -0.769681 1.9977 4.3785 1.60649 92298 0 0.0513083 0.878093 0
-18.7353 19.7476 0.997647 2.13574 4.68621 1.97505 138235 0 1.71 0.875693 0
-6.53575 17.4752 1.0792 2.08281 4.83456 1.55209 134997 0 -1.52731 0.875103 0
10.6803 15.8248 1.25216 2.21476 5.09404 1.85819 132711 0 -1.54142 0.87318 0
-18.9939 11.4781 0.816868 1.98746 4.53063 1.74624 126066 0 1.68759 0.870082 0
48.4361 8.53183 0.977011 2.0325 4.68485 1.63631 122065 0 -1.47674 0.866238 0
48.7372 5.70891 1.09747 2.17288 5.1082 1.85519 117854 0 -1.47613 0.865489 0
31.1951 30.9225 1.37606 2.1168 4.83758 1.51482 154771 0 1.58572 0.864248 0
11.3657 19.3822 1.16154 1.97386 4.5689 1.50672 137861 0 -1.6207 0.859057 0
13.2838 41.1292 1.90846 2.10298 4.8584 1.88743 169691 0 -1.52723 0.85429 0
17.376 22.835 1.46995 2.10975 4.96734 1.71176 143028 0 1.61836 0.853623 0
11.7218 22.3039 1.41531 1.92459 4.33353 1.70216 142074 0 -1.53623 0.84996 0
-0.409668 22.9013 1.44576 2.17372 5.07748 1.83352 142972 0 -1.469 0.84957 0
-42.9682 5.89279 -0.30144 1.87569 4.16806 1.47727 118035 0 1.87035 0.846044 0
30.6168 15.9378 1.29008 1.99308 4.42982 1.70258 132773 0 -1.51383 0.842338 0
-18.4094 13.9868 0.832899 2.09247 4.75128 1.82601 129812 0 1.74278 0.8381 0
0.156868 31.7592 1.74659 2.24045 5.12177 1.89502 156078 0 1.63852 0.83524 0
18.4983 15.4075 1.23499 2.18893 4.69282 1.72699 132267 0 1.62017 0.834938 0
17.7064 19.99 1.20027 2.05717 4.8476 1.48311 138817 0 1.6316 0.834823 0
-6.55336 20.2775 1.19943 2.10999 4.94996 1.45229 139209 0 -1.53576 0.829817 0
26.6322 4.54595 1.09132 0.896901 1.04345 1.83503 116381 0 0.17228 0.825523 1
23.3244 11.0941 1.02206 1.93052 4.37885 1.52123 125730 0 0.05157 0.820725 0
12.4118 -6.21078 0.78523 0.924696 0.984804 1.78369 100424 0 1.74691 0.820692 1
13.8965 38.1608 1.71103 2.08357 4.82985 1.58827 165481 0 -1.5318 0.815256 0
32.4446 -6.19421 0.795823 0.953338 0.911686 1.67182 100487 0 -1.40258 0.811127 1
-36.5447 -11.6407 -0.690676 2.36484 5.32845 2.06132 92315 0 0.0398635 0.809835 0
0.164764 29.0162 1.39206 1.94705 4.46305 1.46213 151866 0 1.5971 0.809044 0
12.9525 32.2504 1.40952 2.06276 4.90158 1.49714 156586 0 -1.4667 0.80639 0
31.1687 27.4619 1.34027 2.14656 5.05696 1.47467 149623 0 1.63481 0.80178 0
11.4214 26.1138 1.32 1.90228 4.40077 1.49858 147689 0 -1.53539 0.799648 0
6.69423 29.2033 1.37192 2.05477 4.82465 1.60533 152354 0 0.0681699 0.791704 0
-6.25778 14.5009 1.01604 2.05157 4.73869 1.49976 130786 0 -1.48566 0.790559 0
-19.6073 7.96335 0.691188 1.94728 4.41021 1.54038 120916 0 1.61318 0.78704 0
31.153 12.2937 1.06644 1.9613 4.7667 1.50715 127627 0 1.63897 0.784665 0
36.3431 12.0741 1.21816 2.07146 4.8043 1.66989 127175 0 1.65461 0.781958 0
36.3347 15.2804 1.18503 1.99536 4.57822 1.51204 131855 0 1.6482 0.779974 0
-1.1871 14.1266 1.09757 1.92138 4.3134 1.57569 130334 0 1.70934 0.777375 0
-18.4643 16.8792 0.673153 1.82865 4.09684 1.49497 134024 0 1.71452 0.767327 0
17.4558 25.7149 1.57479 2.26972 5.42055 1.76164 147240 0 1.60324 0.762507 0
13.3304 43.9848 1.73933 1.98638 4.4245 1.63878 173903 0 -1.53449 0.761787 0
30.8627 21.6596 1.22757 1.89409 4.38983 1.38114 141198 0 -1.50779 0.753944 0
13.2939 46.9388 1.72313 1.95276 4.41944 1.49994 178115 0 -1.5298 0.749325 0
9.20709 -1.63355 0.900054 0.920489 1.03415 1.78468 106966 0 3.13518 0.734683 1
15.4775 55.2215 2.2496 2.10486 4.77525 1.79522 190290 0 -1.44754 0.73443 0
-0.129631 26.1442 1.32996 2.00631 4.64786 1.45639 147653 0 -1.46879 0.732186 0
-18.3658 22.8593 0.80876 2.07558 4.77915 1.58821 142916 0 1.60871 0.729223 0
-5.87426 26.1491 1.57509 2.07758 4.67127 1.6957 147635 0 -1.52371 0.725781 0
-44.3761 20.4004 0.0068934 1.93603 4.23059 1.5248 139091 0 -1.28205 0.719967 0
-49.119 4.40965 -0.32353 2.14259 4.72692 1.67923 115676 0 -1.36035 0.719304 0
-21.3114 29.9287 0.830456 2.07388 4.59566 1.47438 153203 0 -1.23987 0.717263 0
12.6401 29.231 1.39275 1.96843 4.61533 1.45931 152373 0 -1.51777 0.714819 0
14.9201 58.3674 2.02788 1.98983 4.51938 1.53172 194968 0 -1.38893 0.704982 0
50.6724 34.8228 1.71597 1.97024 4.60366 1.57615 160448 0 -1.55438 0.70479 0
-38.8705 19.7097 0.0156233 1.98629 4.69326 1.52387 138172 0 1.85084 0.703565 0
-40.1676 14.5508 -0.0351418 1.90183 4.26243 1.53839 130680 0 1.81897 0.693751 0
1.08044 43.67 1.62399 1.97543 4.50738 1.49537 173397 0 1.53137 0.691666 0
48.8591 11.5942 1.1733 1.9056 4.26414 1.67438 126746 0 -1.50726 0.684085 0
-27.7344 14.773 0.400619 2.09796 4.76996 1.81865 131187 0 1.82267 0.682311 0
-46.231 56.1255 0.783556 1.99777 4.49685 1.53058 191501 0 -1.27591 0.670985 0
-63.8347 6.97279 -0.506327 2.12912 4.56993 1.71536 119374 0 -1.25101 0.665313 0
19.0243 37.8774 1.79169 2.02909 4.58771 1.54864 165029 0 1.58726 0.664249 0
-47.5079 9.67333 -0.0584261 2.19308 5.00888 1.77265 123637 0 -1.28858 0.661916 0
31.832 38.9059 1.84498 1.93982 4.32638 1.56888 166473 0 -1.50783 0.653871 0
-61.3572 14.5816 -0.42276 2.01746 4.35008 1.7344 130614 0 -1.16493 0.65334 0
74.4697 -5.57397 1.0004 1.98501 4.26109 1.54154 101554 0 -1.50671 0.653154 0
5.40361 -4.40971 0.841175 0.887258 0.961654 1.73311 103210 0 1.64879 0.652509 1
31.5152 35.7558 1.63382 2.04941 4.75836 1.62919 161792 0 1.61823 0.651682 0
-5.31009 40.8183 1.705 2.00324 4.51615 1.47167 169165 0 -1.53717 0.651022 0
-56.4365 27.3344 0.157874 2.14851 4.84539 1.70676 149349 0 -1.22742 0.643937 0
14.9145 64.7804 2.21873 1.99029 4.48529 1.54043 204328 0 -1.57874 0.643481 0
14.567 73.749 2.23523 1.9913 4.48726 1.49966 217431 0 -1.55793 0.641715 0
-48.1335 7.13815 -0.455861 2.04391 4.60517 1.59891 119891 0 -1.29301 0.641468 0
0.0977478 26.3347 1.29628 1.84268 4.2185 1.4049 148122 0 -0.826855 0.634299 0
-39.8794 17.1534 0.174292 1.79315 3.80363 1.66626 134425 0 1.85529 0.628795 0
-41.1157 11.9682 -0.123792 1.94311 4.33288 1.53699 126933 0 1.82494 0.620302 0
-1.10102 20.0654 1.23981 2.05469 4.83489 1.55125 138758 0 1.71196 0.616689 0
-72.0843 -5.50723 -0.591896 0.90171 1.0017 1.93799 101096 0 -3.04414 0.60762 1
-53.9117 47.8135 0.61784 2.0133 4.47333 1.54097 179309 0 -1.10331 0.601397 0
15.1545 67.7304 2.28656 2.07068 4.67414 1.75089 208541 0 -1.5691 0.59771 0
54.2177 5.34368 1.12509 1.97707 4.81068 1.76252 117403 0 1.65398 0.594026 0
18.7313 31.8072 1.40874 2.11657 4.91044 1.52304 156136 0 1.5956 0.59307 0
-44.323 58.4219 1.12546 2.09051 4.42498 1.67145 194783 0 -1.34038 0.573803 0
36.927 26.8109 1.31768 2.05251 4.77784 1.51639 148705 0 1.65227 0.573101 0
36.3223 21.0502 1.39666 1.96895 4.50497 1.53931 140279 0 1.59867 0.572956 0
-5.9177 31.8946 1.69673 2.11448 4.81725 1.56506 156059 0 -1.532 0.572706 0
37.2735 30.1841 1.68417 2.51667 5.81779 1.94985 153854 0 -1.49179 0.571914 0
-62.2638 11.9461 -0.466978 2.0281 4.4826 1.60904 126867 0 1.964 0.568541 0
31.4543 -6.95664 0.781535 0.921832 1.51418 1.45479 99548 0 -1.36834 0.567509 1
-4.34711 58.7772 2.21601 1.9504 4.43047 1.62145 195376 0 -1.51665 0.565306 0
31.2817 -7.11552 0.807341 0.871721 1.40448 1.60327 99079 0 -1.3324 0.560917 1
32.4975 -6.01559 0.766361 0.873851 0.850233 1.65689 100955 0 -1.35321 0.5591 1
-45.908 18.0059 -0.00586811 2.0096 4.54103 1.5881 135810 0 -1.29769 0.553455 0
-73.3278 -4.56339 -0.826342 0.865127 0.927793 1.77588 102496 0 -2.72479 0.552473 1
2.08102 55.4869 2.30442 2.31091 5.19283 1.97812 190716 0 1.55055 0.55084 0
30.8709 18.7928 1.20506 1.91417 4.54809 1.45086 136986 0 -1.51526 0.548862 0
-46.5266 14.8813 -0.20088 2.00381 4.3119 1.59992 131128 0 -1.25255 0.539153 0
-68.9679 5.30238 -0.622186 1.91339 4.16342 1.66474 117018 0 1.98515 0.538734 0
-5.28191 44.265 2.0269 2.07404 4.61593 1.70987 174313 0 -1.50941 0.537484 0
-16.3793 -14.5684 0.415846 0.892427 0.981347 1.71301 88166 0 1.56673 0.535759 1
-44.0254 23.1186 0.226475 2.04164 4.57325 1.63844 143304 0 -1.25704 0.5299 0
-27.3823 17.7313 0.59442 2.1097 4.74422 1.77477 135400 0 1.78027 0.525723 0
-32.7856 39.2469 0.762065 1.94481 4.37682 1.47475 166739 0 1.94085 0.519392 0
-42.4049 9.4046 -0.271548 2.06958 4.5466 1.62902 123185 0 1.81649 0.516019 0
31.2547 -6.9847 0.804199 0.857525 1.16495 1.49508 99547 0 -1.32844 0.51386 1
15.1508 -4.28358 0.636861 0.632537 0.688571 0.965133 103241 0 -1.64558 0.511425 1
19.3501 40.7987 1.94992 2.00744 4.6558 1.50003 169242 0 1.60728 0.496632 0
19.0293 46.5642 2.10759 1.98303 4.43183 1.59034 177665 0 1.54572 0.49396 0
1.74921 52.6526 1.87095 1.96576 4.47266 1.58855 186503 0 1.55774 0.48623 0
17.7581 28.6578 1.3861 1.98835 4.60677 1.45856 151453 0 1.60121 0.482649 0
4.5955 40.0347 1.79648 0.87177 0.783442 1.76145 168260 0 -0.0594512 0.475292 1
49.1151 14.2865 1.27265 1.92728 4.406 1.56943 130491 0 -1.54619 0.467233 0
-16.297 -14.5798 0.342336 0.897141 0.942411 1.69206 88167 0 -2.11957 0.465592 1
54.5333 11.1057 1.2755 2.01504 4.61818 1.54561 125828 0 1.63509 0.463346 0
32.7993 56.7979 1.83446 1.99579 4.58969 1.53129 192684 0 -1.57027 0.461653 0
-6.23682 22.9272 1.33672 1.95528 4.53278 1.47631 142954 0 -1.55275 0.455075 0
-24.7743 22.2883 0.605614 2.01133 4.49472 1.52832 141960 0 -1.35983 0.453368 0
31.8367 45.259 1.98292 2.00541 4.50117 1.54075 175833 0 -1.582 0.448738 0
60.6247 19.3562 1.51166 2.13861 4.8946 1.75279 138015 0 -3.04352 0.448623 0
-22.5564 27.6483 0.768168 2.05239 4.61576 1.58169 149923 0 -1.30654 0.446548 0
-19.3971 35.3678 1.11195 2.04677 4.5527 1.55747 161165 0 -1.10924 0.444808 0
-73.324 -4.42138 -0.778082 0.881363 0.928529 1.79007 102964 0 -2.75136 0.442842 1
54.2389 28.9639 1.6153 1.97865 4.48699 1.53631 152035 0 -1.69013 0.436148 0
14.1574 -3.97244 1.01612 0.896954 0.968339 1.92269 103706 0 1.62916 0.430312 1
-32.154 42.0796 1.07606 2.00089 4.64704 1.77602 170953 0 1.92543 0.423982 0
15.196 70.8609 2.3489 2.03243 4.60297 1.6333 213221 0 -1.61637 0.423752 0
-29.2714 9.42461 0.0578131 1.99356 4.41835 1.48954 123226 0 1.55694 0.417021 0
-6.53143 32.0662 1.68972 2.28979 5.25728 1.5825 156525 0 1.59009 0.413483 0
31.784 -6.58427 0.636506 0.6421 0.708357 1.02347 100017 0 -1.39284 0.412566 1
20.2921 40.8244 1.95332 1.97013 4.40289 1.49388 169245 0 1.59368 0.411217 0
-28.9804 9.36656 0.0676089 2.0139 4.49957 1.49375 123227 0 -0.449387 0.40758 0
-44.9782 58.651 1.01855 2.43485 5.7502 1.91353 195249 0 -1.30483 0.406484 0
54.2443 8.16636 0.967088 1.93155 4.46042 1.49252 121615 0 1.63005 0.405799 0
32.2977 -6.23329 0.784015 0.912064 0.99795 1.66778 100486 0 -1.40681 0.400407 1
49.4281 14.5284 1.34116 2.00785 4.61061 1.62439 130960 0 -1.54077 0.400002 0
-3.36596 64.7494 2.38523 2.19266 4.91016 1.69458 204271 0 -1.4338 0.397121 0
14.2098 -4.69756 0.706771 0.730428 0.776347 1.42014 102770 0 3.12364 0.39478 1
14.992 -4.29675 0.719939 0.66655 0.73818 1.07249 103240 0 -1.65334 0.38892 1
-19.032 38.2621 0.820768 2.06658 4.68724 1.54566 165378 0 -1.14494 0.388595 0
-37.5944 22.2781 0.348061 2.05358 4.59996 1.73309 141920 0 1.79114 0.385292 0
-34.7067 33.4864 0.750654 1.92577 4.40682 1.50986 158309 0 1.95991 0.376841 0
53.6268 28.9013 1.57123 1.94832 4.34127 1.48379 152033 0 2.02338 0.376556 0
-54.1845 47.5845 0.561666 2.06208 4.67309 1.57565 178840 0 -1.30012 0.37603 0
-17.7631 37.6235 1.26306 2.16491 4.89025 1.73876 164446 0 -1.15927 0.373551 0
19.6747 31.8505 1.42257 2.0233 4.52908 1.55988 156139 0 1.66736 0.370738 0
33.1202 53.9516 1.84383 1.89154 4.20092 1.49253 188473 0 -1.49131 0.368774 0
-4.00745 49.4723 1.92088 2.01776 4.64528 1.67312 181805 0 -1.53058 0.365618 0
-5.28558 68.2868 2.55684 2.09144 4.81938 1.6336 209413 0 -1.3991 0.363997 0
14.6447 58.1718 1.96742 1.80322 4.11251 1.44522 194499 0 -1.3675 0.363444 0
-34.1132 33.4083 0.847217 2.08872 4.74044 1.54721 158311 0 1.94126 0.362053 0
-35.0253 30.2887 0.46083 1.89427 4.30341 1.48725 153628 0 2.03926 0.359835 0
51.6793 46.5655 1.89517 2.00226 4.51887 1.56967 177767 0 -1.54255 0.357886 0
-5.57668 59.0372 2.16796 2.00667 4.65043 1.62445 195840 0 1.64454 0.352579 0
12.2718 -9.44806 0.733628 0.811727 1.17923 1.71457 95744 0 1.59786 0.35237 1
-28.9392 9.22499 0.0691182 2.02674 4.55741 1.50296 122759 0 -1.17329 0.351916 0
31.7974 -6.84881 0.67908 0.69486 0.836249 1.15309 99549 0 -1.36803 0.347919 1
72.3671 -9.21355 0.506727 0.809789 0.847478 1.71757 96400 0 -1.57834 0.344601 1
-22.8523 27.4105 0.764759 2.01887 4.5686 1.57371 149454 0 -1.31544 0.344532 0
37.5889 44.6087 1.91991 1.97722 4.53677 1.51408 174915 0 1.60358 0.340022 0
-38.5751 29.3272 0.613782 0.799622 0.796379 1.77809 152213 0 -1.24417 0.339994 1
74.3713 -9.44207 0.816422 2.05295 4.55168 1.5818 95938 0 -1.51872 0.339331 0
2.04665 52.9028 1.88166 1.89293 4.17043 1.54132 186972 0 1.55289 0.339078 0
14.9261 70.6077 2.32975 1.95139 4.36148 1.55275 212752 0 -1.59427 0.338283 0
49.4392 20.3191 1.50215 1.98852 4.42947 1.52557 139384 0 -1.67336 0.336839 0
-17.8218 22.67 0.818752 1.8494 3.97248 1.56165 142450 0 1.57454 0.331368 0
-21.9566 27.3744 0.704964 1.9952 4.51668 1.55001 149457 0 -1.29045 0.331217 0
-53.661 48.0869 0.622499 2.02109 4.40318 1.55341 179778 0 -0.787359 0.331025 0
-24.1957 22.5131 0.594023 1.98606 4.39888 1.54964 142430 0 -1.41583 0.329722 0
14.1399 -3.07344 0.806408 0.802913 0.899688 1.63858 105110 0 -0.384393 0.32913 1
32.1219 45.0102 1.92204 1.92867 4.40044 1.52696 175366 0 -1.56925 0.328859 0
-47.5924 6.91256 -0.387035 1.8131 3.97114 1.52428 119425 0 -1.28114 0.327937 0
-38.2009 22.544 0.350967 2.08208 4.71365 1.77573 142386 0 1.80475 0.327133 0
-32.2131 39.1491 0.74302 2.01143 4.63284 1.47239 166741 0 1.9343 0.326781 0
14.159 -3.79355 0.933945 0.849981 0.936452 1.84917 104174 0 1.23742 0.325326 1
1.48466 55.2607 2.35467 2.37014 5.72339 2.03945 190246 0 1.51136 0.320813 0
-67.6671 11.3602 -0.676251 2.00362 4.481 1.5441 125914 0 -1.10729 0.320494 0
-36.943 21.9991 0.356301 2.03391 4.57772 1.68455 141454 0 1.79474 0.318208 0
-41.3782 11.733 -0.132215 1.993 4.46761 1.58145 126464 0 1.83629 0.316708 0
32.4741 35.7656 1.66632 2.22636 5.34132 1.76146 161795 0 -1.53205 0.31118 0
36.9062 21.2088 1.4365 2.1616 5.03004 1.64337 140749 0 1.60108 0.30938 0
49.1297 20.0295 1.48235 1.91435 4.23759 1.47646 138915 0 -1.60088 0.305641 0
31.638 -6.59706 0.620518 0.686721 0.804832 1.02639 100016 0 -1.44664 0.30539 1
33.4333 54.1764 1.86164 1.92663 4.27092 1.5278 188942 0 -1.57036 0.305373 0
12.4061 -6.0639 0.790278 0.908675 0.962801 1.78176 100892 0 1.73695 0.3034 1
49.1153 23.538 1.09418 1.87753 4.26574 1.49224 144063 0 1.57023 0.302567 0
-4.63416 49.7045 1.94053 2.06598 4.74542 1.66917 182271 0 -1.55435 0.299401 0
55.1737 5.31921 0.945479 1.84793 4.45738 1.6489 117406 0 1.63888 0.298833 0
-29.9427 6.59175 0.0151922 1.96593 4.4139 1.51411 119012 0 -1.32568 0.298012 0
14.6609 67.7302 2.34236 1.8098 3.89962 1.59356 208539 0 -1.60379 0.297197 0
-31.5537 41.7962 1.05418 1.8702 4.11381 1.6912 170487 0 1.93358 0.29674 0
19.6906 41.022 1.96489 1.9641 4.37999 1.49348 169711 0 1.58292 0.291176 0
53.6131 28.7424 1.56056 1.96009 4.37503 1.49649 151565 0 -1.64091 0.28923 0
31.2561 39.1007 1.84483 2.08701 4.73293 1.58635 166939 0 -1.51613 0.289021 0
1.17065 55.5206 2.4738 2.52633 6.19443 2.16471 190713 0 -0.413449 0.289015 0
18.6907 28.6831 1.44301 2.00788 4.51234 1.4843 151456 0 -1.53469 0.288782 0
-5.88648 44.0722 1.98599 2.14094 4.91709 1.75941 173843 0 1.51199 0.287837 0
-27.9596 18.008 0.568396 2.21126 4.99821 1.83616 135866 0 1.8257 0.287807 0
18.4592 40.8046 1.75058 1.9603 4.61186 1.47654 169239 0 1.6041 0.287523 0
11.3938 -2.93414 0.734761 0.753659 0.856083 1.58547 105101 0 0.102787 0.286857 1
49.7288 20.6374 1.53111 2.10255 4.75028 1.60623 139853 0 -1.69287 0.286298 0
14.9222 67.4592 2.29985 1.86779 4.16847 1.65609 208072 0 -1.53333 0.285664 0
74.1147 -9.72797 0.779149 1.88162 4.09784 1.57928 95469 0 -1.55022 0.285154 0
49.4152 23.8178 1.18782 1.88146 4.27768 1.48389 144532 0 1.55221 0.284743 0
42.7114 55.227 2.43971 1.99675 4.42882 1.64701 190375 0 3.00789 0.284268 0
11.8897 26.3154 1.30731 2.19023 5.19596 1.60381 148159 0 -1.55409 0.284025 0
18.0521 28.407 1.41347 1.99721 4.61244 1.44819 150986 0 1.584 0.283366 0
14.9183 71.1239 2.35728 1.95101 4.36379 1.55378 213688 0 -1.65484 0.282261 0
-29.6247 9.66082 0.0399048 1.96982 4.33259 1.50555 123693 0 1.86528 0.281194 0
49.4315 22.5811 1.16637 1.91944 4.38422 1.51508 142660 0 -1.60076 0.280499 0
-33.3984 39.5188 0.794143 2.07751 4.71859 1.59468 167205 0 1.91299 0.280096 0
49.4645 20.9128 1.50985 2.03184 4.49327 1.55653 140320 0 -1.71786 0.278094 0
49.1125 22.8824 1.09134 1.88123 4.23453 1.50518 143127 0 -0.803686 0.277426 0
-46.2513 11.9996 -0.392991 1.85507 4.171 1.48403 126917 0 -1.23971 0.277205 0
1.47317 55.754 2.44306 2.52443 5.98775 2.12888 191182 0 1.55973 0.274967 0
30.9395 35.9231 1.5804 2.36508 5.62304 1.74615 162258 0 1.61954 0.274443 0
26.5344 4.45863 1.08541 0.946445 1.06501 1.84222 115912 0 0.200456 0.271121 1
-5.86764 41.0181 1.75026 2.09441 4.73728 1.50334 169631 0 -1.55673 0.270877 0
50.7234 47.5289 1.95367 1.98679 4.35197 1.59988 179168 0 0.260043 0.270452 0
51.3871 46.8622 1.95365 1.9788 4.37003 1.55971 178234 0 0.0644141 0.26981 0
1.47742 52.3925 1.88961 2.06444 4.77468 1.69905 186034 0 1.52973 0.269027 0
74.1133 -9.16849 0.796783 1.8414 3.98512 1.53916 96405 0 -1.56344 0.268752 0
1.35512 43.9272 1.63605 1.87491 4.1531 1.4707 173866 0 1.62185 0.268304 0
-71.97 -5.40796 -0.578762 0.94314 1.03917 1.8997 101565 0 3.12782 0.268303 1
20.9074 37.2693 1.75391 0.795951 0.772433 1.62544 164099 0 1.64895 0.267282 1
36.3973 30.2238 1.69454 2.24787 5.14805 1.86723 153851 0 -1.46439 0.267117 0
36.6876 44.6581 1.82205 1.90159 4.34075 1.50831 174912 0 1.592 0.266469 0
-3.37465 55.8419 2.06111 2.01285 4.49374 1.56063 191167 0 -1.53064 0.266319 0
53.9994 11.0859 1.22275 1.60329 3.54423 1.39808 125826 0 1.64695 0.262458 0
32.4832 54.1706 1.83388 1.90037 4.30768 1.47701 188939 0 -1.52168 0.260796 0
15.1645 -4.1385 0.681942 0.668677 0.694616 1.03782 103709 0 -1.6296 0.260503 1
33.0967 56.5652 1.88936 1.90779 4.3322 1.51707 192217 0 -1.60381 0.258114 0
48.5187 14.5283 1.30173 1.97607 4.44617 1.60844 130957 0 -1.53039 0.258007 0
33.707 56.8133 1.84371 2.02635 4.56518 1.62853 192687 0 -1.56145 0.257887 0
2.08678 54.9756 2.25158 2.27013 5.31386 1.98818 189780 0 1.4505 0.25645 0
-28.7075 9.34013 0.0726356 2.04426 4.59072 1.50376 123228 0 -1.46324 0.255984 0
32.4074 -6.45624 0.746792 0.81156 0.844288 1.4814 100019 0 -1.40731 0.255743 1
49.7514 22.8775 1.14537 1.9167 4.36278 1.49695 143129 0 -1.61875 0.255682 0
31.2126 45.0082 1.94953 1.94382 4.44717 1.5277 175363 0 -1.58185 0.255519 0
14.2157 -4.82026 0.630782 0.644961 0.664996 1.1781 102302 0 -2.56218 0.255448 1
-48.5596 4.53537 -0.394386 1.74405 3.75415 1.51036 116146 0 -1.26388 0.254422 0
37.3487 35.0693 1.55857 0.823814 1.03611 1.61747 160874 0 0.414305 0.254401 1
1.34026 43.4331 1.61852 1.80292 4.01242 1.46803 172930 0 1.5008 0.253198 0
-30.4867 5.26978 0.0224028 0.800114 0.846795 1.71216 117138 0 -1.45078 0.252321 1
2.6675 55.2623 2.26363 2.27372 5.01791 1.97469 190250 0 1.52776 0.251802 0
55.1883 26.0704 1.48867 2.03181 4.54825 1.56317 147826 0 -1.72969 0.251542 0
51.676 37.9473 1.8221 2.01488 4.52318 1.594 165131 0 -1.566 0.251121 0
36.8825 12.2014 1.20015 2.13685 5.0465 1.69728 127645 0 1.63766 0.249668 0
-45.3517 17.9839 -0.0569529 2.00379 4.47986 1.62654 135812 0 -1.27886 0.249639 0
45.922 -30.5202 -0.162944 1.94062 4.33676 1.58455 64961 0 -1.37462 0.249593 0
14.1482 -3.27835 0.855518 0.846054 0.939204 1.71154 104642 0 -0.154892 0.248849 1
50.0655 14.287 1.31872 1.93132 4.29346 1.65719 130494 0 -1.54696 0.248665 0
-19.9288 35.4367 1.17242 2.03126 4.54938 1.5407 161163 0 -1.10984 0.248371 0
46.5466 -27.7111 0.0314848 2.05221 4.65857 1.72564 69175 0 -1.45442 0.246796 0
15.1802 68.2146 2.33911 2.22364 5.09843 1.79916 209477 0 -1.67699 0.246139 0
49.4315 23.2156 1.09291 1.88085 4.31141 1.52185 143596 0 -1.5837 0.244346 0
55.5211 34.1146 1.54388 2.02685 4.71179 1.56552 159527 0 1.60049 0.244245 0
49.116 14.0097 1.21918 1.80156 4.06153 1.52374 130023 0 -1.54509 0.243854 0
50.3961 37.9116 1.72794 1.87546 4.2937 1.46171 165127 0 -1.51336 0.243611 0
-0.127426 26.608 1.34374 2.01538 4.70568 1.47346 148589 0 1.55614 0.243364 0
12.9087 29.4974 1.37616 2.01359 4.79051 1.50363 152842 0 -1.53351 0.242657 0
54.8757 26.0502 1.4668 2.00279 4.50124 1.52798 147825 0 -3.02794 0.241071 0
50.4042 47.8398 1.89366 2.02057 4.48246 1.63709 179635 0 3.04223 0.240995 0
-22.2378 27.1084 0.690372 1.98476 4.54685 1.53013 148988 0 -1.30371 0.24041 0
19.9921 40.5825 1.94435 1.88379 4.18726 1.45924 168776 0 1.61885 0.239938 0
49.1233 19.7114 1.48276 1.95305 4.3639 1.4991 138447 0 -1.59651 0.239285 0
-40.3782 17.1646 0.0710471 2.039 4.5849 1.78388 134423 0 1.84454 0.238822 0
-39.4417 19.7242 -0.00856668 1.76709 4.06811 1.48508 138170 0 1.85409 0.238191 0
0.85955 43.1315 1.70721 2.09052 4.82868 1.59734 172460 0 1.42515 0.237756 0
48.822 22.8948 1.08083 1.85652 4.01149 1.50792 143126 0 1.5305 0.23771 0
54.8618 25.7812 1.44016 1.93771 4.37974 1.50177 147357 0 1.5381 0.236381 0
-3.38369 49.7193 1.9181 2.07999 4.70061 1.71603 182275 0 -1.57837 0.236241 0
-4.7113 44.0989 1.97279 2.00059 4.57761 1.70681 173847 0 -1.52952 0.236071 0
32.6922 -5.91988 0.671748 0.753095 0.762959 1.47216 100956 0 -1.36015 0.23579 1
21.2879 67.0206 2.32353 2.06693 4.64931 1.67977 207624 0 1.5772 0.235516 0
14.1905 -4.27668 0.93084 0.82784 0.911695 1.78454 103238 0 1.54286 0.235385 1
-30.5218 6.84601 0.0177919 1.97266 4.42217 1.5244 119478 0 -1.36623 0.233908 0
51.9497 46.832 1.94785 2.21972 5.09284 1.74902 178236 0 -1.54883 0.233397 0
-67.4025 11.6278 -0.708415 1.91008 4.26452 1.50692 126383 0 -1.07991 0.232538 0
30.6092 21.3766 1.25824 1.64693 3.81051 1.32567 140729 0 -1.49153 0.23016 0
-41.0923 11.4304 -0.132722 1.94963 4.23217 1.55885 125997 0 1.81451 0.229184 0
31.5459 45.5042 2.05744 2.04596 4.59173 1.58407 176300 0 -1.55481 0.229155 0
32.1477 44 1.8674 1.94158 4.42873 1.53697 173962 0 -1.52553 0.228848 0
31.4762 18.9224 1.17807 1.91189 4.38804 1.48833 137456 0 -1.52925 0.228582 0
72.2734 -9.31674 0.507096 0.825961 0.902387 1.72662 95931 0 1.50969 0.228565 1
-69.2375 5.06191 -0.626811 2.08514 4.56763 1.6973 116549 0 1.82656 0.226562 0
-46.8591 56.4009 0.728789 2.14351 4.95334 1.62252 191967 0 -1.2753 0.225233 0
-5.28282 28.9886 1.39443 2.02611 4.74442 1.55963 151849 0 -1.47901 0.22517 0
55.1992 14.8724 0.957944 1.91486 4.31584 1.52514 131446 0 1.53001 0.225089 0
46.2143 -33.4219 -0.282498 2.03186 4.65106 1.5899 60750 0 -1.4755 0.224992 0
55.1579 29.017 1.74715 2.0579 4.60665 1.72137 152038 0 -1.6851 0.224575 0
37.5558 26.9427 1.39938 2.21439 5.1091 1.56704 149175 0 1.65142 0.224436 0
51.3773 38.2125 1.78759 1.9568 4.36482 1.5396 165598 0 -1.59172 0.224305 0
55.2135 15.5054 0.998226 1.92951 4.36375 1.51892 132382 0 1.6184 0.223974 0
12.3746 -6.43941 0.774877 0.932102 0.980921 1.77392 99956 0 1.69832 0.22367 1
43.0198 55.4746 2.51984 2.12472 4.82612 1.72753 190844 0 -3.0847 0.223443 0
-35.6323 30.5712 0.438962 1.91823 4.25885 1.48001 154094 0 1.97624 0.223261 0
48.5153 20.3415 1.34528 1.95366 4.37893 1.50275 139381 0 -1.6127 0.223063 0
31.7562 -7.18893 0.704427 0.748119 1.2638 1.31135 99081 0 -1.36711 0.222908 1
-40.7621 30.2165 0.682931 2.10197 4.78025 1.71644 153610 0 1.93355 0.222589 0
-7.1776 22.9442 1.37076 2.00586 4.68658 1.53619 142951 0 -1.59453 0.222567 0
55.205 14.2473 1.00179 1.96741 4.49619 1.55144 130510 0 1.57216 0.22233 0
0.678017 28.9811 1.40723 1.67874 3.68666 1.40651 151868 0 1.59781 0.222118 0
-0.568336 20.2147 1.29987 2.024 4.64687 1.58674 139228 0 1.69006 0.221835 0
55.2013 23.1811 1.50426 1.98743 4.50428 1.65096 143614 0 1.58025 0.221719 0
0.853607 55.5198 2.59231 2.60454 6.47066 2.27444 190712 0 -1.59514 0.221478 0
-47.1454 15.168 -0.172372 2.23595 4.92717 1.64968 131594 0 -1.22469 0.221431 0
-39.1377 19.4574 -0.0128951 1.75396 4.19227 1.48131 137703 0 1.85935 0.221149 0
-22.548 -9.37341 0.70111 0.777086 0.835057 1.72803 95635 0 -2.34537 0.221054 1
-4.30312 49.1963 1.90727 2.03811 4.608 1.62432 181336 0 -1.50809 0.220931 0
12.0827 29.027 1.40253 1.78144 4.03676 1.47864 151903 0 -1.458 0.22058 0
48.5044 23.793 1.12552 1.902 4.32134 1.49669 144529 0 1.52102 0.220347 0
15.2183 70.3267 2.3665 1.96955 4.43432 1.62285 212285 0 -1.55401 0.219861 0
-61.6756 11.6736 -0.474496 1.64017 3.46913 1.49805 126401 0 1.97575 0.219047 0
-20.0104 35.9114 1.18116 2.06687 4.63803 1.56158 162099 0 -1.10638 0.218642 0
50.6915 47.7884 1.92695 2.07571 4.57227 1.6723 179636 0 2.7047 0.218465 0
19.0248 28.8949 1.4479 1.91112 4.28768 1.50357 151925 0 -1.56336 0.218365 0
48.5009 23.217 1.08477 1.86243 4.11624 1.52246 143593 0 1.52559 0.218348 0
43.3406 55.2142 2.48244 2.04525 4.5884 1.66983 190377 0 -3.02175 0.217855 0
1.06686 70.2487 3.14056 2.48248 5.78805 2.14474 212241 0 3.07711 0.217745 0
-35.3749 33.9839 0.70868 2.07537 4.68147 1.57041 159243 0 2.00848 0.217544 0
14.0169 -3.76778 0.834227 0.800214 0.874223 1.79144 104173 0 -1.12827 0.216959 1
31.8546 44.6771 1.89683 1.94701 4.44169 1.53227 174897 0 -1.54341 0.21689 0
39.8312 53.9008 1.96192 2.06657 4.67633 1.67106 188494 0 2.70014 0.21686 0
15.3957 -4.29561 0.671729 0.683854 0.714527 1.0663 103242 0 -1.4505 0.216609 1
-38.5458 29.4894 0.65474 0.819439 0.814735 1.76874 152681 0 -0.81323 0.216354 1
39.8398 53.6074 1.90947 2.07713 4.70732 1.66793 188026 0 2.17457 0.215797 0
14.4661 -4.65469 0.731064 0.714693 0.777047 1.28979 102771 0 -1.65419 0.215734 1
-67.9405 11.0857 -0.659687 2.12613 4.80615 1.61271 125445 0 -1.16185 0.215506 0
-6.53413 22.6512 1.31031 1.90583 4.488 1.44496 142485 0 -1.5678 0.215225 0
-4.30151 64.8166 2.40462 2.06594 4.67342 1.71585 204268 0 -1.43158 0.215012 0
-62.2479 11.4667 -0.492034 1.83336 4.07871 1.5498 125931 0 1.93671 0.214714 0
-25.4085 22.5079 0.619012 2.05827 4.61697 1.53032 142426 0 -0.905866 0.21467 0
49.1171 22.2634 1.24326 1.98206 4.46162 1.53353 142191 0 -1.77183 0.214577 0
73.8116 -9.44545 0.787778 1.59565 3.39994 1.49627 95936 0 -1.58389 0.214368 0
31.5658 38.6711 1.82706 1.81699 4.08987 1.55228 166004 0 -1.49539 0.214364 0
-3.94427 64.5367 2.38686 1.98202 4.44711 1.67172 203801 0 -1.42869 0.21362 0
50.0614 23.1984 1.19389 1.89989 4.21208 1.47282 143598 0 -1.67449 0.213008 0
54.8828 22.878 1.46045 2.0419 4.63789 1.66448 143145 0 1.54503 0.21298 0
53.9796 7.92388 1.00079 1.75699 4.02844 1.43483 121146 0 1.63342 0.212157 0
21.5821 66.7698 2.28779 1.99817 4.53722 1.63758 207157 0 1.52836 0.211498 0
-64.4027 6.96471 -0.484119 2.31333 5.09948 1.79471 119372 0 -1.28981 0.211433 0
48.8042 20.5969 1.43397 2.0059 4.47493 1.52143 139850 0 -1.65678 0.211375 0
51.0266 47.2315 1.98268 1.98833 4.33998 1.58259 178701 0 0.656746 0.210482 0
-49.1339 4.83736 -0.31946 2.15974 4.93092 1.68352 116612 0 -1.23054 0.210074 0
-3.07443 49.4664 1.96015 2.04692 4.63105 1.69889 181808 0 -1.54033 0.209707 0
-2.76395 64.5131 2.35165 2.0447 4.6648 1.71004 203805 0 -1.44933 0.208828 0
39.5262 54.8892 2.10451 2.04851 4.55494 1.67807 189897 0 -3.08405 0.208619 0
14.9346 -4.1001 0.78678 0.718974 0.798011 1.22117 103708 0 -1.98887 0.208277 1
-25.3877 22.3139 0.605102 2.02469 4.53741 1.54372 141958 0 0.534595 0.20824 0
55.5132 15.2179 0.974393 1.93152 4.39621 1.53215 131915 0 1.56064 0.207428 0
-5.25713 49.493 1.96228 2.07189 4.67837 1.6974 181801 0 1.63377 0.20563 0
42.1275 55.2178 2.41773 1.9977 4.46937 1.67588 190373 0 2.74429 0.205119 0
50.7101 37.6457 1.78055 1.85775 4.28614 1.48283 164660 0 -1.52526 0.205119 0
-4.66389 68.0655 2.5148 1.87634 4.30572 1.58062 208947 0 -1.4269 0.204558 0
-67.0824 11.0782 -0.693139 1.85359 3.98668 1.47834 125448 0 -1.09906 0.204481 0
-42.9738 9.17964 -0.336023 2.12812 4.66521 1.63617 122715 0 1.83587 0.204294 0
-34.4394 29.9605 0.501483 1.96589 4.36717 1.45394 153162 0 2.10999 0.204147 0
12.6113 -9.47166 0.738224 0.826316 1.8093 1.66407 95745 0 1.62258 0.203654 2
-27.9272 17.5398 0.548635 2.16473 4.81151 1.80954 134930 0 1.75974 0.2031 0
14.9741 55.4032 2.27934 1.91745 4.109 1.66117 190756 0 -1.513 0.202336 0
14.6477 65.0191 2.2278 1.91275 4.21319 1.53782 204795 0 -1.63664 0.202089 0
-46.8572 12.3133 -0.352186 1.87923 4.13923 1.48752 127383 0 -1.25449 0.201834 0
74.7163 -9.14848 0.933993 2.20667 5.07246 1.70863 96407 0 -1.57227 0.201727 0
-35.3876 30.8027 0.489216 1.96148 4.41668 1.49169 154563 0 2.11305 0.201702 0
42.7686 53.2566 2.08422 0.802752 0.849322 1.68052 187567 0 -3.10479 0.201345 1
68.9421 10.0804 1.44102 2.10006 4.72234 1.66507 124469 0 -0.0894576 0.201171 0
14.0273 -3.2692 0.805341 0.812852 0.903887 1.67909 104641 0 -0.628299 0.201099 1
1.16319 55.759 2.53083 2.59469 6.31605 2.22033 191181 0 -1.06307 0.20106 0
-3.68284 56.1003 2.09023 2.01827 4.52771 1.59996 191634 0 -1.49293 0.200917 0
49.1284 24.0951 1.16303 1.89137 4.26137 1.47262 144999 0 1.50104 0.200614 0
32.164 -6.54041 0.714689 0.743105 0.858758 1.29025 100018 0 -1.4169 0.20005 1
51.4037 46.2805 1.85042 1.83758 4.07165 1.45308 177298 0 -1.47669 0.200017 0
-3.67931 55.5788 2.07004 2.03685 4.56149 1.58758 190698 0 -1.55885 0.199899 0
15.4102 64.5417 2.18011 2.21466 5.17862 1.67806 203862 0 -1.50423 0.199879 0
33.4396 53.6863 1.86867 1.89232 4.27185 1.51204 188006 0 -1.46206 0.199107 0
50.4578 47.5633 1.91742 1.95495 4.22846 1.58233 179167 0 1.17785 0.198087 0
55.25 34.3814 1.53663 1.96719 4.48068 1.52784 159994 0 1.57769 0.197774 0
-26.7804 17.4646 0.602387 2.03646 4.65683 1.74451 134934 0 1.67931 0.197733 0
-35.9811 34.0954 0.712386 2.01001 4.48847 1.57229 159241 0 2.01227 0.197413 0
14.5346 -4.32881 0.843019 0.738573 0.856846 1.50926 103239 0 -2.86051 0.197361 1
31.8558 44.3326 1.8604 1.95403 4.49786 1.53649 174429 0 -1.47971 0.196238 0
31.8801 53.9993 1.70796 1.92212 4.41605 1.47155 188469 0 -1.59541 0.195652 0
16.7507 -3.25619 0.814804 0.796071 0.87894 1.58567 104650 0 -0.626629 0.19543 1
49.1218 14.7837 1.38628 2.01603 4.53887 1.63594 131427 0 -1.51815 0.194632 0
50.049 22.5926 1.22878 1.8861 4.15988 1.46044 142662 0 -1.52035 0.194558 0
-35.9886 30.8913 0.524133 1.91519 4.23148 1.49952 154561 0 1.99754 0.194137 0
-38.7668 29.2951 0.619259 0.825322 0.859413 1.78558 152212 0 -1.61944 0.194017 1
12.7532 41.095 1.91866 1.84289 3.93153 1.81852 169689 0 -1.53914 0.193876 0
-4.30904 55.8417 2.09124 2.01164 4.52112 1.64589 191164 0 -1.54563 0.19306 0
48.199 23.5265 1.1256 1.93627 4.36196 1.54098 144060 0 1.48235 0.192787 0
-0.833473 19.7775 1.28734 2.00503 4.70877 1.59452 138291 0 1.67174 0.192278 0
48.815 19.3873 1.42072 1.95795 4.44552 1.4956 137978 0 -1.56444 0.19218 0
74.7173 -9.73824 0.850809 2.21541 5.11894 1.74517 95471 0 -1.47616 0.192172 0
-53.914 47.2726 0.549163 1.82465 4.08584 1.46377 178373 0 -1.36629 0.19168 0
50.0856 38.2024 1.6699 1.92512 4.32462 1.47149 165594 0 -1.55594 0.191466 0
43.0335 54.9222 2.40959 1.97133 4.35117 1.6169 189908 0 3.05941 0.191108 0
39.8311 54.2343 1.99677 2.04242 4.61393 1.66001 188962 0 -3.13152 0.191053 0
-40.8639 12.246 -0.0416508 2.01398 4.40001 1.56232 127402 0 1.79881 0.190244 0
-25.7355 22.5354 0.637959 2.04417 4.52573 1.53242 142425 0 1.58535 0.190072 0
53.9838 5.08617 1.14435 1.90576 4.58695 1.75397 116934 0 1.68016 0.189942 0
40.1426 53.8923 1.99869 2.10417 4.77173 1.6905 188495 0 2.41176 0.189841 0
68.9426 11.6869 1.10687 2.04257 4.59887 1.5889 126809 0 -0.30579 0.1897 0
19.622 46.7989 2.15908 2.17768 4.91993 1.71842 178135 0 1.54686 0.189349 0
40.4602 53.5966 2.05917 2.09687 4.68703 1.69408 188028 0 1.77892 0.188852 0
54.2775 10.8419 1.25888 1.75552 3.9505 1.4599 125359 0 1.68268 0.188594 0
16.7492 -3.13579 0.825283 0.789435 0.880873 1.59825 105118 0 -0.149502 0.188021 1
-33.7747 32.8663 0.907123 2.09525 4.73434 1.54937 157376 0 2.05114 0.187451 0
-27.0935 17.9849 0.589769 2.15158 4.87614 1.78974 135869 0 1.78158 0.187212 0
-42.4125 8.88224 -0.375972 2.06902 4.53368 1.66888 122249 0 1.83445 0.186876 0
-23.1788 27.0778 0.820205 2.03959 4.60558 1.58105 148985 0 -1.28948 0.186659 0
-32.7223 42.3855 1.11188 2.31525 5.70761 1.95017 171419 0 1.90925 0.186537 0
55.1949 22.5857 1.46945 2.03191 4.58838 1.63512 142678 0 1.51141 0.186376 0
-5.8912 44.5348 2.01883 2.32443 5.41838 1.81995 174779 0 1.36405 0.185728 0
-39.6052 17.3342 0.172572 1.91754 3.9826 1.65945 134894 0 1.92134 0.185727 0
74.1031 -10.0286 0.752212 1.96377 4.37409 1.62963 95001 0 -1.58911 0.185721 0
68.6614 11.3677 1.10421 1.97469 4.38279 1.56184 126340 0 -0.0926583 0.185274 0
-46.5676 52.6514 0.818617 1.96454 4.44172 1.56117 186352 0 1.95749 0.18512 0
1.76862 53.186 1.9073 2.00713 4.50352 1.6266 187439 0 1.58374 0.185042 0
4.66556 54.8186 2.03722 0.836233 0.91508 1.66387 189788 0 3.01442 0.184885 1
-23.4798 27.6663 0.941454 2.10976 4.72887 1.65965 149920 0 -1.29464 0.184853 0
-37.9406 22.7954 0.351839 2.05584 4.61576 1.77057 142855 0 1.84953 0.184746 0
60.3967 18.0578 1.50785 2.06725 4.69226 1.80615 136142 0 0.135029 0.184518 0
-40.1329 17.6628 0.0760849 2.0779 4.42181 1.74307 135360 0 1.95814 0.184298 0
15.7669 70.6022 2.41454 2.24563 5.17129 1.83255 212755 0 -1.5958 0.184226 0
-24.2094 21.9932 0.580193 1.98117 4.44433 1.56988 141494 0 -1.33729 0.183497 0
38.5373 44.6279 2.06762 2.01168 4.53686 1.57699 174918 0 1.6126 0.183148 0
19.6208 37.7025 1.83585 1.96125 4.30819 1.5805 164563 0 1.58974 0.183085 0
12.2858 -9.6537 0.76502 0.844268 1.75484 1.72318 95276 0 1.59514 0.182874 2
36.9955 44.3881 1.78301 1.87069 4.27721 1.48354 174445 0 1.58432 0.182467 0
60.8689 19.9673 1.44382 2.42252 5.71419 1.91204 138952 0 -3.02278 0.182144 0
37.279 44.8574 1.92959 2.01927 4.51881 1.53763 175382 0 1.62526 0.18212 0
20.2342 31.8899 1.33999 2.1132 4.77526 1.72751 156141 0 2.72575 0.181969 0
32.5438 55.539 1.92407 1.93545 4.13876 1.51351 190811 0 -3.05523 0.181723 0
68.652 10.3823 1.4133 2.01909 4.51803 1.62992 124936 0 0.0110243 0.181687 0
-4.57971 58.4832 2.2002 1.80029 4.12309 1.52462 194907 0 -1.46654 0.181607 0
51.0021 47.7813 1.96861 2.14845 4.79893 1.72324 179637 0 0.575599 0.181329 0
-45.5999 17.5505 -0.0780446 2.00913 4.44147 1.64431 134875 0 -1.2468 0.18118 0
-44.6148 23.4128 0.240615 2.11413 4.70244 1.64974 143770 0 -1.24896 0.181133 0
-42.1328 9.65224 -0.272157 2.04915 4.53196 1.62566 123654 0 1.8353 0.180814 0
0.366722 26.3282 1.26993 1.70478 3.83115 1.37063 148123 0 -1.52156 0.180534 0
14.5038 -4.00487 0.950823 0.817914 0.925661 1.70328 103707 0 1.72781 0.180347 1
13.9931 73.5487 2.12799 1.73359 3.91268 1.36589 216961 0 -1.56664 0.180334 0
49.7427 21.2168 1.52142 2.09321 4.68635 1.5832 140789 0 -1.6409 0.180093 0
32.0922 -6.85221 0.607749 0.634641 0.709266 1.03821 99550 0 -1.36164 0.179959 1
-43.1096 22.8527 0.150921 2.08169 4.61045 1.72853 142839 0 -1.24185 0.179915 0
-26.697 22.8671 0.672587 2.10234 4.7022 1.56156 142890 0 1.80333 0.179405 0
38.2103 44.3949 1.96975 1.90001 4.35363 1.50396 174449 0 1.62979 0.178159 0
39.224 53.6181 1.83422 1.99773 4.52498 1.61775 188024 0 2.01819 0.178067 0
-34.9818 30.0195 0.468595 1.98532 4.4423 1.48521 153160 0 1.50267 0.177511 0
18.448 46.3377 2.02751 1.90722 4.3378 1.57152 177195 0 1.56029 0.176944 0
33.9982 53.9481 1.84702 2.10285 4.70302 1.64777 188476 0 -1.54408 0.176793 0
55.8181 22.8852 1.50748 2.10038 4.8614 1.66825 143148 0 -1.62313 0.176585 0
-47.1784 51.6959 0.900517 2.16454 4.95904 1.67497 184946 0 1.70594 0.176344 0
46.2938 -27.9402 -0.0209879 1.88162 4.15909 1.61517 68706 0 -1.38381 0.175954 0
-30.8628 41.4959 0.950684 1.87747 4.30128 1.70061 170021 0 -1.22227 0.175524 0
20.9631 52.6406 2.54626 2.26093 5.1818 1.9661 186563 0 1.53758 0.174758 0
37.2698 24.1376 1.00685 2.20983 5.10941 1.69923 144962 0 1.60112 0.174627 0
74.3834 -8.83975 0.818369 2.12442 4.77858 1.61391 96874 0 -1.61043 0.17431 0
-6.19071 68.3464 2.55791 1.89851 4.26962 1.64737 209410 0 -1.48068 0.173811 0
44.6572 -31.4872 -0.200183 1.97815 4.34673 1.60772 63553 0 -3.10471 0.173775 0
-62.4536 -13.8437 -0.704907 0.717439 0.743145 1.62378 88958 0 -2.55873 0.173744 1
-45.6835 14.8154 -0.382965 2.0403 4.51507 1.62934 131131 0 -1.21184 0.173651 0
48.8241 22.2472 1.23939 1.95866 4.35045 1.53749 142190 0 2.06112 0.172706 0
51.6451 47.1314 1.94809 2.19439 4.94598 1.70857 178703 0 0.413776 0.172158 0
49.7283 22.2845 1.28399 1.94594 4.30972 1.49012 142193 0 -1.52293 0.171985 0
-29.8983 63.2098 1.19965 1.99243 4.53378 1.67331 201848 0 -1.2457 0.171686 0
51.0953 46.5735 1.89948 1.82537 3.97851 1.46223 177765 0 -1.21097 0.171613 0
-46.8786 52.3154 0.841604 2.03169 4.58205 1.60686 185883 0 1.84709 0.171128 0
-40.7148 14.7858 -0.0767589 2.10922 4.8344 1.66111 131146 0 1.87361 0.170667 0
31.8642 43.745 1.90768 1.98756 4.48715 1.54907 173493 0 -1.53899 0.170089 0
-26.3952 5.93646 0.311423 1.90602 4.30899 1.47254 118087 0 1.69429 0.169659 0
4.45037 40.0568 1.83112 0.875052 0.815361 1.77605 168259 0 -0.0254451 0.169559 1
54.9117 14.5623 0.961462 1.92801 4.38113 1.54843 130977 0 1.55867 0.169375 0
54.2843 26.0138 1.42559 1.9832 4.49033 1.48892 147823 0 1.46441 0.169342 0
15.119 73.547 2.44754 2.2035 5.1428 1.76838 216965 0 -1.51121 0.168518 0
-27.3333 17.2187 0.594066 2.03112 4.47766 1.75383 134464 0 1.71613 0.167459 0
-22.569 -9.22152 0.680573 0.742347 0.828509 1.7197 96103 0 -1.72986 0.167447 1
-36.3901 22.151 0.391905 2.03361 4.52925 1.68675 141924 0 1.91304 0.167255 0
-4.63502 65.078 2.39539 2.25892 5.20874 1.83132 204735 0 1.39012 0.166703 0
-42.9933 9.68316 -0.284718 2.05117 4.54008 1.60804 123651 0 1.87507 0.166673 0
14.9189 57.8805 2.03191 1.96885 4.53983 1.54224 194032 0 -1.33243 0.166637 0
-37.007 22.4669 0.368721 2.08132 4.64282 1.68593 142390 0 1.86376 0.1665 0
-7.4545 20.2752 1.16238 2.03337 4.45752 1.45713 139206 0 -1.53689 0.166193 0
15.16 -4.5134 0.667714 0.683661 0.765365 1.06169 102773 0 -0.84867 0.166082 1
40.1599 53.3121 1.92706 2.10605 4.76304 1.67893 187559 0 1.80616 0.166034 0
-29.662 6.78884 0.0387568 1.95144 4.33351 1.48044 119481 0 -1.34018 0.165875 0
50.3712 23.2133 1.22259 1.89142 4.20605 1.44616 143599 0 1.73898 0.165563 0
-40.4764 30.5035 0.737878 2.01216 4.57223 1.64021 154079 0 1.96236 0.165534 0
-67.3856 11.9604 -0.729966 1.97377 4.42581 1.54678 126851 0 -1.07314 0.165336 0
