44.323 -6.91735 1.40028 2.91631 7.82327 3.17887 99588 0 1.61738 0.966349 0
18.4086 11.7254 1.05181 2.13844 4.84802 1.54902 126651 0 1.64455 0.953143 0
-6.83485 11.3239 0.988817 1.97886 4.49785 1.45862 126104 0 -1.48373 0.941369 0
10.6802 12.7427 1.19874 2.249 5.2194 1.90941 128031 0 -1.57326 0.93626 0
36.0463 9.06812 1.01344 1.99573 4.55453 1.5028 122962 0 1.66379 0.924249 0
-0.857704 17.0842 1.35876 2.09174 4.7758 1.83164 134547 0 1.63081 0.920091 0
-1.9725 11.0681 1.18581 2.03833 4.55536 1.81817 125651 0 1.62392 0.911422 0
30.8834 9.34456 1.17774 2.00686 4.47771 1.69291 123414 0 -1.46379 0.902385 0
48.7323 5.66431 1.11394 2.18383 5.09017 1.88393 117854 0 -1.46587 0.888019 0
-13.8154 4.51413 0.691308 2.08461 4.79021 1.45163 116254 0 -2.72933 0.886677 0
10.6859 15.8516 1.2455 2.20276 5.06409 1.85486 132711 0 -1.54712 0.883451 0
-18.7442 19.7099 0.963235 2.1254 4.71736 1.94487 138235 0 1.70416 0.877598 0
23.4019 11.0206 1.0038 2.11232 4.79444 1.49225 125731 0 0.0851297 0.876163 0
-20.6161 32.7127 1.14526 2.38824 5.51282 1.78865 157417 0 -1.19599 0.873445 0
17.3601 22.84 1.46214 2.12768 4.99972 1.71859 143028 0 1.61914 0.873329 0
-40.7651 -5.03644 -0.560253 2.05858 4.53198 1.59723 102130 0 -1.566 0.871859 0
-6.54937 17.4657 1.09216 2.06361 4.8039 1.53197 134997 0 -1.52678 0.871221 0
13.2828 41.1454 1.86502 2.12181 4.89863 1.9444 169691 0 -1.51177 0.868531 0
6.60949 28.5531 1.36836 2.01019 4.54547 1.55477 151418 0 0.0493967 0.866526 0
-42.0929 -11.6727 -0.782275 1.98163 4.36399 1.63934 92298 0 0.0306932 0.864066 0
32.5479 -6.21193 0.780321 0.863639 0.884589 1.5833 100487 0 -1.43196 0.861937 1
11.7041 22.3053 1.40678 1.92072 4.30292 1.71414 142074 0 -1.54217 0.858227 0
-19.0389 11.484 0.819339 1.99676 4.60168 1.78944 126066 0 1.68796 0.854936 0
48.4066 8.51479 0.953139 2.01619 4.66273 1.62452 122065 0 -1.46694 0.85413 0
-44.7001 -11.1148 -0.788901 2.0481 4.46537 1.79571 93226 0 0.0267475 0.8497 0
9.16309 -1.51402 0.887912 0.931089 1.03206 1.75964 107434 0 3.09067 0.847697 1
18.6241 15.4074 1.24716 2.22902 4.97664 1.67423 132268 0 1.61308 0.840195 0
-0.418747 22.9203 1.40265 2.17702 5.17427 1.85808 142972 0 -1.48184 0.83748 0
-18.4213 14.0049 0.815619 2.08905 4.73215 1.83158 129812 0 1.76293 0.833815 0
-6.54985 20.2775 1.16976 2.12643 5.05813 1.46497 139209 0 -1.53502 0.827497 0
30.623 15.9306 1.29372 1.96909 4.38013 1.70739 132773 0 -1.51085 0.826159 0
11.3602 19.435 1.16016 1.96865 4.54919 1.51895 137861 0 -1.62014 0.82594 0
17.692 19.9702 1.2084 2.06269 4.79685 1.49604 138817 0 1.62571 0.821298 0
0.14325 29.0078 1.36359 1.99581 4.57393 1.57997 151866 0 1.60821 0.819849 0
31.2039 30.9474 1.34225 2.14186 4.90146 1.55071 154771 0 1.58238 0.81819 0
11.417 26.1223 1.29949 1.88543 4.38451 1.4823 147689 0 -1.5386 0.816537 0
-42.9625 5.87292 -0.28564 1.8726 4.15836 1.4899 118035 0 1.88084 0.815791 0
-1.1772 14.1539 1.10439 1.90631 4.27734 1.57269 130334 0 1.70652 0.815679 0
-19.6756 7.96247 0.697033 1.95245 4.47044 1.55066 120916 0 1.60105 0.810137 0
12.2811 -6.14822 0.778072 0.90762 0.961023 1.72904 100424 0 -1.32496 0.809604 1
5.32326 -4.39088 0.816923 0.90019 0.983324 1.76853 103210 0 1.58602 0.807237 1
12.9629 32.3837 1.43965 2.10214 4.93536 1.52126 157054 0 -1.52367 0.800949 0
-36.5485 -11.6679 -0.717891 2.39533 5.33055 2.08564 92315 0 0.0274326 0.800725 0
-49.1533 4.53944 -0.336821 2.13303 4.79044 1.69069 116144 0 -1.31673 0.799655 0
-6.265 14.4755 1.02902 2.04143 4.66958 1.50755 130786 0 -1.50984 0.799221 0
30.9621 27.5869 1.33886 2.06931 4.73701 1.45042 150090 0 1.59098 0.799144 0
31.1616 12.2682 1.08036 1.95334 4.70117 1.49818 127627 0 1.62933 0.79442 0
17.4321 25.7538 1.58533 2.26575 5.3649 1.72312 147240 0 1.60322 0.791457 0
36.3271 12.0698 1.20324 2.09582 4.78619 1.6586 127175 0 1.64412 0.788153 0
13.8938 38.1442 1.69444 2.07332 4.79175 1.59913 165481 0 -1.51445 0.787433 0
-18.4721 16.8614 0.686393 1.83902 4.10718 1.50739 134024 0 1.70463 0.775631 0
0.392387 31.7325 1.76198 2.1332 4.71404 1.84048 156079 0 1.6386 0.774475 0
-61.5421 14.5746 -0.445719 2.05073 4.60021 1.68728 130613 0 -1.16994 0.773053 0
-0.144859 26.1469 1.29949 2.0162 4.66649 1.49802 147653 0 1.60091 0.766741 0
13.3249 44.0174 1.72475 2.01154 4.50452 1.67642 173903 0 -1.53758 0.753391 0
-18.1096 22.8162 0.84035 2.02109 4.54579 1.5585 142917 0 1.58288 0.744382 0
15.222 55.2398 2.16539 1.98279 4.43236 1.62681 190289 0 -1.4742 0.744106 0
13.3083 47.1338 1.75189 1.9926 4.51946 1.54053 178583 0 -1.57067 0.740532 0
-44.5917 20.3651 -0.0553443 2.04476 4.62518 1.55582 139090 0 -1.28595 0.740361 0
48.8481 11.6017 1.19559 1.94725 4.34729 1.72218 126746 0 -1.49384 0.732072 0
30.8723 21.6608 1.20183 1.88499 4.29203 1.38886 141198 0 -1.52332 0.731845 0
-5.91766 26.1152 1.58836 2.01 4.5608 1.66319 147635 0 -1.5202 0.724226 0
14.9001 58.3968 2.07396 1.99238 4.54779 1.52791 194968 0 -1.4149 0.722882 0
-27.6929 14.6669 0.395515 1.92752 4.48819 1.81583 130719 0 1.82 0.720253 0
-53.9158 47.7908 0.665447 2.02179 4.48113 1.52269 179309 0 -1.13746 0.716392 0
26.6113 4.4255 1.07359 1.03101 1.18016 1.86139 115913 0 0.318067 0.715805 1
-5.28387 40.8341 1.7266 2.0131 4.49972 1.49104 169165 0 -1.56278 0.713817 0
-21.3158 29.9361 0.849373 2.02647 4.51044 1.44923 153203 0 -1.25824 0.711995 0
1.09438 43.6853 1.65714 1.94962 4.43405 1.47554 173397 0 1.59398 0.711056 0
-0.800858 20.0776 1.28531 2.09255 4.88069 1.62944 138759 0 1.6715 0.710905 0
36.3198 15.279 1.17157 1.97742 4.58698 1.49439 131855 0 1.62221 0.699281 0
12.6107 29.2479 1.38394 1.98977 4.66196 1.465 152373 0 -1.52498 0.676854 0
31.8521 38.8997 1.88055 1.95455 4.37597 1.55093 166473 0 -1.51253 0.675063 0
-63.8854 6.95555 -0.467861 2.10363 4.66627 1.78194 119374 0 -1.27253 0.674259 0
14.9086 64.7207 2.12818 2.07013 4.67174 1.5815 204328 0 -1.55393 0.673654 0
-72.0574 -5.34225 -0.559354 0.857198 0.952519 1.826 101564 0 3.03111 0.671165 1
19.0132 37.897 1.82449 2.10348 4.78246 1.6551 165029 0 1.60676 0.658486 0
-73.211 -4.38768 -0.661437 0.81357 0.8839 1.70896 102965 0 -2.60737 0.657995 1
-40.1446 14.545 -0.0423353 1.97024 4.35891 1.6014 130680 0 1.79007 0.655282 0
-38.889 19.6784 -0.0264229 1.98567 4.65764 1.52843 138172 0 1.8415 0.650389 0
14.9163 67.6999 2.3095 1.9268 4.2661 1.58393 208540 0 -1.58573 0.649445 0
-56.2165 27.2822 0.202293 2.0145 4.50731 1.58805 149350 0 -1.17754 0.643607 0
14.5348 73.7831 2.27557 2.02912 4.65137 1.5522 217431 0 -1.54019 0.639275 0
54.217 5.36693 1.12672 2.0063 4.90281 1.76479 117403 0 1.61269 0.632612 0
18.7122 31.8289 1.42416 2.14751 4.93815 1.55151 156136 0 1.58689 0.629611 0
31.5253 35.7797 1.6387 2.08144 4.85928 1.67006 161792 0 1.62565 0.624364 0
-39.8895 17.1083 0.152034 1.88584 3.9925 1.72626 134425 0 1.81759 0.622881 0
-19.648 35.4231 1.1897 2.09199 4.74759 1.52415 161164 0 -1.15715 0.611405 0
31.2795 -7.09663 0.794292 0.853429 0.969717 1.63831 99079 0 -1.41163 0.608279 1
-47.5244 9.68718 -0.0358613 2.23745 5.13169 1.82071 123637 0 -1.28442 0.606597 0
36.3183 21.0402 1.38979 1.94522 4.51369 1.54627 140279 0 1.63069 0.602998 0
50.6616 34.9475 1.78995 2.04814 4.58912 1.5476 160916 0 -1.53888 0.599575 0
17.7509 28.6819 1.38274 2.0132 4.6827 1.45131 151453 0 1.58378 0.596097 0
-32.1674 42.0523 1.12849 1.97217 4.50465 1.64984 170953 0 1.86222 0.59316 0
30.8669 18.9653 1.18036 1.94516 4.56987 1.43261 137454 0 -1.54285 0.588654 0
-5.28149 44.2953 2.0543 2.04403 4.50897 1.65678 174313 0 -1.52562 0.587905 0
-48.1595 7.12691 -0.420682 2.06696 4.62828 1.63439 119891 0 -1.29529 0.564342 0
-62.2476 11.713 -0.446178 1.88467 4.21169 1.55149 126399 0 1.89002 0.56262 0
-32.7918 39.175 0.695928 2.0074 4.49026 1.52146 166739 0 1.93834 0.559588 0
-44.3166 58.4202 1.12433 2.13098 4.60647 1.71108 194783 0 -1.31476 0.552546 0
31.8588 -6.6511 0.626474 0.657137 0.730497 1.11842 100017 0 -1.42891 0.547927 1
2.10031 55.4954 2.30841 2.37336 5.55159 2.01805 190716 0 1.53855 0.546569 0
19.0438 40.7935 1.84519 2.07293 4.86333 1.51973 169241 0 1.62578 0.545742 0
-46.536 14.857 -0.191424 1.97091 4.29542 1.52563 131128 0 -1.29614 0.531908 0
-46.5158 56.1653 0.711507 1.99383 4.4311 1.54844 191500 0 -1.26581 0.526288 0
19.0526 46.5842 2.11971 2.00169 4.49597 1.60173 177665 0 1.58034 0.524179 0
-6.5514 31.9157 1.68534 2.19167 4.97797 1.6129 156057 0 1.60637 0.520662 0
0.836464 40.5092 1.65558 2.02167 4.62391 1.5229 168716 0 1.55399 0.518337 0
36.9549 26.9513 1.34558 2.21133 5.17383 1.56431 149173 0 1.70984 0.516342 0
-69.2569 5.23947 -0.520003 2.05139 4.58956 1.69889 117017 0 1.89947 0.514955 0
54.556 11.0987 1.26488 2.02449 4.63184 1.52812 125828 0 1.64913 0.513809 0
-45.8867 17.8327 -0.0323112 2.0562 4.62825 1.67285 135342 0 -1.2929 0.507286 0
31.8537 45.0104 1.94418 1.94901 4.4213 1.47116 175365 0 -1.57435 0.503134 0
-44.2855 23.185 0.249404 2.02803 4.50315 1.63563 143303 0 -1.2349 0.500977 0
51.6845 46.5783 1.87969 1.99058 4.5289 1.53945 177767 0 -1.59586 0.496655 0
-41.0928 11.6993 -0.175609 1.99375 4.35071 1.54958 126465 0 1.78624 0.494739 0
36.9909 30.2198 1.68456 2.39168 5.38303 1.88814 153853 0 -1.4594 0.493007 0
49.4304 20.3144 1.45496 2.01878 4.49486 1.57252 139384 0 -1.61032 0.492473 0
-4.34675 58.7558 2.21419 1.90944 4.39604 1.61661 195376 0 -1.53782 0.487635 0
-19.081 38.2261 0.810445 2.04013 4.64168 1.48112 165378 0 -1.20497 0.486949 0
-40.8225 11.9876 -0.120163 1.97505 4.23297 1.54156 126934 0 1.77141 0.47751 0
31.4788 -6.96452 0.770576 0.924403 1.10479 1.56034 99548 0 -1.44915 0.476272 1
12.2336 -9.50622 0.732154 0.816122 0.898631 1.69263 95744 0 0.0839386 0.476093 1
-24.4943 22.2482 0.586969 2.01532 4.45562 1.59147 141961 0 -1.35955 0.46976 0
-37.9356 22.2722 0.359123 1.94977 4.26317 1.77386 141919 0 1.80735 0.467717 0
4.61684 40.0385 1.7652 0.875992 0.793824 1.72632 168260 0 -0.0843021 0.465424 1
15.1564 -4.29828 0.651388 0.593287 0.657123 0.942454 103241 0 -0.500205 0.454629 1
14.1908 -4.70328 0.693796 0.739333 0.800142 1.38833 102770 0 -1.62869 0.452293 1
-22.2626 27.63 0.776146 2.05956 4.65842 1.56311 149924 0 -1.30259 0.449911 0
-5.62632 31.8479 1.71536 2.10481 4.79925 1.60338 156060 0 -1.49678 0.447306 0
-6.24194 31.9024 1.71353 2.22579 5.08395 1.60713 156058 0 2.36589 0.442259 0
-73.1911 -4.51068 -0.641182 0.87102 0.925243 1.77033 102497 0 -2.53999 0.435545 1
-38.6009 29.3156 0.608396 0.795968 0.852003 1.78085 152213 0 -2.6795 0.429592 1
32.1482 35.7648 1.69311 2.10117 4.98745 1.69827 161794 0 0.844676 0.428825 0
31.8496 -6.8019 0.65753 0.712862 0.78294 1.23314 99549 0 -1.40159 0.42815 1
-16.2833 -14.577 0.339642 0.890239 0.942067 1.70981 88167 0 1.51453 0.421597 1
1.71828 52.6315 1.85347 1.94228 4.37587 1.56452 186503 0 1.5463 0.418462 0
60.6279 19.0679 1.44818 2.16788 4.85261 1.82057 137547 0 -3.03917 0.416525 0
-27.0645 17.7315 0.540845 2.08532 4.68272 1.78185 135401 0 1.74956 0.415558 0
-24.1884 22.5441 0.586161 2.02483 4.494 1.5989 142430 0 -1.41379 0.41326 0
49.1152 23.5129 1.08155 1.96422 4.47273 1.5144 144063 0 -1.56472 0.395604 0
32.7982 56.7858 1.88475 1.98121 4.51093 1.52941 192684 0 -1.61747 0.393374 0
15.213 70.5881 2.37098 2.04051 4.62603 1.62126 212753 0 -1.56669 0.389259 0
74.7631 -5.62079 0.88845 1.94301 4.17194 1.54287 101555 0 -1.51525 0.38503 0
55.205 15.4755 1.08032 1.95679 4.38319 1.53862 132382 0 1.63498 0.381129 0
-42.0805 9.16959 -0.241501 2.03505 4.50948 1.57651 122718 0 1.81194 0.3794 0
-61.99 11.9181 -0.473308 1.88035 4.07623 1.53762 126868 0 1.94336 0.377689 0
37.3 35.1084 1.52744 0.801121 0.858798 1.59735 160874 0 1.57736 0.376921 1
19.9893 40.8112 1.8904 1.94466 4.29087 1.48591 169244 0 1.6174 0.376116 0
-29.9372 6.60155 -0.0108076 1.95492 4.45477 1.51144 119012 0 -1.24978 0.374563 0
14.9941 -4.28329 0.732215 0.636932 0.729039 1.07375 103240 0 -0.213045 0.366376 1
-5.59307 28.9981 1.49192 2.09386 4.8166 1.56809 151848 0 -1.48848 0.363252 0
-72.0589 -5.46528 -0.56868 0.892742 0.998205 1.85571 101096 0 0.635108 0.360874 1
54.2229 8.17952 0.985073 1.9083 4.44949 1.45054 121615 0 1.66963 0.355707 0
37.5941 44.5872 2.00385 1.96364 4.49583 1.50675 174915 0 1.59715 0.352515 0
14.9251 70.8591 2.33386 1.98157 4.44459 1.55801 213220 0 -1.57282 0.347533 0
1.44601 52.3721 1.84813 2.03332 4.69008 1.65791 186034 0 1.50199 0.347351 0
14.6379 58.178 1.99236 1.80554 4.07588 1.4444 194499 0 -1.39385 0.34699 0
-34.6968 33.4838 0.734675 1.97385 4.54068 1.52659 158309 0 1.95292 0.345809 0
21.2761 55.2107 2.20435 2.00071 4.44407 1.62781 190308 0 1.5949 0.345188 0
-28.9684 9.38751 0.0433994 2.02458 4.53499 1.52653 123227 0 -1.30305 0.335339 0
32.7342 -5.987 0.719961 0.80398 0.82598 1.52812 100956 0 -1.43032 0.334367 1
-4.64148 49.4769 1.91837 2.01322 4.65686 1.62089 181803 0 -1.50036 0.333804 0
49.4352 23.2314 1.10563 1.92581 4.4344 1.51943 143596 0 -1.545 0.330829 0
53.9291 28.9166 1.51114 1.97265 4.48517 1.50241 152034 0 -1.59508 0.330134 0
14.1639 -3.97354 1.00474 0.863798 0.931147 1.90898 103706 0 -0.93718 0.326678 1
49.1516 20.0664 1.44546 1.97731 4.35093 1.53894 138915 0 -1.53692 0.326271 0
32.4638 35.7653 1.68983 2.19569 5.28194 1.76492 161795 0 -1.53788 0.323354 0
-38.4851 22.5321 0.343015 2.13961 4.88431 1.83647 142385 0 1.81679 0.323135 0
-47.5705 6.89269 -0.35582 1.90649 4.1773 1.59566 119425 0 -1.2846 0.323127 0
-35.0105 30.3063 0.439785 1.89204 4.25627 1.45344 153628 0 1.50849 0.321267 0
-42.6937 9.15631 -0.21834 2.01388 4.40713 1.56706 122716 0 1.80846 0.317323 0
51.6972 37.625 1.88159 1.91833 4.3146 1.5532 164663 0 -1.57761 0.316964 0
-7.17471 32.1045 1.73881 2.10524 4.65571 1.62109 156523 0 1.61836 0.316393 0
-34.7267 30.2505 0.46261 1.88823 4.23847 1.43871 153629 0 -1.22158 0.31564 0
-5.87074 44.3309 2.03699 2.16951 5.05827 1.69731 174311 0 -1.36874 0.315209 0
-39.4546 19.6884 -0.0931257 1.81248 4.13017 1.4869 138170 0 1.86216 0.315071 0
-44.9396 58.6638 1.01843 2.41375 5.60893 1.91663 195249 0 -1.29512 0.312984 0
17.4714 28.399 1.40151 2.01791 4.63851 1.46138 150984 0 1.5915 0.31151 0
-22.8482 27.4134 0.770321 2.01221 4.57083 1.56674 149454 0 -1.33018 0.3113 0
32.4728 53.9771 1.72796 1.89452 4.3684 1.43064 188471 0 -1.50951 0.311104 0
74.7333 -9.14754 1.03647 2.03507 4.49013 1.66229 96407 0 -1.57892 0.311067 0
-69.5089 5.24727 -0.490065 2.19823 5.00755 1.77057 117016 0 2.54107 0.310873 0
18.3594 28.901 1.39502 2.02587 4.72747 1.47982 151923 0 1.6045 0.309924 0
-4.34652 49.7378 1.95338 2.02995 4.62105 1.6367 182272 0 -1.6103 0.308969 0
-27.3673 18.0313 0.544026 2.08842 4.67481 1.79988 135868 0 1.77521 0.308357 0
-71.957 -5.46703 -0.570392 0.889801 0.974844 1.84678 101097 0 1.32828 0.307479 1
-46.8883 12.3087 -0.370108 1.8949 4.15404 1.49761 127383 0 -1.2806 0.306406 0
54.9008 15.2382 1.02606 1.96499 4.49933 1.53978 131913 0 1.60376 0.305759 0
-30.5345 6.87376 -0.00447217 1.97184 4.513 1.50857 119478 0 1.53758 0.305756 0
-34.1219 33.4056 0.800734 2.08412 4.7115 1.54741 158311 0 1.95898 0.302061 0
-5.58453 59.0423 2.16985 1.96902 4.48996 1.64807 195840 0 1.62774 0.30104 0
37.3005 35.2643 1.53383 0.876844 1.01974 1.56748 161342 0 1.63538 0.299976 1
1.35622 43.9181 1.66333 1.8444 4.10631 1.45932 173866 0 1.67801 0.299006 0
2.66188 55.2818 2.27838 2.06669 4.71384 1.88627 190250 0 1.50037 0.298894 0
-44.1056 20.3293 -0.0878673 1.72563 3.64258 1.49409 139092 0 -1.30303 0.298158 0
19.6419 31.8582 1.38853 2.12255 4.74829 1.58455 156139 0 1.60562 0.298059 0
20.9834 55.4765 2.22097 1.96935 4.32733 1.6006 190775 0 1.57462 0.296962 0
-5.27062 68.2833 2.5584 2.07622 4.80275 1.62479 209413 0 -1.42528 0.293177 0
-6.85147 26.1559 1.55317 2.11126 4.94785 1.68906 147632 0 -1.43557 0.293176 0
-35.345 30.5359 0.415313 1.89843 4.27641 1.46451 154095 0 1.95026 0.29249 0
-3.3688 64.8568 2.39468 2.11207 4.83175 1.6614 204271 0 -1.50438 0.287101 0
32.5827 -6.04546 0.767989 0.873548 0.890626 1.59968 100955 0 -1.40809 0.285646 1
51.9726 37.8835 1.89144 2.01001 4.50804 1.61037 165132 0 -1.60012 0.285048 0
49.7149 20.6028 1.5085 2.15155 4.85664 1.66917 139853 0 -1.62481 0.284941 0
31.2356 45.2044 2.0163 2.08149 4.73457 1.51491 175831 0 -1.57869 0.284344 0
1.46937 52.8929 1.92642 2.02047 4.64132 1.63349 186970 0 1.55444 0.282428 0
45.9034 -30.615 -0.140923 1.94113 4.36676 1.62638 64961 0 -1.36166 0.279556 0
-69.5141 5.03001 -0.47316 2.17006 4.88992 1.75162 116548 0 -1.63962 0.278932 0
1.0518 69.9037 3.27198 2.22007 4.92739 1.92151 211773 0 3.07119 0.276306 0
-73.3261 -4.50936 -0.663112 0.88153 0.933882 1.77036 102496 0 -2.28324 0.275329 1
-30.5441 10.0344 0.119227 1.99783 4.5246 1.54105 124158 0 1.89512 0.273096 0
-3.99532 65.0641 2.4276 2.15759 4.87964 1.71612 204737 0 -1.48525 0.2729 0
12.9166 29.5207 1.38847 2.01404 4.7354 1.50448 152842 0 -1.56641 0.271375 0
31.4958 18.8016 1.14968 1.93194 4.52858 1.48645 136988 0 -1.52034 0.270691 0
54.8984 14.2611 1.06379 1.98255 4.51295 1.58128 130509 0 1.61848 0.268878 0
-67.6727 2.62927 -0.416992 0.837037 0.864038 1.77825 113278 0 -0.896695 0.268805 1
-31.588 41.7997 1.08592 1.82962 3.93305 1.59613 170487 0 1.85956 0.266646 0
49.4355 23.7698 1.18313 1.96601 4.51022 1.5231 144532 0 -1.57835 0.265717 0
50.0609 23.5094 1.27029 1.96535 4.38924 1.51074 144066 0 -1.60585 0.264693 0
49.1101 22.925 1.07828 1.95204 4.40178 1.50653 143127 0 -1.5761 0.264215 0
12.077 29.0404 1.38529 1.82008 4.16726 1.46773 151903 0 -1.4597 0.263724 0
55.7939 15.244 1.08554 2.00483 4.57283 1.59516 131916 0 1.6382 0.261034 0
-6.2309 29.2331 1.53941 2.18252 4.92785 1.6291 152314 0 -1.49336 0.260824 0
-67.6682 11.677 -0.587669 2.02703 4.53702 1.57846 126382 0 -1.14823 0.260705 0
-49.6825 4.4156 -0.345287 2.42127 5.71995 1.88605 115674 0 -1.3784 0.259391 0
-69.0071 5.50688 -0.560431 2.00657 4.41989 1.66745 117486 0 2.10222 0.257223 0
-35.3273 33.7975 0.701353 2.02014 4.55729 1.553 158775 0 2.0185 0.257104 0
-40.4846 30.2165 0.624342 1.93752 4.39155 1.56066 153611 0 1.92119 0.256123 0
74.438 -9.43444 0.919195 1.80373 3.96112 1.51882 95938 0 -1.46984 0.255985 0
31.2462 39.1021 1.87052 2.04717 4.62329 1.55586 166939 0 -1.52691 0.255787 0
-67.3789 12.0016 -0.632823 1.9603 4.36747 1.55749 126851 0 -1.14348 0.255103 0
31.7785 -7.20181 0.708066 0.761088 1.12838 1.45807 99081 0 -1.4269 0.254876 1
36.9041 21.1793 1.4418 2.14425 5.02464 1.62721 140749 0 1.62973 0.254513 0
20.9651 52.6107 2.50405 2.23242 5.12884 1.935 186563 0 1.54281 0.254495 0
1.49338 55.2643 2.38359 2.47567 6.18932 2.14338 190246 0 -1.83985 0.254296 0
2.66544 55.751 2.24122 2.34155 5.13113 1.98672 191186 0 1.6013 0.253495 0
33.7082 56.8186 1.90966 2.03885 4.566 1.65031 192687 0 -1.54841 0.251728 0
-36.2837 31.1835 0.579981 1.98789 4.38997 1.50073 155028 0 1.98503 0.251355 0
-47.1716 56.4364 0.67275 2.09095 4.71098 1.6084 191966 0 -1.24428 0.250824 0
-46.5604 12.0442 -0.389456 1.79036 3.92119 1.48907 126916 0 -1.31898 0.250305 0
14.1908 -4.81461 0.636874 0.677718 0.718753 1.16317 102302 0 -1.72167 0.250126 1
11.3992 -2.93093 0.733243 0.751333 0.856935 1.56665 105101 0 -0.0455299 0.249697 1
15.1502 -4.1375 0.705405 0.638449 0.703013 1.07537 103709 0 0.0212541 0.248911 1
47.9574 8.53583 0.976256 1.7536 3.64082 1.49729 122063 0 -1.4747 0.248108 0
36.6903 44.647 1.91601 1.87432 4.24416 1.48989 174912 0 1.59912 0.247928 0
-30.4989 6.61459 0.0180122 2.03567 4.65071 1.53535 119010 0 -0.189524 0.247579 0
74.7262 -9.73237 0.954336 2.06163 4.50546 1.69466 95471 0 -1.39632 0.245939 0
-68.7064 5.03178 -0.569965 1.66294 3.44587 1.56059 116551 0 1.91654 0.245178 0
46.5349 -27.9593 0.058512 2.01247 4.5676 1.69929 68707 0 -1.42513 0.244925 0
2.09412 54.9751 2.2586 2.29158 5.52213 2.00331 189780 0 1.5635 0.243796 0
33.1053 56.5643 1.94403 1.87922 4.22273 1.5148 192217 0 -1.6617 0.243542 0
-40.8376 11.4162 -0.176782 1.96566 4.24624 1.545 125998 0 1.76415 0.243539 0
20.3042 41.0315 1.91624 1.98987 4.44887 1.52847 169713 0 1.5882 0.242407 0
1.07335 40.2459 1.64423 1.96952 4.40993 1.52144 168249 0 1.5416 0.242079 0
-62.5128 11.4568 -0.427429 2.01293 4.47334 1.60311 125930 0 -1.42244 0.242076 0
50.7321 37.6213 1.78719 1.82467 4.15732 1.45886 164660 0 -1.56896 0.242057 0
37.6018 38.5769 1.74501 2.01433 4.5098 1.53314 166023 0 1.68097 0.240839 0
-24.7349 21.9967 0.593542 2.0066 4.50417 1.60386 141492 0 -1.30935 0.240613 0
-32.7311 42.3218 1.14119 2.29706 5.5989 1.85416 171419 0 1.83883 0.239564 0
33.4347 53.9527 1.82318 1.96118 4.39984 1.53735 188474 0 -1.52685 0.239109 0
-38.7996 29.3015 0.588552 0.789647 1.20403 1.76741 152212 0 -2.80325 0.238945 1
-67.6695 2.50028 -0.399308 0.844546 0.888368 1.8076 112810 0 -1.57783 0.238218 1
31.8617 54.1771 1.7279 1.93685 4.45642 1.45363 188937 0 -1.56597 0.238126 0
-4.3308 59.2541 2.29387 2.08249 4.62283 1.6977 196312 0 -1.56949 0.23762 0
-61.9485 11.4372 -0.466894 1.65631 3.57057 1.46391 125932 0 2.57244 0.237526 0
-0.530945 19.7881 1.31243 2.00705 4.67481 1.65489 138292 0 1.63861 0.237491 0
30.8619 21.3837 1.20105 1.71393 3.96223 1.35445 140730 0 -1.49713 0.236987 0
-45.3443 17.9879 -0.0519468 2.0531 4.6066 1.71233 135812 0 -1.30143 0.236703 0
14.9267 -4.09507 0.783038 0.667015 0.768347 1.23539 103708 0 -0.178968 0.236618 1
-30.8422 6.91319 -0.0204548 2.03136 4.62446 1.55884 119477 0 1.78361 0.236562 0
54.0239 11.3391 1.14912 1.70162 3.78238 1.38885 126294 0 1.66714 0.235506 0
-27.6432 17.519 0.52394 2.10147 4.65061 1.8159 134931 0 1.74452 0.235381 0
38.5617 38.5502 1.85863 1.97772 4.39816 1.60341 166026 0 1.65219 0.234509 0
-29.6579 6.80497 -0.0114816 1.90745 4.35018 1.50725 119481 0 -1.28801 0.23441 0
48.5282 23.2421 1.09586 1.93226 4.39958 1.55385 143593 0 -1.58672 0.233532 0
1.17419 55.5176 2.54436 2.62218 6.50462 2.27483 190713 0 -1.59764 0.233288 0
33.1042 54.1748 1.82854 1.91225 4.23308 1.48668 188941 0 -1.54915 0.232862 0
32.0648 -6.82855 0.599603 0.657092 0.731087 1.07443 99550 0 -1.42001 0.232574 1
-0.145287 26.6029 1.30032 2.02389 4.69266 1.54785 148589 0 1.64877 0.232539 0
-22.2291 27.1108 0.704516 1.98714 4.55496 1.54205 148988 0 -1.30294 0.232362 0
19.6566 40.582 1.90353 1.97765 4.41714 1.49074 168775 0 1.63563 0.23228 0
-4.61726 50.0175 1.97683 2.07372 4.66861 1.6476 182739 0 -1.66915 0.230639 0
-19.9709 38.5632 1.03831 2.03269 4.4939 1.46979 165843 0 -1.24402 0.229558 0
-21.6465 27.3627 0.731254 2.03022 4.57955 1.56797 149458 0 -1.29522 0.229162 0
-40.5412 12.2769 -0.0270458 2.05036 4.29968 1.55981 127403 0 1.75285 0.228608 0
38.2121 44.3935 2.01962 1.91115 4.36817 1.50541 174449 0 1.60718 0.228465 0
14.9228 70.3176 2.36654 1.93861 4.35646 1.54941 212284 0 -1.53867 0.228403 0
-36.6616 21.9826 0.344052 2.02292 4.6511 1.82427 141455 0 1.81554 0.228041 0
1.3473 43.4508 1.64367 1.80419 3.9652 1.44332 172930 0 1.54726 0.227469 0
-22.5915 -9.37104 0.873941 0.796089 0.858485 1.78279 95635 0 1.12988 0.22741 1
19.629 46.7896 2.15854 2.19041 4.98298 1.72256 178135 0 1.59054 0.227352 0
1.37711 40.7717 1.64629 1.96685 4.40446 1.52507 169186 0 1.54488 0.227138 0
-6.21172 22.9358 1.29483 1.99082 4.66641 1.50434 142954 0 -1.55794 0.225603 0
11.8792 26.3241 1.27427 2.17733 5.20516 1.58551 148159 0 -1.55591 0.225573 0
14.4683 -4.66618 0.752451 0.75094 0.848158 1.30529 102771 0 -1.28305 0.224869 1
48.5169 20.3382 1.33301 2.10853 4.79384 1.63171 139381 0 -1.58757 0.224333 0
1.09213 70.542 3.21595 2.55993 6.03416 2.19435 212709 0 3.02742 0.22422 0
20.993 54.9366 2.19218 1.90446 4.22697 1.58865 189839 0 1.63638 0.222918 0
-30.5837 7.12785 -0.0481381 1.9165 4.35675 1.50553 119946 0 1.93565 0.22212 0
50.387 23.2295 1.305 1.94896 4.32052 1.49609 143599 0 -1.58655 0.221299 0
51.051 37.8802 1.86278 1.91115 4.23801 1.5099 165129 0 -1.5757 0.22119 0
14.1764 -3.78799 0.944797 0.836704 0.913494 1.86037 104174 0 -0.515824 0.221177 1
32.495 -6.45129 0.755201 0.8007 0.852815 1.52755 100019 0 -1.44638 0.221048 1
-38.5681 29.5041 0.625882 0.807698 1.19992 1.77606 152681 0 -2.46242 0.220626 1
15.4314 67.9048 2.26849 2.26891 5.20938 1.81024 209010 0 -1.60296 0.220318 0
-61.6864 11.6705 -0.505676 1.65156 3.53539 1.46776 126401 0 2.07723 0.220207 0
-33.3807 39.4679 0.809922 2.20065 5.0051 1.65437 167205 0 1.90874 0.219666 0
20.9645 58.3899 2.36344 1.99717 4.40969 1.59225 194987 0 1.56778 0.21939 0
21.2756 58.0985 2.36027 2.04967 4.52034 1.64764 194520 0 1.57053 0.219211 0
-29.9498 9.79942 0.0664379 1.89237 4.12194 1.50207 123692 0 1.84303 0.219155 0
-46.2877 12.2558 -0.374149 1.87449 4.11099 1.50479 127385 0 -1.30646 0.219118 0
69.1773 2.63346 0.914353 0.794782 0.855853 1.70748 113706 0 -1.42022 0.218703 1
54.5353 28.7187 1.55861 2.05542 4.69355 1.60749 151568 0 -1.57508 0.218611 0
-20.0143 35.8871 1.21239 2.0852 4.69601 1.52415 162099 0 -1.17925 0.218169 0
13.694 73.7442 2.12859 1.89254 4.23011 1.43856 217428 0 -1.53683 0.218079 0
-5.85589 41.0233 1.75937 2.07977 4.64438 1.50077 169631 0 -1.58466 0.217869 0
36.8851 12.214 1.19137 2.13354 5.03306 1.66895 127645 0 1.64169 0.216747 0
-25.083 22.5017 0.59406 2.05219 4.55044 1.56516 142427 0 -1.3597 0.215712 0
18.1465 31.6321 1.40429 2.01386 4.57786 1.53635 155666 0 1.57519 0.215509 0
52.6567 49.4397 2.05254 1.98621 4.38689 1.62454 181982 0 -1.60407 0.21529 0
37.9099 38.8505 1.79965 2.03207 4.53703 1.59341 166492 0 1.65681 0.214489 0
-42.4028 8.84521 -0.267061 2.00961 4.4224 1.58753 122249 0 1.82063 0.21427 0
30.6098 44.9738 1.92738 1.97232 4.51645 1.51152 175361 0 1.54323 0.213701 0
38.2514 38.2558 1.80158 1.98461 4.39637 1.58335 165557 0 1.68372 0.213624 0
-4.58361 58.4737 2.1908 1.72508 3.90623 1.52855 194907 0 -1.46445 0.213419 0
-4.6953 44.1083 1.96404 2.02913 4.66676 1.70389 173847 0 -1.52381 0.213061 0
-5.2504 49.7165 1.96917 2.12446 4.92265 1.72662 182269 0 -1.58844 0.212961 0
-5.5848 49.4533 1.96736 2.09283 4.75107 1.72331 181800 0 1.50052 0.212043 0
14.0024 73.9735 2.21457 2.00311 4.36243 1.47725 217897 0 -1.56379 0.211989 0
54.5348 11.5935 1.24039 2.10718 4.85535 1.58333 126764 0 1.58917 0.211637 0
55.1869 14.5506 1.03017 1.99518 4.58513 1.60021 130978 0 1.57268 0.211448 0
53.9698 7.92801 1.03233 1.68651 3.89294 1.42084 121146 0 1.69088 0.21092 0
30.623 38.9511 1.76611 1.90617 4.3689 1.53356 166469 0 1.58871 0.210889 0
-4.33895 49.1868 1.93486 2.01393 4.50964 1.60759 181336 0 -1.4662 0.2104 0
51.4172 46.3338 1.85182 1.78439 3.91109 1.45013 177298 0 -1.56695 0.20969 0
17.7701 29.1969 1.37324 1.95625 4.5218 1.49689 152389 0 1.60298 0.209236 0
-53.694 48.064 0.665761 2.09505 4.53177 1.54612 179778 0 -0.896861 0.20891 0
14.1992 -4.27877 0.904305 0.823578 0.905759 1.76493 103238 0 -1.18835 0.208859 1
-45.2878 17.5217 -0.061738 2.0827 4.71512 1.74749 134876 0 -1.26041 0.208043 0
50.7042 23.5166 1.34396 1.998 4.43317 1.50849 144068 0 -1.73292 0.208034 0
32.5595 56.5528 1.87429 1.97325 4.49212 1.5123 192215 0 2.22279 0.207068 0
32.0768 -14.1642 0.611382 0.770474 0.784118 1.6602 88786 0 -3.11331 0.206965 1
55.1937 14.9181 1.02856 2.01588 4.62863 1.58545 131446 0 1.58561 0.206939 0
51.1313 46.5629 1.88882 1.79566 3.94028 1.4587 177765 0 -1.57474 0.206456 0
15.1583 65.0067 2.09286 2.22484 5.12435 1.70427 204797 0 -1.56531 0.206445 0
-23.8944 22.8532 0.590978 2.0165 4.55684 1.60824 142899 0 -1.41734 0.205975 0
18.7586 46.3404 2.06242 1.91718 4.29727 1.59962 177196 0 1.60985 0.205155 0
69.0744 2.62951 0.903802 0.790702 0.822185 1.70983 113705 0 1.29034 0.20464 1
14.9144 64.292 2.15756 2.02744 4.63739 1.58118 203392 0 -1.47034 0.204083 0
14.5298 -4.30871 0.847299 0.736658 0.883566 1.5231 103239 0 -1.01231 0.203984 1
55.5468 34.0816 1.75844 2.00867 4.53244 1.66214 159527 0 1.60186 0.203883 0
51.6741 47.1203 1.91933 2.22188 5.05068 1.68312 178703 0 -1.45381 0.202772 0
-30.2067 6.31439 0.00667258 2.02916 4.61765 1.54355 118543 0 -1.16264 0.202072 0
-34.7556 30.4673 0.439979 1.90551 4.31613 1.45465 154097 0 -1.88181 0.201824 0
21.2877 67.0684 2.2924 2.0658 4.6429 1.68272 207624 0 1.65803 0.201806 0
-47.4514 12.3534 -0.290011 2.05703 4.59184 1.58062 127381 0 -1.26727 0.201057 0
-67.9439 11.3778 -0.54147 2.1284 4.77935 1.62859 125913 0 -1.15109 0.200846 0
-5.264 58.8034 2.17612 1.8059 4.10124 1.56739 195373 0 1.60647 0.200583 0
14.0437 -4.69128 0.71835 0.742724 0.821438 1.39573 102769 0 -1.91013 0.200473 1
32.5219 57.0086 1.94205 2.04548 4.67755 1.53617 193151 0 -1.8397 0.20041 0
-4.66058 68.0717 2.5154 1.87176 4.32287 1.57866 208947 0 -1.45521 0.200333 0
22.2296 67.0514 2.32717 2.01878 4.55347 1.64805 207627 0 1.68124 0.199607 0
32.7973 -5.67307 0.646082 0.714269 0.786697 1.38978 101424 0 -1.23974 0.199453 1
-38.2032 22.0129 0.307922 1.90856 4.22807 1.73626 141450 0 1.79351 0.19893 0
32.1206 44.7209 1.86283 1.8479 4.13511 1.46575 174898 0 -1.54937 0.198618 0
14.6457 67.4631 2.2842 1.74037 3.84225 1.49324 208071 0 -1.58034 0.198599 0
32.5202 55.538 1.92676 1.99555 4.31332 1.52935 190811 0 -3.06585 0.198594 0
31.5702 38.6683 1.83776 1.80674 4.07429 1.52867 166004 0 -1.50863 0.198005 0
13.3999 38.0391 1.71396 1.75713 3.82436 1.5323 165011 0 -1.5201 0.197568 0
-67.085 12.3113 -0.624412 1.92109 4.24473 1.54054 127320 0 -1.13582 0.197403 0
31.9383 -14.1447 0.600962 0.785572 0.806544 1.66438 88785 0 -3.12635 0.197002 1
-20.6775 29.6699 0.800995 1.94298 4.22253 1.43323 152737 0 -1.25913 0.1966 0
15.3969 -4.31919 0.677826 0.633087 0.687389 1.01054 103242 0 -1.35591 0.196109 1
-43.4318 22.9125 0.15947 1.98893 4.44864 1.69561 142838 0 -1.27307 0.195765 0
54.8863 15.7461 1.14098 1.97355 4.40904 1.53633 132849 0 1.68285 0.19471 0
38.5742 37.9559 1.85701 1.96514 4.3448 1.60289 165090 0 1.68435 0.194291 0
51.7048 38.1759 1.86625 1.95119 4.33586 1.56215 165599 0 -1.60061 0.193833 0
-29.3093 9.66588 0.0428254 2.02053 4.51336 1.52126 123694 0 2.35367 0.193541 0
-39.5739 14.3387 -0.0449 1.84377 4.1861 1.55562 130214 0 1.72571 0.19343 0
-53.8899 47.2983 0.606343 1.79361 4.01135 1.46101 178373 0 -1.32335 0.193332 0
-40.7409 29.9626 0.524325 2.03437 4.61129 1.61776 153142 0 1.90575 0.193225 0
12.0792 -9.69475 0.776265 0.844519 1.18447 1.70939 95275 0 0.0992918 0.192112 1
0.682312 28.9707 1.36847 1.67528 3.65732 1.47662 151868 0 1.63317 0.191764 0
-35.9878 34.1044 0.797346 1.97996 4.38551 1.54753 159241 0 2.06768 0.191248 0
-5.01877 29.2116 1.39031 2.03645 4.77714 1.52337 152318 0 -1.5111 0.191235 0
14.5161 -4.00049 0.933892 0.779919 0.87732 1.69856 103707 0 -0.755885 0.19103 1
31.7472 31.0759 1.32521 2.45023 6.12605 1.64157 155241 0 1.55974 0.190192 0
-45.6513 14.6032 -0.354101 1.99528 4.37982 1.55962 130663 0 -1.26931 0.189859 0
72.698 -9.22431 0.621323 0.824434 0.899031 1.70563 96401 0 -2.57131 0.189129 1
49.4696 20.8859 1.50093 2.07631 4.56501 1.62379 140320 0 -1.65966 0.188986 0
32.4011 45.2089 1.96567 2.06255 4.72436 1.54684 175835 0 -1.57674 0.188963 0
20.9613 57.7741 2.33303 1.98521 4.39041 1.59967 194051 0 1.56381 0.188338 0
-4.61723 65.1137 2.43936 2.23741 5.15201 1.83326 204735 0 -1.11689 0.187601 0
36.997 44.3885 1.84296 1.85399 4.23819 1.46228 174445 0 1.60394 0.18759 0
29.8883 6.51364 1.22316 0.770472 0.859108 1.71794 119199 0 0.000505972 0.18736 1
32.2164 56.8135 1.86243 1.97232 4.5013 1.50374 192682 0 1.64831 0.187238 0
-40.3856 17.3501 0.0361895 2.17283 4.83579 1.79867 134891 0 1.82346 0.186704 0
-33.7649 32.8674 0.82004 2.09052 4.6675 1.53397 157376 0 2.03783 0.186282 0
-14.5418 71.186 2.291 2.04125 4.60524 1.77276 213596 0 -1.56711 0.185437 0
-4.00191 55.2044 2.14441 1.99374 4.4065 1.59512 190229 0 -1.67139 0.185402 0
54.8597 23.1832 1.46717 2.05253 4.64765 1.67337 143613 0 1.60363 0.185019 0
51.3711 37.3515 1.84694 1.83888 4.07224 1.52705 164194 0 -1.53959 0.184708 0
-22.8549 27.909 0.855873 2.07557 4.6663 1.61287 150390 0 -1.31727 0.184244 0
53.3397 28.7337 1.4865 1.99035 4.49424 1.51188 151564 0 1.55868 0.184142 0
17.1999 28.8836 1.34851 2.00841 4.65513 1.49774 151919 0 1.59786 0.184028 0
72.7004 -9.32626 0.588618 0.800957 0.894052 1.72551 95933 0 -1.78674 0.183907 1
52.9513 49.1483 2.07236 2.0504 4.60382 1.68335 181515 0 -1.57545 0.18298 0
-0.815186 20.5088 1.31825 2.09262 4.78425 1.62454 139695 0 1.69506 0.182388 0
54.8092 5.49273 1.03357 2.07658 4.98725 1.85613 117873 0 1.60859 0.182231 0
20.9605 67.3496 2.29109 1.99899 4.50892 1.64457 208091 0 1.71648 0.182201 0
-4.31708 55.5291 2.14209 1.99933 4.50707 1.63441 190696 0 -1.58259 0.182074 0
13.0455 43.7797 1.73105 1.9178 4.1545 1.676 173434 0 -1.52249 0.181886 0
32.4096 39.1033 1.88631 2.14459 4.85198 1.62307 166943 0 -1.50673 0.181448 0
12.4275 32.236 1.49448 1.68905 3.63369 1.41933 156584 0 -1.4996 0.181005 0
1.10175 41.037 1.63103 1.98148 4.49229 1.54572 169653 0 1.59625 0.180913 0
14.1411 -3.06809 0.800023 0.779408 0.867678 1.64513 105110 0 -0.481192 0.180728 1
-27.0306 17.2156 0.529664 2.04332 4.54492 1.75578 134465 0 1.698 0.180698 0
18.4515 41.0306 1.74964 2.02034 4.70804 1.49955 169707 0 1.63191 0.180586 0
60.0112 12.9479 1.24554 2.11579 4.71226 1.72966 128653 0 -3.0781 0.180577 0
13.541 47.4067 1.79732 2.17123 5.1041 1.68733 179052 0 -1.5775 0.180357 0
72.5946 -9.33575 0.569002 0.790087 0.854663 1.72958 95932 0 -2.56033 0.179983 1
50.0659 22.9313 1.23715 1.93041 4.33696 1.50617 143130 0 -1.53341 0.179843 0
-5.27377 49.1839 1.9736 2.02181 4.59616 1.63769 181333 0 -1.39126 0.179521 0
18.4452 46.7857 2.13804 2.07254 4.52433 1.6557 178131 0 1.61242 0.179158 0
53.6708 8.18913 1.01291 1.65239 3.79029 1.41773 121613 0 1.69435 0.17841 0
-4.06277 58.47 2.14713 1.98502 4.56023 1.64903 194909 0 -1.49087 0.178171 0
-6.88427 36.9574 1.9793 2.1887 5.01099 1.71742 163544 0 -1.54209 0.178091 0
12.5254 -6.18613 0.779872 0.933518 1.2064 1.76086 100425 0 -0.130884 0.177799 1
-3.72533 49.4691 1.9507 2.03819 4.67064 1.67679 181806 0 -1.53479 0.177409 0
14.9707 55.0142 2.12453 1.79028 3.91729 1.53194 189820 0 -1.45999 0.177169 0
48.2048 23.5187 1.14098 2.0083 4.51609 1.56005 144060 0 -1.58937 0.176861 0
-2.75037 65.0358 2.40863 2.09525 4.65841 1.6739 204741 0 -1.54035 0.176831 0
-20.6163 38.8515 1.29329 2.0646 4.58502 1.5829 166309 0 -1.23934 0.17625 0
49.4359 19.7818 1.45031 2.02483 4.52331 1.57913 138448 0 -1.4979 0.176105 0
42.7154 55.1986 2.46927 2.0254 4.54832 1.65071 190375 0 3.11211 0.17588 0
-42.1029 9.66043 -0.221015 2.00186 4.40204 1.52127 123654 0 1.83062 0.174976 0
52.9397 49.7267 2.12101 2.0925 4.72783 1.70825 182451 0 -1.62923 0.174974 0
1.71424 52.0634 1.82243 1.95404 4.37936 1.60188 185567 0 1.49264 0.174859 0
-5.88844 28.7363 1.55698 2.07456 4.6578 1.58726 151379 0 -1.48816 0.174841 0
55.1803 22.8968 1.4617 2.07767 4.68225 1.69786 143146 0 1.7121 0.17479 0
74.4372 -8.84797 0.911758 1.8999 4.14841 1.55302 96874 0 -1.5915 0.174483 0
32.068 -6.62768 0.67843 0.742014 0.871566 1.24466 100018 0 -1.44603 0.174422 1
0.362221 26.164 1.2368 1.74389 3.95226 1.40768 147655 0 1.5921 0.173936 0
21.2937 54.6116 2.19317 1.92899 4.27594 1.63047 189372 0 1.67583 0.173799 0
5.45638 -4.49913 0.802568 0.999728 1.07121 1.76533 102743 0 1.63486 0.173691 1
-22.8664 27.0761 0.76042 1.99681 4.46512 1.54424 148986 0 -1.31153 0.173616 0
-46.967 9.48274 -0.0684579 1.95953 4.15972 1.69935 123171 0 -1.28812 0.173582 0
54.3093 15.5182 1.11697 1.96111 4.46687 1.55628 132379 0 1.61673 0.173473 0
15.4352 67.4604 2.18657 2.14017 5.06614 1.74681 208074 0 -1.51344 0.173376 0
21.2741 58.6907 2.4041 2.04095 4.48632 1.65148 195456 0 1.56212 0.172691 0
14.0439 -3.96591 0.851893 0.804075 0.820057 1.84322 103705 0 -1.20829 0.172626 1
-17.4972 22.6739 0.8339 1.85997 3.98065 1.57465 142451 0 1.5711 0.172614 0
-41.7802 8.85312 -0.265333 2.09364 4.66916 1.58733 122251 0 1.79635 0.172292 0
-4.31611 54.8985 2.14614 1.9871 4.44986 1.6265 189760 0 -1.7338 0.172121 0
15.1443 74.017 2.63417 2.2967 5.36858 1.8976 217901 0 -1.65775 0.171999 0
-15.8375 71.2125 2.26195 2.02135 4.52846 1.78207 213592 0 1.58671 0.171966 0
44.9663 -28.9784 0.118032 1.98022 4.33824 1.6831 67298 0 0.13852 0.171825 0
-64.7348 7.17683 -0.450694 2.21857 4.98536 1.76102 119839 0 -1.29288 0.171706 0
-48.7251 6.96288 -0.373283 2.34222 5.36927 1.82078 119421 0 -1.33125 0.171566 0
50.406 23.7959 1.35388 1.97164 4.34832 1.5021 144535 0 -1.64912 0.171547 0
-2.74237 37.3302 2.2709 0.869401 0.886076 1.68367 164025 0 -1.41072 0.171506 1
-43.4096 58.1278 1.05938 2.23845 5.0729 1.7452 194318 0 -1.29382 0.171294 0
30.3268 21.8141 1.20758 2.08508 4.77328 1.45468 141664 0 -1.54019 0.171277 0
14.6097 71.1348 2.28984 1.91599 4.21747 1.4975 213687 0 -1.59446 0.171242 0
-4.01536 55.8284 2.09338 1.95588 4.3234 1.57852 191165 0 -1.55174 0.170991 0
15.1847 -4.51373 0.672474 0.672403 0.753814 1.04285 102773 0 -0.435232 0.170849 1
42.7843 53.2024 2.13489 0.786177 0.759761 1.66198 187567 0 2.29827 0.170709 1
-5.89606 44.0957 2.00436 2.09642 4.81843 1.68096 173843 0 1.04723 0.170643 0
49.4316 22.6168 1.1895 1.94614 4.37188 1.51946 142660 0 -1.53954 0.170167 0
-39.4613 19.4373 -0.107106 1.61853 3.68653 1.44857 137702 0 1.85752 0.169964 0
-47.1698 51.6808 0.926525 2.12258 4.8866 1.69141 184946 0 1.54001 0.169446 0
-42.0964 8.50742 -0.308042 2.09097 4.67957 1.62247 121782 0 1.79542 0.1692 0
-24.4677 21.6912 0.581337 2.01953 4.49257 1.64427 141025 0 -1.32682 0.168757 0
52.2364 46.5896 1.8781 2.29842 5.51954 1.79699 177769 0 -1.57021 0.168476 0
43.9974 54.5798 2.42828 1.9806 4.42676 1.59415 189443 0 -2.57307 0.168304 0
-29.0004 9.65322 0.0477597 2.02823 4.53646 1.53242 123695 0 -2.67774 0.16748 0
-23.4694 27.6747 0.920528 2.08464 4.69184 1.63475 149920 0 -1.32056 0.167367 0
-6.22661 49.7449 1.94674 2.13105 4.80812 1.80597 182266 0 1.59419 0.167226 0
-25.4056 22.5342 0.604438 2.09279 4.65818 1.56285 142426 0 1.43648 0.167188 0
36.0583 11.8036 1.17405 2.07057 4.55294 1.65648 126706 0 1.70799 0.167026 0
37.2797 44.8612 2.04316 1.97338 4.36531 1.51655 175382 0 1.62439 0.166903 0
51.9715 37.3673 1.83461 2.02489 4.53832 1.63273 164196 0 -1.51526 0.166325 0
15.737 55.431 2.25257 2.30331 5.37834 1.8463 190759 0 -1.53355 0.166235 0
43.6754 54.8792 2.46879 2.00265 4.4826 1.6098 189910 0 -2.76214 0.166177 0
12.3543 28.7479 1.3665 1.83226 4.21907 1.4786 151436 0 -1.42031 0.165472 0
66.9877 28.3539 2.56377 0.830106 0.853387 1.78101 151139 0 -1.21395 0.165343 1
20.3591 55.2214 2.1306 1.86364 4.12781 1.48495 190305 0 1.6023 0.164907 0
-4.30835 56.1245 2.05114 1.9917 4.5073 1.60447 191632 0 -1.52725 0.164724 0
-2.75957 37.576 2.67386 0.891839 0.901895 1.72951 164493 0 -0.883147 0.164549 1
72.5987 -9.2244 0.609268 0.811996 0.871094 1.71657 96400 0 2.94442 0.164309 1
42.8057 53.0444 2.13921 0.71668 0.689495 1.69809 187099 0 2.97173 0.164291 1
-4.33329 57.8244 2.12216 1.94165 4.33672 1.59986 193972 0 -1.57686 0.164059 0
-18.1057 -15.2232 -0.0214076 1.98744 4.40025 1.53278 87225 0 2.78825 0.163964 0
19.6298 37.7146 1.84438 2.14619 4.84046 1.69615 164563 0 1.6049 0.16374 0
18.1533 32.0583 1.406 2.08197 4.74959 1.57448 156602 0 1.61972 0.163737 0
60.3824 17.732 1.43405 2.27334 5.24467 1.95223 135674 0 0.121689 0.163651 0
42.9508 53.0279 2.15088 0.741101 0.69029 1.70295 187100 0 2.97327 0.163617 1
13.3056 46.6893 1.72346 1.95025 4.48365 1.54521 177647 0 -1.50472 0.162902 0
-60.0062 17.1388 -0.345769 2.082 4.68698 1.62584 134362 0 1.80522 0.16252 0
