44.3073 -6.91817 1.44458 2.92578 7.87186 3.18857 99588 0 1.6337 0.963602 0
18.4032 11.7325 1.05258 2.12839 4.82441 1.52459 126651 0 1.65477 0.952226 0
23.2751 10.1078 1.02969 2.072 4.8724 1.52383 124326 0 0.0945603 0.949498 0
-13.3046 6.29607 0.708306 2.04704 4.82858 1.45984 118596 0 -2.88094 0.946508 0
-6.82671 11.348 0.996588 2.00842 4.60963 1.45916 126104 0 -1.47299 0.938927 0
10.6738 12.7399 1.19351 2.24543 5.21483 1.90465 128031 0 -1.56704 0.937693 0
-38.8578 -5.05359 -0.59153 2.03936 4.48146 1.53721 102136 0 -1.56017 0.921486 0
-0.882912 17.1157 1.35809 2.10021 4.81275 1.84349 134547 0 1.6331 0.916331 0
-1.87744 11.0387 1.16808 2.04072 4.52588 1.79198 125652 0 1.62936 0.907247 0
30.8723 9.34148 1.14455 2.02105 4.52219 1.70756 123414 0 -1.47213 0.901885 0
36.0675 9.0625 1.0329 1.99145 4.56324 1.5228 122962 0 1.66734 0.898572 0
6.4595 26.7244 1.37515 2.09039 4.679 1.54461 148610 0 0.0602384 0.894995 0
10.7035 15.8491 1.23404 2.22726 5.13764 1.8661 132711 0 -1.5331 0.890489 0
-6.5584 17.4668 1.07896 2.07133 4.79634 1.56662 134997 0 -1.51827 0.878589 0
-44.6479 -11.1197 -0.813986 2.08054 4.50664 1.78325 93226 0 0.011274 0.875275 0
-18.7509 19.7328 0.985399 2.13451 4.70542 1.93835 138235 0 1.71929 0.870065 0
-6.56104 20.297 1.17164 2.14081 5.12138 1.45847 139209 0 -1.52999 0.867655 0
17.3711 22.8399 1.46993 2.12674 4.97647 1.6966 143028 0 1.6254 0.86697 0
13.2742 41.152 1.8916 2.11584 4.88345 1.87 169691 0 -1.5105 0.866257 0
48.7442 5.70297 1.09944 2.18017 5.07943 1.87651 117854 0 -1.47976 0.864698 0
-20.6293 32.7231 1.1562 2.39592 5.49731 1.84401 157417 0 -1.20514 0.864507 0
-42.0929 -11.6591 -0.799534 1.98945 4.37875 1.61883 92298 0 0.0213222 0.862793 0
17.7118 19.9853 1.19306 2.05158 4.79625 1.49251 138817 0 1.63464 0.85428 0
11.3671 19.4282 1.17134 1.9719 4.55003 1.52292 137861 0 -1.62475 0.845813 0
11.7221 22.3107 1.41448 1.93968 4.34788 1.71266 142074 0 -1.54531 0.842326 0
31.1997 30.9448 1.3575 2.1254 4.90116 1.53652 154771 0 1.57835 0.838442 0
18.6121 15.4127 1.23842 2.23015 4.94518 1.70319 132268 0 1.6005 0.834715 0
-18.3982 13.998 0.843109 2.06725 4.67882 1.77198 129812 0 1.75725 0.83389 0
48.2078 8.52935 1.01711 1.92535 4.19719 1.58953 122064 0 -1.5069 0.832783 0
0.139275 29.0014 1.35439 2.00591 4.59411 1.60634 151866 0 1.59558 0.827958 0
-19.016 11.4825 0.850198 1.98849 4.49982 1.76673 126066 0 1.67996 0.825725 0
-29.6545 6.59963 -0.0704143 2.06463 4.6775 1.52179 119013 0 -1.28565 0.822664 0
-42.8004 5.86858 -0.267392 1.76329 3.85773 1.45516 118036 0 1.84913 0.817409 0
30.6078 15.9484 1.29675 2.00939 4.40007 1.68342 132773 0 -1.50283 0.811631 0
11.9159 -5.97748 0.842657 0.89499 0.964759 1.76967 100891 0 1.77057 0.80975 1
17.4403 25.7457 1.58162 2.2605 5.34871 1.70591 147240 0 1.62101 0.80974 0
-0.431786 22.9096 1.39208 2.17627 5.12159 1.86345 142972 0 -1.47217 0.807564 0
-19.7057 7.9667 0.67513 2.03166 4.54594 1.53021 120916 0 1.60845 0.805393 0
-36.5424 -11.6625 -0.716046 2.3842 5.3463 2.07589 92315 0 0.0200299 0.803626 0
11.4255 26.1304 1.30792 1.90149 4.39302 1.49949 147689 0 -1.53095 0.799285 0
12.9623 32.3815 1.42638 2.10566 4.93572 1.50581 157054 0 -1.50335 0.798324 0
36.3247 12.087 1.23055 2.07345 4.82585 1.66078 127175 0 1.61715 0.797589 0
13.8836 38.1562 1.69739 2.0949 4.8654 1.60034 165481 0 -1.52042 0.792473 0
26.371 3.89783 1.07743 0.864048 0.946846 1.73843 115444 0 0.177217 0.791744 1
-6.26656 14.4857 1.02133 2.03682 4.61974 1.51235 130786 0 -1.47375 0.786126 0
31.1827 27.585 1.36664 2.12411 4.95801 1.47047 150091 0 1.59766 0.782125 0
-0.146278 26.1439 1.29005 2.01234 4.6604 1.48475 147653 0 1.56345 0.776368 0
-18.1159 22.8754 0.828192 1.97403 4.41965 1.55762 142917 0 1.61829 0.773861 0
-53.9332 47.7742 0.671785 2.0315 4.47513 1.54397 179309 0 -1.10555 0.773506 0
13.3094 44.008 1.77564 2.00475 4.47926 1.6407 173903 0 -1.53351 0.766454 0
0.408508 31.6291 1.62512 2.03017 4.60762 1.86531 155611 0 1.61047 0.765874 0
-41.1496 11.6912 -0.173347 1.73592 3.94743 1.44898 126465 0 1.85699 0.764965 0
15.2167 55.2245 2.16391 1.98432 4.42461 1.61246 190289 0 -1.459 0.764458 0
-0.795555 20.2406 1.25802 2.09963 4.90978 1.59896 139227 0 1.64291 0.756567 0
-1.19836 14.1338 1.09397 1.90951 4.2729 1.58462 130334 0 1.70857 0.746206 0
-18.4581 16.8821 0.67829 1.82562 4.10877 1.49562 134024 0 1.72355 0.744532 0
9.16515 -1.04048 0.888748 0.903572 1.0264 1.73449 107902 0 -3.0343 0.732308 1
12.6405 29.2385 1.40892 1.97113 4.5879 1.45845 152373 0 -1.48204 0.731844 0
33.0113 -6.25582 0.777267 0.89166 0.919803 1.59702 100489 0 -1.0736 0.731184 1
-61.3627 14.5235 -0.379812 1.98969 4.3706 1.65379 130614 0 -1.14899 0.729942 0
31.208 12.2486 1.09131 1.8936 4.51545 1.50423 127627 0 1.60691 0.729747 0
-71.7698 -4.98378 -0.628821 0.869739 0.96273 1.88098 102033 0 -3.03559 0.728182 1
-44.3844 20.3546 -0.0586282 1.91246 4.25104 1.51571 139091 0 -1.24926 0.724145 0
-40.4788 14.5457 -0.118091 2.03277 4.4278 1.58809 130679 0 1.84185 0.721536 0
14.8976 58.3811 2.05317 1.9885 4.5394 1.52265 194968 0 -1.39851 0.719329 0
50.6791 34.9526 1.68144 2.08154 4.73872 1.53158 160916 0 -1.53424 0.718922 0
-5.87286 26.1168 1.54694 2.04725 4.64131 1.68489 147635 0 -1.50749 0.71685 0
-28.645 9.15824 -0.0287058 1.96499 4.3795 1.49952 122760 0 -1.34765 0.715209 0
13.2986 46.9292 1.74877 1.89507 4.327 1.50228 178115 0 -1.55659 0.711402 0
30.8727 21.6793 1.20482 1.85946 4.32964 1.38239 141198 0 -1.51904 0.707337 0
-49.1221 4.38255 -0.328818 2.11781 4.71747 1.73338 115676 0 -1.40214 0.698732 0
1.08955 43.6863 1.63717 1.96727 4.468 1.49168 173397 0 1.59027 0.696364 0
54.2302 5.49742 1.09093 2.13775 5.06239 1.88704 117871 0 1.60816 0.694558 0
14.9019 64.7228 2.09837 2.05462 4.65465 1.59514 204328 0 -1.50073 0.68814 0
36.3086 15.2807 1.18272 2.02593 4.66956 1.50108 131855 0 1.66175 0.687816 0
18.7166 31.804 1.41862 2.10873 4.807 1.50768 156136 0 1.62615 0.671448 0
-27.7149 14.7909 0.458469 2.1259 4.74243 1.68122 131187 0 1.78522 0.667133 0
-21.3141 29.9006 0.823389 2.0647 4.60076 1.50056 153203 0 -1.26983 0.664435 0
-5.29259 40.8424 1.70035 2.03382 4.56502 1.5094 169165 0 -1.55617 0.664027 0
-72.8579 -3.9931 -0.731813 0.915685 0.926093 1.73057 103434 0 -0.0498701 0.661848 1
48.8251 11.5962 1.12494 2.00349 4.4203 1.69753 126746 0 -1.49598 0.659138 0
31.5415 35.7785 1.64113 2.10195 4.89966 1.68667 161792 0 1.62077 0.657943 0
31.8305 38.8908 1.84796 1.93146 4.32033 1.59024 166473 0 -1.51944 0.63473 0
36.3202 21.0354 1.39483 1.93115 4.47712 1.53205 140279 0 1.62583 0.633703 0
54.5528 11.099 1.10251 2.07075 4.71148 1.63682 125828 0 1.62483 0.628344 0
32.0555 -7.23129 0.816476 1.01197 1.65412 1.73484 99082 0 -1.50607 0.618047 1
-69.2502 5.24876 -0.573343 2.04143 4.56084 1.67526 117017 0 1.97516 0.617531 0
-47.5531 9.69336 -0.0520704 2.26448 5.15901 1.91073 123637 0 -1.30713 0.616345 0
-19.6689 35.3972 1.15164 2.08117 4.69409 1.53931 161164 0 -1.15778 0.614711 0
15.1529 67.6721 2.21553 2.06928 4.64663 1.77595 208541 0 -1.54481 0.608355 0
14.5521 73.7626 2.23986 1.99558 4.52672 1.58491 217431 0 -1.5544 0.605234 0
-46.2679 56.115 0.748527 2.02798 4.51854 1.5346 191501 0 -1.27329 0.598416 0
-56.2322 27.2835 0.151281 2.01618 4.42217 1.59658 149350 0 -1.13082 0.597977 0
-39.8784 17.163 0.103716 1.8833 4.00757 1.75496 134425 0 1.83225 0.596733 0
30.8657 18.9622 1.15983 1.93723 4.58807 1.42743 137454 0 -1.53852 0.594446 0
-38.854 19.6656 -0.00436983 1.95602 4.43521 1.54537 138172 0 1.82923 0.59055 0
-5.91475 31.8946 1.70018 2.14765 4.89821 1.53255 156059 0 -1.52336 0.589945 0
-62.2625 11.6666 -0.491182 1.87417 4.19964 1.53555 126399 0 1.98409 0.585353 0
19.0331 37.8873 1.80156 2.11596 4.82328 1.63212 165029 0 1.62442 0.582563 0
31.8758 -7.20949 0.83077 0.908129 1.18061 1.66961 99081 0 -1.49671 0.580779 1
-5.28069 44.2702 2.0354 2.04733 4.55618 1.67927 174313 0 -1.53866 0.578111 0
-46.5253 14.8645 -0.164137 2.0116 4.40206 1.57823 131128 0 -1.27393 0.572024 0
4.74615 -4.13058 0.800413 0.925036 0.945163 1.79303 103676 0 1.66722 0.559683 1
-47.8516 6.94504 -0.370559 1.97129 4.38029 1.59432 119424 0 -1.34786 0.559213 0
17.7573 28.6721 1.38758 2.00264 4.66275 1.44942 151453 0 1.59923 0.540305 0
-42.376 9.42394 -0.193342 2.07727 4.63073 1.58971 123185 0 1.82948 0.539472 0
-44.3265 58.4371 1.17898 2.17689 4.67161 1.64515 194783 0 -1.27498 0.536725 0
-6.22268 31.916 1.68657 2.21033 5.08448 1.54607 156058 0 1.36669 0.524969 0
37.2629 30.2174 1.66798 2.59571 6.01403 1.9489 153854 0 -1.47411 0.521945 0
15.1302 -4.28754 0.62692 0.562166 0.616684 0.890833 103241 0 -0.990032 0.507075 1
14.1594 -4.69119 0.676355 0.730424 0.80642 1.39013 102770 0 2.12711 0.505226 1
-32.51 39.1724 0.727103 1.98249 4.50095 1.48351 166740 0 1.90477 0.503344 0
19.0511 40.7851 1.85471 2.03468 4.82003 1.50302 169241 0 1.61594 0.500741 0
-4.32683 58.7737 2.23428 1.9031 4.39215 1.62787 195376 0 -1.51123 0.496274 0
-45.8804 17.8504 -0.0402086 2.03015 4.57292 1.63822 135342 0 -1.23476 0.485548 0
31.8417 45.0036 1.95871 1.96966 4.4541 1.51533 175365 0 -1.58347 0.483541 0
-72.9959 -3.95889 -0.735287 0.938992 0.955429 1.74538 103433 0 0.131836 0.483341 1
-64.1588 7.14837 -0.530522 2.08747 4.60448 1.64732 119841 0 -1.23517 0.478649 0
-37.9339 22.2907 0.391878 1.93915 4.24558 1.76221 141919 0 1.83583 0.47684 0
33.1157 56.77 1.90853 1.93684 4.29982 1.51796 192685 0 -1.54936 0.473391 0
-16.3793 -14.5505 0.366317 0.861597 0.966844 1.70704 88166 0 1.5243 0.46689 1
36.9301 26.9565 1.34742 2.17902 5.07556 1.5638 149173 0 1.70427 0.466775 0
-38.7992 29.249 0.616494 0.800958 0.933529 1.74944 152212 0 -2.34701 0.466686 1
4.61698 40.0424 1.80599 0.889743 0.837474 1.73201 168260 0 -0.094096 0.462911 1
-32.1578 42.0962 1.11725 1.96662 4.60288 1.69939 170953 0 1.90888 0.46115 0
-24.5219 22.2259 0.598684 1.99373 4.3986 1.55286 141961 0 -1.34335 0.459839 0
-19.0681 38.2038 0.797683 2.04393 4.62931 1.51191 165378 0 -1.17578 0.456543 0
-44.0146 23.1463 0.235873 1.97094 4.38925 1.6005 143304 0 -1.23286 0.451359 0
0.8377 40.5054 1.64895 2.04168 4.67914 1.54913 168716 0 1.56512 0.445992 0
14.9925 -4.28791 0.690331 0.626294 0.696489 1.03534 103240 0 -1.06429 0.44317 1
1.44385 52.33 1.93847 1.99849 4.62882 1.64709 186034 0 1.53234 0.441221 0
14.9097 70.5673 2.25948 1.97229 4.42531 1.57109 212752 0 -1.55468 0.433684 0
20.0138 40.8043 1.9379 1.90097 4.1987 1.47469 169244 0 1.5891 0.433386 0
73.8153 -9.50455 0.290874 0.808445 1.40526 1.80702 95936 0 -1.5421 0.432115 2
-44.9575 58.6884 1.08992 2.42794 5.66437 1.8449 195249 0 -1.24916 0.43089 0
-47.1917 12.3361 -0.305387 1.99689 4.45001 1.57761 127382 0 -1.26483 0.430815 0
32.1948 -6.87312 0.690079 0.813928 0.935573 1.40049 99550 0 -1.5891 0.424464 1
49.4396 20.3189 1.4514 1.99564 4.3969 1.54953 139384 0 -1.63478 0.424169 0
-5.29094 28.9653 1.47963 2.04375 4.70541 1.55766 151849 0 -1.46139 0.424146 0
51.6737 46.5956 1.91691 2.0067 4.53648 1.56242 177767 0 -1.45753 0.421818 0
32.3827 -6.8241 0.629486 0.657189 0.700046 1.11155 99551 0 -1.49217 0.416659 1
-6.23698 32.0501 1.70667 2.33158 5.43286 1.5673 156526 0 0.773359 0.415855 0
2.08285 55.2268 2.3143 2.246 4.95215 1.94288 190248 0 1.56108 0.409266 0
1.44635 55.4972 2.41702 2.35556 5.49328 2.011 190714 0 -1.56755 0.407857 0
49.119 23.5308 1.13696 1.96278 4.52328 1.52286 144063 0 -1.5936 0.402488 0
-5.26959 68.2855 2.59065 2.07191 4.75616 1.61579 209413 0 -1.43349 0.401084 0
14.1476 -3.98651 1.0183 0.897303 0.97812 1.9113 103706 0 1.64162 0.397869 1
-27.6981 17.733 0.578245 2.11166 4.65828 1.64598 135399 0 1.8212 0.39382 0
54.2438 29.0159 1.67442 2.04409 4.65334 1.629 152035 0 -1.68041 0.388573 0
-3.36551 64.7575 2.3741 2.10929 4.70576 1.60902 204271 0 -1.4548 0.384165 0
-38.6766 29.2582 0.606567 0.814898 0.974259 1.76048 152213 0 -2.04083 0.38324 1
12.2785 -9.82526 0.643337 0.793459 0.898337 1.69058 95276 0 0.0994155 0.382957 1
-61.9681 11.4093 -0.486836 1.60131 3.42916 1.4618 125932 0 1.98994 0.382205 0
19.687 46.5346 2.09239 2.05272 4.64702 1.65217 177667 0 1.67105 0.379716 0
-40.7758 30.2052 0.628231 2.07722 4.70318 1.62244 153610 0 1.90677 0.377434 0
-4.64184 49.4897 1.95438 1.97586 4.60476 1.60078 181803 0 -1.56236 0.374884 0
-35.0116 30.2969 0.456283 1.835 4.1417 1.45843 153628 0 1.60124 0.372014 0
54.2441 8.19637 0.89594 1.99156 4.60177 1.55384 121615 0 1.68073 0.371831 0
-57.755 21.2673 0.117004 2.00606 4.61429 1.63491 140453 0 -1.148 0.360465 0
-5.87488 44.3093 1.99462 2.19274 5.18013 1.74256 174311 0 1.4992 0.35402 0
51.4059 46.8394 1.9506 1.99839 4.34981 1.55397 178234 0 1.36362 0.348466 0
19.9696 37.9008 1.88057 2.10734 4.6539 1.60677 165032 0 -1.54999 0.346984 0
15.1826 70.8214 2.26322 2.08302 4.73514 1.68079 213221 0 -1.58204 0.346131 0
-71.7764 -5.14915 -0.621322 0.921677 1.01511 1.86944 101565 0 -3.1091 0.343856 1
14.6639 67.6629 2.25618 1.77396 3.75682 1.59209 208539 0 -1.58267 0.343646 0
-27.0502 17.4497 0.614813 2.05738 4.67789 1.63712 134933 0 1.6862 0.342004 0
19.3511 46.301 2.04209 2.00189 4.44579 1.63284 177198 0 1.5289 0.340589 0
37.5889 44.6082 1.96492 2.00265 4.56437 1.51216 174915 0 1.56387 0.339835 0
49.4271 23.8054 1.21159 1.95305 4.44874 1.52775 144532 0 1.68931 0.339327 0
-62.4952 11.4481 -0.473258 1.98107 4.42657 1.58008 125930 0 1.99488 0.338681 0
-46.9221 12.5695 -0.326237 1.90949 4.17871 1.5443 127851 0 -1.27323 0.338118 0
-5.56391 59.0394 2.21531 2.01179 4.62688 1.65519 195840 0 1.64793 0.337296 0
15.1876 70.3119 2.27531 2.04602 4.64109 1.6536 212285 0 -1.53044 0.332614 0
-34.7034 33.4721 0.711599 1.99972 4.53281 1.54288 158309 0 1.78496 0.331165 0
-72.8865 -3.7994 -0.730961 0.880353 0.935342 1.70739 103902 0 -0.203148 0.33107 1
1.70308 52.5923 1.92841 1.92078 4.3218 1.57537 186503 0 1.57524 0.331054 0
73.7989 -9.6585 0.280817 0.826644 1.64431 1.81583 95468 0 -2.22648 0.327784 2
49.4385 23.2218 1.14162 1.91085 4.35907 1.52146 143596 0 -1.57169 0.327558 0
-0.805176 19.7863 1.28472 2.04393 4.84003 1.63745 138291 0 1.64681 0.326515 0
1.35751 43.9286 1.64838 1.87451 4.14991 1.47049 173866 0 1.68213 0.323659 0
-73.0312 -3.77448 -0.719854 0.865576 0.926424 1.70515 103901 0 0.185487 0.322705 1
0.821327 55.2412 2.60195 2.55588 6.44375 2.24937 190244 0 -1.62651 0.321145 0
21.2709 55.216 2.1433 2.01647 4.49085 1.65831 190308 0 1.59208 0.321021 0
-41.3863 11.4612 -0.205296 1.87639 4.29908 1.51755 125996 0 1.82964 0.318168 0
32.4785 54.1699 1.83609 1.90227 4.33065 1.4254 188939 0 -1.53001 0.313749 0
49.1465 20.0595 1.44669 1.95228 4.3098 1.52066 138915 0 -1.5694 0.313724 0
-35.3509 30.5124 0.43809 1.84305 4.16365 1.45992 154095 0 1.8195 0.312066 0
-72.8069 -4.20444 -0.717574 0.930856 0.949423 1.75221 102966 0 -0.372277 0.308667 1
-67.3762 11.0744 -0.637523 1.91005 4.25712 1.50906 125447 0 -1.13318 0.308462 0
20.9756 55.4807 2.17231 1.98539 4.36889 1.62321 190775 0 1.5798 0.308311 0
19.641 31.8317 1.41794 2.0919 4.71129 1.54951 156139 0 1.62087 0.307413 0
-48.4115 7.1478 -0.35444 2.1975 4.99242 1.73811 119890 0 -1.33396 0.305863 0
-34.0846 33.1423 0.771959 2.06942 4.63955 1.53021 157843 0 1.91081 0.303777 0
12.9255 29.5036 1.39689 1.99223 4.698 1.49499 152842 0 -1.52146 0.303556 0
17.4779 28.3894 1.40266 2.00095 4.58817 1.45486 150984 0 1.60849 0.302709 0
-40.3822 17.3648 0.0467391 2.18389 4.87611 1.85644 134891 0 1.84081 0.301724 0
37.9291 35.9885 1.75573 2.06677 4.66331 1.64487 162280 0 1.61258 0.301501 0
-69.0217 5.4992 -0.5926 2.0105 4.4129 1.65882 117486 0 2.12864 0.301232 0
31.2378 39.0988 1.83576 2.08261 4.77944 1.60574 166939 0 -1.52595 0.298133 0
54.8769 29.2482 1.73062 2.04427 4.60219 1.70063 152505 0 -1.75416 0.296445 0
-48.5307 4.38817 -0.372092 1.72248 3.57484 1.52897 115678 0 -1.36423 0.296411 0
9.306 -0.925217 0.899783 0.957459 1.11071 1.77912 108371 0 -3.0938 0.295986 1
33.4243 57.0241 1.89942 2.0475 4.52171 1.58956 193154 0 -1.58807 0.295532 0
51.698 37.9352 1.80794 1.96207 4.39557 1.57653 165131 0 -1.59407 0.295455 0
73.9747 -9.50188 0.283403 0.835135 1.78921 1.79593 95937 0 -1.98947 0.295061 2
14.0458 -4.68517 0.708056 0.721727 0.791361 1.37709 102769 0 1.88902 0.294391 1
18.3534 28.8955 1.38441 2.02212 4.72628 1.48317 151923 0 1.58664 0.293376 0
11.8769 26.3203 1.3035 2.19256 5.25911 1.6058 148159 0 -1.54117 0.293245 0
74.0044 -9.69228 0.271406 0.831873 1.81808 1.80309 95469 0 2.63485 0.292213 2
-57.4735 21.5805 0.132181 1.95509 4.48347 1.61353 140922 0 -1.14996 0.290079 0
50.0613 23.5138 1.28568 1.96127 4.35687 1.51922 144066 0 -1.61563 0.289622 0
-4.02797 49.7454 2.00826 2.01979 4.60283 1.63196 182273 0 -1.60554 0.289591 0
33.7529 53.9545 1.89412 2.00067 4.4628 1.57697 188475 0 -1.53282 0.285117 0
51.9364 46.837 1.94573 2.24871 5.16953 1.75034 178236 0 -0.596703 0.284467 0
20.3151 41.0257 1.96111 1.95739 4.4134 1.52373 169713 0 1.56305 0.284098 0
-5.86144 41.0267 1.7602 2.07201 4.61311 1.51485 169631 0 -1.56986 0.283767 0
32.4276 -14.1939 0.596202 0.820871 0.863907 1.67176 88787 0 -3.13302 0.282493 1
-24.1969 22.5389 0.610795 2.00264 4.43067 1.56578 142430 0 -1.40888 0.281804 0
-37.3239 22.2261 0.352006 2.07398 4.66768 1.79361 141921 0 1.83265 0.280919 0
49.123 22.9123 1.13979 1.94052 4.46691 1.51414 143127 0 -1.59526 0.280658 0
31.4794 18.8037 1.17468 1.93325 4.55782 1.46533 136988 0 -1.50566 0.280445 0
44.9643 -28.9385 0.14613 1.9554 4.23042 1.67801 67298 0 0.107064 0.280297 0
1.70502 52.0538 1.88038 1.92672 4.29823 1.59337 185567 0 1.53111 0.277496 0
-31.5776 41.8074 1.09134 1.77212 3.87869 1.60192 170487 0 1.89121 0.277028 0
48.8373 23.7804 1.09689 1.93899 4.39837 1.54251 144530 0 -1.68697 0.273915 0
20.9463 52.6544 2.50678 2.21032 5.09216 1.91482 186563 0 -1.58472 0.272147 0
54.5478 25.7505 1.37904 1.96187 4.39596 1.50464 147356 0 1.48303 0.271354 0
-46.8725 56.4021 0.718348 2.15177 4.82614 1.60159 191967 0 -1.255 0.271194 0
-68.7409 5.20507 -0.58289 1.71443 3.5409 1.56405 117019 0 2.06645 0.271175 0
32.2648 -6.66588 0.63891 0.665774 0.761316 1.15032 100018 0 -1.50188 0.269699 1
13.8145 46.9385 1.79913 2.20614 5.18648 1.74017 178117 0 -1.53549 0.269622 0
49.7122 20.5981 1.48404 2.13462 4.82595 1.6502 139853 0 -1.64453 0.268924 0
-26.7065 17.1748 0.583685 2.03731 4.47802 1.65871 134466 0 -1.25865 0.268857 0
31.2355 45.1966 2.03403 2.06753 4.80518 1.54144 175831 0 -1.59841 0.267675 0
15.124 73.7719 2.47246 2.26672 5.29405 1.90219 217433 0 -1.56692 0.267009 0
14.1715 -4.81701 0.65035 0.702959 0.754932 1.23457 102302 0 2.29564 0.266277 1
-34.4253 29.9848 0.465419 1.91253 4.21415 1.42298 153162 0 -1.34446 0.265549 0
-57.4497 21.9112 0.135634 1.9777 4.54359 1.61033 141390 0 -1.15355 0.264937 0
-58.0258 21.0231 0.159071 2.11179 4.80023 1.67012 139984 0 -1.13713 0.263792 0
14.5543 74.3349 2.50333 2.14534 5.24547 1.75512 218367 0 -1.74601 0.262128 0
14.1668 -3.78645 0.948482 0.851395 0.936533 1.84901 104174 0 1.62963 0.261917 1
1.08619 70.5494 3.15058 2.47011 5.77026 2.12716 212709 0 2.73497 0.26153 0
-4.661 68.0704 2.56061 1.85375 4.18864 1.53684 208947 0 -1.44123 0.259747 0
46.5452 -27.7163 0.109984 2.04512 4.57683 1.79957 69175 0 -1.53099 0.257979 0
-25.084 22.478 0.595485 2.02496 4.44712 1.52065 142427 0 -1.35831 0.257373 0
-63.6045 7.11237 -0.588124 1.96493 4.17343 1.6138 119843 0 -1.17555 0.255779 0
30.6243 38.9551 1.74477 1.91756 4.39849 1.56792 166469 0 1.60902 0.255603 0
-62.0064 11.9064 -0.503601 1.88442 4.07453 1.52961 126868 0 2.00953 0.255225 0
-28.2714 18.0403 0.544479 2.18475 4.82845 1.6629 135865 0 1.86246 0.254828 0
0.853104 70.2497 3.10817 2.44134 5.74294 2.05366 212240 0 2.94937 0.253836 0
37.6123 35.7272 1.60089 2.00398 4.53157 1.59084 161811 0 1.61401 0.25264 0
-41.0347 29.9577 0.567716 2.17417 4.99436 1.70705 153141 0 1.87209 0.251784 0
36.9081 21.1854 1.43254 2.09664 4.86765 1.59061 140749 0 1.62978 0.251753 0
32.1096 -7.41562 0.793017 0.903163 1.41417 1.62584 98614 0 -1.45498 0.25098 1
14.1372 -3.06583 0.81664 0.795226 0.916653 1.65452 105110 0 0.417485 0.250583 1
60.5778 18.0928 1.39526 2.21961 4.98221 1.89407 136143 0 -3.00785 0.248122 0
-35.3392 33.7644 0.65249 1.98572 4.48062 1.54759 158775 0 1.93785 0.24764 0
33.038 -6.42145 0.772235 0.896897 0.933031 1.56261 100021 0 -0.985967 0.246773 1
-5.54437 40.5738 1.7041 2.01296 4.5309 1.51639 168696 0 -1.53125 0.246712 0
50.052 22.9229 1.27297 1.91538 4.27732 1.4999 143130 0 -1.64037 0.244366 0
53.602 28.7466 1.59601 1.98014 4.43953 1.56424 151565 0 1.45699 0.244202 0
31.8934 -7.39558 0.826107 0.954092 1.35191 1.64734 98613 0 -1.50011 0.243672 1
-32.7144 42.3797 1.15531 2.32485 5.73425 1.91624 171419 0 1.90257 0.243519 0
36.6921 44.6262 1.8442 1.90453 4.28651 1.49844 174912 0 1.55464 0.243243 0
32.4581 35.7581 1.66476 2.23093 5.42962 1.79618 161795 0 -1.55036 0.243154 0
60.3149 16.5107 1.27743 2.16936 5.01363 1.96199 133802 0 0.122493 0.242902 0
15.1447 -4.12743 0.681639 0.610646 0.674823 1.01834 103709 0 0.441964 0.242826 1
-38.8206 29.0672 0.595881 0.822846 1.19838 1.77033 151744 0 -2.68767 0.242031 1
-34.7392 30.47 0.451111 1.85591 4.2019 1.4363 154097 0 -1.84884 0.241903 0
50.3953 37.8995 1.68151 1.88853 4.29488 1.46815 165127 0 -1.45089 0.241413 0
32.221 56.8132 1.91323 1.92894 4.39821 1.50672 192682 0 1.6264 0.241144 0
31.8738 -6.98 0.813354 0.877618 1.14553 1.58701 99549 0 -1.49906 0.240766 1
36.9924 44.3769 1.8157 1.8712 4.2321 1.48055 174445 0 1.54707 0.239719 0
-59.989 17.1513 -0.3912 2.11131 4.70219 1.65909 134362 0 -0.775749 0.237663 0
-26.1087 17.1243 0.561834 2.08997 4.55198 1.68117 134468 0 -1.33052 0.237448 0
-6.87724 26.1679 1.53822 2.11423 4.95462 1.72322 147632 0 1.58824 0.236687 0
-59.6937 17.1363 -0.424497 2.07527 4.7001 1.636 134363 0 -1.09108 0.236447 0
1.77248 54.951 2.28952 2.24665 4.88516 1.93598 189779 0 -1.8302 0.235577 0
13.0435 43.7731 1.7799 1.88388 4.06385 1.62924 173434 0 -1.51079 0.235307 0
-33.397 39.4941 0.816945 2.13843 4.89172 1.62379 167205 0 1.88719 0.234976 0
-5.0023 29.1992 1.34388 1.99232 4.68269 1.5035 152318 0 -1.47439 0.234949 0
-4.71423 44.1063 1.96635 2.01897 4.6667 1.73127 173847 0 -1.55913 0.234836 0
14.1828 -4.26594 0.892819 0.840439 0.940171 1.76166 103238 0 1.70829 0.234757 1
-5.90107 29.2219 1.53826 2.1057 4.79979 1.59381 152315 0 -1.46517 0.234663 0
32.1215 44.7047 1.87151 1.91891 4.30131 1.51914 174898 0 -1.56014 0.233637 0
-71.7982 -4.76265 -0.620579 0.884224 1.00583 1.86957 102501 0 -2.99858 0.232571 1
50.7106 37.6425 1.70262 1.83209 4.22769 1.4698 164660 0 -1.4578 0.232427 0
55.5125 22.5815 1.39623 2.07272 4.82483 1.69081 142679 0 1.5226 0.232364 0
51.3729 47.1559 1.97729 2.12833 4.63605 1.63331 178702 0 1.08178 0.231928 0
51.041 37.9075 1.76277 1.88904 4.27131 1.50037 165129 0 -1.52608 0.231584 0
-46.5913 12.0341 -0.315281 1.78176 3.91706 1.52127 126916 0 -1.27052 0.231087 0
32.4287 -7.19178 0.70199 0.778971 1.08185 1.33503 99083 0 -1.50783 0.229744 1
54.8703 25.4836 1.38606 1.95268 4.36516 1.51797 146889 0 1.50162 0.229635 0
-5.25784 49.6965 2.01 2.1495 4.95195 1.73234 182269 0 -1.56439 0.229356 0
-6.22134 22.9234 1.31077 1.9981 4.68645 1.5108 142954 0 -1.5448 0.228862 0
55.5227 25.4655 1.47437 1.94009 4.29438 1.5496 146891 0 1.48166 0.228424 0
-5.32851 31.6484 1.69283 2.029 4.7407 1.59284 155593 0 -1.4685 0.227905 0
-20.0156 35.8939 1.16067 2.09108 4.65299 1.55311 162099 0 -1.1758 0.227879 0
50.3735 23.5121 1.31483 1.95337 4.34723 1.50327 144067 0 -1.90383 0.224875 0
51.1109 46.5961 1.91286 1.79441 3.86184 1.45757 177765 0 1.52582 0.224764 0
-24.4714 21.6924 0.579782 1.9997 4.44097 1.60271 141025 0 -1.29808 0.224013 0
20.9902 54.9357 2.14783 1.91196 4.23997 1.60908 189839 0 1.61261 0.2232 0
18.7719 46.5062 2.10141 2.02381 4.49895 1.62866 177664 0 1.54983 0.223169 0
-4.00849 65.042 2.41589 2.16551 4.82089 1.64851 204737 0 -1.4787 0.222655 0
48.695 8.68895 0.99993 2.25762 5.22571 1.73045 122534 0 -1.55709 0.222447 0
1.35119 43.4497 1.61912 1.81282 4.00117 1.4588 172930 0 1.55428 0.221439 0
-57.1541 22.2101 0.177341 2.009 4.52438 1.59688 141859 0 -1.1541 0.220808 0
49.4312 22.6179 1.24159 1.96544 4.46097 1.55481 142660 0 -1.63579 0.220793 0
20.9566 58.3799 2.39595 2.04035 4.49379 1.6279 194987 0 1.55966 0.220641 0
55.531 34.4205 1.76903 2.0203 4.65235 1.68183 159995 0 1.52035 0.219118 0
14.9724 55.0111 2.12539 1.78358 3.90078 1.51347 189820 0 -1.44604 0.219118 0
54.0336 11.0971 0.985589 1.68949 3.69567 1.47449 125826 0 1.61992 0.21827 0
-4.30625 50.001 2.0167 2.02617 4.52752 1.63354 182740 0 -1.62354 0.218171 0
-35.9771 30.5833 0.480374 1.83562 4.10834 1.43652 154093 0 1.74966 0.217872 0
30.3255 18.8144 1.16993 1.70725 3.94932 1.38804 136984 0 -1.53505 0.217779 0
54.5451 7.92041 0.912969 1.97956 4.56314 1.60402 121148 0 1.68821 0.217773 0
-33.8162 33.3964 0.835684 2.15983 4.84205 1.58467 158312 0 1.85195 0.21775 0
55.1952 25.7431 1.47826 1.97244 4.32936 1.54375 147358 0 1.45021 0.217308 0
31.5721 38.6666 1.81075 1.79499 4.03475 1.56038 166004 0 -1.49777 0.217198 0
56.8167 22.8634 1.49075 2.09808 4.71891 1.70403 143151 0 -1.65555 0.216939 0
12.2744 -9.99619 0.633545 0.839918 1.09678 1.69833 94808 0 -0.00800868 0.216609 1
14.9314 -4.10417 0.744457 0.646667 0.735005 1.16179 103708 0 1.36043 0.216209 1
51.9545 38.1983 1.81783 2.07492 4.6667 1.66283 165600 0 -1.61217 0.213523 0
19.672 40.5819 1.93813 1.93075 4.32652 1.47929 168775 0 1.62019 0.213475 0
-6.82139 32.0823 1.69339 2.22688 5.08037 1.6215 156524 0 1.63559 0.213022 0
-24.4619 22.8229 0.623056 2.02773 4.45059 1.54736 142897 0 -1.47502 0.21249 0
-36.2762 30.8661 0.547944 1.91338 4.23339 1.47662 154560 0 1.79443 0.211967 0
-19.0915 7.93311 0.710399 1.87072 4.083 1.50475 120918 0 -1.50616 0.2115 0
14.1521 -3.28686 0.865798 0.819671 0.92446 1.71294 104642 0 1.30745 0.211332 1
-40.2186 29.9485 0.638362 1.79699 3.95207 1.52734 153144 0 1.86359 0.211296 0
32.8908 -6.44904 0.771932 0.851076 0.935368 1.46839 100020 0 -1.19586 0.210555 1
20.6542 58.1031 2.35139 1.9873 4.40922 1.58893 194518 0 1.58213 0.210274 0
21.9118 67.0602 2.32148 2.04784 4.61599 1.64387 207626 0 1.6962 0.208947 0
1.38404 40.7759 1.62587 2.00766 4.51148 1.55614 169186 0 1.5415 0.208324 0
36.8831 12.2092 1.20581 2.1182 5.09855 1.66873 127645 0 1.64739 0.20736 0
32.4317 -14.0207 0.616871 0.824988 0.86531 1.69013 89255 0 -3.11632 0.207083 1
59.6834 10.4133 1.11542 2.03115 4.57682 1.70721 124908 0 -0.241121 0.206578 0
19.381 46.7948 2.11508 2.06533 4.62298 1.65495 178134 0 1.52502 0.206303 0
-20.2419 35.4365 1.17239 2.07723 4.69355 1.53776 161162 0 -1.16067 0.20613 0
48.2367 11.4574 1.12224 2.0933 4.77868 1.67874 126276 0 -1.52163 0.205989 0
38.2051 44.3935 1.99693 1.88933 4.30848 1.48114 174449 0 1.60606 0.204294 0
14.5478 -4.30563 0.804826 0.734137 0.861776 1.46883 103239 0 1.68951 0.204281 1
-0.1418 26.6026 1.29544 2.02231 4.69077 1.52952 148589 0 1.64169 0.204203 0
30.6069 44.9761 1.97044 1.94673 4.46924 1.52028 175361 0 1.54593 0.20373 0
50.3627 23.2259 1.31318 1.93827 4.31411 1.49179 143599 0 -1.64585 0.202679 0
-65.0887 7.25446 -0.492226 2.16998 4.80125 1.73868 119838 0 1.77812 0.202553 0
38.5248 35.7246 1.75872 2.09527 4.73027 1.71115 161814 0 1.64153 0.202125 0
13.3946 38.0452 1.72277 1.76186 3.8449 1.54236 165011 0 -1.52983 0.201735 0
-26.7691 17.6743 0.606015 2.05846 4.66967 1.61906 135402 0 2.11627 0.20056 0
-27.3201 17.2086 0.592639 2.06574 4.60422 1.68926 134464 0 1.71185 0.200362 0
56.4787 22.5991 1.41651 2.02007 4.6202 1.68014 142682 0 -1.61047 0.199919 0
51.9705 37.6603 1.79906 2.06442 4.63905 1.64615 164664 0 -1.55429 0.199184 0
14.4864 -4.63541 0.730566 0.747408 0.830713 1.31999 102771 0 -2.28732 0.1991 1
38.5312 44.6531 2.09447 1.97052 4.40798 1.5543 174918 0 1.58385 0.198528 0
-3.36707 55.8355 2.07597 1.99028 4.43429 1.53859 191167 0 -1.52416 0.198007 0
-3.72582 49.4985 1.98773 1.99435 4.54121 1.64209 181806 0 -1.54616 0.19799 0
-49.4012 4.11857 -0.295942 2.34383 5.33358 1.84604 115207 0 -1.44155 0.197827 0
53.606 25.7446 1.27681 1.9617 4.45179 1.47818 147353 0 1.4932 0.19754 0
-5.88326 44.532 2.01687 2.32603 5.4892 1.77901 174779 0 0.794107 0.197181 0
-67.9382 11.344 -0.604677 2.17588 4.96919 1.64876 125913 0 -1.10368 0.196859 0
20.8702 40.8328 1.94712 2.17432 4.99709 1.68334 169247 0 -1.57072 0.196264 0
11.3919 -2.92734 0.72619 0.756785 0.870739 1.61283 105101 0 -0.064363 0.195277 1
14.918 64.2874 2.0594 2.00298 4.66667 1.57904 203392 0 -1.41661 0.194897 0
31.6297 -7.20983 0.813812 0.831999 1.06115 1.61127 99080 0 -1.53993 0.194765 1
30.3251 21.8252 1.21137 2.04661 4.72691 1.42919 141664 0 -1.53678 0.194691 0
-36.6555 21.9907 0.357147 2.04972 4.66098 1.77505 141455 0 1.77537 0.194587 0
2.05749 55.7523 2.36187 2.37769 5.10688 1.97052 191184 0 1.59182 0.194194 0
49.7538 24.0953 1.29719 1.97 4.42447 1.52625 145001 0 1.76237 0.193793 0
-67.1149 11.3238 -0.671335 1.8023 3.9357 1.46292 125916 0 -1.11135 0.193524 0
-41.6528 11.9201 -0.202514 2.11585 5.00243 1.63885 126931 0 1.87703 0.19332 0
20.3724 52.662 2.56905 1.92043 4.24229 1.6712 186561 0 -1.59209 0.193256 0
0.811584 55.7542 2.67308 2.60782 6.38028 2.2712 191180 0 -1.51987 0.193178 0
-39.4372 19.7152 -0.0886975 1.85659 4.17393 1.52416 138170 0 1.85902 0.192539 0
32.4083 45.2334 1.98634 2.07944 4.76676 1.58304 175835 0 -1.61323 0.191789 0
13.9791 73.5388 2.08912 1.72004 3.81994 1.43098 216961 0 -1.53557 0.191737 0
15.1449 65.0074 2.08365 2.22408 5.13019 1.74597 204797 0 -1.52849 0.191628 0
-3.94586 64.5472 2.40924 1.9427 4.37472 1.57513 203801 0 -1.45301 0.191306 0
-4.94085 49.195 1.96715 1.97261 4.53797 1.58806 181334 0 -1.48262 0.191103 0
20.3539 55.2256 2.10493 1.87554 4.15116 1.48858 190305 0 1.60312 0.190876 0
14.3481 58.4038 1.99527 1.69529 3.72802 1.379 194966 0 -1.41789 0.190377 0
-47.2548 6.85789 -0.298519 1.84619 4.05322 1.62044 119426 0 -1.3129 0.190375 0
38.2428 36.2207 1.8588 2.0201 4.46974 1.65018 162749 0 1.56109 0.189842 0
14.8954 71.1224 2.2704 1.98348 4.45915 1.58116 213688 0 -1.60672 0.189408 0
-40.5065 30.4915 0.703363 1.98659 4.47216 1.55113 154079 0 1.95198 0.189245 0
59.6504 10.7126 1.1486 2.11474 4.78093 1.73577 125376 0 -3.06955 0.188873 0
54.2945 10.8379 1.00399 1.82351 4.03309 1.53539 125359 0 1.62351 0.188769 0
59.3913 11.0417 1.12295 2.0765 4.70712 1.70996 125843 0 2.99903 0.188602 0
12.0851 29.0398 1.40123 1.74983 3.94131 1.4649 151903 0 -1.46758 0.188488 0
50.3887 47.8499 1.9652 2.06601 4.52121 1.62106 179635 0 2.7044 0.188409 0
-2.76091 64.5358 2.33014 2.01287 4.56322 1.64571 203805 0 -1.43514 0.18828 0
-57.1343 20.7011 0.190244 1.99413 4.38641 1.59543 139519 0 -1.14302 0.188239 0
14.0176 -3.77605 0.864131 0.814783 0.894622 1.79429 104173 0 1.5527 0.188227 1
50.3747 23.8198 1.34909 1.96807 4.35032 1.51114 144535 0 1.62676 0.18814 0
32.4002 39.1159 1.85269 2.15829 4.89784 1.66808 166943 0 -1.52176 0.187775 0
1.09894 70.8402 3.18546 2.3676 5.48285 2.10489 213177 0 2.43968 0.187561 0
60.3107 17.0936 1.38213 1.92683 4.20686 1.78505 134738 0 0.0845015 0.187309 0
1.46485 52.8777 2.01178 1.98789 4.58334 1.65681 186970 0 1.54877 0.186613 0
-40.9083 11.8796 -0.141029 1.76905 3.73614 1.45015 126934 0 1.8765 0.186546 0
-67.66 11.6183 -0.651322 2.06203 4.69655 1.58775 126382 0 -1.08178 0.186478 0
20.9569 57.7768 2.34433 2.02175 4.47284 1.61887 194051 0 1.58132 0.186202 0
-47.4459 12.0878 -0.280703 2.09067 4.67941 1.62564 126913 0 -1.27896 0.185771 0
37.2914 44.8663 1.97578 2.02076 4.46414 1.53124 175382 0 1.59744 0.185108 0
-4.33411 59.2386 2.30984 2.05982 4.6134 1.68301 196312 0 -1.49763 0.185067 0
20.2415 46.5592 2.0558 2.25335 5.25258 1.8172 177669 0 -1.62011 0.184263 0
-27.1106 14.7553 0.469703 2.21559 5.16654 1.73406 131189 0 -1.20395 0.18403 0
1.1047 41.0498 1.61849 2.02508 4.61683 1.56848 169653 0 1.58067 0.183934 0
-5.91032 49.4848 2.01536 2.08437 4.71533 1.74833 181799 0 1.54135 0.183914 0
-27.4013 17.9888 0.630958 2.06992 4.54803 1.60761 135868 0 1.83403 0.183785 0
31.8778 54.0097 1.69839 1.96068 4.46257 1.43066 188469 0 -1.60462 0.183587 0
14.0222 -3.26747 0.825598 0.80426 0.910899 1.7002 104641 0 0.831658 0.183555 1
3.90407 -2.63221 0.773542 0.710731 0.724736 1.65557 105546 0 -1.26674 0.183339 1
-72.6036 -4.04297 -0.725007 0.894047 0.944831 1.71819 103435 0 -0.984289 0.18283 1
32.2728 -14.2049 0.613047 0.812945 0.874168 1.68947 88786 0 -3.08802 0.182482 1
0.370773 26.1592 1.22405 1.74126 3.94064 1.40861 147655 0 1.55862 0.182439 0
73.4888 -9.49504 0.300011 0.875848 1.84449 1.82242 95935 0 -1.53945 0.181913 2
-53.8921 47.3039 0.628097 1.792 3.97836 1.47986 178373 0 -1.22087 0.181668 0
15.161 -4.52006 0.661693 0.65437 0.697639 1.01912 102773 0 -0.869847 0.181222 1
13.032 46.676 1.7365 1.70361 3.75139 1.43199 177646 0 -1.53061 0.180535 0
49.4268 19.7644 1.40674 1.98824 4.40508 1.54094 138448 0 -1.56481 0.180103 0
36.8917 15.4299 1.22206 2.11952 5.04098 1.57392 132325 0 1.63926 0.17936 0
0.176239 55.4862 2.85995 2.57448 6.3305 2.35694 190710 0 -1.56507 0.179174 0
-60.29 17.1588 -0.371554 2.07982 4.5756 1.66037 134361 0 -0.380403 0.179092 0
-67.6557 10.7925 -0.596073 2.06798 4.63304 1.59563 124978 0 -1.17605 0.178754 0
37.2606 24.1352 1.0958 2.27682 5.31696 1.78754 144962 0 1.66021 0.17871 0
-45.3626 17.9741 -0.0623795 1.96104 4.35458 1.64162 135812 0 -1.23243 0.178669 0
50.7117 38.1853 1.72907 1.91634 4.31363 1.49122 165596 0 -1.51679 0.178494 0
21.2734 55.7882 2.24037 1.96662 4.30821 1.62029 191244 0 1.53699 0.178346 0
15.4027 -4.31046 0.672307 0.632802 0.677214 1.05252 103242 0 -1.13016 0.178311 1
18.1608 31.6292 1.40715 1.9976 4.57135 1.51924 155666 0 1.60212 0.177929 0
-3.76726 58.9763 2.30222 2.1754 5.119 1.7996 195846 0 -1.50503 0.177722 0
36.3932 30.249 1.68375 2.25853 5.13407 1.87183 153851 0 -1.45621 0.177597 0
33.6908 56.5583 1.86039 2.0005 4.48207 1.59747 192219 0 -1.4622 0.177219 0
32.5484 56.5697 1.88608 1.91291 4.36909 1.49415 192215 0 1.6585 0.177184 0
-45.2873 17.5363 -0.0674803 2.05575 4.65681 1.68094 134876 0 -1.20724 0.175617 0
14.9315 -4.53445 0.717493 0.696016 0.74256 1.11234 102772 0 -1.28154 0.175427 1
53.6572 29.1701 1.64668 2.05886 4.68989 1.58992 152501 0 1.57178 0.175412 0
40.7957 53.2789 2.27333 2.02891 4.62936 1.65895 187561 0 1.6041 0.175313 0
-72.0601 -4.95944 -0.651516 0.943343 1.02457 1.87437 102032 0 -3.03182 0.175218 1
49.1404 24.0731 1.17344 1.96153 4.44616 1.53384 144999 0 1.57016 0.175041 0
-61.6923 11.6221 -0.512067 1.62592 3.39011 1.47922 126401 0 2.04525 0.174855 0
-5.34497 32.0446 1.65122 2.19687 5.15121 1.61573 156529 0 -1.47028 0.174842 0
50.0694 24.106 1.29731 1.96591 4.37767 1.51948 145002 0 -1.69946 0.174536 0
42.7759 52.6855 2.16308 0.736229 0.740331 1.63757 186631 0 -3.13114 0.174487 1
-35.6951 30.8076 0.530884 1.86556 4.13637 1.45858 154562 0 1.91226 0.174237 0
-25.0512 22.0079 0.590138 1.94749 4.35009 1.54786 141491 0 -1.30713 0.173943 0
-4.58935 58.479 2.20391 1.76786 4.02551 1.53952 194907 0 -1.46111 0.173732 0
45.9389 -33.4413 -0.289887 1.93607 4.38153 1.54246 60749 0 -1.43977 0.173573 0
48.2134 23.5372 1.08837 1.95295 4.35613 1.56449 144060 0 1.14359 0.173157 0
-43.4461 23.111 0.177589 2.01675 4.45006 1.66611 143306 0 -1.23633 0.173125 0
14.0103 73.9999 2.13893 1.9187 4.19404 1.4862 217897 0 -1.63745 0.172818 0
-36.0018 34.0829 0.723907 2.00609 4.47009 1.57265 159241 0 1.988 0.172786 0
20.9759 67.0619 2.35177 2.01666 4.48231 1.64773 207623 0 1.69878 0.172389 0
-34.1644 30.2183 0.479572 1.98366 4.42481 1.45257 153631 0 -1.57098 0.172172 0
21.5865 58.0943 2.42003 2.07503 4.55577 1.74337 194521 0 1.57851 0.172172 0
54.2567 26.0008 1.44591 1.97494 4.381 1.48165 147823 0 1.45373 0.172143 0
54.8154 8.38985 0.943046 2.04697 4.68009 1.6037 122085 0 1.63583 0.172112 0
-3.67661 55.5567 2.08912 2.00382 4.44112 1.55257 190698 0 -1.60353 0.17206 0
21.2741 67.3193 2.3511 2.03 4.52233 1.65908 208092 0 1.7529 0.171946 0
1.12643 44.2121 1.65582 2.08639 4.75951 1.55743 174333 0 1.67416 0.171775 0
-38.6624 29.0723 0.579163 0.845515 1.27334 1.76816 151745 0 -2.47689 0.17161 1
-38.0053 19.6184 0.0255828 2.06413 4.60391 1.57298 138175 0 1.7943 0.171402 0
48.5066 20.3203 1.33994 2.10648 4.75533 1.65836 139381 0 -1.60136 0.170936 0
55.5293 26.048 1.57449 2.03277 4.51819 1.59914 147827 0 1.38093 0.17087 0
55.8203 34.123 1.75349 2.14096 4.92583 1.74157 159528 0 1.62964 0.170777 0
43.6816 54.579 2.49361 2.00167 4.53582 1.64464 189442 0 -2.77496 0.170751 0
19.6858 46.003 2.06187 2.00632 4.45417 1.65713 176731 0 1.52599 0.170306 0
33.0489 -6.03045 0.716106 0.823823 0.867937 1.53486 100957 0 -0.950262 0.169969 1
-60.6309 17.4544 -0.305453 2.07746 4.57947 1.68717 134828 0 -0.799989 0.1699 0
-47.1415 15.1419 -0.16726 2.249 5.03012 1.67191 131594 0 -1.23193 0.169851 0
49.4741 20.8778 1.48509 2.046 4.55217 1.60507 140320 0 -1.70453 0.169587 0
-0.550476 20.5149 1.2567 2.01991 4.59119 1.6131 139696 0 1.63652 0.169533 0
7.48783 -5.91322 0.452553 0.826333 1.63371 1.23256 100877 0 -1.5465 0.16952 1
50.1186 48.1286 1.96292 2.10814 4.71084 1.67286 180102 0 3.02459 0.169055 0
18.0521 29.1911 1.38052 1.97999 4.57711 1.50451 152390 0 1.63488 0.168644 0
14.9029 70.0129 2.2524 1.89834 4.18425 1.54415 211816 0 -1.50514 0.168178 0
-35.6337 30.3215 0.442326 1.83429 4.06012 1.44669 153626 0 1.67149 0.16812 0
14.3079 70.8461 2.21957 1.88402 4.11741 1.48476 213218 0 -1.54572 0.167805 0
51.4009 46.3179 1.87704 1.83635 4.03585 1.45519 177298 0 -1.46885 0.167683 0
-45.9185 23.8618 0.411914 2.08725 4.5555 1.56849 144234 0 -1.17216 0.167663 0
58.7335 10.76 1.0659 1.00467 1.24354 1.63948 125373 0 2.82185 0.167237 1
32.1517 44.0055 1.83344 1.89852 4.3436 1.51116 173962 0 -1.52135 0.167151 0
13.8085 44.2307 1.77735 2.25316 5.27323 1.8134 174373 0 -1.56783 0.166569 0
42.7074 54.8923 2.4474 2.04663 4.61294 1.68571 189907 0 -3.07099 0.166445 0
-40.1288 16.9333 0.0501864 1.91331 4.15921 1.76846 133956 0 1.77926 0.166372 0
44.0051 54.2652 2.47571 1.97296 4.45672 1.61377 188975 0 -2.6248 0.166138 0
51.6843 38.4943 1.78749 1.99118 4.46737 1.58645 166067 0 -1.66732 0.165932 0
38.8313 36.0087 1.82176 2.06494 4.62484 1.6975 162283 0 1.6081 0.165849 0
11.5978 19.1526 1.18524 2.1112 5.04016 1.59942 137394 0 -1.57399 0.165762 0
2.67889 55.4784 2.24616 2.33434 4.73248 1.94167 190718 0 1.50975 0.165127 0
-59.0388 18.7079 -0.2455 1.93693 4.27903 1.49783 136705 0 -1.15524 0.164815 0
48.4772 21.9216 1.43439 2.03143 4.47677 1.65678 141721 0 -2.89011 0.164324 0
50.6957 47.8062 1.98626 2.13024 4.64251 1.66962 179636 0 0.237068 0.164245 0
-48.3755 9.79224 -0.0133964 2.60111 6.15525 2.12606 123634 0 -1.34211 0.164242 0
-40.4989 29.6696 0.616828 1.83347 4.09142 1.583 152675 0 1.85958 0.164193 0
0.0839539 25.8878 1.28003 1.83955 4.23798 1.43735 147186 0 1.52108 0.163985 0
-47.1637 51.6738 0.977244 2.13678 4.94077 1.70932 184946 0 -0.936588 0.16376 0
51.0324 47.5094 2.00685 2.13369 4.59037 1.64671 179169 0 0.570688 0.163755 0
-4.98096 44.5233 2.01685 2.11329 4.5578 1.71321 174782 0 -1.54336 0.163683 0
37.2635 35.3312 1.51968 1.05566 1.63182 1.56915 161342 0 -0.634456 0.163351 1
-29.5477 9.42233 -0.0479052 2.02679 4.49216 1.579 123225 0 -0.0390806 0.162892 0
