44.2708 -6.90022 1.46958 2.93486 7.79486 3.21971 99588 0 1.62616 0.96729 0
-12.9026 8.22052 0.722214 2.07319 4.81725 1.4597 121405 0 -2.9263 0.947753 0
-6.82615 11.3393 0.970085 1.98693 4.55047 1.43227 126104 0 -1.49185 0.944574 0
18.4103 11.725 1.04224 2.12192 4.84502 1.5224 126651 0 1.64806 0.944569 0
-2.02797 11.0789 1.15136 2.1003 4.71184 1.78651 125651 0 1.62174 0.940221 0
10.6738 12.7283 1.18464 2.23978 5.18146 1.89966 128031 0 -1.56608 0.937424 0
23.1191 9.18921 0.998542 2.10061 4.84355 1.51439 122922 0 0.0984259 0.932698 0
-0.853218 17.0829 1.36691 2.10692 4.76856 1.83229 134547 0 1.62179 0.919743 0
-20.6378 32.7372 1.15802 2.41375 5.56218 1.85311 157417 0 -1.19223 0.915143 0
6.23093 24.732 1.28232 2.08531 4.71112 1.53792 145801 0 0.0710842 0.904332 0
30.8477 9.34229 1.14252 2.01733 4.48282 1.67543 123414 0 -1.4733 0.897554 0
36.0829 9.08369 1.03209 2.00703 4.65318 1.50526 122962 0 1.67566 0.886645 0
10.684 15.8329 1.24031 2.21496 5.10198 1.86273 132711 0 -1.53653 0.883969 0
-0.405861 22.9069 1.41069 2.18216 5.1031 1.86283 142972 0 -1.47514 0.876907 0
-6.55463 17.4723 1.09064 2.10086 4.89186 1.5333 134997 0 -1.54718 0.871755 0
9.15418 -0.49588 0.920133 0.944947 1.04535 1.84129 108838 0 3.02871 0.871302 1
-44.6463 -11.1137 -0.791805 2.04822 4.48282 1.72659 93226 0 0.0194821 0.870138 0
-42.0842 -11.6648 -0.886325 1.98046 4.36411 1.59158 92298 0 0.034013 0.865791 0
-18.7463 19.7497 0.975181 2.11628 4.67176 1.93357 138235 0 1.72157 0.865482 0
48.424 8.54556 0.982597 2.06773 4.7454 1.6143 122065 0 -1.51892 0.863745 0
13.2787 41.1714 1.88862 2.1245 4.96311 1.89966 169691 0 -1.52846 0.862772 0
-19.6588 7.95406 0.693712 1.90952 4.46701 1.5118 120916 0 1.60121 0.853761 0
0.124413 28.9915 1.36546 1.99523 4.54749 1.61518 151866 0 1.60187 0.846455 0
31.1981 30.931 1.38003 2.12536 4.91483 1.52534 154771 0 1.5786 0.846434 0
33.427 -6.32727 0.814683 0.86507 0.933747 1.68835 100490 0 -0.684161 0.843717 1
-18.4034 14.0009 0.874337 2.0699 4.68388 1.79184 129812 0 1.744 0.843695 0
11.3773 19.3795 1.14425 1.97085 4.56712 1.48461 137861 0 -1.60955 0.841906 0
-42.991 5.88648 -0.339547 1.91243 4.20597 1.46493 118035 0 1.87291 0.841443 0
-37.0247 -5.05545 -0.508968 2.04984 4.26167 1.55537 102142 0 -1.56174 0.838252 0
17.7022 20.0014 1.18911 2.06922 4.8579 1.51126 138817 0 1.64299 0.837193 0
11.7343 22.2937 1.39045 1.95717 4.37617 1.73074 142074 0 -1.52479 0.83651 0
30.6064 15.8936 1.24847 2.01358 4.36576 1.71019 132773 0 -1.47588 0.835009 0
17.3834 22.8337 1.47028 2.12709 5.02128 1.71976 143028 0 1.62315 0.834933 0
18.506 15.4079 1.21118 2.20973 4.73843 1.74275 132267 0 1.62614 0.834688 0
11.4527 -5.9109 0.808872 0.907678 0.957412 1.77335 100889 0 1.78209 0.83306 1
-29.6589 6.62159 -0.0811093 2.05746 4.68407 1.5352 119013 0 -1.29984 0.831004 0
26.3085 3.38232 1.03949 0.804882 0.882029 1.71684 114508 0 0.08997 0.825779 1
-6.57008 20.2919 1.19375 2.09599 4.90996 1.44423 139209 0 -1.53906 0.824735 0
-1.16785 14.1581 1.10208 1.89909 4.25992 1.56214 130334 0 1.70724 0.823914 0
-71.5202 -4.66434 -0.548811 0.90427 1.0137 1.92502 102502 0 -2.74102 0.82176 1
48.7309 5.70689 1.09358 2.21533 5.16242 1.88795 117854 0 -1.50341 0.814982 0
-36.5414 -11.6323 -0.68267 2.36438 5.33209 2.03353 92315 0 0.0430276 0.807835 0
0.205002 31.7574 1.72843 2.21442 5.04587 1.90756 156078 0 1.6495 0.805958 0
-6.26013 14.4906 1.02618 2.02131 4.59611 1.49297 130786 0 -1.48928 0.800909 0
13.8886 38.1627 1.72006 2.0998 4.82806 1.66677 165481 0 -1.52388 0.800328 0
-19.0701 11.4695 0.884925 1.99591 4.39109 1.76673 126066 0 1.66746 0.794948 0
-44.6039 20.3422 -0.0188105 2.07067 4.64531 1.60072 139090 0 -1.28952 0.79242 0
17.4679 25.7562 1.55199 2.31671 5.53806 1.78491 147240 0 1.6197 0.787476 0
12.9641 32.3863 1.41969 2.09157 4.90872 1.51451 157054 0 -1.51006 0.785772 0
30.9504 27.4606 1.42016 2.07589 4.70498 1.46942 149622 0 1.61857 0.784008 0
36.3337 12.0744 1.20046 2.05279 4.73936 1.62251 127175 0 1.62323 0.78301 0
11.417 26.1419 1.30467 1.89618 4.39672 1.50636 147689 0 -1.53802 0.778607 0
-40.4495 14.5454 -0.134837 2.02801 4.51568 1.6005 130679 0 1.86197 0.771946 0
-18.1028 22.8504 0.81973 2.00429 4.49996 1.54742 142917 0 1.61342 0.762992 0
-72.4816 -3.6661 -0.648978 0.871602 0.954648 1.84868 103903 0 3.08801 0.762272 1
14.9045 58.4097 2.0104 1.99729 4.56489 1.53509 194968 0 -1.4057 0.754334 0
-0.129883 26.3429 1.26938 2.0184 4.68071 1.49021 148121 0 1.59247 0.748582 0
-18.467 16.8783 0.699243 1.81733 4.07849 1.46343 134024 0 1.71114 0.74329 0
-5.90661 26.1155 1.54578 2.07972 4.74765 1.75851 147635 0 -1.50719 0.737124 0
-49.1315 4.57704 -0.348563 2.13558 4.77555 1.73612 116144 0 -1.26395 0.736304 0
-41.4131 11.6609 -0.232882 1.96452 4.53364 1.57444 126464 0 1.86579 0.732878 0
-27.6393 14.6734 0.46098 2.02955 4.70053 1.6915 130719 0 1.81103 0.728478 0
-47.5113 9.72784 -0.0526288 2.26461 5.1735 1.91488 123637 0 -1.25671 0.724145 0
14.9267 64.7793 2.05452 2.02473 4.59787 1.56665 204328 0 -1.54057 0.721227 0
48.8532 11.5932 1.18132 1.94061 4.29053 1.70864 126746 0 -1.51965 0.720324 0
-63.8686 6.96973 -0.491534 2.09756 4.54207 1.73567 119374 0 -1.24235 0.716989 0
-21.3182 29.9153 0.816682 2.07358 4.61834 1.48423 153203 0 -1.25989 0.714513 0
15.2495 55.4235 2.22563 2.00214 4.48312 1.69628 190757 0 -1.53591 0.710597 0
12.6092 29.2631 1.38938 1.97384 4.64825 1.4463 152373 0 -1.50651 0.707824 0
13.321 44.0491 1.7173 2.0042 4.52333 1.62513 173903 0 -1.56152 0.701368 0
1.08415 43.656 1.60717 1.96854 4.45586 1.47861 173397 0 1.56472 0.695827 0
13.3261 46.9556 1.8084 1.891 4.28774 1.49219 178115 0 -1.57745 0.69361 0
-28.606 9.15246 -0.0409195 1.98272 4.48634 1.50626 122760 0 -1.37134 0.690083 0
50.6627 34.8127 1.63468 1.94579 4.52782 1.49796 160448 0 -1.53314 0.68742 0
-5.29457 40.8353 1.73582 2.05448 4.64242 1.52879 169165 0 -1.51522 0.684485 0
36.2893 15.277 1.16887 2.03112 4.72168 1.49064 131855 0 1.66668 0.684321 0
30.8586 21.6842 1.20204 1.889 4.3767 1.40454 141198 0 -1.50575 0.683869 0
32.8187 -6.88239 0.617584 0.592976 0.663942 1.04066 99552 0 -1.06409 0.682507 1
31.5512 35.7791 1.67531 2.0553 4.7542 1.63358 161792 0 1.62498 0.681454 0
-53.9276 47.8081 0.563496 2.02964 4.49835 1.5599 179309 0 -1.13837 0.672975 0
-38.9203 19.6833 -0.0349074 2.02243 4.67256 1.60699 138172 0 1.81899 0.670507 0
-56.2452 27.2973 0.185256 2.08219 4.5535 1.62035 149350 0 -1.16702 0.662786 0
18.7208 31.7926 1.4409 2.12255 4.84837 1.53277 156136 0 1.60944 0.660705 0
31.8302 38.8989 1.81951 1.93624 4.33165 1.55906 166473 0 -1.50797 0.653889 0
-46.2423 56.133 0.723323 2.08483 4.62343 1.54033 191501 0 -1.29176 0.648376 0
18.9986 37.8933 1.79107 2.07791 4.67615 1.63976 165029 0 1.59837 0.64693 0
-39.8794 17.1419 0.10681 1.8937 4.05143 1.75682 134425 0 1.81814 0.645832 0
31.5343 12.2264 1.06141 1.95208 4.67461 1.49763 127628 0 -1.4991 0.626915 0
14.9104 67.7165 2.26841 1.96396 4.29163 1.70607 208540 0 -1.57508 0.62479 0
-32.1381 42.116 1.10135 1.96058 4.52782 1.61551 170953 0 1.90193 0.616399 0
14.5402 73.7674 2.27576 2.00319 4.53849 1.62756 217431 0 -1.54675 0.60761 0
14.1798 -4.69563 0.727012 0.753351 0.804555 1.57498 102770 0 -1.53051 0.605263 1
37.2772 30.2039 1.69748 2.56074 5.89557 1.93461 153854 0 -1.50392 0.600551 0
-5.9425 31.8866 1.69817 2.17301 4.97033 1.55501 156059 0 -1.53043 0.593361 0
-61.5569 14.6479 -0.435232 2.07264 4.59719 1.71833 130613 0 -1.16749 0.58937 0
54.2004 5.3698 1.11665 2.03422 4.9261 1.87776 117403 0 1.63749 0.585821 0
-24.5082 22.22 0.626872 1.99387 4.41205 1.52297 141961 0 -1.35256 0.584473 0
-45.6229 17.8201 -0.0801792 2.0566 4.58452 1.69342 135343 0 -1.23751 0.580656 0
2.37984 55.4918 2.23317 2.25039 5.11028 1.90381 190717 0 1.52156 0.576481 0
36.3329 21.0529 1.38645 1.98848 4.60861 1.53499 140279 0 1.62741 0.574123 0
-19.6358 35.4233 1.13626 2.12516 4.81708 1.5901 161164 0 -1.1397 0.572442 0
-69.2545 5.2566 -0.565653 2.05833 4.61268 1.68727 117017 0 1.85494 0.572418 0
15.1192 -4.3458 0.596526 0.559914 0.597669 0.760798 103241 0 -1.25888 0.570787 1
4.12288 -4.19272 0.786885 0.9776 0.994513 1.71083 103206 0 1.51677 0.570431 1
-42.113 9.41369 -0.270991 2.07934 4.64929 1.58738 123186 0 1.8548 0.569154 0
-1.11108 20.0632 1.23002 2.05983 4.79805 1.56116 138758 0 1.69161 0.557381 0
19.343 40.7756 1.95697 2.04263 4.67387 1.5266 169242 0 1.6091 0.55709 0
-47.8688 6.95193 -0.36972 2.00856 4.50286 1.60756 119424 0 -1.29569 0.556961 0
-4.34474 58.7692 2.23941 1.92626 4.41246 1.55391 195376 0 -1.52281 0.556042 0
38.2324 38.8629 1.86481 2.00549 4.48041 1.55694 166493 0 1.64428 0.554511 0
19.0652 46.5663 2.11057 1.94713 4.34628 1.56714 177665 0 1.54955 0.5435 0
-5.30857 44.2782 2.01802 2.17124 5.01636 1.80632 174313 0 -1.51351 0.541412 0
-44.0189 23.1156 0.228491 2.07693 4.65698 1.63573 143304 0 -1.2691 0.534714 0
-46.5354 14.8589 -0.190591 2.02328 4.37463 1.61261 131128 0 -1.24395 0.533848 0
-47.1787 12.3354 -0.340686 2.01991 4.52286 1.59453 127382 0 -1.25415 0.531999 0
-19.0612 38.2641 0.881053 2.05782 4.64719 1.5059 165378 0 -1.1388 0.531738 0
15.0003 -4.34769 0.647496 0.582104 0.625838 0.844844 103240 0 -1.16914 0.522739 1
-16.3692 -14.567 0.351417 0.873801 0.951316 1.73601 88166 0 -2.23675 0.507742 1
32.4412 -7.47354 0.795446 0.699464 1.73727 1.54919 98615 0 -1.13769 0.507649 2
-44.023 58.3989 1.14262 2.07039 4.44583 1.70126 194784 0 -1.36282 0.503031 0
17.7569 28.6795 1.37431 1.9958 4.64063 1.47499 151453 0 1.60315 0.498574 0
32.7997 56.805 1.83994 1.95103 4.49363 1.50312 192684 0 -1.556 0.496348 0
-32.7884 39.2351 0.780561 1.96955 4.42887 1.47602 166739 0 1.93716 0.49598 0
36.9333 26.8122 1.33568 2.07559 4.82308 1.53983 148705 0 1.64756 0.493133 0
31.1783 18.7598 1.13935 1.87592 4.31196 1.46234 136987 0 -1.51099 0.489968 0
-37.9368 22.2672 0.392935 1.96674 4.27648 1.73854 141919 0 1.81962 0.485349 0
-62.2366 11.7259 -0.444002 1.91769 4.22569 1.53909 126399 0 -1.42312 0.484498 0
1.72908 52.6392 1.91581 1.89893 4.29754 1.54815 186503 0 1.62749 0.467773 0
32.1945 -7.27815 0.774956 0.73128 1.03277 1.5171 99082 0 -1.18143 0.467603 1
54.5614 11.3215 1.29249 2.10003 4.70801 1.6414 126296 0 1.53731 0.464611 0
-6.24789 22.9435 1.26111 1.93652 4.55536 1.44031 142954 0 -1.56245 0.457746 0
-62.2372 11.9261 -0.445825 2.02753 4.48039 1.56637 126867 0 2.03091 0.449852 0
18.7501 43.6424 2.07966 2.04709 4.59901 1.59144 173452 0 1.56829 0.439737 0
49.1237 14.2989 1.23026 1.96472 4.46072 1.63366 130491 0 -1.55801 0.43964 0
-6.49877 31.9168 1.65119 2.27181 5.33309 1.63622 156057 0 -1.0863 0.438406 0
-44.9348 58.6706 1.02692 2.45205 5.86981 1.98835 195249 0 -1.31726 0.425394 0
14.8933 70.5592 2.31272 1.9312 4.29327 1.59224 212752 0 -1.58108 0.420723 0
-27.9854 18.0641 0.562006 2.1113 4.67521 1.65874 135866 0 1.8578 0.418732 0
37.9377 38.6267 1.80895 1.9719 4.41765 1.52303 166024 0 1.66605 0.405076 0
-71.4971 -4.82211 -0.57624 0.922915 1.0365 1.86782 102034 0 -2.7794 0.402899 1
13.9906 73.735 2.12071 1.79488 3.99689 1.45931 217429 0 -1.57058 0.400181 0
54.2351 28.9505 1.5048 2.07344 4.66842 1.65995 152035 0 -1.5994 0.39707 0
4.6004 40.0345 1.79072 0.870359 0.757447 1.74327 168260 0 -0.0350536 0.395425 1
14.1532 -3.93819 0.945205 0.848681 0.941987 1.87665 103706 0 -0.254397 0.387365 1
-41.1741 11.9028 -0.184117 1.8943 4.28856 1.54367 126933 0 1.86633 0.386869 0
51.6621 46.868 2.00176 2.06121 4.69752 1.63576 178235 0 -1.59208 0.370211 0
-5.30163 28.9731 1.4875 2.02757 4.66158 1.55042 151849 0 -1.46773 0.368743 0
14.1282 -3.05441 0.782379 0.783369 0.900999 1.6173 105110 0 -1.33143 0.368235 1
33.7681 53.926 1.85534 1.99314 4.44918 1.57863 188475 0 -1.51885 0.364374 0
-35.036 30.304 0.458845 1.91405 4.33572 1.47655 153628 0 1.77138 0.362802 0
-3.66953 64.7833 2.40174 2.12204 4.65469 1.64963 204270 0 -1.4212 0.358886 0
-27.38 17.7495 0.62256 2.1034 4.6428 1.65008 135400 0 1.81588 0.356447 0
-71.7028 -4.64323 -0.567392 0.950585 1.04156 1.91165 102501 0 -2.76863 0.356382 1
30.5926 18.945 1.12614 1.89422 4.51838 1.43699 137453 0 -1.5409 0.352853 0
-72.6674 -3.66593 -0.651669 0.919557 0.992127 1.84165 103902 0 3.08227 0.352006 1
15.1924 70.8286 2.31332 2.07362 4.69549 1.69973 213221 0 -1.5971 0.348195 0
2.03069 52.6522 1.9139 1.80985 3.99278 1.49367 186504 0 -1.81684 0.346346 0
15.4705 70.5609 2.2916 2.17985 4.98578 1.80639 212754 0 -1.58346 0.342779 0
32.1587 44.9854 1.92306 1.99524 4.48516 1.52598 175366 0 -1.50713 0.342143 0
38.5631 35.0366 1.53762 2.03935 4.64016 1.52601 160878 0 1.64723 0.341942 0
49.7367 14.5355 1.30088 2.04364 4.60633 1.68756 130961 0 -1.56328 0.338113 0
1.46802 52.3754 1.89354 2.00726 4.67146 1.64062 186034 0 -1.7 0.337667 0
19.3429 43.432 2.01271 1.96586 4.49768 1.57575 172986 0 1.59396 0.335394 0
-5.57955 59.0149 2.21573 2.00326 4.61887 1.60955 195840 0 1.61512 0.335374 0
37.5862 44.5918 1.96216 1.94105 4.44814 1.47349 174915 0 1.60819 0.335206 0
-67.6676 11.3487 -0.606757 2.01457 4.50863 1.55518 125914 0 -1.11756 0.332979 0
31.5134 45.2139 1.96561 2.028 4.62415 1.56656 175832 0 -1.50671 0.331637 0
-4.3225 49.6957 1.96812 2.05128 4.66421 1.66471 182272 0 -1.55228 0.331605 0
-69.0131 5.5015 -0.591045 1.99729 4.41579 1.66499 117486 0 2.05689 0.330532 0
-40.7953 30.2341 0.61894 2.02963 4.60418 1.64725 153610 0 1.92384 0.330437 0
51.3991 46.8732 1.99516 1.94629 4.35613 1.55903 178234 0 1.07331 0.328868 0
-61.6655 11.6553 -0.444259 1.65877 3.49094 1.43877 126401 0 -1.08101 0.328811 0
-71.3232 -4.67001 -0.569139 0.899022 0.990015 1.90258 102503 0 -2.74612 0.328627 1
11.8852 26.3262 1.29027 2.19414 5.2595 1.60101 148159 0 -1.54309 0.31819 0
54.2229 8.20762 0.953093 1.89791 4.45476 1.5066 121615 0 1.64502 0.314082 0
59.7005 10.421 1.32126 2.30417 5.25815 1.92224 124908 0 0.00918901 0.313796 0
-72.4917 -3.49869 -0.658629 0.879217 0.968846 1.82082 104371 0 -3.08804 0.312997 1
-34.7464 33.7071 0.721921 2.00234 4.60385 1.58221 158777 0 1.94008 0.309335 0
38.8291 38.6141 1.77837 1.93107 4.43506 1.50895 166027 0 1.64335 0.308692 0
1.04389 69.9073 3.2852 2.21886 4.93144 1.91224 211773 0 3.08563 0.306893 0
2.0407 52.9019 1.92228 1.83221 4.01287 1.49562 186972 0 1.57899 0.305946 0
54.3026 11.1103 1.26087 1.81343 4.01557 1.52394 125827 0 1.59878 0.303775 0
9.10909 -0.653999 0.893415 0.957907 1.00155 1.77557 108370 0 3.07395 0.302912 1
34.3966 31.1913 1.32661 0.694993 0.685018 1.61906 155249 0 -3.02594 0.302136 1
-6.85075 23.1561 1.28507 2.05249 4.77031 1.49856 143420 0 -1.56812 0.301824 0
11.3899 -6.11556 0.806163 0.858592 0.898843 1.73408 100421 0 1.76711 0.298432 1
14.0461 -3.93758 0.807677 0.78914 0.850675 1.82148 103705 0 -1.47152 0.296211 1
49.4353 20.3182 1.38923 2.04606 4.55791 1.62716 139384 0 -1.54323 0.295547 0
-72.2954 -3.68202 -0.65096 0.891094 0.958914 1.85094 103904 0 -3.09205 0.294029 1
18.3812 28.8895 1.38196 2.02424 4.72063 1.50938 151923 0 -1.52646 0.291861 0
14.6414 58.1844 1.94994 1.79978 4.10152 1.45736 194499 0 -1.37563 0.291243 0
14.1486 -3.80397 0.898304 0.835889 0.933647 1.83583 104174 0 -1.17087 0.291182 1
20.2927 40.8037 1.98275 1.97845 4.40059 1.54696 169245 0 1.58542 0.290275 0
32.4063 -7.2772 0.78943 0.784079 1.65403 1.52055 99083 0 -1.10185 0.290013 1
33.4578 54.1933 1.81234 1.89818 4.18147 1.50617 188942 0 -1.60859 0.288745 0
51.6743 37.924 1.80644 2.00249 4.50283 1.57635 165131 0 -1.56672 0.28849 0
38.2509 35.3565 1.42321 2.02534 4.60258 1.49288 161345 0 1.65628 0.287024 0
-27.682 17.5088 0.559399 2.16151 4.71062 1.7232 134931 0 1.78766 0.286606 0
60.3776 17.1025 1.5143 2.20325 4.9283 1.82866 134738 0 0.133491 0.285694 0
36.904 21.1969 1.42686 2.17281 5.11026 1.61953 140749 0 1.61702 0.285085 0
12.0842 29.0331 1.39971 1.75497 3.96385 1.46239 151903 0 -1.47376 0.285003 0
-4.94165 49.4867 1.94536 2.03177 4.6806 1.6499 181802 0 -1.53717 0.284414 0
14.1918 -4.82613 0.736723 0.765681 0.790614 1.53027 102302 0 -1.43432 0.283728 1
-19.9973 35.9056 1.1698 2.13175 4.80243 1.59221 162099 0 -1.15136 0.283099 0
-24.2024 22.4855 0.631669 2.02508 4.44574 1.54769 142430 0 -1.39298 0.282581 0
-5.28295 68.2943 2.57081 2.08077 4.78434 1.60988 209413 0 -1.41804 0.282519 0
37.9368 35.6849 1.39052 2.00338 4.60508 1.46595 161812 0 1.6414 0.281452 0
-5.86555 41.0213 1.80004 2.14369 4.82108 1.55966 169631 0 -1.54088 0.280591 0
-31.5778 41.8517 1.10479 1.77358 3.83753 1.5045 170487 0 1.90628 0.280455 0
-69.5173 5.02837 -0.53677 2.18062 4.91412 1.73778 116548 0 -1.53092 0.279037 0
1.50018 55.5135 2.34156 2.39653 5.86839 2.03198 190714 0 -1.58823 0.278478 0
50.7168 37.8879 1.76955 1.89203 4.30097 1.46948 165128 0 -1.49449 0.278416 0
33.1267 53.9361 1.79102 1.90793 4.28151 1.48838 188473 0 -1.45142 0.278125 0
31.2536 39.0934 1.7932 2.05288 4.68153 1.5475 166939 0 -1.52045 0.276786 0
-5.54731 40.5801 1.74178 1.99836 4.55777 1.52572 168696 0 -1.48338 0.27561 0
21.2871 67.0514 2.217 2.06761 4.70879 1.67097 207624 0 1.64777 0.27549 0
19.629 46.7985 2.1417 2.14815 4.86737 1.67233 178135 0 1.54454 0.273971 0
-25.0954 22.4601 0.616143 2.0116 4.41273 1.48748 142427 0 -1.3466 0.273745 0
-39.1377 19.4669 -0.0789011 1.76097 4.07819 1.55765 137703 0 1.83184 0.273572 0
33.4173 57.0213 1.89506 1.9969 4.42659 1.59693 193154 0 -1.60048 0.27344 0
53.352 28.8986 1.50568 2.03434 4.57335 1.57268 152032 0 1.4967 0.273122 0
51.3915 46.6118 1.95796 1.84709 4.12908 1.49617 177766 0 -1.66474 0.272729 0
-71.5334 -4.45028 -0.539331 0.875838 1.03958 1.91165 102970 0 -2.83378 0.272213 1
-39.1624 29.051 0.6362 0.751642 0.80912 1.74307 151743 0 1.53944 0.271972 1
55.1795 28.9848 1.45987 2.09017 4.6818 1.76592 152038 0 -1.6288 0.271913 0
-34.1028 33.4201 0.767719 2.09365 4.82031 1.59608 158311 0 1.8849 0.269918 0
-72.4722 -3.8596 -0.627536 0.935726 1.00836 1.86388 103435 0 -3.09062 0.268985 1
15.4389 67.9235 2.20988 2.28047 5.20851 1.87994 209010 0 -1.60941 0.268158 0
-38.9447 29.2548 0.614513 0.781116 0.806307 1.77649 152212 0 0.819214 0.268124 1
-46.6477 12.2816 -0.359589 1.79199 3.89227 1.54268 127384 0 -1.25339 0.267985 0
-48.5543 4.54994 -0.440755 1.74463 3.74664 1.53152 116146 0 -1.24375 0.267375 0
-42.7328 51.9918 0.785806 2.08127 4.77195 1.66836 185428 0 -1.34892 0.266096 0
-61.9117 11.4455 -0.453282 1.73144 3.69454 1.4548 125932 0 -1.30563 0.263916 0
-3.71062 49.4882 1.94796 2.05472 4.70397 1.68834 181806 0 -1.51595 0.262478 0
-39.146 29.2101 0.64431 0.804649 0.867083 1.72285 152211 0 1.41395 0.262243 1
-68.7308 5.22884 -0.579504 1.72458 3.58131 1.58072 117019 0 1.98498 0.261989 0
30.3106 21.8321 1.20155 2.05427 4.66968 1.42894 141664 0 -1.52771 0.261324 0
-5.85197 44.0758 1.97149 2.26316 5.34325 1.84609 173843 0 1.46835 0.260625 0
50.4109 37.6433 1.70069 1.81895 4.127 1.4353 164659 0 -1.46331 0.260081 0
17.4777 28.3968 1.39765 1.99258 4.55756 1.48325 150984 0 1.61092 0.259911 0
9.16866 -0.304283 0.922047 0.976159 1.14505 1.85682 109306 0 3.06276 0.259788 1
-3.95496 64.5306 2.43294 2.00787 4.43275 1.63155 203801 0 -1.34033 0.259664 0
-5.91415 29.2251 1.55056 2.10066 4.77628 1.59338 152315 0 -1.45448 0.258885 0
30.9085 45.0154 1.94842 1.95061 4.51295 1.55245 175362 0 -1.57554 0.258864 0
38.2292 35.9713 1.5061 1.98201 4.47526 1.49022 162281 0 1.65541 0.258307 0
54.579 14.2521 1.06874 1.97315 4.52879 1.59941 130508 0 1.59576 0.257439 0
32.4512 35.7636 1.70657 2.23387 5.46525 1.75356 161795 0 -1.55009 0.257184 0
14.9588 -4.50443 0.66198 0.624437 0.653988 0.897672 102772 0 -1.20264 0.256353 1
-35.6537 30.5318 0.469737 1.91537 4.25104 1.5082 154094 0 1.84841 0.256151 0
15.1454 -4.50479 0.597752 0.5846 0.612138 0.818029 102773 0 -1.16224 0.25533 1
15.1254 73.7767 2.57127 2.2854 5.34498 1.9328 217433 0 -1.57919 0.254566 0
33.0997 56.5681 1.88803 1.82648 4.13631 1.47935 192217 0 -1.57223 0.254335 0
-34.441 30.2138 0.48838 1.95899 4.44026 1.47397 153630 0 -1.574 0.251733 0
13.8053 47.1175 1.85225 2.21889 5.273 1.73418 178585 0 -1.60027 0.251169 0
-33.3716 39.2918 0.782302 2.03197 4.57696 1.56219 166737 0 1.89368 0.250484 0
32.7231 -7.55617 0.700915 0.613509 0.805051 1.10559 98616 0 -1.18007 0.250206 1
60.2303 15.8343 1.40507 2.17495 4.70786 1.79375 132866 0 0.156769 0.249018 0
36.6931 44.6534 1.87405 1.85953 4.236 1.47187 174912 0 1.61056 0.248228 0
-26.7526 17.4322 0.609851 2.09805 4.72849 1.65323 134934 0 1.65373 0.247939 0
33.2742 -6.31883 0.758779 0.853631 0.941623 1.6537 100489 0 -0.574907 0.247735 1
-27.7277 18.3233 0.652124 2.07511 4.57949 1.63202 136335 0 1.86682 0.247478 0
14.4847 -4.64097 0.708501 0.721967 0.780105 1.28149 102771 0 -1.54719 0.244877 1
-41.0638 29.9578 0.586051 2.09051 4.74257 1.69756 153141 0 1.8345 0.242927 0
51.9356 46.5947 1.9738 2.15619 5.00024 1.6976 177768 0 -1.68873 0.242921 0
-4.00578 55.8229 2.18235 1.97305 4.40483 1.59009 191165 0 -1.57768 0.242753 0
32.9799 -6.87995 0.635427 0.619789 0.714397 1.08878 99553 0 -0.84216 0.242325 1
-35.3192 33.8122 0.670658 1.95496 4.47413 1.55799 158775 0 1.97114 0.241378 0
14.5996 70.3078 2.29663 1.83225 4.03111 1.54827 212283 0 -1.56102 0.241262 0
19.305 31.6367 1.42272 2.10523 4.74484 1.53225 155670 0 1.6122 0.241066 0
-67.9347 11.0712 -0.593202 2.13276 4.82145 1.62468 125445 0 -1.16244 0.241012 0
36.8758 12.2141 1.1795 2.11311 5.0043 1.63925 127645 0 1.63038 0.240356 0
-46.8408 56.406 0.686608 2.28017 5.28726 1.67159 191967 0 -1.26272 0.240042 0
30.9332 38.9315 1.73412 1.9348 4.44255 1.54116 166470 0 1.22887 0.239602 0
37.5702 26.7873 1.32238 2.03512 4.66469 1.51743 148707 0 1.83933 0.239217 0
2.98392 55.2812 2.17451 1.94183 4.26129 1.65835 190251 0 1.54448 0.237217 0
38.5306 39.1092 1.89577 2.0698 4.60459 1.59804 166962 0 1.61108 0.235964 0
55.202 15.5198 1.07835 1.89738 4.27066 1.52017 132382 0 1.6556 0.235626 0
1.35143 43.9143 1.61077 1.84814 4.07548 1.44869 173866 0 1.65643 0.234601 0
49.146 20.0365 1.38744 2.02636 4.50009 1.58481 138915 0 -1.45763 0.233263 0
-5.86818 44.5466 2.01087 2.40668 5.69616 1.86201 174779 0 1.54891 0.232539 0
18.769 41.0246 1.87808 2.05289 4.70842 1.5299 169708 0 1.62512 0.232303 0
-67.4048 11.6251 -0.636495 1.92622 4.29618 1.51821 126383 0 -1.10498 0.231387 0
54.8653 14.5411 1.02603 1.98496 4.57408 1.56782 130977 0 1.57096 0.230391 0
1.07764 43.1301 1.63748 2.00167 4.51891 1.5238 172461 0 1.49903 0.229714 0
0.374641 26.3276 1.2195 1.7738 3.97392 1.40068 148123 0 1.58713 0.228734 0
-0.145279 25.8917 1.30126 2.01981 4.66494 1.51164 147185 0 1.51176 0.228005 0
-0.552162 20.2183 1.32217 2.07419 4.70059 1.63185 139228 0 1.67848 0.227224 0
-28.2342 17.7985 0.504901 2.18443 4.79527 1.7178 135397 0 1.83855 0.226427 0
-53.6923 48.0754 0.565805 2.05641 4.3947 1.57844 179778 0 -0.88858 0.226236 0
0.856087 70.5295 3.27659 2.52987 6.11591 2.16638 212708 0 2.93575 0.225851 0
14.5623 -4.3417 0.711892 0.67017 0.770227 1.29278 103239 0 -1.45546 0.225556 1
-3.69147 55.5615 2.12936 2.00022 4.50771 1.55954 190698 0 -1.60305 0.225261 0
32.7952 54.1797 1.7805 1.88057 4.28564 1.46405 188940 0 -1.53106 0.225123 0
15.248 54.998 2.13413 1.8853 4.25151 1.63179 189821 0 -1.44258 0.224473 0
-4.32658 65.0595 2.44315 2.22627 5.05689 1.7557 204736 0 -1.50642 0.223159 0
-71.3065 -4.86388 -0.612963 0.897075 0.998157 1.85752 102035 0 -2.79451 0.22301 1
-5.02361 31.8291 1.63206 2.02587 4.80227 1.58926 156062 0 -1.48239 0.222432 0
14.0387 -3.79499 0.804458 0.780994 0.876092 1.77029 104173 0 -1.51516 0.222182 1
32.4645 44.7013 1.90851 1.9361 4.36629 1.51337 174899 0 -1.51069 0.221933 0
38.2718 34.7916 1.50937 2.01318 4.44597 1.50722 160409 0 1.6591 0.221094 0
-45.031 17.7384 -0.127098 2.0975 4.75321 1.71554 135345 0 -1.22283 0.221069 0
33.4636 53.6703 1.83705 1.91703 4.31032 1.52439 188006 0 -1.41755 0.220558 0
51.3639 37.6463 1.80162 1.932 4.36015 1.53001 164662 0 -1.51033 0.220175 0
-36.6662 21.9737 0.389825 2.03776 4.63938 1.73445 141455 0 1.83154 0.219898 0
51.3805 38.2036 1.77019 1.93529 4.30421 1.51592 165598 0 -1.59944 0.219598 0
14.279 70.8319 2.30204 1.90289 4.22255 1.55845 213218 0 -1.55868 0.219388 0
-4.62447 64.8255 2.4382 2.17163 4.98589 1.78048 204267 0 0.775472 0.219324 0
-5.59161 49.7277 1.9557 2.17573 5.02844 1.78831 182268 0 1.56914 0.218528 0
8.94421 -0.523766 0.900749 0.970561 1.03738 1.81607 108837 0 3.01476 0.217847 1
38.8601 35.6626 1.58865 2.06072 4.66869 1.57518 161815 0 1.66518 0.217257 0
-25.4154 22.4987 0.630485 2.01764 4.44365 1.47845 142426 0 -0.586462 0.217004 0
-4.69094 44.0983 1.97798 2.09087 4.89064 1.81937 173847 0 -1.52019 0.216508 0
18.7696 40.5843 1.7778 2.01388 4.70026 1.52195 168772 0 1.61366 0.21629 0
19.9719 40.578 1.95919 1.9076 4.23261 1.5021 168776 0 1.61211 0.216201 0
-25.3772 22.3094 0.61634 1.98642 4.39446 1.4881 141958 0 -0.912866 0.216156 0
-43.0255 52.2877 0.833129 1.9813 4.48547 1.60423 185895 0 -1.36982 0.21607 0
54.8116 5.51336 1.01226 2.12374 5.21962 1.91458 117873 0 1.65073 0.215139 0
-30.8464 4.30179 -0.137394 1.94575 4.56985 1.52398 115733 0 -1.29249 0.214966 0
-6.25535 22.6555 1.23009 1.87457 4.26951 1.39945 142486 0 -1.53941 0.214836 0
36.3864 30.2489 1.70092 2.26542 5.1922 1.88617 153851 0 -1.46477 0.2144 0
-53.9058 47.2801 0.51107 1.85121 4.14028 1.49506 178373 0 -1.36943 0.213648 0
50.054 14.2994 1.25204 1.9605 4.34548 1.68815 130494 0 -1.56412 0.213207 0
31.5698 38.6715 1.78732 1.82096 4.08548 1.54293 166004 0 -1.49316 0.213172 0
-6.8446 26.1552 1.54265 2.14813 5.06219 1.83394 147632 0 -1.50095 0.212435 0
21.5942 66.7757 2.20534 2.00845 4.612 1.64573 207157 0 1.60385 0.211556 0
-35.9833 34.1104 0.674941 1.90232 4.26229 1.54554 159241 0 1.99662 0.211497 0
55.527 34.1056 1.58141 2.05052 4.67058 1.64521 159527 0 1.5694 0.211394 0
30.5857 45.2475 2.05287 2.03603 4.6643 1.63881 175829 0 -1.54774 0.210869 0
32.7938 -7.7534 0.597561 0.561415 0.624251 0.999404 98148 0 -1.31784 0.210501 1
-40.5275 30.5213 0.680318 1.95062 4.38072 1.59617 154079 0 2.05093 0.210272 0
-34.7645 30.4612 0.487583 1.92225 4.41976 1.46624 154097 0 2.28231 0.21 0
32.5486 56.561 1.82098 1.92662 4.49108 1.49037 192215 0 -1.85667 0.209778 0
-37.2877 22.0234 0.371406 2.06729 4.6046 1.75668 141453 0 1.81957 0.209572 0
18.1646 31.6193 1.40871 2.03133 4.65681 1.56104 155666 0 1.60295 0.208961 0
48.4831 20.3652 1.31603 2.06571 4.53168 1.64419 139381 0 1.5921 0.208788 0
15.4015 -4.34394 0.625316 0.585806 0.617646 0.867359 103242 0 -1.28817 0.208706 1
33.6609 -6.26461 0.776407 0.845033 0.859296 1.6026 100491 0 -0.731322 0.208328 1
-44.1153 20.34 -0.0405475 1.73608 3.61247 1.51298 139092 0 -1.27347 0.208132 0
39.1719 35.3428 1.66086 2.14581 4.87782 1.64856 161348 0 1.65278 0.207537 0
37.6469 39.1116 1.80558 2.02254 4.57213 1.54995 166959 0 1.64081 0.207315 0
42.7678 52.3766 2.09597 0.791474 0.783737 1.7112 186163 0 -2.88551 0.207207 1
-33.4385 39.7515 0.818697 2.14442 4.82557 1.6567 167673 0 1.94669 0.206583 0
19.0361 43.8885 2.10422 2.01342 4.56237 1.61926 173921 0 1.58453 0.206468 0
20.9571 52.6394 2.53632 2.2848 5.27712 2.00005 186563 0 1.533 0.206368 0
-44.8712 20.1178 -0.0626706 2.25318 5.15342 1.70077 138621 0 -1.30647 0.206118 0
-46.9746 9.51126 -0.0434591 1.98044 4.16932 1.75779 123171 0 -1.25883 0.206092 0
-33.7473 32.8628 0.7576 1.98522 4.45317 1.51898 157376 0 1.99177 0.205372 0
-17.786 37.6219 1.28306 2.16808 4.89688 1.74765 164446 0 -1.11407 0.205154 0
-67.1002 11.0653 -0.623629 1.79727 3.85384 1.47364 125448 0 -1.12543 0.205106 0
-15.8515 71.205 2.29718 2.02549 4.64607 1.76152 213592 0 1.57331 0.204801 0
-26.7236 17.1769 0.564561 2.08742 4.64339 1.68166 134466 0 -1.21121 0.204671 0
-46.2398 52.6446 0.846496 1.84209 4.10374 1.49541 186353 0 -1.22895 0.204593 0
49.1367 20.5969 1.4168 2.02259 4.40131 1.61713 139851 0 -1.60908 0.203519 0
-42.9931 51.7138 0.824035 1.91772 4.35676 1.58261 184959 0 -1.31686 0.203354 0
14.1479 -3.29095 0.840316 0.803972 0.935212 1.68555 104642 0 -1.3254 0.202421 1
-40.3723 17.3548 0.00392522 2.17467 4.86269 1.84701 134891 0 1.84764 0.202181 0
-3.07801 55.8158 2.07286 1.96281 4.41417 1.50597 191168 0 -1.5701 0.201462 0
19.9428 43.6341 2.057 2.07564 4.65769 1.6077 173456 0 1.60501 0.201268 0
-25.739 22.5484 0.640868 2.02212 4.43816 1.49238 142425 0 1.6758 0.201146 0
32.781 -6.69862 0.645329 0.656399 0.754882 1.25162 100020 0 -0.997029 0.201054 1
-6.80802 32.0815 1.69874 2.25864 5.24706 1.67373 156524 0 1.59441 0.200541 0
-29.2206 9.36315 -0.0890221 2.05097 4.65974 1.56925 123226 0 -1.39664 0.199762 0
1.2058 52.6184 1.98658 2.09597 4.92835 1.70304 186501 0 -2.03057 0.199694 0
-49.6643 4.40353 -0.318164 2.39704 5.61707 1.90742 115674 0 -1.32001 0.199612 0
18.0965 -11.3555 0.755738 2.06877 4.39594 1.7513 92954 0 0.183657 0.199591 0
-48.7215 7.18516 -0.358843 2.26352 5.1821 1.83239 119889 0 -1.28267 0.199558 0
20.9706 67.3278 2.23322 2.00223 4.51337 1.65494 208091 0 1.71827 0.199533 0
-4.99754 29.2091 1.36604 1.95127 4.5815 1.49957 152318 0 -1.48285 0.199412 0
-46.2499 52.9324 0.866909 1.97034 4.4336 1.54702 186821 0 -1.27239 0.199398 0
45.9482 -33.429 -0.311115 1.92308 4.32294 1.53656 60749 0 -1.5007 0.199308 0
46.5297 -27.9701 0.0541813 2.05167 4.63372 1.69837 68707 0 -1.37291 0.198261 0
-62.5148 11.4567 -0.451488 2.0251 4.49259 1.5789 125930 0 -1.28164 0.197654 0
-63.2913 6.87884 -0.543639 2.0239 4.43246 1.71537 119376 0 -1.18198 0.197274 0
22.211 67.0202 2.27487 2.03336 4.5973 1.6602 207627 0 1.66247 0.197041 0
45.9131 -30.542 -0.128639 1.95425 4.39096 1.57003 64961 0 -1.36182 0.197033 0
13.2738 -9.50462 0.539397 0.79231 0.877668 1.58782 95747 0 0.512253 0.1966 1
-33.4817 33.0947 0.847344 2.08594 4.69044 1.57557 157845 0 1.88435 0.195705 0
14.895 71.1299 2.36254 1.99577 4.45738 1.61334 213688 0 -1.60856 0.195684 0
-64.7369 7.18164 -0.467401 2.23371 5.04051 1.75763 119839 0 -1.26367 0.195235 0
-19.5968 38.324 0.960997 2.05903 4.61672 1.48479 165376 0 -1.16664 0.195031 0
19.6693 41.0187 2.01149 1.9832 4.32285 1.54799 169711 0 1.5821 0.194955 0
54.5807 14.8582 1.02237 1.94837 4.50599 1.58834 131444 0 1.57385 0.19425 0
54.8792 15.217 1.03166 1.94688 4.41179 1.52309 131913 0 1.58876 0.193214 0
0.699081 31.6145 1.71448 1.89369 4.04795 1.83292 155612 0 1.64449 0.192943 0
50.4018 38.1852 1.73131 1.92287 4.3306 1.47046 165595 0 -1.49658 0.192762 0
51.0928 46.5941 1.97394 1.76748 3.91033 1.46579 177765 0 -1.43009 0.191687 0
-47.4341 12.0892 -0.342255 2.10151 4.74677 1.63582 126913 0 -1.25984 0.191562 0
-61.687 11.8919 -0.447798 1.79761 3.65735 1.47743 126869 0 -2.1537 0.191328 0
37.3576 38.869 1.64466 1.96701 4.48284 1.51815 166490 0 1.62723 0.190708 0
-39.7575 19.755 -0.105047 1.68864 3.74982 1.49772 138169 0 1.81345 0.190318 0
42.4015 54.5736 2.47623 2.07448 4.68856 1.71771 189438 0 3.09354 0.190288 0
30.8713 18.4905 1.14999 1.77461 4.21269 1.43815 136518 0 -1.49307 0.189912 0
-31.895 38.955 0.722452 1.96276 4.5714 1.45091 166274 0 1.90687 0.189874 0
-38.7727 22.5477 0.341367 2.23996 5.22006 1.86922 142384 0 1.80997 0.189752 0
38.2585 38.3095 1.84067 1.94618 4.31093 1.52894 165557 0 1.67744 0.189741 0
51.6911 46.3085 1.92753 1.94689 4.38951 1.54687 177299 0 -1.67611 0.189601 0
48.5262 14.5196 1.24702 2.02619 4.57636 1.67883 130957 0 -1.56373 0.18901 0
-34.3731 33.1898 0.656201 1.96691 4.46502 1.54721 157842 0 1.91208 0.189009 0
51.0956 47.1817 2.05482 1.96249 4.3452 1.58458 178701 0 0.945808 0.188706 0
-47.1375 15.1496 -0.210068 2.25884 4.98496 1.68823 131594 0 -1.22912 0.188027 0
11.4457 -5.7448 0.782558 0.856912 0.880941 1.74031 101357 0 1.76125 0.187989 1
-26.0924 17.1444 0.550336 2.12262 4.66254 1.67787 134468 0 -1.37356 0.187815 0
-4.57558 58.4822 2.23247 1.77355 4.02724 1.46927 194907 0 -1.47383 0.187589 0
-3.08595 64.5393 2.39564 2.01443 4.5329 1.64571 203804 0 -1.44655 0.187521 0
33.2059 -6.50651 0.748456 0.791431 0.88033 1.54016 100021 0 -0.70777 0.186491 1
60.6258 17.7223 1.60887 2.55481 6.13271 1.9535 135675 0 0.173184 0.186375 0
1.72372 52.071 1.87589 1.92909 4.34326 1.59148 185567 0 1.60611 0.185776 0
-4.60595 55.5349 2.29703 2.04062 4.62515 1.67905 190695 0 -1.58191 0.185747 0
22.5381 66.7479 2.26563 2.09601 4.74258 1.69853 207160 0 1.60018 0.185732 0
-67.3964 10.7967 -0.605318 1.85672 4.06346 1.50636 124979 0 -1.18215 0.185671 0
-4.3112 56.1029 2.1954 1.98417 4.50567 1.61707 191632 0 -1.51866 0.185428 0
37.6192 35.0597 1.38962 2.03464 4.6507 1.50905 160875 0 1.60496 0.184986 0
-48.8802 4.83351 -0.402188 2.02731 4.48832 1.66495 116613 0 -1.20277 0.184788 0
-54.4608 47.8313 0.566443 2.29066 5.45059 1.78223 179307 0 -1.23077 0.184587 0
-38.204 22.0205 0.345052 1.96403 4.31312 1.72214 141450 0 1.79089 0.183528 0
-4.32479 49.2034 1.93724 1.99274 4.50581 1.60893 181336 0 -1.45951 0.183069 0
13.8129 44.2371 1.7512 2.23681 5.22393 1.82677 174373 0 -1.5751 0.182925 0
49.4409 19.734 1.34934 2.06165 4.67921 1.61372 138448 0 -1.42857 0.182396 0
-34.163 30.1873 0.48299 2.05565 4.64897 1.5117 153631 0 -1.95685 0.182389 0
14.9207 -4.11665 0.720547 0.637901 0.69461 1.06794 103708 0 -1.35785 0.18229 1
51.9499 47.1394 2.02704 2.28729 5.37127 1.84143 178704 0 -0.624949 0.182104 0
-3.67123 64.2183 2.44731 1.95443 4.32988 1.60985 203334 0 -1.1037 0.182066 0
39.1335 38.8532 1.76444 2.02009 4.54596 1.56924 166496 0 1.63496 0.181822 0
54.8967 15.787 1.13676 1.94032 4.39413 1.54969 132849 0 1.72657 0.18153 0
46.2102 -33.1561 -0.290929 2.00738 4.50233 1.59289 61218 0 -1.54224 0.181322 0
-42.6376 9.21989 -0.299623 2.11225 4.6129 1.63947 122716 0 1.85803 0.181185 0
30.5995 21.3679 1.20618 1.6024 3.66711 1.33068 140729 0 -1.48608 0.180807 0
-27.0847 18.0203 0.647687 2.06129 4.65568 1.60981 135869 0 1.80428 0.180804 0
50.0876 48.1498 2.0027 2.1221 4.79152 1.72886 180102 0 3.0074 0.180749 0
15.1535 -4.12592 0.655729 0.619284 0.657489 0.928418 103709 0 -1.24422 0.180609 1
-19.6642 38.7958 1.01906 2.15433 4.81153 1.53095 166312 0 -1.1462 0.179551 0
-1.6924 20.2635 1.17443 2.05624 4.79912 1.54203 139224 0 1.70113 0.179487 0
33.7369 54.4857 1.80419 1.97312 4.41316 1.58988 189411 0 -1.71339 0.179439 0
-47.2563 6.85587 -0.326962 1.89845 4.16798 1.60227 119426 0 -1.26693 0.179134 0
-36.2636 30.5715 0.461673 1.94834 4.31936 1.55588 154092 0 1.71899 0.179042 0
-34.13 29.9744 0.47646 2.04964 4.54432 1.49078 153163 0 2.06355 0.178261 0
13.3882 38.0362 1.74461 1.80411 3.9392 1.61097 165011 0 -1.52967 0.177895 0
19.0213 28.6934 1.4292 1.93887 4.32599 1.50587 151457 0 -1.52907 0.177666 0
-43.3158 52.0163 0.821441 1.74565 3.89497 1.509 185426 0 -1.33261 0.177549 0
37.2711 44.8622 1.99263 1.97161 4.37751 1.48716 175382 0 1.62884 0.177513 0
-38.9743 29.0428 0.598958 0.907036 1.0194 1.75783 151744 0 -0.297005 0.177469 1
32.5824 -6.92522 0.676989 0.745327 0.88515 1.31211 99551 0 -1.28127 0.177145 1
13.5423 46.6873 1.75905 2.01285 4.67287 1.58663 177648 0 -1.5351 0.176986 0
-32.7072 42.372 1.1091 2.27691 5.56407 1.84029 171419 0 1.89411 0.17684 0
-65.7594 10.9676 -1.17512 0.791391 1.2792 1.74758 125452 0 2.00874 0.176825 2
1.75369 53.1853 1.94239 1.94212 4.36853 1.56643 187439 0 1.59037 0.176825 0
-38.6264 29.5694 0.587554 0.728098 0.783551 1.68189 152681 0 0.219307 0.176399 1
36.9987 44.3895 1.812 1.84631 4.21251 1.44705 174445 0 1.60068 0.176376 0
53.6606 8.20018 0.962038 1.63716 3.71098 1.44057 121613 0 1.68011 0.1761 0
13.9627 70.5873 2.27584 1.85845 4.18638 1.58659 212749 0 -1.5385 0.175781 0
-6.90285 36.9469 1.9968 2.21995 5.0057 1.76309 163544 0 -1.54686 0.175725 0
49.1358 14.7797 1.33932 2.07376 4.65931 1.70732 131427 0 -1.55208 0.175496 0
31.7472 31.0812 1.39371 2.4549 6.18501 1.6233 155241 0 1.56486 0.175046 0
19.0369 43.1274 2.00932 1.93429 4.41794 1.54583 172517 0 1.60403 0.174789 0
60.1089 16.4651 1.47863 2.00133 4.38222 1.73079 133801 0 0.0888514 0.173958 0
14.5578 74.3247 2.57985 2.16818 5.28758 1.82455 218367 0 -1.72083 0.173955 0
-4.32145 55.2399 2.26401 1.97319 4.40616 1.6316 190228 0 -1.61052 0.173747 0
55.5137 15.232 1.08262 1.95996 4.43044 1.54709 131915 0 1.66198 0.173511 0
-42.706 51.3938 0.799536 2.07317 4.72384 1.66075 184492 0 -1.29035 0.172962 0
-46.5554 52.3487 0.824512 1.88856 4.31215 1.52278 185884 0 -1.23903 0.172728 0
-19.1303 35.5922 1.11113 2.13936 4.78778 1.61595 161634 0 -1.13919 0.17248 0
14.645 67.469 2.24077 1.81409 3.95112 1.63739 208071 0 -1.55136 0.172324 0
-16.2353 -14.7671 0.266761 0.859288 0.962707 1.68806 87699 0 -1.61898 0.172263 1
-14.5634 71.1751 2.31615 2.11797 4.81451 1.81783 213596 0 -1.57961 0.171826 0
32.7519 45.2137 2.0104 2.02262 4.52334 1.58672 175836 0 -1.55833 0.171403 0
14.2135 -4.32339 0.778428 0.768178 0.864148 1.68983 103238 0 -1.56713 0.171397 1
15.4068 64.551 2.11034 2.25651 5.2987 1.72922 203862 0 -1.48165 0.170613 0
-6.84775 29.2861 1.52569 2.14926 4.94432 1.63759 152312 0 -1.48035 0.170482 0
-26.4069 22.8521 0.687511 2.0864 4.60032 1.51227 142891 0 1.84231 0.169388 0
59.6962 9.46211 1.2994 2.11347 4.61247 1.81786 123504 0 -0.0503454 0.169312 0
12.4215 32.2338 1.46582 1.68303 3.61564 1.41551 156584 0 -1.49063 0.169023 0
14.9221 64.2848 2.07127 2.01271 4.64079 1.58937 203392 0 -1.42814 0.168801 0
-36.0113 30.8327 0.508963 1.93351 4.30776 1.54177 154561 0 1.90853 0.168791 0
50.7194 37.3513 1.7275 1.76871 4.00099 1.44528 164192 0 -1.43652 0.168389 0
-44.6237 23.4178 0.258549 2.12373 4.64966 1.6154 143770 0 -1.24825 0.168189 0
-7.48755 22.9518 1.31208 2.03312 4.75321 1.55706 142950 0 -1.60757 0.167791 0
-44.5496 22.9903 0.239079 2.04254 4.42957 1.64129 142834 0 -1.26524 0.167682 0
-48.1779 7.40045 -0.376277 2.03917 4.60108 1.65395 120359 0 -1.25359 0.167642 0
50.3759 47.8738 2.03121 2.02929 4.48591 1.65731 179635 0 3.07642 0.166924 0
-4.66095 68.0668 2.53699 1.86873 4.30692 1.58212 208947 0 -1.43136 0.166914 0
39.1575 34.7644 1.70022 2.15063 4.93272 1.6428 160412 0 1.67582 0.16684 0
54.8656 13.9792 1.14029 2.01243 4.50842 1.61206 130041 0 1.60888 0.166501 0
54.3048 11.5927 1.25529 2.00196 4.41313 1.6043 126763 0 1.49553 0.166449 0
42.7587 52.5559 2.11679 0.783887 0.764911 1.71137 186631 0 3.02576 0.166334 1
32.533 55.5648 1.89098 1.96094 4.21061 1.53818 190811 0 -3.09586 0.165559 0
-35.7208 34.3423 0.718917 1.98793 4.38575 1.58589 159710 0 2.08167 0.165504 0
-7.46622 20.2696 1.16893 2.01312 4.42682 1.45211 139206 0 -1.5435 0.164895 0
14.631 -12.7138 0.744001 0.712789 0.703469 1.68998 91071 0 -3.1404 0.16436 1
30.6361 38.936 1.70812 1.92046 4.42505 1.54485 166469 0 1.56234 0.164242 0
-4.9937 44.5303 2.01031 2.16611 4.70598 1.7913 174782 0 -1.4644 0.16369 0
51.0566 47.4876 2.06908 2.07786 4.60408 1.65831 179169 0 0.625114 0.163477 0
55.2534 34.3713 1.57271 1.99218 4.5118 1.57922 159994 0 1.50877 0.163345 0
37.9345 36.2476 1.54042 1.95769 4.40933 1.48196 162748 0 1.64283 0.16318 0
12.9514 31.97 1.40016 1.98119 4.82188 1.54961 156118 0 -1.42274 0.162801 0
-67.3858 11.9647 -0.649876 1.99556 4.46626 1.55311 126851 0 -1.09259 0.162015 0
19.6176 46.338 2.09391 2.04174 4.64735 1.62972 177199 0 1.63277 0.161869 0
26.334 3.18213 0.990112 0.874817 0.950788 1.72775 114040 0 0.0986041 0.161468 1
48.8221 14.0115 1.18545 1.83241 3.94821 1.57397 130022 0 -1.56044 0.161309 0
-69.5231 5.51337 -0.539848 2.25251 5.20225 1.80649 117484 0 -1.50408 0.161234 0
55.4984 15.7859 1.15445 1.99145 4.47355 1.57036 132851 0 1.7525 0.161019 0
