44.2859 -6.92876 1.38797 2.89854 7.82066 3.13222 99588 0 1.62452 0.962982 0
18.388 11.7417 1.04334 2.13198 4.87338 1.51285 126651 0 1.645 0.946035 0
-6.81649 11.3422 1.00234 2.00317 4.57202 1.48466 126104 0 -1.49646 0.941862 0
10.6739 12.7388 1.19298 2.24672 5.22778 1.89652 128031 0 -1.57529 0.935446 0
-1.87358 11.0555 1.19199 2.05487 4.48237 1.83764 125652 0 1.63035 0.922411 0
-0.852409 17.0822 1.36929 2.09166 4.78544 1.84347 134547 0 1.62257 0.920301 0
-12.7187 9.22796 0.744881 2.03112 4.84061 1.46236 122810 0 -2.95888 0.914298 0
23.0006 8.76136 0.988172 2.04559 4.81957 1.52424 122453 0 0.123911 0.912967 0
-36.2904 -5.06625 -0.51471 2.03787 4.5441 1.53084 102144 0 -1.56443 0.906216 0
-20.6446 32.7293 1.15358 2.36812 5.48034 1.79593 157417 0 -1.19126 0.902031 0
30.8397 9.34052 1.16578 2.02383 4.44965 1.69665 123414 0 -1.47973 0.894806 0
36.0844 9.06892 1.01874 1.98957 4.57679 1.49599 122962 0 1.67635 0.887425 0
10.6901 15.8427 1.24602 2.1995 5.0912 1.85148 132711 0 -1.54207 0.882876 0
-42.0901 -11.6856 -0.795205 1.97962 4.32969 1.64548 92298 0 0.0355762 0.878234 0
3.95306 -4.08879 0.838092 0.928476 0.954279 1.76059 103674 0 1.58794 0.874781 1
-18.7548 19.7311 0.9791 2.14626 4.73631 1.97095 138235 0 1.72485 0.869706 0
18.6428 15.4152 1.25531 2.26561 4.99428 1.68733 132268 0 1.61335 0.867435 0
13.2976 41.1241 1.86773 2.12221 4.91891 1.87022 169691 0 -1.5195 0.86713 0
9.17828 -0.228577 0.929056 0.958961 1.06608 1.80319 109306 0 3.06673 0.86435 1
-6.55428 17.4495 1.07358 2.08272 4.78893 1.55286 134997 0 -1.54911 0.863279 0
48.7277 5.67175 1.12259 2.17453 5.1104 1.84632 117854 0 -1.48761 0.859562 0
-19.0781 11.4671 0.865415 1.98467 4.51132 1.74335 126066 0 1.67849 0.856093 0
31.2018 30.9005 1.3696 2.08092 4.80365 1.48947 154771 0 1.58372 0.85321 0
-44.6633 -11.1198 -0.792254 2.02939 4.40207 1.78069 93226 0 0.0183256 0.851329 0
17.3853 22.8206 1.47522 2.12089 4.98899 1.65384 143028 0 1.62082 0.850413 0
11.3777 19.4143 1.15688 1.9693 4.55872 1.50347 137861 0 -1.62018 0.849932 0
48.4025 8.51987 1.03486 2.04576 4.71716 1.692 122065 0 -1.51923 0.849854 0
-18.4123 13.9957 0.906524 2.07279 4.70268 1.83674 129812 0 1.73054 0.839628 0
30.631 15.904 1.21179 1.98656 4.41076 1.70022 132773 0 -1.48598 0.838443 0
26.3047 3.07738 1.02078 0.929069 1.08549 1.79415 114040 0 0.21954 0.833127 1
11.7408 22.2719 1.38785 1.93221 4.33768 1.69663 142074 0 -1.50512 0.832408 0
-43.0053 5.87731 -0.354845 1.91013 4.23329 1.46695 118035 0 1.86868 0.830712 0
17.7026 19.9978 1.22037 2.04388 4.79139 1.49081 138817 0 1.63418 0.82573 0
-29.6383 6.62821 -0.109599 2.06641 4.64747 1.52913 119013 0 -1.29247 0.825043 0
-0.418564 22.8998 1.43775 2.1699 5.11215 1.8042 142972 0 -1.49284 0.8233 0
-6.55218 20.268 1.17286 2.09042 4.95746 1.4548 139209 0 -1.55866 0.822593 0
0.129211 28.9992 1.37542 1.98756 4.54813 1.59436 151866 0 1.6137 0.819095 0
13.8899 38.1823 1.68086 2.09979 4.82499 1.64854 165481 0 -1.53104 0.818483 0
-19.6483 7.96593 0.687229 1.91416 4.49184 1.51681 120916 0 1.61696 0.818311 0
-36.4245 -11.4315 -0.651797 2.18883 4.93211 1.91933 92784 0 0.0397044 0.817472 0
31.17 27.4643 1.41202 2.14711 5.03064 1.47017 149623 0 1.60916 0.809075 0
12.9659 32.382 1.41607 2.08889 4.90602 1.51152 157054 0 -1.53314 0.805846 0
6.11116 23.7861 1.27852 2.05832 4.62377 1.53478 144397 0 0.0997719 0.804507 0
0.196632 31.7472 1.70628 2.20048 5.01058 1.88429 156078 0 1.63847 0.794314 0
11.4166 26.1422 1.29738 1.90867 4.41859 1.51474 147689 0 -1.53235 0.793669 0
-18.453 16.8583 0.694683 1.82445 4.06093 1.46924 134024 0 1.69827 0.793572 0
17.4547 25.7428 1.5913 2.27215 5.4299 1.72443 147240 0 1.60834 0.780362 0
-6.26631 14.4756 1.01876 2.01007 4.55461 1.492 130786 0 -1.49592 0.778702 0
-1.1557 14.0272 1.11807 1.87989 4.22907 1.56897 129866 0 1.67351 0.775041 0
-0.148521 26.1559 1.30286 2.01222 4.65208 1.48794 147653 0 1.57536 0.773768 0
-44.6003 20.3815 -0.0311728 2.08411 4.67033 1.58696 139090 0 -1.24318 0.766612 0
36.3305 12.1063 1.21007 2.0682 4.78563 1.6853 127175 0 1.63563 0.765826 0
-41.4228 11.654 -0.253285 1.94607 4.51212 1.54847 126464 0 1.83825 0.753322 0
-18.1179 22.9099 0.815778 2.00519 4.47485 1.5651 142917 0 1.63136 0.744894 0
-5.89565 26.1303 1.54466 2.08267 4.72007 1.74514 147635 0 -1.53312 0.743683 0
31.5359 12.2572 1.06923 1.93296 4.51622 1.49484 127628 0 -1.51173 0.739468 0
-61.3405 14.5971 -0.388589 1.98643 4.34298 1.65919 130614 0 -1.13727 0.737724 0
-27.6322 14.6753 0.348993 2.00572 4.77487 1.8759 130719 0 1.81892 0.736532 0
-21.3267 29.9425 0.852149 2.09807 4.61656 1.50288 153203 0 -1.26601 0.726442 0
-40.4529 14.5509 -0.0845751 1.99316 4.42838 1.57821 130679 0 1.8549 0.726053 0
-53.959 47.8142 0.569709 2.03359 4.51327 1.58312 179309 0 -1.13231 0.725603 0
12.6475 29.223 1.41599 1.96873 4.58372 1.45453 152373 0 -1.52764 0.725263 0
14.918 58.4188 1.97854 1.98057 4.48948 1.52904 194968 0 -1.42975 0.72478 0
14.9093 64.7336 2.07786 2.02665 4.61986 1.5591 204328 0 -1.52792 0.722393 0
13.3125 46.9496 1.78984 1.8847 4.30229 1.49403 178115 0 -1.5649 0.714625 0
-5.30148 40.8178 1.70433 2.02559 4.56188 1.49837 169165 0 -1.53394 0.712076 0
15.238 55.2759 2.20686 1.94629 4.3401 1.67036 190289 0 -1.50344 0.710854 0
54.19 5.36295 1.17421 1.9934 4.87268 1.80334 117403 0 1.61838 0.709638 0
13.3192 44.0318 1.73709 1.98977 4.46344 1.68056 173903 0 -1.5422 0.70854 0
14.5494 73.775 2.19797 1.97421 4.46439 1.53191 217431 0 -1.55002 0.703536 0
37.2642 30.1862 1.70764 2.53663 5.91193 1.91365 153854 0 -1.46717 0.702786 0
-56.2554 27.2644 0.169171 2.09117 4.5949 1.631 149350 0 -1.18368 0.697375 0
-72.2546 -3.44491 -0.743931 0.887348 0.91124 1.76738 104372 0 -2.20885 0.697096 1
-49.1322 4.55264 -0.306304 2.11197 4.6926 1.72698 116144 0 -1.30844 0.696941 0
48.8575 11.579 1.14659 1.9701 4.36327 1.70775 126746 0 -1.52343 0.69416 0
30.8691 21.678 1.217 1.85528 4.29755 1.38359 141198 0 -1.50622 0.688318 0
50.7177 34.9404 1.75116 2.10907 4.79251 1.5966 160916 0 -1.52481 0.682692 0
31.837 38.892 1.80172 1.89457 4.23856 1.55579 166473 0 -1.49417 0.682593 0
36.3289 15.295 1.13533 1.99425 4.64434 1.50211 131855 0 1.68184 0.68034 0
-38.9077 19.6863 -0.0394369 1.9994 4.62436 1.54427 138172 0 1.84042 0.667568 0
19.0154 37.9228 1.81126 2.08509 4.68452 1.64497 165029 0 1.59742 0.661508 0
33.5419 -6.35962 0.768368 0.81398 0.949007 1.62932 100490 0 -1.03475 0.659417 1
2.11084 55.4913 2.25484 2.34973 5.53833 1.99631 190716 0 1.52991 0.650812 0
15.1634 67.6736 2.25963 2.07818 4.66586 1.77236 208541 0 -1.56966 0.644137 0
14.201 -4.73483 0.796615 0.718609 0.777263 1.61342 102770 0 -1.62942 0.641896 1
-47.5524 9.73567 -0.0306597 2.25377 5.23195 1.92777 123637 0 -1.27114 0.638539 0
18.7214 31.8163 1.42487 2.10249 4.79226 1.53149 156136 0 1.5806 0.632831 0
-19.6468 35.4159 1.14222 2.07838 4.71015 1.52406 161164 0 -1.12713 0.630974 0
36.3202 21.0495 1.39724 1.97232 4.53169 1.5312 140279 0 1.60659 0.630003 0
-40.111 17.1642 0.0632004 1.9515 4.30148 1.78476 134424 0 1.8322 0.610945 0
-71.2898 -4.42958 -0.631931 0.899808 0.966377 1.8515 102971 0 -2.22745 0.610607 1
31.5232 35.782 1.64646 2.08621 4.8726 1.67822 161792 0 1.63951 0.610282 0
11.2641 -5.897 0.775524 0.841749 0.942243 1.773 100889 0 1.73825 0.606608 1
0.846672 43.6305 1.70208 2.08949 4.8175 1.54104 173396 0 1.53891 0.599698 0
-5.28576 44.2936 2.02012 2.09079 4.6819 1.7182 174313 0 -1.52684 0.599277 0
-62.2332 11.9407 -0.487099 1.97378 4.41473 1.58424 126867 0 1.99627 0.590132 0
31.177 18.7829 1.15191 1.86422 4.31524 1.49084 136987 0 -1.5053 0.574451 0
54.5159 11.2995 1.14763 2.03906 4.62638 1.50649 126296 0 1.6481 0.572492 0
-24.5005 22.2755 0.594756 2.01998 4.45799 1.53749 141961 0 -1.32899 0.57181 0
-42.3845 9.42108 -0.276407 2.07542 4.65728 1.57771 123185 0 1.84412 0.571508 0
-46.2458 56.1258 0.711922 2.11874 4.67773 1.5675 191501 0 -1.26845 0.569516 0
15.1422 -4.3815 0.650877 0.591513 0.632647 0.792126 103241 0 -1.21251 0.569457 1
-45.6203 17.8113 -0.0845565 2.09204 4.65944 1.67213 135343 0 -1.22238 0.565502 0
33.0461 -6.94328 0.628741 0.581264 0.651054 0.967589 99553 0 -1.16249 0.564563 1
17.7543 28.6734 1.3964 1.9942 4.61231 1.45664 151453 0 1.59258 0.552622 0
-48.1389 7.1516 -0.433876 2.0427 4.57067 1.57993 119891 0 -1.30594 0.551065 0
-5.9446 31.8643 1.68671 2.11969 4.83673 1.55674 156059 0 -1.52465 0.536886 0
-32.1421 42.1 1.09547 1.96457 4.55351 1.65449 170953 0 1.92741 0.536413 0
-28.6373 9.1953 -0.0396434 1.96809 4.44687 1.50295 122760 0 -1.35493 0.533601 0
-46.5416 14.871 -0.159519 2.00149 4.35854 1.58673 131128 0 -1.24405 0.529303 0
-44.3114 58.4053 1.15199 2.10841 4.56734 1.71274 194783 0 -1.30565 0.51601 0
-68.9761 5.30228 -0.593031 1.88366 4.12976 1.64456 117018 0 2.02436 0.513338 0
-47.2035 12.3288 -0.364055 2.00704 4.47916 1.58665 127382 0 -1.24096 0.510391 0
19.3426 40.8193 1.91264 2.0348 4.68396 1.49351 169242 0 1.5826 0.510044 0
32.5261 -7.44783 0.824024 0.835829 1.2614 1.60984 98615 0 -1.31813 0.506348 1
19.0635 46.5459 2.06046 1.95483 4.32939 1.54576 177665 0 1.49356 0.505146 0
-19.0578 38.2805 0.848156 2.08713 4.73396 1.52319 165378 0 -1.15108 0.49661 0
31.8482 45.0149 1.95335 1.96038 4.4674 1.49782 175365 0 -1.54154 0.49389 0
-44.0155 23.1209 0.207207 2.01609 4.529 1.60031 143304 0 -1.23129 0.489034 0
-1.1385 20.0429 1.42188 2.05896 4.85325 1.66564 138758 0 1.70271 0.48887 0
4.59306 40.0404 1.78501 0.867846 0.77302 1.73515 168260 0 -0.0742767 0.480774 1
36.9484 26.8166 1.33465 2.07914 4.80017 1.51925 148705 0 1.66958 0.479731 0
32.7882 56.8073 1.87959 1.96034 4.48289 1.51108 192684 0 -1.57766 0.476017 0
-32.7979 39.2132 0.747016 1.99451 4.47549 1.48444 166739 0 1.94098 0.474836 0
-6.25908 22.9319 1.21825 1.89216 4.47554 1.43565 142954 0 -1.60173 0.473971 0
18.0757 -11.3309 0.837807 2.07256 4.506 1.76198 92954 0 0.139089 0.46179 0
-29.2683 9.43829 -0.0842437 2.02609 4.57182 1.53103 123226 0 1.71724 0.457125 0
-4.32285 58.7646 2.18571 1.94817 4.42177 1.62444 195376 0 -1.53067 0.447379 0
15.0063 -4.37119 0.70725 0.593926 0.657978 0.87493 103240 0 -0.831219 0.444376 1
-63.8329 6.96309 -0.523103 2.05648 4.36735 1.6552 119374 0 -1.25788 0.44351 0
59.6258 10.1134 1.26474 2.1693 4.76742 1.82644 124440 0 -3.04283 0.440766 0
-6.54287 32.0562 1.73319 2.25721 5.19387 1.60442 156525 0 1.67079 0.44049 0
-27.3675 17.7556 0.57217 2.13669 4.79515 1.82674 135400 0 1.77726 0.439938 0
53.9524 8.15136 0.999573 1.81582 4.19677 1.47038 121614 0 1.68023 0.439184 0
-37.61 22.2104 0.352461 2.03074 4.49418 1.7342 141920 0 1.79757 0.435945 0
1.75302 52.6579 1.91341 1.98602 4.51536 1.60395 186503 0 1.56201 0.432583 0
14.1659 -3.94102 1.01615 0.832545 0.884871 1.88368 103706 0 1.03448 0.42528 1
15.2072 70.5559 2.29495 2.01554 4.56412 1.64557 212753 0 -1.58634 0.409976 0
-4.32451 49.4665 1.91662 1.99364 4.58787 1.58367 181804 0 -1.54839 0.407194 0
48.8229 14.2915 1.21198 1.95611 4.40556 1.58889 130490 0 -1.57491 0.406708 0
-16.3746 -14.5634 0.393121 0.876219 0.953817 1.71334 88166 0 3.10681 0.400664 1
54.2401 28.9415 1.59295 2.02418 4.56691 1.60458 152035 0 -1.63518 0.400146 0
-6.87069 23.1517 1.26294 2.0327 4.68811 1.49251 143420 0 -1.5821 0.395895 0
14.16 -3.78864 0.97147 0.810055 0.869702 1.83713 104174 0 -0.217772 0.391141 1
32.9383 -6.93331 0.632373 0.624492 0.723703 1.01091 99552 0 -1.24833 0.388809 1
32.7057 -7.51602 0.828138 0.864151 1.79342 1.62331 98616 0 -1.29736 0.387092 1
-67.6611 11.0835 -0.556152 2.08312 4.61044 1.5475 125446 0 -1.18403 0.383413 0
49.1232 14.5362 1.27945 2.02985 4.61341 1.64853 130959 0 -1.55809 0.381853 0
15.1645 -4.50159 0.627775 0.578761 0.642017 0.813041 102773 0 -1.16112 0.375114 1
32.4813 35.7652 1.69295 2.19732 5.26971 1.77783 161795 0 -1.52487 0.368869 0
30.6001 18.9385 1.13587 1.90897 4.54167 1.46131 137453 0 -1.52455 0.36577 0
-3.67889 64.7749 2.40036 2.09181 4.57333 1.65223 204270 0 -1.46993 0.364889 0
37.5905 44.5988 1.93665 1.95831 4.46893 1.48904 174915 0 1.60562 0.364172 0
-35.0425 30.2679 0.429616 1.89689 4.26067 1.48409 153628 0 1.74161 0.359055 0
2.06224 52.9044 1.92982 1.9272 4.29431 1.55889 186972 0 1.57429 0.357855 0
-63.2276 6.8897 -0.528805 2.00108 4.17879 1.62424 119376 0 -1.20811 0.353264 0
20.2877 40.8487 1.92493 1.9654 4.38875 1.50368 169245 0 1.56787 0.352058 0
-67.3731 11.3313 -0.643867 1.91387 4.28154 1.47308 125915 0 -1.13382 0.346833 0
14.6511 67.6476 2.33807 1.83019 3.91463 1.61132 208539 0 -1.58145 0.340033 0
32.4507 -7.31546 0.794653 0.832443 0.981676 1.47936 99083 0 -1.29856 0.338312 1
-57.425 21.9126 0.129565 1.98482 4.46189 1.62705 141390 0 -1.23924 0.336329 0
-72.3593 -3.55116 -0.738916 0.9226 0.955795 1.78138 103903 0 -2.11064 0.332613 1
-32.2095 39.1083 0.733155 1.99711 4.5636 1.46175 166741 0 1.92762 0.332538 0
-22.5405 -9.38225 0.629645 0.774321 0.818036 1.73031 95635 0 2.82917 0.331127 1
-27.9535 18.0493 0.547958 2.15029 4.82544 1.85414 135866 0 1.81782 0.33012 0
1.08005 43.9109 1.65681 2.0019 4.50732 1.50369 173865 0 1.6298 0.328224 0
-47.5701 6.90134 -0.380681 1.90155 4.20316 1.56852 119425 0 -1.30231 0.32819 0
60.0576 15.1899 1.34643 2.10025 4.60974 1.75408 131929 0 0.0942179 0.324211 0
-41.1835 11.881 -0.214254 1.86542 4.23507 1.50064 126933 0 1.84934 0.32369 0
19.6519 31.8515 1.40005 2.09551 4.72101 1.58211 156139 0 1.60629 0.323353 0
18.7529 41.0213 1.81071 2.02426 4.70378 1.48254 169708 0 1.59391 0.322936 0
46.5373 -27.7386 0.0656775 2.0013 4.55192 1.65093 69175 0 -1.48601 0.318325 0
-40.8024 30.2356 0.668957 1.98845 4.46241 1.63832 153610 0 1.94888 0.31733 0
-0.512169 19.1177 1.39687 0.834088 0.898795 1.72504 137356 0 1.5671 0.317293 1
18.3624 28.6818 1.40124 2.05503 4.78185 1.46854 151455 0 1.44057 0.316086 0
14.0145 73.7362 2.08466 1.76296 3.90553 1.40767 217429 0 -1.58126 0.315213 0
-44.9502 58.6672 1.06244 2.4268 5.91752 1.97616 195249 0 -1.29103 0.314469 0
0.849426 43.1214 1.72323 2.08851 4.79744 1.57135 172460 0 1.42986 0.314026 0
0.868629 70.2433 3.07759 2.43452 5.73617 2.08602 212240 0 3.05253 0.313271 0
2.66772 55.2919 2.21793 2.05546 4.73387 1.8528 190250 0 1.50982 0.310477 0
53.5985 28.7337 1.5208 2.00562 4.47547 1.53824 151565 0 1.53261 0.310356 0
14.9184 70.8247 2.29237 1.93911 4.33349 1.55899 213220 0 -1.59741 0.310163 0
-38.2266 22.4828 0.322405 2.06248 4.6227 1.76614 142386 0 1.81972 0.310044 0
-34.7331 30.2324 0.467592 1.91036 4.27796 1.46305 153629 0 -1.75046 0.308432 0
-3.96017 64.5214 2.41495 1.99415 4.4264 1.63018 203801 0 -1.38316 0.307362 0
-5.28433 68.2955 2.63548 2.09358 4.84955 1.66408 209413 0 -1.46745 0.303766 0
-46.949 12.5527 -0.387801 1.92693 4.21279 1.56217 127851 0 -1.24086 0.302292 0
49.454 20.3057 1.4296 1.98821 4.36568 1.5835 139384 0 -1.60485 0.301859 0
38.2421 35.0324 1.44266 2.01698 4.5933 1.49965 160877 0 1.63794 0.301608 0
-0.509621 19.263 1.39292 0.840294 1.03277 1.71343 137824 0 1.65917 0.301323 1
-61.6866 11.6913 -0.480639 1.60446 3.42044 1.44787 126401 0 2.02408 0.30078 0
-44.0949 20.3502 -0.0698169 1.69756 3.54395 1.48638 139092 0 -1.23155 0.298499 0
54.0155 11.3313 1.08366 1.68466 3.72193 1.36789 126294 0 1.68541 0.295679 0
14.916 70.2958 2.31256 1.83851 4.067 1.52006 212284 0 -1.54526 0.294477 0
-5.28807 28.9814 1.33169 2.06883 4.76206 1.54448 151849 0 -1.47704 0.293989 0
14.9667 -4.51158 0.691315 0.618652 0.68653 0.883201 102772 0 -0.892219 0.29397 1
31.8503 54.1997 1.77409 1.89781 4.37611 1.47047 188937 0 -1.5685 0.292017 0
32.7887 54.186 1.84641 1.90187 4.29131 1.48465 188940 0 -1.53942 0.291301 0
-31.5603 41.8222 1.08321 1.82934 3.9668 1.55358 170487 0 1.94043 0.290008 0
-33.3773 39.2726 0.771678 2.07873 4.66326 1.57784 166737 0 1.93603 0.287776 0
-45.9963 14.8215 -0.232563 1.99681 4.39176 1.59032 131130 0 -1.21453 0.28719 0
-39.2476 29.0541 0.655101 0.711421 0.704268 1.75932 151743 0 1.41033 0.286871 1
38.5468 34.7597 1.52949 2.00808 4.55191 1.53046 160410 0 1.65855 0.28631 0
31.2425 45.205 1.99994 2.07269 4.76641 1.57416 175831 0 -1.55875 0.285202 0
-69.2535 5.05119 -0.606492 2.03026 4.46343 1.68825 116549 0 1.85084 0.284794 0
-26.767 17.4695 0.559775 2.16095 4.905 1.81225 134934 0 1.7185 0.284397 0
14.4871 -4.66236 0.760336 0.671894 0.744953 1.28271 102771 0 -1.46115 0.284115 1
21.2892 67.0399 2.26975 2.07451 4.69439 1.67118 207624 0 1.60512 0.28336 0
-5.26565 49.4815 1.97382 2.06529 4.67034 1.63246 181801 0 1.63596 0.281567 0
11.8845 26.3159 1.28478 2.19691 5.26594 1.60478 148159 0 -1.535 0.281564 0
17.4769 28.4039 1.42454 2.0065 4.59283 1.46117 150984 0 1.5958 0.280957 0
33.0678 -7.08286 0.657654 0.618998 0.665394 1.00169 99085 0 -1.10227 0.280691 1
-42.7339 51.9836 0.804107 2.08676 4.79278 1.67285 185428 0 -1.3212 0.278811 0
-25.4226 22.5244 0.629048 2.031 4.49942 1.48394 142426 0 1.58375 0.277361 0
-38.9053 29.3148 0.610466 0.744901 0.785801 1.76356 152212 0 -0.121029 0.277235 1
-27.6617 17.523 0.536864 2.15058 4.73574 1.85193 134931 0 1.76836 0.277033 0
33.4313 53.9623 1.8633 1.94388 4.36389 1.52939 188474 0 -1.51118 0.274417 0
37.9307 35.354 1.37237 2.0243 4.69533 1.47538 161344 0 1.63559 0.27385 0
-27.0785 18.0091 0.578393 2.13936 4.78929 1.79369 135869 0 1.77738 0.272306 0
-39.1136 19.4677 -0.082929 1.77525 4.19462 1.51035 137703 0 1.84976 0.271671 0
14.023 -3.76009 0.886137 0.789153 0.845976 1.79002 104173 0 -1.33665 0.269639 1
51.6891 46.5562 1.87153 2.00103 4.51525 1.56408 177767 0 -1.54657 0.268772 0
32.802 -7.21634 0.756464 0.887503 1.06398 1.36666 99084 0 -1.24033 0.267762 1
-46.25 52.9359 0.887267 1.98759 4.46863 1.54521 186821 0 -1.21125 0.265437 0
36.9028 21.2029 1.44494 2.14125 4.98741 1.60766 140749 0 1.60788 0.264503 0
47.9571 8.52591 1.04559 1.78327 3.677 1.57832 122063 0 -1.51773 0.262881 0
-59.9781 17.113 -0.404523 2.08625 4.72665 1.64997 134362 0 2.01089 0.262604 0
1.34102 43.6588 1.64861 1.78418 3.92598 1.4398 173398 0 1.57289 0.261748 0
-35.0295 33.7724 0.672032 1.98237 4.50568 1.59793 158776 0 1.67001 0.26077 0
-7.48151 22.9552 1.3092 2.04149 4.71789 1.55182 142950 0 -1.61646 0.260412 0
50.3913 37.9272 1.7691 1.90062 4.30135 1.48556 165127 0 -1.54788 0.259725 0
-5.85993 41.0173 1.78948 2.11495 4.76296 1.51141 169631 0 -1.54932 0.259496 0
59.4169 9.14386 1.24829 2.06507 4.52179 1.74698 123035 0 0.104108 0.257967 0
51.6917 37.9042 1.80948 1.9596 4.33462 1.57402 165131 0 -1.55861 0.257746 0
19.6347 46.7989 2.1031 2.10783 4.75508 1.63443 178135 0 1.50532 0.255054 0
55.1823 28.9873 1.68721 2.079 4.68906 1.73899 152038 0 -1.63894 0.254097 0
54.5788 14.2504 0.974728 1.97993 4.54028 1.52433 130508 0 1.61622 0.253898 0
37.915 35.9842 1.35475 1.94488 4.4331 1.47747 162280 0 1.65677 0.252494 0
-23.9266 22.262 0.54613 2.03203 4.52506 1.5794 141963 0 -1.34247 0.252324 0
31.248 39.0968 1.81037 2.01638 4.5628 1.55333 166939 0 -1.51 0.250701 0
-22.5696 -9.22169 0.65497 0.758596 0.826527 1.72835 96103 0 2.88342 0.250555 1
60.3478 16.4682 1.39215 2.20041 5.02809 1.87983 133802 0 -3.05449 0.249589 0
-36.6676 21.9685 0.359779 2.02773 4.62229 1.76854 141455 0 1.80945 0.248509 0
-6.25116 29.2428 1.47598 2.11845 4.76472 1.592 152314 0 -1.48061 0.248461 0
15.4027 -4.3756 0.672344 0.621325 0.668757 0.898545 103242 0 -1.38541 0.24776 1
1.46661 52.3885 1.92254 2.06841 4.77135 1.70469 186034 0 1.53391 0.246848 0
49.1364 20.0355 1.42117 1.99171 4.39393 1.55895 138915 0 -1.45419 0.244948 0
38.2282 35.6761 1.42195 1.98565 4.56118 1.50967 161813 0 1.65359 0.24486 0
-56.8392 21.62 0.132033 2.03083 4.63112 1.62896 140924 0 -1.22177 0.244365 0
32.4407 45.1981 2.06047 2.00433 4.50651 1.53666 175835 0 -1.56938 0.24407 0
51.0444 47.5015 1.94992 2.07246 4.55752 1.64698 179169 0 0.405361 0.242041 0
-47.4542 12.0863 -0.326473 2.11634 4.7424 1.64501 126913 0 -1.25991 0.240928 0
-54.4579 47.8552 0.571569 2.27563 5.50725 1.7989 179307 0 -1.20988 0.24064 0
45.9108 -30.5527 -0.150265 1.96173 4.38507 1.59695 64961 0 -1.36251 0.240011 0
54.2762 11.588 1.13714 1.92905 4.34505 1.46278 126763 0 1.62446 0.23955 0
36.6936 44.6489 1.84209 1.85793 4.21166 1.46992 174912 0 1.5989 0.239506 0
12.912 29.4969 1.3941 2.03426 4.80233 1.49964 152842 0 -1.56076 0.239501 0
51.6527 46.8585 1.91003 2.0924 4.69463 1.62571 178235 0 0.0604203 0.238129 0
-5.59126 59.0302 2.16348 2.00717 4.56913 1.66126 195840 0 1.60804 0.237953 0
14.1964 -4.28874 0.880112 0.757998 0.831906 1.73628 103238 0 -1.62635 0.237747 1
-34.7066 33.4917 0.692338 1.96799 4.50784 1.58213 158309 0 1.35409 0.237141 0
-57.701 21.6387 0.141069 2.01403 4.53579 1.66367 140921 0 -1.20127 0.236663 0
-39.2053 29.224 0.673061 0.847891 0.936287 1.76318 152211 0 0.6304 0.236477 1
37.5541 26.9399 1.39993 2.20722 5.11118 1.55882 149175 0 -1.50828 0.236468 0
-6.55606 22.635 1.19514 1.85283 4.20113 1.38832 142485 0 -1.6259 0.236269 0
-57.1555 22.1842 0.126818 2.03762 4.61036 1.63017 141859 0 -1.22054 0.2357 0
55.5338 34.0903 1.51592 2.02182 4.60345 1.59203 159527 0 1.60744 0.235605 0
-4.62606 49.2045 1.93113 1.99377 4.54441 1.57195 181335 0 -1.4903 0.235497 0
-35.6607 30.4971 0.383812 1.92331 4.2734 1.51512 154094 0 1.85947 0.235384 0
-3.72365 49.7025 1.98301 2.04949 4.68648 1.63865 182274 0 -1.5689 0.234985 0
15.1053 73.7749 2.42354 2.25442 5.22604 1.83581 217433 0 -1.53502 0.234613 0
14.0523 -3.94242 0.882947 0.789786 0.804409 1.83059 103705 0 -1.79932 0.233358 1
48.4738 20.3264 1.26799 2.0152 4.5386 1.56346 139381 0 -1.6218 0.233189 0
51.3557 46.8851 1.91167 1.99158 4.40513 1.55521 178234 0 0.897505 0.233012 0
-49.6756 4.37963 -0.319899 2.39044 5.75175 1.93129 115674 0 -1.37641 0.230481 0
18.7407 40.5839 1.76582 2.04346 4.76877 1.51654 168772 0 1.58735 0.230175 0
51.9977 37.6328 1.78797 2.00381 4.48582 1.61135 164664 0 -1.54784 0.230151 0
-17.8056 22.6765 0.805387 1.84076 3.92049 1.56631 142450 0 1.62237 0.2298 0
-46.5334 52.6681 0.868722 1.99441 4.52216 1.55456 186352 0 -1.18282 0.229357 0
18.3407 -11.5894 0.902663 2.23713 5.08082 1.85262 92487 0 0.104517 0.229189 0
-48.5281 4.39252 -0.386194 1.74229 3.58093 1.52354 115678 0 -1.33423 0.229143 0
49.7401 20.6167 1.46571 2.0934 4.64688 1.66454 139853 0 -1.65222 0.228709 0
4.63249 54.8169 1.95404 0.763933 0.775365 1.60592 189788 0 2.98451 0.228699 1
51.3274 47.202 1.92905 2.10002 4.63297 1.63632 178702 0 0.639955 0.227962 0
-42.9959 51.7077 0.841948 1.91543 4.36459 1.5848 184959 0 -1.26648 0.227261 0
0.81881 20.6313 1.42033 0.787658 0.803393 1.72982 139700 0 -1.34888 0.226572 1
14.6473 58.194 1.92996 1.78847 4.01901 1.44239 194499 0 -1.40805 0.226101 0
-35.3645 34.0392 0.676927 1.96588 4.3516 1.58526 159243 0 2.09953 0.225787 0
-41.0693 29.9677 0.625224 2.06919 4.64754 1.68115 153141 0 1.85113 0.225166 0
15.7344 55.445 2.32079 2.26424 5.25964 1.89491 190759 0 -1.53997 0.223969 0
3.99384 -3.78799 0.773422 0.797209 0.854119 1.62862 104142 0 1.59799 0.223095 1
-26.0581 22.616 0.64306 1.98421 4.32783 1.47782 142424 0 1.77001 0.223059 0
14.0601 -4.7064 0.799927 0.75948 0.810907 1.6588 102769 0 -1.68723 0.222884 1
21.5966 66.7801 2.2487 1.99896 4.57113 1.63172 207157 0 1.54485 0.222659 0
55.204 22.8838 1.4242 2.01254 4.64348 1.69721 143146 0 1.56451 0.222617 0
49.7382 14.3061 1.30872 2.01025 4.4358 1.65418 130493 0 -1.5671 0.221757 0
-0.149124 26.5951 1.30388 2.01901 4.67723 1.53355 148589 0 1.63785 0.221674 0
51.0457 37.6404 1.80389 1.91313 4.32625 1.51211 164661 0 -1.54743 0.221124 0
-4.62104 64.8071 2.39994 2.16727 4.92546 1.75876 204267 0 -1.52053 0.221086 0
54.1901 8.37835 0.979817 2.0128 4.70868 1.53558 122083 0 1.65087 0.220752 0
54.8572 14.5477 0.986766 2.00146 4.58137 1.52148 130977 0 1.60696 0.220101 0
-5.87421 44.0859 1.98785 2.10542 4.8406 1.75772 173843 0 -1.53775 0.218429 0
-58.0535 22.2369 0.176957 2.04632 4.64795 1.66851 141856 0 -1.27072 0.218204 0
32.5456 56.5606 1.86323 1.93152 4.4503 1.49048 192215 0 -2.96984 0.217962 0
33.4099 57.0182 1.93786 1.96327 4.32977 1.58211 193154 0 -1.5859 0.217807 0
30.9304 38.941 1.74447 1.87135 4.29658 1.5266 166470 0 -0.592056 0.217319 0
-67.0706 11.6367 -0.652299 1.77095 3.91742 1.42933 126384 0 -1.11507 0.216623 0
33.094 56.564 1.92827 1.8752 4.2783 1.4881 192217 0 -1.61588 0.216433 0
38.8632 35.3508 1.5843 2.07533 4.73774 1.59248 161347 0 1.66368 0.216169 0
-3.70013 64.2186 2.44348 1.95938 4.3414 1.60386 203334 0 -1.02797 0.216088 0
1.04816 69.6561 3.1719 2.06061 4.47543 1.81873 211305 0 3.0574 0.213378 0
13.2641 -9.51503 0.532441 0.767266 0.821694 1.40589 95747 0 0.360927 0.212829 1
51.9539 46.2633 1.859 2.1281 4.89388 1.66728 177300 0 -1.56301 0.212694 0
-47.1583 56.4569 0.683833 2.20077 4.98904 1.64434 191966 0 -1.22511 0.211869 0
-18.1051 37.8854 1.02093 2.29311 5.39617 1.78689 164913 0 1.73137 0.211632 0
-61.9373 11.4629 -0.48806 1.61068 3.46672 1.44114 125932 0 1.97761 0.211479 0
51.3752 46.5793 1.86574 1.88842 4.11622 1.48636 177766 0 0.0959948 0.21146 0
49.438 14.7925 1.38328 2.08421 4.70262 1.689 131428 0 -1.56663 0.210074 0
-17.7999 37.6326 1.12853 2.19797 4.90283 1.72799 164446 0 -0.768619 0.209795 0
-20.0197 35.8896 1.17491 2.10444 4.71288 1.56136 162099 0 -1.1308 0.20975 0
-18.0382 37.6686 1.05 2.23885 5.2067 1.72782 164445 0 0.668851 0.209052 0
32.1426 44.7242 1.89133 1.84138 4.12268 1.48033 174898 0 -1.50369 0.20888 0
-20.6874 29.678 0.820913 2.05317 4.43234 1.49782 152737 0 -1.27152 0.208879 0
-59.0483 22.5654 0.309156 2.0191 4.52913 1.71435 142321 0 1.92878 0.208796 0
-47.151 15.1376 -0.134438 2.22832 4.98258 1.67008 131594 0 -1.22143 0.208639 0
-3.36748 55.8408 2.14822 2.0125 4.50271 1.54973 191167 0 -1.55132 0.207959 0
12.6147 28.7553 1.39171 1.92063 4.43305 1.48359 151437 0 -1.47526 0.207742 0
50.0508 14.5507 1.34102 2.04706 4.58604 1.67619 130962 0 -1.57074 0.207058 0
55.5148 22.5817 1.41332 1.98226 4.6475 1.68748 142679 0 1.30019 0.206954 0
30.9157 39.105 1.7925 1.99486 4.56314 1.54057 166938 0 0.991228 0.206874 0
-6.8607 26.1651 1.5368 2.17516 5.04604 1.79704 147632 0 -1.36902 0.205819 0
15.769 70.5632 2.3346 2.30379 5.30621 1.90781 212755 0 -1.59043 0.205257 0
30.9847 12.3103 1.08281 1.91565 4.43427 1.50157 127626 0 0.654057 0.204234 0
-34.7515 30.4674 0.473223 1.94279 4.45508 1.47674 154097 0 -2.4214 0.204127 0
13.8001 47.1348 1.81622 2.20845 5.25894 1.73294 178585 0 -1.59654 0.203499 0
-33.4301 39.7572 0.816626 2.12673 4.72051 1.64479 167673 0 1.98408 0.203187 0
30.92 45.0027 1.95639 1.95626 4.45029 1.53302 175362 0 3.12095 0.202938 0
-35.9949 34.3887 0.659655 2.01446 4.43573 1.63651 159709 0 2.16136 0.20252 0
-34.4117 29.9976 0.45641 1.94973 4.34828 1.4625 153162 0 -1.5969 0.202162 0
-34.0759 33.1369 0.714514 2.02004 4.52448 1.55443 157843 0 1.86509 0.201067 0
50.0782 38.1782 1.75516 1.96492 4.39737 1.52227 165594 0 -1.53755 0.200775 0
-44.6264 23.4296 0.246122 2.0674 4.5512 1.6163 143770 0 -1.21532 0.200629 0
55.8301 22.5823 1.45747 2.00927 4.70959 1.6728 142680 0 -1.40077 0.200179 0
38.5332 44.6306 2.08079 1.98832 4.45466 1.56889 174918 0 1.60134 0.200089 0
-1.41659 19.7617 1.40918 2.06297 4.81342 1.70404 138289 0 1.70403 0.199864 0
2.66785 55.7285 2.20576 2.2821 4.98925 1.93287 191186 0 1.57887 0.199237 0
14.9246 64.2915 2.05746 2.00204 4.6432 1.5676 203392 0 -1.42281 0.198969 0
1.50901 55.2766 2.36349 2.43047 6.14119 2.11765 190246 0 1.54281 0.198044 0
-22.3479 -9.39379 0.637647 0.792685 0.864049 1.76667 95636 0 2.54029 0.197816 1
45.9414 -33.4271 -0.30389 1.923 4.3463 1.52419 60749 0 -1.47162 0.197132 0
54.8656 13.975 1.05494 1.98109 4.44421 1.5309 130041 0 1.6355 0.197034 0
36.405 30.2374 1.73157 2.24525 5.18225 1.84284 153851 0 -1.45604 0.197033 0
-40.5179 30.5421 0.733405 1.9219 4.28777 1.62028 154079 0 2.16923 0.19684 0
31.5737 38.6713 1.78153 1.75993 3.9613 1.54044 166004 0 -1.47901 0.196743 0
14.5574 -4.34539 0.805715 0.667268 0.769825 1.35636 103239 0 -1.27021 0.196554 1
-67.3523 11.9728 -0.653856 1.96898 4.40076 1.49795 126851 0 -1.12082 0.19619 0
3.91194 -2.63457 0.794235 0.718128 0.732476 1.64637 105546 0 -1.4412 0.195879 1
38.2111 44.3945 1.96928 1.87878 4.27038 1.49923 174449 0 1.59295 0.195432 0
-18.4012 37.9582 0.931637 2.26052 5.43814 1.73863 164912 0 1.14175 0.195321 0
18.1617 31.6071 1.39074 2.00445 4.61498 1.54491 155666 0 1.58666 0.195256 0
37.0018 44.3844 1.80128 1.85825 4.2089 1.45401 174445 0 1.57064 0.19507 0
-35.6491 33.8036 0.652245 1.94091 4.33506 1.59181 158774 0 1.97903 0.194877 0
-42.7098 51.394 0.825913 2.07454 4.73883 1.65981 184492 0 -1.23686 0.194819 0
-6.52581 31.6355 1.67228 2.16599 4.90633 1.59619 155589 0 1.58977 0.194675 0
0.695213 31.6053 1.71305 1.88842 4.0591 1.81867 155612 0 1.62639 0.194485 0
-18.6238 23.129 0.797896 2.22724 5.21211 1.65105 143383 0 1.71512 0.19418 0
35.7573 15.457 1.08264 1.88371 4.18667 1.49971 132321 0 1.66962 0.19418 0
51.0397 38.1806 1.81789 1.96624 4.3549 1.54359 165597 0 -1.56231 0.193517 0
20.9542 52.6443 2.48994 2.26213 5.17436 1.98324 186563 0 1.53375 0.193096 0
-4.71081 44.1058 1.96611 2.02063 4.66001 1.72812 173847 0 -1.53996 0.192957 0
53.9458 29.1866 1.59785 2.02493 4.49492 1.57007 152502 0 -1.79493 0.192836 0
49.4493 19.7411 1.4944 2.07806 4.65891 1.63086 138448 0 -1.43003 0.192714 0
19.6628 40.5864 1.90914 1.94363 4.33416 1.47257 168775 0 1.59036 0.192649 0
11.3923 -2.932 0.739302 0.740231 0.838709 1.56079 105101 0 0.014367 0.192613 1
55.1953 15.2177 1.00837 1.94623 4.35943 1.52272 131914 0 1.78742 0.19208 0
22.2143 67.0132 2.25463 2.0287 4.56422 1.6392 207627 0 1.60361 0.191696 0
49.105 14.018 1.20329 1.87698 4.14496 1.55009 130023 0 -1.55498 0.191147 0
3.82265 -4.19907 0.829326 0.901382 0.979937 1.7495 103205 0 1.58823 0.190867 1
53.6771 7.92532 1.04501 1.60902 3.66203 1.40927 121145 0 1.70996 0.190725 0
14.146 -3.30814 0.896119 0.790557 0.870925 1.7175 104642 0 -0.84881 0.190458 1
43.3609 54.2515 2.5984 1.99558 4.53158 1.6392 188973 0 -2.86811 0.189783 0
-57.7586 22.4949 0.176487 2.06797 4.62564 1.64721 142325 0 -1.23022 0.189341 0
-7.14787 31.9137 1.69999 2.06401 4.5995 1.6109 156055 0 1.59698 0.189119 0
1.76814 53.1841 1.94384 1.95311 4.43969 1.61214 187439 0 1.60098 0.187912 0
42.78 52.2722 2.22136 0.761932 0.755276 1.6638 186163 0 2.87692 0.187412 1
37.3225 35.0547 1.39687 2.00348 4.5732 1.48659 160874 0 1.60654 0.187262 0
2.08776 54.9882 2.22075 2.27421 5.5399 1.99315 189780 0 1.4251 0.186768 0
13.3077 47.4065 1.82131 1.97581 4.49282 1.53502 179051 0 -1.63784 0.186651 0
37.2765 44.8615 1.97212 1.98707 4.40676 1.50041 175382 0 1.62121 0.185581 0
31.2532 54.2385 1.7825 1.88147 4.29233 1.48882 188935 0 -1.47492 0.185219 0
-27.7 18.3114 0.590549 2.12834 4.72832 1.83192 136335 0 1.79848 0.185097 0
-62.5634 6.57706 -0.495953 2.06999 4.32644 1.63471 118910 0 -1.24757 0.184949 0
54.8878 22.5746 1.36816 1.97931 4.44728 1.66627 142677 0 1.49833 0.184578 0
54.5842 14.8546 0.951892 1.95726 4.51799 1.53639 131444 0 1.5858 0.184008 0
-5.00381 29.2216 1.23408 2.02002 4.74533 1.50539 152318 0 -1.49808 0.183948 0
49.4628 37.9594 1.82122 1.94032 4.38048 1.55711 165124 0 -1.56746 0.183642 0
-59.7112 17.3893 -0.311629 2.01949 4.53516 1.62417 134831 0 1.82861 0.183548 0
-68.7352 5.5002 -0.623137 1.84375 3.9545 1.62248 117487 0 2.1454 0.183377 0
54.539 10.8345 1.15534 2.04022 4.62794 1.53846 125360 0 1.6778 0.182977 0
32.5087 55.5605 1.93756 1.92891 4.16572 1.52152 190811 0 -3.05301 0.182854 0
-43.3199 52.005 0.842518 1.75652 3.9416 1.51092 185426 0 -1.30031 0.182684 0
-28.6392 11.9715 0.0169578 2.0553 4.51459 1.57898 126972 0 -1.35903 0.182507 0
-67.0376 12.313 -0.651298 1.94737 4.34734 1.5177 127320 0 -1.14135 0.18242 0
54.4732 7.90031 0.989589 1.98315 4.74944 1.5795 121148 0 1.67406 0.181801 0
-43.4485 23.0895 0.158658 2.03948 4.50394 1.66038 143306 0 -1.22244 0.181583 0
-43.4263 58.1388 1.06516 2.27819 5.23802 1.80116 194318 0 -1.29399 0.18155 0
42.7241 54.279 2.56515 1.97623 4.44988 1.63029 188971 0 -3.01721 0.181218 0
-34.7034 30.0166 0.45837 1.91212 4.24761 1.46197 153161 0 0.189122 0.180995 0
-33.7469 32.8321 0.77139 1.97286 4.35238 1.51693 157376 0 2.02642 0.180819 0
-38.1926 22.0203 0.275289 1.96943 4.35588 1.71658 141450 0 1.77733 0.180438 0
-44.8738 -11.5544 -0.791835 2.32503 5.37527 1.93916 92289 0 0.0545221 0.180389 0
-39.4493 29.0186 0.667264 0.882968 1.0436 1.72995 151742 0 1.71983 0.180074 1
19.9439 37.9432 1.87354 2.10256 4.68367 1.65544 165032 0 1.60666 0.179849 0
53.6467 29.1789 1.56997 2.02104 4.55301 1.54925 152501 0 1.72188 0.179751 0
54.8722 23.1731 1.43683 1.98408 4.48542 1.63344 143613 0 1.65107 0.179445 0
34.4177 31.1564 1.3538 0.701534 0.688927 1.60877 155249 0 -3.05098 0.179124 1
-27.0359 17.2078 0.526741 2.09564 4.62664 1.80292 134465 0 1.70024 0.179058 0
15.4311 -4.5376 0.64519 0.59091 0.653993 0.90296 102774 0 -1.42957 0.178721 1
48.205 20.0512 1.26428 1.94315 4.45048 1.54641 138912 0 -1.54463 0.178543 0
51.7037 45.9481 1.85314 1.92695 4.35779 1.54167 176831 0 -1.53051 0.178528 0
-59.4229 17.0952 -0.432287 1.9957 4.43986 1.59465 134364 0 2.00567 0.178152 0
-5.34024 31.6271 1.63279 1.98181 4.73352 1.58755 155593 0 -1.47037 0.178068 0
2.66261 52.6939 1.90591 1.88631 4.29963 1.55887 186506 0 1.53618 0.177834 0
-43.6931 22.6691 0.147413 1.96737 4.44822 1.67183 142369 0 -1.20774 0.177691 0
14.0559 -4.84554 0.761317 0.736662 0.791592 1.59917 102301 0 -1.53429 0.177385 1
20.9726 67.3151 2.28095 2.01758 4.52054 1.66477 208091 0 1.69371 0.177205 0
-4.33213 59.2473 2.248 2.11233 4.7082 1.69063 196312 0 -1.54002 0.177048 0
-26.6593 22.8704 0.641258 2.11125 4.67207 1.51644 142890 0 1.82763 0.176955 0
37.6159 34.7788 1.43226 2.00545 4.48014 1.49375 160407 0 1.64732 0.176697 0
1.50256 55.749 2.44544 2.55866 6.25594 2.18389 191182 0 1.27709 0.176616 0
-35.9675 30.286 0.364045 1.90932 4.23756 1.49445 153625 0 1.66594 0.176567 0
32.7959 -7.74435 0.756046 0.727173 1.67822 1.4292 98148 0 -1.29883 0.176377 1
15.2036 70.0141 2.29787 1.9718 4.44214 1.61501 211817 0 -1.49043 0.176039 0
13.0356 43.768 1.74225 1.89367 4.12454 1.67495 173434 0 -1.52516 0.175849 0
12.9583 31.9724 1.40851 1.99043 4.82165 1.54399 156118 0 -1.43117 0.175747 0
-40.4574 32.812 0.59791 1.87132 4.33349 1.51153 157355 0 -2.05152 0.174915 0
51.9549 46.8346 1.91233 2.2368 5.14323 1.73941 178236 0 -1.57173 0.174587 0
4.45158 40.0632 1.80559 0.892902 0.829837 1.75536 168259 0 -0.0232201 0.174376 1
49.472 20.9036 1.4005 1.99234 4.37541 1.57512 140320 0 -1.7414 0.173967 0
22.5411 66.7525 2.2577 2.08012 4.6753 1.62717 207160 0 1.55863 0.173862 0
-5.27798 58.8001 2.15993 1.84629 4.2185 1.57989 195373 0 1.59433 0.173109 0
43.6886 53.9569 2.54457 1.94861 4.3712 1.60017 188506 0 -2.84259 0.172972 0
-15.8496 71.1986 2.28662 2.03202 4.59081 1.78153 213592 0 1.57196 0.172908 0
-6.84322 29.0342 1.45717 2.14264 4.86939 1.64018 151844 0 -1.52645 0.17285 0
-67.9586 11.6109 -0.543576 2.18753 4.99554 1.58969 126381 0 -1.12021 0.172746 0
0.372528 26.1643 1.22813 1.74291 3.917 1.40102 147655 0 1.57284 0.172307 0
-42.5332 5.80978 -0.288246 1.65565 3.48251 1.42281 118037 0 1.84419 0.17207 0
33.6946 -7.86514 0.614883 0.66392 0.694849 1.19653 98151 0 1.72429 0.172017 1
15.1968 71.1189 2.29264 2.09885 4.73587 1.70067 213689 0 -1.62704 0.171574 0
-59.0543 16.4782 -0.527553 1.99699 4.5177 1.5939 133429 0 1.50566 0.171572 0
-26.4358 17.7454 0.568 2.15999 4.94047 1.79382 135403 0 1.72203 0.171474 0
-59.3614 16.5241 -0.511793 1.99568 4.42322 1.59581 133428 0 1.88817 0.170798 0
54.8981 15.501 0.985985 1.95483 4.40681 1.53136 132381 0 1.64696 0.170792 0
38.8837 35.9669 1.629 1.98963 4.48869 1.55645 162283 0 1.64896 0.170653 0
-0.698174 19.1022 1.3991 0.88883 1.02308 1.73774 137355 0 1.54194 0.170442 1
39.1879 35.6801 1.62906 2.04634 4.61817 1.61616 161816 0 1.66488 0.17038 0
55.8163 34.3608 1.63226 2.09819 4.89795 1.66972 159996 0 1.61175 0.170126 0
20.9502 37.2978 1.81156 0.800796 0.787904 1.60476 164099 0 1.63662 0.169885 1
21.8886 67.2805 2.28313 2.11553 4.75213 1.67706 208094 0 1.64154 0.169478 0
-35.334 30.0175 0.415444 1.95715 4.33185 1.49894 153159 0 1.56998 0.169042 0
32.2732 -7.28911 0.769001 0.787994 0.856613 1.35125 99082 0 -1.36566 0.168985 1
-45.8518 17.5475 -0.0784786 2.12917 4.80216 1.70004 134874 0 -1.2161 0.168784 0
55.5122 15.2277 1.03016 1.97938 4.43942 1.53789 131915 0 2.72824 0.168664 0
-44.7299 17.7133 -0.173508 2.18441 4.89799 1.75412 135346 0 -1.19248 0.168293 0
51.0456 47.7774 1.96128 2.15476 4.82876 1.72766 179637 0 2.99868 0.168035 0
-3.68209 55.563 2.15868 2.02981 4.50891 1.57683 190698 0 -1.58588 0.16799 0
12.0937 29.0235 1.41881 1.74935 3.89953 1.46222 151903 0 -1.47333 0.16793 0
-40.4767 33.0848 0.585202 1.92585 4.36853 1.52939 157823 0 -2.53703 0.167835 0
-5.87402 44.5415 2.03175 2.30251 5.31417 1.82498 174779 0 -1.49327 0.167783 0
-4.05427 58.4886 2.14055 1.98578 4.43837 1.64236 194909 0 -1.50063 0.167747 0
-1.69994 20.2674 1.36563 2.05612 4.83229 1.63146 139224 0 1.69164 0.167672 0
20.9676 58.4078 2.30792 2.01742 4.50776 1.72058 194987 0 1.5673 0.167571 0
-29.8378 9.68102 -0.0838798 2.13232 4.72582 1.60198 123692 0 1.83133 0.167488 0
37.2719 24.1355 1.06994 2.24729 5.19246 1.76848 144962 0 1.63364 0.167475 0
37.3143 35.6787 1.31317 1.972 4.56007 1.46793 161810 0 1.61838 0.167403 0
36.3295 15.7182 1.12705 2.03305 4.70646 1.56958 132791 0 1.68878 0.167275 0
-7.77427 42.7247 1.48677 0.823658 0.778951 1.75529 171965 0 -1.76105 0.167083 1
50.4058 47.8347 1.93258 2.03906 4.48872 1.64058 179635 0 3.05698 0.167024 0
-40.1527 17.6572 0.0671987 2.13228 4.56064 1.82418 135360 0 1.93996 0.166805 0
46.1983 -33.1642 -0.282177 1.99841 4.49931 1.57067 61218 0 -1.52798 0.166742 0
50.1037 37.6609 1.74526 1.87341 4.27286 1.44561 164658 0 -1.54791 0.16635 0
-40.1933 32.794 0.607682 1.88951 4.39378 1.51324 157356 0 -1.6646 0.165766 0
30.6077 44.999 2.00238 1.96865 4.50199 1.56854 175361 0 1.54865 0.165164 0
55.8351 33.8232 1.58578 2.09554 4.84174 1.67614 159060 0 1.67398 0.164953 0
-3.76273 58.9753 2.25839 2.21553 5.15619 1.79741 195846 0 -1.52685 0.164873 0
42.9657 52.2717 2.25179 0.79058 0.777194 1.68969 186164 0 2.31177 0.164579 1
-53.9169 47.2918 0.505306 1.85601 4.12309 1.52572 178373 0 -1.31526 0.164542 0
0.85511 6.16267 1.7387 1.18716 1.32656 1.95511 118640 0 -1.24712 0.164534 1
-17.1721 22.8734 0.822798 2.03647 4.4895 1.60146 142920 0 1.70238 0.164442 0
4.61266 54.6912 1.92425 0.740414 0.756966 1.58487 189320 0 2.90899 0.164134 1
-53.7118 48.0646 0.55115 2.07693 4.44592 1.60291 179778 0 -0.932779 0.164077 0
-69.517 5.5406 -0.593658 2.25087 5.22327 1.82338 117484 0 1.92503 0.163983 0
55.5056 15.5012 1.05093 1.98248 4.44807 1.53611 132383 0 -3.00319 0.163913 0
16.7477 -3.23818 0.766217 0.74583 0.811799 1.44208 104650 0 -0.621336 0.163883 1
1.06296 70.829 3.18029 2.52428 6.1002 2.19408 213177 0 2.96788 0.163654 0
30.6385 38.9559 1.726 1.88044 4.33074 1.5441 166469 0 1.5781 0.1636 0
-4.65719 68.0814 2.5937 1.89605 4.3281 1.62594 208947 0 -1.47776 0.163277 0
37.6223 36.2604 1.39846 1.93233 4.39608 1.46484 162747 0 1.65874 0.163258 0
50.0153 20.0112 1.55274 2.24464 5.1054 1.76165 138918 0 -1.52493 0.163097 0
11.2587 -5.73253 0.788039 0.871048 1.19705 1.83559 101357 0 1.53241 0.162939 1
