44.2989 -6.88673 1.42884 2.93336 7.86676 3.20263 99588 0 1.63194 0.966493 0
-6.82174 11.3477 1.02399 2.00974 4.56633 1.46935 126104 0 -1.4748 0.942145 0
22.9592 8.43297 0.995655 2.07306 4.88642 1.51513 121985 0 0.154791 0.941954 0
18.4001 11.7223 1.06063 2.11475 4.81666 1.50406 126651 0 1.63084 0.941826 0
10.6864 12.7315 1.20218 2.23954 5.19977 1.87061 128031 0 -1.57315 0.934102 0
-35.38 -5.04446 -0.524842 2.07168 4.45764 1.56168 102147 0 -1.56178 0.922219 0
-1.87913 11.039 1.18635 2.05021 4.53947 1.81391 125652 0 1.62093 0.921445 0
-0.854507 17.0905 1.35971 2.11207 4.80045 1.84145 134547 0 1.6384 0.918597 0
36.0658 9.08597 1.04323 1.96103 4.49187 1.53153 122962 0 1.67443 0.908519 0
-20.6372 32.7144 1.16855 2.3665 5.50711 1.82979 157417 0 -1.19574 0.898479 0
5.94285 22.8299 1.24085 2.04504 4.66166 1.52224 142992 0 0.0853803 0.897318 0
30.8428 9.35825 1.18447 2.02183 4.47108 1.69199 123414 0 -1.47122 0.890846 0
-12.5632 10.2841 0.770625 2.11414 4.79536 1.47611 124682 0 -2.9865 0.887202 0
10.6917 15.8172 1.24595 2.19545 5.08285 1.83685 132711 0 -1.51935 0.878167 0
-18.7473 19.7002 0.984371 2.1183 4.69081 1.9155 138235 0 1.70049 0.875926 0
-6.55895 17.449 1.07609 2.05236 4.76066 1.55721 134997 0 -1.52958 0.873808 0
3.73254 -4.00793 0.824398 0.89323 0.96653 1.67249 103673 0 1.63285 0.865812 1
-44.7004 -11.1103 -0.785988 2.0501 4.49425 1.74339 93226 0 0.0330628 0.865286 0
13.2614 41.1548 1.87197 2.11879 4.89608 1.86255 169691 0 -1.51925 0.865001 0
-42.1145 -11.6684 -0.81508 1.98567 4.37788 1.60926 92298 0 0.0434179 0.863467 0
48.3938 8.54332 1.01534 2.05355 4.66753 1.64733 122065 0 -1.50322 0.854694 0
-0.397591 22.914 1.42053 2.16752 5.12501 1.84436 142972 0 -1.46789 0.852917 0
30.6168 15.9165 1.2303 1.986 4.43071 1.71722 132773 0 -1.48259 0.845676 0
0.179726 31.7589 1.72658 2.20973 5.04459 1.89563 156078 0 1.65872 0.843776 0
-49.1559 4.55729 -0.329989 2.16557 4.87995 1.69002 116144 0 -1.27582 0.843631 0
-71.1712 -4.34315 -0.609174 0.862249 0.980982 1.86732 102971 0 -2.60727 0.841801 1
-19.0786 11.471 0.83479 1.95975 4.5143 1.79278 126066 0 1.69718 0.837791 0
33.7935 -6.45383 0.82 0.79805 0.871395 1.62382 100023 0 -0.872149 0.833182 1
31.2087 30.9366 1.36059 2.11889 4.87823 1.54087 154771 0 1.57891 0.833043 0
18.5112 15.408 1.22112 2.17352 4.73438 1.73427 132267 0 1.61111 0.828521 0
11.3778 19.3796 1.16561 1.9564 4.49137 1.5018 137861 0 -1.61312 0.827454 0
11.7478 22.2789 1.38597 1.96164 4.38083 1.72779 142074 0 -1.49754 0.824579 0
-6.55839 20.2857 1.19205 2.11945 5.05933 1.43704 139209 0 -1.53433 0.823467 0
9.16203 -0.063446 0.962231 0.952529 1.14774 1.8647 109306 0 3.10923 0.822375 1
48.5416 5.71051 1.14329 2.07578 4.66458 1.84201 117853 0 -1.46116 0.816423 0
10.9794 -5.83115 0.793325 0.844434 0.907373 1.72381 100888 0 -1.16666 0.816416 1
0.156616 29.0015 1.38138 1.96051 4.47692 1.46568 151866 0 1.6128 0.813773 0
-29.8673 6.64442 -0.0959052 2.13792 4.88771 1.59928 119012 0 -1.315 0.811979 0
17.3651 22.8278 1.49096 2.1048 5.00678 1.66973 143028 0 1.62709 0.811492 0
-36.4273 -11.4404 -0.667135 2.20323 4.97112 1.97263 92784 0 0.0340543 0.811433 0
-42.7921 5.91509 -0.245393 1.7768 3.85628 1.4279 118036 0 1.88134 0.811371 0
13.889 38.1787 1.71224 2.0903 4.78099 1.65023 165481 0 -1.5272 0.811205 0
-1.17953 14.1566 1.12726 1.90151 4.22889 1.58368 130334 0 1.70181 0.809054 0
17.7007 19.9986 1.19511 2.02241 4.73009 1.48188 138817 0 1.64631 0.807809 0
-19.6741 8.03041 0.682615 2.00615 4.52481 1.53348 121384 0 1.61059 0.806832 0
-18.4386 14.0032 0.875933 2.03449 4.59407 1.83925 129812 0 1.7288 0.803161 0
30.899 21.6568 1.20059 1.87347 4.27284 1.40957 141198 0 -1.49938 0.782433 0
-6.52988 14.5095 1.03497 2.05941 4.8071 1.48863 130785 0 -1.4943 0.781725 0
11.42 26.1316 1.28754 1.89525 4.43568 1.48715 147689 0 -1.5251 0.776617 0
-61.3131 14.5546 -0.432454 1.9481 4.20584 1.66696 130614 0 -1.20696 0.77308 0
-18.4529 16.8732 0.725446 1.80315 4.03009 1.46135 134024 0 1.71394 0.768598 0
36.332 15.4222 1.17875 1.98596 4.61317 1.47829 132323 0 1.67294 0.767342 0
-18.1057 22.906 0.819528 1.99398 4.50586 1.54773 142917 0 1.6236 0.767018 0
12.9608 32.3831 1.41831 2.12035 4.97085 1.50557 157054 0 -1.50756 0.764504 0
36.324 12.1008 1.21699 2.05955 4.77743 1.66009 127175 0 1.63445 0.762695 0
-44.5973 20.3696 -0.0814673 2.08258 4.69012 1.59435 139090 0 -1.30785 0.760664 0
17.4377 25.7478 1.60177 2.30789 5.42427 1.78084 147240 0 1.59682 0.757719 0
-0.139954 26.354 1.31592 1.99771 4.62808 1.45479 148121 0 1.60579 0.754257 0
15.226 55.2554 2.15398 2.00306 4.49703 1.68401 190289 0 -1.44688 0.752916 0
14.9162 58.3657 2.01835 2.01133 4.57922 1.55006 194968 0 -1.36687 0.743459 0
13.2987 47.1746 1.799 1.93538 4.41537 1.49119 178583 0 -1.62421 0.743361 0
-72.0602 -3.29974 -0.747033 0.925627 0.945809 1.80517 104372 0 -2.46338 0.735514 1
-41.1571 11.7135 -0.1781 1.71574 3.90395 1.44599 126465 0 1.87307 0.735202 0
14.1948 -4.72308 0.800575 0.770062 0.849215 1.66695 102770 0 -1.52271 0.732986 1
30.9461 27.576 1.37298 2.05121 4.73129 1.45914 150090 0 1.579 0.728179 0
12.6523 29.2452 1.43228 1.95142 4.5757 1.45034 152373 0 -1.50675 0.723232 0
48.8697 11.5833 1.17303 1.92807 4.22511 1.68858 126746 0 -1.51575 0.710703 0
-40.4598 14.5374 -0.120885 1.97439 4.39984 1.55235 130679 0 1.84099 0.702106 0
14.8888 64.7414 2.01986 2.01197 4.58029 1.53481 204328 0 -1.49056 0.699735 0
-54.187 47.8469 0.623947 2.13711 4.90754 1.65809 179308 0 -1.22996 0.699298 0
-27.7286 14.6638 0.322909 1.94938 4.54398 1.85661 130719 0 1.8209 0.689473 0
31.5221 35.7621 1.64669 2.0608 4.75533 1.62651 161792 0 1.62299 0.687837 0
-21.3148 29.9342 0.872509 2.03598 4.51698 1.46717 153203 0 -1.26832 0.68756 0
-38.8688 19.6997 -0.0601167 1.98916 4.57586 1.53105 138172 0 1.83858 0.686062 0
30.8625 18.774 1.13162 1.87782 4.55769 1.44173 136986 0 -1.49576 0.684873 0
-46.2588 56.1303 0.744501 2.06242 4.57638 1.5256 191501 0 -1.25651 0.680244 0
-5.89821 26.1261 1.55754 2.07072 4.70722 1.68247 147635 0 -1.51876 0.679423 0
14.8788 67.6944 2.27066 1.9908 4.36398 1.71346 208540 0 -1.57282 0.678841 0
-5.29872 40.8044 1.71355 2.05309 4.63516 1.52111 169165 0 -1.54809 0.677239 0
50.7234 34.942 1.6737 2.05152 4.58988 1.53602 160916 0 -1.53132 0.676815 0
14.5359 73.7869 2.19645 2.0349 4.66308 1.59248 217431 0 -1.53812 0.664445 0
31.8211 38.9044 1.81293 1.94381 4.33827 1.56422 166473 0 -1.50262 0.658866 0
18.9983 37.9167 1.81255 2.07996 4.72311 1.60923 165029 0 1.61322 0.649105 0
-48.1786 7.16187 -0.42947 2.02693 4.52309 1.61634 119891 0 -1.28815 0.647204 0
18.7225 31.8239 1.42479 2.07968 4.71881 1.50176 156136 0 1.59091 0.645485 0
54.565 11.3482 1.38802 2.10467 4.73178 1.61183 126296 0 1.53485 0.64122 0
1.08505 43.6417 1.58837 1.94617 4.38918 1.47464 173397 0 1.57309 0.641167 0
-0.515724 20.0621 1.28032 2.04041 4.76715 1.60251 138760 0 1.69245 0.62583 0
-62.2452 11.9384 -0.442981 2.04579 4.56309 1.61426 126867 0 1.93858 0.618593 0
31.5396 12.225 1.08091 1.92151 4.57079 1.46443 127628 0 -1.52165 0.616575 0
36.3279 21.1873 1.37966 2.08765 4.87272 1.58866 140747 0 1.66073 0.614398 0
37.0081 30.2065 1.6584 2.43659 5.54267 1.87837 153853 0 -1.46645 0.610407 0
36.9369 26.9581 1.33515 2.21497 5.147 1.58493 149173 0 1.69638 0.592791 0
-19.658 35.397 1.15162 2.09755 4.76288 1.56618 161164 0 -1.15694 0.591734 0
54.2 5.51834 1.16643 2.10149 5.10618 1.87259 117871 0 1.63326 0.588249 0
-56.2383 27.273 0.168041 2.03521 4.53121 1.6052 149350 0 -1.16118 0.585352 0
-44.0207 23.159 0.18097 2.02634 4.51765 1.61924 143304 0 -1.27159 0.584792 0
15.1346 -4.38499 0.633647 0.600126 0.608224 0.781508 103241 0 -1.46844 0.57552 1
-5.28847 44.2874 1.95027 2.16605 4.84936 1.83753 174313 0 -1.57717 0.574959 0
26.2018 2.92953 1.00075 0.94144 1.10981 1.79292 114039 0 0.228138 0.574104 1
-69.2477 5.24369 -0.549203 2.04571 4.5884 1.68651 117017 0 1.96663 0.5727 0
13.3199 44.0255 1.72682 2.00634 4.53036 1.58969 173903 0 -1.57255 0.554777 0
33.2532 -6.99808 0.618592 0.584896 0.672701 0.990542 99553 0 -0.981472 0.549861 1
-28.6385 9.20061 -0.0454726 2.01954 4.58993 1.51324 122760 0 -1.36741 0.542457 0
-6.53852 31.9135 1.64806 2.1594 4.94 1.60188 156057 0 1.58398 0.541668 0
-45.8773 17.8259 -0.0624534 2.05853 4.61285 1.66274 135342 0 -1.27183 0.538693 0
-39.874 17.1352 0.0749531 1.83151 3.91545 1.73416 134425 0 1.81528 0.532409 0
-32.1615 42.1066 1.15105 1.95231 4.56619 1.62373 170953 0 1.89978 0.527673 0
2.10667 55.4776 2.31635 2.39374 5.47383 2.02184 190716 0 1.50787 0.524949 0
49.1216 14.3026 1.24417 1.97091 4.46148 1.5976 130491 0 -1.56785 0.507773 0
19.0677 46.5437 2.09976 1.98234 4.3886 1.56268 177665 0 1.50453 0.506147 0
-47.5379 9.72173 -0.0314449 2.23145 5.2165 1.88519 123637 0 -1.28537 0.505427 0
-46.5438 14.8129 -0.165976 1.97385 4.30612 1.58625 131128 0 -1.25134 0.503562 0
-16.3662 -14.5618 0.382474 0.880136 0.968012 1.72045 88166 0 -1.71271 0.502888 1
-24.1845 22.5629 0.576849 2.01534 4.44502 1.57628 142430 0 -1.46483 0.49885 0
17.7581 28.6581 1.37509 1.99405 4.64018 1.46329 151453 0 1.59502 0.498467 0
-44.32 58.4083 1.19409 2.1277 4.54527 1.60343 194783 0 -1.28566 0.498386 0
-42.3848 9.41025 -0.237376 2.05305 4.62067 1.51987 123185 0 1.87802 0.496576 0
-47.2049 12.305 -0.336185 1.9897 4.4409 1.57846 127382 0 -1.24649 0.492626 0
33.1094 56.8351 1.90273 1.90834 4.21651 1.4997 192685 0 -1.56567 0.477921 0
19.3511 40.8166 1.9412 2.03115 4.72339 1.50563 169242 0 1.61302 0.476401 0
-63.8675 6.93713 -0.546218 2.08929 4.53703 1.70873 119374 0 -1.23234 0.475867 0
15.0082 -4.37455 0.7013 0.63002 0.669465 0.907299 103240 0 -1.5179 0.470685 1
33.3293 -7.08198 0.597947 0.603923 0.65447 0.947321 99086 0 -0.909379 0.470353 1
59.6493 9.43343 1.27824 2.20426 4.93043 1.90247 123504 0 -3.13563 0.466791 0
-32.7907 39.2046 0.801305 1.96492 4.44146 1.48637 166739 0 1.94366 0.463391 0
14.8786 70.5618 2.16603 2.01283 4.54532 1.61198 212752 0 -1.57787 0.459892 0
32.7591 -7.51137 0.822687 0.817173 1.00242 1.58378 98616 0 -1.21734 0.459526 1
-18.7377 38.2362 0.909592 2.08341 4.67552 1.53043 165379 0 -1.25604 0.44765 0
-27.3583 18.0397 0.581417 2.09185 4.67083 1.83643 135868 0 1.75345 0.439643 0
-29.2604 9.43419 -0.0930902 2.04959 4.67471 1.52742 123226 0 1.66931 0.427876 0
0.825638 40.4733 1.68692 2.02843 4.62049 1.54875 168716 0 1.56941 0.426495 0
31.5231 45.0144 1.97126 1.98983 4.47178 1.5079 175364 0 -1.59006 0.423973 0
-4.62418 58.9628 2.20599 2.10922 4.73596 1.67392 195843 0 -1.56536 0.420212 0
-44.9592 58.6834 1.12771 2.44396 5.70999 1.86306 195249 0 -1.26399 0.41546 0
-37.6004 22.2798 0.304821 2.02937 4.50435 1.75401 141920 0 1.80957 0.410782 0
-71.1687 -4.50718 -0.616585 0.901079 1.01342 1.84524 102503 0 -2.67686 0.39934 1
-59.9935 17.1323 -0.376928 2.13924 4.78003 1.66224 134362 0 1.8458 0.399053 0
1.45186 52.3448 1.92801 2.05686 4.71751 1.78442 186034 0 1.8849 0.390159 0
49.4279 20.3131 1.44897 2.01482 4.46692 1.54588 139384 0 -1.68263 0.385226 0
1.71725 52.6164 1.91409 1.96519 4.42389 1.64423 186503 0 -1.66841 0.383941 0
49.1231 23.532 1.13134 1.89135 4.33528 1.48608 144063 0 -1.53191 0.383915 0
15.1481 -4.50143 0.628864 0.608064 0.65013 0.797125 102773 0 -1.2184 0.383644 1
-24.4865 22.2922 0.565581 2.02393 4.47707 1.58319 141961 0 -1.42801 0.377008 0
-71.0143 -4.34184 -0.571141 0.89008 0.983041 1.87071 102972 0 -2.56636 0.369646 1
14.1478 -3.93972 0.965724 0.828101 0.885363 1.85367 103706 0 -1.34521 0.368967 1
20.2948 40.8363 1.97948 1.95762 4.38363 1.52694 169245 0 1.5813 0.368219 0
-59.6981 17.1145 -0.380969 2.07592 4.6383 1.64204 134363 0 1.19351 0.366711 0
-38.2121 22.5388 0.294073 2.05414 4.63999 1.78168 142386 0 1.81864 0.363976 0
49.7402 14.5335 1.33296 2.04379 4.6097 1.66462 130961 0 -1.57391 0.363933 0
14.5807 70.8218 2.13911 1.95909 4.36508 1.53544 213219 0 -1.57177 0.363235 0
-4.65121 49.4599 1.91293 1.95949 4.48208 1.62658 181803 0 -1.49065 0.363016 0
-67.3738 11.06 -0.610644 1.91542 4.24683 1.49964 125447 0 -1.15864 0.360774 0
60.007 14.8725 1.38622 2.09279 4.60191 1.78594 131461 0 0.109984 0.354917 0
32.5827 -7.47662 0.811582 0.76868 0.875778 1.52664 98615 0 -1.28999 0.354726 1
33.2367 -7.10215 0.666653 0.64772 0.72663 1.12026 99085 0 -0.938896 0.353158 1
54.248 28.9565 1.6113 1.97816 4.47049 1.52231 152035 0 -1.68658 0.350431 0
18.08 -11.3651 0.843767 2.08485 4.46664 1.74185 92954 0 0.179966 0.350081 0
-5.63115 31.8563 1.63138 2.06721 4.7391 1.61477 156060 0 -1.51103 0.34516 0
49.4273 23.8043 1.25318 1.88282 4.27259 1.48287 144532 0 -1.67782 0.343187 0
2.65775 55.2627 2.22946 2.15805 4.71805 1.86352 190250 0 1.4361 0.33951 0
1.13342 55.4807 2.6502 2.69976 6.8922 2.42232 190713 0 -1.62592 0.338302 0
15.1496 -12.3413 0.732971 0.803327 0.734506 1.73158 91541 0 -3.13991 0.332539 1
-68.6946 5.02808 -0.586752 1.6276 3.33599 1.55305 116551 0 1.93282 0.329953 0
37.6103 44.6023 1.8967 1.98388 4.49765 1.49601 174915 0 1.57773 0.328038 0
32.4657 35.7619 1.6702 2.22877 5.39161 1.77792 161795 0 -1.54109 0.32666 0
-3.37067 64.7719 2.41296 2.12832 4.86843 1.64306 204271 0 -1.50606 0.326083 0
1.0669 70.2399 3.3622 2.36627 5.43708 2.02751 212241 0 3.0366 0.324079 0
14.5947 70.3145 2.17145 1.9294 4.28892 1.55201 212283 0 -1.55151 0.323183 0
14.1527 -3.78748 0.915045 0.816374 0.871838 1.81628 104174 0 -1.21199 0.31853 1
49.4295 23.2217 1.13624 1.88248 4.28541 1.51795 143596 0 -1.55769 0.317526 0
17.4776 28.3914 1.39536 2.00466 4.57426 1.46941 150984 0 1.60233 0.314994 0
-4.94258 49.7185 1.95194 2.06566 4.64591 1.71229 182270 0 -1.59887 0.311857 0
32.7934 54.186 1.84423 1.8913 4.25826 1.44225 188940 0 -1.54868 0.310879 0
51.711 46.5399 1.85069 1.99279 4.49453 1.54938 177767 0 -1.58528 0.31041 0
-34.7464 33.7204 0.768326 2.00395 4.54634 1.55982 158777 0 1.83429 0.310135 0
33.0499 -7.57787 0.785977 0.763883 1.2675 1.37217 98617 0 -1.11442 0.308747 1
12.9071 29.4992 1.39965 2.01038 4.7826 1.49489 152842 0 -1.54539 0.307856 0
-3.66889 64.517 2.41619 2.00816 4.48568 1.58037 203802 0 -1.47346 0.307582 0
32.1057 45.2519 1.96479 2.07569 4.65461 1.58158 175834 0 -1.58934 0.306782 0
31.2484 39.0997 1.81698 2.08331 4.73133 1.55896 166939 0 -1.51977 0.305195 0
49.1167 22.9105 1.10517 1.91294 4.38597 1.53199 143127 0 -1.55211 0.304432 0
14.9826 -4.50706 0.712613 0.647469 0.680476 0.925579 102772 0 -1.26647 0.30406 1
38.2421 35.0287 1.46396 2.02515 4.59382 1.51996 160877 0 1.62381 0.303131 0
33.436 53.971 1.875 1.89796 4.22911 1.48984 188474 0 -1.51638 0.30265 0
33.102 -7.7749 0.727062 0.679256 0.984141 1.28782 98149 0 -1.30851 0.300875 1
-27.0595 17.4979 0.573102 2.0712 4.64372 1.84345 134933 0 1.74522 0.299906 0
-27.6422 17.8012 0.540084 2.10004 4.70606 1.85864 135399 0 1.76006 0.29973 0
53.6108 28.9121 1.55298 1.9441 4.37016 1.47623 152033 0 1.60267 0.298916 0
14.4794 -4.65592 0.792202 0.733632 0.814167 1.46908 102771 0 -1.59642 0.295636 1
-39.2587 29.0066 0.640306 0.864672 1.07612 1.78499 151743 0 2.20537 0.29523 1
-57.4586 21.2775 0.132933 2.01817 4.62554 1.69113 140454 0 -1.18293 0.292365 0
51.0511 37.9079 1.87706 1.90415 4.23216 1.54218 165129 0 -1.56093 0.291254 0
-34.4239 33.441 0.753497 2.01042 4.5879 1.55751 158310 0 1.70204 0.290276 0
51.673 37.6357 1.83762 2.00019 4.51833 1.63879 164663 0 -1.55846 0.288971 0
-0.774879 19.7817 1.31522 2.03897 4.8433 1.63203 138291 0 1.70596 0.286913 0
49.1431 20.0501 1.45683 1.9891 4.42257 1.52126 138915 0 -1.61256 0.286382 0
-28.8681 4.88327 -0.0136646 0.75304 0.758131 1.5558 116675 0 -1.21306 0.285712 1
19.6462 31.8633 1.41091 2.12479 4.81085 1.5726 156139 0 1.59575 0.28514 0
-26.7765 17.7873 0.569465 2.10538 4.81665 1.81414 135402 0 1.72827 0.285072 0
1.15786 52.3369 2.00566 2.19857 5.19328 1.96759 186033 0 1.55908 0.284435 0
32.5366 57.0111 1.89603 2.04258 4.67587 1.50511 193151 0 -1.60471 0.283781 0
-32.2255 39.1187 0.76719 1.96555 4.53215 1.46201 166741 0 1.93565 0.282272 0
37.8675 44.3538 1.88906 1.95002 4.4856 1.4962 174448 0 1.54979 0.281583 0
-41.6606 11.7176 -0.2602 2.08007 4.88008 1.6056 126463 0 1.88537 0.280994 0
-5.61493 59.0031 2.15667 2.05986 4.67234 1.69245 195840 0 1.58003 0.280552 0
30.9412 35.9161 1.57623 2.35362 5.57771 1.74909 162258 0 1.61527 0.279647 0
38.54 34.7577 1.5265 2.02246 4.55246 1.5452 160410 0 1.64629 0.279459 0
-57.7442 20.9787 0.150163 2.00429 4.54841 1.65692 139985 0 -1.15556 0.279197 0
60.2844 15.8384 1.47071 2.28375 5.07603 1.88692 132866 0 0.160548 0.278575 0
4.58147 40.0376 1.80512 0.861543 0.780703 1.69839 168260 0 -0.108679 0.277894 1
-6.87682 26.1586 1.55659 2.11871 4.87807 1.7276 147632 0 1.41437 0.27696 0
54.3142 11.127 1.33931 1.82498 4.06695 1.50583 125827 0 1.62277 0.276839 0
11.8856 26.3188 1.26698 2.18342 5.24389 1.58848 148159 0 -1.53117 0.275829 0
-57.4338 21.923 0.155796 1.99215 4.50959 1.66838 141390 0 -1.19872 0.275814 0
49.1405 20.5982 1.44748 1.99732 4.46857 1.54011 139851 0 -1.72568 0.274728 0
-34.7149 30.2206 0.437673 1.89744 4.2588 1.47966 153629 0 -1.05928 0.273664 0
-45.9973 14.8057 -0.245071 1.92621 4.22026 1.58852 131130 0 -1.22536 0.273469 0
-44.113 20.3228 -0.102564 1.7621 3.68476 1.52481 139092 0 -1.31543 0.273253 0
-59.3958 17.1012 -0.411105 2.05315 4.5781 1.64543 134364 0 -1.20066 0.27297 0
18.3847 28.8873 1.39442 2.01842 4.70189 1.5009 151923 0 -1.53725 0.272445 0
-69.0144 5.49912 -0.584146 1.99817 4.40791 1.65446 117486 0 2.10564 0.27232 0
-35.3315 33.8027 0.728924 2.00685 4.51005 1.55347 158775 0 2.02639 0.271685 0
1.45094 52.0619 1.98451 2.09312 4.72952 1.80526 185566 0 1.58853 0.269789 0
18.7566 41.0221 1.86703 2.03614 4.77116 1.50456 169708 0 1.60672 0.269618 0
-5.90641 44.0843 1.93433 2.18081 5.00848 1.82974 173843 0 -1.28373 0.269535 0
2.08968 54.9857 2.24071 2.38643 5.55466 1.9929 189780 0 1.41167 0.26745 0
-23.8947 22.8428 0.587928 2.03974 4.58854 1.61354 142899 0 -1.48123 0.267041 0
-5.87943 41.0026 1.73442 2.10738 4.71826 1.51515 169631 0 -1.55193 0.26582 0
50.7298 37.6287 1.86316 1.85501 4.22644 1.51281 164660 0 -1.56307 0.26571 0
-5.28313 68.2803 2.58913 2.03254 4.66278 1.60917 209413 0 -1.47041 0.262808 0
-71.9681 -3.17088 -0.768021 0.933673 0.968292 1.80992 104841 0 -2.55773 0.261537 1
-5.28535 28.9975 1.25207 2.03104 4.72386 1.54821 151849 0 -1.47846 0.261367 0
-62.2298 11.4657 -0.492669 1.83875 4.16519 1.53696 125931 0 1.90351 0.260596 0
54.2196 8.21797 0.990345 1.88867 4.43839 1.47032 121615 0 1.64399 0.258994 0
-40.1081 16.9126 -0.0106522 1.94392 4.23907 1.76192 133956 0 1.74721 0.257863 0
37.9267 35.3503 1.40414 2.02897 4.68172 1.49365 161344 0 1.62355 0.257825 0
3.72009 -4.17832 0.791208 0.936465 0.967396 1.65308 103205 0 1.64148 0.257347 1
37.9145 35.9991 1.39912 1.933 4.40929 1.47832 162280 0 1.63807 0.25674 0
-71.3999 -4.32887 -0.636247 0.916842 1.0507 1.84348 102970 0 -2.57611 0.256111 1
1.79545 55.7495 2.45384 2.57602 6.2223 2.17657 191183 0 -1.45786 0.253499 0
14.9874 -12.315 0.730449 0.747445 0.703115 1.69422 91540 0 -3.0429 0.253496 1
-34.0853 33.1468 0.79655 2.02639 4.57905 1.51573 157843 0 1.8643 0.251906 0
-31.5764 41.8249 1.1144 1.73775 3.78279 1.52615 170487 0 1.88628 0.251045 0
-35 30.2713 0.419501 1.91392 4.32341 1.51338 153628 0 -0.0207791 0.250827 0
30.5809 44.9965 1.95498 1.91859 4.42773 1.49673 175361 0 1.55899 0.249722 0
19.647 46.8011 2.15131 2.1509 4.84384 1.66053 178135 0 1.57987 0.248973 0
33.5487 -6.54154 0.774409 0.771393 0.874524 1.5337 100022 0 -0.941651 0.24886 1
-41.1046 29.9294 0.78308 2.05584 4.70128 1.66857 153141 0 2.07134 0.248383 0
-5.57951 49.4517 1.96828 2.10306 4.78842 1.75012 181800 0 1.48889 0.247575 0
50.0532 23.5142 1.27061 1.92442 4.30262 1.46379 144066 0 -1.58649 0.247472 0
-67.7008 2.61911 -0.427779 0.841644 0.893624 1.77288 113278 0 1.94623 0.247427 1
-36.9539 22.0051 0.312332 2.01854 4.5601 1.7147 141454 0 1.80462 0.24668 0
45.9274 -30.294 -0.128925 1.92706 4.31064 1.56977 65429 0 -1.42033 0.246616 0
30.9154 39.1085 1.79155 2.04347 4.66974 1.54734 166938 0 0.635442 0.246442 0
-4.93964 49.1861 1.94453 2.02368 4.60092 1.65853 181334 0 -1.44769 0.246161 0
-4.31174 64.794 2.46257 2.1206 4.84783 1.68927 204268 0 -1.48984 0.24599 0
59.6604 8.56885 1.20972 2.23645 5.08162 1.91241 122100 0 0.0237688 0.245106 0
31.8409 44.6976 1.88513 1.95453 4.37892 1.52067 174897 0 -1.54934 0.244889 0
13.6924 73.7293 2.03627 1.84501 4.08287 1.44867 217428 0 -1.55733 0.242348 0
56.161 19.9956 1.36525 1.95725 4.3397 1.46966 138937 0 1.52784 0.242345 0
54.5512 25.7826 1.43372 1.92829 4.3635 1.47765 147356 0 1.48433 0.241823 0
-33.4047 39.5038 0.913491 2.11514 4.81047 1.61983 167205 0 1.905 0.241664 0
51.6808 46.8382 1.87173 2.097 4.70889 1.60652 178235 0 -1.33258 0.241396 0
0.085434 26.6134 1.28688 1.85474 4.20836 1.43454 148590 0 1.6692 0.240721 0
50.0633 14.3013 1.30626 1.95295 4.3357 1.67103 130494 0 -1.57439 0.240704 0
1.47851 52.888 2.02272 2.05426 4.66861 1.75771 186970 0 1.60492 0.240525 0
30.8928 21.3995 1.20814 1.69946 3.96492 1.37198 140730 0 -1.48239 0.23984 0
3.9024 -2.64468 0.788527 0.751109 0.793738 1.69151 105546 0 -0.349973 0.239089 1
55.1734 28.9968 1.71072 2.08367 4.75612 1.72975 152038 0 -1.66998 0.238991 0
48.5035 23.7796 1.15194 1.8935 4.30695 1.48725 144529 0 -1.66032 0.238394 0
-32.7177 42.3668 1.18295 2.30987 5.66585 1.88276 171419 0 1.88326 0.238387 0
33.9427 -6.47086 0.813702 0.905137 0.907509 1.64914 100024 0 -0.834939 0.238273 1
14.2035 -4.33279 0.839827 0.787813 0.878337 1.77271 103238 0 -1.58693 0.23791 1
-71.1786 -4.13202 -0.584651 0.898978 1.01133 1.86255 103439 0 -2.59298 0.237845 1
-29.2127 9.24007 -0.0907918 2.05766 4.7068 1.53758 122758 0 1.31976 0.235337 0
-0.15136 25.8926 1.31911 2.00322 4.62992 1.49916 147185 0 -1.38562 0.234524 0
14.9001 64.2838 2.04147 2.00537 4.63203 1.53528 203392 0 -1.38722 0.23448 0
50.0493 22.9151 1.24066 1.91714 4.28222 1.47107 143130 0 -1.60886 0.233694 0
3.71742 -3.81686 0.840286 0.913772 0.990291 1.69654 104141 0 1.6964 0.233523 1
-47.5765 6.90809 -0.359367 1.87016 4.13469 1.58528 119425 0 -1.25878 0.232307 0
-45.2979 17.522 -0.0988319 2.07926 4.65872 1.70223 134876 0 -1.24845 0.230746 0
14.5593 -4.37138 0.79771 0.712491 0.837616 1.49142 103239 0 -1.58306 0.230739 1
1.70278 52.064 1.92092 1.98811 4.43611 1.68306 185567 0 -1.89327 0.230251 0
-39.2664 29.1922 0.637757 0.837563 1.04871 1.76624 152211 0 1.37778 0.229874 1
36.8805 12.2109 1.19088 2.12346 5.03743 1.67015 127645 0 1.65782 0.229501 0
38.2302 35.6842 1.45344 1.97069 4.55622 1.51357 161813 0 1.63601 0.229079 0
33.6983 57.0453 1.90562 2.08817 4.61868 1.64391 193155 0 -1.58725 0.228886 0
-5.88201 44.5501 1.9713 2.39431 5.59254 1.93662 174779 0 -1.50236 0.228239 0
33.9756 -6.30477 0.739957 0.841181 0.866778 1.55501 100492 0 -0.964927 0.227886 1
30.3301 18.9288 1.11607 1.82134 4.26834 1.43715 137452 0 -1.51917 0.227636 0
-39.4361 19.7323 -0.104496 1.84803 4.20571 1.49871 138170 0 1.84028 0.227625 0
32.8026 56.5661 1.892 1.93501 4.35151 1.50399 192216 0 -1.64751 0.22722 0
49.4251 22.6087 1.2349 1.97449 4.4689 1.57121 142660 0 -1.61427 0.226957 0
-61.6971 11.6757 -0.47906 1.67996 3.56013 1.48892 126401 0 1.92729 0.226763 0
31.8634 54.2025 1.74187 1.92279 4.46573 1.45478 188937 0 1.60262 0.226621 0
-25.0922 22.4995 0.580141 2.0635 4.61713 1.55724 142427 0 -1.46825 0.226355 0
-42.127 9.64889 -0.242316 2.10165 4.69558 1.54098 123654 0 1.89501 0.225131 0
18.3504 -11.6076 0.919576 2.21048 4.94756 1.82708 92487 0 0.185433 0.224144 0
13.3154 46.6687 1.78232 1.91709 4.36524 1.50905 177647 0 -1.54473 0.223548 0
-67.6476 10.7843 -0.560592 2.07681 4.6329 1.58195 124978 0 -1.20745 0.223496 0
48.5285 14.5167 1.26419 2.00684 4.50918 1.62822 130957 0 -1.57876 0.223175 0
14.0588 -4.84012 0.768294 0.77564 0.851592 1.66347 102301 0 -1.43182 0.222604 1
13.2453 -9.54207 0.470226 0.781897 0.832238 1.38716 95747 0 0.181452 0.222256 1
-4.08287 58.7843 2.16444 2.07544 4.83738 1.81738 195377 0 -1.54109 0.221643 0
54.8821 22.8638 1.45784 1.97539 4.50894 1.53135 143145 0 1.59622 0.221633 0
-39.4366 28.9982 0.641843 0.976863 1.66435 1.78612 151742 0 -2.81702 0.221176 1
32.8654 -7.75012 0.793049 0.765951 1.29914 1.54511 98148 0 -1.30369 0.220937 1
19.6722 40.5836 1.9416 1.92606 4.27907 1.48129 168775 0 1.61788 0.220332 0
-46.9565 12.5505 -0.356002 1.92347 4.16578 1.55492 127851 0 -1.24037 0.220331 0
55.8352 19.71 1.35414 1.99499 4.47659 1.49915 138468 0 1.49455 0.219932 0
49.45 20.9087 1.4725 2.05689 4.58042 1.57988 140320 0 -1.76915 0.219724 0
37.6014 44.0497 1.82119 1.98765 4.53294 1.52345 173979 0 1.22475 0.217084 0
51.9436 37.8947 1.83848 2.11815 4.80843 1.72394 165132 0 -1.5781 0.217082 0
0.424675 28.7781 1.40296 1.73164 3.88442 1.42375 151399 0 1.5619 0.216902 0
-67.1093 11.3184 -0.654082 1.80249 3.95072 1.46151 125916 0 -1.13754 0.216886 0
48.1991 23.5345 1.12524 1.89571 4.33944 1.52666 144060 0 -1.6551 0.216877 0
-4.7146 44.0967 1.88445 2.06368 4.7246 1.82796 173847 0 -1.57972 0.216867 0
2.01872 52.3559 1.8798 1.93109 4.30068 1.60815 186036 0 -1.66431 0.216837 0
50.7246 38.1952 1.8228 1.92289 4.28659 1.52747 165596 0 -1.5802 0.216693 0
55.5241 34.0785 1.55093 2.06089 4.71959 1.63092 159527 0 1.61376 0.216588 0
-41.1134 29.6164 0.753969 2.01843 4.53278 1.67715 152673 0 1.29416 0.215843 0
46.5238 -27.72 0.0743126 2.01798 4.59803 1.69852 69175 0 -1.44476 0.215638 0
-63.2577 6.85347 -0.602604 2.02476 4.36154 1.66935 119376 0 -1.18321 0.215621 0
-49.6601 4.42244 -0.365572 2.428 5.71641 1.87711 115674 0 -1.31446 0.215193 0
31.5698 38.6748 1.80038 1.79558 4.00621 1.54302 166004 0 -1.4981 0.21516 0
-17.7833 37.9219 1.12799 2.19572 4.92722 1.73294 164914 0 -1.24211 0.214047 0
14.0084 73.9707 2.10002 1.97144 4.27684 1.49277 217897 0 -1.58216 0.2138 0
0.859573 43.1357 1.6599 2.09488 4.79942 1.58496 172460 0 1.46586 0.213618 0
50.0957 37.9288 1.75902 1.84944 4.22856 1.46276 165126 0 -1.53589 0.213581 0
13.8372 44.2543 1.71159 2.12404 4.84622 1.69631 174373 0 -1.59461 0.213381 0
-4.64534 50.0163 1.94798 2.06531 4.59476 1.69915 182739 0 -1.61928 0.213242 0
14.0332 -3.77955 0.837938 0.779827 0.842772 1.76752 104173 0 -1.44116 0.212784 1
37.3207 35.0481 1.39716 1.99849 4.51014 1.5133 160874 0 1.62387 0.212523 0
34.4101 31.1652 1.32832 0.726102 0.7097 1.62751 155249 0 -3.0706 0.210901 1
13.0362 47.4158 1.80695 1.80132 4.02763 1.41739 179050 0 -1.66768 0.210826 0
51.6675 38.1861 1.82621 2.02076 4.5451 1.63953 165599 0 -1.58721 0.209771 0
-45.3538 17.9819 -0.0944622 2.00554 4.45162 1.66036 135812 0 -1.27479 0.209699 0
53.6992 5.37598 1.18081 1.94038 4.73807 1.75526 117401 0 1.63837 0.209547 0
51.964 46.8158 1.87689 2.20641 5.05281 1.70233 178236 0 -1.59346 0.208958 0
54.8746 26.0523 1.54135 1.95778 4.34765 1.49902 147825 0 1.49816 0.208659 0
33.4054 -7.83958 0.606696 0.629775 0.728191 1.02479 98150 0 -1.47856 0.208569 1
-67.9409 11.3361 -0.55667 2.18379 4.96197 1.63303 125913 0 -1.12671 0.208234 0
-28.8703 4.76793 0.0125361 0.812831 0.835431 1.70024 116207 0 -0.967884 0.207594 1
12.4177 32.2324 1.47139 1.70239 3.72055 1.41887 156584 0 -1.48155 0.206981 0
-5.92169 29.2303 1.38237 2.08676 4.82118 1.59567 152315 0 -1.49605 0.206628 0
0.184868 55.2429 2.94568 2.95475 8.36187 2.98872 190242 0 -1.62415 0.205627 0
55.1974 19.9991 1.25177 1.94975 4.37495 1.51696 138934 0 1.55432 0.205488 0
15.1283 65.0146 1.97387 2.18267 5.03174 1.68116 204797 0 -1.53609 0.204489 0
49.7515 24.1129 1.32789 1.94662 4.43052 1.47124 145001 0 -1.65012 0.204338 0
48.5101 23.2182 1.08465 1.87183 4.26461 1.51609 143593 0 -1.59274 0.204108 0
-4.00354 65.0482 2.46718 2.16156 4.80025 1.67045 204737 0 -1.51028 0.203651 0
-38.4725 22.3033 0.232097 2.06869 4.67534 1.77172 141917 0 1.7988 0.203542 0
-40.1136 17.6802 -0.0118257 2.13492 4.54734 1.807 135360 0 1.94949 0.202695 0
42.7213 52.0346 2.19486 0.804549 0.830084 1.70476 185695 0 1.23834 0.202542 1
-28.6228 11.7393 -0.0296731 2.05119 4.56503 1.58493 126504 0 -1.37333 0.202469 0
-39.1307 19.4633 -0.103502 1.79886 4.18671 1.50221 137703 0 1.83309 0.20202 0
-53.7113 47.5949 0.573896 1.79213 3.92201 1.50841 178842 0 -1.25381 0.201621 0
1.12807 54.9587 2.48467 2.59103 6.7616 2.38987 189777 0 -1.71553 0.201603 0
51.3793 46.8767 1.87567 1.99937 4.47145 1.55736 178234 0 0.329181 0.200969 0
-40.3817 17.39 -0.0250312 2.20232 4.90603 1.86506 134891 0 1.86091 0.199867 0
33.3984 56.574 1.91008 1.83868 4.07059 1.48568 192218 0 -1.50517 0.199457 0
-58.0391 22.2452 0.208818 2.05178 4.61649 1.65558 141856 0 -1.21123 0.199393 0
-40.8254 29.6196 0.731294 1.90863 4.25139 1.61974 152674 0 1.82272 0.198955 0
49.7664 38.23 1.72948 1.93098 4.38354 1.49071 165593 0 -1.53002 0.198432 0
18.7384 40.5768 1.81353 2.0166 4.77946 1.52492 168772 0 1.60995 0.198368 0
49.1216 14.0213 1.20763 1.84018 4.1249 1.55028 130023 0 -1.56506 0.198144 0
-46.6218 12.0147 -0.385794 1.79112 3.92132 1.53017 126916 0 -1.24954 0.197621 0
-57.1678 22.1798 0.213376 2.05629 4.62182 1.6714 141859 0 -1.16258 0.197287 0
33.3829 -7.53468 0.662198 0.659443 0.869714 1.00822 98618 0 -1.0725 0.196667 1
30.8835 18.5097 1.15121 1.69861 3.95506 1.41938 136518 0 -1.48422 0.19651 0
-47.1246 14.8663 -0.16015 2.16922 4.82345 1.67394 131126 0 -1.25626 0.196157 0
-27.1026 14.572 0.345469 2.22543 5.52717 1.96119 130721 0 1.82715 0.195823 0
14.1387 -3.06885 0.795278 0.772152 0.850779 1.64615 105110 0 -1.26846 0.195701 1
18.1544 31.6152 1.4001 1.98463 4.57614 1.51975 155666 0 1.58765 0.194945 0
-64.122 6.65021 -0.505717 2.23201 4.86307 1.76648 118905 0 -1.28772 0.194111 0
-72.0855 -3.58781 -0.716751 0.938738 0.989824 1.81735 103904 0 -2.25045 0.193951 1
15.3896 -4.37602 0.662729 0.632676 0.679148 0.898448 103242 0 -1.41212 0.193783 1
54.5547 11.8931 1.35886 2.22817 5.17417 1.7441 127232 0 1.41162 0.193739 0
13.238 -9.67918 0.511166 0.76407 0.847192 1.33158 95279 0 0.104598 0.193401 1
49.4308 19.762 1.51478 2.04461 4.54857 1.56557 138448 0 -1.59475 0.193396 0
-3.37897 55.8256 2.04512 2.12706 4.8358 1.7237 191167 0 -1.64378 0.193299 0
1.36475 43.9167 1.59603 1.84372 4.05667 1.46268 173866 0 1.67511 0.193174 0
-40.8282 30.2126 0.786493 2.02487 4.5624 1.62636 153610 0 2.10495 0.193087 0
-47.1439 56.4605 0.692496 2.14674 4.93996 1.61419 191966 0 -1.22939 0.192822 0
-0.463806 55.5164 2.79699 2.61881 6.66149 2.47371 190708 0 -1.56592 0.192518 0
-6.89514 26.2904 1.56909 2.31829 5.23697 1.72038 148100 0 -0.0578689 0.192327 0
51.0482 37.3489 1.86453 1.87118 4.16464 1.54625 164193 0 -1.53152 0.19217 0
1.06187 69.6674 3.36742 2.06272 4.414 1.76459 211305 0 3.0184 0.191895 0
55.5131 26.0699 1.63917 2.00558 4.49131 1.55441 147827 0 1.66688 0.19173 0
-71.9088 -3.62074 -0.69887 0.947345 0.99137 1.81565 103905 0 -2.375 0.191672 1
52.983 49.4293 1.96245 1.99965 4.45077 1.62488 181983 0 -1.61031 0.191648 0
-67.6573 11.6165 -0.612429 2.06559 4.68395 1.57579 126382 0 -1.11147 0.191188 0
51.0334 47.5002 1.92486 2.08246 4.55305 1.64622 179169 0 0.350402 0.190742 0
55.8469 20.2897 1.36101 2.01935 4.55544 1.52613 139404 0 1.48915 0.190593 0
2.66063 55.7443 2.25485 2.30881 4.89219 1.91628 191186 0 1.59652 0.190389 0
50.3691 23.2138 1.23257 1.9212 4.26043 1.44604 143599 0 -1.64182 0.190288 0
38.8537 35.3427 1.58407 2.11013 4.85577 1.61557 161347 0 1.64108 0.189171 0
31.7479 31.0814 1.35772 2.45659 6.1375 1.62068 155241 0 1.56234 0.188755 0
-40.9154 11.894 -0.151343 1.74745 3.73721 1.44138 126934 0 1.87812 0.188653 0
-6.20746 68.367 2.56386 1.91468 4.38478 1.64468 209410 0 -1.50633 0.188399 0
-7.1479 32.1032 1.68549 2.16421 4.90181 1.67731 156523 0 1.6277 0.188366 0
33.7293 -8.09964 0.65556 0.713034 0.760647 1.30777 97683 0 2.56291 0.188328 1
37.6095 34.7833 1.44563 1.99733 4.43711 1.51651 160407 0 1.65691 0.187878 0
-35.0458 30.4866 0.386623 1.9419 4.38732 1.52365 154096 0 2.65115 0.187795 0
-39.6094 17.3821 0.10668 1.94113 4.04434 1.75061 134894 0 1.90445 0.187721 0
51.332 47.2001 1.8993 2.1173 4.71863 1.62854 178702 0 0.6917 0.187147 0
48.8059 21.9072 1.42847 2.08826 4.65812 1.65096 141722 0 -2.44948 0.186145 0
11.4003 -2.9315 0.731502 0.738406 0.838172 1.56442 105101 0 0.101134 0.185905 1
13.0234 43.7555 1.76705 1.95175 4.2737 1.6095 173434 0 -1.54536 0.185811 0
13.9803 70.5872 2.12388 1.92094 4.26887 1.49675 212749 0 -1.55964 0.185677 0
54.88 20.3061 1.26052 1.98165 4.51094 1.53082 139401 0 1.5715 0.185423 0
54.891 19.697 1.23983 1.94455 4.27703 1.46046 138465 0 1.53111 0.185283 0
-29.0542 3.00622 0.112921 0.831183 0.924715 1.7007 113867 0 -1.70264 0.185101 1
-20.0215 35.8909 1.16953 2.11576 4.73872 1.58354 162099 0 -1.18492 0.184203 0
-60.2699 16.8922 -0.385547 2.16426 4.71915 1.67386 133893 0 1.91917 0.183534 0
-5.92208 49.7453 1.95357 2.08365 4.70761 1.79213 182267 0 1.59668 0.183486 0
49.1418 24.0858 1.21401 1.90861 4.32261 1.47492 144999 0 -1.96126 0.183128 0
-20.7017 29.6824 0.854715 1.94234 4.22622 1.47157 152737 0 -1.27705 0.182556 0
37.6194 36.264 1.41782 1.94126 4.40641 1.47165 162747 0 1.63071 0.18255 0
42.7082 54.2367 2.59756 2.05087 4.64927 1.68544 188971 0 -3.01913 0.182484 0
55.1949 23.1478 1.49974 1.94477 4.3886 1.54453 143614 0 1.63321 0.181844 0
-6.1939 44.0678 1.90859 2.12028 4.836 1.83945 173842 0 1.50611 0.18089 0
33.6978 -7.88881 0.645953 0.694839 0.763086 1.13429 98151 0 -2.69183 0.180766 1
-35.3427 30.523 0.408268 1.9716 4.46306 1.52466 154095 0 2.01005 0.180245 0
49.108 22.2497 1.31073 2.10075 4.78996 1.64944 142191 0 -1.84677 0.18018 0
-34.6829 33.19 0.715481 2.0217 4.52783 1.53652 157841 0 1.72065 0.179796 0
32.7369 -7.32883 0.791881 0.750686 0.863481 1.44092 99084 0 -1.18613 0.179746 1
45.941 -33.4326 -0.26235 1.90653 4.30219 1.52748 60749 0 -1.44945 0.179466 0
-33.8169 33.3864 0.896426 2.10565 4.73843 1.56647 158312 0 1.83606 0.1791 0
-36.0078 34.361 0.79803 2.02832 4.5058 1.57332 159709 0 2.04217 0.17882 0
-58.7473 17.0864 -0.459141 2.02949 4.55254 1.62416 134366 0 -1.23399 0.17882 0
14.1536 -3.30003 0.852576 0.807074 0.894915 1.70549 104642 0 -1.24211 0.178655 1
53.6031 25.7546 1.26668 1.97122 4.45701 1.45852 147353 0 1.48648 0.178635 0
-35.3084 30.294 0.418386 1.95513 4.38261 1.5231 153627 0 1.54485 0.178365 0
9.29083 0.0178146 0.926746 0.994354 1.13012 1.86212 109775 0 3.14098 0.178179 1
38.5456 44.6282 2.05448 1.95268 4.33627 1.53326 174918 0 1.58475 0.177949 0
49.1309 14.7768 1.34867 2.0759 4.67707 1.67194 131427 0 -1.5592 0.177923 0
53.2537 49.1395 1.99033 2.07653 4.65573 1.69361 181516 0 -1.57971 0.177892 0
-19.928 35.1374 1.16801 2.07532 4.62559 1.55649 160695 0 -1.16842 0.17784 0
55.1855 22.5972 1.46815 2.02887 4.61373 1.55596 142678 0 1.52209 0.177704 0
-33.7733 32.854 0.882181 2.03214 4.52163 1.51483 157376 0 2.14008 0.177625 0
55.1946 19.4033 1.26317 1.98756 4.37482 1.46274 137998 0 1.43074 0.177497 0
31.5392 45.4983 2.05988 2.06454 4.64641 1.57565 176300 0 -1.59888 0.17707 0
-64.1528 7.39728 -0.579942 2.03065 4.58268 1.61982 120309 0 -1.18135 0.177056 0
15.4486 70.8228 2.19938 2.26829 5.27872 1.85524 213222 0 -1.60195 0.17679 0
12.9533 31.9744 1.40455 2.00621 4.86793 1.53997 156118 0 -1.41454 0.176769 0
-4.65449 68.0652 2.53691 1.87121 4.3805 1.56732 208947 0 -1.45879 0.176722 0
37.3074 35.6814 1.32961 1.98486 4.61065 1.49327 161810 0 1.60641 0.176309 0
48.5294 20.3391 1.32752 2.06265 4.69207 1.60399 139381 0 -1.60037 0.176139 0
-34.1405 29.9318 0.457135 2.01786 4.49343 1.47923 153163 0 -1.12078 0.176124 0
56.8028 23.1896 1.66398 2.08866 4.64118 1.69781 143619 0 -2.56078 0.175377 0
-64.7543 7.18723 -0.533245 2.18257 4.85585 1.73886 119839 0 -1.21039 0.174618 0
33.9957 53.9595 1.9537 2.13462 4.78792 1.65783 188476 0 -1.52125 0.174575 0
31.8521 44.3529 1.85211 1.91977 4.35202 1.50906 174429 0 -1.48875 0.174528 0
30.6257 38.9659 1.72972 1.91313 4.37097 1.54621 166469 0 1.5608 0.173739 0
55.8193 22.8692 1.49115 2.07356 4.77832 1.63549 143148 0 1.59952 0.173302 0
13.3906 38.0419 1.73095 1.79704 3.88101 1.57439 165011 0 -1.53515 0.173261 0
-37.9493 22.7855 0.301996 2.04481 4.57529 1.78533 142855 0 1.85815 0.172736 0
37.8868 44.886 2.02095 2.00467 4.45106 1.51403 175384 0 1.53234 0.172487 0
-22.5822 -9.36068 0.991971 0.793148 0.866471 1.77282 95635 0 1.41073 0.172315 1
18.1487 32.0695 1.40485 2.01647 4.68602 1.5316 156602 0 1.64225 0.172245 0
40.7741 52.6416 2.28635 2.0064 4.50049 1.68847 186625 0 1.60673 0.172142 0
-39.452 29.2079 0.632077 1.0498 1.84953 1.75912 152210 0 -1.41379 0.171934 1
-6.25047 31.6374 1.66965 2.09956 4.80719 1.60652 155590 0 1.48981 0.171776 0
15.1784 -12.512 0.724221 0.819479 0.806303 1.76404 91073 0 3.1333 0.171715 1
-38.0053 19.6649 -0.0600143 2.01229 4.53865 1.54172 138175 0 1.814 0.171584 0
-19.6285 38.5596 1.018 2.10236 4.69648 1.52499 165844 0 -1.25384 0.171493 0
-25.7427 22.3138 0.587002 2.01177 4.44214 1.52917 141957 0 1.63439 0.171148 0
35.7829 21.0623 1.3538 1.91086 4.38181 1.57025 140277 0 1.64874 0.170307 0
-0.499313 19.1062 1.36981 0.836573 0.974686 1.69551 137356 0 1.63153 0.169317 1
24.1539 19.0436 0.909076 1.97052 4.39866 1.43651 137433 0 -1.45096 0.169169 0
32.1447 44.0033 1.81638 1.93161 4.38199 1.51074 173962 0 -1.52169 0.169159 0
51.7133 45.9764 1.82842 1.92647 4.37158 1.54256 176831 0 -1.51191 0.16903 0
20.9551 52.6544 2.62203 2.30946 5.38161 2.01773 186563 0 -1.34151 0.169001 0
-4.35126 58.4884 2.14074 1.97227 4.46423 1.6634 194908 0 -1.50713 0.168997 0
-58.3803 21.5822 0.157943 2.03078 4.61311 1.66224 140919 0 -1.11115 0.167814 0
15.4264 67.9099 2.20798 2.33609 5.44778 1.93231 209010 0 -1.60928 0.167765 0
18.3694 28.4033 1.41403 2.02025 4.56912 1.47104 150987 0 -1.52036 0.167744 0
-41.1154 29.3052 0.732983 1.97282 4.42798 1.66684 152205 0 -1.12921 0.167332 0
-4.62127 64.5329 2.49795 2.08421 4.75341 1.72262 203799 0 -1.49393 0.167124 0
32.4967 55.5581 1.92296 1.94216 4.14978 1.53294 190811 0 -3.06617 0.166185 0
-36.3106 34.1119 0.818351 2.00995 4.48218 1.58222 159240 0 2.01439 0.166067 0
36.9954 44.3279 1.76272 1.91467 4.03563 1.50457 174445 0 1.50863 0.165566 0
24.1586 19.3407 0.942415 1.94504 4.34094 1.42938 137901 0 -0.729662 0.165479 0
33.446 54.476 1.90203 1.93565 4.27709 1.52587 189410 0 -1.62752 0.165467 0
0.169594 55.7738 2.94376 2.94218 8.19736 2.97189 191178 0 -1.5742 0.165198 0
53.9513 29.1937 1.60778 1.98153 4.45922 1.50791 152502 0 -1.75097 0.164664 0
49.7798 37.637 1.73274 1.87426 4.25112 1.43304 164657 0 -1.5455 0.164623 0
51.4059 46.2654 1.84687 1.85078 4.07171 1.46909 177298 0 -1.57276 0.164592 0
14.3442 58.386 1.98004 1.69664 3.75856 1.39137 194966 0 -1.36968 0.164051 0
0.845566 70.8329 3.54272 2.35714 5.59495 2.08694 213176 0 2.87062 0.163757 0
14.8691 71.1186 2.1633 2.02321 4.56791 1.62027 213688 0 -1.61459 0.163708 0
-48.711 6.98447 -0.405443 2.27635 5.04553 1.76422 119421 0 -1.34565 0.163592 0
0.372643 26.3539 1.27826 1.67448 3.72109 1.37999 148123 0 1.59745 0.163553 0
-5.85371 40.5937 1.71912 2.00367 4.52361 1.50352 168695 0 -1.52036 0.16322 0
-4.00444 55.5532 2.11879 2.20273 5.04032 1.83131 190697 0 -1.63588 0.162969 0
49.0791 21.9272 1.441 2.13605 4.84505 1.67436 141723 0 -2.1863 0.162913 0
12.0974 29.2265 1.41676 1.76216 3.92467 1.44062 152371 0 -1.53128 0.162568 0
44.653 -31.481 -0.182786 1.98042 4.34954 1.60865 63553 0 -3.10457 0.162541 0
