44.321 -6.91594 1.42547 2.92892 7.88886 3.20145 99588 0 1.63605 0.962072 0
22.8909 8.21666 0.992383 2.0833 4.86552 1.51706 121517 0 0.151233 0.954668 0
18.4056 11.7157 1.04662 2.11117 4.81405 1.50256 126651 0 1.63946 0.946334 0
-6.84303 11.3228 1.0023 1.97992 4.50871 1.44967 126104 0 -1.48324 0.942062 0
-1.99542 11.0558 1.17639 2.0756 4.65411 1.81905 125651 0 1.62542 0.937721 0
10.6555 12.723 1.1842 2.22445 5.17068 1.8889 128031 0 -1.56162 0.932809 0
-0.871979 17.0913 1.35737 2.0947 4.80436 1.82514 134547 0 1.62735 0.917881 0
36.0621 9.09126 1.04942 1.9957 4.57234 1.49613 122962 0 1.65839 0.917032 0
-12.5054 10.7341 0.754793 2.11599 4.7827 1.48631 125150 0 -2.97091 0.903927 0
-20.6374 32.7348 1.17465 2.37755 5.50027 1.82137 157417 0 -1.19102 0.903126 0
5.86046 22.2642 1.23708 2.03579 4.46143 1.52816 142056 0 0.0871654 0.897652 0
-34.9877 -5.06586 -0.539663 2.04129 4.56178 1.56691 102148 0 -1.56977 0.895571 0
30.857 9.34255 1.16801 2.01719 4.43484 1.64293 123414 0 -1.47024 0.881748 0
10.6935 15.8206 1.23189 2.21089 5.1048 1.85752 132711 0 -1.53923 0.880076 0
-19.0495 11.4593 0.837175 1.98074 4.55581 1.76992 126066 0 1.68529 0.879875 0
-6.55785 17.472 1.07402 2.08761 4.81663 1.52936 134997 0 -1.5397 0.876371 0
48.5506 5.699 1.12195 2.08931 4.6959 1.8245 117853 0 -1.46357 0.871307 0
31.193 30.9165 1.38508 2.1051 4.84538 1.4959 154771 0 1.58553 0.868849 0
-44.6419 -11.1206 -0.817151 2.06205 4.47626 1.81139 93226 0 0.0118393 0.867957 0
-42.0672 -11.6789 -0.808419 1.98129 4.33608 1.66423 92298 0 0.0247137 0.867137 0
-18.7671 19.7461 1.01211 2.13969 4.705 1.88185 138235 0 1.71956 0.864322 0
13.2822 41.1365 1.90411 2.102 4.83757 1.88061 169691 0 -1.52837 0.862144 0
-0.401428 22.9118 1.44197 2.16608 5.06207 1.81395 142972 0 -1.48693 0.85824 0
-29.6486 6.59264 -0.065659 2.09058 4.73359 1.5165 119013 0 -1.26562 0.85794 0
30.6171 15.9026 1.23735 1.98277 4.44085 1.7136 132773 0 -1.48923 0.852661 0
18.6242 15.4159 1.22764 2.23299 4.96451 1.71453 132268 0 1.61779 0.847762 0
48.4072 8.48677 0.976793 2.04081 4.68942 1.63131 122065 0 -1.48179 0.84493 0
17.3831 22.8381 1.46043 2.11512 5.02385 1.70231 143028 0 1.61811 0.843997 0
11.3759 19.4166 1.1393 1.96452 4.55946 1.49252 137861 0 -1.63093 0.837211 0
-43.0013 5.89381 -0.303107 1.92548 4.23139 1.50384 118035 0 1.87312 0.835888 0
17.7104 19.9881 1.19188 2.06081 4.8091 1.50132 138817 0 1.63344 0.835536 0
0.184143 31.7584 1.7233 2.20702 5.02864 1.89939 156078 0 1.65732 0.834534 0
11.74 22.2963 1.39435 1.95043 4.38163 1.71492 142074 0 -1.51661 0.830346 0
31.1723 27.4678 1.34669 2.13681 5.08448 1.47035 149623 0 1.62068 0.815208 0
-19.7091 8.03429 0.682681 2.02807 4.57407 1.53719 121384 0 1.62414 0.814365 0
0.163269 28.9954 1.38478 1.94277 4.45603 1.45774 151866 0 1.60689 0.8138 0
-6.56562 20.2883 1.19132 2.0774 4.97253 1.43269 139209 0 -1.55026 0.80993 0
13.8834 38.1775 1.70451 2.08595 4.84784 1.60762 165481 0 -1.53199 0.80832 0
17.4613 25.7429 1.57436 2.28459 5.42837 1.7584 147240 0 1.60739 0.808082 0
49.078 11.5992 1.14828 1.99135 4.45673 1.73156 126747 0 -1.51001 0.803005 0
-6.27082 14.4905 1.02106 2.00066 4.55427 1.46501 130786 0 -1.48449 0.797547 0
33.8841 -6.51883 0.797158 0.802938 0.883321 1.63939 100023 0 -1.28462 0.794324 1
12.9552 32.3874 1.43554 2.08505 4.90889 1.50206 157054 0 -1.53491 0.793199 0
9.125 0.0793762 0.923963 0.918336 1.08947 1.78568 109774 0 3.12119 0.790955 1
-36.5451 -11.627 -0.655355 2.37647 5.31035 2.08461 92315 0 0.037152 0.790171 0
11.4225 26.1417 1.29504 1.89966 4.41448 1.51381 147689 0 -1.53515 0.779952 0
-18.4488 13.9868 0.896642 2.02036 4.55834 1.80583 129812 0 1.74235 0.778478 0
-18.0988 22.8695 0.840426 1.98862 4.47024 1.50317 142917 0 1.60429 0.776512 0
14.9081 58.3931 1.97946 2.00722 4.56643 1.54859 194968 0 -1.39345 0.768253 0
36.3295 12.0798 1.22266 2.0613 4.78101 1.63829 127175 0 1.64149 0.767311 0
-1.19395 14.1416 1.09781 1.90457 4.28575 1.57887 130334 0 1.70525 0.760894 0
-0.134766 26.1522 1.31326 1.99294 4.61414 1.45676 147653 0 1.54436 0.751426 0
15.267 55.2322 2.18725 1.98679 4.37581 1.70422 190289 0 -1.45586 0.744117 0
-41.1467 11.715 -0.15191 1.75291 3.98802 1.45837 126465 0 1.8523 0.743172 0
-71.9006 -3.14046 -0.70223 0.920765 0.93723 1.75733 104841 0 -1.98435 0.73919 1
36.3447 15.2841 1.18375 1.92985 4.50823 1.44486 131855 0 1.65513 0.737156 0
-18.4597 16.8961 0.758829 1.75412 3.98863 1.43222 134024 0 1.7155 0.736076 0
-49.1434 4.39465 -0.340046 2.12064 4.69518 1.67873 115676 0 -1.38125 0.72835 0
-27.6613 14.7796 0.34869 2.21148 5.06913 1.91853 131187 0 1.82176 0.728321 0
31.2258 12.2729 1.09343 1.92075 4.54826 1.46455 127627 0 1.55058 0.727272 0
-5.9071 26.1221 1.55899 2.07276 4.73376 1.70016 147635 0 -1.52121 0.727236 0
10.9294 -5.81094 0.786078 0.799594 0.869336 1.66622 100888 0 -0.899389 0.723584 1
-71.1064 -4.21918 -0.650344 0.888834 0.964306 1.78157 102971 0 -2.21827 0.723288 1
-40.4646 14.5391 -0.107619 2.00672 4.44731 1.58573 130679 0 1.84728 0.72111 0
54.2196 5.34155 1.13364 1.99187 4.81459 1.75336 117403 0 1.61248 0.720329 0
19.0116 37.876 1.80747 2.06299 4.67417 1.6022 165029 0 1.59008 0.720194 0
13.3259 44.0121 1.73964 1.98556 4.44577 1.64679 173903 0 -1.55666 0.719066 0
-38.8783 19.6747 -0.0598573 2.0047 4.6693 1.56047 138172 0 1.83291 0.714767 0
30.8636 21.6709 1.22297 1.84585 4.28559 1.39211 141198 0 -1.51568 0.699795 0
-56.2459 27.2647 0.174658 2.10663 4.59236 1.64386 149350 0 -1.20986 0.697741 0
14.9134 64.7439 2.13469 2.00913 4.54022 1.55206 204328 0 -1.52988 0.690874 0
-61.3399 14.5311 -0.41739 1.95304 4.21728 1.68759 130614 0 -1.18982 0.689761 0
-44.3769 20.4187 -0.0436744 1.92744 4.24322 1.53157 139091 0 -1.26826 0.689691 0
-63.868 6.96346 -0.488748 2.10468 4.59992 1.77601 119374 0 -1.25518 0.686375 0
26.1644 2.70264 0.966956 0.879742 1.0637 1.78791 113571 0 0.2349 0.685425 1
14.8946 67.6898 2.29035 2.01768 4.47844 1.70066 208540 0 -1.57763 0.684755 0
31.5236 35.7833 1.64981 2.07085 4.81669 1.63711 161792 0 1.6424 0.682383 0
37.281 30.2091 1.72201 2.50105 5.81229 1.90803 153854 0 -1.4989 0.676663 0
14.1954 -4.7366 0.837908 0.750703 0.819686 1.67749 102770 0 -1.49202 0.674271 1
12.6119 29.2516 1.40556 1.95538 4.58008 1.45369 152373 0 -1.52979 0.670732 0
31.8343 38.8919 1.82327 1.92053 4.30598 1.56632 166473 0 -1.48126 0.660052 0
-5.29451 40.837 1.7226 2.02975 4.60506 1.50737 169165 0 -1.52004 0.658736 0
50.6691 34.9472 1.71904 2.12368 4.81871 1.5712 160916 0 -1.52276 0.657734 0
-21.5739 29.9546 0.824228 2.10258 4.76723 1.51507 153202 0 -1.26158 0.655667 0
3.60621 -3.95394 0.850446 0.896064 1.00189 1.76766 103673 0 1.58421 0.645371 1
1.0859 43.6846 1.63704 1.9778 4.51652 1.49172 173397 0 1.57363 0.644741 0
13.5435 47.1458 1.76202 2.04962 4.76628 1.56757 178584 0 -1.58589 0.640805 0
18.7303 31.8103 1.414 2.1296 4.90271 1.52012 156136 0 1.58823 0.640688 0
2.38602 55.4893 2.25568 2.26907 5.25935 1.92434 190717 0 1.56271 0.631765 0
33.4269 -7.08209 0.631624 0.602509 0.655643 1.11114 99086 0 -1.3185 0.624717 1
36.3154 21.0496 1.4155 1.96653 4.52004 1.49573 140279 0 1.603 0.62364 0
-28.6104 9.15957 -0.020427 1.99847 4.52055 1.50196 122760 0 -1.30693 0.614242 0
30.8501 18.7906 1.16636 1.89408 4.63908 1.45459 136986 0 -1.50843 0.612076 0
-40.1177 17.1463 0.0808948 1.97796 4.36184 1.77793 134424 0 1.79074 0.605041 0
-53.9203 47.8044 0.537061 2.03763 4.51519 1.56212 179309 0 -1.15016 0.603135 0
-47.5311 9.75445 -0.026527 2.22805 5.14351 1.85664 123637 0 -1.2892 0.602631 0
-19.6388 35.4308 1.12605 2.09102 4.73024 1.59087 161164 0 -1.13443 0.575409 0
-62.2552 11.6646 -0.461113 1.89484 4.16427 1.58289 126399 0 1.89258 0.575268 0
-46.5574 14.833 -0.185638 2.02015 4.39678 1.62586 131128 0 -1.27461 0.56986 0
-48.1546 7.12682 -0.401801 2.04176 4.54841 1.60317 119891 0 -1.32828 0.564269 0
32.7729 -7.52965 0.815327 0.800859 0.923081 1.59283 98616 0 -1.37271 0.560145 1
15.1425 -4.39449 0.685551 0.61176 0.636199 0.82516 103241 0 -1.36699 0.555738 1
-68.9794 5.28353 -0.569782 1.89252 4.10473 1.63891 117018 0 2.00277 0.550522 0
-47.1918 12.2943 -0.362493 2.00543 4.46352 1.61314 127382 0 -1.26289 0.54774 0
4.58784 40.0371 1.79342 0.88246 0.789122 1.7546 168260 0 -0.208428 0.542252 1
-32.1329 42.0692 1.07598 1.97863 4.51957 1.64363 170953 0 1.90616 0.537457 0
-4.94047 44.2629 1.94198 2.09508 4.63029 1.77453 174314 0 -1.52409 0.535946 0
14.5302 73.8012 2.35501 2.0011 4.52482 1.58284 217431 0 -1.5633 0.535438 0
-42.0992 9.44246 -0.222792 2.0899 4.64474 1.58362 123186 0 1.79808 0.528976 0
-45.8745 17.848 -0.0781454 2.06966 4.61646 1.63882 135342 0 -1.26233 0.52831 0
19.0379 40.7922 1.87224 2.04319 4.81245 1.49873 169241 0 1.61445 0.525495 0
-44.0225 58.3606 1.12329 2.13327 4.51886 1.73221 194784 0 -1.31308 0.524163 0
-6.242 31.8881 1.6813 2.19976 5.0125 1.59408 156058 0 -1.55347 0.518406 0
-44.0045 23.1261 0.197892 1.99222 4.48492 1.60368 143304 0 -1.26476 0.514262 0
19.0514 46.5623 2.10249 2.02407 4.47995 1.60831 177665 0 1.56357 0.513002 0
38.2481 38.8941 1.80836 2.02876 4.59081 1.55615 166493 0 1.62487 0.508721 0
-24.5037 22.2552 0.624432 2.03467 4.49409 1.5446 141961 0 -1.35823 0.506382 0
-1.13457 20.0427 1.40344 2.06607 4.85214 1.64051 138758 0 1.70762 0.501709 0
17.7549 28.6581 1.39333 2.01319 4.68183 1.45489 151453 0 1.58544 0.494414 0
54.5439 11.3118 1.30259 2.07678 4.74724 1.56373 126296 0 1.56116 0.490911 0
1.7355 52.6227 1.89574 1.93984 4.38804 1.56408 186503 0 1.57654 0.473445 0
37.9017 44.6223 2.03409 1.96355 4.49173 1.52984 174916 0 1.60989 0.473412 0
14.9962 -4.3783 0.757027 0.621403 0.667115 0.973506 103240 0 -1.32085 0.472936 1
-16.3744 -14.5745 0.382887 0.864941 0.944122 1.70427 88166 0 1.44852 0.470919 1
36.9417 26.945 1.37856 2.12974 4.92923 1.49859 149173 0 1.66263 0.466169 0
-46.2491 56.1011 0.730993 2.0764 4.62517 1.57036 191501 0 -1.2723 0.464371 0
14.1487 -3.94995 0.990886 0.819679 0.875506 1.88288 103706 0 -1.48637 0.455491 1
32.7969 56.8154 1.87294 1.93881 4.38207 1.51597 192684 0 -1.55724 0.448946 0
-28.9433 9.36356 -0.0207236 2.05205 4.64736 1.53358 123227 0 1.25982 0.430372 0
14.8729 70.5478 2.3548 1.98172 4.42672 1.59903 212752 0 -1.58878 0.429544 0
-6.563 23.1593 1.25174 2.00131 4.68553 1.46279 143421 0 -1.56432 0.429193 0
-17.7779 37.8788 1.24476 2.20638 5.01075 1.79927 164914 0 -1.1975 0.424918 0
54.2091 8.16185 0.970567 1.90629 4.51549 1.46973 121615 0 1.64081 0.424839 0
59.6328 9.43848 1.27429 2.12991 4.69001 1.86519 123504 0 -3.11633 0.419477 0
-37.6155 22.2237 0.313086 2.0203 4.45453 1.71741 141920 0 1.81927 0.417795 0
15.1637 -4.50939 0.647914 0.582353 0.634765 0.816185 102773 0 -1.27843 0.411037 1
19.9909 40.8145 1.94123 1.93105 4.28166 1.47874 169244 0 1.5975 0.408131 0
-27.7006 18.0658 0.567109 2.07159 4.58482 1.86666 135867 0 1.80699 0.388459 0
-27.3697 17.7703 0.568261 2.08925 4.689 1.85528 135400 0 1.76701 0.384521 0
15.1238 -12.2258 0.745436 0.847729 0.798439 1.72574 91541 0 -3.10653 0.384117 1
-32.799 39.225 0.728446 1.99283 4.43022 1.50837 166739 0 1.94779 0.383001 0
31.8448 45.2205 1.98006 1.99948 4.48769 1.49656 175833 0 -1.55664 0.378668 0
-39.4214 28.9893 0.625106 0.805178 0.819834 1.78918 151742 0 -2.26458 0.376542 1
-0.51178 19.1272 1.41247 0.812299 0.857755 1.71337 137356 0 1.69224 0.374359 1
-24.2001 22.5166 0.632567 2.0441 4.51104 1.56453 142430 0 -1.40368 0.369699 0
-41.1088 30.2473 0.732561 2.02759 4.55181 1.69175 153609 0 2.06536 0.367295 0
-0.50634 19.2583 1.3981 0.79428 0.929472 1.70028 137824 0 1.68426 0.366872 1
-39.31 29.014 0.624507 0.804742 0.789108 1.8059 151743 0 -2.38195 0.364854 1
-69.2523 5.05347 -0.534465 2.03273 4.44216 1.67296 116549 0 1.85292 0.359877 0
55.2094 15.481 1.10483 1.93843 4.36639 1.51428 132382 0 1.62106 0.359845 0
-67.3811 11.0762 -0.613587 1.87883 4.15287 1.50291 125447 0 -1.14953 0.359596 0
-62.4983 11.4402 -0.455085 1.9966 4.40888 1.61363 125930 0 1.86028 0.357997 0
-0.367233 26.1426 1.33978 2.11517 5.09763 1.54391 147652 0 -1.25618 0.353668 0
14.1528 -3.79028 0.952844 0.828474 0.891829 1.85886 104174 0 -1.4723 0.351921 1
18.3634 -11.3605 0.875009 2.09476 4.50721 1.75844 92955 0 0.168514 0.345265 0
19.6432 31.8584 1.36814 2.0626 4.64385 1.56686 156139 0 1.59579 0.344415 0
-5.59483 28.9675 1.42275 2.02135 4.72107 1.52305 151848 0 -1.4898 0.336546 0
-4.33519 58.9784 2.13041 2.07339 4.69735 1.80951 195844 0 -1.53254 0.335071 0
-7.48468 23.1724 1.36547 2.05386 4.73165 1.51959 143418 0 -1.58812 0.330276 0
38.2302 35.9722 1.4856 1.98551 4.48412 1.49939 162281 0 1.66616 0.329287 0
-32.1981 39.1141 0.73039 2.01784 4.57958 1.48413 166741 0 1.93289 0.325876 0
-5.58501 44.318 1.9548 2.18016 4.96958 1.84291 174312 0 0.79528 0.324265 0
38.2409 35.0363 1.42799 2.00242 4.55721 1.48592 160877 0 1.6347 0.324061 0
-5.28984 68.3175 2.49479 2.1202 4.97118 1.72355 209413 0 -1.47222 0.321794 0
49.4386 20.3043 1.53631 2.00629 4.46599 1.5761 139384 0 -1.57839 0.321678 0
39.1625 38.8698 1.72152 2.01791 4.56549 1.55345 166496 0 1.64902 0.320422 0
30.3236 18.9421 1.1368 1.84038 4.30462 1.44837 137452 0 -1.54091 0.319266 0
13.0562 47.1542 1.74735 1.7472 3.88154 1.39588 178582 0 -1.59731 0.316814 0
14.9732 -4.51762 0.754608 0.636729 0.690692 0.988076 102772 0 -1.26331 0.316087 1
38.5554 35.6875 1.5113 2.03636 4.66417 1.5268 161814 0 1.65456 0.313277 0
-3.37572 64.7865 2.34065 2.16697 4.88536 1.71136 204271 0 -1.45833 0.311968 0
14.6 70.3047 2.35559 1.87412 4.12715 1.54733 212283 0 -1.5663 0.30929 0
-34.7331 33.7458 0.742863 1.99196 4.52548 1.58324 158777 0 2.00873 0.30904 0
53.9671 7.91904 1.01246 1.70603 3.9548 1.4373 121146 0 1.65129 0.308492 0
37.578 26.7924 1.4082 1.99442 4.53336 1.44067 148707 0 1.65143 0.308294 0
-5.87149 41.0222 1.75837 2.11142 4.7939 1.53544 169631 0 -1.5558 0.307608 0
51.7159 46.2431 1.84167 1.93136 4.3317 1.51436 177299 0 -1.63388 0.30661 0
-46.5431 52.956 0.817101 2.10306 4.79321 1.60992 186820 0 1.8481 0.306511 0
12.9236 29.525 1.41361 1.95462 4.56025 1.48814 152842 0 -1.57057 0.30495 0
9.31193 0.111977 0.926534 0.954364 1.12894 1.80654 109775 0 3.06792 0.304527 1
38.868 38.634 1.71158 1.96734 4.5765 1.52242 166027 0 1.6458 0.304387 0
-29.2365 9.42081 -0.0437778 2.03603 4.57515 1.55073 123226 0 1.74444 0.302762 0
-22.6344 -9.37737 1.21395 0.790619 0.85515 1.78359 95635 0 1.71836 0.300819 1
49.1422 20.0408 1.4912 1.9734 4.38447 1.52879 138915 0 -1.48713 0.300642 0
14.6438 58.1879 1.9385 1.82246 4.11659 1.47087 194499 0 -1.36616 0.300298 0
-47.5828 6.89987 -0.351611 1.89337 4.20125 1.58528 119425 0 -1.30724 0.298337 0
33.4309 -7.82401 0.712094 0.701075 0.79076 1.38664 98150 0 -1.44596 0.298288 1
-5.32593 31.8276 1.63483 2.09052 4.91799 1.61688 156061 0 -1.50916 0.297474 0
1.47839 52.8885 1.95045 2.03464 4.68061 1.64311 186970 0 1.59457 0.295288 0
17.4754 28.3974 1.41485 2.017 4.62905 1.4654 150984 0 1.59596 0.295137 0
14.5792 70.8134 2.34426 1.95895 4.34597 1.56265 213219 0 -1.59386 0.293206 0
37.0016 44.6566 1.95038 1.9432 4.49858 1.51285 174913 0 1.60531 0.292979 0
14.4917 -4.65925 0.840168 0.692595 0.766623 1.51221 102771 0 -1.55844 0.292501 1
-72.0295 -3.24879 -0.696915 0.947954 0.970056 1.77332 104372 0 -1.94321 0.292202 1
32.6072 -7.51484 0.798045 0.76826 0.846431 1.46086 98615 0 -1.40294 0.291228 1
55.8138 15.2516 1.12504 1.97273 4.53783 1.52597 131916 0 1.6171 0.291149 0
37.9557 38.6326 1.80885 1.99381 4.51472 1.53631 166024 0 1.62706 0.290848 0
50.7149 37.9389 1.7833 1.86789 4.25693 1.44664 165128 0 -1.55795 0.289701 0
-6.83224 32.0762 1.70971 2.19064 4.97939 1.64362 156524 0 1.60505 0.288993 0
-5.91263 44.3292 1.92834 2.21338 5.11802 1.85211 174311 0 1.59585 0.288778 0
38.5418 34.7579 1.53915 2.00168 4.5057 1.51048 160410 0 1.66596 0.288659 0
-18.7125 38.2467 0.934938 2.16503 5.0752 1.67825 165379 0 -1.23163 0.287849 0
34.0014 -6.35242 0.768266 0.82098 0.869024 1.60769 100492 0 -1.31238 0.287733 1
13.3216 46.6628 1.76354 1.89416 4.31779 1.49458 177647 0 -1.506 0.285397 0
14.5568 -4.36346 0.848226 0.680017 0.798095 1.54404 103239 0 -1.47503 0.28469 1
-46.2697 52.9498 0.834501 1.98305 4.45514 1.5499 186821 0 -0.655638 0.284201 0
11.8814 26.3138 1.28882 2.19515 5.26744 1.60889 148159 0 -1.54024 0.284132 0
33.4249 57.0292 1.94147 2.00944 4.42273 1.60162 193154 0 -1.61972 0.283541 0
-38.2204 22.4832 0.278587 2.05124 4.62122 1.74977 142386 0 1.81668 0.282002 0
1.35851 43.9267 1.6671 1.88034 4.18892 1.46318 173866 0 1.6116 0.281997 0
-3.66295 64.5136 2.36207 2.0552 4.57242 1.66238 203802 0 -1.37547 0.281423 0
32.4445 45.0239 1.93525 1.96319 4.43815 1.4941 175367 0 -1.55312 0.278229 0
31.8423 54.2138 1.82439 1.92099 4.46581 1.48475 188937 0 -1.61122 0.27694 0
-40.8408 30.5175 0.757015 2.00477 4.4426 1.66465 154078 0 2.18215 0.276414 0
31.7652 12.1191 1.05137 2.05358 5.05761 1.54304 127161 0 -1.53537 0.275673 0
37.9453 35.3594 1.36851 2.01251 4.63989 1.47597 161344 0 1.62998 0.275624 0
2.97935 55.2849 2.1726 1.93069 4.29477 1.73671 190251 0 1.55709 0.275572 0
2.02905 52.3675 1.84479 1.87228 4.17387 1.5516 186036 0 1.56682 0.275525 0
-44.6618 58.6194 1.05621 2.38791 5.38843 1.91794 195250 0 -1.29717 0.275033 0
53.9135 28.954 1.62636 2.04957 4.65948 1.55874 152034 0 -1.64065 0.274689 0
32.1424 35.8908 1.72203 2.28505 5.24702 1.68671 162262 0 1.62251 0.27348 0
-39.6033 17.1063 0.158897 1.78041 3.75148 1.70271 134426 0 1.8467 0.27211 0
33.4457 54.2273 1.98348 1.94884 4.37513 1.54021 188942 0 -1.59498 0.271217 0
-25.0981 22.4773 0.62311 2.04591 4.51401 1.5013 142427 0 -1.38453 0.27104 0
3.60641 -3.80972 0.859039 0.895347 1.05092 1.77065 104141 0 1.56646 0.269764 1
50.4025 38.1897 1.77716 1.93468 4.35985 1.47547 165595 0 -1.56884 0.269473 0
-46.8894 56.398 0.688708 2.17128 4.84047 1.60797 191967 0 -1.24449 0.269193 0
15.7421 55.4222 2.28024 2.29902 5.31751 1.9208 190759 0 -1.5127 0.267598 0
12.0797 29.0388 1.39127 1.78558 4.07104 1.45779 151903 0 -1.47474 0.266443 0
-28.6825 4.91471 -0.0362477 0.710575 0.782859 1.24512 116676 0 -1.78365 0.265413 1
-48.7452 7.18318 -0.37161 2.31419 5.30724 1.79954 119889 0 -1.33109 0.264597 0
-6.23737 29.243 1.5341 2.06987 4.66961 1.58382 152314 0 -1.49846 0.264293 0
18.385 28.8859 1.39635 2.04742 4.7657 1.49476 151923 0 -1.54635 0.264253 0
31.244 39.1028 1.82837 2.03355 4.63357 1.57528 166939 0 -1.50453 0.264163 0
33.0218 -7.5977 0.804959 0.787078 1.26203 1.59634 98617 0 -1.4005 0.263291 1
-0.134392 26.6018 1.32594 1.99738 4.66432 1.4729 148589 0 1.63101 0.262827 0
-19.9998 35.9004 1.16556 2.13341 4.76895 1.61367 162099 0 -1.12923 0.262193 0
-41.3821 29.9605 0.691206 2.12809 4.84919 1.76935 153140 0 1.9717 0.261418 0
38.8568 35.374 1.59898 2.07009 4.71298 1.57528 161347 0 1.66733 0.259504 0
21.2903 67.0298 2.29348 2.07496 4.67125 1.66542 207624 0 1.58212 0.259099 0
46.5327 -27.7129 0.0388462 2.00677 4.54404 1.701 69175 0 -1.5227 0.258679 0
36.908 21.1914 1.46536 2.06479 4.81022 1.53575 140749 0 1.61307 0.258039 0
-67.3791 11.6244 -0.658996 1.93447 4.34451 1.52093 126383 0 -1.11601 0.257993 0
-46.5487 52.6844 0.822936 2.01015 4.55204 1.57012 186352 0 -0.840393 0.256298 0
-46.0029 14.8125 -0.261011 2.00232 4.42625 1.63657 131130 0 -1.24435 0.25479 0
51.9569 46.5192 1.85965 2.15558 4.91661 1.65872 177768 0 -1.68569 0.253502 0
33.1197 -7.76886 0.809094 0.759083 1.20435 1.63603 98149 0 -1.40537 0.25348 1
-46.9359 12.5467 -0.373095 1.94147 4.22144 1.58088 127851 0 -1.26609 0.253281 0
-53.9045 47.2717 0.490321 1.85665 4.14218 1.48175 178373 0 -1.40487 0.253201 0
-36.9581 21.9888 0.324097 2.02828 4.52533 1.69875 141454 0 1.80575 0.252259 0
-35.0289 30.2675 0.440648 1.92504 4.41282 1.51062 153628 0 1.48145 0.251969 0
54.9071 15.2411 1.05817 1.91974 4.44406 1.51634 131913 0 1.56973 0.251943 0
30.3142 21.8206 1.22337 2.06707 4.76798 1.45023 141664 0 -1.52619 0.250319 0
-62 11.9013 -0.468692 1.92107 4.061 1.56835 126868 0 1.9411 0.24986 0
14.0596 -4.83965 0.799754 0.745008 0.807037 1.64964 102301 0 -1.41736 0.249627 1
-53.6734 48.0876 0.53812 2.07212 4.4391 1.5908 179778 0 -0.874267 0.2496 0
-39.2832 29.178 0.603131 0.818102 0.886544 1.82816 152211 0 -2.26279 0.248746 1
33.8714 -6.37808 0.780388 0.874619 0.916418 1.68591 100491 0 -1.31853 0.247964 1
-46.2473 52.6738 0.825631 1.86925 4.13877 1.50606 186353 0 -1.11103 0.2464 0
33.2682 -6.99163 0.648227 0.604471 0.716079 1.10727 99553 0 -1.35342 0.246391 1
-41.6563 11.7172 -0.201286 2.08396 4.88023 1.62802 126463 0 1.85659 0.245954 0
54.8994 14.2542 1.12386 1.94836 4.48608 1.5339 130509 0 1.58573 0.245827 0
-33.3782 39.2652 0.724892 2.07924 4.64204 1.59063 166737 0 1.93226 0.244621 0
46.2822 -27.9585 0.00826459 1.83536 4.09879 1.59783 68706 0 -1.42604 0.243517 0
-15.8537 71.2143 2.16124 2.05267 4.69622 1.83787 213592 0 1.58881 0.243346 0
-39.1128 19.4665 -0.0925898 1.78061 4.20715 1.53294 137703 0 1.83051 0.241588 0
-46.616 12.0218 -0.36577 1.76298 3.82368 1.53313 126916 0 -1.28382 0.241099 0
45.9111 -30.5905 -0.256751 1.92407 4.29134 1.60104 64961 0 -1.40847 0.239577 0
-5.55093 40.5867 1.71783 1.98288 4.52039 1.49267 168696 0 -1.49548 0.23885 0
33.7579 -6.83566 0.75754 0.670589 0.759741 1.31319 99555 0 -1.31354 0.238602 1
42.7388 51.992 2.10294 0.78748 0.79078 1.6833 185695 0 -2.22203 0.238337 1
8.93533 0.0751953 0.914698 0.930843 1.28771 1.78794 109773 0 -3.13097 0.238162 1
15.1293 -12.0688 0.740091 0.894286 0.95588 1.74769 92009 0 -3.08368 0.237351 1
-34.7414 30.2382 0.466897 1.9284 4.34952 1.48639 153629 0 -1.36584 0.235722 0
0.425842 28.7799 1.40657 1.71395 3.88303 1.41331 151399 0 1.56026 0.235547 0
15.3989 -4.3898 0.690223 0.658033 0.721279 0.9141 103242 0 -1.40443 0.234403 1
13.3174 47.4155 1.78451 1.95155 4.42488 1.49434 179051 0 -1.62066 0.233988 0
-35.3307 34.0661 0.739946 1.98164 4.42896 1.56533 159243 0 2.13291 0.233077 0
-34.0704 33.1595 0.792665 2.03635 4.56025 1.55547 157843 0 2.12135 0.231533 0
11.5957 19.1365 1.16037 2.10741 5.051 1.57886 137394 0 -1.56768 0.231227 0
-18.9274 17.0411 0.731163 2.04913 4.93542 1.55112 134490 0 1.74311 0.231009 0
19.6391 46.7921 2.15305 2.17396 4.90329 1.71501 178135 0 1.56111 0.231006 0
49.1312 20.6075 1.52105 1.98239 4.39966 1.55493 139851 0 -1.62445 0.230388 0
33.2454 -7.11841 0.702444 0.692178 0.814407 1.30518 99085 0 -1.38006 0.229545 1
48.8056 23.5233 1.04336 1.96805 4.51683 1.53318 144062 0 -1.53357 0.228591 0
69.1837 2.63647 0.944357 0.805778 0.87161 1.65908 113706 0 -1.33701 0.228564 1
38.2472 44.8643 2.16373 2.06078 4.62017 1.56583 175385 0 1.58384 0.228204 0
30.6275 38.9472 1.73266 1.88771 4.33522 1.56169 166469 0 1.60407 0.227969 0
19.6622 40.5849 1.94165 1.94674 4.3512 1.47999 168775 0 1.61964 0.22699 0
49.4338 19.7422 1.5261 2.05923 4.63343 1.60194 138448 0 -1.48676 0.226334 0
14.5303 74.3256 2.65136 2.1506 5.22191 1.77044 218367 0 -1.73097 0.225678 0
20.9703 52.6398 2.6319 2.26316 5.19671 1.98792 186563 0 1.55114 0.225333 0
-14.5546 71.1579 2.10828 2.16612 4.96926 1.89204 213596 0 -1.5419 0.225064 0
33.6611 -7.17581 0.612724 0.610785 0.682055 1.05986 99087 0 -1.3113 0.224983 1
-19.3304 38.531 0.964716 2.13709 4.84503 1.59294 165845 0 -1.11879 0.224485 0
-42.7355 52.0087 0.698037 2.09277 4.80907 1.65668 185428 0 -1.32733 0.22393 0
21.595 66.7758 2.2525 1.99914 4.55859 1.62134 207157 0 1.53346 0.223044 0
4.4521 40.0598 1.80798 0.898802 0.822923 1.7646 168259 0 -0.147171 0.223005 1
49.7797 37.9653 1.77132 1.87104 4.26056 1.47029 165125 0 -1.57545 0.222425 0
37.6368 35.7 1.33592 2.00031 4.68653 1.48007 161811 0 1.62172 0.222145 0
-5.98553 22.938 1.24153 1.84309 4.26396 1.43434 142955 0 -1.58526 0.221908 0
-26.7654 17.462 0.542756 2.10171 4.78259 1.81325 134934 0 1.72948 0.220965 0
1.51024 55.5147 2.3726 2.48504 6.14545 2.09654 190714 0 1.48332 0.220848 0
-46.2726 53.2114 0.828928 2.08871 4.73441 1.57722 187289 0 2.03055 0.219323 0
37.6676 39.1399 1.85621 2.04744 4.6285 1.56789 166959 0 1.66661 0.218662 0
51.0243 47.4963 1.92981 2.0739 4.54964 1.64434 179169 0 0.288905 0.218649 0
31.2155 45.0199 1.94695 1.93832 4.41512 1.48295 175363 0 -1.57255 0.218346 0
51.9446 45.9508 1.81623 2.0968 4.7688 1.62205 176832 0 -1.5284 0.217911 0
37.9161 36.2397 1.478 1.97802 4.47172 1.48392 162748 0 1.66803 0.217574 0
32.8389 -7.73762 0.820798 0.824391 1.04251 1.63229 98148 0 -1.41839 0.21724 1
33.6959 -7.85097 0.593116 0.613152 0.64398 1.05719 98151 0 -1.51317 0.216635 1
-27.6625 17.5221 0.522845 2.11162 4.63754 1.85429 134931 0 1.76671 0.216332 0
36.8843 12.2026 1.217 2.13453 5.09005 1.66128 127645 0 1.64243 0.21627 0
54.2961 11.5861 1.2852 1.97341 4.44834 1.5297 126763 0 1.50817 0.215792 0
1.73473 52.0718 1.84363 1.93455 4.35922 1.59476 185567 0 1.52761 0.21535 0
-43.443 23.0897 0.13763 2.03984 4.5165 1.67797 143306 0 -1.26684 0.215197 0
-45.3551 17.9804 -0.0968255 2.07706 4.6255 1.6677 135812 0 -1.26013 0.215178 0
69.0624 2.63494 0.93306 0.803477 0.867819 1.64498 113705 0 2.66709 0.21506 1
36.4036 30.2383 1.70863 2.21535 5.02332 1.81416 153851 0 -1.47571 0.214948 0
-48.544 4.38133 -0.38832 1.73965 3.54817 1.5184 115678 0 -1.35136 0.214649 0
38.8267 44.6448 2.17754 2.07519 4.67273 1.59408 174919 0 1.60977 0.214332 0
59.4508 8.82589 1.29306 2.10768 4.76191 1.85824 122567 0 -0.0330544 0.21431 0
51.6742 37.9168 1.83292 1.94315 4.31932 1.54731 165131 0 -1.54437 0.214048 0
0.846649 70.5649 3.33212 2.51892 5.97998 2.19743 212708 0 2.85884 0.213604 0
-67.9238 11.0682 -0.596668 2.19335 4.98569 1.64612 125445 0 -1.15304 0.213568 0
1.34798 43.4428 1.64649 1.81831 4.08624 1.47027 172930 0 1.54599 0.213558 0
51.3847 46.5582 1.84812 1.89452 4.17248 1.48141 177766 0 -0.716543 0.213507 0
-27.3989 18.3288 0.622579 2.04077 4.48122 1.81546 136336 0 1.77097 0.21294 0
14.2001 -4.31293 0.886029 0.746896 0.83335 1.78659 103238 0 -1.50355 0.212893 1
14.0107 73.9953 2.24155 1.90358 4.1352 1.45178 217897 0 -1.66146 0.212722 0
60.0558 15.5257 1.38071 2.15348 4.7495 1.74313 132397 0 -3.09245 0.212668 0
33.453 -7.53611 0.710689 0.70172 0.829995 1.29228 98618 0 -1.38214 0.212516 1
-5.30247 29.2106 1.33526 1.9719 4.75595 1.50005 152317 0 -1.50502 0.212386 0
-4.95609 49.4608 1.91247 2.12361 4.82087 1.80568 181802 0 -1.54349 0.21086 0
-35.0532 30.5033 0.417543 1.94003 4.45895 1.52822 154096 0 2.18129 0.210258 0
-3.99551 65.0548 2.37446 2.1823 4.8044 1.74829 204737 0 -1.49841 0.210163 0
-6.56045 22.6343 1.22434 1.77489 4.01588 1.35779 142485 0 -1.58792 0.210012 0
-25.3886 22.3176 0.621221 2.01898 4.50658 1.51287 141958 0 1.49547 0.209955 0
44.9548 -28.9712 -0.00278404 1.93607 4.22585 1.59233 67298 0 0.130789 0.209337 0
48.8141 23.2114 1.0573 1.90101 4.21845 1.49829 143594 0 -1.565 0.20897 0
17.8428 -11.3563 0.81287 2.08483 4.49865 1.77146 92953 0 0.164062 0.208921 0
33.7514 53.9778 2.00047 1.99218 4.45669 1.58983 188475 0 -1.52836 0.207579 0
13.036 43.7582 1.74889 1.89373 4.10005 1.63691 173434 0 -1.54319 0.206362 0
-45.2933 17.5309 -0.0945642 2.09768 4.70403 1.6984 134876 0 -1.23609 0.205683 0
53.6674 8.16875 1.01008 1.64353 3.72678 1.42705 121613 0 1.68864 0.205601 0
-5.89447 28.7236 1.51551 1.96965 4.42775 1.52005 151379 0 -1.48361 0.205016 0
-64.7392 7.16709 -0.474633 2.24259 5.06123 1.82044 119839 0 -1.28538 0.20496 0
54.8925 28.947 1.73911 2.09117 4.68342 1.67564 152037 0 -1.61179 0.204707 0
-6.85287 26.1575 1.56728 2.10885 4.8406 1.75437 147632 0 -0.790994 0.204392 0
38.5353 44.4064 2.08732 1.94271 4.34347 1.51888 174450 0 1.6322 0.203487 0
-61.6753 11.3875 -0.488846 1.59908 3.42163 1.48666 125933 0 -1.40415 0.203483 0
51.6638 46.8434 1.87995 2.11934 4.74733 1.63118 178235 0 -0.58654 0.203454 0
18.4449 41.0251 1.79435 1.98724 4.62623 1.47611 169707 0 1.62807 0.203128 0
-57.4394 22.2271 0.166243 1.99817 4.4518 1.66644 141858 0 -1.23355 0.203116 0
51.3503 46.8807 1.87823 2.00576 4.4422 1.55982 178234 0 0.677892 0.20285 0
-67.6456 2.48544 -0.471514 0.823341 0.884712 1.74303 112810 0 -1.1972 0.202784 1
37.3103 44.3971 1.84873 1.89204 4.44581 1.52808 174446 0 1.61375 0.202529 0
54.0143 11.3382 1.21674 1.68163 3.71055 1.41369 126294 0 1.57492 0.202478 0
12.7545 41.0876 1.90955 1.85503 3.93654 1.80582 169689 0 -1.54389 0.20243 0
16.7323 -3.24281 0.773503 0.759157 0.826674 1.48057 104650 0 -0.868282 0.201716 1
48.5121 20.3463 1.364 1.97977 4.42848 1.54246 139381 0 -1.56795 0.201682 0
31.573 38.6737 1.8027 1.75151 3.90175 1.54976 166004 0 -1.47443 0.201584 0
13.3834 38.0412 1.73769 1.77548 3.89787 1.5644 165011 0 -1.54067 0.200681 0
54.4818 7.89481 0.985152 1.95264 4.71943 1.53618 121148 0 1.6417 0.200539 0
-4.00351 49.4659 1.87309 2.08309 4.74787 1.79875 181805 0 -1.52141 0.199579 0
-68.727 5.50795 -0.598227 1.86851 3.9444 1.61608 117487 0 2.16504 0.199578 0
-44.6257 23.4249 0.246942 2.04521 4.50616 1.60352 143770 0 -1.24121 0.199308 0
-0.687935 19.1013 1.41285 0.855639 0.952762 1.72452 137355 0 1.7153 0.198986 1
-4.30573 64.8063 2.39221 2.11047 4.75213 1.75 204268 0 -1.41148 0.198915 0
18.1561 31.624 1.40568 2.0103 4.60719 1.5177 155666 0 1.5859 0.197781 0
3.06772 43.3097 1.56376 0.817612 1.69997 1.41904 172935 0 -3.02352 0.197644 2
51.0347 37.6439 1.80331 1.84628 4.1786 1.46083 164661 0 -1.53253 0.197401 0
-61.6945 11.6186 -0.479027 1.65298 3.45136 1.47052 126401 0 2.1806 0.195782 0
-4.89658 58.7825 2.09811 1.99012 4.48882 1.81655 195374 0 -1.51516 0.195755 0
59.9619 14.5485 1.36472 2.03588 4.4089 1.65512 130993 0 0.0973578 0.195734 0
-69.5197 5.03194 -0.505218 2.19596 4.90405 1.7364 116548 0 -1.62587 0.195714 0
54.4897 8.40669 0.989979 2.07325 5.00311 1.55656 122084 0 1.62318 0.195085 0
33.1119 56.5803 1.90525 1.8345 4.11734 1.49404 192217 0 -1.51279 0.194475 0
-4.64609 49.7309 1.88712 2.08177 4.72688 1.79074 182271 0 -1.59115 0.193963 0
-49.3924 4.1245 -0.32117 2.31805 5.21577 1.77396 115207 0 -1.42197 0.193856 0
-41.4326 34.0896 0.933679 2.03778 4.49017 1.61068 159224 0 -1.71599 0.193424 0
69.1825 2.51604 0.9303 0.805064 0.875465 1.66631 113238 0 -1.18281 0.193225 1
-6.52025 31.638 1.6659 2.11215 4.80509 1.6214 155589 0 1.39932 0.193167 0
59.8774 9.41968 1.2378 2.36937 5.25848 1.93989 123505 0 -2.89028 0.193086 0
2.3861 52.9149 1.88813 1.87074 4.16139 1.51026 186973 0 1.56565 0.192746 0
37.6179 34.7666 1.44309 2.01042 4.50767 1.49598 160407 0 1.63605 0.192517 0
-46.8326 52.6661 0.825149 2.14812 4.9134 1.67915 186351 0 1.54331 0.192286 0
55.1963 14.9168 1.06158 1.96946 4.58012 1.52358 131446 0 1.55739 0.192136 0
-28.646 11.9568 0.0566563 2.08225 4.57935 1.60535 126972 0 -1.36397 0.192097 0
49.4472 20.9001 1.53074 2.0396 4.49354 1.59291 140320 0 -1.64192 0.191933 0
-22.639 -9.21814 1.28088 0.783242 0.875059 1.76587 96103 0 1.6189 0.191418 1
-39.4165 29.1722 0.603792 0.838255 1.01516 1.82555 152210 0 -1.98383 0.191232 1
14.1456 -3.29065 0.86559 0.778264 0.850699 1.69651 104642 0 -1.2654 0.191201 1
0.855408 69.9348 3.25868 2.32031 5.0608 1.99733 211772 0 3.06972 0.19042 0
51.3424 38.2041 1.83323 1.94766 4.34009 1.52769 165598 0 -1.59476 0.190086 0
-57.7331 21.9444 0.111468 1.98526 4.45763 1.67748 141389 0 -1.29401 0.189839 0
-57.4396 21.2782 0.0803313 2.00774 4.60473 1.67341 140454 0 -1.27192 0.189831 0
-1.41567 19.7661 1.38668 2.07395 4.80379 1.679 138289 0 1.70366 0.189518 0
-36.3706 21.9234 0.348287 2.03736 4.55803 1.72829 141456 0 1.91024 0.189486 0
15.4171 -4.53947 0.650589 0.613496 0.698485 0.907587 102774 0 -1.429 0.189407 1
14.987 -12.0544 0.734161 0.79272 0.917355 1.65355 92008 0 -3.04008 0.188542 1
-47.1538 15.1193 -0.175192 2.22382 4.95626 1.6964 131594 0 -1.25067 0.188287 0
-67.358 11.9679 -0.685788 2.00629 4.52279 1.56275 126851 0 -1.11195 0.187063 0
55.2089 28.7088 1.74544 2.06086 4.6597 1.71435 151570 0 -1.594 0.187041 0
52.9486 49.1278 2.04929 2.08169 4.67775 1.70196 181515 0 -1.5553 0.186588 0
14.5094 -4.00514 0.921738 0.744822 0.815225 1.68038 103707 0 -1.30589 0.186555 1
-34.4525 30.2309 0.468474 1.93485 4.36933 1.47997 153630 0 -1.79549 0.186489 0
55.1815 14.5449 1.08105 1.94579 4.51781 1.52781 130978 0 1.54517 0.186241 0
-6.87885 23.4012 1.31297 2.06986 4.69294 1.48289 143888 0 -1.54985 0.185951 0
-34.7415 30.4993 0.443822 1.94149 4.44699 1.50349 154097 0 -2.09068 0.18526 0
-32.7197 42.3453 1.11667 2.30118 5.56587 1.85764 171419 0 1.88882 0.185138 0
-62.7854 11.6711 -0.392614 2.18085 5.03142 1.70911 126397 0 -1.54089 0.185017 0
-5.29083 44.5287 1.95972 2.28437 5.01019 1.84043 174781 0 -1.50476 0.184989 0
32.8004 53.9994 1.89653 1.85362 4.25067 1.48943 188472 0 -1.53418 0.184827 0
1.2056 52.3715 1.96176 2.14714 5.07541 1.76302 186033 0 1.55409 0.184199 0
13.9669 70.5791 2.34746 1.89963 4.30454 1.56169 212749 0 -1.56149 0.183162 0
49.4328 23.2288 1.1139 1.89128 4.47229 1.52439 143596 0 -1.43754 0.182975 0
13.8138 44.2266 1.78397 2.24882 5.24458 1.84841 174373 0 -1.5707 0.182931 0
-48.384 9.82575 0.0055051 2.62625 6.38163 2.13555 123634 0 -1.35464 0.182875 0
55.5523 34.0771 1.6085 1.98683 4.54176 1.58065 159527 0 1.58512 0.182759 0
33.6921 -7.52202 0.557531 0.552062 0.587895 0.902719 98619 0 -1.33571 0.182495 1
54.5835 10.832 1.27541 2.0263 4.61186 1.55387 125360 0 1.62722 0.182366 0
51.9829 37.6265 1.7945 2.00668 4.52436 1.60631 164664 0 -1.54831 0.182343 0
39.1655 35.9573 1.68873 2.01658 4.5083 1.58176 162284 0 1.64271 0.182313 0
12.4247 32.2445 1.48142 1.69377 3.63092 1.40322 156584 0 -1.52018 0.182054 0
-40.1268 17.6635 0.0537244 2.11532 4.57099 1.79461 135360 0 1.92679 0.181644 0
19.6304 46.3448 2.10388 2.08488 4.65822 1.67776 177199 0 1.60014 0.181592 0
-5.26379 59.0393 2.0984 2.08629 4.77358 1.84716 195841 0 1.61401 0.181527 0
-71.8388 -3.62433 -0.6909 0.918504 0.946154 1.76161 103905 0 -1.9298 0.181491 1
-57.7412 21.6033 0.0842143 2.00034 4.47472 1.67151 140921 0 -1.26494 0.181205 0
-6.22963 68.5732 2.52588 2.17116 4.86493 1.8907 209878 0 -1.43639 0.18079 0
48.5715 11.4526 1.14315 1.90232 4.32212 1.68498 126277 0 -1.54206 0.180685 0
-20.6703 29.6559 0.724531 2.03185 4.47775 1.4658 152737 0 -1.2709 0.180521 0
0.823532 70.8517 3.40364 2.40522 5.69864 2.15525 213176 0 2.33818 0.180353 0
19.025 28.6953 1.45348 1.95784 4.34593 1.49907 151457 0 -1.56238 0.180135 0
49.4666 38.1981 1.80215 1.96911 4.52071 1.53154 165592 0 -1.54399 0.180029 0
-33.8214 33.3894 0.852883 2.13082 4.75085 1.63457 158312 0 1.95108 0.178732 0
32.5286 56.5798 1.83833 1.90592 4.36511 1.50509 192215 0 1.74775 0.178431 0
-58.0767 21.2654 0.127695 2.00408 4.50382 1.65691 140452 0 -1.22777 0.178325 0
20.6781 52.6453 2.64037 2.08296 4.6891 1.8381 186562 0 -1.21506 0.178205 0
-6.52773 26.2908 1.57032 2.21776 4.86596 1.71595 148101 0 -1.52987 0.177778 0
52.6564 49.424 2.00098 1.97477 4.37595 1.60352 181982 0 -1.59618 0.17766 0
56.4516 15.4685 1.19315 1.96837 4.32229 1.48609 132386 0 -1.53229 0.177074 0
30.61 21.3795 1.24216 1.60878 3.72129 1.34902 140729 0 -1.47706 0.175898 0
15.4535 70.3072 2.39949 2.17771 4.9756 1.79387 212286 0 -1.56082 0.175811 0
-26.77 18.0379 0.58134 2.0807 4.77067 1.80499 135870 0 1.74356 0.175695 0
12.3552 28.74 1.38189 1.80994 4.17077 1.47509 151436 0 -1.44068 0.175579 0
54.8674 22.8801 1.38525 2.01126 4.54053 1.5745 143145 0 1.52077 0.175496 0
-58.0479 22.2592 0.161881 2.03913 4.54742 1.67106 141856 0 -1.2574 0.175181 0
18.4543 40.5813 1.76479 1.99292 4.67064 1.50296 168771 0 1.60136 0.174993 0
48.8295 19.7151 1.41431 1.93659 4.30155 1.51401 138446 0 -1.57379 0.174842 0
-15.2038 71.1719 2.20587 2.06075 4.76666 1.84115 213594 0 1.44723 0.174368 0
-42.6605 9.22863 -0.260296 2.10867 4.61604 1.63216 122716 0 1.78406 0.174146 0
55.516 19.6898 1.30334 2.00902 4.57392 1.518 138467 0 1.54781 0.173552 0
15.4445 67.4432 2.185 2.13358 4.97483 1.80126 208074 0 -1.50244 0.173059 0
45.9198 -33.454 -0.501953 1.95373 4.43207 1.55228 60749 0 -1.49375 0.172777 0
14.1416 -3.09141 0.800841 0.762238 0.819924 1.64524 105110 0 -1.18879 0.172237 1
15.4247 67.908 2.28938 2.30788 5.31626 1.90089 209010 0 -1.60132 0.171576 0
-21.8491 29.7067 0.852091 2.19569 5.03095 1.57707 152733 0 -1.28339 0.1712 0
-16.2387 -14.7685 0.317558 0.859949 0.925757 1.65445 87699 0 1.33 0.171063 1
22.5417 66.7391 2.25274 2.07645 4.65905 1.60925 207160 0 1.42334 0.170256 0
20.5707 41.0356 1.97719 2.11527 4.80723 1.60552 169714 0 1.55718 0.170013 0
-35.9778 30.2432 0.420138 1.9217 4.21921 1.48514 153625 0 1.46258 0.16976 0
51.7118 45.641 1.82022 1.94301 4.37539 1.52867 176363 0 -1.40853 0.169744 0
14.4397 -4.85826 0.806873 0.697718 0.748866 1.51252 102303 0 -1.50773 0.16971 1
16.7364 -3.15445 0.788563 0.768661 0.854046 1.54694 105118 0 -2.99771 0.169299 1
-4.64204 64.8204 2.4225 2.18828 4.99189 1.82322 204267 0 1.19463 0.169132 0
-34.9894 33.5068 0.709165 1.9512 4.37231 1.5641 158308 0 1.75633 0.169115 0
49.7364 23.4993 1.20304 1.94648 4.41842 1.53089 144065 0 -1.50446 0.169109 0
14.8745 70.0113 2.37099 1.89881 4.17208 1.56859 211816 0 -1.53015 0.168971 0
22.2196 67.0121 2.25546 2.04764 4.63227 1.62728 207627 0 1.55469 0.168492 0
54.8912 15.7514 1.1544 1.95794 4.37923 1.53435 132849 0 1.62596 0.16774 0
-4.64927 65.0909 2.41996 2.29258 5.27295 1.88227 204735 0 -0.187329 0.167319 0
2.12269 54.9823 2.21651 2.29632 5.55385 1.98216 189780 0 1.47531 0.167154 0
-71.8881 -2.81468 -0.748896 0.818649 0.868201 1.69052 105309 0 -2.30501 0.166932 1
37.3256 35.0295 1.41874 2.01325 4.59446 1.5049 160874 0 1.59641 0.166624 0
32.1487 44.7075 1.87532 1.89849 4.21843 1.48307 174898 0 -1.52609 0.166543 0
-67.6486 2.61854 -0.449808 0.825342 0.871172 1.72703 113278 0 -1.19454 0.166374 1
-26.0626 22.5955 0.65054 2.02697 4.48436 1.49779 142424 0 1.77352 0.165744 0
0.699471 31.6056 1.73042 1.88005 3.9661 1.81713 155612 0 1.6467 0.165244 0
-57.1312 21.617 0.107863 2.00524 4.5176 1.68276 140923 0 -1.26247 0.164835 0
-29.6012 63.1831 1.15769 2.08933 4.76377 1.6945 201849 0 -1.25513 0.164526 0
11.1414 19.1589 1.11633 1.80545 4.06992 1.43259 137392 0 -1.5575 0.164093 0
-4.63602 68.0754 2.47334 1.88829 4.40413 1.66614 208947 0 -1.45866 0.163898 0
-28.8453 4.90842 -0.0164131 0.718251 0.770378 1.32219 116675 0 3.07825 0.163741 1
-41.1595 34.0904 0.871589 1.99684 4.32752 1.58234 159225 0 2.67972 0.163723 0
-64.1157 6.68065 -0.456415 2.33707 5.18963 1.88695 118905 0 -1.27755 0.163179 0
15.4676 70.8302 2.39377 2.25568 5.19227 1.84291 213222 0 -1.61081 0.163108 0
13.2603 -9.52815 0.483308 0.755226 0.788395 1.39256 95747 0 0.266603 0.163031 1
54.7999 5.48717 1.07193 2.10918 5.20777 1.90684 117873 0 1.61345 0.163014 0
51.4141 45.9475 1.83214 1.77279 3.88974 1.43499 176830 0 -1.55853 0.162879 0
-6.84883 29.0333 1.49944 2.11819 4.80846 1.65318 151844 0 -1.51823 0.162645 0
55.2004 19.3968 1.25024 2.03156 4.56021 1.52273 137998 0 1.55744 0.162622 0
32.2135 57.0116 1.93164 2.03157 4.61238 1.55824 193150 0 1.5656 0.16229 0
49.1095 23.7694 1.11639 1.99552 4.51857 1.53297 144531 0 -1.48162 0.162051 0
0.369865 26.3296 1.27207 1.67089 3.71537 1.36719 148123 0 1.56056 0.16166 0
-33.4297 39.7535 0.765871 2.16222 4.83227 1.68252 167673 0 1.96024 0.161021 0
31.2278 54.0069 1.82884 1.88953 4.29435 1.47365 188467 0 -1.63928 0.160932 0
59.4631 10.0278 1.28475 1.95952 4.42559 1.77775 124439 0 -3.13827 0.160616 0
-3.69693 49.7234 1.87867 2.11084 4.76696 1.8269 182274 0 -1.5587 0.160453 0
