44.2849 -6.90365 1.45499 2.93383 7.84413 3.21791 99588 0 1.617 0.970154 0
18.4032 11.729 1.05881 2.11702 4.82067 1.51254 126651 0 1.6251 0.945639 0
-6.83082 11.3333 1.00698 1.98495 4.54723 1.45488 126104 0 -1.47955 0.938588 0
10.6865 12.7547 1.20314 2.25005 5.24482 1.91506 128031 0 -1.5687 0.932205 0
22.8523 8.0423 0.967914 2.09004 4.90845 1.52155 121517 0 0.154353 0.931371 0
36.0495 9.08723 1.02803 2.01278 4.63368 1.48706 122962 0 1.67096 0.917989 0
-1.97939 11.0547 1.17738 2.05076 4.65311 1.80564 125651 0 1.62432 0.915047 0
5.83979 21.9335 1.22043 2.11015 4.80426 1.50596 141588 0 0.12202 0.911903 0
-12.4112 11.2854 0.777508 2.06146 4.85363 1.49048 126087 0 -3.01882 0.908281 0
-0.883987 17.0967 1.37067 2.10409 4.80151 1.8243 134547 0 1.63125 0.907327 0
30.8812 9.35999 1.1581 2.02729 4.52511 1.60644 123414 0 -1.46956 0.891262 0
10.6925 15.8459 1.25257 2.21382 5.10003 1.84385 132711 0 -1.53899 0.887609 0
-18.7606 19.7207 0.993664 2.14015 4.72587 1.87618 138235 0 1.70467 0.884709 0
-20.6604 32.7347 1.17117 2.4161 5.59906 1.87869 157417 0 -1.17976 0.879351 0
-6.5444 17.4642 1.09662 2.08365 4.79014 1.52338 134997 0 -1.52269 0.87199 0
-34.4755 -5.04305 -0.555678 2.03184 4.35842 1.52993 102150 0 -1.5782 0.869029 0
-44.6487 -11.0971 -0.833227 2.01864 4.42254 1.70461 93226 0 0.0290645 0.868165 0
-19.0434 11.4704 0.830017 2.01333 4.60847 1.77678 126066 0 1.66933 0.866682 0
-6.55962 20.2966 1.18706 2.13516 5.06817 1.44443 139209 0 -1.52945 0.865997 0
13.2826 41.1295 1.85432 2.1556 5.03385 1.90959 169691 0 -1.503 0.865531 0
30.6086 15.9206 1.23726 1.98387 4.44369 1.70578 132773 0 -1.49057 0.858868 0
-0.416725 22.9046 1.43482 2.17697 5.12274 1.84943 142972 0 -1.47319 0.852084 0
31.178 12.2705 1.08336 1.96179 4.71535 1.47945 127627 0 1.60799 0.845553 0
-42.8024 5.87919 -0.302143 1.7709 3.89474 1.44691 118036 0 1.86234 0.845118 0
17.355 22.8221 1.46426 2.12452 4.97748 1.73241 143028 0 1.62524 0.841937 0
48.3938 8.49354 0.983474 2.0019 4.60719 1.59561 122065 0 -1.49065 0.841838 0
11.7252 22.3108 1.39036 1.948 4.36216 1.75511 142074 0 -1.52059 0.836299 0
18.5182 15.4104 1.22011 2.2205 4.7525 1.69303 132267 0 1.62144 0.835177 0
31.2024 30.9494 1.38625 2.10859 4.87014 1.51318 154771 0 1.57713 0.829715 0
11.3754 19.4163 1.14589 1.98065 4.56341 1.53032 137861 0 -1.62401 0.828809 0
-36.4288 -11.424 -0.656361 2.17364 4.8707 1.96729 92784 0 0.0419095 0.827515 0
0.183075 31.7604 1.76218 2.21946 5.08238 1.89386 156078 0 1.63893 0.820109 0
48.5279 5.71793 1.10228 2.073 4.63702 1.8308 117853 0 -1.46981 0.819195 0
33.9945 -6.54967 0.795735 0.823519 0.87727 1.64912 100024 0 -0.934977 0.818844 1
17.4452 25.7562 1.56921 2.25829 5.37042 1.72782 147240 0 1.629 0.814787 0
-42.1588 -11.647 -0.812579 1.99084 4.40001 1.62726 92298 0 0.0472249 0.814035 0
0.164841 29.0085 1.37417 1.94654 4.48207 1.44669 151866 0 1.599 0.811677 0
30.9528 27.5885 1.36622 2.05732 4.74407 1.45599 150090 0 1.61031 0.810955 0
17.4861 20.0118 1.17902 2.07492 4.88145 1.52003 138816 0 1.62058 0.807048 0
-19.6695 8.03152 0.694636 2.00796 4.50594 1.53997 121384 0 1.61345 0.80693 0
12.9661 32.3839 1.42744 2.09982 4.91215 1.53103 157054 0 -1.51418 0.806184 0
-6.25073 14.4975 1.03576 2.05843 4.70625 1.48171 130786 0 -1.47718 0.804666 0
-18.6687 16.8941 0.73377 1.91746 4.45936 1.46502 134023 0 1.68741 0.801352 0
-49.1189 4.60562 -0.372572 2.21851 4.91122 1.76349 116144 0 -1.24736 0.80026 0
11.6262 26.1363 1.29035 2.03423 4.83879 1.50754 147690 0 -1.51532 0.792472 0
-29.8741 6.65887 -0.076159 2.09282 4.75855 1.5171 119012 0 -1.3325 0.789167 0
13.6677 38.1522 1.76643 2.01125 4.45652 1.63018 165480 0 -1.52714 0.78578 0
-18.1099 22.8634 0.840537 1.97294 4.45448 1.53612 142917 0 1.61295 0.783943 0
30.8729 21.6462 1.18742 1.87636 4.27423 1.38453 141198 0 -1.50104 0.771242 0
26.0916 2.60246 1.01352 0.824642 0.914045 1.71492 113571 0 0.0903256 0.770631 1
-0.127892 26.1354 1.27155 1.99504 4.62185 1.44757 147653 0 1.55906 0.767372 0
-27.7365 14.7858 0.331124 2.15243 4.90262 1.89443 131187 0 1.8123 0.761242 0
15.245 55.2486 2.18473 1.96094 4.36592 1.61886 190289 0 -1.49723 0.753155 0
-18.6536 14.0188 0.864 2.09131 4.94258 1.86328 129811 0 1.73602 0.749804 0
36.3292 12.0911 1.22624 2.06417 4.79193 1.62442 127175 0 1.61123 0.747871 0
-1.19897 14.137 1.11415 1.91316 4.29904 1.58111 130334 0 1.70324 0.746565 0
13.3041 47.1406 1.76494 1.93553 4.42566 1.48981 178583 0 -1.58219 0.735096 0
12.6473 29.2481 1.41999 1.98738 4.64744 1.46752 152373 0 -1.51665 0.73344 0
14.8947 58.3898 2.05366 2.00241 4.55059 1.51921 194968 0 -1.40809 0.733333 0
-53.9203 47.7971 0.625555 2.04327 4.53094 1.53572 179309 0 -1.17097 0.733099 0
50.4286 34.9677 1.56833 2.1242 4.87569 1.61593 160915 0 -1.54306 0.72534 0
14.2172 -4.72556 0.860897 0.768283 0.852512 1.70804 102770 0 -1.44237 0.721838 1
-56.2165 27.3078 0.185468 2.00504 4.43116 1.57441 149350 0 -1.14492 0.718858 0
13.344 44.0013 1.71065 1.97619 4.44657 1.62864 173903 0 -1.54812 0.717677 0
-21.3311 29.914 0.839459 2.11383 4.67865 1.50637 153203 0 -1.27028 0.713586 0
31.5327 35.7646 1.65007 2.06763 4.82882 1.60296 161792 0 1.61408 0.713249 0
-44.3762 20.4102 -0.0364429 1.95182 4.28915 1.57653 139091 0 -1.27171 0.709345 0
-46.2264 56.1558 0.729388 2.07057 4.5938 1.55468 191501 0 -1.3264 0.706301 0
19.01 37.9016 1.8129 2.08631 4.68672 1.63062 165029 0 1.60127 0.703737 0
48.8396 11.6159 1.15131 1.98986 4.40453 1.68957 126746 0 -1.52071 0.701507 0
1.08055 43.6882 1.67712 1.95096 4.42642 1.48471 173397 0 1.546 0.69914 0
-41.1683 11.684 -0.260191 1.74004 3.97242 1.44864 126465 0 1.84129 0.698466 0
-38.8986 19.7156 -0.0877048 2.03713 4.78546 1.57805 138172 0 1.80614 0.697158 0
10.7993 -5.70321 0.819333 0.865448 0.924451 1.74167 101355 0 1.84455 0.684097 1
-70.9693 -4.10115 -0.557333 0.878183 0.928541 1.76611 103440 0 -2.20749 0.681592 1
-47.5231 9.7713 -0.124996 2.26429 5.05449 1.87981 123637 0 -1.23646 0.678682 0
36.3287 15.4137 1.17389 1.98027 4.64235 1.49974 132323 0 1.65488 0.678468 0
54.5281 11.3288 1.30746 2.05847 4.77769 1.61766 126296 0 1.59208 0.678268 0
-5.27953 40.814 1.69028 2.00107 4.50237 1.48253 169165 0 -1.56331 0.674757 0
36.3134 21.0337 1.38862 1.94813 4.52815 1.54396 140279 0 1.6442 0.672804 0
15.1825 67.6555 2.26893 2.10376 4.71363 1.82895 208541 0 -1.53687 0.668523 0
-47.8825 7.12458 -0.423673 1.9273 4.33909 1.56151 119892 0 -1.2599 0.666091 0
-61.3305 14.6047 -0.343191 1.98972 4.28168 1.67769 130614 0 -1.16284 0.665011 0
-63.8579 7.09773 -0.471341 2.03513 4.37772 1.64701 119842 0 -1.23488 0.660233 0
-0.793495 20.061 1.26028 2.09451 4.94044 1.60306 138759 0 1.67821 0.65633 0
-71.7471 -3.13561 -0.696569 0.861398 0.893387 1.68176 104841 0 -2.00907 0.655664 1
18.7154 31.7992 1.41039 2.12117 4.8262 1.53269 156136 0 1.59957 0.655236 0
31.8085 38.8852 1.83049 1.99212 4.48448 1.5406 166473 0 -1.50657 0.651486 0
-40.4751 14.5522 -0.122562 1.99751 4.4492 1.59318 130679 0 1.84022 0.648011 0
-5.8755 26.1155 1.55743 2.0714 4.69629 1.65148 147635 0 -1.50453 0.647926 0
30.8557 18.7732 1.13416 1.87772 4.51485 1.42651 136986 0 -1.5033 0.640631 0
-19.6779 35.3702 1.1243 2.08812 4.6873 1.57951 161164 0 -1.12393 0.636235 0
14.5422 73.7947 2.22746 2.00196 4.57484 1.53089 217431 0 -1.54464 0.634965 0
54.2042 5.36024 1.16514 2.00981 4.89912 1.81926 117403 0 1.63677 0.628281 0
3.39459 -3.94408 0.855002 0.842488 0.936783 1.742 103672 0 1.7855 0.616964 1
-32.5116 39.1993 0.752856 1.97285 4.48655 1.45223 166740 0 1.90978 0.615246 0
14.9258 64.7111 2.08829 1.99314 4.52339 1.56104 204328 0 -1.48291 0.613245 0
-39.886 17.1133 0.124333 1.87093 4.05261 1.75858 134425 0 1.80396 0.610465 0
-42.1194 9.41003 -0.268536 2.09533 4.71715 1.58139 123186 0 1.86426 0.597734 0
-5.9202 31.8476 1.67344 2.15228 4.92059 1.58755 156059 0 -1.53747 0.587073 0
-5.29274 44.2617 2.04111 2.0405 4.50812 1.65513 174313 0 -1.50998 0.584515 0
17.7486 28.6778 1.3896 2.01469 4.66384 1.46353 151453 0 1.61405 0.582688 0
37.2553 30.2003 1.68905 2.55349 5.99233 1.95915 153854 0 -1.4675 0.582676 0
-69.2619 5.27311 -0.538924 2.08016 4.61591 1.70653 117017 0 -1.42851 0.582522 0
-28.6418 9.34686 -0.0421752 2.04407 4.57052 1.50112 123228 0 -1.42041 0.572513 0
19.0472 40.7941 1.87857 2.05664 4.82616 1.50341 169241 0 1.60921 0.563458 0
9.05997 0.216019 0.928326 0.825675 1.66798 1.78497 109774 0 -2.37759 0.561301 2
-19.0618 38.2378 0.810089 2.04656 4.65561 1.51073 165378 0 -1.14313 0.55701 0
-68.9947 5.25978 -0.557182 1.91871 4.12915 1.65042 117018 0 2.06908 0.556586 0
-46.2877 14.8577 -0.269148 1.99083 4.31692 1.57791 131129 0 -1.23811 0.55235 0
32.8486 -7.57755 0.804911 0.739915 0.879522 1.6018 98616 0 -1.25913 0.547546 1
-44.0236 23.1241 0.222463 2.03491 4.55674 1.6349 143304 0 -1.30206 0.542276 0
2.0938 55.5285 2.33966 2.41463 5.51779 2.00311 190716 0 1.5637 0.53765 0
59.6333 9.42226 1.28106 2.14709 4.73286 1.87865 123504 0 -3.08888 0.535524 0
15.1826 -4.41098 0.670085 0.592945 0.625334 0.808748 103241 0 -0.437626 0.529855 1
-45.6244 17.829 -0.084672 2.07383 4.62006 1.72227 135343 0 -1.24212 0.525784 0
-46.9014 12.3199 -0.398414 1.86763 4.07619 1.57089 127383 0 -1.23721 0.519946 0
32.1295 44.9783 1.90899 1.9636 4.45168 1.48122 175366 0 -1.55862 0.516911 0
-24.4822 22.5374 0.608024 2.05051 4.58282 1.55807 142429 0 -1.45867 0.515523 0
36.9544 26.9575 1.35961 2.13206 4.90017 1.5421 149173 0 1.71209 0.513556 0
-32.1433 42.0666 1.09159 1.9773 4.58543 1.68373 170953 0 1.90057 0.507395 0
-44.64 58.5023 1.09307 2.32921 5.21515 1.83999 194782 0 -1.33825 0.507026 0
33.5171 -7.13148 0.617587 0.53242 0.597523 0.910942 99086 0 -1.02083 0.506025 1
60.0959 15.4885 1.34262 2.22609 5.06965 1.90082 132397 0 -3.05247 0.497566 0
19.0234 46.5721 2.1685 1.93013 4.2752 1.56314 177665 0 1.56417 0.494754 0
-62.2334 11.7305 -0.404413 1.89766 4.22497 1.52459 126399 0 -1.76303 0.492792 0
-62.2327 11.9405 -0.411568 2.00892 4.47332 1.55582 126867 0 2.04495 0.48783 0
33.1242 -7.74902 0.82481 0.688678 1.4012 1.63091 98149 0 -1.34249 0.482843 1
14.9022 70.5398 2.33009 1.93438 4.30699 1.5649 212752 0 -1.52856 0.467397 0
38.2484 38.8829 1.73113 2.04673 4.62016 1.55439 166493 0 1.60972 0.460183 0
-27.3623 17.7227 0.547634 2.08838 4.69923 1.76523 135400 0 1.73521 0.45897 0
8.87565 0.187279 0.945697 0.823442 1.78104 1.78873 109773 0 -2.20985 0.456534 2
-16.3728 -14.5689 0.358058 0.876239 0.939047 1.71146 88166 0 -1.7988 0.453363 1
33.0292 -7.63874 0.813194 0.744707 1.19772 1.59271 98617 0 -1.25932 0.450182 1
-37.9238 22.2798 0.248864 1.97336 4.32433 1.73455 141919 0 1.74752 0.447514 0
-4.32246 58.9887 2.26522 1.9962 4.54824 1.64746 195844 0 -1.5505 0.438082 0
-61.937 11.7121 -0.404948 1.75514 3.79713 1.46378 126400 0 -1.46716 0.437916 0
14.9838 -4.35207 0.741475 0.607618 0.668825 0.963639 103240 0 -0.706974 0.436691 1
15.1982 -4.50919 0.636815 0.561351 0.606529 0.77621 102773 0 -0.77368 0.433758 1
-41.4283 11.4528 -0.263176 1.91005 4.36875 1.52155 125996 0 1.82702 0.432902 0
36.5852 15.2916 1.14358 2.09638 4.94239 1.53192 131856 0 -2.88429 0.431165 0
-39.2801 29.0026 0.59736 0.834045 0.878254 1.77723 151743 0 1.91613 0.43105 1
33.4672 -7.00802 0.613493 0.524606 0.61931 0.979663 99554 0 -0.94058 0.42724 1
-71.6396 -3.24633 -0.697339 0.887312 0.923063 1.68941 104374 0 -1.79779 0.419116 1
14.1508 -3.96986 1.0229 0.840914 0.911464 1.90495 103706 0 -1.48746 0.419063 1
-71.0821 -4.20602 -0.593567 0.909035 0.977176 1.77159 102971 0 -2.32002 0.41537 1
3.37853 -3.80899 0.885623 0.870241 0.996086 1.77227 104140 0 1.91075 0.414745 1
54.2871 11.5967 1.24201 1.96299 4.40063 1.5707 126763 0 1.53749 0.413781 0
1.04698 69.8974 3.29602 2.20732 4.93564 1.91363 211773 0 3.07591 0.409494 0
4.61314 40.0408 1.77994 0.86408 0.766121 1.75708 168260 0 -0.113379 0.409202 1
-4.65492 49.4369 1.99084 1.99604 4.55913 1.61377 181803 0 -1.53358 0.394488 0
14.4737 -4.67147 0.845479 0.693055 0.763659 1.54551 102771 0 -1.48831 0.392822 1
-34.4173 33.4675 0.737599 2.03132 4.62703 1.57949 158310 0 1.9319 0.392119 0
-31.5673 41.7969 1.07578 1.8209 3.99307 1.54751 170487 0 1.89431 0.391538 0
19.9929 40.822 1.95596 1.91199 4.21752 1.48127 169244 0 1.59215 0.384568 0
-62.4914 11.7128 -0.393509 2.05475 4.62414 1.59618 126398 0 -1.31684 0.382964 0
-68.9794 5.06624 -0.575053 1.86917 3.96882 1.61784 116550 0 -1.96462 0.372452 0
54.2233 8.18195 0.999183 1.90592 4.46092 1.47558 121615 0 1.66369 0.372064 0
-48.5592 4.55419 -0.436313 1.88628 4.01324 1.55938 116146 0 -1.2202 0.370925 0
15.1301 -12.0397 0.772932 0.920611 0.984866 1.83631 92009 0 -3.03666 0.363414 1
-35.0236 30.2938 0.453965 1.91028 4.25708 1.46309 153628 0 1.89109 0.357961 0
33.0905 56.7671 1.88688 2.00391 4.54206 1.55611 192685 0 -1.78986 0.356669 0
-67.6758 11.3517 -0.56572 1.99262 4.4552 1.51563 125914 0 -1.13061 0.354169 0
49.107 20.334 1.43314 1.99067 4.41267 1.54651 139383 0 -1.60963 0.348995 0
-39.4072 28.9888 0.59697 0.826904 0.941117 1.77451 151742 0 2.31577 0.34884 1
21.2732 55.4999 2.26047 1.94977 4.24888 1.56636 190776 0 1.5621 0.346431 0
33.4471 53.9169 1.93087 1.88758 4.17255 1.49949 188474 0 -1.45791 0.34619 0
-15.85 71.1868 2.24222 2.02756 4.65732 1.69488 213592 0 1.58217 0.345578 0
1.44689 52.6111 2.00423 2.00023 4.57481 1.62253 186502 0 1.58073 0.34541 0
-4.5918 58.755 2.20996 1.82715 4.21175 1.60506 195375 0 -1.53706 0.344472 0
37.9211 36.0025 1.35807 1.95744 4.47996 1.47752 162280 0 1.65997 0.342912 0
54.8875 14.268 1.02932 1.9749 4.45167 1.60441 130509 0 1.56321 0.341946 0
19.6497 31.8228 1.38679 2.07472 4.69005 1.55736 156139 0 1.61117 0.338119 0
54.249 28.9872 1.61218 2.07744 4.67516 1.68647 152035 0 -1.67374 0.335747 0
33.4032 -7.81497 0.745003 0.622099 1.04597 1.29828 98150 0 -1.34448 0.334508 1
-4.95175 49.173 2.01338 2.01032 4.57905 1.62831 181334 0 -1.4718 0.33235 0
-43.7342 58.3536 1.09091 2.18645 4.77511 1.70987 194785 0 -1.35107 0.331069 0
37.5933 44.6073 2.01009 1.98664 4.53929 1.51199 174915 0 1.57094 0.329369 0
-34.7302 30.2352 0.478176 1.90233 4.23824 1.45174 153629 0 2.13689 0.327058 0
-62.4801 11.9387 -0.38335 2.12462 4.84844 1.63687 126866 0 2.50603 0.325853 0
1.35175 43.9373 1.68564 1.83125 4.02929 1.45619 173866 0 1.66643 0.324683 0
38.2348 35.039 1.4286 2.05539 4.64213 1.5223 160877 0 1.65904 0.324368 0
-28.6148 4.93326 -0.00692511 0.790727 0.862598 1.5324 116676 0 -2.59411 0.324063 1
51.0403 37.8978 1.67454 1.90292 4.30358 1.52674 165129 0 -1.56743 0.324052 0
31.2419 39.0967 1.8355 2.10755 4.82857 1.52459 166939 0 -1.51426 0.323952 0
55.1864 15.4841 1.06713 1.96293 4.36057 1.53459 132382 0 1.57456 0.32357 0
37.9529 38.6236 1.73379 2.0049 4.51301 1.52505 166024 0 1.61752 0.323243 0
20.9519 58.3799 2.34413 2.00156 4.43673 1.61203 194987 0 1.56103 0.323037 0
-3.68074 64.8379 2.41388 1.99159 4.38704 1.61821 204270 0 -1.41617 0.321258 0
32.8429 56.5106 1.88108 2.02707 4.68133 1.55532 192216 0 -2.07663 0.320796 0
14.1988 -4.3059 0.92025 0.766478 0.860476 1.81581 103238 0 -1.48845 0.320568 1
48.8005 23.523 0.990229 2.0234 4.64481 1.72596 144062 0 -1.60702 0.318638 0
-61.6663 11.6683 -0.437176 1.66903 3.58534 1.43033 126401 0 -1.12884 0.31511 0
-14.5771 71.1556 2.21907 2.10917 4.82881 1.75562 213596 0 -1.56336 0.314006 0
15.1769 70.8102 2.32193 2.07894 4.70161 1.67584 213221 0 -1.56629 0.31384 0
46.5477 -27.7204 0.0399438 2.06287 4.64534 1.72423 69175 0 -1.47217 0.31004 0
17.4692 28.408 1.40487 2.00277 4.59877 1.4643 150984 0 1.62494 0.308905 0
31.8773 44.7243 1.88121 1.84924 4.18701 1.45162 174897 0 -1.53231 0.30731 0
-34.9868 33.5158 0.714499 1.92146 4.4832 1.57205 158308 0 1.9569 0.306689 0
-26.7689 17.462 0.574269 2.04149 4.68564 1.74323 134934 0 1.64785 0.305531 0
-38.4886 22.513 0.251743 2.11795 4.85314 1.79126 142385 0 1.77907 0.301196 0
50.7264 37.6209 1.60774 1.84833 4.23021 1.48417 164660 0 -1.57455 0.300468 0
30.8893 44.9743 1.92465 1.91773 4.42195 1.48013 175362 0 1.56963 0.298875 0
-5.26301 68.3037 2.63681 2.04055 4.71106 1.6067 209413 0 -1.4713 0.298424 0
-39.2609 29.1823 0.604881 0.85394 1.07184 1.78687 152211 0 1.46298 0.297986 1
-6.55141 26.1454 1.58465 2.05055 4.73557 1.64083 147633 0 1.53488 0.297707 0
15.1455 -12.2046 0.761522 0.880186 0.837839 1.79855 91541 0 -3.09446 0.296384 1
-6.53334 32.0542 1.65905 2.34424 5.42687 1.57078 156525 0 1.59936 0.296023 0
49.4373 20.635 1.48863 2.06259 4.61951 1.61166 139852 0 -1.6797 0.294613 0
14.9696 -4.54834 0.738164 0.628083 0.672363 0.972395 102772 0 -1.10724 0.294595 1
-47.4314 12.3765 -0.362518 2.16923 4.89805 1.69046 127381 0 -1.23302 0.294324 0
-41.0872 30.2226 0.768708 2.02719 4.59526 1.67584 153609 0 1.93337 0.291582 0
54.9025 15.2231 0.979748 1.94944 4.40022 1.55464 131913 0 1.56129 0.290801 0
51.7017 46.5415 1.83578 1.99975 4.47794 1.57328 177767 0 -1.52355 0.289901 0
-34.4434 30.1808 0.482824 1.95514 4.38391 1.46652 153630 0 -1.84424 0.288222 0
20.9871 55.2357 2.22441 1.95266 4.33618 1.54401 190307 0 1.59235 0.28706 0
55.8119 34.0791 1.63906 2.13316 4.94042 1.76393 159528 0 1.64655 0.286847 0
38.239 35.6908 1.41862 1.99255 4.54965 1.50689 161813 0 1.65227 0.286302 0
-4.30621 65.1112 2.44655 2.1271 4.80664 1.712 204736 0 -1.47246 0.284975 0
-5.87914 44.0898 2.00086 2.0956 4.80073 1.66852 173843 0 -1.54868 0.284651 0
1.71143 52.3563 1.89793 1.91218 4.3135 1.55559 186035 0 1.54307 0.28452 0
32.1314 35.8885 1.7144 2.29493 5.35866 1.67232 162262 0 1.57133 0.283646 0
33.6599 -7.19275 0.586146 0.513044 0.574769 0.817165 99087 0 -1.02867 0.283255 1
-24.1747 22.8008 0.616866 2.04782 4.53731 1.58166 142898 0 -1.48363 0.282177 0
14.5258 -4.35622 0.86297 0.69564 0.805167 1.59869 103239 0 -1.3558 0.282043 1
14.0604 -4.7074 0.855771 0.783957 0.877125 1.71571 102769 0 -1.41081 0.279936 1
37.9407 35.3502 1.34523 2.01757 4.6507 1.49191 161344 0 1.64946 0.278875 0
-27.6987 18.0071 0.528146 2.1261 4.74143 1.81025 135867 0 1.7641 0.278509 0
1.49061 55.7711 2.54196 2.62985 6.26732 2.18253 191182 0 1.59942 0.277473 0
51.0425 47.4992 1.9156 2.06299 4.52931 1.62609 179169 0 0.359259 0.275017 0
14.1543 -3.79658 0.965135 0.81902 0.89386 1.85817 104174 0 -1.34173 0.274849 1
19.6442 46.5957 2.16462 2.04545 4.64627 1.62243 177667 0 1.73106 0.27481 0
14.6312 70.2845 2.32442 1.81667 3.95658 1.50796 212283 0 -1.50533 0.274471 0
39.1592 38.8763 1.6738 2.03892 4.57932 1.57652 166496 0 1.63169 0.27376 0
-36.0016 34.088 0.769079 1.99801 4.41499 1.59775 159241 0 1.99525 0.272921 0
-60.3052 17.4287 -0.31646 2.02807 4.54747 1.61548 134829 0 1.79467 0.271594 0
59.8807 9.12154 1.23614 2.45473 5.60926 1.9905 123037 0 -3.037 0.269274 0
33.761 -6.88892 0.735109 0.646146 0.730753 1.20084 99555 0 -0.908721 0.268322 1
42.7175 53.9175 2.45964 2.02591 4.55198 1.65447 188503 0 -3.11556 0.268226 0
30.8717 21.3936 1.19048 1.6991 3.94925 1.35077 140730 0 -1.48563 0.267575 0
55.1828 14.5406 1.03401 1.97903 4.46684 1.58886 130978 0 1.55555 0.265203 0
38.8621 38.6235 1.64271 1.97654 4.60819 1.53056 166027 0 1.63699 0.264907 0
-4.34668 49.7101 1.99715 1.99971 4.50194 1.60435 182272 0 -1.59944 0.263291 0
-0.538712 19.7751 1.29232 1.98203 4.63172 1.62831 138292 0 1.63427 0.262664 0
18.3632 28.8891 1.39955 2.06725 4.81864 1.50279 151923 0 1.60104 0.262138 0
32.8661 -7.72376 0.812129 0.778679 0.920445 1.62319 98148 0 -1.34554 0.261103 1
15.3935 -4.40408 0.708278 0.68441 0.742374 0.931336 103242 0 -1.05015 0.260316 1
15.4547 70.3001 2.32911 2.15479 4.90057 1.76702 212286 0 -1.52084 0.260307 0
33.7398 -7.84197 0.580267 0.511547 0.564069 0.87268 98151 0 -1.39085 0.259594 1
-6.2281 31.6401 1.65187 2.14843 5.00296 1.60344 155590 0 -1.18433 0.259102 0
38.5393 34.7738 1.55438 2.04322 4.59306 1.54202 160410 0 1.67491 0.258795 0
51.9678 37.9286 1.66209 2.0508 4.60001 1.65394 165132 0 -1.59075 0.258261 0
51.9518 46.2658 1.78779 2.15174 4.92626 1.66566 177300 0 -1.55411 0.257501 0
11.1554 26.0955 1.30847 1.73544 3.71064 1.49574 147688 0 -1.53363 0.257293 0
21.2595 58.1319 2.35943 2.04692 4.47178 1.64622 194520 0 1.53374 0.25676 0
34.0353 -6.36497 0.750544 0.782394 0.832516 1.57975 100492 0 -1.05062 0.25626 1
49.1041 23.7859 1.0459 2.00312 4.59829 1.69757 144531 0 -1.61089 0.255888 0
13.3086 46.6853 1.71991 1.89052 4.32241 1.48704 177647 0 -1.5168 0.255455 0
14.8946 70.0045 2.32642 1.8674 4.08212 1.54242 211816 0 -1.50508 0.255258 0
55.495 15.2276 1.06396 1.99794 4.51751 1.54965 131915 0 1.22168 0.255244 0
-68.6653 5.05151 -0.610104 1.70469 3.45687 1.56981 116551 0 -1.39861 0.255105 0
33.7525 53.6675 1.90836 1.95049 4.38371 1.53847 188007 0 -1.41797 0.254292 0
36.6937 44.6513 1.89904 1.89453 4.28861 1.48728 174912 0 1.57562 0.254262 0
1.08199 70.5164 3.25103 2.58248 6.27267 2.22126 212709 0 3.12301 0.253832 0
33.4725 -7.53627 0.707401 0.606473 0.853257 1.15143 98618 0 -1.24618 0.25178 1
49.0883 23.2381 0.981953 1.95391 4.478 1.65404 143595 0 -1.55409 0.251686 0
32.8303 56.1676 1.91523 2.02014 4.68945 1.55513 191748 0 -3.02999 0.251622 0
54.0364 11.3998 1.20184 1.70543 3.78443 1.49067 126294 0 1.59834 0.251063 0
-35.6497 30.5599 0.468741 1.93737 4.24541 1.49816 154094 0 1.92066 0.250995 0
33.1269 54.1718 1.95613 1.87149 4.12678 1.48707 188941 0 -1.46617 0.250973 0
-67.9451 11.0742 -0.550539 2.1476 4.83634 1.58619 125445 0 -1.18331 0.250144 0
14.0571 -4.84806 0.825914 0.759523 0.853467 1.68609 102301 0 -1.40693 0.249726 1
-48.3887 6.99416 -0.426693 2.23212 5.01953 1.69045 119422 0 -1.28763 0.249437 0
37.2974 44.3799 1.86208 1.87947 4.42907 1.49334 174446 0 1.58897 0.249299 0
-19.9338 35.135 1.1537 2.0648 4.61451 1.56951 160695 0 -1.15168 0.249035 0
-67.3978 11.6411 -0.61098 1.84332 4.16793 1.47071 126383 0 -1.11487 0.245987 0
51.6886 38.1957 1.69545 1.99158 4.45214 1.59451 165599 0 -1.6161 0.244454 0
33.705 -7.50282 0.533054 0.466574 0.493143 0.734392 98619 0 -1.27145 0.244388 1
32.824 53.9601 1.92307 1.85449 4.22434 1.48136 188472 0 -1.37067 0.244361 0
-29.5349 9.46626 -0.0552227 2.03504 4.62003 1.56616 123225 0 1.70082 0.242887 0
10.9035 -5.78928 0.818142 0.919218 0.985425 1.76397 100888 0 1.71452 0.242442 1
33.7451 54.1662 1.89041 1.95153 4.37689 1.56295 188943 0 -1.53284 0.242422 0
2.66438 55.7503 2.31876 2.35463 5.1134 1.97201 191186 0 1.58107 0.241159 0
39.5277 54.8766 2.11341 2.04342 4.60025 1.64894 189897 0 -3.05987 0.238798 0
37.6312 36.2614 1.36735 1.94541 4.41804 1.47182 162747 0 1.65465 0.238588 0
21.2835 67.0578 2.28843 2.06687 4.64069 1.67789 207624 0 1.67216 0.237577 0
38.8562 35.3635 1.56517 2.11766 4.83099 1.6008 161347 0 1.65091 0.236376 0
55.1875 14.8961 1.03229 1.98427 4.50393 1.56971 131446 0 1.54951 0.235999 0
33.7345 56.7772 1.87226 1.98354 4.43411 1.59494 192687 0 -1.5194 0.235192 0
31.5467 45.2005 2.00011 2.03976 4.66841 1.51366 175832 0 -1.5576 0.234697 0
42.7664 51.7473 2.05296 0.761057 0.73007 1.6924 185227 0 -2.92576 0.234281 1
51.3208 47.217 1.89513 2.10545 4.62307 1.63722 178702 0 0.531815 0.233626 0
11.5981 19.1357 1.15162 2.10825 5.0221 1.60526 137394 0 -1.57344 0.233421 0
49.4134 20.0571 1.41531 2.02344 4.54062 1.57358 138916 0 -1.50867 0.233409 0
1.49233 55.2631 2.42143 2.43649 5.92054 2.07533 190246 0 1.55333 0.23336 0
14.4461 -4.83432 0.815845 0.710486 0.767157 1.49855 102303 0 -1.47407 0.233122 1
50.7276 38.1835 1.67469 1.93653 4.33468 1.5238 165596 0 -1.57964 0.232476 0
11.3925 -2.9322 0.729756 0.762229 0.872564 1.58532 105101 0 0.0302982 0.232471 1
0.367447 26.157 1.22736 1.68275 3.74246 1.35998 147655 0 1.57403 0.232218 0
51.6704 37.6529 1.65027 1.96066 4.41158 1.61764 164663 0 -1.56368 0.231403 0
13.547 47.4187 1.82247 2.14239 5.00751 1.63794 179052 0 -1.59797 0.230937 0
30.3325 18.9318 1.12305 1.87336 4.40778 1.43227 137452 0 -1.52052 0.23076 0
51.6617 46.8553 1.87068 2.11748 4.71138 1.64144 178235 0 -0.87613 0.230349 0
0.683029 28.9693 1.40634 1.63791 3.57528 1.3967 151868 0 1.60462 0.229922 0
-27.0456 17.2036 0.551439 2.03828 4.53021 1.75941 134465 0 1.67654 0.229905 0
54.8789 29.2301 1.61352 2.04237 4.59425 1.70035 152505 0 -1.74067 0.229675 0
-4.33761 58.4889 2.16372 1.86507 4.20946 1.59696 194908 0 -1.50491 0.229629 0
-5.56953 49.4226 2.02535 2.14389 4.91359 1.77237 181800 0 -1.50961 0.229427 0
21.2891 54.9288 2.23267 1.98795 4.40403 1.59967 189840 0 1.60831 0.22915 0
-46.8487 56.4128 0.694012 2.2653 5.18157 1.66734 191967 0 -1.29394 0.228778 0
15.4079 -4.53448 0.673286 0.636739 0.706047 0.889726 102774 0 -1.25345 0.228454 1
-20.0204 35.898 1.15752 2.10174 4.68002 1.57896 162099 0 -1.13202 0.228323 0
14.5581 74.3178 2.42265 2.18377 5.29782 1.68687 218367 0 -1.67949 0.228103 0
-23.9072 22.3114 0.570163 2.04711 4.61296 1.62255 141963 0 -1.40254 0.227921 0
69.1943 2.62877 0.87007 0.827946 0.898895 1.67973 113706 0 -1.28142 0.227902 1
-39.1282 19.4712 -0.117383 1.79969 4.28815 1.53864 137703 0 1.81792 0.227798 0
-45.0211 17.7504 -0.130876 2.08308 4.67664 1.71336 135345 0 -1.21223 0.227628 0
-35.3796 33.9733 0.766152 2.11208 4.75398 1.61984 159243 0 1.97108 0.22657 0
-25.0675 22.33 0.592786 2.06884 4.64294 1.56619 141959 0 -1.40422 0.226175 0
39.8274 54.5882 2.09254 1.9776 4.36067 1.61506 189430 0 -3.00469 0.226032 0
33.9958 -6.75556 0.758513 0.746497 0.782101 1.42754 99556 0 -0.781149 0.225551 1
45.9217 -30.551 -0.257659 1.9303 4.3177 1.59018 64961 0 -1.38294 0.225502 0
14.6677 67.6365 2.32965 1.86252 3.94475 1.70863 208539 0 -1.55535 0.225151 0
53.5962 28.7241 1.55969 1.96829 4.43377 1.60301 151565 0 1.51348 0.223239 0
-63.2988 7.09215 -0.562823 1.91406 4.16983 1.61152 119844 0 -1.19059 0.222728 0
33.4121 56.5521 1.89179 1.90031 4.22722 1.51561 192218 0 -1.51846 0.222418 0
21.2684 58.6726 2.40955 2.05605 4.51506 1.65632 195456 0 1.54813 0.222319 0
1.72316 52.8864 1.95519 1.92542 4.30893 1.55117 186971 0 1.59415 0.221655 0
14.5274 -4.00781 0.929775 0.761846 0.813091 1.69929 103707 0 -0.946736 0.220496 1
30.6278 38.9597 1.75167 1.92585 4.40276 1.50099 166469 0 1.59078 0.219257 0
48.5085 20.5605 1.34171 2.1258 4.872 1.67945 139849 0 -1.62732 0.218681 0
-33.8268 33.4043 0.815201 2.16102 4.89833 1.60894 158312 0 1.88004 0.218647 0
51.3839 46.5695 1.81929 1.89615 4.16196 1.50296 177766 0 -0.902673 0.218536 0
3.57129 -3.96874 0.884826 0.866728 1.31237 1.77098 103673 0 1.71701 0.218524 1
-34.1328 29.9686 0.468571 2.03905 4.52632 1.49175 153163 0 -2.46871 0.218524 0
32.5479 56.7907 1.85154 2.04108 4.78039 1.57717 192683 0 -1.92007 0.218125 0
54.8773 22.5513 1.35682 2.02275 4.56425 1.60952 142677 0 1.43412 0.217828 0
43.0144 53.6408 2.44896 1.94657 4.34646 1.59208 188036 0 -3.03118 0.217776 0
19.3207 46.3449 2.12356 1.90218 4.2714 1.59057 177198 0 1.56513 0.216509 0
2.66747 55.2862 2.3029 2.17797 4.89731 1.91842 190250 0 1.5082 0.214774 0
36.8958 21.1737 1.41586 2.18623 5.20118 1.64065 140749 0 1.63362 0.214522 0
50.4139 37.3309 1.54337 1.8213 4.10651 1.46563 164191 0 -1.58916 0.214476 0
34.0217 -8.11295 0.609491 0.511735 0.522736 1.09593 97684 0 -2.21672 0.214334 1
19.6538 40.5852 1.9606 1.94819 4.35956 1.48428 168775 0 1.61531 0.214279 0
1.11353 44.2114 1.68277 2.06752 4.72074 1.54506 174333 0 1.66499 0.213665 0
-61.6934 11.8976 -0.436156 1.79058 3.70906 1.4622 126869 0 -2.44936 0.213573 0
55.8168 15.2171 1.10043 2.00633 4.51689 1.54322 131916 0 -1.58602 0.213489 0
49.7438 23.5265 1.12949 1.95694 4.42085 1.61482 144065 0 -1.5854 0.212966 0
14.9247 64.292 2.05685 1.94964 4.52102 1.53073 203392 0 -1.39041 0.212908 0
1.33582 43.4366 1.67251 1.79019 3.96314 1.46006 172930 0 1.48848 0.211913 0
39.83 53.6017 1.90937 2.01976 4.50521 1.60366 188026 0 -2.69169 0.211692 0
-37.2801 22.0204 0.291994 2.06205 4.56961 1.75644 141453 0 1.73175 0.211328 0
-3.38485 64.5314 2.43724 2.00074 4.53474 1.6046 203803 0 -1.31778 0.210937 0
4.31139 56.8194 2.32858 2.13458 4.723 1.87064 192595 0 3.13675 0.210532 0
-43.4375 23.1012 0.144418 2.06132 4.57444 1.69613 143306 0 -1.29872 0.210507 0
-6.21767 22.9333 1.36884 1.97226 4.58157 1.50073 142954 0 -1.52775 0.210248 0
33.161 53.6784 1.91798 1.82702 4.09727 1.47511 188005 0 -1.36748 0.209875 0
-48.4331 7.41871 -0.42279 2.17723 5.0745 1.69541 120358 0 -1.2263 0.209629 0
18.0872 -11.3655 0.803455 2.08248 4.44893 1.7543 92954 0 0.154345 0.209481 0
20.9861 55.7878 2.29844 1.92502 4.19571 1.54057 191243 0 1.5466 0.209454 0
18.16 31.6277 1.40397 2.00103 4.55965 1.53704 155666 0 1.59944 0.208532 0
-59.7126 17.1113 -0.437697 1.97743 4.42591 1.58099 134363 0 -0.74178 0.207983 0
53.9705 7.93358 1.03001 1.7078 3.92649 1.45363 121146 0 1.66987 0.206534 0
-15.1817 70.9592 2.2639 1.80727 4.18099 1.60854 213126 0 -1.5164 0.206227 0
33.7899 -8.09152 0.610355 0.555122 0.549131 1.05788 97683 0 -1.61768 0.206064 1
15.7331 55.4275 2.28123 2.27445 5.27354 1.8504 190759 0 -1.54505 0.205971 0
54.185 2.30586 0.758757 0.761936 0.823809 1.73608 113191 0 1.60399 0.205401 1
-5.27856 59.0318 2.20113 1.94515 4.44274 1.6587 195841 0 1.61429 0.205396 0
38.8591 35.9635 1.61087 2.0345 4.56516 1.57534 162283 0 1.62648 0.204336 0
-69.5235 5.51456 -0.485166 2.27337 5.20183 1.83612 117484 0 -1.20924 0.20414 0
46.1994 -33.4293 -0.404269 2.03082 4.65711 1.57573 60750 0 -1.50939 0.20405 0
-40.8296 30.4992 0.804626 2.01488 4.57296 1.6394 154078 0 2.01798 0.203866 0
-19.1346 35.302 1.09057 2.1395 4.78959 1.63427 161166 0 -1.11885 0.203051 0
-53.892 47.2893 0.568492 1.85633 4.13606 1.47248 178373 0 -1.32348 0.2028 0
56.142 15.4942 1.14474 1.97737 4.39804 1.50506 132385 0 -1.58246 0.202781 0
2.09001 54.9741 2.29451 2.37131 5.48406 1.98338 189780 0 1.59783 0.202754 0
1.43906 52.0608 1.96801 2.04147 4.60786 1.65416 185566 0 1.54099 0.202471 0
-40.9041 11.9135 -0.241174 1.74471 3.78923 1.42328 126934 0 1.85954 0.202377 0
2.03678 52.6204 1.91241 1.84983 4.05207 1.50511 186504 0 -1.48811 0.201132 0
39.5299 53.6075 1.84889 2.01196 4.54426 1.60298 188025 0 -3.07659 0.201045 0
14.8813 -4.07029 0.763417 0.639226 0.658761 1.15883 103708 0 -0.292497 0.200852 1
13.0462 43.7549 1.70558 1.87645 4.08267 1.62782 173434 0 -1.52895 0.200822 0
42.749 51.8991 2.04958 0.804881 0.794462 1.68811 185695 0 -2.81103 0.200805 1
38.5434 44.6186 2.16265 2.01095 4.51807 1.567 174918 0 1.62349 0.200561 0
-36.2756 30.8895 0.494983 2.02842 4.4376 1.5832 154560 0 1.89239 0.200541 0
-3.9729 64.5232 2.43828 1.9665 4.29468 1.60063 203801 0 -1.37403 0.200387 0
-41.3657 29.9249 0.688759 2.12778 4.91386 1.78302 153140 0 1.88977 0.200221 0
-36.5975 34.1529 0.759726 2.00966 4.50921 1.60284 159239 0 1.96071 0.200064 0
38.2172 44.3885 2.02287 1.91916 4.39496 1.50052 174449 0 1.63365 0.198324 0
69.1969 2.49883 0.888429 0.812364 0.891071 1.68661 113238 0 -1.28253 0.198018 1
54.4962 7.9248 1.02165 1.98693 4.68748 1.56175 121148 0 1.64772 0.197317 0
9.33549 0.385033 0.949196 0.8271 1.64515 1.76811 110243 0 -2.37023 0.196938 2
-40.3755 17.3603 0.0289163 2.17713 4.92558 1.85274 134891 0 1.85041 0.195907 0
-7.78359 42.7156 1.51557 0.799652 0.740928 1.74661 171965 0 -2.78813 0.195763 1
51.0195 37.3526 1.58795 1.82915 4.07553 1.51812 164193 0 -1.52129 0.195747 0
-67.3653 11.9868 -0.621144 1.92448 4.36629 1.50287 126851 0 -1.10728 0.195554 0
-59.6764 16.8468 -0.461341 2.02434 4.50574 1.60299 133895 0 1.45727 0.19548 0
-22.5967 -9.37206 0.887402 0.80295 0.866077 1.77599 95635 0 1.3743 0.195348 1
36.4009 30.2553 1.68677 2.23409 5.17158 1.86426 153851 0 -1.43944 0.194897 0
31.1729 18.5015 1.12859 1.74832 3.99174 1.42618 136519 0 -1.49473 0.194505 0
33.4729 -8.0588 0.729182 0.649506 0.909424 1.31391 97682 0 -1.43598 0.193672 1
20.959 67.3347 2.28233 1.99878 4.49014 1.64808 208091 0 1.73795 0.193273 0
-6.52686 31.6385 1.61565 2.18388 5.00297 1.63615 155589 0 1.54974 0.193262 0
-4.61377 64.8373 2.47488 2.12837 4.80736 1.74293 204267 0 -1.51861 0.193234 0
1.07703 43.1281 1.69395 1.98322 4.46446 1.53021 172461 0 1.41816 0.192887 0
22.2203 67.0461 2.31982 2.01349 4.52633 1.64791 207627 0 1.68505 0.19281 0
2.07903 56.0564 2.38189 2.58166 6.06191 2.12017 191652 0 1.63039 0.192058 0
42.4445 53.6518 2.39581 1.92763 4.2437 1.59288 188034 0 3.0264 0.19139 0
31.7447 31.0836 1.38153 2.43811 6.16166 1.59764 155241 0 1.56259 0.19104 0
-34.1621 30.1557 0.481569 2.0577 4.61376 1.51162 153631 0 2.04739 0.190189 0
54.5281 11.8959 1.26144 2.10779 5.01975 1.66201 127232 0 1.5088 0.189685 0
-6.15677 44.2991 1.99992 2.15104 5.04284 1.71994 174310 0 1.36818 0.188952 0
-59.3582 16.8011 -0.503117 2.03385 4.61778 1.60559 133896 0 -1.13452 0.18884 0
14.1428 -3.07743 0.813001 0.765275 0.814294 1.64508 105110 0 -1.18117 0.188249 1
-5.86037 41.0236 1.75379 2.06117 4.60577 1.48677 169631 0 -1.57124 0.188249 0
40.8075 52.9575 2.12397 2.1211 4.77656 1.71307 187093 0 1.77139 0.187951 0
43.3275 53.9072 2.50341 2.09341 4.74969 1.70009 188505 0 -2.89734 0.187813 0
-64.3984 6.97872 -0.455889 2.36768 5.22657 1.81857 119372 0 -1.2939 0.187251 0
-71.5515 -3.63584 -0.608567 0.881542 0.97299 1.73784 103906 0 -2.12932 0.18717 1
-4.66216 68.0847 2.55392 1.84499 4.24365 1.55843 208947 0 -1.4592 0.186763 0
50.072 23.8273 1.20753 1.96211 4.32322 1.57121 144534 0 -1.69236 0.186748 0
-29.2187 9.23888 -0.0506643 1.98865 4.53342 1.51469 122758 0 -1.11244 0.186712 0
51.0527 47.7719 1.928 2.14449 4.84504 1.70183 179637 0 3.00905 0.186672 0
-27.9294 17.5314 0.467105 2.17555 4.85849 1.84965 134930 0 1.73182 0.186459 0
37.3288 35.049 1.33837 2.01411 4.55181 1.53144 160874 0 1.62555 0.186013 0
13.8043 46.9521 1.7889 2.21689 5.21693 1.72608 178117 0 -1.53655 0.185646 0
20.5852 41.043 2.00228 2.06516 4.70433 1.60551 169714 0 1.55118 0.185581 0
54.1877 2.16969 0.754429 0.745676 0.795947 1.72013 112723 0 1.65213 0.18558 1
-59.9951 16.8814 -0.429393 2.01686 4.44662 1.60186 133894 0 1.85897 0.18554 0
32.5849 -7.52077 0.732301 0.617106 0.689973 1.19418 98615 0 -1.3266 0.185126 1
-19.5975 38.3094 0.882714 2.03635 4.58492 1.50074 165376 0 -1.17371 0.185065 0
-46.0038 15.1033 -0.333462 1.98808 4.35528 1.60056 131598 0 -1.22414 0.184859 0
37.3217 35.6867 1.27679 1.9922 4.61451 1.49572 161810 0 1.63819 0.18483 0
-47.1342 15.1687 -0.251307 2.25843 5.05069 1.68545 131594 0 -1.23372 0.184767 0
-4.61015 59.256 2.32716 2.02532 4.61816 1.6758 196311 0 -1.54077 0.184507 0
37.6536 39.1345 1.81005 2.01047 4.52952 1.54989 166959 0 1.64059 0.184463 0
15.0036 -12.2207 0.773891 0.85704 0.868328 1.78703 91540 0 -3.02965 0.184326 1
-5.88961 44.5349 2.0546 2.27289 5.27461 1.71088 174779 0 -1.47796 0.184156 0
-5.25113 49.6916 2.03711 2.13996 4.87162 1.72233 182269 0 -1.56066 0.18385 0
39.8358 53.3015 1.86068 2.03461 4.61327 1.61956 187558 0 -3.11085 0.183493 0
37.6227 34.7898 1.39543 2.0223 4.50277 1.51857 160407 0 1.672 0.182787 0
55.195 22.841 1.4165 1.99809 4.50361 1.61969 143146 0 1.47473 0.182644 0
-0.138298 26.5974 1.29749 2.01039 4.69502 1.46672 148589 0 1.65289 0.182444 0
13.2584 -9.53705 0.515359 0.756762 0.772575 1.47171 95747 0 0.162713 0.18235 1
39.1704 35.6703 1.58838 2.11406 4.83486 1.63321 161816 0 1.64671 0.182344 0
-25.7408 22.5565 0.61956 2.05696 4.59436 1.53843 142425 0 1.58547 0.182209 0
-2.73784 37.3197 2.19701 0.871136 0.889675 1.72751 164025 0 -1.53116 0.181991 1
14.0105 73.9801 2.15647 1.91804 4.16197 1.44249 217897 0 -1.59253 0.181648 0
40.1258 54.2616 2.11202 1.95613 4.32845 1.60022 188963 0 -2.82563 0.181573 0
33.9984 -7.87334 0.573094 0.487758 0.550688 0.938557 98152 0 -1.48984 0.181542 1
19.6395 37.7154 1.85342 2.05415 4.5945 1.62494 164563 0 1.62662 0.181301 0
33.035 56.1988 1.93141 2.00361 4.53924 1.5632 191749 0 -2.74893 0.181287 0
20.9673 52.3278 2.42026 2.16573 4.97959 1.82923 186095 0 1.53425 0.181202 0
-44.5517 22.9943 0.225403 2.04489 4.44909 1.66204 142834 0 -1.28756 0.180856 0
-5.25329 48.8704 2.0322 1.98056 4.46228 1.60903 180865 0 -1.41791 0.180616 0
-60.3061 17.6919 -0.236262 2.05188 4.59862 1.62985 135297 0 -0.966769 0.180495 0
15.1621 65.0014 2.06229 2.15455 4.99601 1.6892 204797 0 -1.53298 0.17983 0
0.700516 31.6149 1.7429 1.88145 4.05304 1.79631 155612 0 1.63486 0.179515 0
13.8122 44.2287 1.70489 2.21554 5.16754 1.77831 174373 0 -1.56181 0.179184 0
50.3995 23.5306 1.23013 1.97852 4.41515 1.53774 144067 0 -1.67153 0.179153 0
50.1231 37.9073 1.55272 1.91938 4.37998 1.52463 165126 0 -1.55668 0.178213 0
-47.1746 51.6935 0.903324 2.12927 4.88655 1.67821 184946 0 1.74081 0.178 0
15.1365 74.0149 2.55937 2.31536 5.45748 1.91271 217901 0 -1.62272 0.177972 0
-18.4305 37.9514 0.8732 2.22588 5.20862 1.71144 164912 0 -1.12665 0.177902 0
55.1896 14.0128 1.16524 2 4.45088 1.62825 130042 0 1.57384 0.177716 0
47.966 8.50174 1.00272 1.77153 3.5994 1.50327 122063 0 -1.48926 0.177398 0
-67.0507 12.3248 -0.63998 1.88285 4.24736 1.49678 127320 0 -1.11502 0.177121 0
-33.3633 39.516 0.783079 2.16687 4.97691 1.63832 167205 0 1.87691 0.17694 0
39.2412 54.6029 2.02265 1.96571 4.3411 1.60445 189428 0 -3.08414 0.176065 0
4.02733 57.0927 2.32468 2.38418 5.443 2.06117 193062 0 3.07024 0.175882 0
-46.6449 12.538 -0.400217 1.82686 3.90888 1.5586 127852 0 -1.2323 0.175539 0
-37.3372 22.4557 0.310455 2.07881 4.55941 1.7515 142389 0 1.81313 0.175367 0
-41.6654 11.9022 -0.284446 2.10805 4.97453 1.63162 126931 0 1.85861 0.175365 0
60.2104 14.9579 1.3763 2.13672 4.44936 1.81951 131462 0 -3.02799 0.175272 0
-3.08319 65.0319 2.4454 2.02947 4.49474 1.65972 204740 0 -1.46292 0.175098 0
51.9552 46.8249 1.87647 2.2575 5.16171 1.74593 178236 0 -1.63832 0.174922 0
40.1292 53.5902 1.99695 2.02994 4.53679 1.62319 188027 0 -2.92972 0.174893 0
-46.5675 52.6434 0.827463 1.92764 4.36971 1.54894 186352 0 2.07938 0.174608 0
-46.9066 52.0024 0.871007 1.93363 4.4068 1.56585 185415 0 1.73365 0.174576 0
54.5336 28.7368 1.5954 2.14025 4.78778 1.73092 151568 0 -1.62538 0.174501 0
-45.8962 57.8197 0.937389 0.79154 0.748226 1.7204 193842 0 -1.37907 0.174349 1
51.7072 45.962 1.79694 1.9311 4.3499 1.55164 176831 0 -1.44197 0.173946 0
-3.75783 58.7733 2.26777 2.08284 4.93999 1.73663 195378 0 -1.51727 0.173376 0
49.4235 22.9199 1.0361 1.92481 4.45994 1.60949 143128 0 -1.53289 0.172948 0
53.6739 8.20353 1.02353 1.64365 3.70625 1.44512 121613 0 1.68836 0.172569 0
37.2808 44.8625 2.04398 2.00543 4.45244 1.52333 175382 0 1.61716 0.172448 0
-42.449 -15.4647 -0.943602 0.742664 0.790286 1.56881 86681 0 1.5773 0.172378 1
13.0523 44.2397 1.73592 1.82576 4.02916 1.5885 174370 0 -1.56852 0.17214 0
21.5906 66.7753 2.27944 1.98435 4.52356 1.61934 207157 0 1.61109 0.171345 0
49.156 20.8789 1.49413 2.05161 4.51601 1.62946 140319 0 -1.72658 0.170898 0
14.0257 -3.78715 0.878028 0.789721 0.854616 1.79951 104173 0 -1.56104 0.170537 1
18.1429 32.0616 1.40843 2.04489 4.64244 1.55959 156602 0 1.65071 0.170433 0
14.3566 58.4032 1.99571 1.70724 3.76411 1.37297 194966 0 -1.42437 0.170416 0
-44.6173 23.4229 0.261507 2.1143 4.67481 1.65284 143770 0 -1.25619 0.1697 0
0.833099 55.5308 2.6805 2.60208 6.3659 2.28832 190712 0 -1.77231 0.169661 0
59.6791 10.343 1.24852 2.19359 4.91069 1.90369 124908 0 -3.10585 0.169612 0
-5.34848 31.6371 1.63612 1.99532 4.76889 1.65673 155593 0 -1.50759 0.169242 0
-46.5697 52.326 0.829789 1.82314 4.13748 1.50706 185884 0 -1.58013 0.16836 0
-6.22935 49.4627 2.03462 2.09404 4.69594 1.77318 181798 0 1.49019 0.167744 0
26.2547 2.62212 1.00587 0.881984 1.01008 1.75187 113572 0 0.153771 0.167689 1
