44.3102 -6.95178 1.4669 2.93208 7.83357 3.24839 99588 0 1.62782 0.956942 0
18.4229 11.7426 1.02867 2.13702 4.87042 1.52371 126651 0 1.64181 0.947042 0
-6.8463 11.3345 0.9573 1.99885 4.59536 1.44897 126104 0 -1.49255 0.946631 0
10.6839 12.7302 1.19411 2.2434 5.21111 1.89912 128031 0 -1.57189 0.942777 0
-1.99562 11.0599 1.13807 2.07605 4.61812 1.79319 125651 0 1.62228 0.932186 0
22.7641 7.6049 1.00145 2.11662 4.90266 1.52293 120581 0 0.187163 0.901022 0
-20.6221 32.7547 1.14132 2.40634 5.6501 1.8807 157417 0 -1.19671 0.900191 0
-0.881294 17.0725 1.36721 2.08929 4.7674 1.81324 134547 0 1.61223 0.899526 0
5.67597 20.9435 1.21031 2.07184 4.59522 1.49997 140183 0 0.104787 0.89493 0
-12.3351 12.2579 0.802125 2.04875 4.67663 1.52051 127491 0 -3.02416 0.892415 0
36.0806 9.06882 1.01834 2.00844 4.58917 1.49471 122962 0 1.66885 0.888962 0
-33.6943 -5.07549 -0.524563 2.02434 4.4622 1.50564 102152 0 -1.5811 0.883021 0
48.4325 8.49383 0.953079 2.04999 4.73337 1.6206 122065 0 -1.48219 0.878816 0
10.6902 15.8363 1.24386 2.21529 5.10247 1.84039 132711 0 -1.54051 0.877203 0
-43.0059 5.87473 -0.333779 1.91267 4.23676 1.45684 118035 0 1.85754 0.874588 0
-19.0348 11.4801 0.82947 2.01778 4.61458 1.7642 126066 0 1.68012 0.870433 0
26.0039 2.35925 1.00971 0.85173 1.03427 1.70055 113103 0 0.0921999 0.869422 1
31.2026 30.9025 1.3527 2.12465 4.88649 1.51531 154771 0 1.58821 0.866005 0
13.2865 41.1324 1.89717 2.13815 4.94932 1.89387 169691 0 -1.52961 0.86525 0
-44.6418 -11.1091 -0.800774 2.01664 4.43788 1.71288 93226 0 0.0247265 0.859641 0
18.6514 15.4124 1.24602 2.24243 5.02918 1.69381 132268 0 1.61824 0.857551 0
-19.707 8.03724 0.689268 2.025 4.56772 1.51831 121384 0 1.61704 0.847206 0
17.3746 22.8321 1.46934 2.10742 4.9942 1.68116 143028 0 1.62034 0.846788 0
-18.7852 19.7704 0.970796 2.18898 4.7952 1.9077 138235 0 1.7275 0.84633 0
30.8911 9.34029 1.1838 2.07163 4.57184 1.64167 123414 0 -1.47114 0.843941 0
-42.1184 -11.6502 -0.787705 1.98816 4.37206 1.61184 92298 0 0.0467751 0.843088 0
-6.56274 17.4652 1.09892 2.07387 4.78069 1.5243 134997 0 -1.54332 0.84126 0
17.7073 19.9933 1.22151 2.04723 4.79495 1.47991 138817 0 1.6431 0.841036 0
30.6284 15.9115 1.22757 1.97892 4.44834 1.70138 132773 0 -1.50417 0.839995 0
31.1927 12.3059 1.04407 1.94641 4.73072 1.45537 127627 0 1.63512 0.839205 0
-6.25426 14.4819 1.02655 2.05697 4.66937 1.47154 130786 0 -1.47098 0.838803 0
-36.4244 -11.4192 -0.676301 2.17522 4.86936 1.96099 92784 0 0.0372259 0.835008 0
48.5402 5.6822 1.07364 2.09165 4.65776 1.833 117853 0 -1.46069 0.834392 0
-0.395874 22.9216 1.45781 2.15913 5.1098 1.80878 142972 0 -1.5035 0.833857 0
11.374 19.4206 1.1399 1.97496 4.58794 1.50927 137861 0 -1.62459 0.833261 0
11.7392 22.3097 1.40547 1.95023 4.39854 1.74155 142074 0 -1.51757 0.83001 0
13.8928 38.1797 1.69994 2.10729 4.89272 1.63625 165481 0 -1.54163 0.829403 0
0.171455 31.7598 1.73544 2.23401 5.12529 1.8702 156078 0 1.64562 0.826449 0
-6.56905 20.2889 1.2101 2.085 4.94438 1.42761 139209 0 -1.54667 0.821445 0
0.153946 29.0107 1.39577 1.9377 4.43463 1.45037 151866 0 1.60224 0.810629 0
-29.8794 6.65813 -0.10742 2.14486 4.87889 1.54181 119012 0 -1.30798 0.807115 0
31.1593 27.5843 1.35363 2.12878 4.98819 1.47451 150091 0 1.61706 0.798506 0
-18.4043 13.9757 0.863209 2.03285 4.67418 1.80265 129812 0 1.75986 0.797458 0
-18.6744 16.8757 0.694911 1.96475 4.49695 1.49649 134023 0 1.71331 0.793632 0
11.42 26.1263 1.32011 1.89487 4.38451 1.52172 147689 0 -1.53216 0.79189 0
12.9542 32.3881 1.40229 2.08442 4.90196 1.49367 157054 0 -1.53337 0.7873 0
36.3221 12.1062 1.21129 2.09428 4.86411 1.67344 127175 0 1.62237 0.783454 0
-18.1068 22.8873 0.83286 2.00315 4.50886 1.51944 142917 0 1.63048 0.774988 0
34.2066 -6.60327 0.790111 0.782724 0.872598 1.66601 100024 0 -1.31567 0.770202 1
-0.134392 26.1405 1.31348 1.98994 4.592 1.45315 147653 0 -1.32185 0.754624 0
17.4623 25.7527 1.58503 2.29853 5.50852 1.76843 147240 0 1.59288 0.748359 0
-1.18493 14.1513 1.10181 1.91687 4.30266 1.58622 130334 0 1.69419 0.747283 0
-41.1657 11.7128 -0.165241 1.71413 3.89929 1.44948 126465 0 1.87915 0.744797 0
30.8519 21.66 1.19421 1.88698 4.34277 1.41692 141198 0 -1.50494 0.734586 0
-27.6286 14.671 0.383851 1.99588 4.69865 1.92222 130719 0 1.83023 0.733777 0
-44.3712 20.4051 -0.0377693 1.93817 4.23844 1.54802 139091 0 -1.24547 0.73259 0
14.9252 64.7627 2.10007 1.99425 4.52918 1.55686 204328 0 -1.54541 0.732155 0
14.2411 -4.74458 0.883137 0.793815 0.884714 1.76319 102770 0 -1.42955 0.730828 1
14.9304 58.4478 1.99314 1.97619 4.48394 1.52509 194968 0 -1.41432 0.730504 0
-21.3313 29.9498 0.821691 2.127 4.68243 1.51218 153203 0 -1.26235 0.730231 0
13.3141 44.0141 1.74179 1.97147 4.37058 1.71389 173903 0 -1.54445 0.729604 0
54.2116 5.32793 1.13446 2.03597 4.93597 1.71337 117403 0 1.64942 0.721408 0
-5.9011 26.1091 1.56638 2.06048 4.66217 1.67392 147635 0 -1.50386 0.713942 0
12.6321 29.2631 1.42734 1.9694 4.59994 1.48554 152373 0 -1.5258 0.710023 0
15.2561 55.2564 2.23968 1.98811 4.42817 1.72307 190289 0 -1.45368 0.708548 0
33.7746 -7.16462 0.559299 0.539616 0.585246 0.981985 99087 0 -1.36928 0.707992 1
9.05596 0.475281 0.946497 0.858607 1.05335 1.72992 110242 0 -2.89872 0.706242 1
14.5453 73.791 2.23735 1.96811 4.47353 1.53032 217431 0 -1.54376 0.702726 0
-0.130119 26.333 1.3052 1.98624 4.58947 1.44497 148121 0 1.50661 0.701535 0
-53.9504 47.8129 0.5897 2.06104 4.55345 1.63109 179309 0 -1.15259 0.700753 0
-40.4437 14.5555 -0.0956053 2.02055 4.51165 1.56912 130679 0 1.84678 0.696151 0
-47.5473 9.72711 -0.0417482 2.23155 5.19108 1.89696 123637 0 -1.26712 0.695789 0
49.0651 11.5757 1.0915 2.02452 4.491 1.74593 126747 0 -1.51274 0.694527 0
-71.535 -2.93758 -0.791578 0.917585 0.963676 1.78218 104842 0 -2.02888 0.689413 1
-49.1307 4.40392 -0.355904 2.13619 4.72105 1.71833 115676 0 -1.35545 0.688947 0
-56.4275 27.2986 0.169365 2.1438 4.86619 1.64107 149349 0 -1.22024 0.688723 0
-70.8173 -3.98602 -0.661534 0.914096 0.947713 1.83596 103440 0 1.34939 0.680689 1
36.3692 15.3066 1.1711 1.95857 4.51302 1.52595 131855 0 1.66155 0.679895 0
13.3262 47.1405 1.70762 1.91964 4.37774 1.47772 178583 0 -1.60305 0.679274 0
-48.1464 7.14933 -0.387024 2.09312 4.70536 1.69384 119891 0 -1.30397 0.67614 0
31.5345 35.7836 1.63218 2.10699 4.91681 1.66707 161792 0 1.62871 0.674208 0
10.5993 -5.67304 0.787953 0.840984 0.91912 1.75409 101355 0 1.79522 0.673661 1
-38.8969 19.6894 0.0180734 2.01707 4.77961 1.57714 138172 0 1.8349 0.66971 0
18.9986 37.9165 1.80967 2.10945 4.75211 1.643 165029 0 1.60662 0.667178 0
-5.28706 40.8262 1.72271 1.99755 4.52448 1.47996 169165 0 -1.54144 0.665853 0
50.7149 34.8133 1.68503 1.89739 4.35734 1.48475 160448 0 -1.52698 0.665699 0
14.9206 67.6476 2.3086 1.99691 4.42188 1.70704 208540 0 -1.56448 0.649424 0
31.8274 38.8926 1.81691 1.95248 4.34279 1.57537 166473 0 -1.52143 0.644297 0
18.7239 31.8192 1.41116 2.11238 4.86403 1.52716 156136 0 1.59242 0.639034 0
30.874 18.7581 1.10938 1.86972 4.44229 1.43387 136986 0 -1.49506 0.637014 0
36.3376 21.1843 1.3627 2.07556 4.82486 1.597 140747 0 1.61761 0.636246 0
-5.59333 44.2929 2.01082 2.35911 5.40087 1.87727 174312 0 -1.5226 0.633662 0
-61.3424 14.6194 -0.413636 2.01774 4.32261 1.71177 130614 0 -1.13533 0.627727 0
-46.5309 14.864 -0.152719 2.06646 4.46952 1.62881 131128 0 -1.26401 0.609578 0
-46.265 56.18 0.735477 2.1133 4.586 1.58453 191501 0 -1.2507 0.599125 0
-39.863 17.1342 0.145286 1.8276 3.95434 1.71647 134425 0 1.82914 0.598402 0
-28.6112 9.15877 -0.0155017 1.93855 4.32842 1.45556 122760 0 -1.34768 0.594806 0
-64.1421 7.14752 -0.50539 2.04994 4.55067 1.64211 119841 0 -1.22921 0.594096 0
-31.8894 42.0147 1.11374 1.92962 4.3004 1.59267 170954 0 1.92795 0.591806 0
1.06146 43.6462 1.64489 1.95466 4.41413 1.49772 173397 0 1.54589 0.591085 0
36.9919 30.1983 1.67089 2.34237 5.25105 1.87566 153853 0 -1.47364 0.59062 0
-47.1883 12.3095 -0.297366 2.03879 4.53222 1.61122 127382 0 -1.23762 0.578402 0
15.1801 -4.38736 0.659389 0.610887 0.654721 0.811425 103241 0 -1.506 0.565237 1
-69.2522 5.25651 -0.585257 2.06129 4.58568 1.68756 117017 0 1.89893 0.562812 0
-62.2426 11.7162 -0.469879 1.93311 4.25347 1.61747 126399 0 1.96379 0.557838 0
36.9146 26.9474 1.35697 2.10336 4.79719 1.52651 149173 0 1.69325 0.555905 0
-5.92844 31.8867 1.68077 2.1535 4.90175 1.59098 156059 0 -1.53744 0.55567 0
-19.6476 35.3945 1.08294 2.13764 4.83686 1.70655 161164 0 -1.15742 0.548981 0
54.5649 11.0788 1.33726 2.05121 4.6841 1.5968 125828 0 1.64344 0.52669 0
-4.35532 58.7724 2.2181 1.93821 4.41151 1.61378 195376 0 -1.5244 0.521178 0
-45.6375 17.8158 -0.0589462 2.04024 4.50218 1.64277 135343 0 -1.22538 0.519939 0
-42.1077 9.4398 -0.254363 2.01988 4.53603 1.56335 123186 0 1.85978 0.517881 0
17.7667 28.67 1.37037 1.98846 4.63156 1.45781 151453 0 1.57874 0.517108 0
4.58378 40.0491 1.78422 0.8894 0.792755 1.73783 168260 0 -0.0403198 0.511659 1
33.3909 -7.79087 0.766817 0.736446 1.52215 1.63702 98150 0 -1.31267 0.510636 1
19.3466 40.8167 1.95565 2.01527 4.678 1.50529 169242 0 1.57868 0.49621 0
-32.7908 39.2136 0.742886 1.98663 4.4714 1.49035 166739 0 1.96146 0.485289 0
-43.9602 22.9612 0.192172 1.96429 4.36999 1.64841 142836 0 -1.26371 0.483829 0
33.1524 -7.62828 0.785802 0.751082 0.882818 1.61573 98617 0 -1.32008 0.482862 1
2.1042 55.4956 2.29574 2.32239 5.37371 1.99248 190716 0 1.54067 0.480401 0
33.1914 -7.73192 0.802199 0.770309 1.0735 1.66532 98149 0 -1.33281 0.473559 1
-37.6084 22.2268 0.345443 1.97022 4.35163 1.68258 141920 0 1.80286 0.469023 0
15.1829 -11.698 0.716605 0.986109 1.85579 1.9114 92477 0 -3.09454 0.46711 2
-0.820358 20.0421 1.43412 2.07346 4.90169 1.67545 138759 0 1.6389 0.460862 0
14.1588 -3.97802 1.02978 0.840286 0.917471 1.90963 103706 0 -1.53184 0.458415 1
14.897 70.5516 2.35278 1.93289 4.31315 1.56762 212752 0 -1.55823 0.457003 0
49.116 14.285 1.20653 1.92047 4.36896 1.59006 130491 0 -1.55102 0.455911 0
3.0306 -3.78339 0.948998 0.857861 1.02699 1.65849 104139 0 -2.49116 0.453817 1
-6.55983 22.93 1.25481 1.89806 4.54742 1.4306 142953 0 -1.60343 0.450568 0
31.8403 45.2453 1.98122 2.00427 4.5038 1.543 175833 0 -1.59449 0.447549 0
-44.0101 58.35 1.10812 2.1072 4.47681 1.69923 194784 0 -1.28855 0.444204 0
-24.5133 22.2332 0.588012 2.0795 4.56298 1.56937 141961 0 -1.30307 0.444183 0
19.0555 46.5628 2.12263 1.90702 4.18426 1.55177 177665 0 1.51279 0.440229 0
18.0811 -11.3395 0.871738 2.06389 4.45527 1.75027 92954 0 0.110051 0.434775 0
-27.6702 17.7743 0.54408 2.09036 4.64838 1.82501 135399 0 1.819 0.431992 0
-7.18758 23.1583 1.39269 2.04103 4.68747 1.48551 143419 0 -1.58404 0.431977 0
1.72825 52.648 1.87481 1.90206 4.28549 1.55946 186503 0 1.66386 0.428315 0
32.8036 56.8031 1.8932 1.93993 4.46029 1.48679 192684 0 -1.60009 0.427855 0
15.0022 -4.36413 0.765213 0.645034 0.71223 1.06533 103240 0 -1.55835 0.425627 1
-18.0686 37.9433 1.11405 2.25579 5.37298 1.81117 164913 0 0.660513 0.416338 0
-28.9654 9.34794 -0.0252791 2.02649 4.56125 1.4905 123227 0 -1.08797 0.412106 0
60.0487 14.9105 1.29904 2.20154 4.87855 1.84975 131461 0 -3.07673 0.411548 0
3.0518 -3.89633 0.955717 0.845641 1.01103 1.65813 103671 0 -1.68303 0.406184 1
49.4328 20.3167 1.39494 2.04596 4.53549 1.57792 139384 0 -1.61691 0.404789 0
14.4612 -4.69091 0.883946 0.720292 0.805096 1.64217 102771 0 -1.51173 0.4045 1
20.2872 40.8419 1.95181 1.95403 4.36678 1.49184 169245 0 1.5614 0.398726 0
59.6789 8.8168 1.33332 2.16467 4.94052 1.87373 122568 0 -3.11271 0.397701 0
-6.52652 32.0581 1.70799 2.26701 5.17762 1.58366 156525 0 1.60488 0.397236 0
-16.375 -14.5575 0.386487 0.831632 0.842833 1.6786 88166 0 -1.85165 0.396684 1
49.4218 14.5395 1.26759 2.06857 4.75621 1.66547 130960 0 -1.55128 0.395627 0
15.1972 -4.50327 0.644535 0.576618 0.634905 0.812857 102773 0 -1.48137 0.394326 1
53.9144 28.931 1.59685 2.00249 4.45593 1.52788 152034 0 -1.6337 0.389947 0
-70.8787 -3.77652 -0.677032 0.930749 0.969322 1.83232 103908 0 -2.45813 0.381959 1
54.2146 8.17137 0.961892 1.92912 4.48042 1.49451 121615 0 1.68512 0.367441 0
-27.0645 17.4833 0.571135 2.12451 4.7687 1.80835 134933 0 1.74779 0.365885 0
-68.9939 5.5088 -0.61274 1.99606 4.40696 1.66049 117486 0 2.09517 0.360943 0
-17.7943 37.8691 1.19566 2.22936 5.09994 1.80316 164914 0 -1.06165 0.360216 0
1.06042 69.8948 3.2444 2.23741 4.95767 1.91051 211773 0 3.07386 0.357367 0
-32.2196 39.1169 0.726535 1.97218 4.50204 1.46048 166741 0 1.94133 0.356204 0
33.703 -7.88557 0.680924 0.620139 0.794499 1.224 98151 0 -1.36274 0.355803 1
8.91004 0.442856 0.938623 0.849346 1.51858 1.76194 110241 0 -2.88838 0.355648 1
12.9177 29.5097 1.41579 1.99502 4.69171 1.51063 152842 0 -1.55812 0.354799 0
-39.4477 28.9093 0.627422 0.761847 0.765953 1.70317 151742 0 -2.95348 0.352957 1
-44.927 58.6742 1.00081 2.46224 5.81875 1.99137 195249 0 -1.27806 0.349511 0
19.3652 46.7924 2.14267 1.99162 4.42753 1.58493 178134 0 1.56543 0.345387 0
37.5913 44.5941 1.88008 1.9919 4.54256 1.52687 174915 0 1.59683 0.344018 0
33.7376 -7.02785 0.64482 0.583689 0.640999 1.11077 99555 0 -1.36036 0.341445 1
-5.2822 68.3 2.57849 2.08864 4.79686 1.62807 209413 0 -1.40402 0.341009 0
-41.1214 30.2159 0.766982 2.02303 4.5507 1.62556 153609 0 2.10515 0.34085 0
-29.2518 9.38992 -0.0498158 2.04773 4.64188 1.50974 123226 0 1.70712 0.33535 0
-42.3647 9.21519 -0.248333 2.03383 4.50139 1.61155 122717 0 1.87488 0.333988 0
-18.3603 37.9953 0.998464 2.25473 5.4229 1.80096 164912 0 -1.26528 0.33326 0
49.1126 23.5197 1.04351 1.93025 4.4876 1.58506 144063 0 -1.51211 0.333122 0
13.0522 46.9352 1.70207 1.70231 3.76875 1.3918 178114 0 -1.55464 0.332706 0
14.1979 -4.28505 0.925796 0.772675 0.868311 1.83222 103238 0 -1.51186 0.331844 1
-41.66 11.7215 -0.228963 2.0874 4.85374 1.62473 126463 0 1.88433 0.330905 0
-3.68469 64.7838 2.37732 2.06357 4.4973 1.61504 204270 0 -1.42523 0.329772 0
-4.32646 49.7436 1.95445 1.98369 4.54868 1.66693 182272 0 -1.54098 0.328821 0
15.1778 70.8068 2.3425 2.08371 4.74237 1.69178 213221 0 -1.58907 0.325476 0
18.377 28.8851 1.38264 1.99539 4.65211 1.48204 151923 0 1.60739 0.324999 0
-35.025 30.2849 0.463965 1.89022 4.31589 1.4885 153628 0 1.87447 0.322394 0
14.1615 -3.79036 0.964604 0.825951 0.913561 1.8534 104174 0 -1.43644 0.319137 1
33.4298 54.183 1.98051 1.9728 4.33489 1.54569 188942 0 -1.55064 0.318725 0
19.6575 31.8696 1.41109 2.07971 4.68254 1.57134 156139 0 1.59933 0.316315 0
-69.5215 5.01651 -0.575977 2.17546 4.87888 1.73128 116548 0 2.91174 0.314454 0
0.855682 43.1197 1.72876 2.09507 4.8371 1.59152 172460 0 1.43273 0.313014 0
-68.7183 5.23681 -0.594313 1.72377 3.58647 1.57436 117019 0 2.03655 0.312657 0
-4.70806 44.2948 1.98231 2.13563 4.72962 1.81404 174315 0 -1.53611 0.312119 0
33.3417 -7.62207 0.759129 0.789093 1.06887 1.54678 98618 0 -1.35503 0.310815 1
-5.58508 59.0267 2.17259 1.99566 4.61932 1.62502 195840 0 1.61892 0.309878 0
51.7165 46.5242 1.80697 1.96288 4.40614 1.56254 177767 0 -1.69262 0.309834 0
51.0452 37.9124 1.89507 1.91351 4.33138 1.52072 165129 0 -1.51126 0.308187 0
49.4381 23.2248 1.07294 1.87716 4.34607 1.55767 143596 0 -1.5097 0.3019 0
2.68412 55.2915 2.25715 2.08599 4.71477 1.87809 190250 0 1.50091 0.300174 0
-41.3809 29.9339 0.741487 2.11953 4.815 1.71524 153140 0 1.99628 0.299549 0
15.396 -4.38929 0.671602 0.665471 0.727379 0.859495 103242 0 -1.45733 0.299297 1
-25.4434 22.5212 0.600763 2.07147 4.55186 1.47784 142426 0 1.62764 0.298787 0
-25.0816 22.3033 0.586054 2.05367 4.5336 1.51103 141959 0 -1.10409 0.29853 0
13.3139 46.661 1.69173 1.90456 4.32763 1.49624 177647 0 -1.50566 0.297244 0
34.1558 -6.76104 0.750292 0.741537 0.811223 1.50271 99556 0 -1.20757 0.296938 1
-38.2136 22.4903 0.288508 2.0327 4.57854 1.73725 142386 0 1.81437 0.294801 0
-34.7459 33.7287 0.733035 1.99936 4.57539 1.57959 158777 0 1.69569 0.294211 0
52.972 49.145 2.05604 2.02908 4.54271 1.6863 181515 0 -1.58158 0.290695 0
33.7537 -8.06741 0.61093 0.597693 0.638393 1.18182 97683 0 -1.34874 0.286108 1
-4.63708 49.4879 1.94007 1.98875 4.51972 1.62034 181803 0 -1.55341 0.284008 0
-0.508385 19.1063 1.41122 0.799753 0.870052 1.69705 137356 0 1.73097 0.283951 1
-39.1383 19.4659 0.00152755 1.74643 4.14795 1.53914 137703 0 1.84469 0.283318 0
-48.5411 4.53442 -0.44237 1.68984 3.64798 1.53177 116146 0 -1.27846 0.283057 0
-47.5897 6.90678 -0.329958 1.91166 4.22803 1.59586 119425 0 -1.3108 0.282775 0
-46.947 12.5479 -0.295525 1.9861 4.35011 1.56804 127851 0 -1.23446 0.281099 0
-0.368019 26.3289 1.32886 2.10088 5.04747 1.53641 148120 0 1.15675 0.281082 0
54.8789 28.964 1.67269 2.05166 4.57206 1.67572 152037 0 -1.61431 0.28082 0
-43.437 23.1031 0.148882 2.01709 4.47997 1.68836 143306 0 -1.27545 0.279546 0
1.72599 52.3797 1.83571 1.90428 4.31941 1.5721 186035 0 -2.84101 0.279193 0
31.2494 39.0997 1.79252 2.10577 4.79017 1.59094 166939 0 -1.52537 0.277925 0
21.285 67.0488 2.25852 2.06 4.68921 1.65178 207624 0 1.65418 0.276061 0
1.45921 52.3824 1.86793 2.01911 4.64917 1.66214 186034 0 1.53598 0.273468 0
36.8659 15.4341 1.12193 2.28889 5.71419 1.70946 132325 0 1.6361 0.27297 0
11.8846 26.3085 1.30749 2.19772 5.25295 1.61057 148159 0 -1.53948 0.27193 0
-33.3753 39.2749 0.776995 2.07585 4.65354 1.58302 166737 0 1.93238 0.271837 0
1.1655 55.5136 2.45454 2.46759 6.10504 2.1113 190713 0 -1.60014 0.271757 0
49.1431 20.0668 1.39672 2.007 4.42122 1.54396 138915 0 -1.51938 0.271114 0
-39.3171 28.9373 0.604364 0.787253 0.784918 1.71954 151743 0 2.3716 0.269689 1
59.6815 46.8742 2.1945 2.03675 4.58535 1.68318 178260 0 3.02112 0.269033 0
37.9279 36.0103 1.40487 1.91614 4.39696 1.47289 162280 0 1.61179 0.268663 0
2.03368 52.904 1.90865 1.82414 3.99667 1.51257 186972 0 -1.46356 0.268554 0
18.4655 40.8129 1.74858 1.9808 4.62246 1.4967 169239 0 1.58911 0.268079 0
-36.9625 22.0027 0.337319 2.01003 4.51546 1.68184 141454 0 1.77607 0.267511 0
-34.4245 33.4499 0.742308 1.97834 4.55579 1.57577 158310 0 1.71886 0.266616 0
14.051 -4.72585 0.857364 0.762723 0.864002 1.73108 102769 0 -1.44153 0.265998 1
54.5629 26.0481 1.54865 1.98665 4.40391 1.49465 147824 0 1.50298 0.264987 0
-71.7056 -2.96682 -0.794975 0.925618 0.991669 1.77866 104841 0 -2.11719 0.264533 1
18.05 28.4178 1.38168 1.98615 4.59745 1.4416 150986 0 1.59042 0.263698 0
14.9557 -4.5424 0.780492 0.667709 0.726494 1.10486 102772 0 -1.55043 0.262426 1
46.5313 -27.7274 0.0910594 2.03328 4.61818 1.70202 69175 0 -1.52421 0.262368 0
45.9088 -30.5356 -0.161217 1.97033 4.40708 1.60483 64961 0 -1.41225 0.262001 0
-61.6771 11.6611 -0.467966 1.69545 3.49827 1.5112 126401 0 2.12856 0.261445 0
38.5493 34.7453 1.47452 2.01132 4.51704 1.5331 160410 0 1.64009 0.261072 0
55.5389 34.0989 1.65058 2.0576 4.68675 1.59918 159527 0 1.62023 0.260788 0
52.6718 49.4231 2.05031 1.94482 4.29491 1.62471 181982 0 -1.60835 0.260729 0
55.2143 14.257 1.05631 2.02624 4.62131 1.62061 130510 0 1.59517 0.260537 0
-47.1278 56.4981 0.667048 2.27096 5.20915 1.69288 191966 0 -1.21724 0.259925 0
-67.6625 11.3586 -0.645883 2.02105 4.52358 1.56334 125914 0 -1.107 0.259145 0
49.7256 20.6034 1.44866 2.15707 4.8501 1.66385 139853 0 -1.63193 0.258775 0
33.4183 57.0245 1.99449 1.99721 4.40279 1.54799 193154 0 -1.58335 0.256202 0
46.2874 -27.976 0.0594215 1.878 4.17196 1.6066 68706 0 -1.44233 0.255279 0
1.06901 70.5366 3.2149 2.54311 6.02838 2.15497 212709 0 3.04494 0.255208 0
14.62 70.3014 2.35399 1.83252 4.03215 1.51544 212283 0 -1.5333 0.255132 0
33.5153 -8.08326 0.708221 0.67006 1.27734 1.45932 97682 0 -1.32692 0.254861 1
51.0581 47.5265 1.91317 2.03934 4.49332 1.62687 179169 0 -3.113 0.254475 0
31.211 45.0129 1.94491 1.94749 4.44357 1.54147 175363 0 -1.5937 0.254408 0
-25.7644 17.1436 0.525461 2.14618 4.77093 1.75865 134469 0 -1.27425 0.25365 0
-3.96063 64.5134 2.39594 1.97176 4.35933 1.6026 203801 0 -1.37479 0.253265 0
-5.58745 28.9875 1.43988 2.01842 4.67823 1.55539 151848 0 -1.48675 0.252043 0
49.7622 22.9143 1.11785 1.88903 4.28368 1.54961 143129 0 -1.48576 0.251393 0
32.8035 56.5558 1.90712 1.89142 4.30044 1.47615 192216 0 -1.9201 0.251065 0
-5.85715 41.0254 1.80716 2.11041 4.79546 1.51744 169631 0 -1.55502 0.250693 0
54.8532 25.7994 1.57438 1.93773 4.31382 1.47997 147357 0 1.53321 0.250429 0
-24.2092 22.494 0.597062 2.13291 4.61833 1.58861 142430 0 -1.3831 0.250293 0
19.3224 46.3327 2.09005 1.95194 4.33573 1.59917 177198 0 1.5458 0.250179 0
34.2876 -6.73031 0.740988 0.814877 0.849353 1.62643 99557 0 -1.12618 0.249138 1
38.2464 35.0144 1.41186 1.98118 4.50692 1.48451 160877 0 1.61105 0.248826 0
-3.70329 49.4864 1.95589 2.05012 4.70352 1.71694 181806 0 -1.50344 0.24713 0
49.1094 14.0111 1.1732 1.80214 4.01016 1.53525 130023 0 -1.54287 0.247042 0
50.7297 37.6498 1.88682 1.82634 4.20653 1.47315 164660 0 -1.51003 0.24661 0
-35.3491 34.0512 0.725668 1.97445 4.42127 1.5625 159243 0 2.09392 0.245574 0
48.5813 11.4463 1.13474 1.92894 4.28636 1.6983 126277 0 -1.52091 0.244743 0
49.4265 23.7783 1.17848 1.96855 4.53583 1.57587 144532 0 -1.49901 0.2431 0
14.4383 -4.82608 0.854783 0.757814 0.83412 1.6808 102303 0 -1.47823 0.242961 1
14.5233 -4.37156 0.883017 0.715704 0.816951 1.66041 103239 0 -1.52029 0.242577 1
-70.8122 -4.19845 -0.627135 0.949803 0.986995 1.82072 102972 0 1.73339 0.242528 1
32.5041 54.2084 1.93343 1.97713 4.49287 1.51131 188939 0 -1.47193 0.242226 0
31.1765 18.5083 1.10534 1.7754 4.08499 1.43055 136519 0 -1.48755 0.241868 0
15.7386 55.4273 2.29706 2.30128 5.35125 1.91081 190759 0 -1.49035 0.241676 0
48.4962 20.3378 1.30785 2.06529 4.60242 1.62993 139381 0 -1.59731 0.241611 0
1.33776 43.4055 1.64806 1.79891 3.9483 1.46307 172930 0 1.49239 0.241362 0
13.546 47.4148 1.73986 2.10326 4.92651 1.60659 179052 0 -1.61768 0.241095 0
10.5256 -5.78105 0.789277 0.898459 0.935594 1.7348 100886 0 1.79795 0.240871 1
15.0167 -11.7057 0.705734 0.930766 1.75438 1.86906 92476 0 -3.06429 0.240665 2
60.0097 46.6051 2.17424 1.9277 4.24281 1.59501 177793 0 2.70579 0.240244 0
51.2968 47.5223 1.88533 2.16579 4.86503 1.69403 179170 0 -2.84224 0.239235 0
-32.4177 42.3083 1.10518 2.19748 5.27648 1.78302 171420 0 1.90184 0.239215 0
50.3974 38.186 1.84304 1.91568 4.30857 1.50613 165595 0 -1.5005 0.238641 0
51.6657 37.6577 1.85955 1.99626 4.53535 1.58922 164663 0 -1.50684 0.238519 0
31.5655 38.6688 1.79041 1.84834 4.14895 1.55794 166004 0 -1.51251 0.237965 0
-40.1052 16.9246 0.0803715 1.92218 4.33552 1.75308 133956 0 1.75008 0.2379 0
-34.0754 33.1514 0.766843 2.00245 4.50511 1.54345 157843 0 1.9799 0.237362 0
-46.5597 52.9405 0.802018 2.08653 4.77563 1.62749 186820 0 1.98478 0.237227 0
-5.26807 49.7452 2.01285 2.12277 4.87015 1.72792 182269 0 -1.56054 0.236778 0
32.458 35.76 1.6939 2.24395 5.52013 1.8282 161795 0 -1.54092 0.236372 0
-19.2924 38.298 0.877487 2.19365 5.01813 1.64342 165377 0 -1.21954 0.236345 0
36.6939 44.6337 1.77924 1.91403 4.33174 1.51879 174912 0 1.58713 0.235821 0
50.0986 37.9461 1.81004 1.82888 4.17731 1.47146 165126 0 -1.50799 0.235358 0
-6.56176 22.6274 1.25622 1.77159 3.97115 1.3564 142485 0 -1.59694 0.234946 0
-71.6948 -2.82326 -0.770971 0.907533 0.973925 1.76408 105309 0 -2.15943 0.234622 1
53.9747 7.92825 0.975459 1.76788 4.07854 1.45465 121146 0 1.72398 0.234046 0
60.6503 46.2523 2.17405 1.95917 4.30168 1.57532 177327 0 0.782241 0.233818 0
15.4273 67.445 2.18996 2.20421 5.12514 1.85546 208074 0 -1.4945 0.233526 0
-0.519279 19.2965 1.39338 0.954379 1.29638 1.68066 137824 0 1.6834 0.232589 1
48.5111 14.5209 1.21186 2.01168 4.59611 1.62243 130957 0 -1.54669 0.232479 0
30.6138 21.3854 1.21838 1.66294 3.83622 1.36069 140729 0 -1.4791 0.232201 0
-26.0524 22.6102 0.633558 2.03949 4.43871 1.46753 142424 0 1.79883 0.231584 0
49.1126 22.9144 1.01171 1.92625 4.42263 1.54856 143127 0 -1.55434 0.231263 0
55.4887 14.5381 0.996387 2.04294 4.76424 1.60297 130979 0 1.56401 0.230351 0
50.3979 23.2147 1.19423 1.96604 4.39102 1.54028 143599 0 -1.52442 0.229738 0
-46.6245 12.0305 -0.335246 1.76469 3.82757 1.51641 126916 0 -1.23118 0.22955 0
51.6823 46.8437 1.83583 2.08567 4.68921 1.62898 178235 0 -1.76034 0.22899 0
37.5503 26.7654 1.28704 2.0572 4.73482 1.50922 148707 0 1.67343 0.228929 0
20.9683 58.4195 2.3062 2.00408 4.43936 1.71277 194987 0 1.56742 0.228288 0
-54.4667 47.8532 0.615615 2.31567 5.63209 1.86738 179307 0 -1.22301 0.227946 0
-3.37538 55.838 2.06683 2.00369 4.49731 1.56081 191167 0 -1.55481 0.227521 0
-39.4737 28.7503 0.591338 0.795266 0.871126 1.69826 151274 0 -2.89959 0.226245 1
50.0693 23.5063 1.22922 1.96996 4.44066 1.56007 144066 0 -1.56884 0.226211 0
30.6225 38.9406 1.70849 1.95924 4.50547 1.56695 166469 0 1.58685 0.226058 0
19.3077 31.6386 1.42321 2.11169 4.75835 1.54446 155670 0 1.59013 0.224343 0
42.7228 51.6724 2.09785 0.793093 0.793337 1.7101 185227 0 -2.22741 0.223734 1
32.4264 45.0135 1.92485 1.94806 4.37981 1.54961 175367 0 -1.58177 0.222296 0
53.6661 8.18892 0.939775 1.70185 3.87979 1.45451 121613 0 1.73218 0.222124 0
34.4267 31.1693 1.32184 0.712405 0.702952 1.60979 155249 0 -3.07734 0.221245 1
-26.3825 17.1845 0.544008 2.13321 4.76257 1.78817 134467 0 -1.26542 0.220472 0
15.4519 70.3184 2.35558 2.16328 4.9473 1.7853 212286 0 -1.54211 0.220309 0
55.5109 15.5113 1.06387 1.99068 4.47847 1.53019 132383 0 1.59475 0.220208 0
32.1507 45.5101 2.01311 2.00402 4.47935 1.57448 176302 0 -1.59749 0.220072 0
-4.31437 65.0676 2.39562 2.21372 5.03074 1.73561 204736 0 -1.48042 0.220037 0
0.688065 28.9616 1.41798 1.63819 3.55116 1.39101 151868 0 1.59774 0.219225 0
38.2121 44.3818 1.92298 1.8998 4.31004 1.51771 174449 0 1.60627 0.219085 0
13.805 46.9482 1.73181 2.16445 5.0692 1.69691 178117 0 -1.55018 0.218811 0
60.3204 46.5696 2.20701 1.9826 4.41058 1.61524 177794 0 0.560089 0.21878 0
11.5952 19.1417 1.15683 2.11019 5.06982 1.58798 137394 0 -1.57071 0.218554 0
-65.7531 10.9663 -1.21865 0.80575 1.19735 1.74877 125452 0 2.05967 0.218373 2
15.4185 -4.526 0.646055 0.609997 0.682344 0.856115 102774 0 -1.47652 0.218282 1
-5.02201 31.8245 1.58538 2.05321 4.89419 1.63789 156062 0 -1.50178 0.217888 0
36.9954 44.3809 1.73669 1.89506 4.29375 1.50291 174445 0 1.56186 0.217565 0
3.25449 -3.92285 0.918142 0.863325 1.15777 1.70244 103672 0 -1.63851 0.217441 2
32.5412 55.8355 1.99107 1.9766 4.40217 1.54782 191279 0 -3.05695 0.216483 0
-1.39062 20.2581 1.435 2.08617 4.9834 1.62427 139225 0 1.68402 0.216273 0
-6.84843 26.1609 1.55791 2.116 4.86528 1.71928 147632 0 -0.648909 0.216165 0
-3.3793 49.7363 1.97663 2.06516 4.6904 1.7326 182275 0 -1.57747 0.215897 0
-34.7599 30.4775 0.47631 1.91322 4.41976 1.49615 154097 0 2.7567 0.215856 0
-47.1512 15.1393 -0.133865 2.30054 5.04004 1.69148 131594 0 -1.24852 0.215637 0
9.04064 0.286331 0.932854 0.892524 1.27859 1.75622 109774 0 -2.99331 0.215289 1
21.5933 66.773 2.24861 2.00737 4.60991 1.63379 207157 0 1.60111 0.213612 0
-64.7242 7.22637 -0.487898 2.23762 5.01259 1.72488 119839 0 -1.3164 0.212702 0
33.7559 -7.47263 0.631069 0.620171 0.670814 1.12967 98619 0 -1.39418 0.212537 1
-34.7086 30.0014 0.505932 1.91337 4.26869 1.45079 153161 0 1.62508 0.211718 0
51.3643 38.1837 1.85222 1.95494 4.3781 1.55871 165598 0 -1.58575 0.211459 0
32.1552 43.9977 1.86124 1.94506 4.41359 1.53545 173962 0 -1.52817 0.211216 0
-4.63955 49.9947 2.00908 2.06027 4.63517 1.67154 182739 0 -1.52714 0.210956 0
-46.8472 52.638 0.798091 2.14109 4.91716 1.68571 186351 0 1.83888 0.21038 0
13.0316 43.7662 1.74674 1.85983 3.98314 1.6805 173434 0 -1.53849 0.210218 0
2.6781 55.7345 2.26883 2.26709 4.92428 1.93792 191186 0 1.57005 0.209891 0
38.2232 35.7027 1.43309 1.93881 4.45731 1.49342 161813 0 1.63016 0.209802 0
51.3336 47.2344 1.86254 2.11702 4.71051 1.64961 178702 0 -0.99317 0.209783 0
18.3234 -11.5871 0.890391 2.25178 5.08653 1.84764 92487 0 0.0536035 0.209212 0
55.7968 34.3752 1.76536 2.10707 4.90706 1.66971 159996 0 1.60286 0.208391 0
-34.4598 30.2134 0.510854 1.92787 4.36711 1.47265 153630 0 -2.18604 0.208177 0
30.3214 18.9266 1.09463 1.8993 4.47284 1.45491 137452 0 -1.52623 0.208045 0
2.8146 -3.74016 1.03706 0.851375 1.54118 1.5286 104138 0 -1.96225 0.207905 2
55.2086 14.8558 0.995053 2.00858 4.5932 1.60529 131446 0 1.55333 0.207588 0
-35.9887 34.3973 0.730323 1.99011 4.40446 1.58497 159709 0 2.12849 0.207352 0
19.6686 40.5842 1.94921 1.90864 4.26192 1.47095 168775 0 1.57957 0.206027 0
-35.6462 30.5375 0.470359 1.9427 4.35563 1.51445 154094 0 1.90629 0.205912 0
33.9339 -7.19592 0.552403 0.596735 0.66787 1.05825 99088 0 -1.34403 0.20411 1
20.968 67.3257 2.28414 1.98408 4.45924 1.63474 208091 0 1.72894 0.203705 0
-63.2501 6.86633 -0.568074 1.98727 4.34373 1.62282 119376 0 -1.20829 0.202532 0
-22.5995 -9.36604 0.986209 0.801201 0.86281 1.74916 95635 0 1.38419 0.202488 1
12.0874 29.0362 1.43221 1.75557 3.93748 1.47892 151903 0 -1.48023 0.201974 0
-26.7073 17.2029 0.539793 2.10396 4.68201 1.79466 134466 0 -0.422378 0.201412 0
38.2197 36.2613 1.54718 1.93247 4.34193 1.50315 162749 0 1.61388 0.201222 0
13.82 44.2267 1.77222 2.21218 5.12727 1.86603 174373 0 -1.56315 0.201004 0
15.4407 67.909 2.31144 2.34772 5.40468 1.92653 209010 0 -1.59751 0.200705 0
-67.3996 11.6325 -0.677311 1.93695 4.31023 1.52674 126383 0 -1.08317 0.200643 0
-43.3915 22.6532 0.113254 1.93248 4.38668 1.7052 142370 0 -1.25931 0.200501 0
-34.4287 29.9706 0.51069 1.9334 4.33223 1.45528 153162 0 2.77012 0.200444 0
22.2112 67.0167 2.28379 2.0375 4.6074 1.64447 207627 0 1.66637 0.200238 0
48.192 14.271 1.17244 1.97366 4.50415 1.64986 130488 0 -1.55967 0.199819 0
-71.3207 -2.95975 -0.801402 0.909763 0.98113 1.7828 104843 0 -2.00546 0.199748 1
32.1358 44.6883 1.87349 1.91071 4.25781 1.5268 174898 0 -1.55853 0.199218 0
-27.1395 14.7494 0.398604 2.31771 5.60553 1.97852 131189 0 1.8259 0.198868 0
59.908 8.51891 1.27163 2.41305 5.54209 1.98779 122101 0 -2.83366 0.198851 0
-19.7152 35.8984 1.08894 2.18862 4.94194 1.7178 162100 0 -1.1607 0.198536 0
9.10265 0.652054 0.933761 0.911197 1.23884 1.75273 110710 0 -2.95843 0.197848 1
-40.8517 30.5142 0.758969 1.98756 4.46991 1.60572 154078 0 2.25814 0.197815 0
52.9527 49.7051 2.06909 2.06934 4.65572 1.73112 182451 0 -1.63982 0.19761 0
59.9466 13.5951 1.38659 2.13606 4.74031 1.69398 129589 0 0.113204 0.195556 0
32.2247 56.821 1.88766 1.94138 4.47869 1.50961 192682 0 1.71936 0.195278 0
-27.0928 17.9918 0.569781 2.11105 4.7401 1.78185 135869 0 1.81236 0.195183 0
60.9517 45.9513 2.14062 1.9411 4.29791 1.55799 176860 0 1.23412 0.195006 0
0.597672 43.4037 1.75686 2.19483 5.24425 1.66042 172927 0 1.51041 0.194681 0
67.9876 10.4087 1.54816 2.11061 4.76576 1.66908 124934 0 0.179942 0.194476 0
-40.9094 11.9165 -0.155611 1.7327 3.74655 1.4423 126934 0 1.88772 0.194029 0
45.9301 -33.4447 -0.417465 1.96083 4.45388 1.54447 60749 0 -1.50497 0.193509 0
59.4604 9.09605 1.34529 1.88528 4.12755 1.75221 123035 0 -3.10672 0.192856 0
38.5404 44.6173 2.03856 1.99518 4.46353 1.57587 174918 0 1.59395 0.192553 0
-46.5762 52.3501 0.784014 1.89924 4.32656 1.55023 185884 0 -1.2065 0.19237 0
51.95 37.9117 1.84268 2.07771 4.69014 1.6407 165132 0 -1.57391 0.19231 0
31.4671 18.9105 1.09277 1.93101 4.43961 1.50685 137456 0 -1.51925 0.192263 0
33.4001 56.5753 1.96693 1.83341 4.09322 1.47043 192218 0 -1.59061 0.192142 0
-31.2473 41.754 1.09938 1.87461 4.12357 1.51634 170488 0 1.85502 0.191997 0
-37.8961 22.028 0.250663 1.92308 4.17027 1.68703 141451 0 1.76713 0.191496 0
-62.4957 11.4562 -0.491173 2.037 4.53648 1.65713 125930 0 1.88883 0.191366 0
-46.2678 52.6404 0.784523 1.84025 4.10841 1.51629 186353 0 -1.27506 0.190996 0
-1.0999 19.762 1.4436 2.09592 4.97755 1.69895 138290 0 1.66641 0.190335 0
54.5751 23.2008 1.55503 1.93496 4.32473 1.51247 143612 0 1.51582 0.190222 0
51.959 45.966 1.75813 2.07139 4.70758 1.6249 176832 0 -1.45832 0.190102 0
48.5269 23.2453 0.994195 1.93728 4.40463 1.61588 143593 0 -1.55545 0.190038 0
-29.6097 63.1547 1.25446 2.09216 4.70157 1.63678 201849 0 -1.27716 0.189962 0
33.5797 -7.18488 0.647979 0.662834 0.771764 1.2264 99086 0 -1.45225 0.18991 1
-3.68766 55.5759 2.07869 2.03426 4.56629 1.58693 190698 0 -1.59444 0.189826 0
15.2048 61.6391 2.02455 2.11203 4.70409 1.61086 199649 0 -1.5425 0.189672 0
49.4399 22.6065 1.12023 1.8943 4.34934 1.51878 142660 0 -1.51208 0.189422 0
14.8878 70.007 2.36042 1.86048 4.09944 1.53872 211816 0 -1.5085 0.189326 0
15.4094 64.568 2.12726 2.22603 5.23967 1.71282 203862 0 -1.4766 0.189254 0
0.705276 31.6013 1.74412 1.8668 4.03363 1.76193 155612 0 1.64427 0.188943 0
32.553 56.5493 1.88136 1.9014 4.3395 1.48751 192215 0 -2.38047 0.188897 0
13.9805 73.5575 2.08154 1.63365 3.70714 1.38716 216961 0 -1.53333 0.188771 0
-53.9201 47.2913 0.531377 1.90161 4.21528 1.54648 178373 0 -1.33907 0.188381 0
38.2359 35.3583 1.42745 1.97224 4.55073 1.48823 161345 0 1.62177 0.188369 0
1.19619 52.8946 2.00489 2.07945 4.89255 1.70933 186969 0 1.56237 0.188298 0
51.3794 46.8841 1.82696 2.00241 4.44882 1.57531 178234 0 -1.26724 0.187699 0
12.4212 32.2416 1.4704 1.68093 3.625 1.39906 156584 0 -1.51566 0.187349 0
-4.31032 55.8387 2.07428 2.0209 4.54201 1.65305 191164 0 -1.55401 0.186576 0
-6.54199 26.288 1.57282 2.22922 4.9154 1.68356 148101 0 -1.51913 0.186515 0
-18.6235 23.1562 0.827432 2.21971 5.21785 1.62968 143383 0 1.71825 0.186481 0
56.4824 15.2093 1.03714 2.00389 4.39829 1.5011 131918 0 1.78404 0.186417 0
-46.2818 52.9439 0.80324 1.98019 4.47646 1.56776 186821 0 2.7875 0.186333 0
22.5367 66.7459 2.2894 2.07323 4.67922 1.67491 207160 0 1.60586 0.186279 0
3.30016 55.4938 2.20268 2.04499 4.34251 1.79335 190720 0 1.51843 0.186221 0
-3.6901 64.2069 2.40598 1.93368 4.27785 1.5725 203334 0 -1.27625 0.185783 0
-53.7041 48.0693 0.561942 2.09421 4.47254 1.64186 179778 0 -0.95442 0.185336 0
58.0752 45.5793 2.18765 2.0602 4.69454 1.67084 176383 0 1.55689 0.185307 0
-33.4566 32.8094 0.895232 2.02528 4.45146 1.54816 157377 0 2.04079 0.185109 0
21.2644 58.6847 2.37267 2.09085 4.62794 1.78619 195456 0 1.55444 0.184673 0
1.751 53.1872 1.92298 1.94794 4.37619 1.59109 187439 0 1.58373 0.184444 0
53.9374 25.8136 1.54166 1.94151 4.3406 1.4538 147354 0 1.47985 0.18385 0
-28.6437 11.978 0.0318494 2.07993 4.56736 1.62073 126972 0 -1.35618 0.183782 0
55.1896 28.7211 1.71442 2.09765 4.67657 1.74103 151570 0 -1.57677 0.183715 0
35.7756 21.0571 1.32182 1.9354 4.43759 1.57839 140277 0 1.60766 0.183583 0
-5.99156 23.1438 1.2935 1.92669 4.4631 1.47796 143423 0 -1.55242 0.183461 0
-6.23934 29.2456 1.45438 2.11364 4.8452 1.61921 152314 0 -1.48088 0.182569 0
32.1422 44.3346 1.83307 1.94998 4.41365 1.53281 174430 0 -1.51977 0.182065 0
-67.0824 11.0704 -0.675866 1.81362 3.89014 1.47268 125448 0 -1.09225 0.181506 0
55.2166 15.2104 0.993567 2.00129 4.52143 1.5692 131914 0 1.556 0.181172 0
46.1655 -30.2783 -0.157779 2.09947 4.76544 1.68062 65430 0 -1.49732 0.179951 0
-4.58257 58.4833 2.19892 1.7816 4.07891 1.51685 194907 0 -1.47476 0.17992 0
-5.57685 68.5426 2.60915 2.15904 4.90093 1.71041 209880 0 -1.1953 0.179355 0
-33.806 33.389 0.826336 2.05805 4.59087 1.60998 158312 0 1.81725 0.179204 0
50.0776 22.6001 1.1858 1.88931 4.18648 1.50106 142662 0 -1.39606 0.178556 0
55.8452 20.0013 1.30928 2.0089 4.55169 1.56507 138936 0 1.51292 0.178377 0
-44.318 23.4069 0.24656 2.03971 4.52949 1.63104 143771 0 -1.24845 0.178044 0
19.0196 28.6987 1.41664 1.93841 4.31372 1.48585 151457 0 -1.55434 0.177668 0
-71.0888 -3.9725 -0.691421 0.936486 1.00322 1.84627 103439 0 1.32999 0.177361 1
-35.3594 30.826 0.507096 2.01152 4.55642 1.54913 154563 0 2.22848 0.177014 0
0.0841675 25.8871 1.28346 1.83355 4.17476 1.41638 147186 0 -1.51986 0.176958 0
14.1378 -3.08009 0.804315 0.76956 0.849312 1.63783 105110 0 -1.16151 0.176943 1
34.0034 53.9662 1.96481 2.11411 4.75286 1.68397 188476 0 -1.48757 0.176714 0
68.2971 10.7191 1.41109 2.08173 4.61566 1.62915 125403 0 0.176912 0.176503 0
19.9265 46.6032 2.11754 2.1886 4.99533 1.73114 177668 0 -1.63455 0.176466 0
54.5458 11.5844 1.31565 2.18217 4.96411 1.68098 126764 0 1.50605 0.176205 0
-3.99896 56.1064 2.07869 2.03193 4.57133 1.64362 191633 0 -1.51971 0.176041 0
14.1495 -3.29326 0.863788 0.805068 0.890024 1.70456 104642 0 -1.21935 0.175966 1
-41.84 9.66026 -0.195405 2.05073 4.52102 1.54967 123655 0 1.85176 0.175624 0
54.8751 22.8907 1.50161 1.9656 4.41944 1.51941 143145 0 1.51319 0.175228 0
53.2356 48.8567 2.041 2.1818 4.89368 1.80893 181048 0 -1.51473 0.175208 0
-5.5761 49.4934 2.02988 2.05729 4.662 1.71582 181800 0 -1.49733 0.174983 0
-33.4372 39.749 0.812004 2.15518 4.8306 1.6742 167673 0 1.97868 0.174682 0
37.2766 24.1454 1.01504 2.20989 5.14571 1.71496 144962 0 1.63576 0.174213 0
48.486 23.7618 1.05225 1.98038 4.44842 1.615 144529 0 1.93215 0.173673 0
-3.39828 65.0368 2.37959 2.21778 4.93822 1.6841 204739 0 -1.4927 0.173516 0
54.5508 29.1836 1.67438 2.09176 4.79333 1.65854 152504 0 -1.68788 0.173077 0
37.2776 30.4164 1.64351 2.75501 6.24394 2.06538 154322 0 -1.547 0.172988 0
54.0123 11.3049 1.20735 1.73533 3.76316 1.47742 126294 0 1.56945 0.172659 0
0.376747 26.1657 1.23638 1.72005 3.81589 1.37434 147655 0 -1.54393 0.171938 0
-45.8541 17.5508 -0.067949 2.09358 4.7021 1.66503 134874 0 -1.22201 0.171516 0
-45.0358 17.732 -0.113877 2.09774 4.689 1.69211 135345 0 -1.20293 0.171414 0
38.8733 36.0029 1.67022 1.98175 4.5207 1.57248 162283 0 1.62961 0.171137 0
14.0194 73.9711 2.11999 1.87182 4.07801 1.42549 217897 0 -1.612 0.170684 0
-7.78756 22.9603 1.42261 2.04832 4.79214 1.57437 142949 0 -1.61173 0.170379 0
54.3173 10.8395 1.27928 1.79597 4.02775 1.4942 125359 0 1.66738 0.170001 0
14.5066 -3.98862 0.955408 0.792892 0.858304 1.73401 103707 0 -1.45177 0.169878 1
-26.6612 22.8755 0.614417 2.13263 4.72687 1.51488 142890 0 1.84359 0.169646 0
60.0357 46.2852 2.138 1.88836 4.03301 1.56294 177325 0 1.45439 0.169466 0
-4.31977 49.1845 1.92877 1.92283 4.16273 1.60512 181336 0 -1.53702 0.16924 0
48.2038 23.5473 1.05848 2.01162 4.52796 1.627 144060 0 -1.4229 0.169028 0
51.0078 23.4989 1.19392 2.06644 4.65592 1.57792 144069 0 -1.59903 0.168816 0
67.7186 10.7139 1.51698 2.07647 4.70183 1.68015 125401 0 0.207053 0.168608 0
-71.1017 -3.71755 -0.694762 0.92537 1.00126 1.82764 103907 0 -2.09895 0.168505 1
-22.7766 -9.3705 0.992802 0.826495 0.923231 1.73722 95634 0 1.35248 0.168347 1
15.4046 58.6388 2.0383 2.2707 5.29761 1.76874 195438 0 -1.45961 0.168293 0
2.08884 54.9711 2.24156 2.25117 5.3095 1.97742 189780 0 1.50652 0.168233 0
55.4956 26.0663 1.66882 1.99823 4.35753 1.54516 147827 0 1.50583 0.167924 0
11.3824 19.8687 1.17548 1.96003 4.70922 1.59097 138797 0 -1.62366 0.16742 0
-5.61216 43.7617 1.99236 2.2763 5.13645 1.84554 173376 0 -1.5672 0.167338 0
-2.72649 49.4629 2.04044 2.04474 4.56347 1.71546 181809 0 -1.53344 0.167317 0
49.4812 38.2292 1.79276 1.90482 4.35866 1.49907 165592 0 -1.50206 0.167065 0
52.6766 48.8447 2.03509 1.93399 4.28935 1.59492 181046 0 -1.48932 0.166901 0
-5.2608 69.6146 2.8994 2.10471 4.56046 1.67394 211285 0 0.0384818 0.166745 0
-28.2403 18.063 0.536143 2.24656 5.1507 1.92721 135865 0 1.84075 0.166743 0
-6.57169 23.3884 1.31424 2.05112 4.71497 1.47794 143889 0 -1.53519 0.16671 0
-71.3319 -2.82064 -0.765719 0.897694 0.960176 1.76586 105311 0 -2.14547 0.16668 1
