44.2823 -6.92823 1.43416 2.92162 7.88245 3.17617 99588 0 1.62053 0.969474 0
18.3962 11.7327 1.04726 2.12337 4.88238 1.51187 126651 0 1.64247 0.951233 0
22.6454 7.20477 0.965659 2.08654 4.92011 1.516 120112 0 0.222037 0.948821 0
-6.8138 11.3178 1.00817 2.0027 4.57038 1.46687 126104 0 -1.48506 0.939162 0
10.6629 12.7358 1.18997 2.24886 5.21454 1.89333 128031 0 -1.56722 0.936622 0
5.53001 20.0387 1.1998 2.10765 4.72807 1.527 138779 0 0.12441 0.927211 0
-1.96962 11.0485 1.18896 2.03 4.58524 1.811 125651 0 1.62807 0.91756 0
-0.864746 17.092 1.36427 2.0795 4.80358 1.82775 134547 0 1.62321 0.909816 0
36.0698 9.071 1.03957 2.00372 4.58193 1.4922 122962 0 1.66028 0.900939 0
-32.8001 -5.04468 -0.501387 2.07083 4.39962 1.54023 102155 0 -1.59744 0.895793 0
-20.642 32.723 1.18715 2.36372 5.45173 1.82509 157417 0 -1.18538 0.888114 0
30.6172 15.9068 1.23958 1.96569 4.40954 1.68978 132773 0 -1.48885 0.887888 0
10.6893 15.8252 1.23903 2.22871 5.10173 1.85099 132711 0 -1.5303 0.885057 0
31.1289 12.3056 1.04868 1.97523 4.7581 1.47764 127627 0 1.62886 0.87464 0
-44.6807 -11.1106 -0.75633 2.0537 4.42509 1.81892 93226 0 0.0328757 0.873961 0
31.2037 30.9029 1.36905 2.11753 4.86407 1.50732 154771 0 1.58013 0.868809 0
-12.2094 13.296 0.800178 2.06908 4.65545 1.52747 128895 0 -3.03003 0.865544 0
48.7368 5.69576 1.12553 2.15185 5.0733 1.87712 117854 0 -1.48029 0.857158 0
-19.6937 8.03774 0.682986 2.01226 4.54375 1.53572 121384 0 1.61441 0.854711 0
13.2806 41.1335 1.90656 2.12234 4.91981 1.90864 169691 0 -1.52524 0.854469 0
-29.8808 6.63836 -0.0686881 2.1566 4.92363 1.5698 119012 0 -1.2919 0.852848 0
48.4049 8.51617 0.987072 2.03766 4.68401 1.658 122065 0 -1.48379 0.850899 0
-6.54871 17.4624 1.08532 2.07237 4.79861 1.54607 134997 0 -1.51449 0.849222 0
9.04086 0.739502 0.939132 0.894102 1.05115 1.7566 110710 0 3.02378 0.845825 1
-19.0197 11.4878 0.826893 1.99456 4.55779 1.78422 126066 0 1.68649 0.843266 0
10.3488 -5.69053 0.803977 0.848994 0.962135 1.70018 101354 0 -1.44113 0.841435 1
-0.396301 22.9019 1.44823 2.16113 5.08353 1.79821 142972 0 -1.47631 0.839868 0
17.7043 20.0057 1.20644 2.06291 4.83646 1.50802 138817 0 1.63545 0.839257 0
13.8887 38.188 1.71986 2.09805 4.85306 1.63865 165481 0 -1.54033 0.831335 0
-6.57721 20.3036 1.18837 2.12163 5.02829 1.44619 139209 0 -1.53451 0.831322 0
18.4798 15.4131 1.21628 2.21045 4.66219 1.72803 132267 0 1.61803 0.830935 0
17.373 22.8275 1.46576 2.13202 5.04171 1.70622 143028 0 1.60888 0.830651 0
11.7251 22.3129 1.3953 1.94796 4.36764 1.73409 142074 0 -1.52541 0.829468 0
25.9968 2.04346 0.989248 0.856858 0.955427 1.73764 112635 0 0.22949 0.827541 1
-42.1338 -11.6465 -0.858207 1.99209 4.40619 1.59282 92298 0 0.051693 0.826601 0
-18.7808 19.7636 0.9512 2.17147 4.74219 1.9132 138235 0 1.71755 0.821976 0
-36.541 -11.6354 -0.697273 2.36628 5.2505 2.09715 92315 0 0.0273495 0.811323 0
0.188393 31.7635 1.73711 2.18765 5.02142 1.88296 156078 0 1.65899 0.810202 0
11.3741 19.4304 1.11198 1.96885 4.56255 1.5114 137861 0 -1.63689 0.807504 0
30.8871 9.32172 1.16301 2.04889 4.49801 1.62951 123414 0 -1.48027 0.80744 0
36.3246 12.0971 1.21658 2.07436 4.84064 1.63349 127175 0 1.62115 0.804966 0
-1.18467 14.1254 1.11312 1.90711 4.30214 1.56692 130334 0 1.71405 0.803161 0
0.155357 29.0165 1.38076 1.9533 4.45643 1.4538 151866 0 1.6144 0.802144 0
-18.3735 13.9946 0.841595 2.03366 4.67865 1.82082 129812 0 1.77695 0.799616 0
-6.26161 14.4793 1.03273 2.01151 4.56054 1.47133 130786 0 -1.47678 0.79937 0
31.1658 27.4709 1.34583 2.17108 5.13747 1.5094 149623 0 1.62257 0.796612 0
-42.9835 5.891 -0.326742 1.89249 4.22749 1.46347 118035 0 1.87587 0.786726 0
11.416 26.1449 1.31898 1.88668 4.40156 1.50913 147689 0 -1.5384 0.77646 0
17.4514 25.7368 1.56176 2.27106 5.41203 1.76825 147240 0 1.60041 0.77414 0
34.4583 -6.65324 0.771223 0.841064 0.908096 1.72877 100025 0 -1.18346 0.766402 1
12.9409 32.2589 1.43594 2.03842 4.84535 1.50043 156586 0 -1.47366 0.764105 0
14.9028 58.4128 1.92967 1.99895 4.5582 1.52904 194968 0 -1.40633 0.763561 0
30.8697 21.6468 1.17975 1.89797 4.3901 1.38704 141198 0 -1.48456 0.761226 0
36.364 15.2869 1.19687 1.91463 4.45597 1.46382 131855 0 1.63456 0.7573 0
13.324 46.9258 1.79996 1.91301 4.3623 1.47334 178115 0 -1.55575 0.74869 0
-18.1212 22.8866 0.856389 2.00001 4.50006 1.49491 142917 0 1.62766 0.748452 0
-53.9299 47.8205 0.6301 2.05217 4.54501 1.58596 179309 0 -1.10976 0.742604 0
-49.1147 4.54018 -0.3503 2.14188 4.75837 1.7055 116144 0 -1.32356 0.740359 0
-0.13562 26.3603 1.29403 1.99074 4.60607 1.44862 148121 0 1.65038 0.738861 0
14.9141 64.7252 2.05143 2.00895 4.56063 1.57851 204328 0 -1.5057 0.737808 0
14.2138 -4.74459 0.865757 0.790282 0.889823 1.78121 102770 0 -1.44081 0.732862 1
15.209 -11.6362 0.741634 0.896082 1.94843 1.89862 92477 0 3.07369 0.732537 2
15.2449 55.2609 2.18377 1.97881 4.41673 1.69556 190289 0 -1.4614 0.725433 0
48.8672 11.6028 1.14052 1.92126 4.24492 1.66613 126746 0 -1.52884 0.719407 0
-44.3809 20.3879 -0.0508949 1.92539 4.22839 1.5252 139091 0 -1.28073 0.714951 0
-18.7302 16.8795 0.69827 1.85158 4.23975 1.47588 134023 0 1.74216 0.713295 0
12.6249 29.2501 1.40811 1.9662 4.57897 1.45465 152373 0 -1.52918 0.711853 0
13.562 44.0239 1.75134 2.08307 4.72587 1.66509 173904 0 -1.57312 0.707106 0
-41.157 11.6701 -0.170802 1.72933 3.90763 1.45006 126465 0 1.82832 0.704514 0
-21.5666 29.939 0.852467 2.06466 4.7257 1.47643 153202 0 -1.2658 0.702047 0
-5.88507 26.1028 1.55335 2.05664 4.66561 1.6672 147635 0 -1.51182 0.691064 0
-71.2517 -2.77277 -0.745005 0.904626 0.953056 1.80811 105311 0 -1.90935 0.689568 1
30.866 18.7744 1.14016 1.87468 4.54837 1.4438 136986 0 -1.49028 0.689423 0
14.9011 67.6578 2.33473 1.9934 4.37262 1.73657 208540 0 -1.5566 0.687825 0
14.5513 73.7293 2.29429 1.99788 4.48735 1.53701 217431 0 -1.52364 0.684692 0
50.708 34.822 1.61634 1.96299 4.56479 1.54225 160448 0 -1.5295 0.682061 0
-27.6731 14.6727 0.366559 1.97464 4.64481 1.90118 130719 0 1.81903 0.678559 0
31.5285 35.7705 1.69286 2.04005 4.70094 1.66298 161792 0 1.61138 0.677048 0
-46.2681 56.1158 0.763257 2.02978 4.55816 1.52553 191501 0 -1.27569 0.676946 0
-70.6241 -3.77807 -0.565336 0.95959 0.976337 1.81875 103909 0 2.61899 0.674 1
-40.4715 14.5549 -0.0900589 1.99335 4.35454 1.63145 130679 0 1.8685 0.6633 0
19.0035 37.8839 1.79115 2.08394 4.7546 1.62069 165029 0 1.60268 0.658486 0
-38.9216 19.6339 -0.0328026 1.98384 4.60205 1.54001 138172 0 1.81767 0.658266 0
54.5669 11.0519 1.1366 2.01102 4.59214 1.45147 125828 0 1.23771 0.652046 0
31.821 38.904 1.82447 1.95998 4.40357 1.5515 166473 0 -1.51289 0.65158 0
37.0001 30.2078 1.69483 2.37347 5.3871 1.85173 153853 0 -1.48829 0.632381 0
-68.9912 5.25311 -0.609866 1.9019 4.16572 1.62642 117018 0 2.01518 0.629799 0
-40.1119 17.1124 0.0254444 1.99584 4.35482 1.77191 134424 0 1.81226 0.628767 0
-70.6067 -3.87013 -0.575736 0.950583 0.973847 1.80945 103441 0 1.68285 0.628681 1
18.7242 31.7862 1.41832 2.09933 4.79679 1.51898 156136 0 1.60981 0.624941 0
1.06969 43.6744 1.66959 1.95831 4.44429 1.49342 173397 0 1.54025 0.624009 0
-5.27469 44.2601 2.01435 2.11375 4.69575 1.67684 174313 0 -1.55907 0.613631 0
-56.2006 27.141 0.175708 1.93119 4.25691 1.58014 148882 0 -1.23041 0.609975 0
-61.5653 14.5721 -0.432747 2.04809 4.6029 1.69203 130613 0 -1.2024 0.604002 0
-19.6723 35.3858 1.14286 2.07123 4.67049 1.54409 161164 0 -1.13194 0.60216 0
15.1759 -4.39325 0.638237 0.608488 0.649856 0.796109 103241 0 -1.46672 0.60207 1
-47.5096 9.68824 -0.0266693 2.23167 5.1777 1.85539 123637 0 -1.25712 0.591746 0
-47.849 6.96744 -0.402646 2.06793 4.53978 1.58912 119424 0 -1.29797 0.584121 0
2.37321 55.2738 2.24292 2.2032 4.89363 1.84901 190249 0 1.39336 0.577202 0
54.2032 5.34186 1.13969 2.01148 4.83022 1.6311 117403 0 1.6525 0.575405 0
36.3222 21.0571 1.42522 1.95363 4.52018 1.52452 140279 0 1.60794 0.572997 0
-5.30961 40.8305 1.69169 2.00059 4.50528 1.46745 169165 0 -1.57251 0.569858 0
-45.8761 17.8331 -0.0485578 2.04306 4.54924 1.63862 135342 0 -1.24616 0.565593 0
-63.8635 6.95879 -0.534424 2.12689 4.72797 1.7751 119374 0 -1.25472 0.555045 0
-32.7898 39.2016 0.781075 1.9493 4.40076 1.48346 166739 0 1.91821 0.553352 0
-44.3271 58.3916 1.19973 2.09388 4.53015 1.65665 194783 0 -1.31109 0.546992 0
-32.143 42.1263 1.08107 1.98352 4.60561 1.68069 170953 0 1.90482 0.545371 0
54.569 11.2717 1.15715 2.05019 4.63599 1.47547 126296 0 1.57957 0.53953 0
32.8076 56.8208 1.92266 1.91597 4.3458 1.47809 192684 0 -1.55512 0.534701 0
-62.2458 11.6999 -0.438624 1.90779 4.25879 1.54586 126399 0 1.99684 0.527588 0
-6.53105 31.9282 1.66769 2.17649 5.05414 1.62928 156057 0 1.57487 0.518974 0
54.315 11.0456 1.09246 1.79219 4.07006 1.38245 125827 0 -1.05377 0.516579 0
-42.3945 9.43642 -0.250572 2.02765 4.54836 1.5491 123185 0 1.83448 0.51642 0
-4.34248 58.9635 2.30505 2.01035 4.54303 1.63626 195844 0 -1.54735 0.514192 0
-28.9687 9.38218 -0.0434245 2.09952 4.71196 1.51416 123227 0 -1.42198 0.512494 0
-47.1725 12.3051 -0.238047 1.97792 4.46258 1.57531 127382 0 -1.25546 0.51035 0
17.7549 28.671 1.38263 1.99442 4.62082 1.47689 151453 0 1.59469 0.510092 0
19.3474 40.8058 1.94945 2.03125 4.70564 1.50155 169242 0 1.59144 0.508972 0
-71.2386 -2.92367 -0.735056 0.913793 0.969974 1.8071 104843 0 -1.93958 0.506684 1
33.4721 -7.77702 0.810103 0.756864 1.08674 1.65768 98150 0 -1.13376 0.49533 1
-44.0249 23.1685 0.21277 1.96433 4.42132 1.58742 143304 0 -1.24816 0.493571 0
36.9375 26.9774 1.38861 2.09637 4.82497 1.49537 149173 0 1.67706 0.493239 0
-16.3666 -14.5871 0.349558 0.873981 0.95243 1.74218 88166 0 -1.68347 0.48458 1
19.0505 46.5431 2.11725 1.95498 4.30475 1.54212 177665 0 1.53956 0.480773 0
1.75724 52.6042 1.92624 1.94625 4.39585 1.58029 186503 0 1.70501 0.474522 0
-1.13245 20.0461 1.4129 2.04496 4.84236 1.63002 138758 0 1.70065 0.473945 0
-46.5348 14.8474 -0.1921 1.93127 4.29184 1.5661 131128 0 -1.25901 0.473141 0
-37.9372 22.2707 0.362723 1.96009 4.27695 1.78987 141919 0 1.80059 0.460411 0
-22.5609 27.6426 0.770564 2.0509 4.59123 1.54405 149923 0 -1.32017 0.458593 0
33.9772 -7.29076 0.570476 0.54917 0.629055 0.950215 99088 0 -1.23306 0.449235 1
14.9083 70.2774 2.34857 1.9008 4.20409 1.57311 212284 0 -1.53503 0.440742 0
-62.4922 11.7038 -0.422417 2.07007 4.66497 1.61243 126398 0 -1.86374 0.437537 0
15.1964 -4.49391 0.615075 0.581541 0.633946 0.793807 102773 0 -1.37846 0.430419 1
-24.5037 22.2127 0.607782 2.11047 4.64503 1.60864 141961 0 -1.36103 0.420528 0
15.012 -4.36158 0.708022 0.621372 0.679453 0.952595 103240 0 -1.48847 0.419532 1
15.2007 70.5145 2.33074 2.03351 4.59084 1.67226 212753 0 -1.55636 0.417676 0
-71.3806 -2.75662 -0.768643 0.924925 0.984723 1.81181 105310 0 -1.9451 0.409166 1
2.75549 -3.72853 0.865876 0.857918 0.934753 1.74751 104138 0 -1.65331 0.408586 1
-41.3986 11.459 -0.192606 1.88883 4.31948 1.51359 125996 0 1.79848 0.405882 0
14.1527 -3.978 0.991842 0.858815 0.921112 1.91166 103706 0 -1.48617 0.404579 1
54.5648 10.8302 1.1017 1.98693 4.56155 1.45769 125360 0 -1.46662 0.404065 0
31.8454 45.2086 1.9612 1.99227 4.48568 1.4809 175833 0 -1.55632 0.40215 0
2.0451 52.628 1.93067 1.85558 4.10328 1.51649 186504 0 -1.75409 0.400624 0
1.4726 52.3434 1.91745 2.03728 4.69609 1.67507 186034 0 1.55825 0.390947 0
-18.7383 38.1985 0.8953 2.05345 4.60426 1.52951 165379 0 -1.21085 0.389995 0
14.4546 -4.6983 0.853341 0.726716 0.819726 1.64055 102771 0 -1.47329 0.389722 1
-34.406 33.4556 0.752165 2.0253 4.58291 1.54247 158310 0 1.94285 0.389053 0
33.1192 54.2034 1.94592 1.92676 4.24591 1.48892 188941 0 -1.5564 0.3842 0
1.80309 55.4418 2.37902 2.33888 5.34126 1.96184 190715 0 1.52199 0.381779 0
39.1762 35.3734 1.86888 2.07833 4.7176 1.69106 161348 0 1.59905 0.380965 0
33.3903 -7.65334 0.775921 0.751017 0.926436 1.58156 98618 0 -1.11078 0.379928 1
34.5882 -6.62756 0.757216 0.876727 0.948051 1.72284 100026 0 -1.21359 0.379813 1
-22.8585 27.4118 0.768673 2.02444 4.55581 1.53861 149454 0 -1.34237 0.378402 0
-21.9417 27.3797 0.709322 2.02771 4.56536 1.54028 149457 0 -1.29873 0.377432 0
20.2913 40.8329 1.96514 1.96488 4.39346 1.50335 169245 0 1.58633 0.373708 0
33.6692 -7.88068 0.805082 0.75438 1.52599 1.57087 98151 0 -1.05315 0.373695 1
-44.9555 58.6583 1.13703 2.41669 5.71005 1.91079 195249 0 -1.27908 0.372534 0
4.56651 40.0416 1.8015 0.89275 0.784057 1.75367 168260 0 -0.0226608 0.371498 1
-28.366 9.18372 -0.0198985 1.96158 4.3967 1.48595 122761 0 -1.39531 0.371369 0
-0.514893 19.1069 1.40135 0.785957 0.836614 1.69632 137356 0 1.89292 0.366608 1
53.9135 28.9165 1.60044 1.98083 4.45148 1.51366 152034 0 -1.61388 0.365874 0
49.1143 14.2942 1.24944 1.88892 4.27596 1.5604 130491 0 -1.55166 0.36353 0
18.0427 -11.3703 0.878288 2.11307 4.54649 1.75597 92954 0 0.122346 0.363222 0
-4.32006 49.7185 1.94424 2.01895 4.59442 1.63147 182272 0 -1.62001 0.362028 0
-27.0589 17.7567 0.541129 2.12697 4.79142 1.87632 135401 0 1.73804 0.353243 0
-5.5811 59.0392 2.21138 1.98739 4.58304 1.6304 195840 0 1.60239 0.343709 0
49.4301 14.5368 1.3115 2.03972 4.62898 1.6379 130960 0 -1.54051 0.341335 0
1.48236 55.2334 2.42628 2.39444 5.70187 2.04855 190246 0 1.81155 0.334862 0
32.1402 35.8944 1.7578 2.30729 5.35595 1.73078 162262 0 1.56435 0.332716 0
54.2269 8.14881 0.978983 1.91528 4.49856 1.4561 121615 0 1.65261 0.331115 0
-71.2435 -2.48975 -0.80199 0.840349 0.903657 1.73952 105779 0 -1.85433 0.330948 1
-45.9933 14.8258 -0.250827 1.89232 4.25145 1.5787 131130 0 -1.24308 0.330552 0
37.285 44.627 1.87055 1.95913 4.52104 1.50724 174914 0 1.58342 0.330479 0
37.9191 38.875 1.83927 2.02515 4.59307 1.55909 166492 0 1.60458 0.327222 0
-5.63638 31.8739 1.66207 2.06081 4.73133 1.58774 156060 0 -1.5128 0.326476 0
38.9215 35.6698 1.76752 2.10284 4.84977 1.6485 161815 0 1.641 0.325613 0
38.8711 38.8745 1.97948 2.00564 4.50385 1.60804 166495 0 1.58196 0.323016 0
38.8959 35.0743 1.80341 2.04694 4.68223 1.64028 160879 0 1.58841 0.32261 0
21.2776 67.0443 2.22771 2.07122 4.7113 1.68418 207624 0 1.64681 0.319985 0
-4.94262 49.4934 1.95547 1.98966 4.58074 1.5958 181802 0 -1.59587 0.315795 0
-3.99554 64.7817 2.45935 2.04137 4.54561 1.64696 204269 0 -1.4689 0.31575 0
-61.9937 11.9097 -0.452027 1.91105 4.13569 1.53834 126868 0 1.97441 0.314745 0
-38.4866 22.5237 0.352389 2.15305 4.9336 1.8543 142385 0 1.80475 0.313792 0
51.6905 46.552 1.85744 2.02503 4.56595 1.5755 177767 0 -1.63338 0.312068 0
55.5539 34.0846 1.66766 2.03699 4.61819 1.59285 159527 0 1.59496 0.312031 0
-5.86434 44.287 1.99872 2.19663 5.08343 1.70757 174311 0 -1.35264 0.311895 0
14.1826 -4.28992 0.881131 0.789366 0.888301 1.84326 103238 0 -1.48348 0.311802 1
19.3755 46.7792 2.16372 2.01789 4.48912 1.5709 178134 0 1.51018 0.311144 0
14.0593 -4.72004 0.858769 0.779368 0.880757 1.76231 102769 0 -1.40762 0.308456 1
33.7842 -8.08261 0.748574 0.639032 1.178 1.41132 97683 0 -1.17521 0.308269 1
-35.3272 33.7928 0.686902 1.99104 4.52174 1.55485 158775 0 1.98031 0.308141 0
31.252 39.1001 1.80696 2.06503 4.72367 1.55112 166939 0 -1.52513 0.307723 0
-62.229 11.4473 -0.455878 1.81966 4.08592 1.51383 125931 0 2.86214 0.304548 0
12.9161 29.5081 1.41232 2.00315 4.70512 1.50171 152842 0 -1.56464 0.304367 0
-34.7149 30.267 0.479128 1.89195 4.26898 1.45223 153629 0 -1.10477 0.303424 0
19.6513 31.8031 1.37376 2.09426 4.71844 1.57124 156139 0 1.62751 0.302257 0
-48.5311 4.40946 -0.398954 1.82791 3.81744 1.5317 115678 0 -1.32904 0.302154 0
-25.1059 22.2706 0.611455 2.09547 4.67731 1.57032 141959 0 1.42051 0.300963 0
51.699 37.6283 1.85928 1.93187 4.35437 1.5716 164663 0 -1.563 0.300159 0
34.0435 -8.13328 0.56803 0.513452 0.524767 0.945834 97684 0 -1.23423 0.299175 1
-0.508759 19.2488 1.39654 0.793553 0.948359 1.67726 137824 0 1.69293 0.299062 1
-31.5663 41.8303 1.0903 1.80437 3.96489 1.58411 170487 0 1.91162 0.297478 0
-5.86024 41.0179 1.7559 2.08716 4.77745 1.49328 169631 0 -1.58042 0.297459 0
-27.334 17.4995 0.534158 2.08305 4.68892 1.85208 134932 0 1.74924 0.29504 0
-3.69794 64.5001 2.46264 1.99674 4.47414 1.59764 203802 0 -1.44306 0.294827 0
-37.3169 22.2259 0.370459 2.10692 4.71214 1.85471 141921 0 1.79493 0.294753 0
49.1355 20.0265 1.46571 1.93325 4.28592 1.49778 138915 0 -1.38324 0.293248 0
14.161 -3.79047 0.954425 0.833936 0.911523 1.84507 104174 0 -1.40093 0.292541 1
18.4627 40.8069 1.77442 1.97122 4.62926 1.47423 169239 0 1.59443 0.292413 0
-46.6342 12.0513 -0.273798 1.64075 3.51128 1.50785 126916 0 -1.25027 0.291794 0
32.4421 45.0183 1.89784 1.96313 4.46076 1.48267 175367 0 -1.55122 0.291239 0
-25.419 22.2951 0.620958 2.07154 4.6245 1.54992 141958 0 1.74709 0.288721 0
0.847458 69.9161 3.30323 2.28694 5.08517 1.97534 211772 0 3.07519 0.288426 0
49.433 20.2978 1.47983 1.99251 4.45041 1.54624 139384 0 -1.51387 0.287821 0
-61.9392 11.429 -0.464336 1.64931 3.56391 1.46493 125932 0 -2.07452 0.287001 0
-69.4901 5.26293 -0.55998 2.19177 5.01401 1.73361 117016 0 1.94874 0.286454 0
11.8824 26.312 1.31012 2.18892 5.25457 1.61382 148159 0 -1.5348 0.285229 0
40.7738 34.9323 1.81661 0.708752 0.702546 1.59469 160885 0 0.0493059 0.282894 1
-33.3928 39.4883 0.835505 2.09164 4.73034 1.61414 167205 0 1.88975 0.282173 0
-33.7986 33.1395 0.874442 2.11864 4.83919 1.54287 157844 0 2.00873 0.281501 0
17.4788 28.3938 1.40383 2.01191 4.59262 1.47984 150984 0 1.59692 0.281167 0
-35.0018 30.3203 0.466737 1.90352 4.30707 1.46782 153628 0 1.36582 0.280652 0
33.7386 53.9746 1.93175 1.98887 4.44268 1.56536 188475 0 -1.50742 0.280228 0
2.95362 -3.72767 0.896144 0.870879 1.2409 1.74417 104139 0 -1.80373 0.279842 1
60.0574 14.5771 1.16259 2.28708 5.0131 2.00312 130993 0 -3.04671 0.279802 0
54.5731 23.1863 1.56936 1.90794 4.20091 1.45662 143612 0 1.67949 0.276443 0
-18.1259 16.7808 0.698317 1.94898 4.59586 1.46674 134025 0 2.21963 0.275192 0
18.3801 28.8955 1.38049 2.00559 4.67084 1.50569 151923 0 -1.53547 0.274479 0
40.7752 34.8152 1.83763 0.735353 0.718605 1.57176 160417 0 0.0929886 0.274373 1
20.9531 52.6404 2.57992 2.26507 5.19071 1.98488 186563 0 -1.58576 0.273793 0
33.4139 57.0268 2.00795 2.0302 4.51071 1.60262 193154 0 -1.59946 0.273363 0
15.3916 -4.39362 0.682584 0.664998 0.731646 0.890689 103242 0 -1.44928 0.271432 1
-5.58588 29.0036 1.44232 2.035 4.71947 1.56779 151848 0 -1.48929 0.271224 0
33.9924 -7.37881 0.603088 0.554212 0.610786 0.949789 98620 0 -0.954859 0.269986 1
38.5705 38.5963 1.91046 1.98702 4.43599 1.57204 166026 0 1.5986 0.268735 0
37.5592 26.8008 1.36677 2.04845 4.76817 1.49974 148707 0 2.07966 0.268143 0
-35.3252 30.5512 0.452221 1.89091 4.29823 1.47091 154095 0 1.9417 0.266862 0
51.371 37.8998 1.84999 1.91755 4.27071 1.53905 165130 0 -1.57055 0.265998 0
37.6126 38.6117 1.7423 1.99674 4.53378 1.5213 166023 0 1.61532 0.2655 0
51.9575 46.2678 1.83558 2.14534 4.90919 1.64463 177300 0 -1.43515 0.26393 0
-27.6804 18.0543 0.547481 2.13769 4.73115 1.91947 135867 0 1.79202 0.26145 0
30.3386 18.934 1.1269 1.84062 4.31733 1.44903 137452 0 -1.51611 0.260243 0
-27.1252 14.7555 0.370559 2.36265 5.8367 2.01618 131189 0 1.80492 0.260109 0
14.1325 -3.05373 0.801147 0.786871 0.878379 1.64031 105110 0 -1.29696 0.258103 1
2.97385 55.2716 2.14149 2.01021 4.31022 1.6897 190251 0 1.42679 0.257319 0
53.9664 7.9113 0.99308 1.70253 3.96196 1.41392 121146 0 1.67687 0.257019 0
-4.9649 68.2563 2.55607 2.04855 4.68227 1.64003 209414 0 -1.49227 0.256424 0
-70.7501 -3.89148 -0.58425 0.950735 0.988462 1.8209 103440 0 1.81959 0.255973 1
1.71928 52.0632 1.8836 1.9639 4.41153 1.61702 185567 0 1.49797 0.255967 0
14.6464 58.1879 1.89911 1.81673 4.13035 1.46153 194499 0 -1.3793 0.255629 0
54.8792 28.9556 1.70148 2.01954 4.53458 1.64957 152037 0 -1.60874 0.253819 0
-6.88014 26.1526 1.57687 2.11289 4.93089 1.73942 147632 0 1.57104 0.253349 0
54.8878 22.9159 1.54289 1.95591 4.47634 1.49002 143145 0 1.57656 0.253329 0
51.0519 47.5318 1.9206 2.0544 4.56749 1.62639 179169 0 -2.73277 0.251702 0
15.1939 70.0024 2.332 1.97358 4.45491 1.6362 211817 0 -1.51844 0.250445 0
38.5646 39.1505 1.96534 2.01377 4.51273 1.60548 166962 0 1.54118 0.25009 0
36.9127 21.1893 1.48024 2.10207 4.91373 1.58128 140749 0 1.6009 0.249843 0
-3.72163 49.505 1.9523 1.97219 4.50112 1.62972 181806 0 -1.59285 0.249018 0
-5.00501 40.5744 1.6694 1.96312 4.44077 1.47787 168698 0 -1.52708 0.24885 0
-17.7604 37.6537 1.16249 2.08927 4.67326 1.65728 164446 0 -1.17116 0.248701 0
31.5671 38.666 1.80478 1.83306 4.11357 1.53745 166004 0 -1.5187 0.248026 0
50.3973 37.9266 1.79431 1.85658 4.19925 1.47489 165127 0 -1.54331 0.247589 0
0.0868835 26.6137 1.2683 1.86824 4.23415 1.43917 148590 0 1.69959 0.247432 0
34.5934 -6.75371 0.770656 0.881309 0.920561 1.69706 99558 0 -1.01222 0.246921 1
51.3959 46.8713 1.87532 1.98349 4.44177 1.56703 178234 0 -1.84545 0.246513 0
38.2259 44.6455 2.0507 1.9596 4.4921 1.53534 174917 0 1.59308 0.246428 0
-0.14518 25.8821 1.3081 1.98372 4.54661 1.47891 147185 0 1.56493 0.246215 0
59.9638 45.0591 1.79237 0.838666 0.922976 1.72401 175453 0 -2.60428 0.245863 1
-26.0665 22.5775 0.641161 2.09644 4.58804 1.52198 142424 0 1.79653 0.243926 0
-64.7575 7.20686 -0.511971 2.16429 4.80829 1.76296 119839 0 -1.24485 0.242508 0
49.4369 23.5438 1.05364 1.85459 4.43123 1.51011 144064 0 -1.33264 0.242141 0
1.35973 43.9432 1.69487 1.86925 4.12856 1.4723 173866 0 1.60591 0.242004 0
14.983 -4.52274 0.742548 0.657841 0.72209 1.03457 102772 0 -1.35437 0.240306 1
2.77264 -3.88202 0.868838 0.910625 1.12264 1.75636 103670 0 -1.85078 0.239831 1
14.9033 70.7999 2.32309 1.98091 4.42397 1.5971 213220 0 -1.56108 0.238413 0
-3.37599 55.8316 2.10779 2.00163 4.46575 1.55197 191167 0 -1.58466 0.237907 0
55.805 34.359 1.69612 2.08629 4.87903 1.65681 159996 0 1.56642 0.23732 0
-45.3423 17.9994 -0.0923553 1.98251 4.38932 1.64538 135812 0 -1.25107 0.236918 0
13.9936 73.5419 2.11486 1.69719 3.83423 1.39958 216961 0 -1.50248 0.236872 0
32.1782 54.2067 1.92267 1.97419 4.44771 1.50338 188938 0 -1.59354 0.235848 0
37.5928 44.3856 1.86532 1.91561 4.49521 1.50824 174447 0 1.58088 0.235742 0
-25.1359 22.4664 0.614665 2.11408 4.65891 1.55747 142427 0 -0.66324 0.235626 0
-23.4759 27.6782 0.904324 2.0794 4.6911 1.57914 149920 0 -1.32075 0.235241 0
-24.2012 22.4879 0.630224 2.15135 4.6729 1.61093 142430 0 -1.4139 0.234837 0
-41.6599 11.9078 -0.202688 2.11225 5.06144 1.63622 126931 0 1.86771 0.234718 0
31.2167 45.0284 1.93691 1.91585 4.36931 1.46777 175363 0 -1.57127 0.233967 0
-5.87865 44.0844 1.97227 2.12705 4.86321 1.66865 173843 0 1.3656 0.233123 0
-32.7163 42.3943 1.05469 2.3112 5.64382 1.88804 171419 0 1.88976 0.233088 0
12.0876 29.0345 1.39531 1.7755 4.0271 1.46499 151903 0 -1.47523 0.233045 0
1.34358 43.4313 1.6724 1.79697 4.00058 1.47191 172930 0 1.51326 0.230687 0
-4.32669 65.0573 2.47478 2.21058 5.03559 1.75544 204736 0 -1.52111 0.230323 0
51.359 47.2165 1.89068 2.07609 4.62323 1.64271 178702 0 -2.31481 0.228907 0
-28.0981 4.96229 -0.121582 0.800387 1.74866 1.74265 116678 0 -2.69904 0.22783 2
0.838196 70.5415 3.37158 2.46788 5.87083 2.12632 212708 0 2.90884 0.227622 0
-26.7535 18.0391 0.564045 2.14417 4.88881 1.87043 135870 0 1.72792 0.227525 0
14.5326 -4.35017 0.820276 0.725458 0.87006 1.63397 103239 0 -1.48095 0.225695 1
20.9613 67.3084 2.24349 2.02635 4.55943 1.68841 208091 0 1.71878 0.224906 0
15.4147 -4.52332 0.635035 0.589189 0.666294 0.841492 102774 0 -1.43361 0.224123 1
19.6424 46.336 2.11983 2.03303 4.53331 1.62243 177199 0 1.58183 0.223766 0
30.8706 21.3915 1.1897 1.73251 4.01196 1.34897 140730 0 -1.47811 0.223725 0
33.7989 -7.48624 0.710917 0.729629 0.851799 1.33098 98619 0 -1.03289 0.223035 1
-57.432 21.2897 0.106306 1.99323 4.51083 1.63516 140454 0 -1.2314 0.221642 0
50.7265 37.6424 1.81245 1.83131 4.17709 1.48951 164660 0 -1.55566 0.221337 0
-42.5341 5.83652 -0.28704 1.65854 3.57078 1.41662 118037 0 1.84839 0.221253 0
-62.499 11.4508 -0.432269 2.02312 4.52174 1.59292 125930 0 -1.45322 0.220728 0
-5.58349 49.7234 1.96681 2.10771 4.82019 1.72061 182268 0 1.5528 0.220693 0
20.9833 66.777 2.27336 2.05327 4.62169 1.66747 207155 0 1.59821 0.219676 0
14.4409 -4.83942 0.848497 0.769514 0.854393 1.70533 102303 0 -1.46071 0.219561 1
15.1546 65.0028 2.03983 2.19238 5.0598 1.71683 204797 0 -1.54875 0.219259 0
-6.24299 29.2393 1.47678 2.11936 4.81774 1.62634 152314 0 -1.48741 0.219009 0
-4.89838 58.7933 2.27749 1.78423 4.03896 1.52377 195374 0 -1.515 0.218007 0
-22.5544 27.1065 0.742183 2.02047 4.56086 1.52184 148987 0 -1.32128 0.217167 0
1.49162 52.8742 1.97193 2.04635 4.71727 1.67032 186970 0 1.55295 0.217142 0
-4.34601 58.4866 2.20272 1.85171 4.19467 1.5849 194908 0 -1.52089 0.216998 0
42.6989 51.4266 2.13482 0.739359 0.693343 1.65532 184759 0 -3.04502 0.216902 1
12.7463 41.0852 1.93153 1.87391 4.0085 1.84935 169689 0 -1.53902 0.216517 0
-21.6502 27.603 0.769305 2.07219 4.60933 1.54189 149926 0 -1.30891 0.216054 0
42.7246 53.5981 2.4761 2.03991 4.55876 1.65242 188035 0 -3.10616 0.215378 0
38.897 38.2998 1.9218 1.94446 4.3521 1.5914 165559 0 1.6262 0.215366 0
-27.9342 17.7896 0.495007 2.18271 4.82729 1.92245 135398 0 1.78566 0.215117 0
49.7659 23.23 1.04625 1.84199 4.26447 1.52038 143597 0 -1.33518 0.214442 0
48.5188 14.535 1.29752 1.9622 4.42933 1.6168 130957 0 -1.55437 0.214389 0
-4.6181 64.5236 2.53373 2.13244 4.83503 1.75455 203799 0 -1.49794 0.213765 0
-38.2098 22.0076 0.306003 1.93341 4.28896 1.75887 141450 0 1.78645 0.213699 0
18.4293 32.055 1.41104 2.03225 4.64264 1.53939 156603 0 1.65312 0.213469 0
33.096 56.5816 1.94945 1.82065 4.12957 1.46659 192217 0 -1.51348 0.213124 0
-3.98946 50.0021 1.97369 2.04486 4.61045 1.65753 182741 0 -1.65036 0.212554 0
37.9113 35.9694 1.49353 1.97849 4.46414 1.50718 162280 0 1.59536 0.212498 0
-46.977 9.49439 -0.0461667 1.9307 4.12576 1.70209 123171 0 -1.25889 0.212352 0
-39.5723 16.9081 0.116179 1.80005 3.79582 1.70743 133958 0 1.79669 0.212106 0
12.4236 32.2299 1.48861 1.68083 3.67198 1.40153 156584 0 -1.50287 0.212026 0
-39.2354 28.9465 0.563956 2.10226 4.04889 1.73537 151743 0 -1.27557 0.211868 0
1.7925 54.9849 2.32377 2.30675 5.44828 1.95321 189779 0 1.38782 0.211352 0
49.4252 19.7355 1.48578 2.05812 4.63171 1.5873 138448 0 -1.36736 0.211163 0
-61.6522 11.4012 -0.502576 1.59946 3.44298 1.49029 125933 0 -1.45838 0.211149 0
-3.40131 49.7749 1.97196 1.98348 4.46922 1.63573 182275 0 -1.62106 0.210833 0
33.4349 54.4706 1.94107 1.94024 4.25679 1.54814 189410 0 -1.61653 0.210579 0
49.134 20.6035 1.49649 1.93134 4.29451 1.52212 139851 0 -1.60398 0.210522 0
49.7749 22.9042 1.0544 1.8579 4.26677 1.50393 143129 0 -1.32531 0.210195 0
-71.408 -2.95345 -0.757713 0.916511 0.997882 1.80279 104842 0 -1.96741 0.209039 1
54.5364 28.7255 1.68065 2.07066 4.62707 1.62749 151568 0 -1.55138 0.208755 0
30.9529 35.926 1.63633 2.33961 5.53998 1.75806 162258 0 1.61308 0.208741 0
-57.1369 21.5932 0.0806528 2.02861 4.54258 1.66898 140923 0 -1.2674 0.208237 0
-57.4467 22.5307 0.236252 2.00142 4.44341 1.61904 142326 0 -1.22326 0.20756 0
-0.691116 19.0895 1.40007 0.827251 0.929198 1.71112 137355 0 1.8396 0.207446 1
34.0157 -7.91233 0.667574 0.58885 0.753323 1.03994 98152 0 -1.01266 0.206655 1
-4.72729 44.1028 1.97489 2.03684 4.69451 1.69877 173847 0 -1.59137 0.206599 0
13.8083 47.1249 1.85051 2.22408 5.25937 1.72239 178585 0 -1.58016 0.206565 0
19.991 40.5827 1.95148 1.89043 4.19674 1.46667 168776 0 1.60986 0.206267 0
2.96103 -3.90977 0.905176 0.881562 1.45975 1.75618 103671 0 -2.37592 0.206091 2
-3.97592 64.2022 2.50907 1.96995 4.36485 1.62295 203333 0 -1.35909 0.205197 0
15.7716 70.2929 2.36576 2.21408 5.12798 1.85402 212287 0 -1.54367 0.205124 0
59.6888 47.1826 2.14215 2.05715 4.61037 1.64995 178728 0 2.92425 0.20505 0
-45.3027 17.5264 -0.12109 2.06578 4.61455 1.68349 134876 0 -1.23943 0.205043 0
-4.32792 68.0714 2.486 1.88411 4.35501 1.60736 208948 0 -1.4817 0.204486 0
54.0221 11.0499 1.03737 1.61726 3.60442 1.33502 125826 0 1.60205 0.204383 0
68.6584 12.9625 1.3907 2.0518 4.58954 1.6013 128680 0 -0.0906315 0.204242 0
49.451 37.946 1.78361 1.89021 4.36628 1.50159 165124 0 -1.61087 0.204193 0
0.854271 43.1268 1.72587 2.06765 4.70411 1.57964 172460 0 1.43355 0.203981 0
0.684303 28.9694 1.39855 1.65912 3.60436 1.40391 151868 0 1.6292 0.203727 0
-3.68668 55.5663 2.13119 2.01884 4.51381 1.57817 190698 0 -1.62116 0.202686 0
-71.4125 -2.47384 -0.825516 0.874487 0.940986 1.75401 105778 0 -1.86692 0.202104 1
39.5106 53.6106 1.95892 1.98722 4.51549 1.58035 188025 0 1.96877 0.201878 0
13.0462 43.7518 1.75065 1.84571 3.99621 1.61101 173434 0 -1.554 0.20179 0
50.0614 14.2973 1.29326 1.98959 4.40096 1.6708 130494 0 -1.54826 0.201401 0
-3.08243 64.7961 2.43568 2.14626 5.01085 1.70536 204272 0 -1.50116 0.201036 0
-39.2335 28.6758 0.525853 1.87453 3.61594 1.74082 151275 0 -1.35444 0.199914 0
22.2169 67.0121 2.21294 2.04458 4.64376 1.63767 207627 0 1.66587 0.198815 0
-65.4186 7.50362 -0.495531 2.00829 4.4184 1.6526 120305 0 1.98027 0.198743 0
48.833 19.72 1.39427 1.91028 4.2477 1.47929 138446 0 -1.35671 0.198076 0
53.3447 28.733 1.54379 2.03822 4.58543 1.51805 151564 0 1.55223 0.19804 0
2.49452 -3.68647 0.930039 0.870496 1.66944 1.70864 104137 0 -1.61838 0.198006 2
52.9669 49.121 1.98125 2.04165 4.56067 1.66892 181515 0 -1.46454 0.19795 0
-7.14648 32.1103 1.71162 2.11762 4.78807 1.65975 156523 0 1.63524 0.197949 0
33.245 -7.74233 0.791369 0.791119 0.927583 1.65172 98149 0 -1.23796 0.197605 1
11.6024 19.1341 1.1329 2.10134 5.01425 1.59379 137394 0 -1.58388 0.197139 0
0.702858 31.6114 1.73848 1.8523 3.95638 1.79186 155612 0 1.64332 0.196761 0
50.7589 47.5534 1.90271 1.97501 4.36837 1.57734 179168 0 -2.99748 0.196603 0
59.3456 46.8964 2.06004 1.98404 4.41461 1.6088 178259 0 2.62967 0.196256 0
-4.63158 49.1958 1.93641 1.97881 4.49675 1.56759 181335 0 -1.52421 0.196034 0
58.7138 46.56 2.0528 1.98858 4.48867 1.6218 177789 0 2.05169 0.195785 0
33.2324 -7.62598 0.779233 0.775697 0.867716 1.60253 98617 0 -1.22651 0.19513 1
-41.7645 33.7785 1.03131 2.03342 4.49091 1.60274 158755 0 -1.09353 0.194773 0
-28.6129 11.739 -0.0231658 2.05112 4.56572 1.55982 126504 0 -1.37988 0.194579 0
-47.1438 56.4445 0.689689 2.12179 4.91822 1.6114 191966 0 -1.25002 0.194122 0
2.38378 52.9001 1.92924 1.85446 4.05379 1.50532 186973 0 1.41298 0.19377 0
-49.6734 4.3997 -0.33007 2.40134 5.67301 1.88839 115674 0 -1.38193 0.193667 0
15.7337 55.4361 2.26141 2.29973 5.34339 1.9053 190759 0 -1.51053 0.193618 0
37.6202 39.1271 1.83546 1.99052 4.52908 1.54414 166959 0 1.60483 0.193034 0
-29.5636 9.63861 -0.0532444 2.19032 4.84488 1.59441 123693 0 1.80165 0.192894 0
13.0572 44.234 1.79324 1.82933 3.99574 1.54967 174370 0 -1.56913 0.191881 0
32.1518 44.7141 1.84742 1.8823 4.21168 1.46748 174898 0 -1.52263 0.19051 0
51.6866 38.1817 1.82401 1.95076 4.35057 1.56841 165599 0 -1.60498 0.190443 0
50.0762 38.1796 1.75578 1.89305 4.24394 1.49995 165594 0 -1.54913 0.190403 0
68.9583 11.6965 1.18453 1.99016 4.47125 1.56431 126809 0 -0.093259 0.190187 0
-57.7493 22.2707 0.173107 2.00599 4.44964 1.65162 141857 0 -1.23834 0.190111 0
36.9739 44.8654 1.91111 1.96827 4.38251 1.50547 175381 0 1.60309 0.190104 0
-56.8128 22.2297 0.183445 2.02273 4.52918 1.65874 141860 0 -1.23168 0.190069 0
14.2921 70.5518 2.33934 1.93723 4.32948 1.5996 212750 0 -1.52908 0.189956 0
1.13859 68.3377 3.07784 2.30867 5.38399 1.97889 209433 0 1.72296 0.189816 0
11.3888 19.8665 1.1431 1.97594 4.7376 1.5845 138797 0 -1.62683 0.189629 0
49.7561 22.5775 1.12599 1.84488 4.21791 1.46394 142661 0 -1.29548 0.189459 0
-18.6293 23.1191 0.849184 2.22323 5.15115 1.60475 143383 0 1.70705 0.188917 0
-36.6566 21.9855 0.349226 2.03336 4.65568 1.84251 141455 0 1.82384 0.188846 0
-43.4439 23.1212 0.162862 1.97472 4.42747 1.64828 143306 0 -1.26414 0.188493 0
36.6114 15.0006 1.16308 2.07076 4.94384 1.52288 131388 0 1.59476 0.188475 0
39.1474 34.7991 1.89827 2.00549 4.54103 1.67893 160412 0 1.61106 0.188157 0
-64.1786 7.37811 -0.557171 2.02099 4.64742 1.68064 120309 0 -1.20047 0.188096 0
-67.6512 11.3609 -0.689248 2.01513 4.55698 1.56573 125914 0 -1.09422 0.187275 0
18.16 31.6072 1.39853 2.00925 4.63254 1.53934 155666 0 1.60142 0.187228 0
-57.4202 21.9197 0.12087 1.98192 4.43714 1.6509 141390 0 -1.26555 0.187105 0
8.94444 0.609962 0.925605 0.915505 1.07923 1.72885 110241 0 3.06128 0.187091 1
-4.93695 64.8218 2.53834 2.30895 5.37356 1.89078 204266 0 -1.53394 0.186576 0
-20.2354 35.4417 1.16919 2.11588 4.79444 1.56468 161162 0 -1.13647 0.186556 0
-39.2145 29.2599 0.59779 2.09422 4.53844 1.7079 152211 0 -1.19919 0.186489 0
-23.1721 27.0931 0.801007 2.03189 4.56275 1.52572 148985 0 -1.3189 0.186032 0
37.6071 35.724 1.41253 2.03057 4.67963 1.51371 161811 0 1.5644 0.18602 0
52.266 37.877 1.85317 2.12507 4.83673 1.6962 165133 0 -1.60001 0.186017 0
51.4039 46.2793 1.83207 1.88465 4.1746 1.47233 177298 0 -1.4981 0.185873 0
59.0419 46.8689 2.07905 2.04427 4.60032 1.64366 178258 0 2.40211 0.18543 0
-7.44635 20.3133 1.19682 2.03872 4.48566 1.43775 139206 0 -1.53706 0.185225 0
49.4435 20.91 1.50225 2.01695 4.49659 1.57344 140320 0 -1.61291 0.183796 0
32.5387 56.5762 1.87883 1.86814 4.31487 1.46575 192215 0 -1.65731 0.183231 0
42.6906 51.5873 2.15745 0.726832 0.691665 1.63908 185227 0 -3.05257 0.182776 1
10.2279 -5.78925 0.808712 0.858865 0.931636 1.69691 100885 0 -1.4365 0.182638 1
59.6551 8.48813 1.23291 2.28357 5.39322 2.02953 122100 0 -3.13935 0.182547 0
14.1552 -3.28656 0.852649 0.823512 0.913707 1.69734 104642 0 -1.27141 0.182487 1
-3.68758 56.0968 2.0994 1.98278 4.44271 1.57051 191634 0 -1.53896 0.182475 0
50.3886 14.5249 1.31375 2.03507 4.55428 1.68285 130963 0 -1.55127 0.182383 0
49.1025 14.006 1.20129 1.80662 4.02122 1.50327 130023 0 -1.5597 0.182328 0
-20.024 35.8893 1.16507 2.07941 4.63911 1.54605 162099 0 -1.13741 0.181669 0
58.4113 46.2532 2.05709 1.99017 4.55986 1.62634 177320 0 1.80058 0.181309 0
50.0609 23.4981 1.14523 1.93865 4.40509 1.53242 144066 0 -1.44368 0.181037 0
-39.4949 28.9279 0.597884 1.58907 2.56628 1.70764 151742 0 -1.38119 0.180378 0
31.1666 18.5088 1.13548 1.79557 4.16399 1.43076 136519 0 -1.48265 0.180124 0
39.5106 53.8909 1.99935 1.97653 4.45013 1.57989 188493 0 2.50616 0.180119 0
20.9605 58.4133 2.31837 2.0017 4.40676 1.72614 194987 0 1.5812 0.180044 0
34.3193 -8.16184 0.490223 0.500589 0.496642 0.869177 97685 0 -1.35078 0.179598 1
-5.88139 68.3332 2.52956 1.92373 4.34098 1.63458 209411 0 -1.50512 0.179563 0
68.6616 12.0086 1.2025 2.00581 4.52502 1.54467 127276 0 0.0478569 0.17939 0
48.5047 20.3277 1.34445 1.95334 4.34571 1.51461 139381 0 -1.53806 0.17911 0
50.3901 23.2033 1.12168 1.90813 4.28064 1.51328 143599 0 -1.39437 0.178704 0
68.6439 11.3723 1.19166 2.00422 4.41941 1.54563 126340 0 0.134185 0.17865 0
39.2125 53.8811 1.94013 1.97439 4.45817 1.57482 188492 0 2.25205 0.178544 0
14.521 -3.98499 0.871508 0.761745 0.828923 1.67 103707 0 -1.28081 0.178174 1
2.37559 55.7212 2.27604 2.34289 5.12325 1.91886 191185 0 1.54545 0.178127 0
43.0235 53.3249 2.42462 1.96305 4.34075 1.59456 187568 0 -3.04964 0.178101 0
-4.98502 69.6218 2.95046 2.06208 4.52416 1.64154 211286 0 0.0179279 0.177665 0
48.8262 23.5483 1.01686 1.91012 4.44174 1.50702 144062 0 -1.47967 0.177305 0
59.9962 46.9205 2.12078 1.97042 4.31169 1.60026 178261 0 3.01932 0.176728 0
-56.4963 27.5423 0.163971 2.1941 5.10869 1.67221 149817 0 -1.16049 0.176704 0
-34.6787 33.2116 0.707581 1.95439 4.41157 1.51823 157841 0 1.93845 0.176685 0
60.309 47.1855 2.22172 2.09565 4.69861 1.65744 178730 0 1.42801 0.1764 0
-19.6398 38.5624 1.01804 2.04733 4.5316 1.50259 165844 0 -1.20442 0.176198 0
53.6528 8.14617 0.966045 1.65721 3.7735 1.41211 121613 0 1.7016 0.176146 0
54.8628 20.319 1.27252 1.9908 4.48539 1.529 139401 0 1.67469 0.175907 0
-36.3213 34.3518 0.762348 2.10258 4.74228 1.62488 159708 0 2.0032 0.175727 0
60.9492 46.8729 2.26645 2.05518 4.62479 1.63303 178264 0 0.788533 0.1753 0
-48.739 7.18558 -0.384386 2.39275 5.47482 1.86174 119889 0 -1.28998 0.175214 0
20.383 52.6505 2.60253 1.92337 4.25338 1.69727 186561 0 -1.56909 0.175173 0
15.3895 -11.6425 0.715992 0.936832 1.95043 1.87393 92478 0 3.02968 0.174904 2
69.2688 11.6819 1.24873 2.03936 4.57469 1.59633 126810 0 -0.686668 0.174814 0
11.3227 70.5904 2.13632 1.97442 4.40022 1.55999 212741 0 -1.49144 0.174774 0
-39.1849 28.337 0.508595 1.97779 4.32017 1.71376 150807 0 -1.21402 0.174236 0
-62.7889 11.7129 -0.370129 2.20791 5.19499 1.71084 126397 0 -1.28954 0.174175 0
21.908 66.7864 2.17184 2.01874 4.58214 1.64169 207158 0 1.63556 0.173847 0
51.9846 37.3643 1.80762 2.0184 4.53332 1.64314 164196 0 -1.51584 0.173257 0
-27.0286 17.2027 0.516793 2.06385 4.54548 1.79107 134465 0 1.71424 0.17324 0
30.3132 21.8089 1.19676 2.05029 4.79675 1.43779 141664 0 -1.49776 0.172988 0
-26.4295 17.461 0.518547 2.15573 4.96572 1.85403 134935 0 1.7043 0.172257 0
47.9621 8.51601 0.981901 1.80211 3.67502 1.54721 122063 0 -1.48047 0.172217 0
49.1216 14.7846 1.36455 2.05082 4.61173 1.65377 131427 0 -1.54028 0.171785 0
-4.30444 55.8288 2.13286 2.00058 4.5053 1.64613 191164 0 -1.57493 0.171513 0
-64.1221 6.65851 -0.509366 2.27727 5.05075 1.84446 118905 0 -1.30967 0.171383 0
54.2551 20.6427 1.31569 1.9759 4.40541 1.47013 139867 0 1.71021 0.171238 0
-23.1764 27.9137 0.888796 2.06289 4.6592 1.59343 150389 0 -1.3014 0.170416 0
0.861069 55.234 2.60308 2.55144 6.32296 2.32283 190244 0 -1.66513 0.169514 0
0.373306 26.3476 1.2511 1.70895 3.8008 1.37226 148123 0 1.61468 0.169343 0
-21.3083 27.0912 0.694586 2.08951 4.71547 1.57314 148991 0 -1.29831 0.169149 0
13.273 -9.5441 0.461764 0.798408 0.869509 1.45997 95747 0 0.221702 0.169123 1
-34.1442 29.9527 0.485252 2.01663 4.45364 1.44391 153163 0 -1.23019 0.168897 0
-26.6648 22.85 0.615547 2.16529 4.81272 1.54184 142890 0 1.82764 0.168766 0
39.5244 53.3186 1.90008 2.01116 4.53213 1.56953 187557 0 1.73637 0.168472 0
-34.4583 30.4758 0.469526 1.94477 4.40602 1.45815 154098 0 -1.5339 0.168015 0
60.6451 46.8981 2.19925 2.00905 4.45055 1.60958 178263 0 1.29931 0.167785 0
49.7225 23.7788 1.16367 1.93602 4.38531 1.52811 144533 0 -1.36215 0.167491 0
-39.4937 28.6855 0.577353 1.29507 1.97305 1.7045 151274 0 -1.50305 0.167436 0
-4.99073 44.523 2.01873 2.16895 4.67957 1.71836 174782 0 -1.54577 0.16673 0
53.9707 5.09006 1.17613 1.85081 4.39599 1.61125 116934 0 1.67575 0.166716 0
-1.41198 19.7605 1.40333 2.06897 4.86605 1.68487 138289 0 1.69739 0.166693 0
43.3346 53.5853 2.50495 2.10095 4.75929 1.69567 188037 0 -2.94676 0.16642 0
69.1763 2.65426 0.786615 0.811765 0.886964 1.71856 113706 0 2.5237 0.166334 1
14.87 61.6042 1.9138 2.14702 4.7983 1.59125 199648 0 -1.53172 0.166196 0
36.8599 15.4202 1.15389 2.20372 5.46321 1.62116 132325 0 1.6024 0.166011 0
-39.8262 29.2793 0.632396 1.95151 4.43431 1.62839 152209 0 2.95836 0.165941 0
20.914 37.2721 1.80841 0.795889 0.776209 1.63572 164099 0 1.46523 0.165895 1
-67.3778 11.6534 -0.733995 1.91012 4.29913 1.5119 126383 0 -1.09399 0.165747 0
14.9028 64.2918 2.02295 1.9581 4.5693 1.53351 203392 0 -1.41146 0.165623 0
-40.9003 11.8798 -0.156365 1.72105 3.65607 1.44488 126934 0 1.85046 0.165328 0
-6.57469 37.2706 1.93562 2.20812 5.09406 1.70864 164013 0 -1.5299 0.165185 0
