44.3138 -6.88853 1.43205 2.92649 7.85723 3.16444 99588 0 1.62734 0.966375 0
18.3921 11.7393 1.04238 2.12752 4.85846 1.50908 126651 0 1.64239 0.951089 0
-6.85489 11.3318 0.968907 1.99128 4.52316 1.44855 126104 0 -1.47758 0.949887 0
10.6698 12.7353 1.20749 2.22995 5.19622 1.88717 128031 0 -1.56826 0.937351 0
22.5837 6.98917 0.977947 2.1098 4.90972 1.5288 119644 0 0.237143 0.936665 0
-1.96864 11.0766 1.16077 2.04871 4.52063 1.80774 125651 0 1.61554 0.921244 0
-32.4467 -5.03608 -0.499914 2.06991 4.55325 1.54844 102156 0 -1.58946 0.914181 0
-0.883522 17.0895 1.35569 2.06978 4.7722 1.82278 134547 0 1.63994 0.895737 0
36.0855 9.07763 1.05054 2.01528 4.60413 1.48068 122962 0 1.66652 0.892339 0
48.7515 5.67784 1.136 2.17137 5.11453 1.87302 117854 0 -1.47021 0.887871 0
30.6134 15.9062 1.25072 1.96751 4.4257 1.69156 132773 0 -1.50332 0.87996 0
31.1449 12.2899 1.07394 1.99055 4.73696 1.50777 127627 0 1.63102 0.878003 0
10.688 15.8064 1.26449 2.20075 5.08283 1.85207 132711 0 -1.54532 0.872645 0
-20.6473 32.7206 1.16958 2.37068 5.46003 1.82004 157417 0 -1.19662 0.872433 0
-44.665 -11.1147 -0.82522 2.04778 4.44273 1.76122 93226 0 0.027221 0.870607 0
48.4164 8.48933 1.01028 2.04469 4.68902 1.67021 122065 0 -1.49187 0.868531 0
-19.0319 11.4823 0.834254 1.99791 4.57547 1.78096 126066 0 1.68688 0.866765 0
31.2098 30.922 1.3791 2.11576 4.8611 1.50003 154771 0 1.58231 0.862543 0
17.7143 19.9976 1.20941 2.06536 4.82903 1.49866 138817 0 1.63269 0.857483 0
13.275 41.1493 1.89396 2.12277 4.94133 1.87941 169691 0 -1.52687 0.857278 0
17.3709 22.8335 1.50973 2.09691 4.91722 1.698 143028 0 1.61518 0.854192 0
-12.2214 13.8837 0.798211 2.08637 4.77257 1.54788 129831 0 -3.08229 0.848667 0
11.7215 22.2742 1.39572 1.92743 4.31296 1.71691 142074 0 -1.51606 0.8481 0
-6.5426 17.4672 1.07157 2.08333 4.83549 1.56582 134997 0 -1.5504 0.846983 0
-42.1443 -11.6562 -0.815718 1.98661 4.37114 1.62699 92298 0 0.0496844 0.836862 0
-6.56965 20.3076 1.17316 2.14465 5.03902 1.45363 139209 0 -1.53299 0.834353 0
-19.6881 8.03288 0.680403 2.01497 4.52628 1.54243 121384 0 1.61501 0.833977 0
13.9007 38.1706 1.68907 2.11532 4.89522 1.67577 165481 0 -1.52853 0.832029 0
-0.391548 22.9026 1.42758 2.15715 5.09998 1.8456 142972 0 -1.50079 0.830345 0
18.6305 15.4171 1.23852 2.24632 4.97933 1.71659 132268 0 1.61742 0.826939 0
11.3738 19.4069 1.12489 1.96978 4.56574 1.50818 137861 0 -1.61564 0.825132 0
-18.4021 13.9967 0.82392 2.0555 4.74127 1.83755 129812 0 1.76893 0.820934 0
-42.9806 5.86728 -0.354234 1.89587 4.24709 1.4874 118035 0 1.86652 0.819927 0
-29.8636 6.62811 -0.0827085 2.17312 4.95961 1.5947 119012 0 -1.32014 0.815921 0
-70.5108 -3.7029 -0.526179 0.949255 0.990724 1.8788 103909 0 1.66143 0.811747 1
0.149353 29.0117 1.42198 1.9585 4.45147 1.45871 151866 0 1.60593 0.811421 0
-1.18517 14.1416 1.11521 1.90603 4.29249 1.56559 130334 0 1.71002 0.810693 0
0.18956 31.7542 1.76772 2.19752 5.01941 1.88588 156078 0 1.64637 0.810604 0
-36.541 -11.616 -0.716998 2.37555 5.27882 2.08716 92315 0 0.0345964 0.805661 0
31.1646 27.578 1.3505 2.12226 5.02849 1.49109 150091 0 1.606 0.802558 0
5.48197 19.6374 1.19882 2.12868 4.79936 1.55526 138311 0 0.122951 0.802261 0
30.8555 9.33144 1.15828 2.02946 4.48523 1.5873 123414 0 -1.4666 0.797608 0
17.4578 25.7386 1.58124 2.30222 5.43442 1.76103 147240 0 1.61294 0.795301 0
-18.8062 19.7537 0.954616 2.23299 4.84023 1.90533 138235 0 1.73191 0.793107 0
-6.25156 14.4914 1.02547 2.00914 4.61607 1.47513 130786 0 -1.49597 0.787084 0
36.3268 12.0999 1.2156 2.07346 4.82258 1.62533 127175 0 1.62675 0.785668 0
10.2846 -5.6572 0.801961 0.870325 0.929576 1.72316 101354 0 1.68188 0.781757 1
11.6259 26.1236 1.32704 2.03491 4.82911 1.52269 147690 0 -1.51613 0.775867 0
15.2526 55.2164 2.19804 1.9926 4.4194 1.71858 190289 0 -1.46446 0.774331 0
49.0726 11.5936 1.21709 1.97309 4.36698 1.71551 126747 0 -1.50781 0.762087 0
14.8942 58.4209 1.94121 2.00759 4.59105 1.53132 194968 0 -1.39619 0.757137 0
12.9315 32.3852 1.43106 2.08612 4.88261 1.50364 157054 0 -1.51913 0.755381 0
-71.162 -2.72914 -0.714781 0.849927 0.901025 1.7502 105311 0 -2.17112 0.753785 1
-49.1045 4.55096 -0.37316 2.1607 4.82814 1.68218 116144 0 -1.28837 0.751765 0
14.21 -4.71662 0.920108 0.799261 0.886455 1.82058 102770 0 -1.42255 0.751387 1
34.496 -6.65948 0.78027 0.821061 0.90595 1.65993 100025 0 -1.26844 0.748684 1
-44.3726 20.3454 -0.0653507 1.91943 4.24668 1.52794 139091 0 -1.26195 0.746811 0
-18.1197 22.9208 0.868176 2.02485 4.54144 1.49681 142917 0 1.637 0.744944 0
-41.1486 11.7306 -0.167817 1.77025 4.03557 1.49781 126465 0 1.87829 0.740988 0
-0.143478 26.1428 1.3238 1.99836 4.59498 1.44906 147653 0 -1.49349 0.739702 0
-56.2347 27.2946 0.162706 2.07614 4.59628 1.59035 149350 0 -1.16247 0.73436 0
13.3126 47.1376 1.72598 1.96312 4.48565 1.50517 178583 0 -1.59844 0.732252 0
-53.9942 47.7618 0.618274 2.04402 4.50659 1.58471 179309 0 -1.17638 0.730179 0
25.9671 1.87832 0.977953 0.862527 1.00181 1.74514 112167 0 0.127999 0.728153 1
-40.4257 14.577 -0.140467 1.99915 4.47181 1.56882 130679 0 1.92142 0.726818 0
30.869 21.6647 1.19479 1.87079 4.35793 1.39062 141198 0 -1.51479 0.724476 0
36.3656 15.2718 1.20552 1.93498 4.52054 1.47738 131855 0 -0.518525 0.72154 0
54.219 5.34281 1.12177 2.01796 4.8487 1.78006 117403 0 1.65904 0.715427 0
12.6232 29.2381 1.4037 1.97115 4.63218 1.4534 152373 0 -1.49709 0.715093 0
14.933 64.75 2.05032 2.01687 4.58521 1.58752 204328 0 -1.55246 0.709862 0
-46.2532 56.1395 0.758057 2.05256 4.62612 1.52702 191501 0 -1.24625 0.708543 0
-61.3488 14.5197 -0.408249 1.9345 4.26404 1.65489 130614 0 -1.16388 0.70545 0
-21.2933 29.988 0.86352 2.07292 4.59112 1.46354 153203 0 -1.26319 0.70505 0
-0.142082 26.3447 1.32 1.99165 4.58984 1.44258 148121 0 1.22138 0.704732 0
15.2559 -11.6217 0.747254 0.929413 1.95671 1.87736 92477 0 -3.08895 0.70228 2
-27.714 14.7954 0.361554 2.15568 4.85097 1.92496 131187 0 1.81068 0.702058 0
-18.4189 16.8491 0.692272 1.9472 4.56496 1.48283 134024 0 1.67832 0.701371 0
-5.87296 26.1039 1.5496 2.04993 4.63524 1.64999 147635 0 -1.5178 0.697158 0
37.0127 30.1912 1.70017 2.36274 5.38739 1.83668 153853 0 -1.47922 0.689949 0
-5.30296 40.8307 1.68665 2.02343 4.5805 1.47925 169165 0 -1.58176 0.684962 0
2.73869 -3.79345 0.87557 0.832061 0.894986 1.74107 104138 0 2.14847 0.684794 1
9.01647 0.884827 0.950611 0.889175 1.0724 1.77997 110710 0 2.94271 0.684552 1
14.9137 67.7126 2.29795 1.99615 4.41384 1.74765 208540 0 -1.57653 0.679898 0
13.3381 44.0116 1.78649 1.97522 4.40871 1.68016 173903 0 -1.5681 0.678146 0
1.07184 43.6648 1.63924 1.96177 4.44869 1.48219 173397 0 1.53812 0.673142 0
18.9878 37.8944 1.81211 2.08927 4.70174 1.64781 165029 0 1.59983 0.665067 0
-38.8979 19.6946 0.0370207 1.9893 4.68472 1.58805 138172 0 1.83009 0.660272 0
14.2781 73.7278 2.18667 1.93227 4.34655 1.45909 217430 0 -1.53733 0.65883 0
31.8372 38.8981 1.80305 1.9362 4.3449 1.55481 166473 0 -1.5157 0.648989 0
54.5843 11.0805 1.36597 2.01548 4.64314 1.49552 125828 0 1.63489 0.645021 0
-19.6699 35.3756 1.14909 2.05617 4.6273 1.49663 161164 0 -1.14099 0.640957 0
31.5296 35.7844 1.64051 2.0827 4.88736 1.64654 161792 0 1.62765 0.640538 0
18.7227 31.817 1.41264 2.1218 4.94478 1.51089 156136 0 1.59565 0.638212 0
50.6876 34.8185 1.68159 1.93352 4.47813 1.49186 160448 0 -1.52513 0.636005 0
34.1131 -7.29218 0.609294 0.565056 0.638189 1.04363 99088 0 -1.30133 0.625713 1
-47.5378 9.72247 -0.0510768 2.26337 5.26688 1.91258 123637 0 -1.28369 0.624375 0
-45.6266 17.8156 -0.115111 2.00091 4.40831 1.64378 135343 0 -1.21642 0.622549 0
-5.59768 44.3099 2.04844 2.14032 4.89451 1.77872 174312 0 -1.56845 0.620772 0
36.3534 15.4105 1.185 1.95554 4.60318 1.48603 132323 0 1.57427 0.617318 0
-0.805031 20.048 1.30373 2.08663 4.90008 1.61437 138759 0 1.6689 0.606993 0
-48.1683 7.13671 -0.43091 2.01543 4.47233 1.6202 119891 0 -1.28485 0.599886 0
31.1709 18.7561 1.17066 1.81671 4.19793 1.43474 136987 0 -1.50733 0.58932 0
-63.8419 6.93742 -0.519652 2.13586 4.73496 1.70409 119374 0 -1.20254 0.586614 0
-19.0719 38.2276 0.835441 2.02386 4.5785 1.46908 165378 0 -1.16134 0.573976 0
0.0918732 26.342 1.30132 1.83221 4.1823 1.39509 148122 0 -1.1396 0.569816 0
36.3161 21.058 1.41196 1.96185 4.48317 1.5013 140279 0 1.55063 0.56556 0
17.763 28.6723 1.38906 2.02138 4.71249 1.45754 151453 0 1.59063 0.560759 0
2.10999 55.4971 2.30863 2.42905 5.68685 2.04467 190716 0 1.56172 0.555839 0
33.5005 -7.77675 0.760685 0.715063 0.931912 1.61278 98150 0 -1.24144 0.553022 1
-6.24041 31.8884 1.6739 2.13927 4.88058 1.53005 156058 0 -1.55044 0.552397 0
-62.2343 11.7168 -0.452483 1.88459 4.24803 1.52518 126399 0 2.00525 0.550548 0
-28.6111 9.20026 -0.0263368 1.98349 4.38595 1.51147 122760 0 -1.39456 0.547406 0
40.7878 34.9859 1.67998 0.783302 0.779167 1.64643 160885 0 -2.43916 0.546347 1
-39.8591 17.1748 0.0845346 1.8683 4.05678 1.74355 134425 0 1.88155 0.546093 0
-46.5657 15.1441 -0.146818 2.1049 4.55117 1.67485 131596 0 -1.23233 0.544758 0
-32.5091 39.1644 0.753916 1.94421 4.35665 1.45253 166740 0 1.93041 0.542544 0
-16.3659 -14.5632 0.365569 0.864967 0.946752 1.72165 88166 0 -1.8227 0.540456 1
19.0442 40.8127 1.90402 2.03559 4.76803 1.51033 169241 0 1.59011 0.535496 0
14.1556 -3.975 1.02101 0.862506 0.930271 1.93285 103706 0 -1.50321 0.532124 1
15.1661 -4.38572 0.667277 0.628253 0.656447 0.868118 103241 0 -1.34628 0.528532 1
-68.983 5.27376 -0.636204 1.93332 4.20157 1.6867 117018 0 2.0248 0.527145 0
19.0584 46.5744 2.12977 1.96729 4.39756 1.57563 177665 0 1.51996 0.526059 0
32.8108 56.8218 1.86793 1.96558 4.46626 1.52551 192684 0 -1.53967 0.525475 0
-47.2024 12.2867 -0.313913 2.04148 4.51784 1.58847 127382 0 -1.22182 0.524853 0
-6.52086 31.8983 1.65899 2.13661 4.86183 1.55296 156057 0 -0.365991 0.524811 0
-31.9006 42.014 1.07815 1.8804 4.16064 1.62414 170954 0 1.90615 0.524542 0
-44.017 23.1383 0.234244 1.96421 4.40759 1.59577 143304 0 -1.26929 0.509716 0
-37.6147 22.2498 0.400753 2.00026 4.35808 1.80322 141920 0 1.81011 0.503599 0
33.6962 -7.87052 0.783341 0.742397 1.22509 1.62842 98151 0 -1.22592 0.501932 1
36.9246 26.9439 1.40233 2.0778 4.80021 1.48059 149173 0 1.67197 0.498481 0
-42.0894 9.43488 -0.256544 2.10831 4.78047 1.60777 123186 0 1.82885 0.496944 0
-44.3267 58.4068 1.2132 2.0782 4.48066 1.62911 194783 0 -1.32124 0.496767 0
-4.34738 58.977 2.22991 2.01771 4.58318 1.63385 195844 0 -1.56944 0.486331 0
4.56866 40.0507 1.80861 0.924115 0.83814 1.72214 168260 0 -0.040589 0.470257 1
14.8757 70.5628 2.35056 1.97669 4.41958 1.60291 212752 0 -1.57368 0.462476 0
-29.2751 9.40834 -0.0442033 2.07075 4.64648 1.55458 123226 0 1.68745 0.411655 0
-61.9893 11.9192 -0.453931 1.88209 4.11688 1.51557 126868 0 2.02596 0.407924 0
34.1092 -7.39226 0.669634 0.599431 0.656401 1.07974 98620 0 -1.24107 0.404111 1
53.6165 28.9243 1.56723 1.97414 4.4009 1.49975 152033 0 1.56105 0.40081 0
34.0665 -8.10469 0.635307 0.537397 0.589662 1.04968 97684 0 -1.30377 0.399687 1
1.71822 52.6207 2.01227 1.93459 4.35275 1.58609 186503 0 1.5632 0.397961 0
34.5963 -6.75195 0.782464 0.82938 0.888864 1.61639 99558 0 -1.21436 0.390191 1
-70.5051 -3.88229 -0.560337 0.940261 0.985182 1.82075 103441 0 1.55377 0.38806 1
-46.2693 14.6345 -0.199458 1.88386 4.1309 1.5871 130661 0 -1.26354 0.38456 0
-44.9627 58.6719 1.15111 2.41049 5.72779 1.89127 195249 0 -1.28535 0.383953 0
49.1349 20.2946 1.47601 1.96533 4.30648 1.49667 139383 0 -1.55314 0.382994 0
30.5794 18.9277 1.1345 1.87526 4.52356 1.42028 137453 0 -1.53882 0.382888 0
-24.5224 22.2244 0.615804 2.07213 4.55664 1.56402 141961 0 -1.35855 0.379523 0
15.0071 -4.35576 0.737728 0.630266 0.685365 1.04922 103240 0 -1.49909 0.378813 1
-4.63888 49.7193 1.97512 2.03086 4.62639 1.62272 182271 0 -1.62687 0.377385 0
-39.468 28.7063 0.542843 0.772774 0.775676 1.74181 151274 0 -2.59515 0.375461 1
49.1221 14.2951 1.26663 1.93124 4.41765 1.53408 130491 0 -1.54357 0.373593 0
33.8006 -8.07955 0.74556 0.667827 1.10809 1.56199 97683 0 -1.28132 0.373407 1
8.92242 0.988861 0.928979 0.891259 1.06048 1.80309 111177 0 3.03292 0.370552 1
14.1852 -4.29675 0.936825 0.801635 0.90007 1.8743 103238 0 -1.48617 0.370542 1
0.831848 40.4724 1.66582 2.03141 4.60674 1.54595 168716 0 1.55405 0.369921 0
34.0363 -7.92165 0.714453 0.623153 0.787441 1.17123 98152 0 -1.29716 0.369068 1
40.8096 34.844 1.67472 0.79854 0.803966 1.65024 160417 0 -2.77982 0.366788 1
19.9714 40.834 1.95679 1.92652 4.27678 1.48711 169244 0 1.55684 0.366147 0
1.44678 52.3533 2.02182 2.0258 4.66748 1.68948 186034 0 1.51846 0.363817 0
49.4334 14.5377 1.33222 2.03621 4.6651 1.59279 130960 0 -1.53145 0.362009 0
18.0393 -11.3604 0.939808 2.10303 4.54587 1.75934 92954 0 0.116186 0.360812 0
-3.6744 64.7657 2.41062 2.03664 4.49439 1.57341 204270 0 -1.48637 0.359545 0
-71.0091 -2.73534 -0.713085 0.870351 0.92966 1.7623 105312 0 -2.19981 0.358259 1
51.719 46.528 1.85385 1.96286 4.40307 1.55618 177767 0 -1.55672 0.358138 0
-27.3605 17.7571 0.564918 2.09483 4.70582 1.83568 135400 0 1.75742 0.356562 0
-26.072 22.5844 0.625469 2.0093 4.40304 1.48722 142424 0 1.77115 0.355132 0
15.1804 -4.49763 0.658004 0.595022 0.645304 0.879386 102773 0 -1.06214 0.351422 1
-71.1547 -2.91138 -0.685658 0.922611 0.972382 1.76052 104843 0 -2.19253 0.351045 1
-38.2102 22.5027 0.385875 2.08027 4.62377 1.81773 142386 0 1.81906 0.34948 0
32.1615 44.982 1.86908 1.97183 4.45875 1.51333 175366 0 -1.5628 0.347576 0
19.6569 31.8564 1.40391 2.03793 4.56571 1.53629 156139 0 1.61294 0.343691 0
54.5343 28.971 1.66795 2.0187 4.59605 1.60363 152036 0 -1.63957 0.339048 0
14.1616 -3.79213 0.957202 0.832618 0.900847 1.86998 104174 0 -1.41676 0.337895 1
14.5893 70.8216 2.32603 1.95874 4.33945 1.56145 213219 0 -1.57457 0.336785 0
37.9186 38.8855 1.73403 1.97285 4.48606 1.54183 166492 0 1.59358 0.334769 0
2.67439 55.2531 2.22272 2.19586 4.83794 1.91871 190250 0 1.49657 0.333819 0
18.3757 28.8912 1.39684 2.04712 4.78071 1.47932 151923 0 1.63455 0.33329 0
-34.7259 33.7281 0.746703 2.0126 4.59422 1.58438 158777 0 1.86386 0.333095 0
37.2831 44.6008 1.825 1.97336 4.54329 1.52874 174914 0 1.5797 0.331854 0
-32.4396 42.3073 1.07833 2.18035 5.1583 1.81454 171420 0 1.90374 0.32948 0
55.1923 14.2264 1.09035 1.97207 4.48206 1.52552 130510 0 1.56779 0.32936 0
-0.372841 26.3418 1.32736 2.10343 5.01859 1.52577 148120 0 0.762344 0.326311 0
-70.5272 -3.48095 -0.516327 0.932304 0.990053 1.89003 104377 0 -2.08385 0.325551 1
14.4556 -4.69203 0.900906 0.728284 0.802474 1.68814 102771 0 -1.4698 0.323957 1
55.5469 34.0958 1.59763 2.01125 4.61955 1.5736 159527 0 1.59329 0.323862 0
-45.997 14.8569 -0.237113 1.96082 4.31509 1.64159 131130 0 -1.21631 0.323233 0
-69.2401 5.0595 -0.616365 2.06043 4.5286 1.72353 116549 0 1.87382 0.323032 0
33.4355 -7.63664 0.753359 0.693626 0.853784 1.4871 98618 0 -1.25939 0.32178 1
-27.6982 18.056 0.56583 2.08772 4.62493 1.85756 135867 0 1.79508 0.315045 0
32.1515 35.8978 1.71139 2.30509 5.37701 1.71638 162262 0 -1.49101 0.313598 0
-5.2593 49.4691 1.9902 2.07945 4.78147 1.67446 181801 0 -1.61771 0.313056 0
32.7956 54.1796 1.87025 1.88144 4.21815 1.44956 188940 0 -1.54639 0.311415 0
55.8262 15.2362 1.10749 2.00378 4.49736 1.50994 131916 0 -1.45402 0.310703 0
39.1766 35.9745 1.8121 1.98741 4.47498 1.55799 162284 0 1.60129 0.310519 0
33.4171 57.0269 1.94335 2.02245 4.48479 1.61782 193154 0 -1.59189 0.309423 0
31.8476 45.2211 1.90253 2.02172 4.52507 1.54821 175833 0 -1.55854 0.305152 0
-39.441 19.7377 -0.0108761 1.77146 4.04058 1.52893 138170 0 1.83558 0.304231 0
-48.5708 4.54045 -0.43615 1.85488 3.98566 1.5317 116146 0 -1.25338 0.304112 0
21.2842 67.0514 2.26978 2.06412 4.67494 1.67455 207624 0 1.64619 0.303277 0
1.48578 55.2285 2.38276 2.54095 6.34658 2.13829 190246 0 -1.79566 0.301487 0
11.1534 26.0696 1.33991 1.74253 3.74 1.51189 147688 0 -1.52869 0.299179 0
55.2069 15.4773 1.13135 1.95852 4.41659 1.49898 132382 0 1.59238 0.296324 0
-5.34227 31.8245 1.60789 2.05496 4.83182 1.58772 156061 0 -1.50941 0.292745 0
1.5022 55.4775 2.44867 2.5698 6.36361 2.15329 190714 0 0.0803891 0.291646 0
-35.0132 30.3101 0.494334 1.90551 4.36489 1.49704 153628 0 1.64483 0.288763 0
-34.1269 33.4101 0.813974 2.0317 4.61947 1.539 158311 0 1.90963 0.288596 0
14.6058 70.3098 2.36635 1.89762 4.16783 1.56357 212283 0 -1.55186 0.288132 0
50.7021 47.5563 1.96084 2.00241 4.38442 1.60285 179168 0 0.182674 0.287266 0
40.6026 35.0067 1.6788 0.824993 0.844722 1.67341 160884 0 -1.89164 0.286856 1
-25.4344 22.3032 0.609173 2.03346 4.56842 1.50961 141958 0 1.69877 0.286617 0
33.436 53.9743 1.87851 1.93738 4.35157 1.51743 188474 0 -1.52342 0.285925 0
-5.58952 59.0167 2.1862 2.0047 4.58437 1.64628 195840 0 1.59149 0.285826 0
-3.95988 64.5205 2.45687 2.00952 4.50975 1.59648 203801 0 -1.48274 0.285719 0
-21.8266 29.965 0.914452 2.22015 5.09829 1.56538 153201 0 -1.27122 0.280918 0
50.445 47.8499 1.93068 2.01072 4.47105 1.62663 179635 0 3.05578 0.280633 0
49.4528 23.5097 0.980203 1.84205 4.20732 1.43619 144064 0 -1.52247 0.279885 0
-61.9362 11.4306 -0.456498 1.62055 3.50712 1.45634 125932 0 -2.71273 0.279849 0
-6.83566 32.0701 1.69444 2.20128 5.02346 1.61517 156524 0 1.59177 0.278957 0
-35.0409 30.4977 0.459559 1.90479 4.35349 1.51605 154096 0 1.93944 0.278567 0
-67.3685 11.0586 -0.694818 1.94101 4.31664 1.51699 125447 0 -1.13223 0.277186 0
-25.1043 22.276 0.605567 2.05255 4.6011 1.53143 141959 0 -0.0122999 0.276163 0
-26.7643 17.4601 0.548608 2.09182 4.79662 1.79243 134934 0 1.71174 0.276019 0
31.2501 39.1006 1.80817 2.05475 4.69056 1.56598 166939 0 -1.52396 0.273479 0
-34.7337 30.2693 0.527728 1.89066 4.30842 1.4681 153629 0 -0.884967 0.271985 0
-40.0966 17.6771 0.00358844 2.06067 4.48986 1.79162 135360 0 1.98648 0.271376 0
31.206 44.986 1.86948 1.99133 4.52408 1.54209 175363 0 -1.56654 0.270172 0
-41.1359 29.9143 0.747491 2.00138 4.50582 1.68757 153141 0 1.98066 0.268802 0
17.4788 28.3976 1.41971 2.02465 4.6526 1.47496 150984 0 1.59788 0.268786 0
19.6231 46.8032 2.16402 2.15507 4.85126 1.68007 178135 0 1.52199 0.268685 0
-0.140953 26.6113 1.33475 1.99698 4.63936 1.46497 148589 0 1.62159 0.268206 0
20.9545 52.6359 2.64744 2.30154 5.28649 2.03372 186563 0 -1.58799 0.267427 0
-5.86259 41.0178 1.75902 2.08179 4.70214 1.48759 169631 0 -1.57922 0.267266 0
49.7521 23.22 0.978648 1.83478 4.14915 1.43865 143597 0 -1.55092 0.26726 0
59.7334 7.85312 1.24207 2.29625 5.38105 2.01921 121164 0 -0.0458916 0.267165 0
2.09488 54.9607 2.2482 2.42938 5.73963 2.04156 189780 0 1.45926 0.265832 0
-5.28518 28.9777 1.3858 1.9741 4.61357 1.51812 151849 0 -1.48503 0.265269 0
-41.4 11.4674 -0.180713 1.92532 4.34698 1.56502 125996 0 1.85573 0.264059 0
38.2291 44.6373 1.99467 1.91147 4.30428 1.51675 174917 0 1.56819 0.263726 0
50.0812 37.9466 1.75341 1.85067 4.28526 1.44606 165126 0 -1.54515 0.263025 0
53.9602 8.1582 1.00062 1.8166 4.21695 1.44036 121614 0 1.66107 0.262567 0
34.2458 -7.25498 0.617612 0.612236 0.703432 1.08195 99089 0 -1.34646 0.262246 1
56.144 15.4721 1.22011 2.01076 4.48049 1.48614 132385 0 -1.5509 0.261255 0
38.8484 38.8739 1.90298 2.01031 4.53865 1.60393 166495 0 1.57553 0.261172 0
-5.2865 68.2973 2.5298 2.05702 4.69615 1.60865 209413 0 -1.48338 0.260381 0
-71.172 -2.53551 -0.737353 0.871965 0.902697 1.7534 105779 0 -2.30367 0.25989 1
34.3172 -8.13326 0.481108 0.473769 0.46594 0.763941 97685 0 -1.3467 0.25987 1
11.5958 19.1384 1.13836 2.11279 5.07568 1.58304 137394 0 -1.56679 0.259606 0
38.8988 35.7274 1.70194 2.01092 4.59052 1.55077 161815 0 1.61509 0.258946 0
0.835381 69.9242 3.36781 2.25937 4.94541 1.92139 211772 0 3.05663 0.258097 0
-18.6285 23.1512 0.859688 2.21365 5.15723 1.5967 143383 0 1.72044 0.254417 0
-6.87142 26.1558 1.56091 2.10397 4.90597 1.69428 147632 0 1.58568 0.25387 0
36.9144 21.2026 1.45578 2.05273 4.77882 1.54648 140749 0 1.56535 0.253591 0
54.2231 7.90874 1.01445 1.8712 4.39995 1.47466 121147 0 1.63655 0.253474 0
-63.2757 6.84264 -0.536749 1.98472 4.37641 1.62907 119376 0 -1.1276 0.251515 0
-41.4037 29.6134 0.678145 2.09561 4.72778 1.76207 152672 0 1.87485 0.251239 0
0.826721 70.5626 3.40951 2.40805 5.59435 2.08333 212708 0 2.77536 0.250835 0
-61.6909 11.6592 -0.475371 1.62209 3.4489 1.45449 126401 0 -2.15104 0.250117 0
-71.3901 -2.73883 -0.696525 0.885513 0.943456 1.75624 105310 0 -2.18197 0.249605 1
1.09367 40.7321 1.64827 1.98709 4.46113 1.55818 169185 0 1.55391 0.249527 0
-3.71154 49.7677 1.97617 2.03223 4.63863 1.64301 182274 0 -1.59829 0.24922 0
30.919 38.9284 1.74939 1.93083 4.4164 1.55278 166470 0 1.33367 0.248005 0
-4.31297 50.0113 2.00689 2.0337 4.54774 1.62723 182740 0 -1.63969 0.24783 0
-35.3235 33.7833 0.721106 1.99096 4.49576 1.56903 158775 0 1.98293 0.247702 0
1.4717 52.8913 2.10873 2.0404 4.65517 1.69829 186970 0 1.54032 0.246831 0
-0.493866 19.1174 1.37118 0.770254 0.853188 1.66168 137356 0 1.62452 0.245614 1
13.311 46.679 1.70496 1.9263 4.38983 1.51668 177647 0 -1.52109 0.244583 0
1.08413 40.2178 1.64399 1.98566 4.43284 1.55077 168249 0 1.53799 0.244467 0
38.5646 38.6143 1.82923 1.92442 4.31229 1.55315 166026 0 1.58223 0.243598 0
56.4543 15.2113 1.1767 2.00727 4.37561 1.48155 131918 0 -1.54695 0.24308 0
33.1093 56.5819 1.90054 1.8472 4.19086 1.50451 192217 0 -1.47529 0.242911 0
1.34198 43.4306 1.63281 1.81431 3.98392 1.45907 172930 0 1.50573 0.242332 0
49.4477 20.5759 1.52818 2.03804 4.50262 1.56797 139852 0 -1.59225 0.240822 0
48.848 20.0651 1.42633 1.92947 4.24223 1.48276 138914 0 -1.44989 0.240781 0
-33.3734 39.5023 0.789725 2.14961 4.91111 1.62887 167205 0 1.91801 0.240334 0
-41.8243 9.67518 -0.220745 2.01825 4.34946 1.56255 123655 0 1.81577 0.240093 0
-24.2031 22.5195 0.638318 2.09158 4.54386 1.5698 142430 0 -1.42092 0.23981 0
49.756 22.9043 0.978023 1.87239 4.29305 1.44993 143129 0 -1.53476 0.239794 0
69.182 2.63383 0.913521 0.799922 0.85004 1.68475 113706 0 2.41109 0.238641 1
-4.90533 58.7976 2.23395 1.85242 4.26062 1.58706 195374 0 -1.55709 0.237302 0
-42.6763 9.18578 -0.273558 2.04788 4.5287 1.6252 122716 0 1.83986 0.236714 0
-39.313 28.7113 0.510065 0.833599 0.834893 1.7437 151275 0 2.5804 0.236501 1
12.8968 29.5016 1.39116 2.00706 4.79733 1.4943 152842 0 -1.53465 0.236048 0
12.4234 32.2433 1.48655 1.66778 3.66711 1.39752 156584 0 -1.48219 0.235846 0
38.2461 39.1431 1.8228 1.95006 4.34691 1.56113 166961 0 1.54392 0.23581 0
-34.9949 33.4995 0.709942 1.97044 4.48234 1.55671 158308 0 1.78145 0.235809 0
15.3798 -11.4456 0.748456 0.958345 1.95205 1.87093 92946 0 3.09071 0.2358 2
51.6959 37.6219 1.85924 1.944 4.35128 1.56571 164663 0 -1.54483 0.235404 0
34.316 -7.90594 0.549405 0.509331 0.521076 0.768715 98153 0 -1.29996 0.235077 1
-3.3582 55.861 1.96852 2.00433 4.45679 1.54133 191167 0 -1.5831 0.235007 0
14.6421 58.1997 1.89867 1.83716 4.16696 1.45956 194499 0 -1.36952 0.234477 0
54.908 15.2378 1.0466 1.92078 4.39919 1.48505 131913 0 1.5775 0.233097 0
-4.03546 49.4932 1.98449 1.99917 4.59215 1.61935 181805 0 -1.56039 0.232385 0
31.8619 54.182 1.78185 1.94069 4.47742 1.46502 188937 0 -1.56205 0.232007 0
15.3932 -4.37687 0.72312 0.697697 0.754328 0.950016 103242 0 -1.35326 0.231793 1
-5.02227 44.1081 2.00978 1.98041 4.50203 1.74822 173846 0 -1.59397 0.231249 0
-64.4119 6.93032 -0.511878 2.29338 5.19741 1.80539 119372 0 -1.23828 0.231105 0
-46.945 12.5537 -0.356087 1.97065 4.29631 1.56357 127851 0 -1.22245 0.231033 0
10.2041 -5.78719 0.807521 0.89165 0.931889 1.69802 100885 0 -0.536153 0.230911 1
49.7594 38.203 1.78622 1.9367 4.40372 1.51572 165593 0 -1.54812 0.230419 0
15.4352 67.9161 2.30996 2.31623 5.36999 1.93166 209010 0 -1.60383 0.229958 0
32.458 44.677 1.86702 1.9574 4.40532 1.51455 174899 0 -1.56536 0.228994 0
37.8845 44.382 1.88463 1.89627 4.4062 1.49887 174448 0 1.58368 0.228518 0
-6.85914 29.2803 1.48539 2.10484 4.78305 1.62089 152312 0 -1.51595 0.22849 0
42.7326 51.3751 2.08197 0.759385 0.761365 1.68844 184759 0 3.13571 0.228116 1
-26.6363 22.8534 0.575563 2.1349 4.74905 1.53782 142890 0 1.83516 0.227311 0
31.5705 38.6704 1.78727 1.81831 4.09011 1.54074 166004 0 -1.50848 0.227058 0
-39.1352 19.4684 -0.0221615 1.71271 4.08206 1.54175 137703 0 1.83334 0.226883 0
51.0371 37.9126 1.83593 1.9522 4.37904 1.53704 165129 0 -1.53151 0.226752 0
49.7187 20.0567 1.46696 2.12783 4.88448 1.62218 138917 0 -1.4679 0.226538 0
14.9745 -4.53622 0.771235 0.660387 0.70874 1.13337 102772 0 -1.14646 0.225906 1
37.6117 38.6184 1.64371 1.96829 4.4754 1.51179 166023 0 1.60271 0.225639 0
14.1381 -3.0577 0.785873 0.780561 0.851205 1.6198 105110 0 -1.35747 0.22535 1
34.4009 31.1415 1.36011 0.688855 0.679083 1.60332 155249 0 -3.04636 0.224566 1
18.1465 31.6168 1.40344 1.97104 4.5207 1.51061 155666 0 1.59088 0.224336 0
-59.6761 17.1425 -0.376904 2.07765 4.7453 1.61608 134363 0 -1.12743 0.224029 0
-35.0442 34.0198 0.757478 2.00657 4.56118 1.5848 159244 0 2.11293 0.223092 0
-70.7606 -3.68324 -0.550298 0.978945 1.04967 1.87966 103908 0 2.83511 0.222981 1
30.9171 39.1078 1.77969 2.0328 4.66631 1.56255 166938 0 0.915873 0.222605 0
-4.00496 65.0441 2.45546 2.1532 4.7729 1.65363 204737 0 -1.51741 0.221878 0
-34.7504 30.4856 0.492316 1.92422 4.41522 1.48231 154097 0 -3.03371 0.220549 0
15.4172 64.5539 2.1101 2.27616 5.37148 1.75445 203862 0 -1.48574 0.219661 0
53.9366 29.1855 1.63693 2.02593 4.57227 1.54156 152502 0 -1.8582 0.219447 0
-0.508011 19.3251 1.34371 0.97303 1.35565 1.64035 137824 0 1.69331 0.219082 1
-4.95577 49.1899 1.97039 1.98759 4.58173 1.58893 181334 0 -1.56465 0.218421 0
43.0538 52.9732 2.26065 1.96725 4.35155 1.58742 187100 0 3.08753 0.218214 0
30.3138 21.8175 1.2068 2.06475 4.8023 1.44023 141664 0 -1.51702 0.217284 0
50.4002 37.6513 1.78218 1.83024 4.17225 1.42189 164659 0 -1.52965 0.217214 0
52.0013 37.8924 1.85147 1.98852 4.43601 1.59849 165132 0 -1.57232 0.217038 0
37.9109 35.9614 1.44029 1.92792 4.38085 1.47435 162280 0 1.58099 0.216657 0
-41.6469 11.936 -0.224066 2.1298 4.97986 1.68459 126931 0 1.88956 0.216585 0
-27.6597 17.5189 0.532439 2.11645 4.65786 1.84161 134931 0 1.75412 0.214905 0
20.9675 67.3165 2.30455 2.01383 4.52271 1.66936 208091 0 1.71493 0.214619 0
12.0867 29.0288 1.41056 1.77044 3.96859 1.46402 151903 0 -1.47951 0.214546 0
2.02359 52.3555 1.94145 1.86499 4.1357 1.54074 186036 0 -1.91516 0.214389 0
13.818 44.2233 1.79565 2.18548 5.09752 1.83057 174373 0 -1.57981 0.214383 0
48.5031 20.3236 1.3932 1.98868 4.44636 1.52465 139381 0 0.593557 0.21436 0
2.90127 -3.77357 0.898813 0.901228 1.0594 1.74453 104139 0 1.88182 0.214293 1
-46.6379 12.0009 -0.364621 1.81091 3.93411 1.50917 126916 0 -1.22902 0.214271 0
50.0528 14.2892 1.30979 1.97175 4.38709 1.6227 130494 0 -1.53488 0.213491 0
2.6675 55.7548 2.2344 2.29176 4.93045 1.94502 191186 0 1.6654 0.21345 0
-37.8995 22.0403 0.373878 1.90321 4.14201 1.77241 141451 0 1.78525 0.212814 0
-47.1467 56.4721 0.705789 2.1387 4.94556 1.62723 191966 0 -1.22111 0.212202 0
-43.445 23.1151 0.180666 1.9955 4.46449 1.67166 143306 0 -1.2701 0.212191 0
-47.6052 7.10024 -0.356738 1.82747 4.06223 1.58038 119893 0 -1.26245 0.21175 0
51.9643 46.8038 1.87445 2.17761 5.00209 1.7167 178236 0 -1.59176 0.211581 0
14.5229 -4.34369 0.869075 0.716985 0.821055 1.66188 103239 0 -1.50762 0.211222 1
43.3413 53.2691 2.37012 2.04082 4.55765 1.6367 187569 0 -3.07727 0.210874 0
33.7507 -7.54115 0.769645 0.782576 0.926012 1.49249 98619 0 -1.25802 0.210868 1
-46.8176 14.6277 -0.200671 2.04332 4.48915 1.64477 130659 0 -1.28795 0.209273 0
14.0591 -4.83757 0.880566 0.784618 0.891481 1.77573 102301 0 -1.38443 0.208577 1
-5.60081 29.2337 1.4228 2.01105 4.72268 1.55945 152316 0 -1.50404 0.208467 0
17.7921 -11.1181 0.909567 1.96863 4.2276 1.69564 93421 0 0.0989838 0.207722 0
19.6528 40.583 1.96058 1.94941 4.37262 1.49412 168775 0 1.58817 0.207673 0
15.742 55.421 2.28566 2.32283 5.39254 1.92894 190759 0 -1.52043 0.207502 0
18.4571 41.0388 1.80803 1.99869 4.65391 1.4922 169707 0 1.59766 0.207058 0
49.1325 19.7534 1.41364 1.99405 4.48157 1.49906 138447 0 -1.38843 0.206849 0
34.2749 -7.44568 0.557413 0.537185 0.584517 0.817244 98621 0 -1.29133 0.206677 1
-6.5219 31.6374 1.6416 2.10222 4.78441 1.56328 155589 0 0.977818 0.206605 0
21.5961 66.7867 2.23295 2.00139 4.58423 1.62876 207157 0 1.61817 0.205455 0
54.8972 14.5297 1.04846 1.95503 4.43323 1.49483 130977 0 1.57103 0.205429 0
55.1793 23.2079 1.53854 1.94656 4.43928 1.55444 143614 0 1.54415 0.204521 0
1.35382 43.928 1.65439 1.86432 4.1201 1.46614 173866 0 1.60933 0.204495 0
50.7042 38.1967 1.80334 1.93922 4.36005 1.52715 165596 0 -1.53934 0.203508 0
22.2178 67.0138 2.23966 2.03976 4.62403 1.62018 207627 0 1.67436 0.203401 0
48.5242 14.5461 1.31044 1.96855 4.43475 1.58886 130957 0 -1.54009 0.203379 0
1.71028 52.0628 1.93121 1.95275 4.36863 1.60887 185567 0 1.50189 0.201965 0
-5.22552 69.6146 2.92893 2.07867 4.55722 1.64057 211285 0 -0.00999884 0.200674 0
14.444 -4.84341 0.885226 0.772853 0.84659 1.73853 102303 0 -1.45242 0.200265 1
-14.5648 71.1754 2.27902 2.09539 4.77458 1.79826 213596 0 -1.57037 0.20007 0
69.0721 2.63087 0.923111 0.798669 0.83344 1.68785 113705 0 1.77387 0.19986 1
13.5377 47.4123 1.76632 2.14482 5.05082 1.65007 179052 0 -1.60834 0.199768 0
60.0098 45.2549 1.77568 0.823601 0.906867 1.71545 175921 0 -2.22849 0.198951 1
-45.0409 17.7309 -0.16944 2.03073 4.54026 1.66668 135345 0 -1.19718 0.19895 0
36.6159 14.9922 1.16021 2.0745 4.95747 1.5231 131388 0 -1.47299 0.1988 0
-39.4649 28.867 0.560162 0.911876 0.975541 1.75397 151742 0 -1.99566 0.19874 1
32.1614 44.3597 1.82812 1.98052 4.53223 1.52289 174430 0 -1.49775 0.19785 0
48.8196 23.2058 0.999795 1.86537 4.34451 1.4391 143594 0 -1.57556 0.197724 0
-26.7575 18.0273 0.574925 2.10826 4.82059 1.80062 135870 0 1.73756 0.19759 0
56.1597 14.9266 1.13837 1.98158 4.4517 1.48412 131449 0 -1.51657 0.196982 0
13.026 43.7626 1.80832 1.89962 4.10002 1.68803 173434 0 -1.55475 0.196803 0
40.992 34.9866 1.69815 0.846528 0.910098 1.66113 160886 0 -2.94607 0.196443 1
-37.3501 22.4445 0.406892 2.2324 5.01756 1.88863 142389 0 1.83103 0.194914 0
0.812782 70.8496 3.46938 2.27156 5.27351 1.99881 213176 0 2.17185 0.194775 0
-44.5989 23.4234 0.244882 2.06114 4.54909 1.61369 143770 0 -1.24851 0.193492 0
-6.22621 22.945 1.3098 1.96875 4.55499 1.50464 142954 0 -1.54861 0.192929 0
50.9697 47.8028 1.97118 2.16166 4.86529 1.71388 179637 0 3.05859 0.192913 0
13.8055 46.9549 1.74543 2.19035 5.18556 1.73291 178117 0 -1.55537 0.192833 0
53.6544 29.1752 1.59384 2.00254 4.54342 1.52581 152501 0 1.82168 0.1926 0
11.4124 -2.92576 0.738285 0.755242 0.855374 1.55792 105101 0 0.0743322 0.192137 1
-6.23871 29.0334 1.51974 2.05149 4.63128 1.58371 151846 0 -1.49624 0.19209 0
-15.8562 71.2024 2.29234 2.0239 4.57973 1.77968 213592 0 1.58465 0.191678 0
-48.7267 6.97958 -0.414476 2.34835 5.23262 1.78038 119421 0 -1.35028 0.191615 0
-4.62495 64.8133 2.43646 2.20476 5.06982 1.79127 204267 0 -1.53296 0.191525 0
0.697945 31.6049 1.76388 1.87368 3.97068 1.79031 155612 0 1.64777 0.191456 0
-4.34819 58.4943 2.15984 1.90696 4.26933 1.59565 194908 0 -1.53784 0.191414 0
-3.66135 56.115 1.91753 2.024 4.54345 1.57012 191634 0 -1.54864 0.190513 0
14.5085 -3.98662 0.936263 0.798103 0.845855 1.73633 103707 0 -1.36074 0.190352 1
39.8336 53.5974 1.93757 1.99849 4.5018 1.58992 188026 0 -3.12824 0.19014 0
-62.497 11.4485 -0.442676 2.00538 4.47369 1.57436 125930 0 1.9643 0.189243 0
43.6567 52.9692 2.33538 1.99057 4.43549 1.60098 187102 0 -2.99859 0.189176 0
49.1204 14.7883 1.38423 2.06346 4.65778 1.62392 131427 0 -1.52536 0.188661 0
42.7643 53.2812 2.35026 2.00793 4.43057 1.60762 187567 0 3.00772 0.188402 0
61.2847 46.5764 2.24732 1.93179 4.32756 1.56592 177797 0 -2.94427 0.18793 0
-67.6588 2.46811 -0.480682 0.835738 0.875622 1.76359 112810 0 2.24426 0.187722 1
39.5276 53.6066 1.90583 1.97518 4.50393 1.58519 188025 0 2.0651 0.187447 0
36.3701 14.9916 1.20528 1.9311 4.55094 1.49306 131387 0 0.15429 0.187168 0
-6.57607 37.2632 1.96631 2.22031 5.06802 1.70604 164013 0 -1.53316 0.187005 0
14.3507 58.4518 1.90849 1.70177 3.71499 1.37715 194966 0 -1.40519 0.186724 0
14.6377 67.4689 2.27709 1.82112 4.00966 1.64557 208071 0 -1.55224 0.186707 0
0.420578 28.7771 1.43079 1.73682 3.90142 1.41621 151399 0 1.56317 0.186626 0
30.6198 21.3825 1.21258 1.63576 3.79818 1.33671 140729 0 -1.48263 0.186523 0
-60.6373 17.4626 -0.239672 2.09685 4.67842 1.65482 134828 0 -1.13453 0.186213 0
69.1863 2.51196 0.906057 0.795756 0.850792 1.69389 113238 0 0.183986 0.185831 1
0.85144 43.1429 1.72083 2.06436 4.72139 1.57896 172460 0 1.44176 0.185249 0
14.8077 73.9796 2.4802 2.21075 5.08878 1.73002 217900 0 -1.64087 0.185234 0
-1.3745 20.2506 1.26429 2.04866 4.86873 1.55577 139225 0 1.70947 0.185213 0
59.9998 47.2123 2.13771 2.01444 4.48816 1.63268 178729 0 2.94575 0.185213 0
-3.08846 64.5411 2.41804 2.00996 4.5255 1.58322 203804 0 -1.49149 0.184709 0
0.683746 28.9727 1.42531 1.66073 3.59981 1.40435 151868 0 1.61536 0.18444 0
13.0493 44.2364 1.80171 1.8352 4.01653 1.61215 174370 0 -1.57742 0.184289 0
37.5951 44.8685 1.96979 2.0458 4.60646 1.53468 175383 0 1.56709 0.183871 0
-70.533 -4.25591 -0.623615 0.922828 0.9979 1.7828 102973 0 1.97525 0.18295 1
55.1885 19.3649 1.28938 1.99545 4.44012 1.50298 137998 0 1.52352 0.18287 0
49.4455 22.5899 1.0876 1.91641 4.36695 1.44732 142660 0 -1.54357 0.182562 0
55.2046 14.9034 1.05481 1.94916 4.48113 1.49886 131446 0 1.56382 0.182398 0
31.5281 44.694 1.82644 1.9586 4.4829 1.52729 174896 0 -1.51185 0.182125 0
43.3461 52.3342 2.18569 2.02182 4.56912 1.60132 186165 0 -3.13203 0.181979 0
37.5576 45.937 2.13484 1.94878 4.32216 1.51235 176787 0 3.1021 0.181687 0
-6.85358 36.9878 2.00453 2.13091 4.79199 1.7086 163544 0 -1.48522 0.181186 0
61.2609 46.8502 2.31188 2.04869 4.59733 1.6261 178265 0 1.72379 0.18076 0
61.5991 46.2442 2.28272 1.95632 4.41424 1.57816 177330 0 2.42186 0.180759 0
60.9689 46.8769 2.26097 1.98204 4.45354 1.58179 178264 0 2.95198 0.180502 0
40.7809 35.2455 1.69241 0.822363 1.05223 1.70606 161353 0 -2.45973 0.180151 1
0.777222 67.5853 3.09195 0.871202 0.890223 1.87595 208496 0 0.854227 0.179215 1
54.5561 11.5843 1.34451 2.04403 4.75709 1.53309 126764 0 1.53903 0.179058 0
-40.3713 17.4005 -0.00137463 2.14842 4.80176 1.83614 134891 0 1.92298 0.178691 0
-6.21276 68.358 2.52406 1.9459 4.42123 1.65604 209410 0 -1.52811 0.177907 0
-41.1716 12.2083 -0.194375 2.01278 4.48162 1.58767 127401 0 1.91851 0.177539 0
-60.2983 17.1602 -0.305741 2.07901 4.64694 1.63697 134361 0 -0.919131 0.17732 0
15.4236 -11.9108 0.701274 0.903701 2.08597 1.87803 92010 0 3.02934 0.177068 2
-17.1767 22.8884 0.860586 2.03175 4.47585 1.54054 142920 0 -1.5449 0.177044 0
14.8738 71.1169 2.34437 2.00876 4.48802 1.61956 213688 0 -1.61562 0.176843 0
20.38 52.6486 2.65188 1.9426 4.2731 1.70609 186561 0 -1.58228 0.176685 0
51.4314 46.2984 1.84725 1.77971 3.90866 1.45228 177298 0 -1.52812 0.176569 0
55.2646 34.3554 1.57708 1.94555 4.39537 1.50878 159994 0 1.53987 0.176535 0
-41.4287 34.0987 0.941994 2.02364 4.46506 1.57968 159224 0 -2.46235 0.176511 0
49.1419 37.9676 1.83413 1.96699 4.41656 1.54656 165123 0 -1.54585 0.176463 0
49.1216 14.0079 1.2233 1.79599 4.04907 1.48269 130023 0 -1.54639 0.176321 0
54.8876 23.4818 1.56067 1.96181 4.45557 1.53631 144081 0 1.54353 0.176277 0
-61.6549 11.3967 -0.481994 1.59558 3.44713 1.49234 125933 0 -1.42644 0.176252 0
39.8403 53.8987 1.98041 1.99176 4.46051 1.58736 188494 0 -2.80874 0.176146 0
-4.62057 59.2478 2.27504 2.05349 4.6651 1.64679 196311 0 -1.53744 0.175831 0
-49.6727 4.39425 -0.348458 2.44189 5.68472 1.89569 115674 0 -1.36109 0.175824 0
-33.7615 32.8676 0.865587 1.99911 4.45153 1.5078 157376 0 2.04105 0.175356 0
53.9878 5.07883 1.1474 1.83669 4.43168 1.75467 116934 0 1.68289 0.175125 0
-70.9639 -2.94299 -0.643772 0.905522 0.972497 1.7829 104844 0 -2.19005 0.175047 1
30.0069 9.43785 1.16201 2.12425 5.31408 1.62477 123411 0 -1.47008 0.174957 0
17.7779 29.1989 1.37711 1.95701 4.51029 1.5043 152389 0 1.61927 0.174676 0
49.7499 23.7725 1.09604 1.90794 4.25603 1.46102 144533 0 -1.57274 0.174532 0
38.9111 36.2382 1.78747 2.00466 4.53224 1.56349 162751 0 1.58794 0.17447 0
-39.3009 28.8807 0.545704 0.862035 0.880305 1.75359 151743 0 1.99851 0.174349 1
-3.69215 64.2338 2.46173 1.92896 4.32173 1.54907 203334 0 -1.35851 0.174294 0
39.2179 53.6043 1.84936 1.96644 4.46684 1.57873 188024 0 1.77622 0.174091 0
-46.2968 15.4076 -0.161987 2.0779 4.46853 1.70009 132065 0 -1.23158 0.173826 0
14.9267 64.2915 2.02626 1.98186 4.61544 1.57922 203392 0 -1.41927 0.17367 0
11.1358 19.1626 1.10959 1.81401 4.07761 1.44952 137392 0 -1.55396 0.173385 0
4.45273 39.9575 1.80198 0.923896 0.874089 1.74808 167791 0 0.0057207 0.173295 1
-40.1103 16.9237 0.0112891 1.95666 4.29616 1.75686 133956 0 1.78627 0.173274 0
31.1707 27.1783 1.37935 2.17437 5.21869 1.5449 149155 0 1.62621 0.173239 0
32.7489 45.2424 1.90981 2.02525 4.56619 1.58259 175836 0 -1.60236 0.173149 0
-2.74844 64.7961 2.4157 2.14814 4.87454 1.70672 204273 0 -1.50966 0.173145 0
-41.1369 34.099 0.88227 1.99134 4.34181 1.55116 159225 0 2.67941 0.17292 0
37.6175 35.7147 1.37313 1.97032 4.53496 1.47163 161811 0 1.55715 0.17282 0
12.3585 28.7446 1.39574 1.78633 4.07573 1.45483 151436 0 -1.45955 0.172753 0
-34.6819 33.1976 0.708318 1.98529 4.52884 1.53608 157841 0 1.71584 0.172468 0
54.8658 28.7316 1.67611 2.05473 4.67719 1.66629 151569 0 -1.59402 0.17232 0
-46.5334 52.9466 0.802757 2.05594 4.66138 1.5681 186820 0 -1.27214 0.172137 0
33.8845 -7.27554 0.663282 0.660847 0.781523 1.2318 99087 0 -1.3091 0.17203 1
-17.8092 22.6831 0.85021 1.87656 4.03142 1.48631 142450 0 1.62483 0.17154 0
54.8899 19.0571 1.32496 1.99069 4.37246 1.48922 137529 0 1.54012 0.171208 0
51.3966 46.8415 1.8806 1.98552 4.41973 1.56823 178234 0 -1.0903 0.170363 0
-7.46326 20.3046 1.18786 2.04272 4.48553 1.44288 139206 0 -1.54026 0.170274 0
-35.6482 30.5428 0.49783 1.94265 4.3501 1.49761 154094 0 1.75989 0.169901 0
15.1662 -4.10632 0.713515 0.664514 0.675074 1.04455 103709 0 -0.52604 0.169886 1
14.9094 -4.06872 0.787102 0.67529 0.710356 1.24029 103708 0 -1.08321 0.16959 1
-33.4946 33.1041 0.921833 2.09274 4.70131 1.54271 157845 0 1.90463 0.169196 0
-17.5414 16.7043 0.688332 1.97785 4.60837 1.53035 134027 0 -1.44527 0.169155 0
-67.6539 10.7913 -0.642065 2.07464 4.61978 1.5927 124978 0 -1.18692 0.168728 0
12.7009 31.9667 1.46202 1.82156 4.21684 1.48575 156117 0 -1.41793 0.168432 0
-40.8408 30.2135 0.773036 1.97691 4.37643 1.65604 153610 0 2.15259 0.168298 0
15.4564 70.8229 2.35442 2.24664 5.17392 1.83891 213222 0 -1.59541 0.167954 0
-26.3984 23.1167 0.606839 2.13431 4.73599 1.55879 143359 0 1.883 0.167296 0
54.8588 20.3302 1.30075 1.97495 4.52709 1.55242 139401 0 1.5652 0.167205 0
-31.2498 41.7616 1.05195 1.86314 4.10603 1.57893 170488 0 1.82855 0.166847 0
-31.924 39.0918 0.782727 1.95889 4.48709 1.44245 166742 0 1.91223 0.166758 0
-3.38934 50.0568 2.00134 2.02698 4.53628 1.64014 182743 0 -1.62783 0.166625 0
-36.9713 22.0261 0.347165 2.0733 4.67863 1.86399 141454 0 1.78303 0.166372 0
39.5339 53.8906 1.94778 1.98005 4.44903 1.58194 188493 0 2.73763 0.165965 0
-34.4132 29.9891 0.495133 1.93548 4.33586 1.45211 153162 0 -1.4517 0.165919 0
