18.3901 11.7257 1.05019 2.12453 4.85332 1.52904 126651 0 1.64345 0.953018 0
10.6719 12.7337 1.2048 2.23158 5.19125 1.87684 128031 0 -1.57272 0.935404 0
44.2614 -6.90753 1.39543 2.9149 7.81778 3.18923 99588 0 1.63601 0.931443 0
-6.81566 11.3267 0.983011 1.98459 4.5754 1.47893 126104 0 -1.48215 0.93057 0
-1.98589 11.0578 1.17004 2.06547 4.63829 1.79346 125651 0 1.61677 0.923472 0
5.28899 18.6828 1.18895 2.09055 4.66916 1.50485 136906 0 0.113437 0.916906 0
30.6236 15.8983 1.25841 1.9779 4.43871 1.71567 132773 0 -1.49645 0.910423 0
36.0551 9.0768 1.0253 2.03216 4.66063 1.51076 122962 0 1.67334 0.907841 0
-31.5603 -5.01579 -0.441947 2.06311 4.45367 1.53463 102159 0 -1.60538 0.905389 0
-20.6236 32.7284 1.13429 2.38317 5.50423 1.81492 157417 0 -1.20127 0.89689 0
31.1504 12.2939 1.06566 2.01441 4.77705 1.52266 127627 0 1.59749 0.888599 0
-0.878326 17.0664 1.35064 2.08399 4.779 1.82523 134547 0 1.63273 0.885076 0
48.7378 5.67892 1.1119 2.17528 5.06833 1.87377 117854 0 -1.47519 0.881148 0
-19.0186 11.4809 0.821845 2.00306 4.55987 1.79993 126066 0 1.69188 0.875582 0
22.3775 6.61874 0.959871 2.03922 4.81806 1.51451 119175 0 0.289353 0.874052 0
10.0342 -5.64465 0.815804 0.858569 0.951395 1.75424 101353 0 -1.24114 0.873459 1
-44.6854 -11.1001 -0.823914 2.04994 4.50312 1.77408 93226 0 0.0171534 0.871721 0
48.4175 8.47157 0.990072 2.04457 4.6802 1.68936 122065 0 -1.48172 0.870263 0
10.6801 15.8148 1.23977 2.20125 5.087 1.82438 132711 0 -1.54441 0.869699 0
-42.0807 -11.6681 -0.817273 1.99405 4.38239 1.65005 92298 0 0.0327598 0.867425 0
18.6302 15.4246 1.23606 2.26096 4.97 1.7542 132268 0 1.60867 0.86215 0
17.7096 19.9768 1.21432 2.06809 4.82558 1.487 138817 0 1.6245 0.856955 0
13.2834 41.1439 1.86878 2.12846 4.93832 1.89302 169691 0 -1.52163 0.855205 0
-6.54775 17.4619 1.07693 2.06636 4.77654 1.54625 134997 0 -1.5447 0.846286 0
-0.394005 22.906 1.42527 2.18224 5.09405 1.85734 142972 0 -1.47169 0.845294 0
31.1995 30.9145 1.32847 2.14227 4.93623 1.54797 154771 0 1.58684 0.842357 0
-42.9778 5.87701 -0.333762 1.90365 4.17887 1.48472 118035 0 1.88279 0.840217 0
-19.6603 7.96745 0.683769 1.93819 4.49981 1.53296 120916 0 1.61867 0.83906 0
17.3747 22.8313 1.48913 2.09796 4.95937 1.69773 143028 0 1.60406 0.835051 0
-29.8969 6.66189 -0.13557 2.11615 4.89726 1.57417 119012 0 -1.31991 0.834929 0
-18.4169 14.0008 0.808378 2.08634 4.7239 1.82641 129812 0 1.76878 0.833911 0
11.732 22.2971 1.41763 1.93168 4.36323 1.68947 142074 0 -1.5302 0.829325 0
34.7366 -6.79852 0.792255 0.827263 0.893822 1.67648 99558 0 -1.13769 0.822558 1
-12.1084 14.8975 0.824179 1.98382 4.48054 1.53856 131236 0 -3.06401 0.817402 0
0.159637 29.0125 1.41352 1.9609 4.46488 1.44998 151866 0 1.62396 0.817196 0
11.3941 19.3578 1.15961 1.98909 4.58864 1.50656 137861 0 -1.63461 0.817108 0
-36.4323 -11.424 -0.670379 2.17152 4.87918 1.93548 92784 0 0.0447398 0.815162 0
31.1772 27.4534 1.35749 2.17141 5.03304 1.4994 149623 0 1.61493 0.811323 0
30.8459 9.35507 1.15908 1.99161 4.4132 1.63564 123414 0 -1.46196 0.809944 0
-6.57927 20.3045 1.17884 2.15925 5.07311 1.46246 139209 0 -1.51729 0.808489 0
13.8832 38.1905 1.68832 2.10217 4.81842 1.67148 165481 0 -1.5445 0.806873 0
-18.7788 19.7221 0.933066 2.15242 4.79927 1.91074 138235 0 1.74189 0.806722 0
-6.25622 14.4722 1.0263 2.02252 4.64806 1.4897 130786 0 -1.48632 0.800595 0
0.204437 31.7572 1.75793 2.20182 5.03523 1.88287 156078 0 1.66158 0.799421 0
12.9497 32.2591 1.42751 2.05271 4.89065 1.50306 156586 0 -1.47705 0.796043 0
-44.6018 20.3521 -0.0500641 2.0577 4.64273 1.56994 139090 0 -1.29519 0.775121 0
36.3112 12.1057 1.227 2.08878 4.88115 1.64601 127175 0 1.60371 0.773358 0
-1.17935 14.1735 1.12606 1.9112 4.26465 1.57899 130334 0 1.69674 0.77222 0
17.4688 25.7605 1.57881 2.31721 5.46368 1.81316 147240 0 1.58963 0.770079 0
15.2564 55.2382 2.21873 2.00203 4.44763 1.73271 190289 0 -1.45647 0.768398 0
49.0759 11.5966 1.12474 1.99884 4.41403 1.77336 126747 0 -1.48031 0.767046 0
-18.0962 22.9374 0.866025 1.9645 4.41793 1.51164 142917 0 1.64616 0.763177 0
13.3182 43.9987 1.73467 1.97562 4.38899 1.70339 173903 0 -1.55235 0.757141 0
8.99982 1.14489 0.975639 0.933308 1.09387 1.78646 111178 0 3.11173 0.756675 1
14.9243 64.7836 1.99821 2.0166 4.59248 1.5717 204328 0 -1.5572 0.7548 0
11.6242 26.1597 1.28727 2.03548 4.8407 1.51729 147690 0 -1.52716 0.754662 0
-41.1558 11.6951 -0.194722 1.72546 3.91223 1.44904 126465 0 1.86717 0.742924 0
-0.14122 26.1365 1.32715 2.00547 4.62126 1.45175 147653 0 -1.50954 0.742623 0
-18.4674 16.8625 0.674581 1.78171 4.07572 1.52656 134024 0 1.72749 0.735944 0
-49.1332 4.55707 -0.383882 2.17255 4.82774 1.73397 116144 0 -1.27544 0.733307 0
14.8981 58.4242 1.93887 1.99024 4.51831 1.5403 194968 0 -1.41301 0.732677 0
30.8606 21.6641 1.19315 1.87232 4.3434 1.40033 141198 0 -1.51227 0.731597 0
14.1864 -4.71263 0.881436 0.787498 0.881292 1.7789 102770 0 -1.45124 0.731146 1
36.3653 15.2771 1.19427 1.93498 4.50973 1.50223 131855 0 1.64329 0.729845 0
12.6229 29.2565 1.40818 1.9784 4.6473 1.45726 152373 0 -1.51214 0.728587 0
-53.9563 47.8314 0.698873 2.03728 4.53679 1.55554 179309 0 -1.10802 0.727846 0
-27.6598 14.6729 0.354406 1.98512 4.65365 1.89854 130719 0 1.81423 0.726644 0
-70.2628 -3.56049 -0.63959 0.932849 0.955841 1.76165 103910 0 -2.08134 0.722599 1
-61.3497 14.5441 -0.402881 1.9455 4.32439 1.64016 130614 0 -1.16016 0.714787 0
-70.9245 -2.61683 -0.749676 0.931418 0.948963 1.74852 105312 0 -2.00997 0.709978 1
-21.3264 29.9422 0.832756 2.02395 4.54125 1.44958 153203 0 -1.25604 0.702006 0
13.3068 46.914 1.71525 1.93855 4.40269 1.50415 178115 0 -1.54239 0.701741 0
-40.4463 14.563 -0.117797 1.98958 4.3917 1.6099 130679 0 1.83802 0.688801 0
-46.2588 56.1916 0.716613 2.06134 4.66469 1.57128 191501 0 -1.31915 0.687395 0
14.9117 67.6973 2.31102 2.00935 4.47247 1.73741 208540 0 -1.57499 0.685285 0
-38.8847 19.6868 -0.00657108 1.98309 4.60266 1.55053 138172 0 1.81076 0.682697 0
15.255 -11.3838 0.788312 0.940342 1.75921 1.83279 92945 0 3.05087 0.677661 2
31.5093 35.7749 1.64079 2.08739 4.83107 1.72495 161792 0 1.6283 0.667331 0
2.49316 -3.77016 0.84118 0.874521 0.928394 1.69643 104137 0 1.54722 0.665209 1
37.2709 30.1939 1.69011 2.49949 5.87138 1.90984 153854 0 -1.50514 0.659265 0
54.5742 11.2945 1.19147 2.06229 4.67979 1.57947 126296 0 1.59932 0.657643 0
15.1392 -4.39896 0.653933 0.58698 0.637929 0.790826 103241 0 -1.03068 0.652521 1
-5.2861 40.8225 1.70154 2.01668 4.55482 1.48791 169165 0 -1.57036 0.64965 0
18.4284 31.8164 1.41399 2.04279 4.68414 1.5403 156135 0 1.58554 0.649492 0
54.2227 5.3515 1.0995 2.03426 4.93009 1.86428 117403 0 1.63225 0.644871 0
14.2703 73.7696 2.19811 1.92307 4.37397 1.48048 217430 0 -1.52322 0.640256 0
-0.803215 20.0619 1.21218 2.06328 4.95277 1.57965 138759 0 1.68862 0.636814 0
18.995 37.9028 1.77702 2.11487 4.81164 1.68606 165029 0 1.59175 0.636251 0
30.8521 18.7827 1.11313 1.861 4.48693 1.43747 136986 0 -1.50358 0.631784 0
50.4482 34.9437 1.73326 2.09024 4.69991 1.56623 160915 0 -1.52906 0.63138 0
-48.168 7.13673 -0.418876 2.0507 4.49059 1.65433 119891 0 -1.2665 0.624678 0
31.816 38.908 1.82914 1.97437 4.42343 1.61784 166473 0 -1.47714 0.618027 0
-40.1278 17.1257 0.0686485 2.02102 4.42419 1.81425 134424 0 1.80502 0.61301 0
-47.5581 9.69357 -0.071339 2.2659 5.187 1.90116 123637 0 -1.25403 0.611546 0
14.2099 -4.82266 0.88257 0.75129 0.832201 1.73923 102302 0 -1.40924 0.611346 1
2.39341 55.4822 2.27417 2.28488 5.20143 1.95833 190717 0 1.52553 0.607462 0
36.3143 21.0427 1.41226 1.94616 4.47284 1.50597 140279 0 1.59349 0.603647 0
-19.6547 35.3996 1.14949 2.10359 4.75034 1.54237 161164 0 -1.17034 0.59257 0
-5.29443 44.2654 1.99122 2.06433 4.65631 1.68694 174313 0 -1.57669 0.592217 0
-68.973 5.27172 -0.56393 1.90328 4.16514 1.65509 117018 0 2.07728 0.585681 0
-28.6412 9.18561 -0.0412124 2.03205 4.53458 1.50832 122760 0 -1.37051 0.577679 0
-56.1887 27.1298 0.187157 1.92466 4.26036 1.57611 148882 0 -1.18216 0.576522 0
-5.89409 26.1034 1.5636 2.05952 4.67722 1.66318 147635 0 -1.49873 0.567854 0
-16.3712 -14.5696 0.353876 0.887833 0.97509 1.72227 88166 0 -1.72751 0.56676 1
-63.8671 7.14696 -0.579863 2.02057 4.37227 1.59557 119842 0 -1.14917 0.56624 0
15.0132 -4.38038 0.693197 0.597627 0.641881 0.892174 103240 0 -1.45895 0.553481 1
-44.2785 23.1847 0.228217 2.02876 4.46862 1.60603 143303 0 -1.24855 0.553354 0
-45.8854 17.8344 -0.0408801 2.05226 4.59446 1.62263 135342 0 -1.25685 0.553298 0
25.9664 1.63687 1.00011 0.891448 1.13346 1.76319 112167 0 0.393604 0.548249 1
36.6399 26.9431 1.3425 2.11844 4.79902 1.50858 149172 0 1.65434 0.548159 0
19.059 46.5722 2.1154 2.01655 4.48889 1.64197 177665 0 1.56259 0.537736 0
17.7612 28.6921 1.37248 2.04088 4.73787 1.48926 151453 0 1.58995 0.535154 0
40.8243 35.2645 1.71107 0.785187 0.798996 1.66097 161353 0 3.01371 0.532497 1
-62.2247 11.9935 -0.406973 2.01057 4.50686 1.55566 126867 0 2.05578 0.532002 0
-32.1379 42.0956 1.11398 1.95544 4.5582 1.61751 170953 0 1.92076 0.531501 0
19.038 40.8036 1.8483 2.05023 4.83877 1.50668 169241 0 1.60507 0.527606 0
-32.5191 39.1555 0.764552 1.99895 4.52756 1.47657 166740 0 1.95522 0.526925 0
-6.53687 31.9292 1.66406 2.15229 4.92463 1.58364 156057 0 1.59282 0.515664 0
-44.6294 58.4688 1.11696 2.2379 5.05208 1.79162 194782 0 -1.30354 0.507663 0
-4.35474 58.76 2.21182 1.95686 4.45915 1.60207 195376 0 -1.52336 0.507157 0
-46.5313 14.8486 -0.177669 2.0004 4.3799 1.59489 131128 0 -1.25146 0.501757 0
15.1556 -4.49394 0.646839 0.5621 0.627017 0.789275 102773 0 -1.47296 0.501565 1
-37.9441 22.3031 0.392443 2.01369 4.40238 1.83002 141919 0 1.8083 0.495298 0
34.3568 -7.39863 0.589102 0.568094 0.596286 1.0258 98621 0 -1.23563 0.490713 1
15.197 70.5447 2.33485 2.02433 4.59344 1.67045 212753 0 -1.60131 0.488795 0
32.8023 56.8248 1.88347 1.94954 4.42949 1.51053 192684 0 -1.55669 0.486947 0
1.06454 43.6806 1.61066 1.97065 4.45831 1.49315 173397 0 1.5229 0.485825 0
-19.0161 38.2691 0.887028 2.02197 4.57523 1.48164 165378 0 -1.24294 0.462743 0
-46.9049 12.0333 -0.347737 1.83547 4.06007 1.54102 126915 0 -1.2191 0.46267 0
-61.929 11.7276 -0.41525 1.70339 3.77828 1.49046 126400 0 -1.29579 0.459247 0
1.74021 52.6614 1.90546 1.91513 4.32027 1.56321 186503 0 -1.59108 0.452059 0
-27.7837 4.87024 0.0249699 0.744615 0.769103 1.50722 116679 0 -1.61026 0.44835 1
-22.239 27.3958 0.748377 1.9952 4.46285 1.5463 149456 0 -1.31739 0.442644 0
-62.2131 11.7491 -0.424136 1.88827 4.25867 1.53348 126399 0 -1.79723 0.440119 0
14.145 -3.9575 0.984733 0.838396 0.88577 1.8832 103706 0 -1.51347 0.43072 1
49.4327 23.5354 1.12911 1.97697 4.47269 1.57207 144064 0 1.57621 0.414328 0
-4.64642 49.4686 1.91832 2.02665 4.62096 1.61936 181803 0 -1.55029 0.413977 0
4.5582 40.0389 1.81476 0.907196 0.793029 1.76491 168260 0 -0.109684 0.406532 1
51.7024 46.5733 1.90581 1.97113 4.46168 1.53494 177767 0 -1.55837 0.405167 0
0.865746 69.9109 3.25402 2.18984 4.93885 1.91235 211772 0 3.06689 0.404723 0
-71.0729 -2.50254 -0.734321 0.905917 0.941078 1.73184 105779 0 -1.97656 0.399298 1
-24.4828 22.5368 0.593876 2.03413 4.49389 1.55352 142429 0 -1.4741 0.398429 0
-27.0675 17.7472 0.546894 2.14531 4.83663 1.87502 135401 0 1.73586 0.398359 0
-34.7019 33.4851 0.777431 1.95326 4.4661 1.52322 158309 0 1.97792 0.398286 0
-69.2338 5.04888 -0.555347 2.03656 4.47448 1.69679 116549 0 1.9235 0.384406 0
33.7546 -7.83417 0.818732 0.750811 0.883552 1.60696 98151 0 -1.21766 0.380945 1
18.048 -11.3214 0.897465 2.092 4.52966 1.70833 92954 0 0.103049 0.379875 0
19.9731 40.8178 1.91925 1.92736 4.27507 1.47886 169244 0 1.58589 0.378692 0
-5.6156 31.8632 1.65053 2.06561 4.74775 1.56204 156060 0 -1.50656 0.378395 0
-42.3676 9.42696 -0.245476 2.0723 4.67134 1.58949 123185 0 1.84564 0.371535 0
15.4068 -11.6456 0.759614 0.909373 1.9536 1.82763 92478 0 3.0234 0.371131 2
-29.2544 9.36808 -0.0691452 2.10257 4.76607 1.53008 123226 0 1.55583 0.367877 0
53.9226 28.9369 1.52413 2.01046 4.48419 1.57727 152034 0 -1.6492 0.366683 0
14.0606 -4.66724 0.892051 0.788868 0.878789 1.78611 102769 0 -1.42564 0.366617 1
49.4504 20.3415 1.4138 2.05042 4.51002 1.577 139384 0 -1.59985 0.360978 0
32.158 45.0003 1.88902 1.96195 4.46346 1.48994 175366 0 -1.52083 0.359939 0
-45.986 14.8012 -0.235505 1.96091 4.23756 1.58927 131130 0 -1.22929 0.354857 0
37.9011 44.6033 1.93261 1.92638 4.37113 1.51062 174916 0 1.59956 0.354435 0
14.9869 -4.51457 0.72619 0.609544 0.642556 0.90537 102772 0 -1.53996 0.352188 1
2.05455 52.9106 1.92667 1.86886 4.10426 1.51328 186972 0 -1.5863 0.350019 0
-35.0569 30.4971 0.431702 1.88675 4.26291 1.48094 154096 0 1.9309 0.349007 0
14.9228 70.8036 2.33206 1.93805 4.35628 1.56795 213220 0 -1.60389 0.344471 0
-70.4343 -3.46081 -0.63663 0.95525 0.986369 1.76689 104377 0 -2.20772 0.342783 1
-41.3955 11.468 -0.209495 1.90401 4.29111 1.5154 125996 0 1.83729 0.33998 0
-70.446 -3.58926 -0.648691 0.951407 0.986276 1.76288 103909 0 -2.19631 0.338037 1
-22.8446 27.6633 0.789968 2.05647 4.62615 1.58483 149922 0 -1.31132 0.337804 0
30.3294 18.9516 1.09128 1.81632 4.21339 1.44081 137452 0 -1.53081 0.335037 0
1.49236 55.5094 2.37149 2.4687 6.1245 2.10935 190714 0 -1.58579 0.334228 0
-44.0172 58.1891 1.13418 1.98788 4.35747 1.66637 194316 0 -1.31825 0.333072 0
18.3828 28.9024 1.37336 2.07294 4.84555 1.51617 151923 0 -1.56527 0.328864 0
14.1557 -3.78976 0.951787 0.829016 0.887269 1.8564 104174 0 -1.52877 0.328009 1
30.5832 39.1512 1.75845 1.99587 4.53827 1.57466 166937 0 1.63936 0.327474 0
-3.68265 64.4909 2.43854 2.00384 4.46422 1.59294 203802 0 -1.4139 0.326986 0
-47.4572 12.2994 -0.301306 2.15266 4.85451 1.67312 127381 0 -1.21703 0.326754 0
0.85318 70.5392 3.19512 2.443 5.80758 2.06264 212708 0 2.89291 0.326347 0
-6.89253 26.1625 1.56148 2.10634 4.88583 1.70521 147632 0 1.59144 0.324064 0
-34.1236 33.4184 0.842863 2.09301 4.75224 1.54246 158311 0 1.9649 0.32281 0
33.1166 53.9685 1.90047 1.90742 4.26941 1.49363 188473 0 -1.49205 0.321405 0
-39.4539 28.6397 0.596852 0.841287 0.894085 1.77551 151274 0 -1.81331 0.319273 1
14.1586 -4.30827 0.87329 0.774464 0.865672 1.80741 103238 0 -1.48339 0.314016 1
31.5378 45.2304 1.97206 2.02336 4.59028 1.53534 175832 0 -1.52135 0.312034 0
49.1293 23.7673 1.14672 1.97524 4.48263 1.55179 144531 0 1.55024 0.311031 0
-44.1017 20.3271 -0.0828161 1.68805 3.55981 1.48827 139092 0 -1.30592 0.310699 0
-5.58183 59.0128 2.18096 2.00125 4.57902 1.62655 195840 0 1.61966 0.310594 0
32.1374 35.8932 1.70787 2.33273 5.37264 1.77251 162262 0 1.61505 0.310359 0
49.1147 23.236 1.10659 1.9643 4.52749 1.52972 143595 0 1.57108 0.307882 0
2.98511 55.288 2.13601 1.98895 4.30367 1.75221 190251 0 1.52505 0.30778 0
49.4417 23.2339 1.09354 1.9666 4.48491 1.57019 143596 0 -1.85451 0.307726 0
-34.731 30.2727 0.500843 1.91353 4.31078 1.45128 153629 0 2.18481 0.305665 0
-29.216 9.23349 -0.0721049 2.06551 4.7324 1.52271 122758 0 -0.699689 0.305598 0
34.3368 -8.17166 0.598711 0.535985 0.630878 0.940947 97685 0 -1.19571 0.304895 1
-22.5912 -9.38694 1.1156 0.784015 0.828738 1.75893 95635 0 1.50962 0.304498 1
-31.5673 41.819 1.10133 1.78535 3.92368 1.50892 170487 0 1.89667 0.30392 0
51.694 37.9271 1.89716 1.96504 4.4097 1.58379 165131 0 -1.58889 0.302561 0
33.4169 57.0385 1.96129 2.06463 4.6105 1.63669 193154 0 -1.60895 0.299769 0
39.1883 36.0505 1.73559 1.96946 4.42582 1.55316 162284 0 1.60357 0.298255 0
-3.99525 64.7594 2.45098 2.05057 4.53328 1.64046 204269 0 -1.47237 0.296477 0
21.2769 67.0359 2.22529 2.0601 4.66203 1.67881 207624 0 1.59287 0.295044 0
-21.9771 27.6183 0.793674 2.01955 4.49097 1.5619 149925 0 -1.30231 0.294485 0
34.0833 -8.09401 0.791597 0.668272 1.37365 1.45533 97684 0 -1.16676 0.293995 1
19.3067 31.8587 1.44183 2.14146 4.9347 1.56681 156138 0 1.59982 0.293274 0
-46.6239 12.2475 -0.363647 1.75977 3.84365 1.54067 127384 0 -1.21847 0.291876 0
-0.139664 26.6105 1.33818 2.00577 4.66822 1.46358 148589 0 1.63417 0.291753 0
-25.7643 22.5699 0.580078 2.05813 4.57077 1.52959 142425 0 1.69276 0.291464 0
51.9476 46.8279 1.94616 2.1835 5.00811 1.69934 178236 0 -1.54776 0.289937 0
-62.493 11.7373 -0.397543 2.07951 4.71168 1.60743 126398 0 -1.26148 0.287394 0
14.5028 -4.67058 0.840424 0.704516 0.788375 1.54024 102771 0 -1.52941 0.286318 1
-27.8755 4.76937 0.032585 0.819487 0.873671 1.57469 116210 0 -1.60393 0.285127 1
34.429 31.2064 1.31431 0.703057 0.683198 1.61662 155249 0 -3.05038 0.28468 1
53.9578 8.15266 0.90437 1.84634 4.26836 1.50004 121614 0 1.67464 0.278436 0
2.59442 -3.87125 0.85391 0.913208 0.968248 1.73257 103670 0 1.53871 0.278395 1
-48.5366 4.40909 -0.419173 1.83794 3.84892 1.53393 115678 0 -1.29951 0.276414 0
15.3872 -4.39081 0.703084 0.656948 0.704236 0.927312 103242 0 -1.01492 0.274836 1
-57.1203 21.2731 0.195672 1.98692 4.44952 1.5743 140455 0 -1.15046 0.272689 0
-39.6196 17.0748 0.146805 1.76917 3.667 1.7138 134426 0 1.84065 0.272242 0
33.4304 54.1835 1.91909 1.95614 4.3611 1.5255 188942 0 -1.5662 0.271304 0
-64.4046 7.18704 -0.551614 2.16095 4.88265 1.66791 119840 0 -1.20189 0.270401 0
-27.6822 18.0443 0.548151 2.15428 4.82038 1.9068 135867 0 1.77812 0.268766 0
50.7297 47.5621 2.03574 1.99954 4.34636 1.5986 179168 0 0.280044 0.266755 0
11.1557 26.1057 1.30791 1.7383 3.75564 1.49176 147688 0 -1.54143 0.265316 0
-21.9241 27.0962 0.711948 1.99715 4.47811 1.5622 148989 0 -1.31368 0.264005 0
32.4829 54.1781 1.89954 1.92665 4.40154 1.47969 188939 0 -1.53352 0.262822 0
-47.204 12.5547 -0.301104 2.09849 4.71799 1.63738 127850 0 -1.21463 0.262528 0
13.0369 46.6548 1.66737 1.7365 3.83162 1.42471 177646 0 -1.48435 0.258871 0
48.5035 23.537 1.16369 1.92343 4.34588 1.51428 144061 0 1.64995 0.256916 0
-56.7094 27.3509 0.195346 2.20335 5.29488 1.69843 149348 0 -1.20639 0.256101 0
13.037 43.7669 1.74309 1.87059 3.99885 1.67385 173434 0 -1.54662 0.255616 0
-22.5488 27.0846 0.732782 2.03042 4.61551 1.53399 148987 0 -1.32135 0.255397 0
51.4114 46.8444 1.94519 1.97712 4.36544 1.55057 178234 0 -0.258932 0.255331 0
-26.4052 22.8498 0.571812 2.1015 4.64138 1.54553 142891 0 1.74818 0.254695 0
1.46387 52.3877 1.89428 2.02756 4.65123 1.66669 186034 0 -1.61045 0.252828 0
-5.89285 44.0909 1.96529 2.06203 4.76651 1.66146 173843 0 -1.43665 0.252594 0
40.9964 35.2695 1.73823 0.816946 0.824665 1.6701 161354 0 3.05037 0.251702 1
-5.8746 41.0076 1.75704 2.07744 4.6972 1.49755 169631 0 -1.58123 0.251575 0
-41.6555 11.9244 -0.236886 2.1076 4.97947 1.63843 126931 0 1.89679 0.250604 0
14.6368 58.1943 1.90038 1.79988 4.08132 1.45702 194499 0 -1.3775 0.250232 0
-39.4454 19.7212 -0.0474655 1.76739 4.07152 1.48764 138170 0 1.82362 0.24953 0
-41.1337 29.605 0.798065 1.9443 4.36614 1.65607 152673 0 1.98763 0.248977 0
-49.6769 4.40839 -0.333291 2.44218 5.77517 1.93561 115674 0 -1.34201 0.245614 0
48.5059 20.3573 1.32427 2.14792 4.8352 1.72526 139381 0 1.24952 0.245525 0
20.9632 52.3492 2.66328 2.26433 5.23283 1.99931 186095 0 -1.52833 0.243489 0
14.8087 73.9849 2.4974 2.22001 5.11167 1.76104 217900 0 -1.63465 0.243211 0
54.566 23.1868 1.51868 2.06433 4.55411 1.68338 143612 0 1.54394 0.242848 0
55.5469 34.0751 1.67471 1.97918 4.4797 1.57173 159527 0 1.58181 0.242249 0
-54.4878 48.1215 0.746293 2.35063 5.75704 1.87289 179775 0 -1.13657 0.242181 0
-36.3075 31.1654 0.70813 2.03842 4.48085 1.56511 155028 0 1.92319 0.241975 0
19.6301 46.7955 2.13023 2.22066 5.02619 1.73781 178135 0 1.56001 0.241456 0
3.02036 43.3037 1.46998 0.823526 1.68121 1.58159 172935 0 -3.02563 0.24121 2
50.056 23.7943 1.22241 1.99602 4.38106 1.57633 144534 0 1.52289 0.240993 0
-4.63417 64.7938 2.45148 2.21052 5.07014 1.79984 204267 0 1.52165 0.240561 0
-4.34554 49.1931 1.94934 2.01992 4.51354 1.60739 181336 0 -1.5157 0.239569 0
54.6021 10.8501 1.1801 2.07789 4.69421 1.59141 125360 0 1.63131 0.238901 0
49.441 22.924 1.10398 1.97633 4.47961 1.57987 143128 0 -1.62026 0.238895 0
-4.9705 68.2602 2.57891 2.04671 4.66314 1.63725 209414 0 -1.02916 0.238877 0
-34.448 30.2409 0.499978 1.94825 4.39355 1.45106 153630 0 -1.84751 0.238524 0
-45.2907 17.5236 -0.0701611 2.07478 4.69193 1.66354 134876 0 -1.23524 0.238286 0
-56.8087 21.5763 0.150124 2.02821 4.50812 1.58649 140924 0 -1.1751 0.238072 0
-35.6812 34.0262 0.771852 2.06494 4.61878 1.57492 159242 0 2.02743 0.237996 0
39.1952 53.6013 1.89207 2.03894 4.61336 1.59217 188024 0 1.76093 0.237788 0
-24.1723 22.8034 0.585091 2.05035 4.49128 1.57471 142898 0 -1.53211 0.237681 0
49.7469 23.234 1.1284 1.99514 4.48008 1.58008 143597 0 -1.21794 0.237637 0
-3.36833 55.8376 2.04575 1.98469 4.45637 1.52434 191167 0 -1.52447 0.237637 0
37.0018 44.6245 1.80637 1.93718 4.46627 1.51763 174913 0 1.61246 0.237021 0
44.6612 -31.4994 -0.175158 1.96258 4.36654 1.56493 63553 0 3.13101 0.236629 0
-5.27061 68.2897 2.58892 2.03462 4.66071 1.62838 209413 0 -1.43849 0.236183 0
-42.1309 9.68365 -0.230424 2.01686 4.42595 1.54876 123654 0 1.86816 0.235801 0
36.4063 30.2259 1.70917 2.2256 5.13579 1.83618 153851 0 -1.4797 0.234972 0
-18.941 17.0308 0.665359 2.0727 4.97042 1.62527 134490 0 1.70842 0.234833 0
-61.9017 11.4295 -0.423615 1.60749 3.5053 1.45714 125932 0 -1.30994 0.234104 0
-4.03596 49.7276 1.95562 2.03378 4.65868 1.63802 182273 0 -1.59564 0.233386 0
34.5393 -6.84515 0.752633 0.832083 0.916132 1.66574 99557 0 -1.22569 0.23332 1
-23.1751 27.3838 0.799956 2.03767 4.60518 1.59107 149453 0 -1.31198 0.233299 0
-67.3763 11.3666 -0.60762 1.88011 4.20719 1.48379 125915 0 -1.07719 0.233135 0
-39.294 28.6548 0.556527 0.898777 0.983881 1.80724 151275 0 -1.67062 0.232211 1
-47.6053 7.08448 -0.362404 1.89263 4.17516 1.59555 119893 0 -1.2381 0.231911 0
14.1393 -3.0649 0.796635 0.785734 0.859601 1.66143 105110 0 -1.1975 0.231362 1
-61.6953 11.9168 -0.439622 1.79569 3.79146 1.49389 126869 0 -1.5159 0.230895 0
-0.498482 19.1207 1.34043 0.804687 0.914729 1.66905 137356 0 1.887 0.230372 1
-27.9346 17.7811 0.504519 2.17612 4.84286 1.89774 135398 0 1.75718 0.229988 0
31.5646 38.6663 1.801 1.81991 4.08954 1.58257 166004 0 -1.47503 0.227912 0
13.2394 -9.54796 0.419261 0.769276 0.867229 1.47814 95747 0 1.02918 0.227679 1
19.6582 40.5827 1.91936 1.93087 4.30417 1.47554 168775 0 1.6081 0.22764 0
20.9789 66.7706 2.25586 2.03555 4.56892 1.65582 207155 0 1.55339 0.227503 0
-41.7732 33.7445 1.05129 2.03495 4.48866 1.59716 158755 0 -1.06639 0.226022 0
36.9157 21.1827 1.4607 2.07157 4.81864 1.55421 140749 0 1.60329 0.225901 0
18.4486 41.0244 1.77012 2.0172 4.69686 1.49655 169707 0 1.61031 0.225524 0
14.5917 -4.36147 0.794104 0.676326 0.759752 1.49358 103239 0 -1.48723 0.225519 1
31.208 45.0193 1.94062 1.94776 4.41734 1.49863 175363 0 -1.53521 0.224958 0
15.4371 67.9138 2.30264 2.34605 5.46103 1.9363 209010 0 -1.61319 0.224881 0
-35.6346 30.5898 0.50624 1.89741 4.18649 1.46191 154094 0 1.87975 0.22478 0
37.3087 44.3886 1.75838 1.95003 4.53298 1.52418 174446 0 1.60612 0.224758 0
50.3746 23.5231 1.23691 1.99726 4.43833 1.55836 144067 0 1.52537 0.224126 0
12.0881 29.0362 1.41419 1.75117 3.93593 1.45765 151903 0 -1.48733 0.2229 0
-70.0437 -3.60558 -0.69081 0.942772 0.978469 1.75636 103911 0 -2.35253 0.222401 1
-42.6792 9.15653 -0.260774 2.07594 4.5997 1.60654 122716 0 1.82493 0.222335 0
-57.1213 22.551 0.292796 1.99712 4.44677 1.56066 142327 0 -1.1546 0.221919 0
51.3911 38.2021 1.84511 1.9169 4.26873 1.53542 165598 0 -1.61591 0.221845 0
50.0532 23.2349 1.17342 2.00555 4.43183 1.57673 143598 0 1.54663 0.221733 0
-3.07449 64.7846 2.40119 2.16377 4.98474 1.70007 204272 0 -1.50453 0.220553 0
-0.534279 19.7711 1.24935 1.96303 4.59056 1.60447 138292 0 1.6907 0.219627 0
13.9665 73.563 2.10039 1.71962 3.97996 1.40888 216961 0 -1.53506 0.219505 0
15.4118 -4.53466 0.672897 0.61064 0.691038 0.908455 102774 0 -1.44118 0.219396 1
0.429062 28.7787 1.42528 1.74062 3.92021 1.40243 151399 0 1.57522 0.218987 0
-18.1025 37.9526 1.00174 2.05661 4.72159 1.61015 164913 0 -1.24327 0.218385 0
34.2127 -7.30622 0.645441 0.615649 0.685632 1.18279 99088 0 -1.30013 0.218107 1
14.6413 67.466 2.27603 1.81057 4.00827 1.65192 208071 0 -1.55163 0.217846 0
-3.9636 64.2056 2.48284 1.97015 4.37 1.62807 203333 0 -1.2889 0.21776 0
-18.3367 22.6726 0.836843 2.0545 4.7159 1.57856 142448 0 1.61023 0.216903 0
50.4405 47.8285 2.00596 2.02736 4.4941 1.62686 179635 0 0.139242 0.21653 0
33.9748 -7.94541 0.816376 0.770976 1.29781 1.50374 98152 0 -1.17539 0.216453 1
20.9532 67.3141 2.23779 1.97789 4.42274 1.65916 208091 0 1.67847 0.216255 0
-33.3854 39.4976 0.865942 2.1123 4.74352 1.62358 167205 0 1.91411 0.215724 0
50.7269 37.9023 1.85792 1.88076 4.28933 1.48993 165128 0 -1.5055 0.215588 0
0.696571 31.6124 1.7648 1.88709 4.01587 1.78508 155612 0 1.65495 0.215471 0
-5.25686 49.7039 1.92441 2.17204 5.04513 1.73365 182269 0 -1.61162 0.215163 0
-22.6022 -9.22116 1.17044 0.774504 0.858567 1.75529 96103 0 1.46413 0.215099 1
-59.683 17.124 -0.386653 2.07956 4.7144 1.6426 134363 0 -1.07206 0.213709 0
-5.27841 28.9963 1.28115 2.04794 4.76518 1.54931 151849 0 -1.47624 0.213363 0
14.6258 70.2949 2.3234 1.84947 4.06141 1.53843 212283 0 -1.56767 0.212704 0
-4.98016 69.6253 2.9514 2.05976 4.51692 1.63674 211286 0 0.034097 0.212513 0
34.8997 -6.80388 0.789698 0.903071 0.904589 1.71714 99559 0 -1.15597 0.212326 1
-60.0003 17.1325 -0.35764 2.09077 4.65464 1.65478 134362 0 1.37654 0.211247 0
51.3766 37.646 1.88957 1.89147 4.25428 1.54402 164662 0 -1.54035 0.209996 0
54.8129 11.5882 1.1794 2.18767 5.26177 1.69157 126765 0 1.5487 0.209701 0
13.8134 47.1286 1.71723 2.20539 5.29345 1.75401 178585 0 -1.58286 0.209263 0
17.4798 28.4025 1.4135 2.04877 4.70928 1.49853 150984 0 1.59495 0.208977 0
15.737 55.4281 2.28092 2.31905 5.38282 1.9308 190759 0 -1.51985 0.208524 0
53.3322 28.7345 1.48348 2.04369 4.61286 1.57618 151564 0 1.53455 0.207185 0
-4.61825 64.528 2.49045 2.11946 4.7903 1.74255 203799 0 -0.679917 0.207166 0
11.4 -2.93095 0.720967 0.759668 0.860223 1.56982 105101 0 -0.00051659 0.206989 1
-41.4074 29.2896 0.765336 2.03919 4.68313 1.72974 152204 0 1.94893 0.206549 0
17.7705 29.1951 1.35481 1.93156 4.48002 1.52473 152389 0 1.61033 0.206036 0
-3.72925 49.4703 1.95507 2.05507 4.74509 1.6773 181806 0 -1.5476 0.205977 0
-7.14883 32.1072 1.72324 2.1152 4.7546 1.64582 156523 0 1.63473 0.205919 0
14.0118 -4.3305 0.880081 0.781722 0.831687 1.80747 103237 0 -1.44796 0.205352 1
-26.7593 18.0285 0.550013 2.1428 4.93805 1.85442 135870 0 1.7294 0.205312 0
40.5932 35.3102 1.68225 0.837717 0.84232 1.67927 161352 0 2.84287 0.205145 1
33.0996 56.5744 1.92517 1.85578 4.20937 1.49054 192217 0 -1.50018 0.204396 0
30.615 21.3834 1.21308 1.63102 3.76345 1.3432 140729 0 -1.48609 0.203676 0
29.9932 9.42142 1.15274 2.09196 5.18627 1.64442 123411 0 -1.51247 0.203395 0
54.8443 29.0002 1.58699 2.12388 4.92496 1.75358 152037 0 -1.65986 0.203297 0
59.7532 7.53941 1.22725 2.32246 5.50001 2.07593 120696 0 0.0126737 0.202993 0
13.2324 -9.66905 0.402055 0.763695 0.867109 1.50516 95279 0 0.475628 0.202613 1
50.4106 37.6445 1.80073 1.79148 4.04512 1.44237 164659 0 -1.51308 0.20244 0
-27.1272 14.7568 0.383499 2.34748 5.75907 1.9928 131189 0 1.80449 0.202074 0
-4.33028 50.0173 1.95701 2.05104 4.59567 1.62468 182740 0 -1.67106 0.201546 0
49.1399 20.0831 1.41873 2.04028 4.53601 1.57761 138915 0 -1.54454 0.201158 0
38.534 44.3982 1.98137 1.88671 4.21455 1.49302 174450 0 1.616 0.201143 0
-22.8717 26.7298 0.752382 1.99427 4.46764 1.51882 148518 0 -1.32204 0.200989 0
39.19 53.8659 1.92354 2.07193 4.67751 1.61133 188492 0 2.26717 0.200672 0
48.5723 11.4612 1.13747 1.93233 4.36514 1.74945 126277 0 -1.50802 0.200649 0
14.4488 -4.85878 0.870127 0.741276 0.810274 1.64358 102303 0 -1.48788 0.200604 1
-19.938 35.1329 1.16763 2.04655 4.51263 1.52869 160695 0 -1.18139 0.200339 0
51.357 47.1943 2.0111 2.11699 4.66203 1.63703 178702 0 0.757849 0.199532 0
42.723 53.2914 2.45726 2.02081 4.53824 1.65213 187567 0 -3.03923 0.19905 0
-0.518967 19.3422 1.2825 1.15359 1.87191 1.62813 137824 0 1.73345 0.198424 1
-45.3471 17.9798 -0.061748 2.02238 4.53687 1.64251 135812 0 -1.26513 0.198231 0
-56.4813 21.9218 0.159232 2.01592 4.50089 1.5991 141393 0 -1.16565 0.197946 0
14.8148 73.5683 2.37489 2.08638 4.89393 1.68741 216964 0 -1.4967 0.197664 0
1.36205 43.9609 1.63815 1.86813 4.1289 1.46311 173866 0 1.58969 0.197507 0
54.8605 22.9243 1.50316 2.10168 4.65206 1.70436 143145 0 1.58147 0.197461 0
-63.238 6.91712 -0.585788 2.08925 4.54205 1.65372 119376 0 -1.08874 0.197402 0
-22.5612 27.9088 0.835381 2.06776 4.58917 1.59078 150391 0 -1.29564 0.197187 0
-4.94208 68.0798 2.53809 1.91129 4.33865 1.60185 208946 0 -1.76294 0.195401 0
1.76661 53.1886 1.95131 1.97158 4.38545 1.58666 187439 0 -1.61426 0.195387 0
37.6015 44.8585 1.96141 2.04673 4.62403 1.53054 175383 0 1.62922 0.195317 0
36.6154 14.998 1.15942 2.08731 4.97935 1.55935 131388 0 1.60937 0.194774 0
48.5021 20.5625 1.35304 2.20328 4.98283 1.71767 139849 0 1.78175 0.194545 0
-53.7144 48.07 0.666409 2.14199 4.63156 1.57465 179778 0 -0.896039 0.194144 0
-35.0774 33.9635 0.778024 2.08782 4.66461 1.57623 159244 0 2.02637 0.194105 0
34.6646 -7.12483 0.714782 0.794162 0.855961 1.48166 99090 0 -1.09964 0.193867 1
-40.7262 14.3452 -0.123094 1.99623 4.45961 1.56996 130210 0 1.85724 0.193341 0
51.6629 47.1366 1.98108 2.2116 4.96696 1.6939 178703 0 0.35337 0.192178 0
-4.66143 68.2361 2.54113 1.97448 4.41685 1.62249 209415 0 0.79662 0.191648 0
-19.6255 38.562 1.00212 2.03936 4.55053 1.4917 165844 0 -1.26455 0.191317 0
-4.57816 58.4889 2.20221 1.80199 4.12746 1.51004 194907 0 -1.47331 0.190588 0
51.3037 47.5041 2.03567 2.22617 4.89616 1.72359 179170 0 0.518927 0.18996 0
-57.4275 22.2625 0.248915 2.01134 4.53449 1.59122 141858 0 -1.177 0.1898 0
-60.6421 17.4291 -0.272942 2.09498 4.64006 1.67229 134828 0 1.7507 0.189276 0
43.3452 53.2794 2.47252 2.06444 4.65603 1.68766 187569 0 -2.95883 0.188232 0
38.8271 44.6376 2.06251 2.03738 4.55319 1.5733 174919 0 1.59414 0.188231 0
-40.9002 11.4484 -0.186361 1.60195 3.409 1.38203 125998 0 1.84737 0.187899 0
48.5134 23.2449 1.15315 1.90071 4.32476 1.51433 143593 0 -1.26301 0.18748 0
4.45089 39.9548 1.82439 0.918021 0.855914 1.76453 167791 0 -0.0495602 0.187182 1
37.599 35.9896 1.3368 1.94301 4.41792 1.47081 162279 0 1.5473 0.186471 0
32.4425 44.6962 1.84745 1.9487 4.39389 1.49529 174899 0 -1.50981 0.186412 0
-67.648 11.0814 -0.575738 2.02012 4.52679 1.55949 125446 0 -1.1155 0.186278 0
37.5647 26.7928 1.36219 2.03013 4.65333 1.48734 148707 0 1.65278 0.186173 0
-7.47061 20.3297 1.18435 2.04873 4.48848 1.46188 139206 0 -1.52604 0.186038 0
30.3167 21.811 1.20603 2.02837 4.65971 1.4409 141664 0 -1.52216 0.185092 0
-3.67916 55.5732 2.06455 2.00225 4.4929 1.55614 190698 0 -1.53928 0.184999 0
-25.0872 22.3354 0.570485 2.05571 4.56566 1.56652 141959 0 -1.3758 0.184644 0
-42.0182 33.4697 1.01324 2.14026 4.72418 1.66473 158286 0 -1.18796 0.184644 0
18.4445 40.5734 1.72512 2.00941 4.69281 1.51881 168771 0 1.59433 0.184502 0
-4.31197 55.8347 2.07334 1.97781 4.46695 1.61681 191164 0 -1.54626 0.18397 0
68.6443 11.3593 1.20257 1.99202 4.44108 1.6135 126340 0 0.308953 0.18333 0
-40.91 11.8818 -0.171935 1.73675 3.70418 1.44543 126934 0 1.8699 0.182532 0
-57.3886 21.0309 0.276951 2.02575 4.52061 1.58821 139986 0 -1.14335 0.182395 0
-4.64606 68.07 2.51949 1.83964 4.3115 1.57456 208947 0 -1.41944 0.18197 0
-68.7383 5.50123 -0.566353 1.86924 4.00492 1.63579 117487 0 2.26756 0.181477 0
37.5927 35.0211 1.38121 2.00745 4.5177 1.4921 160875 0 1.40453 0.180796 0
34.371 -7.86951 0.652576 0.640058 0.78023 1.093 98153 0 -1.1394 0.180639 1
-27.0353 17.2057 0.531922 2.08916 4.65316 1.81687 134465 0 1.67391 0.180004 0
2.68353 52.9475 1.92577 1.91401 4.2531 1.53681 186974 0 1.62569 0.179784 0
-57.1099 21.9161 0.187224 1.98383 4.43891 1.58613 141391 0 -1.17463 0.17938 0
-20.009 35.8918 1.20026 2.11759 4.74056 1.56112 162099 0 -1.18908 0.179011 0
31.5723 54.2289 1.85164 1.95523 4.45021 1.51618 188936 0 -1.56158 0.178707 0
14.1538 -3.3 0.85282 0.823206 0.894875 1.71527 104642 0 -1.30372 0.178699 1
-70.0407 -3.4515 -0.673697 0.964854 0.994329 1.7784 104379 0 -2.3037 0.177994 1
22.2175 67.0289 2.19911 2.05962 4.63682 1.65454 207627 0 1.60434 0.177951 0
-60.0176 17.3978 -0.348945 2.07782 4.69062 1.66063 134830 0 -0.76943 0.177823 0
-60.3345 17.4109 -0.325605 2.07833 4.62298 1.65248 134829 0 1.33021 0.177492 0
39.51 53.3229 1.91544 2.07483 4.68774 1.61497 187557 0 1.65749 0.177457 0
21.8939 66.7701 2.17881 2.04158 4.60531 1.64865 207158 0 1.55843 0.177437 0
2.09771 54.9845 2.24613 2.29594 5.39448 1.99464 189780 0 1.56847 0.177193 0
50.0685 38.1995 1.7324 1.9118 4.30228 1.49283 165594 0 -1.51719 0.177126 0
-38.7914 22.5579 0.335738 2.21172 5.19596 1.93482 142384 0 1.79171 0.176886 0
-36.6091 34.3751 0.787699 2.10863 4.72665 1.60404 159707 0 2.01489 0.176557 0
-0.809669 20.5154 1.20496 2.02682 4.74887 1.55116 139695 0 1.63054 0.176107 0
13.8141 44.2186 1.71981 2.20792 5.11852 1.84976 174373 0 -1.56438 0.175641 0
12.4266 32.2301 1.47838 1.69051 3.70042 1.4079 156584 0 -1.50742 0.17561 0
39.8088 53.585 1.99927 2.05867 4.60332 1.64485 188026 0 -3.04144 0.175396 0
39.4982 53.8706 1.9784 2.06822 4.64182 1.62752 188493 0 -2.73532 0.175083 0
44.9087 -31.2564 -0.139302 1.937 4.29264 1.55032 64022 0 3.02891 0.174981 0
-38.2713 22.7644 0.380814 2.1912 4.8633 1.88868 142854 0 1.84998 0.174755 0
15.192 70.0142 2.34556 2.00696 4.5232 1.65153 211817 0 -1.53784 0.174496 0
-3.6797 56.1004 2.06094 1.9629 4.41818 1.55158 191634 0 -1.48502 0.174327 0
48.2127 20.3381 1.29714 2.09872 4.69155 1.72838 139380 0 1.56224 0.174149 0
-22.766 -9.3959 1.12538 0.827005 0.944315 1.76062 95634 0 1.51317 0.173942 1
14.3452 58.4405 1.92448 1.66565 3.59302 1.37749 194966 0 -1.41965 0.173903 0
-31.9023 38.8841 0.743778 1.95967 4.44383 1.46813 166274 0 1.87606 0.17364 0
32.5199 56.5744 1.85852 1.88913 4.36899 1.49102 192215 0 -1.61087 0.17352 0
19.0172 28.7069 1.41179 1.97035 4.39355 1.49916 151457 0 -1.55365 0.173145 0
-47.1229 14.9078 -0.189568 2.19814 4.89418 1.68084 131126 0 -1.26203 0.172697 0
54.4941 7.89438 0.917881 2.01552 4.78011 1.58502 121148 0 1.65459 0.172697 0
-26.4293 17.4519 0.535159 2.15418 4.95112 1.83876 134935 0 1.61511 0.172495 0
49.7799 37.9389 1.7082 1.86838 4.30102 1.44622 165125 0 -1.55033 0.171611 0
-48.7108 6.97777 -0.376219 2.33093 5.25904 1.79825 119421 0 -1.32191 0.171456 0
-44.8727 20.1178 -0.0840607 2.2623 5.20687 1.6831 138621 0 -1.31693 0.171371 0
14.9127 -4.0999 0.732428 0.653037 0.694076 1.11614 103708 0 -0.861597 0.171265 1
-23.9134 22.2989 0.547054 2.05474 4.57456 1.61065 141963 0 -1.40455 0.17057 0
-40.8595 29.9089 0.8287 1.92698 4.30189 1.61481 153142 0 2.01603 0.170547 0
-46.2479 52.9571 0.788177 1.96677 4.40587 1.51062 186821 0 -1.30382 0.170046 0
43.6716 52.9752 2.42826 2.00981 4.52462 1.64861 187102 0 -2.96477 0.169863 0
13.2967 47.4179 1.74831 2.01848 4.57277 1.5356 179051 0 -1.59043 0.169632 0
-5.24809 49.181 1.95715 2.08164 4.66941 1.65921 181333 0 -1.47703 0.169259 0
30.8729 18.4969 1.12524 1.71986 4.06672 1.41562 136518 0 -1.48236 0.169254 0
14.068 -4.82812 0.867649 0.770224 0.865976 1.75767 102301 0 -1.40759 0.169097 1
68.9429 11.368 1.17692 2.04211 4.64654 1.65026 126341 0 0.0724915 0.168937 0
-28.6086 11.7458 0.0156152 2.05731 4.5573 1.58047 126504 0 -1.35756 0.16876 0
20.3611 67.0415 2.31024 1.98968 4.46803 1.6575 207621 0 1.61515 0.168632 0
-3.69491 63.9217 2.46919 1.92415 4.24851 1.59329 202866 0 -1.00505 0.168577 0
52.9787 49.4414 2.13408 2.03199 4.53467 1.67899 181983 0 -1.60366 0.168448 0
34.9244 -6.62701 0.744151 0.833636 0.861761 1.66318 100027 0 -1.25315 0.168435 1
17.5345 -11.3323 0.848068 2.09417 4.5689 1.71169 92952 0 0.15673 0.168017 0
-57.729 21.5839 0.235512 2.02552 4.56505 1.64348 140921 0 -1.0636 0.167645 0
14.5147 -4.01199 0.873701 0.775444 0.827691 1.66888 103707 0 -1.40696 0.167419 1
31.8778 54.003 1.79652 1.92142 4.46475 1.484 188469 0 -1.60244 0.16731 0
68.3203 10.7123 1.40954 2.05256 4.57514 1.67973 125403 0 0.231746 0.166321 0
-63.584 7.42009 -0.6591 1.88517 4.16988 1.57384 120311 0 -1.03152 0.166306 0
-34.6816 30.0148 0.486389 1.94704 4.30538 1.45775 153161 0 1.6188 0.165197 0
15.1637 -4.12077 0.695894 0.650629 0.684945 1.01586 103709 0 -0.101336 0.164986 1
-47.124 56.4835 0.669365 2.21476 5.32256 1.71027 191966 0 -1.27905 0.164894 0
69.9241 10.7154 1.36276 2.05478 4.56199 1.65924 125408 0 -0.91898 0.164875 0
11.4081 18.8262 1.17419 2.03967 4.67558 1.5401 136925 0 -1.56068 0.164782 0
-18.6161 23.1565 0.859918 2.19245 5.1715 1.61127 143383 0 1.69321 0.164628 0
34.1912 -7.44351 0.678356 0.65386 0.729473 1.24328 98620 0 -1.295 0.164275 1
-70.2275 -3.91993 -0.655942 0.926994 0.969364 1.77148 103442 0 -2.39579 0.164112 1
0.853439 43.1153 1.68335 2.09796 4.78521 1.57053 172460 0 1.43609 0.163986 0
-3.68811 65.0359 2.43135 2.10151 4.57985 1.64135 204738 0 -1.52535 0.163899 0
19.949 37.951 1.82503 2.11444 4.70766 1.66452 165032 0 -1.57785 0.163431 0
37.2966 35.6984 1.32339 1.9494 4.45093 1.47746 161810 0 1.50423 0.163373 0
69.9218 11.6699 1.2365 1.97156 4.37639 1.61431 126812 0 -1.22131 0.163217 0
38.5973 53.6126 1.88511 1.99237 4.47967 1.54743 188022 0 1.59064 0.162991 0
49.744 20.867 1.4301 2.18459 4.91427 1.6622 140321 0 -1.64492 0.162973 0
33.693 -7.65051 0.770581 0.710523 0.8488 1.41592 98619 0 -1.26848 0.162835 1
32.7412 45.2335 1.89898 2.04163 4.62591 1.57146 175836 0 -1.56036 0.162594 0
32.2111 57.014 1.91152 2.0547 4.69871 1.58351 193150 0 -1.55472 0.162347 0
59.948 12.6512 1.27833 2.2765 5.55034 1.98224 128185 0 0.0487739 0.162222 0
50.3928 48.1037 2.06442 2.16255 4.9375 1.73162 180103 0 2.83563 0.161476 0
1.35201 43.4154 1.61138 1.79915 3.99724 1.47467 172930 0 1.51154 0.161308 0
17.203 28.8867 1.35227 2.02865 4.70004 1.526 151919 0 1.59984 0.161183 0
1.11841 44.2284 1.61698 2.06947 4.72983 1.53602 174333 0 1.61718 0.161161 0
32.1572 44.3569 1.83634 1.95364 4.4261 1.50638 174430 0 -1.44987 0.16095 0
-56.5132 22.5142 0.282754 2.03842 4.54005 1.5808 142329 0 -1.12879 0.160934 0
43.0357 52.9967 2.41192 1.95773 4.36037 1.62767 187100 0 -3.02913 0.160888 0
13.3871 38.0447 1.72626 1.81617 3.95585 1.60539 165011 0 -1.54351 0.160877 0
38.6113 36.2583 1.61246 1.94751 4.43294 1.52113 162750 0 1.57978 0.1608 0
54.2172 8.38079 0.90303 2.03747 4.79192 1.55738 122083 0 1.6425 0.160335 0
51.9604 47.1165 1.97907 2.2942 5.34141 1.77666 178704 0 -1.21398 0.159911 0
55.0867 11.081 1.19793 2.29423 5.50475 1.73303 125830 0 1.62654 0.159588 0
-32.7118 42.369 1.11235 2.2885 5.56415 1.8558 171419 0 1.91114 0.159131 0
-19.2824 38.0095 0.921676 1.99514 4.46194 1.46726 164909 0 -1.19892 0.158989 0
-66.0006 11.0049 -1.10701 0.85809 1.81433 1.75515 125451 0 1.86537 0.15856 2
-38.2279 22.0225 0.332553 1.92905 4.20751 1.81889 141450 0 1.78571 0.158519 0
15.4158 64.5712 2.07464 2.25757 5.30869 1.75338 203862 0 -1.49508 0.158503 0
42.7588 51.1046 2.08284 0.742862 0.739255 1.68797 184291 0 -2.89813 0.158428 1
49.433 22.6276 1.1649 2.02516 4.49823 1.59506 142660 0 -2.87365 0.158277 0
-36.5676 30.917 0.651833 2.12855 4.66985 1.58161 154559 0 1.81635 0.15768 0
-43.0199 52.341 0.721365 1.88481 4.24139 1.52349 185895 0 -1.3372 0.157516 0
