44.298 -6.89315 1.46909 2.97552 7.89964 3.23686 99588 0 1.62995 0.964615 0
22.2012 6.25063 0.970503 2.0818 4.89492 1.49628 118707 0 0.341168 0.952609 0
18.4066 11.7298 1.05049 2.13431 4.84425 1.54505 126651 0 1.64801 0.951485 0
-6.83918 11.3354 0.980158 1.99984 4.51624 1.47011 126104 0 -1.49126 0.949693 0
10.6712 12.7405 1.2007 2.23574 5.19058 1.90635 128031 0 -1.57369 0.930158 0
-1.97452 11.0519 1.15258 2.07213 4.62325 1.79982 125651 0 1.6176 0.919823 0
-0.873955 17.0803 1.35227 2.09594 4.81828 1.81565 134547 0 1.6156 0.900189 0
48.4269 8.53519 1.00772 2.05725 4.71716 1.70403 122065 0 -1.5028 0.885348 0
-20.6079 32.7146 1.16006 2.38705 5.48816 1.82852 157417 0 -1.19428 0.883211 0
-19.0353 11.4834 0.818536 2.02752 4.6206 1.7741 126066 0 1.68386 0.873492 0
48.5311 5.6946 1.13121 2.07281 4.65776 1.79921 117853 0 -1.46288 0.871395 0
-44.6758 -11.1031 -0.825477 2.05176 4.45021 1.81331 93226 0 0.0255369 0.86848 0
13.3062 41.1302 1.89956 2.13037 4.92992 1.932 169691 0 -1.50828 0.867458 0
10.6691 15.8224 1.23511 2.19536 5.07554 1.81094 132711 0 -1.55278 0.862318 0
9.84212 -5.58911 0.80373 0.85156 0.956975 1.68436 101352 0 1.79011 0.860355 1
-6.54726 17.4762 1.08335 2.1011 4.92113 1.56306 134997 0 -1.53816 0.858873 0
30.6237 15.9276 1.24685 1.99075 4.50536 1.70862 132773 0 -1.49244 0.856063 0
-30.6361 -4.93694 -0.45636 2.02201 4.24465 1.53817 102162 0 -1.60367 0.85336 0
0.153442 31.7542 1.72377 2.23642 5.09164 1.8944 156078 0 1.6232 0.850891 0
11.7167 22.3028 1.39289 1.93628 4.35375 1.70745 142074 0 -1.51337 0.849329 0
-0.388237 22.9042 1.42089 2.17685 5.08138 1.86083 142972 0 -1.48366 0.847288 0
17.3573 22.8304 1.46566 2.13441 5.01251 1.72009 143028 0 1.60769 0.845516 0
-43.0121 5.89715 -0.337823 1.91251 4.25386 1.46983 118035 0 1.87387 0.843818 0
5.09074 17.7567 1.16049 2.07172 4.60281 1.53809 135501 0 0.0726374 0.843219 0
-19.6615 7.96996 0.685933 1.93152 4.48897 1.53376 120916 0 1.60657 0.842133 0
17.7006 19.9792 1.1842 2.06915 4.80159 1.50607 138817 0 1.62449 0.838579 0
-12.0151 15.9159 0.863376 1.98778 4.40626 1.54326 132640 0 -3.05641 0.836454 0
18.51 15.4064 1.21146 2.22926 4.75114 1.75082 132267 0 1.60865 0.8356 0
30.9422 12.3021 1.06323 1.93181 4.36621 1.47871 127626 0 1.59949 0.835451 0
25.8405 1.36543 0.980743 0.903324 1.07248 1.73877 111698 0 0.329902 0.825134 1
36.2443 9.02986 1.05801 1.99631 4.55202 1.51018 122963 0 1.65933 0.821412 0
-18.7344 19.6706 0.965973 2.04738 4.62725 1.89709 138235 0 1.73324 0.819409 0
-1.18668 14.1684 1.11767 1.91133 4.30798 1.59472 130334 0 1.7115 0.817735 0
13.8803 38.1663 1.72527 2.0988 4.83903 1.63329 165481 0 -1.53446 0.81404 0
-18.402 14.018 0.820014 2.08371 4.77801 1.82487 129812 0 1.78892 0.808904 0
0.162262 28.9911 1.37873 1.96739 4.50223 1.4559 151866 0 1.58809 0.80832 0
31.2169 30.9541 1.36826 2.15064 4.99922 1.52504 154771 0 1.58619 0.807659 0
12.9526 32.3828 1.44024 2.10657 4.91953 1.50132 157054 0 -1.51619 0.800622 0
-49.1331 4.53483 -0.369151 2.14468 4.79644 1.70278 116144 0 -1.31462 0.797454 0
31.1527 27.6036 1.34551 2.14181 5.00966 1.52209 150091 0 1.61538 0.797005 0
-36.5435 -11.6284 -0.722863 2.35583 5.28314 2.04585 92315 0 0.0424645 0.796894 0
-6.57704 20.3014 1.19926 2.11755 5.04327 1.44312 139209 0 -1.54263 0.796515 0
17.454 25.754 1.5913 2.2826 5.41408 1.76238 147240 0 1.61299 0.793148 0
-6.25934 14.4834 1.03287 2.01165 4.59523 1.47166 130786 0 -1.49163 0.787869 0
11.4278 26.1109 1.31008 1.89393 4.39613 1.48825 147689 0 -1.51718 0.784056 0
34.9488 -6.85503 0.796056 0.878391 0.873464 1.68971 99559 0 -1.3358 0.78231 1
-0.139015 26.1468 1.3115 1.99555 4.60005 1.44793 147653 0 1.48226 0.782248 0
48.8282 11.6042 1.16983 1.97042 4.38791 1.71521 126746 0 -1.49907 0.782189 0
-44.5868 20.3734 -0.0692606 2.07468 4.66163 1.58226 139090 0 -1.28831 0.77666 0
11.3758 19.403 1.16183 1.97816 4.53271 1.54836 137861 0 -1.62356 0.774182 0
14.1573 -4.6908 0.900206 0.790089 0.895354 1.80061 102770 0 -1.44328 0.771134 1
-18.4619 16.8224 0.683038 1.81603 4.06499 1.50595 134024 0 1.68937 0.761639 0
-42.1658 -11.6307 -0.844309 1.99085 4.39982 1.64299 92298 0 0.0375746 0.761132 0
-41.1602 11.7068 -0.129637 1.70796 3.90687 1.46023 126465 0 1.85953 0.752679 0
-29.6564 6.63799 -0.0707124 2.0864 4.72055 1.55961 119013 0 -1.34144 0.745242 0
36.3293 12.1013 1.21823 2.07949 4.7363 1.63923 127175 0 1.54961 0.742144 0
30.8456 9.40212 1.11542 1.97765 4.43811 1.66907 123414 0 -1.48414 0.73862 0
30.8688 21.6525 1.22045 1.88078 4.30661 1.40396 141198 0 -1.49016 0.736896 0
15.4726 55.2189 2.19726 2.09168 4.74121 1.7759 190290 0 -1.44665 0.736719 0
13.3254 44.0183 1.81103 1.97152 4.38585 1.70616 173903 0 -1.53789 0.732727 0
-70.1326 -3.34283 -0.704718 0.891383 0.944484 1.77289 104378 0 -2.41474 0.732263 1
36.3362 15.4196 1.16257 1.96263 4.53966 1.535 132323 0 1.62977 0.727076 0
-5.87312 26.1339 1.55578 2.06557 4.66145 1.67874 147635 0 -1.52711 0.727015 0
8.89977 1.32461 0.965584 0.995456 1.11423 1.80666 111645 0 3.03221 0.725768 1
12.6446 29.253 1.40973 1.96427 4.58444 1.46059 152373 0 -1.50503 0.722899 0
-18.0989 22.9064 0.829175 2.02429 4.49865 1.54668 142917 0 1.66669 0.72221 0
14.9023 58.3834 1.95601 1.97881 4.46731 1.52391 194968 0 -1.40456 0.71129 0
13.3074 46.9354 1.79749 1.93325 4.38907 1.49069 178115 0 -1.54827 0.710164 0
-40.4669 14.5417 -0.10101 2.00638 4.4264 1.58523 130679 0 1.87 0.709961 0
-53.9434 47.8279 0.581573 2.04517 4.56121 1.56751 179309 0 -1.11627 0.709225 0
-70.6468 -2.42548 -0.712169 0.896964 0.976161 1.78021 105781 0 -1.59988 0.696124 1
30.889 18.7673 1.141 1.84269 4.41291 1.42637 136986 0 -1.48752 0.688134 0
54.5431 11.2964 1.32454 2.07185 4.75889 1.52841 126296 0 1.61531 0.684124 0
-21.3284 29.8804 0.805768 2.06942 4.5994 1.4517 153203 0 -1.26339 0.683162 0
14.9267 64.7423 2.14854 1.99892 4.53617 1.55908 204328 0 -1.52096 0.677538 0
1.08858 43.7024 1.62538 1.98374 4.52565 1.48642 173397 0 1.54178 0.676281 0
15.0936 -4.38499 0.707315 0.591591 0.634745 0.774082 103241 0 -0.654474 0.674803 1
31.8307 38.8766 1.86569 1.95616 4.34999 1.58525 166473 0 -1.49297 0.673521 0
2.19553 -3.72809 0.838564 0.812065 0.876797 1.66373 104136 0 1.58474 0.670117 1
-27.6626 14.6751 0.34788 1.99915 4.7274 1.89097 130719 0 1.81731 0.666872 0
19.012 37.8854 1.79828 2.09222 4.70977 1.63948 165029 0 1.61014 0.66373 0
37.2647 30.2046 1.71363 2.52229 5.93915 1.90548 153854 0 -1.48674 0.663722 0
18.4316 31.8108 1.40183 2.05817 4.6466 1.51474 156135 0 1.59626 0.661665 0
14.5466 73.7965 2.2241 1.97461 4.53587 1.50991 217431 0 -1.53143 0.656764 0
50.6808 34.9566 1.65964 2.06139 4.58315 1.52091 160916 0 -1.50804 0.65144 0
-47.5381 9.74266 -0.0357802 2.24408 5.22056 1.89143 123637 0 -1.28131 0.636378 0
14.9066 67.68 2.26465 1.98313 4.32496 1.71078 208540 0 -1.5549 0.635334 0
-48.1727 7.12807 -0.438228 2.04987 4.58577 1.64011 119891 0 -1.28525 0.633602 0
-39.1567 19.6643 -0.0405973 1.89912 4.35503 1.56368 138171 0 1.84107 0.621512 0
-19.6682 35.4079 1.14309 2.08485 4.71756 1.55468 161164 0 -1.13948 0.611304 0
31.5168 35.7633 1.66736 2.07987 4.87385 1.63254 161792 0 1.62962 0.60516 0
-56.2485 27.258 0.170007 2.03459 4.50214 1.58664 149350 0 -1.17668 0.598327 0
-61.3508 14.5385 -0.431354 1.97205 4.31683 1.67977 130614 0 -1.14894 0.597114 0
17.7554 28.6734 1.38284 2.01685 4.68155 1.45087 151453 0 1.60064 0.592046 0
-5.5757 40.8824 1.778 1.96969 4.48215 1.47229 169164 0 -1.5662 0.591168 0
-40.1179 17.1315 0.0917439 1.96424 4.33313 1.80626 134424 0 1.81425 0.588369 0
-27.6722 4.85719 0.200425 0.812831 0.83381 1.61361 116679 0 -1.64685 0.587237 1
-31.8902 42.0104 1.10404 1.96365 4.29805 1.59395 170954 0 1.89384 0.580272 0
53.9634 5.36978 1.1972 1.97806 4.75088 1.81902 117402 0 1.63415 0.573419 0
-69.2462 5.23992 -0.659304 2.05486 4.59331 1.71146 117017 0 1.94698 0.572191 0
36.3167 21.0534 1.40285 1.94921 4.46716 1.5246 140279 0 1.63377 0.572106 0
-44.2792 23.1816 0.22849 2.03116 4.45589 1.62602 143303 0 -1.2679 0.571872 0
-62.2322 11.6776 -0.494122 1.93995 4.31191 1.56255 126399 0 1.95505 0.568323 0
-28.6178 9.14616 -0.0144841 1.97071 4.42108 1.48184 122760 0 -1.34736 0.567908 0
-5.93713 31.8921 1.6655 2.16838 4.96463 1.57202 156059 0 -1.53328 0.5658 0
19.0499 40.793 1.83589 2.06102 4.81005 1.51484 169241 0 1.61761 0.564232 0
-45.634 17.8116 -0.0850075 2.05637 4.57412 1.66732 135343 0 -1.2375 0.559404 0
-46.267 56.1299 0.714938 2.13845 4.72793 1.56659 191501 0 -1.25315 0.552782 0
-16.3849 -14.5641 0.370129 0.87495 0.993933 1.71458 88166 0 1.35232 0.551917 1
-5.27438 44.2652 2.01937 2.0218 4.54194 1.66251 174313 0 -1.57225 0.548019 0
2.0963 55.4795 2.28293 2.30288 5.36864 1.96664 190716 0 1.53808 0.544061 0
15.2855 -11.2469 0.845327 0.870396 0.976528 1.76308 92945 0 -2.8601 0.536993 1
-63.8604 6.94654 -0.565313 2.10696 4.63456 1.70448 119374 0 -1.24621 0.531917 0
-47.2028 12.3181 -0.324345 2.02133 4.49103 1.61625 127382 0 -1.22148 0.528028 0
-0.81926 20.0562 1.26308 2.05436 4.7917 1.57134 138759 0 1.66617 0.520056 0
4.58736 40.043 1.81086 0.914895 0.821163 1.74862 168260 0 -0.112889 0.519545 1
-46.2677 14.6212 -0.2299 1.9568 4.26043 1.5812 130661 0 -1.23688 0.515753 0
14.1916 -4.81276 0.895739 0.772025 0.867266 1.77054 102302 0 -1.41843 0.515483 1
34.6171 -7.49503 0.610996 0.587628 0.61643 0.967893 98622 0 -1.42944 0.512603 1
36.9395 26.9667 1.39563 2.13144 4.91515 1.50031 149173 0 1.69074 0.500782 0
15.112 -4.49213 0.67536 0.566335 0.617409 0.755937 102773 0 -1.00545 0.49058 1
19.3699 46.5644 2.15046 1.98695 4.43091 1.54669 177666 0 1.56555 0.490033 0
-44.3213 58.4032 1.17242 2.13025 4.59703 1.72151 194783 0 -1.27874 0.487325 0
49.4351 20.332 1.41219 2.04375 4.51504 1.58664 139384 0 -1.6376 0.479152 0
-37.9364 22.2878 0.346065 1.95099 4.25851 1.80015 141919 0 1.80531 0.474104 0
-4.34534 58.7861 2.20269 1.97697 4.48078 1.65772 195376 0 -1.55129 0.466475 0
-19.0818 38.2291 0.868673 2.02351 4.62132 1.48297 165378 0 -1.16206 0.453054 0
11.4176 -2.93092 0.747321 0.755645 0.856217 1.53236 105101 0 0.0254233 0.451367 1
-24.4954 22.2824 0.586224 2.01938 4.45629 1.55995 141961 0 -1.36889 0.443682 0
31.5257 44.956 1.90592 2.04539 4.6486 1.50406 175364 0 -1.4889 0.432209 0
-32.7855 39.2211 0.744408 2.02148 4.55068 1.52756 166739 0 1.90497 0.428365 0
33.11 56.7825 1.86358 1.95291 4.35578 1.54967 192685 0 -1.58857 0.426135 0
1.36471 43.9564 1.63911 1.8697 4.16969 1.44927 173866 0 1.64463 0.42469 0
51.6773 46.8236 1.95303 2.04068 4.61851 1.59307 178235 0 -1.63205 0.420657 0
32.4676 35.7597 1.68571 2.20206 5.24711 1.74005 161795 0 -1.53267 0.419841 0
-42.3755 9.44859 -0.283753 2.00886 4.5235 1.54776 123185 0 1.85878 0.417337 0
-24.1938 22.5229 0.584081 2.00352 4.41714 1.56824 142430 0 -1.41394 0.411787 0
55.5211 34.0855 1.68215 2.03276 4.67446 1.61398 159527 0 1.67195 0.410776 0
40.8029 35.4405 1.75199 0.759491 0.716325 1.62086 161353 0 0.177638 0.405111 1
-27.0628 17.7353 0.536557 2.12198 4.77256 1.8525 135401 0 1.73568 0.404503 0
1.76409 52.6236 1.84463 1.99538 4.53485 1.60819 186503 0 -1.582 0.40126 0
15.2003 70.5556 2.33181 2.03804 4.6213 1.66722 212753 0 -1.55166 0.39844 0
49.43 23.5246 1.17458 1.92831 4.42494 1.52666 144064 0 -1.60082 0.393121 0
37.594 44.6053 2.04691 1.9966 4.57134 1.51215 174915 0 1.60169 0.388513 0
-35.0207 30.2879 0.459539 1.94877 4.43659 1.50673 153628 0 1.8888 0.387456 0
-61.9796 11.9161 -0.514516 1.93957 4.1974 1.55112 126868 0 1.9747 0.384635 0
-28.9807 9.34482 -0.0315333 1.99912 4.51589 1.50695 123227 0 1.54788 0.378547 0
-44.9568 58.6629 1.06469 2.45403 5.85448 1.96847 195249 0 -1.2675 0.376232 0
-70.6035 -2.62723 -0.708299 0.950272 0.987479 1.81656 105313 0 -1.79037 0.372901 1
19.9985 40.8126 1.90391 1.941 4.2784 1.50939 169244 0 1.5827 0.37261 0
14.9991 -4.49725 0.750748 0.590734 0.6282 0.845146 102772 0 -1.27991 0.371689 1
19.0041 31.643 1.43107 2.12967 4.8211 1.54388 155669 0 1.5894 0.360634 0
54.2414 28.9598 1.58716 2.00544 4.51388 1.61366 152035 0 -1.63257 0.356518 0
49.1298 23.7938 1.19132 1.9314 4.3989 1.49524 144531 0 -1.66772 0.351678 0
18.7342 43.3753 2.04292 2.02974 4.5726 1.54976 172984 0 1.58254 0.351373 0
19.6422 31.8472 1.36757 2.13105 4.82743 1.57686 156139 0 1.59647 0.349385 0
34.0087 -7.96273 0.80198 0.762132 0.901432 1.49014 98152 0 -1.33243 0.335428 1
53.6093 28.9198 1.57826 1.98255 4.4424 1.54498 152033 0 1.60564 0.334051 0
-70.1655 -3.17362 -0.681942 0.958923 0.970628 1.82956 104846 0 -2.32702 0.333238 1
-5.27185 68.2829 2.57505 2.08387 4.80465 1.61797 209413 0 -1.43732 0.3301 0
49.1272 23.2237 1.1259 1.92871 4.44732 1.49136 143595 0 -1.59926 0.327339 0
40.789 35.5568 1.77193 0.765949 0.724765 1.62572 161821 0 0.28993 0.326536 1
-39.471 28.5695 0.558823 0.828859 0.892304 1.82644 151274 0 -1.40299 0.324514 1
49.1377 20.0711 1.39708 1.98631 4.3536 1.53716 138915 0 -1.56604 0.324351 0
-38.484 22.5354 0.362497 2.13864 4.90134 1.843 142385 0 1.80634 0.324317 0
34.0699 -8.04681 0.799898 0.762271 1.18258 1.56404 97684 0 -1.31779 0.321397 1
14.1411 -3.95195 0.99428 0.813351 0.850432 1.86452 103706 0 -1.34324 0.321084 1
2.28844 -3.86034 0.856079 0.862585 0.89321 1.68056 103669 0 1.59434 0.317977 1
32.1318 44.6989 1.86767 2.02088 4.61334 1.53881 174898 0 -1.45231 0.317875 0
2.67822 55.2704 2.26538 2.10237 4.76782 1.85093 190250 0 1.51851 0.316515 0
-5.03261 41.0304 1.72283 2.09872 4.72068 1.5466 169634 0 -1.61463 0.313514 0
1.48734 55.2638 2.33554 2.38919 5.90372 2.06486 190246 0 -1.74243 0.311316 0
14.1528 -4.34406 0.899341 0.797102 0.876353 1.82529 103238 0 -1.44979 0.309597 1
21.2741 55.2167 2.1981 2.01563 4.45876 1.61225 190308 0 1.61633 0.306051 0
12.9125 29.5024 1.3845 2.01215 4.73417 1.49337 152842 0 -1.5212 0.305677 0
49.4366 22.9088 1.13776 1.9241 4.41345 1.52484 143128 0 -1.63003 0.305676 0
-34.7397 33.7124 0.79659 2.01591 4.56919 1.57831 158777 0 1.54756 0.305508 0
14.9061 70.8175 2.32996 1.96038 4.39766 1.58398 213220 0 -1.56952 0.305051 0
17.4735 28.4001 1.4092 2.01936 4.62923 1.46057 150984 0 1.60442 0.304631 0
-42.1251 9.68132 -0.239883 1.96892 4.42426 1.53251 123654 0 1.86945 0.303061 0
-4.00298 64.7714 2.43915 2.09813 4.61712 1.78531 204269 0 -1.4663 0.299084 0
18.0848 -11.3442 0.846384 2.11175 4.58772 1.74766 92954 0 0.109169 0.29844 0
59.7035 7.49767 1.20216 2.41059 5.68666 2.107 120696 0 -3.12521 0.296949 0
2.08637 52.899 1.83982 1.94971 4.34564 1.56635 186972 0 -1.56411 0.296561 0
1.46143 52.3667 1.84469 2.05576 4.7493 1.70346 186034 0 -1.60881 0.295951 0
-41.6584 11.7159 -0.163738 2.08336 4.8527 1.62664 126463 0 1.86531 0.295868 0
-62.4866 11.4076 -0.492098 2.02468 4.5461 1.60189 125930 0 1.95373 0.295695 0
49.1211 14.2935 1.22218 1.90818 4.34696 1.56006 130491 0 -1.5559 0.293568 0
-27.3787 18.0275 0.553716 2.11776 4.78511 1.8785 135868 0 1.75504 0.293123 0
-47.5689 6.90593 -0.357642 1.88394 4.09375 1.56559 119425 0 -1.27718 0.292565 0
2.66433 52.6774 1.74479 1.88646 4.27164 1.51192 186506 0 -1.62962 0.290847 0
14.9057 70.3056 2.34595 1.86986 4.14241 1.54057 212284 0 -1.53448 0.290394 0
14.5068 -4.65482 0.864941 0.718486 0.8161 1.53933 102771 0 -1.4779 0.290312 1
-34.4153 33.4545 0.807959 2.01193 4.61958 1.57636 158310 0 1.70681 0.28872 0
-4.93359 58.9825 2.20422 2.08986 4.81399 1.69145 195842 0 -1.54434 0.288071 0
-70.8261 -2.17526 -0.720091 0.877295 0.939845 1.68872 106248 0 -1.49415 0.287498 1
20.9819 55.4924 2.21668 1.96568 4.31139 1.58412 190775 0 1.60308 0.286576 0
18.3672 28.8868 1.39328 2.05639 4.80288 1.48606 151923 0 1.61355 0.283788 0
36.6888 44.6659 1.97017 1.91029 4.34359 1.50105 174912 0 1.5924 0.283161 0
49.4354 14.5425 1.28553 2.05068 4.69724 1.64515 130960 0 -1.55047 0.283033 0
34.6871 -7.25399 0.720152 0.723334 0.76171 1.30086 99090 0 -1.33678 0.282977 1
15.3819 -11.1509 0.903485 0.898253 1.05223 1.78809 93414 0 -2.82877 0.282854 1
-44.111 20.3348 -0.0905795 1.70576 3.58518 1.49667 139092 0 -1.30112 0.282736 0
-67.6591 11.0403 -0.650756 2.03685 4.58997 1.55987 125446 0 -1.17672 0.282351 0
14.2632 73.5825 2.17514 1.76114 4.12908 1.43059 216962 0 -1.52639 0.282347 0
32.8177 56.5518 1.85587 1.95547 4.48435 1.52666 192216 0 -1.92948 0.280294 0
53.9361 8.22607 0.979387 1.74384 4.05976 1.43912 121614 0 1.6728 0.280155 0
14.1571 -3.76779 0.95998 0.794647 0.836774 1.82899 104174 0 -1.17873 0.27943 1
-37.3156 22.2352 0.337553 2.10475 4.70224 1.88004 141921 0 1.79752 0.279418 0
-25.0952 22.4922 0.588893 2.0465 4.53767 1.53677 142427 0 -1.39519 0.278413 0
44.6651 -31.4847 -0.222769 1.98749 4.36319 1.59747 63553 0 -3.13281 0.278022 0
-47.188 56.4468 0.689047 2.21894 4.89939 1.62367 191966 0 -1.23992 0.274161 0
-5.29282 28.988 1.38142 2.00997 4.68642 1.55177 151849 0 -1.49825 0.273385 0
-46.9547 12.5556 -0.319095 1.98717 4.29471 1.59662 127851 0 -1.22685 0.273323 0
11.6069 19.1081 1.17294 2.10377 5.01767 1.61078 137394 0 -1.57241 0.273002 0
-46.8052 14.651 -0.233278 2.07454 4.53853 1.63112 130659 0 -1.23053 0.272691 0
33.1124 54.1993 1.91553 1.91998 4.24995 1.50335 188941 0 -1.48532 0.271471 0
-3.3668 55.847 2.00697 2.00344 4.48249 1.5433 191167 0 -1.5633 0.270338 0
34.9799 -6.69154 0.737363 0.870103 0.860371 1.69107 100027 0 -1.3171 0.26942 1
-6.80962 32.0836 1.681 2.26559 5.25353 1.66993 156524 0 1.6109 0.268485 0
39.1769 36.0414 1.79663 1.9737 4.43429 1.55266 162284 0 1.58387 0.26824 0
32.1668 54.2355 1.81791 1.97152 4.46559 1.47537 188938 0 -1.5083 0.266289 0
50.0509 23.8136 1.31683 1.96686 4.36175 1.52871 144534 0 -1.62474 0.265653 0
31.2499 39.0957 1.86289 2.07509 4.69416 1.5707 166939 0 -1.50159 0.264882 0
-27.9326 17.7859 0.514978 2.14407 4.76084 1.88175 135398 0 1.7651 0.263567 0
50.0491 23.2251 1.23294 1.96693 4.36734 1.52484 143598 0 -1.6151 0.263565 0
0.684616 28.9579 1.39915 1.68326 3.70333 1.39504 151868 0 1.59451 0.26256 0
34.3549 -8.14093 0.735681 0.641444 1.22184 1.188 97685 0 -1.31979 0.262096 1
-7.47507 20.2945 1.19179 2.02105 4.46722 1.45578 139206 0 -1.54202 0.262085 0
2.09079 54.9762 2.25337 2.31043 5.48572 2.00971 189780 0 1.46265 0.260157 0
37.5857 26.7986 1.3722 2.05511 4.65177 1.48396 148707 0 -1.53229 0.259151 0
-68.7341 5.21562 -0.656261 1.75729 3.68136 1.60503 117019 0 2.03681 0.259039 0
11.8825 26.3075 1.28468 2.17515 5.19557 1.5958 148159 0 -1.5297 0.257514 0
-33.7697 33.135 0.932478 2.03581 4.60645 1.54111 157844 0 1.88977 0.257504 0
-38.9271 19.8772 -0.0182423 2.18982 4.90716 1.67824 138640 0 1.82063 0.256802 0
51.6921 37.62 1.82758 1.95348 4.40703 1.57956 164663 0 -1.52556 0.255122 0
-29.528 9.43997 -0.0679164 2.04186 4.5883 1.56552 123225 0 1.79902 0.255107 0
19.0197 32.0517 1.43492 2.23567 5.15115 1.58086 156605 0 1.60454 0.254456 0
60.0071 13.6266 1.34226 2.149 4.76162 1.78579 129589 0 -3.05085 0.251915 0
1.13672 44.21 1.63305 2.08335 4.78453 1.5313 174333 0 1.64598 0.249858 0
14.0072 -4.36285 0.906782 0.808855 0.841992 1.82544 103237 0 -1.43031 0.248707 1
-32.4313 42.3073 1.08887 2.21369 5.23304 1.78941 171420 0 1.88644 0.247604 0
-4.31029 64.5098 2.47798 2.02607 4.51887 1.74198 203800 0 -1.48991 0.246795 0
50.3986 37.9147 1.76283 1.85908 4.19316 1.46502 165127 0 -1.49115 0.246231 0
-34.4526 30.1871 0.489977 1.95102 4.40097 1.47097 153630 0 -2.17703 0.245726 0
-42.6747 9.19035 -0.340791 2.0354 4.53372 1.56986 122716 0 1.70748 0.245114 0
-5.89455 44.0674 1.98075 2.05189 4.70343 1.71313 173843 0 -1.53342 0.245096 0
33.4371 53.969 1.93644 1.97641 4.34277 1.54178 188474 0 -1.50584 0.244826 0
-63.2599 6.84959 -0.610675 2.0256 4.39672 1.67264 119376 0 -1.17481 0.244502 0
13.2102 -9.54774 0.460771 0.724967 0.782182 1.3209 95747 0 1.56432 0.243823 1
13.8113 47.1324 1.8342 2.21849 5.31437 1.75273 178585 0 -1.58542 0.243026 0
-70.1525 -3.55896 -0.696717 0.920945 1.0024 1.74721 103910 0 -2.49407 0.242697 1
32.4217 44.9428 1.92189 2.09148 4.77295 1.59924 175367 0 -1.49382 0.241517 0
50.7261 37.6367 1.74886 1.80791 4.1068 1.46619 164660 0 -1.50288 0.240526 0
-67.3852 11.3316 -0.683524 1.89193 4.27421 1.50335 125915 0 -1.12088 0.239746 0
59.7534 12.3112 1.3511 2.08792 4.63502 1.69796 127716 0 0.0831862 0.239204 0
68.303 10.3986 1.57628 2.03047 4.52539 1.66353 124935 0 0.148931 0.238523 0
13.8179 44.2292 1.8218 2.22762 5.14477 1.87841 174373 0 -1.55877 0.238176 0
54.2993 11.5903 1.26842 1.96145 4.451 1.49812 126763 0 1.55661 0.234501 0
34.6571 -7.79462 0.630318 0.626819 0.668145 0.910096 98154 0 -1.31654 0.234205 1
-35.3236 33.7941 0.762413 2.00376 4.5125 1.56694 158775 0 1.77585 0.233121 0
36.9129 21.1779 1.43383 2.08658 4.83455 1.57242 140749 0 1.62851 0.231923 0
-53.7075 48.0724 0.571052 2.09574 4.53173 1.58872 179778 0 -0.887197 0.23171 0
-45.6689 14.5679 -0.316756 1.95691 4.32403 1.59279 130663 0 -1.22541 0.231066 0
-61.6797 11.4042 -0.514611 1.66634 3.54234 1.4697 125933 0 1.95024 0.230935 0
55.7867 34.3381 1.74659 2.10867 4.94091 1.68594 159996 0 1.67571 0.230639 0
33.4303 57.018 1.88784 2.02483 4.49391 1.61299 193154 0 -1.57861 0.229478 0
-6.86661 26.1664 1.54319 2.13446 4.96356 1.6938 147632 0 1.58601 0.229298 0
-3.39761 64.5224 2.447 2.0676 4.62541 1.74336 203803 0 -1.46006 0.228719 0
-49.6728 4.41337 -0.384053 2.43331 5.67614 1.88658 115674 0 -1.36192 0.228586 0
19.6549 40.5783 1.91338 1.95954 4.40696 1.50249 168775 0 1.60857 0.228326 0
1.47758 55.7439 2.38243 2.48422 5.99201 2.09321 191182 0 -1.51447 0.22683 0
34.5123 -7.3179 0.639649 0.582211 0.63847 1.08972 99089 0 -1.39127 0.225085 1
-39.4926 28.3978 0.535072 0.856416 1.0054 1.78352 150806 0 -1.64054 0.22396 1
51.3624 37.8847 1.82657 1.95473 4.36275 1.55377 165130 0 -1.5422 0.222274 0
-27.1239 14.7551 0.382212 2.38125 5.90166 1.99753 131189 0 1.81827 0.221834 0
54.4747 5.52476 1.14939 2.1515 5.41025 1.9652 117872 0 1.64563 0.221388 0
-70.009 -3.55927 -0.699006 0.931884 0.985809 1.76533 103911 0 -2.49264 0.221054 1
-18.9452 17.0108 0.691201 2.08292 4.96441 1.6105 134490 0 1.72371 0.220783 0
34.011 56.8044 1.86987 2.11033 4.83205 1.73277 192688 0 -1.52477 0.220128 0
15.4406 67.9096 2.28152 2.33722 5.39627 1.92402 209010 0 -1.58111 0.219558 0
50.3714 23.514 1.30401 1.97543 4.43458 1.51419 144067 0 -1.63378 0.21904 0
-54.4612 47.8597 0.580581 2.28831 5.54729 1.80082 179307 0 -1.20062 0.21837 0
-1.37087 20.256 1.19427 2.03986 4.74978 1.51837 139225 0 1.69575 0.217742 0
-0.144547 26.6009 1.31501 2.01348 4.68448 1.46485 148589 0 1.60358 0.217697 0
-46.6127 12.0132 -0.347621 1.85402 4.05427 1.56453 126916 0 -1.21313 0.217351 0
-35.9859 30.5665 0.508174 1.97653 4.34089 1.53253 154093 0 1.84602 0.21712 0
49.1361 22.6104 1.17875 1.97572 4.4931 1.52031 142659 0 -1.639 0.215438 0
-25.4098 22.3268 0.575818 2.02445 4.56074 1.54464 141958 0 1.51686 0.21395 0
30.8731 21.3906 1.2362 1.70109 3.94455 1.36619 140730 0 -1.47297 0.213554 0
15.3948 -4.3631 0.733282 0.643442 0.689456 0.902634 103242 0 -0.766463 0.213292 1
-45.0327 17.7515 -0.141397 2.09759 4.68649 1.69746 135345 0 -1.22527 0.21329 0
59.6584 6.634 1.18078 2.14058 4.72964 1.92155 119292 0 0.0186177 0.212928 0
-4.33521 65.0591 2.47491 2.16818 4.84466 1.78592 204736 0 -1.4919 0.212537 0
11.5421 -2.93075 0.766372 0.813837 0.941967 1.58519 105102 0 -0.0158984 0.212354 1
34.3926 31.1891 1.35715 0.713134 0.705767 1.58918 155249 0 -3.01221 0.212272 1
38.2441 35.0439 1.50578 1.99862 4.49622 1.48349 160877 0 1.59439 0.212111 0
20.9921 54.9279 2.18446 1.94727 4.29859 1.57283 189839 0 1.64062 0.211657 0
-24.193 21.9979 0.560024 1.98408 4.39265 1.57798 141494 0 -1.3339 0.211437 0
34.6696 -8.17466 0.594684 0.566824 0.611997 0.88455 97686 0 -1.34997 0.211249 1
49.4409 24.0859 1.25467 1.93328 4.43377 1.50742 145000 0 -1.61819 0.211018 0
19.0274 43.1263 2.09171 2.04778 4.537 1.5801 172517 0 1.60627 0.210926 0
19.3266 43.604 2.10267 2.05997 4.62782 1.61231 173454 0 1.54363 0.209581 0
54.8644 23.1707 1.55503 2.07909 4.63691 1.58562 143613 0 1.49246 0.209298 0
-17.7976 37.5902 1.25923 2.1657 4.84981 1.74875 164446 0 -1.16836 0.209159 0
39.4726 36.3176 1.85963 1.93332 4.35823 1.53683 162753 0 1.60222 0.208781 0
13.0372 46.669 1.75619 1.73552 3.82454 1.4028 177646 0 -1.49199 0.208433 0
-18.6335 23.1477 0.830491 2.18843 5.04279 1.64194 143383 0 1.72411 0.208139 0
68.3162 11.0016 1.43543 1.99576 4.41582 1.60712 125871 0 0.2242 0.207971 0
13.2147 -9.66421 0.482243 0.7604 0.837944 1.35447 95279 0 1.37324 0.207142 1
-5.91679 29.2335 1.4485 2.09361 4.85205 1.59045 152315 0 -1.49402 0.207095 0
-31.894 38.9292 0.71926 1.91226 4.41466 1.48116 166274 0 1.92103 0.206829 0
-20.027 35.8869 1.16312 2.11091 4.73074 1.56903 162099 0 -1.13529 0.206744 0
55.1766 28.9778 1.57503 2.04997 4.62548 1.70231 152038 0 -1.62739 0.20586 0
-48.5533 4.4174 -0.43375 1.83711 3.79671 1.53455 115678 0 -1.32584 0.205473 0
21.9174 67.0586 2.28911 2.04665 4.63058 1.65296 207626 0 1.70262 0.205342 0
0.848915 55.5134 2.5409 2.52334 6.37018 2.20184 190712 0 -1.58606 0.204744 0
-3.06322 56.0873 2.05634 1.99343 4.49537 1.53875 191636 0 -1.53922 0.204545 0
38.5783 35.6984 1.54591 1.98905 4.54767 1.50907 161814 0 1.59115 0.204366 0
-26.0611 22.5855 0.610664 2.05741 4.52391 1.52706 142424 0 1.73635 0.204002 0
-34.695 30.0208 0.451033 1.96418 4.33576 1.48301 153161 0 1.67094 0.203785 0
34.9594 -7.05366 0.770782 0.878442 0.884454 1.50373 99091 0 -1.2372 0.203631 1
14.0233 -3.76098 0.871714 0.789928 0.819124 1.80245 104173 0 -1.45131 0.203228 1
32.528 55.5476 1.92819 1.93024 4.24312 1.5499 190811 0 -3.02502 0.201831 0
31.1765 18.5192 1.13021 1.77284 4.02953 1.42068 136519 0 -1.47532 0.201074 0
34.391 -7.85813 0.755178 0.722641 1.10271 1.20979 98153 0 -1.36077 0.200914 1
38.2055 44.3958 2.08168 1.92793 4.37047 1.51438 174449 0 1.62915 0.200762 0
19.9382 46.801 2.19564 2.2276 5.07684 1.72782 178136 0 1.55469 0.200264 0
14.0511 -4.82996 0.884923 0.783697 0.883689 1.79107 102301 0 -1.40943 0.199922 1
-5.28045 40.5827 1.72124 1.89629 4.31947 1.45014 168697 0 -1.5217 0.199887 0
37.9224 35.3474 1.39162 1.99878 4.55744 1.46811 161344 0 1.57899 0.199866 0
-48.7155 6.97851 -0.411533 2.33598 5.27018 1.8212 119421 0 -1.33223 0.199569 0
-40.9144 11.8974 -0.127327 1.71925 3.67875 1.44988 126934 0 1.88241 0.199013 0
-3.99532 64.1992 2.49255 2.08538 4.57633 1.73638 203333 0 -1.48554 0.198854 0
14.1465 -3.06827 0.798609 0.776854 0.822158 1.64242 105110 0 -0.869038 0.198406 1
-41.8162 9.16251 -0.280142 2.1118 4.7006 1.57196 122719 0 1.83411 0.197739 0
-4.66277 68.0777 2.54467 1.87822 4.30872 1.58107 208947 0 -1.46652 0.197724 0
29.9906 9.40835 1.14332 1.98339 4.63662 1.66258 123411 0 -1.51384 0.197429 0
54.0305 11.3558 1.19276 1.69449 3.81534 1.39726 126294 0 1.62807 0.196514 0
30.3217 21.8144 1.236 2.08621 4.80888 1.46633 141664 0 -1.5054 0.196469 0
-6.17628 41.0378 1.79499 2.08797 4.79282 1.52474 169630 0 -1.56593 0.196055 0
-21.8396 29.6882 0.810929 2.15797 5.0292 1.52873 152733 0 -1.31796 0.195955 0
1.42583 68.3258 3.04072 2.19291 5.08612 2.02296 209434 0 1.51378 0.195907 0
37.9133 35.9943 1.36819 1.93572 4.38804 1.46605 162280 0 1.59488 0.195375 0
1.35155 43.4384 1.62062 1.81571 4.07252 1.46599 172930 0 1.51242 0.194893 0
-67.6647 2.47851 -0.527001 0.844928 0.888428 1.74261 112810 0 -1.12491 0.194579 1
49.4803 20.8726 1.43826 2.07708 4.56258 1.61759 140320 0 -1.72819 0.194518 0
-3.05902 55.5731 1.96152 1.92946 4.38591 1.48521 190700 0 -1.56084 0.19451 0
-31.2501 41.757 1.0826 1.94035 4.23859 1.53674 170488 0 1.8707 0.1943 0
51.69 46.3432 1.89905 1.94714 4.39406 1.52255 177299 0 -1.50808 0.193034 0
-46.8669 52.6347 0.803808 2.10485 4.76332 1.63027 186351 0 1.19288 0.192096 0
51.1329 46.5942 1.93389 1.73498 3.76606 1.43172 177765 0 -1.61627 0.191819 0
36.8534 15.4404 1.16145 2.26243 5.63788 1.69127 132325 0 1.61881 0.19129 0
37.2776 44.8531 2.07193 2.03073 4.53122 1.54057 175382 0 1.61572 0.191122 0
19.9553 37.9112 1.86837 2.08221 4.61412 1.60539 165032 0 -1.53854 0.190142 0
68.5915 10.0851 1.55737 2.06981 4.56782 1.67244 124468 0 -0.0820274 0.190091 0
14.6096 -4.36292 0.826473 0.687035 0.77266 1.47559 103239 0 -1.3859 0.190034 1
41.0035 35.4016 1.74462 0.758993 0.732993 1.61905 161354 0 0.11595 0.189976 1
-27.0295 17.206 0.532585 2.04174 4.53342 1.80282 134465 0 1.68575 0.189928 0
-22.6034 -9.38214 1.03443 0.765808 0.816228 1.75129 95635 0 1.36268 0.189527 1
-41.1082 29.9098 0.798925 2.05175 4.65807 1.7251 153141 0 1.97369 0.188923 0
-46.5782 52.6517 0.800306 1.96295 4.42383 1.54453 186352 0 -1.08207 0.188883 0
-33.4712 33.394 1.04357 2.06721 4.67463 1.58098 158313 0 1.73543 0.188852 0
9.82469 -5.42274 0.784972 0.854133 0.925778 1.70024 101820 0 1.78108 0.188848 1
38.522 44.6236 2.20424 2.00923 4.48422 1.57894 174918 0 1.60653 0.188603 0
-19.9541 38.5579 1.06992 2.03941 4.4912 1.48389 165843 0 -1.20103 0.188257 0
36.9947 44.3826 1.90897 1.87454 4.25694 1.46692 174445 0 1.58631 0.187618 0
53.9533 29.1887 1.60207 2.01221 4.54491 1.57525 152502 0 -1.73654 0.187305 0
54.5958 22.8899 1.55028 2.00882 4.47764 1.58355 143144 0 1.64537 0.186668 0
48.5144 23.5382 1.14231 1.89339 4.37686 1.48941 144061 0 -1.61605 0.186219 0
-38.215 22.0146 0.29888 1.92244 4.25914 1.76777 141450 0 1.79079 0.185532 0
14.9845 55.4034 2.22652 1.89187 4.03119 1.63383 190756 0 -1.50311 0.185489 0
-70.0291 -3.17554 -0.67423 0.933053 0.95717 1.81938 104847 0 -2.40021 0.185285 1
-46.8904 52.3295 0.803959 2.01573 4.53396 1.5927 185883 0 -0.229598 0.184901 0
-7.76198 42.7202 1.515 0.809823 0.766354 1.75044 171965 0 -2.27216 0.184252 1
13.0363 43.7795 1.82297 1.85758 3.9856 1.67732 173434 0 -1.52189 0.184103 0
38.5614 34.7649 1.64614 1.98623 4.42165 1.51992 160410 0 1.65336 0.183844 0
51.9643 47.1144 1.97904 2.28412 5.32511 1.80188 178704 0 -1.62477 0.183544 0
36.4 26.8287 1.36634 2.0877 4.88357 1.55971 148703 0 1.67429 0.183097 0
15.4196 58.1631 2.01536 2.25353 5.32323 1.74708 194502 0 -1.36424 0.182997 0
35.6093 6.48266 1.09917 0.772361 0.884659 1.73701 119217 0 1.50419 0.182456 1
1.75397 71.1642 3.4799 2.2264 5.0004 1.91422 213647 0 1.48307 0.18235 0
20.9697 58.4204 2.37289 2.02497 4.50453 1.71571 194987 0 1.56136 0.18188 0
4.4496 39.9334 1.79785 0.916245 0.884219 1.74101 167791 0 -0.0706844 0.181863 1
13.3023 47.414 1.83809 2.0232 4.57808 1.53428 179051 0 -1.59098 0.181827 0
54.5577 25.7744 1.33453 1.9232 4.36585 1.4682 147356 0 1.4788 0.181747 0
30.3337 18.923 1.11575 1.81505 4.33504 1.43355 137452 0 -1.5171 0.181612 0
-4.91136 64.7987 2.53119 2.2169 5.08201 1.83039 204266 0 -1.51727 0.181515 0
-30.4734 6.86478 -0.0523123 2.10258 4.88051 1.56758 119478 0 -1.31823 0.181307 0
68.5877 10.708 1.47231 2.00091 4.43708 1.628 125404 0 0.0702834 0.181093 0
15.4391 67.4569 2.16003 2.21874 5.1802 1.85846 208074 0 -1.49439 0.180569 0
30.9104 45.1973 1.97204 2.0565 4.70179 1.5395 175830 0 -1.50213 0.180309 0
1.13213 66.0694 2.33757 1.94672 4.29514 1.5222 206157 0 1.57287 0.180292 0
21.2704 67.3246 2.32779 2.04117 4.54429 1.67691 208092 0 1.74929 0.180186 0
20.5884 41.0393 1.95011 2.07363 4.69445 1.62742 169714 0 1.5401 0.180183 0
-26.3929 3.68105 0.230878 0.808157 0.954256 1.48357 114811 0 0.027535 0.180047 1
18.6567 -11.3396 0.87419 2.14489 4.6437 1.75679 92956 0 -0.00984568 0.180032 0
-31.5309 59.0366 1.18543 2.04671 4.67576 1.61104 195759 0 -0.354577 0.179971 0
54.8771 22.5618 1.48419 2.08189 4.70713 1.62478 142677 0 1.29102 0.179912 0
-43.4318 58.0998 1.07728 2.247 5.15581 1.77374 194318 0 -1.2574 0.179748 0
0.0813828 25.8922 1.30283 1.82679 4.15262 1.41346 147186 0 -1.46448 0.17943 0
18.3749 -11.1145 0.820639 1.93982 4.1523 1.68495 93423 0 0.0406782 0.178924 0
20.9724 67.0638 2.331 2.02325 4.4895 1.67043 207623 0 1.7016 0.178865 0
2.67139 55.7397 2.22001 2.23143 4.90051 1.89154 191186 0 1.58628 0.178711 0
-41.4401 34.0726 1.01488 2.0368 4.51215 1.59786 159224 0 -0.89326 0.178506 0
-20.2337 35.4459 1.1693 2.09862 4.72597 1.55368 161162 0 -1.13092 0.17817 0
-47.178 51.9957 0.829327 2.14927 4.89636 1.67521 185414 0 1.61766 0.177709 0
39.5236 54.8936 2.04005 2.04168 4.57331 1.67014 189897 0 -3.10819 0.177593 0
-64.1223 6.65812 -0.499006 2.2855 5.02313 1.77616 118905 0 -1.27276 0.177306 0
21.2754 55.7949 2.27536 1.96578 4.30615 1.59706 191244 0 1.56621 0.176912 0
-4.97544 44.5218 2.01345 2.09553 4.5565 1.68383 174782 0 -1.51779 0.17666 0
-27.49 4.74755 0.157191 0.788854 0.800501 1.56224 116212 0 -1.46101 0.176507 1
-70.7999 -2.64322 -0.724899 0.93219 0.989944 1.794 105312 0 -1.73429 0.176496 1
-39.2768 28.6071 0.53257 0.992105 1.2802 1.84784 151275 0 -1.21983 0.176391 1
2.36764 52.3935 1.74641 1.95052 4.37084 1.53725 186037 0 -1.60566 0.176204 0
-64.7486 7.16527 -0.493116 2.23916 5.03274 1.75235 119839 0 -1.30967 0.176025 0
-31.5564 58.7323 1.18078 2.051 4.63899 1.61754 195291 0 -0.00676248 0.175275 0
-61.9496 11.1295 -0.500125 1.66708 3.54947 1.45897 125464 0 1.93577 0.174795 0
14.9154 64.2882 2.08965 1.95828 4.54434 1.54003 203392 0 -1.39898 0.174638 0
36.411 30.2446 1.72408 2.22998 5.17359 1.81717 153851 0 -1.45659 0.174618 0
12.0798 29.0212 1.41284 1.77458 3.97987 1.4688 151903 0 -1.48091 0.174599 0
49.4605 37.9483 1.72981 1.89077 4.32074 1.5057 165124 0 -1.51366 0.174184 0
50.06 14.2909 1.2741 2.02777 4.51659 1.64766 130494 0 -1.55318 0.173855 0
14.9433 -4.12125 0.767867 0.654684 0.689522 1.10148 103708 0 -0.429415 0.17362 1
1.11529 70.8997 3.28283 2.2047 4.93439 1.97417 213177 0 1.51526 0.173483 0
-46.566 15.1022 -0.215349 2.05279 4.48672 1.63744 131596 0 -1.21104 0.173378 0
13.3872 38.0382 1.73994 1.78151 3.87994 1.57419 165011 0 -1.53935 0.17296 0
-26.6666 22.8709 0.591371 2.13275 4.73648 1.55878 142890 0 1.8336 0.172713 0
32.7905 54.4963 1.92651 1.8581 4.14862 1.45665 189408 0 -1.53989 0.172656 0
54.8756 29.2089 1.59918 2.00292 4.52581 1.65719 152505 0 -1.68488 0.172595 0
-36.6545 22.0023 0.307965 2.03263 4.68974 1.85405 141455 0 1.82288 0.172553 0
25.9478 1.26563 0.980132 0.940442 1.09071 1.72323 111231 0 0.390296 0.172221 1
37.6105 35.6818 1.35569 1.98416 4.60195 1.4728 161811 0 1.58 0.172205 0
14.1633 -3.31511 0.866256 0.809242 0.874217 1.71266 104642 0 -0.851818 0.17213 1
-31.51 59.358 1.17439 2.02908 4.55333 1.60299 196227 0 -2.98522 0.171953 0
39.209 53.6051 1.82558 1.94213 4.42186 1.58305 188024 0 1.96067 0.171704 0
15.1435 -4.12873 0.749254 0.672018 0.703081 1.02066 103709 0 -0.07885 0.171684 1
-4.99397 29.2193 1.22822 1.94209 4.53538 1.50501 152318 0 -1.51868 0.171538 0
-3.98062 56.1079 2.01836 2.01142 4.50959 1.5989 191633 0 -1.5197 0.171003 0
0.855537 43.1218 1.68786 2.08295 4.7732 1.59037 172460 0 1.44834 0.17099 0
51.4241 47.1156 1.99138 2.04364 4.45461 1.59195 178702 0 -0.748898 0.170895 0
12.9504 31.9736 1.42243 1.99034 4.84065 1.53182 156118 0 -1.42538 0.17053 0
-67.6592 2.62772 -0.514327 0.835859 0.856583 1.73498 113278 0 -0.989429 0.169902 1
55.1709 22.8794 1.52556 2.14341 4.84024 1.63382 143146 0 1.47496 0.169834 0
-53.9138 47.2895 0.519999 1.8491 4.16634 1.51089 178373 0 -1.29274 0.169366 0
-70.6445 -2.18642 -0.717012 0.909677 0.997452 1.73875 106249 0 -1.6141 0.169059 1
-46.8501 52.9298 0.796661 2.15413 4.94085 1.65299 186819 0 1.80571 0.168989 0
-29.0351 2.99651 0.200163 0.855388 0.963486 1.72904 113867 0 1.40986 0.168593 1
50.7075 38.1725 1.79508 1.93297 4.35427 1.51372 165596 0 -1.51109 0.168517 0
-39.438 19.4533 -0.0440335 1.55125 3.54033 1.47193 137702 0 1.81403 0.168508 0
31.865 44.3871 1.87451 1.9823 4.47819 1.51437 174429 0 -1.44699 0.168441 0
39.5137 53.6022 1.86235 1.98019 4.50532 1.61121 188025 0 2.21842 0.16843 0
31.1666 27.1604 1.36955 2.07442 4.84178 1.53359 149155 0 1.6236 0.168083 0
-31.7863 58.4313 1.31276 2.09787 4.74193 1.66715 194822 0 -0.162743 0.168037 0
2.09928 65.7781 2.39888 1.91482 4.26888 1.57272 205692 0 1.59497 0.167885 0
-43.4385 22.9078 0.159509 2.04501 4.60621 1.70129 142838 0 -1.28131 0.16766 0
20.9703 52.6349 2.44515 2.22199 5.04957 1.91669 186563 0 1.54866 0.167069 0
18.445 41.044 1.80068 1.97412 4.51113 1.50333 169707 0 1.63244 0.166779 0
-35.6655 34.0536 0.781621 1.99385 4.41884 1.56982 159242 0 1.97831 0.166546 0
48.5127 20.2938 1.33472 2.05897 4.67011 1.61078 139381 0 -1.67057 0.166223 0
54.569 10.8573 1.32802 2.04696 4.69137 1.56322 125360 0 1.64737 0.16599 0
12.3601 28.7307 1.39339 1.75229 3.98247 1.45916 151436 0 -1.46382 0.165084 0
-5.59062 58.8133 2.15851 1.96355 4.48407 1.6867 195372 0 1.5853 0.164917 0
31.2477 38.6619 1.80241 1.83108 4.14409 1.54237 166003 0 -1.51211 0.164755 0
-33.1563 33.1149 1.07679 2.0564 4.67555 1.58322 157846 0 1.7022 0.164578 0
32.7921 56.1831 1.91864 1.9742 4.58184 1.52372 191748 0 -2.62671 0.164536 0
-46.9194 52.0185 0.8218 1.94427 4.36241 1.55554 185415 0 0.774826 0.163963 0
68.0346 9.78771 1.65067 2.08607 4.73458 1.70441 123998 0 0.145016 0.163725 0
68.6263 11.3507 1.31522 1.97709 4.38824 1.57125 126340 0 0.256793 0.163651 0
-4.71837 44.1013 1.97281 1.95166 4.5092 1.65887 173847 0 -1.58421 0.163507 0
-5.33178 31.6455 1.65585 2.02718 4.80485 1.62144 155593 0 -1.5132 0.162991 0
9.80193 -5.78632 0.811705 0.904413 0.966262 1.68997 100884 0 1.79203 0.16272 1
51.3157 35.0004 1.67796 2.33313 5.57539 1.78072 160918 0 -1.51536 0.162687 0
50.1783 34.8208 1.64747 1.88712 4.41501 1.48901 160446 0 -1.47925 0.16265 0
21.2808 58.6983 2.4543 2.06266 4.49292 1.77749 195456 0 1.57769 0.162633 0
14.2895 70.5713 2.32793 1.90857 4.26445 1.57857 212750 0 -1.52465 0.162625 0
21.2885 54.5955 2.19172 1.98045 4.34765 1.62138 189372 0 1.65931 0.162566 0
-16.4145 -14.3716 0.335943 0.918028 1.26762 1.67888 88634 0 1.97793 0.16236 1
-27.8618 4.90237 0.180787 0.878581 1.03075 1.55944 116678 0 -1.6472 0.162273 1
-67.9374 10.7486 -0.603106 2.15031 4.86915 1.63148 124977 0 -1.23334 0.162187 0
37.5826 21.009 1.44578 1.99383 4.50473 1.58125 140283 0 -1.34134 0.161908 0
14.0079 73.9585 2.13661 1.9393 4.22851 1.45036 217897 0 -1.57035 0.160995 0
53.6441 29.1808 1.61099 2.02438 4.62971 1.5668 152501 0 2.45372 0.160959 0
1.73936 52.071 1.79874 2.01692 4.51506 1.64099 185567 0 1.55055 0.160873 0
-26.4366 17.4606 0.547902 2.11419 4.85732 1.80149 134935 0 1.66646 0.160787 0
39.2107 53.2924 1.79539 1.94088 4.36742 1.54706 187556 0 1.76277 0.160108 0
14.4592 -4.86066 0.876419 0.748579 0.817811 1.63288 102303 0 -1.4556 0.159516 1
-4.58547 58.4847 2.20827 1.87942 4.23569 1.59006 194907 0 -1.51047 0.15935 0
37.3091 35.0559 1.46859 1.99225 4.46113 1.50259 160874 0 1.59868 0.159072 0
-27.966 18.3232 0.576414 2.17694 4.94707 1.92758 136334 0 1.78699 0.158822 0
49.7695 38.1772 1.76334 1.91134 4.35938 1.51685 165593 0 -1.47977 0.1588 0
-70.5165 -3.04084 -0.673819 0.899362 0.995432 1.78441 104845 0 -2.15243 0.1587 1
-0.5298 19.7721 1.30883 2.02768 4.7023 1.6141 138292 0 1.65045 0.158682 0
-42.9822 9.73057 -0.303685 1.94873 4.29066 1.55845 123651 0 1.87356 0.158102 0
38.8559 35.3682 1.67754 2.05653 4.70626 1.57831 161347 0 1.60466 0.158069 0
31.7492 18.7318 1.09915 1.96357 4.57219 1.51324 136989 0 -1.47982 0.157712 0
51.3607 37.3446 1.77423 1.8682 4.17051 1.5572 164194 0 -1.47913 0.157604 0
19.9322 46.335 2.12914 2.13915 4.89995 1.67323 177200 0 1.60525 0.157213 0
-34.7001 33.1802 0.750428 1.9849 4.43988 1.54405 157841 0 1.62608 0.156941 0
-3.08144 64.7559 2.3982 2.11137 4.60799 1.74487 204272 0 -1.46089 0.156908 0
