44.2798 -6.89905 1.45231 2.94458 7.78373 3.23603 99588 0 1.62453 0.963576 0
18.4163 11.7296 1.05649 2.1204 4.86878 1.53153 126651 0 1.64267 0.949714 0
-6.83485 11.359 0.990901 1.99778 4.54123 1.49347 126104 0 -1.49666 0.946993 0
10.6691 12.7394 1.19341 2.243 5.19989 1.90184 128031 0 -1.56754 0.931593 0
-1.98498 11.0594 1.15349 2.07299 4.59727 1.787 125651 0 1.62394 0.930988 0
-0.868507 17.0851 1.3616 2.08315 4.76179 1.81632 134547 0 1.60703 0.915502 0
-30.2432 -4.91411 -0.410304 2.03174 4.27087 1.52942 102163 0 -1.60681 0.896539 0
48.5565 5.66344 1.12281 2.07307 4.69189 1.8109 117853 0 -1.45342 0.894521 0
-20.6517 32.731 1.18022 2.37485 5.48264 1.77867 157417 0 -1.20594 0.894201 0
10.6791 15.8346 1.23736 2.20337 5.0873 1.84959 132711 0 -1.53317 0.883182 0
5.04283 17.3866 1.13934 2.0382 4.61474 1.52065 135033 0 0.0988987 0.880767 0
-19.0336 11.4821 0.830329 2.02203 4.58738 1.79937 126066 0 1.69235 0.878174 0
-43.039 5.87441 -0.357145 1.89389 4.2425 1.47918 118035 0 1.85646 0.872527 0
22.1346 6.12643 0.951451 2.13292 5.01511 1.52455 118707 0 0.390594 0.872074 0
30.6174 15.9198 1.20319 1.96002 4.43973 1.70357 132773 0 -1.49945 0.871435 0
-44.6758 -11.1143 -0.785357 2.03805 4.42497 1.7654 93226 0 0.0415486 0.869093 0
-12.0014 16.5176 0.846836 1.99154 4.50468 1.53921 133576 0 -3.04976 0.866333 0
13.2762 41.1212 1.88484 2.12877 4.92832 1.90351 169691 0 -1.50755 0.865102 0
-0.399918 22.9065 1.44404 2.16911 5.11238 1.83623 142972 0 -1.48104 0.863958 0
18.6633 15.4128 1.24592 2.26563 5.02802 1.73046 132268 0 1.61043 0.862188 0
-6.54338 17.4301 1.07269 2.07862 4.86 1.55912 134997 0 -1.54627 0.855991 0
-42.1139 -11.6727 -0.809765 1.98172 4.34835 1.65306 92298 0 0.0428877 0.852317 0
8.88915 1.45648 0.975481 0.957722 1.11707 1.80236 111645 0 3.02676 0.852317 1
48.4045 8.48196 0.981001 2.01495 4.63813 1.60472 122065 0 -1.48342 0.851188 0
9.69465 -5.55975 0.798419 0.822692 0.912906 1.6948 101352 0 -1.21713 0.849236 1
-6.56458 20.2878 1.16323 2.14929 5.14225 1.47792 139209 0 -1.54727 0.848749 0
31.1478 12.2999 1.03135 2.01666 4.83483 1.51057 127627 0 1.61897 0.848278 0
-18.4191 13.9898 0.823547 2.09303 4.77774 1.8268 129812 0 1.76643 0.842055 0
36.2622 9.02402 1.06331 2.02083 4.50586 1.5215 122963 0 1.65918 0.841222 0
31.198 30.9475 1.35759 2.12377 4.90907 1.50952 154771 0 1.58343 0.83866 0
-19.6683 7.96722 0.674075 1.94221 4.51186 1.54092 120916 0 1.60237 0.837894 0
-18.7207 19.7016 0.979202 2.09836 4.6702 1.93231 138235 0 1.7293 0.837555 0
11.7212 22.3071 1.39307 1.92485 4.31944 1.70241 142074 0 -1.52276 0.837141 0
-1.18169 14.1579 1.1048 1.89394 4.25731 1.57041 130334 0 1.70752 0.8371 0
11.3686 19.4227 1.13505 1.96189 4.53355 1.51608 137861 0 -1.61068 0.833917 0
17.3674 22.8225 1.4529 2.09947 4.97881 1.72064 143028 0 1.63518 0.826662 0
0.159798 29.0069 1.39968 1.95319 4.47195 1.4443 151866 0 1.60339 0.826106 0
17.6979 19.9729 1.1955 2.04866 4.79785 1.48255 138817 0 1.64048 0.82494 0
13.8966 38.1614 1.70952 2.10346 4.85838 1.62514 165481 0 -1.53317 0.824656 0
-29.8961 6.6432 -0.0350595 2.10565 4.84773 1.54784 119012 0 -1.3562 0.818912 0
12.9547 32.3911 1.44886 2.08199 4.9022 1.48862 157054 0 -1.52439 0.811247 0
-36.5451 -11.6526 -0.698106 2.36144 5.30238 2.08679 92315 0 0.0254264 0.808445 0
0.205475 31.7708 1.74771 2.21788 5.04494 1.87285 156078 0 1.65287 0.80286 0
-70.5638 -2.35107 -0.711453 0.912701 0.975749 1.81367 105781 0 -2.07255 0.796396 1
35.0677 -6.91261 0.762159 0.897208 0.899641 1.72683 99559 0 -1.32133 0.791884 1
-6.27081 14.4735 1.02292 2.0094 4.57401 1.49504 130786 0 -1.50242 0.789757 0
17.437 25.745 1.5843 2.29883 5.46034 1.7673 147240 0 1.61573 0.789602 0
30.9577 27.5807 1.35676 2.04665 4.73108 1.45308 150090 0 1.59092 0.782228 0
11.4145 26.1245 1.33144 1.89747 4.3994 1.50466 147689 0 -1.52291 0.776525 0
-41.1301 11.7142 -0.174448 1.71089 3.90198 1.45563 126465 0 1.84764 0.758379 0
30.8598 9.36951 1.12267 2.01607 4.55512 1.73208 123414 0 -1.47705 0.757988 0
25.7132 1.23965 0.967407 0.84077 1.00056 1.69971 111230 0 0.210005 0.757806 1
-0.135368 26.1394 1.31828 2.00709 4.63202 1.45177 147653 0 -0.403449 0.753382 0
-18.4721 16.8587 0.665624 1.80855 4.10139 1.50952 134024 0 1.70618 0.751427 0
13.3026 46.9467 1.72548 1.93863 4.39052 1.50021 178115 0 -1.53176 0.737854 0
14.1661 -4.70586 0.900818 0.787986 0.906545 1.81393 102770 0 -1.4622 0.73781 1
-21.5734 29.9706 0.854717 2.10891 4.77495 1.51827 153202 0 -1.2895 0.737113 0
36.3609 15.296 1.19541 1.93818 4.50529 1.49331 131855 0 1.66786 0.731664 0
13.3189 43.9811 1.73973 1.96505 4.35953 1.71738 173903 0 -1.53259 0.72725 0
-44.5793 20.3887 -0.0730328 2.07466 4.68367 1.59566 139090 0 -1.26327 0.725493 0
30.6224 21.6649 1.21497 1.83419 4.2049 1.38659 141197 0 -1.52811 0.722885 0
-49.1225 4.38531 -0.357826 2.1444 4.73859 1.73184 115676 0 -1.38871 0.722445 0
48.8681 11.6063 1.20777 1.94942 4.27673 1.71936 126746 0 -1.50073 0.716378 0
15.2625 55.2436 2.23456 1.958 4.3421 1.67811 190289 0 -1.47833 0.712751 0
14.9012 58.4358 1.99071 1.99392 4.54657 1.52204 194968 0 -1.43551 0.712664 0
-38.914 19.6948 -0.0861536 2.0337 4.77264 1.60145 138172 0 1.84838 0.71031 0
-18.0805 22.8948 0.800653 2.07123 4.70739 1.53534 142917 0 1.6989 0.709109 0
19.0091 37.9079 1.77865 2.09966 4.70461 1.62356 165029 0 1.60142 0.704138 0
12.6232 29.2638 1.42919 1.96227 4.58461 1.45371 152373 0 -1.50555 0.70397 0
36.3356 12.0865 1.22926 2.111 4.78108 1.6558 127175 0 1.55532 0.701773 0
-27.685 14.6698 0.407047 1.97518 4.64076 1.86662 130719 0 1.81819 0.6982 0
-0.135902 26.3354 1.31599 2.00286 4.62474 1.4441 148121 0 1.48637 0.695425 0
-5.29921 40.8422 1.72779 2.01912 4.52543 1.52163 169165 0 -1.55522 0.695063 0
31.829 38.8994 1.84409 1.96499 4.42121 1.53515 166473 0 -1.5056 0.685645 0
30.8682 18.7697 1.13746 1.8638 4.4073 1.42867 136986 0 -1.50356 0.681154 0
-56.2437 27.2809 0.189115 2.07486 4.60667 1.60493 149350 0 -1.19607 0.677465 0
-27.6317 4.87558 0.0868686 0.810521 0.815976 1.54769 116679 0 -1.75301 0.674975 1
-5.88226 26.126 1.54501 2.09486 4.75167 1.71875 147635 0 -1.52121 0.673929 0
1.0632 43.6558 1.61137 1.97293 4.48243 1.48873 173397 0 1.52041 0.672118 0
-69.9708 -3.23692 -0.60956 0.891868 0.947975 1.79149 104379 0 -1.86888 0.670433 1
-63.8662 6.97182 -0.533802 2.11593 4.70625 1.72967 119374 0 -1.26194 0.67018 0
31.5204 35.7726 1.65822 2.02635 4.70386 1.62856 161792 0 1.64276 0.669976 0
-40.1924 14.5148 -0.0461954 1.99983 4.46253 1.57713 130680 0 1.84142 0.668344 0
-61.545 14.545 -0.445763 2.0531 4.59091 1.71108 130613 0 -1.18329 0.66688 0
36.3141 21.0414 1.39409 1.93929 4.50362 1.50384 140279 0 1.6241 0.660073 0
-28.6288 9.16675 0.00209661 2.00456 4.48556 1.48756 122760 0 -1.37543 0.658422 0
14.5547 73.7859 2.28778 1.97113 4.46569 1.54874 217431 0 -1.54032 0.657654 0
0.0889587 26.1541 1.29248 1.84723 4.21632 1.40015 147654 0 -1.06353 0.648291 0
34.7441 -7.51012 0.624938 0.541945 0.595367 1.04977 98622 0 -1.30467 0.638975 1
-5.28745 44.2688 2.04258 2.05581 4.61578 1.70804 174313 0 -1.53733 0.635068 0
14.9262 64.5593 2.0468 1.98656 4.53261 1.52149 203860 0 -1.46282 0.631579 0
53.9506 5.35915 1.15714 1.87538 4.4962 1.59383 117402 0 1.62255 0.629838 0
-19.6593 35.3929 1.12949 2.06918 4.65457 1.52769 161164 0 -1.17772 0.627123 0
50.7067 34.9541 1.72807 2.1248 4.72784 1.57224 160916 0 -1.52322 0.62461 0
18.7087 31.8201 1.42707 2.13085 4.90367 1.55078 156136 0 1.60651 0.622609 0
14.9194 67.6609 2.28233 1.9951 4.31404 1.75303 208540 0 -1.54707 0.62187 0
-62.2387 11.6657 -0.478278 1.91465 4.27252 1.5344 126399 0 1.90811 0.611078 0
-69.2487 5.24654 -0.567515 2.05433 4.57603 1.71376 117017 0 1.97136 0.606057 0
-47.8955 7.11161 -0.411076 1.89731 4.25882 1.57692 119892 0 -1.2869 0.599661 0
-40.1091 17.127 0.0387815 2.02245 4.4022 1.79144 134424 0 1.8601 0.593601 0
2.10766 55.4669 2.28738 2.33035 5.45018 1.97379 190716 0 1.52169 0.591929 0
54.5525 11.0752 1.40518 2.02658 4.6379 1.60171 125828 0 1.61842 0.589105 0
15.1098 -4.38356 0.661902 0.568347 0.628361 0.722142 103241 0 -1.57437 0.588957 1
-46.2536 56.1245 0.728549 2.12149 4.64235 1.56698 191501 0 -1.24919 0.58232 0
59.4063 6.85036 1.23865 2.18065 4.97977 1.91383 119759 0 0.107152 0.57533 0
-47.5398 9.71816 -0.016742 2.23362 5.12498 1.91065 123637 0 -1.30097 0.568702 0
-45.8606 17.8321 -0.0794982 2.054 4.56299 1.64931 135342 0 -1.2197 0.562763 0
4.59074 40.053 1.79286 0.899343 0.811256 1.73992 168260 0 -0.0309709 0.561949 1
-32.7739 39.25 0.831769 1.98392 4.46263 1.49991 166739 0 1.97762 0.560517 0
-32.1368 42.113 1.10569 2.00181 4.60231 1.64952 170953 0 1.96413 0.560082 0
37.2737 30.2017 1.75204 2.47673 5.7828 1.91034 153854 0 -1.49721 0.559024 0
-0.811951 20.0365 1.26801 2.07063 4.85003 1.58537 138759 0 1.66346 0.556667 0
15.2867 -11.169 0.779793 0.834164 0.88139 1.71634 93413 0 -2.40809 0.551753 1
15.0077 -4.40155 0.710249 0.576607 0.640945 0.85026 103240 0 -1.62357 0.545534 1
-6.25083 31.8917 1.64227 2.2351 5.14744 1.61902 156058 0 1.59106 0.541069 0
-47.1963 12.295 -0.36804 1.93416 4.33611 1.55209 127382 0 -1.27108 0.537763 0
2.09322 -3.72412 0.851588 0.820967 1.05928 1.70958 104136 0 -1.56615 0.529496 1
-44.0384 58.3265 1.14006 2.14522 4.53777 1.72733 194784 0 -1.27872 0.528896 0
19.0465 40.7994 1.90206 2.01526 4.73603 1.50521 169241 0 1.59559 0.523986 0
-19.0468 38.2655 0.911403 2.02613 4.56849 1.44865 165378 0 -1.17136 0.523215 0
-44.0338 23.1258 0.200913 2.02177 4.48508 1.68565 143304 0 -1.24141 0.522696 0
-53.9234 47.7843 0.523613 2.02063 4.50424 1.55892 179309 0 -1.08504 0.510737 0
-4.33569 58.9802 2.21719 2.02049 4.58125 1.63908 195844 0 -1.55115 0.510296 0
32.1267 45.0023 1.96345 1.92554 4.37147 1.49596 175366 0 -1.56172 0.509745 0
1.72432 52.6085 1.89479 1.92063 4.36648 1.55015 186503 0 1.57532 0.508208 0
17.7591 28.6597 1.38808 2.00732 4.65226 1.46577 151453 0 1.58838 0.507386 0
-16.3749 -14.5813 0.391735 0.889471 0.975082 1.73749 88166 0 1.43008 0.507285 1
36.9248 26.971 1.35513 2.18278 5.0868 1.52672 149173 0 1.67204 0.500002 0
-46.2759 14.594 -0.22743 1.82287 3.96383 1.525 130661 0 -1.23431 0.466015 0
-42.1064 9.41998 -0.291009 2.03027 4.55833 1.5563 123186 0 1.75248 0.455643 0
19.0288 46.5466 2.0953 1.96446 4.36001 1.53251 177665 0 1.55829 0.454061 0
14.1376 -3.97285 1.00101 0.858345 0.952164 1.91331 103706 0 -1.43892 0.449514 1
-24.4964 22.5052 0.598163 2.02363 4.48097 1.54145 142429 0 -1.4262 0.447848 0
34.368 -8.09844 0.765579 0.703749 1.66195 1.65028 97685 0 -1.25145 0.445342 1
32.794 56.7903 1.80357 1.98561 4.55508 1.53628 192684 0 -1.59435 0.443401 0
-53.6643 47.5387 0.513873 1.71926 3.7013 1.4459 178842 0 -1.14924 0.430668 0
49.4413 20.0452 1.39518 1.97868 4.38232 1.55843 138916 0 -1.54763 0.411486 0
15.2073 70.5553 2.26113 2.03458 4.59372 1.66652 212753 0 -1.54623 0.410077 0
-37.931 22.5025 0.290952 2.01549 4.45112 1.7861 142387 0 1.84587 0.4096 0
-54.1892 47.5555 0.470724 2.0585 4.68276 1.58911 178840 0 -1.31369 0.406273 0
34.0899 -7.93909 0.77044 0.749202 0.938613 1.66014 98152 0 -1.24503 0.405394 1
37.2893 44.6082 1.93443 1.97124 4.53577 1.49229 174914 0 1.59925 0.402157 0
-48.4191 7.16517 -0.428907 2.16971 4.90225 1.70483 119890 0 -1.30732 0.40193 0
-4.32083 49.4803 1.95109 1.99613 4.60948 1.61192 181804 0 -1.55413 0.393436 0
-6.25254 22.9312 1.25361 1.84472 4.36705 1.41735 142954 0 -1.57583 0.39252 0
-70.1143 -3.13535 -0.588708 0.94563 1.00639 1.80399 104846 0 -2.09716 0.392006 1
40.7768 35.6825 1.76835 0.775108 0.751778 1.61434 161821 0 -2.80849 0.391087 1
19.9798 40.8346 1.95076 1.9023 4.1998 1.47849 169244 0 1.56403 0.387963 0
14.1546 -3.76372 0.922961 0.798738 0.887708 1.82308 104174 0 -1.4834 0.386929 1
-27.3539 17.7632 0.545539 2.13328 4.84705 1.87434 135400 0 1.74068 0.380645 0
39.2267 36.3487 1.85648 1.90985 4.23626 1.50889 162752 0 1.55419 0.377187 0
2.66463 55.2854 2.25365 2.02678 4.63145 1.78492 190250 0 1.47942 0.375398 0
33.4511 53.9612 1.78203 1.92064 4.22426 1.51123 188474 0 -1.54645 0.371805 0
-34.7422 33.7179 0.786712 2.00142 4.56939 1.53287 158777 0 1.96246 0.371236 0
14.1413 -3.05441 0.790432 0.785031 0.874288 1.61279 105110 0 -1.51108 0.370821 1
-70.7587 -2.34927 -0.720696 0.890567 0.968003 1.77473 105780 0 -2.09393 0.365591 1
34.1423 -8.05141 0.773263 0.76963 1.42667 1.73032 97684 0 -1.2622 0.363759 1
18.0697 -11.3679 0.832872 2.10628 4.52064 1.74437 92954 0 0.093203 0.362581 0
14.9707 -4.50185 0.725269 0.596759 0.652653 0.912416 102772 0 -1.37708 0.362435 1
35.0457 -7.07899 0.73233 0.851119 0.854658 1.61958 99091 0 -1.17105 0.361258 1
54.5822 15.4684 1.25461 1.96539 4.39961 1.60506 132380 0 1.59679 0.359384 0
54.2506 28.9592 1.61014 2.0473 4.65019 1.62798 152035 0 -1.64581 0.357123 0
59.368 6.33247 1.22149 1.85648 3.96379 1.76978 118823 0 0.0635896 0.356819 0
36.8983 12.222 1.21087 2.05925 4.80446 1.63586 127645 0 1.60776 0.351361 0
-47.4504 12.0662 -0.265677 2.01954 4.51685 1.5957 126913 0 -1.29344 0.349746 0
-6.86956 23.161 1.30642 2.01169 4.63263 1.47331 143420 0 -1.56447 0.345062 0
35.2224 -6.90334 0.763198 0.924061 0.947735 1.72769 99560 0 -1.29939 0.3433 1
-46.8692 56.4094 0.685126 2.33438 5.28189 1.68901 191967 0 -1.21697 0.33863 0
11.4119 -2.93005 0.751301 0.754675 0.859281 1.5564 105101 0 -0.168247 0.334793 1
-39.4779 28.3687 0.573179 0.807503 1.06034 1.78905 150806 0 -3.09108 0.327417 1
-3.68826 64.7781 2.39922 2.05903 4.4571 1.6514 204270 0 -1.45181 0.326329 0
12.9154 29.5206 1.42508 1.9934 4.69527 1.49003 152842 0 -1.5223 0.324171 0
-37.3125 22.2384 0.315114 2.07944 4.64749 1.77712 141921 0 1.82128 0.323686 0
31.546 45.2029 2.04241 2.01943 4.60311 1.52817 175832 0 -1.55369 0.32141 0
-46.8204 14.8497 -0.251616 2.07178 4.54204 1.60506 131127 0 -1.24208 0.318955 0
-31.5681 41.8109 1.0856 1.83317 3.97493 1.5396 170487 0 1.96571 0.318747 0
-27.6854 18.0587 0.544074 2.1264 4.73287 1.88423 135867 0 1.77888 0.318459 0
-44.67 58.6287 1.09756 2.44117 5.56832 1.94476 195250 0 -1.28153 0.317735 0
49.4409 23.2002 0.849059 1.89101 4.32114 1.46955 143596 0 -1.53917 0.316677 0
33.1359 54.1777 1.79894 1.88925 4.11266 1.4688 188941 0 -1.59428 0.316612 0
-5.32784 31.8216 1.63343 2.09291 4.94505 1.64195 156061 0 -1.51369 0.316081 0
15.113 -4.49659 0.641136 0.573715 0.627237 0.747132 102773 0 -1.395 0.315081 1
60.0146 13.6121 1.48846 2.22941 5.10395 1.86884 129589 0 3.03261 0.314838 0
21.2759 55.213 2.19636 1.99957 4.45939 1.60958 190308 0 1.59819 0.31345 0
-0.142952 25.8843 1.32779 2.00717 4.61275 1.47778 147185 0 -1.49472 0.312937 0
-48.5346 4.39562 -0.38763 1.74876 3.59003 1.5533 115678 0 -1.34506 0.312453 0
59.1205 6.588 1.22578 1.98579 4.41667 1.83982 119290 0 0.0086699 0.311554 0
2.33784 -3.70866 0.904872 0.891982 1.97996 1.72264 104137 0 -1.59211 0.308206 2
34.6668 -8.17358 0.692214 0.589018 0.696758 1.19397 97686 0 -1.30835 0.306849 1
32.1411 35.8899 1.73303 2.29409 5.3215 1.68763 162262 0 1.60292 0.306171 0
-62.0013 11.9002 -0.482502 1.92347 4.12836 1.53358 126868 0 1.94836 0.305503 0
39.4945 36.5871 1.89733 1.95002 4.38717 1.51509 163221 0 1.59765 0.299118 0
-69.0093 5.49966 -0.59281 2.01547 4.42753 1.69116 117486 0 2.12041 0.298809 0
-46.5566 15.1375 -0.248411 2.03241 4.39277 1.61246 131596 0 -1.19463 0.298143 0
34.3298 -7.93722 0.777481 0.748564 1.32548 1.6024 98153 0 -1.27257 0.297721 1
-40.9031 11.8974 -0.145171 1.72249 3.72489 1.45022 126934 0 1.8614 0.297376 0
51.021 47.4933 2.06319 2.08535 4.55305 1.65636 179169 0 0.24962 0.297264 0
-62.4834 11.4399 -0.48447 2.01013 4.49379 1.57508 125930 0 1.85541 0.296717 0
-27.4998 4.86651 0.0873805 0.806553 0.818743 1.5801 116680 0 -1.71026 0.294599 1
34.7374 -7.29236 0.689052 0.680035 0.728624 1.40477 99090 0 -1.31533 0.293072 1
14.9131 70.3002 2.27665 1.87829 4.15384 1.54506 212284 0 -1.5248 0.292538 0
-53.9116 47.2632 0.47256 1.80193 4.05368 1.46369 178373 0 -1.39747 0.291447 0
14.9178 70.8163 2.29029 1.96955 4.41387 1.59226 213220 0 -1.56721 0.290663 0
1.47904 52.8803 1.92244 2.04015 4.73257 1.63753 186970 0 1.59103 0.29048 0
15.7468 55.4285 2.30037 2.28677 5.29631 1.9034 190759 0 -1.5286 0.290228 0
31.1224 21.8338 1.19032 2.03389 4.63541 1.4569 141667 0 -1.55162 0.29017 0
34.7416 -7.79623 0.665928 0.627387 0.701371 1.18597 98154 0 -1.26319 0.290142 1
-5.86024 41.0256 1.76995 2.07876 4.61686 1.52542 169631 0 -1.56794 0.289935 0
-44.1046 20.3526 -0.0975103 1.72995 3.68724 1.52262 139092 0 -1.26396 0.289215 0
30.8883 45.0008 1.95139 1.93558 4.45821 1.51151 175362 0 1.56248 0.288878 0
-57.4533 21.6042 0.189282 1.96707 4.47175 1.58993 140922 0 -1.2112 0.288677 0
-68.7297 5.20949 -0.579094 1.72886 3.5792 1.59691 117019 0 2.05505 0.2878 0
55.5363 34.1168 1.66325 2.03231 4.62009 1.62125 159527 0 1.59977 0.285953 0
11.8862 26.3218 1.3546 2.18075 5.22215 1.63283 148159 0 -1.53431 0.285065 0
19.6508 31.8462 1.37057 2.08663 4.69935 1.57285 156139 0 1.67792 0.284685 0
-35.3236 33.8008 0.754593 2.00914 4.56118 1.53983 158775 0 1.97748 0.282793 0
14.1571 -4.30663 0.909702 0.806274 0.927368 1.85793 103238 0 -1.48316 0.28243 1
17.4764 28.3958 1.40666 2.02816 4.63431 1.47895 150984 0 1.59157 0.28166 0
-39.1221 19.4737 -0.112448 1.80031 4.31402 1.54954 137703 0 1.85037 0.281412 0
0.853119 43.1322 1.69179 2.09534 4.8553 1.58886 172460 0 1.41737 0.279967 0
49.1248 22.9064 0.845971 1.90638 4.36781 1.44334 143127 0 -1.56483 0.27984 0
-5.59087 59.0417 2.16178 2.00713 4.61316 1.64638 195840 0 1.61246 0.279447 0
20.9819 55.4821 2.21502 1.95524 4.31261 1.58202 190775 0 1.58788 0.279103 0
-67.6706 11.6788 -0.623265 2.02044 4.54583 1.58857 126382 0 -1.15502 0.277934 0
-45.9765 14.8272 -0.293604 1.88222 4.18959 1.60663 131130 0 -1.19708 0.277607 0
21.2809 67.0547 2.26049 2.06779 4.69357 1.66603 207624 0 1.6867 0.277503 0
-29.2376 9.37596 -0.025133 2.09031 4.76028 1.52127 123226 0 1.29124 0.27643 0
33.0958 56.5582 1.85779 1.89764 4.29063 1.5359 192217 0 -1.7018 0.273881 0
2.08669 54.9841 2.25689 2.25444 5.37799 1.95828 189780 0 1.40427 0.273819 0
18.3754 28.8909 1.39289 2.03722 4.72246 1.50497 151923 0 -1.50628 0.272332 0
-3.96526 64.5305 2.41297 1.97802 4.35069 1.65145 203801 0 -1.38081 0.27182 0
54.286 11.5924 1.32112 1.94615 4.39924 1.55483 126763 0 1.46891 0.269373 0
-5.26982 49.4718 1.98574 2.08746 4.70836 1.66018 181801 0 -1.55703 0.268293 0
-46.5321 52.9425 0.772884 2.07629 4.71355 1.57113 186820 0 -1.24225 0.268232 0
2.01187 52.3768 1.8626 1.85704 4.14044 1.53349 186036 0 1.5559 0.266715 0
18.1476 31.6303 1.43627 2.01535 4.59859 1.55399 155666 0 1.58817 0.266536 0
50.3948 37.8983 1.86962 1.89606 4.26872 1.48002 165127 0 -1.51822 0.265451 0
30.9491 35.9393 1.60808 2.32495 5.55958 1.74409 162258 0 1.64123 0.265106 0
-33.7928 33.1182 0.838981 2.06041 4.67099 1.51676 157844 0 2.01449 0.264613 0
14.2694 73.5768 2.2301 1.75646 4.05612 1.44756 216962 0 -1.53849 0.263274 0
-5.27074 68.2937 2.61281 2.09892 4.88441 1.66143 209413 0 -1.41556 0.260144 0
-70.3709 -2.38564 -0.708978 0.906056 0.972982 1.80371 105782 0 -2.15929 0.259435 1
31.254 39.1005 1.81991 2.0674 4.6867 1.5445 166939 0 -1.52901 0.259014 0
11.4137 -2.84851 0.77589 0.762179 0.888413 1.58103 105569 0 0.435343 0.258878 1
50.7231 37.6354 1.86199 1.84421 4.18655 1.46379 164660 0 -1.532 0.258819 0
1.19714 52.3678 1.96435 2.17154 5.14644 1.76889 186033 0 1.54175 0.258523 0
-25.0676 22.3188 0.579208 2.0707 4.60333 1.55771 141959 0 -1.33945 0.258464 0
-35.0487 30.5035 0.450964 1.90243 4.34498 1.52074 154096 0 1.94707 0.258107 0
9.68414 -5.43098 0.796546 0.864222 0.953565 1.72997 101820 0 -1.20711 0.256061 1
-41.3903 11.463 -0.187037 1.89259 4.29988 1.52761 125996 0 1.83327 0.255764 0
20.9648 58.4104 2.34004 2.01592 4.47618 1.69508 194987 0 1.54954 0.254853 0
31.8722 44.7189 1.89799 1.86345 4.22615 1.47516 174897 0 -1.54747 0.252018 0
15.4341 67.4479 2.17427 2.22252 5.1589 1.88203 208074 0 -1.47925 0.251911 0
49.1355 23.4746 0.840625 1.90717 4.33092 1.44803 144063 0 -1.56417 0.251474 0
-3.7256 49.7052 1.99398 2.09235 4.79174 1.68702 182274 0 -1.56235 0.251334 0
31.5687 38.6712 1.81034 1.79025 4.02618 1.51232 166004 0 -1.49971 0.251259 0
-0.493111 19.1218 1.37094 0.801866 0.906577 1.64476 137356 0 1.92434 0.250782 1
53.6007 28.7347 1.5493 1.96784 4.46683 1.55768 151565 0 1.5116 0.249033 0
50.0703 22.8991 0.887547 1.90873 4.33861 1.49528 143130 0 -1.52844 0.249032 0
60.0176 45.9792 1.71246 0.824205 0.907088 1.78128 176857 0 -2.34423 0.248307 1
14.5103 -4.65895 0.859757 0.73982 0.840822 1.58479 102771 0 -1.51912 0.248086 1
-26.7687 17.469 0.541708 2.11152 4.87066 1.82111 134934 0 1.69898 0.247401 0
-5.53909 40.5862 1.72558 1.95687 4.36024 1.49894 168696 0 -1.53379 0.246957 0
-67.3892 11.9949 -0.646799 1.94448 4.33764 1.54985 126851 0 -1.1493 0.246911 0
-46.9396 12.5513 -0.377552 1.85766 4.10544 1.50871 127851 0 -1.25328 0.244819 0
1.84206 -3.70734 0.868853 0.848693 1.88102 1.70855 104135 0 -1.54527 0.244774 2
-5.87329 44.0931 1.9849 2.14502 4.92792 1.76422 173843 0 -1.53862 0.244475 0
-39.4671 28.5473 0.586373 0.888273 1.17537 1.80812 151274 0 -2.27268 0.243828 1
-53.6411 48.0907 0.538437 2.0465 4.47643 1.57666 179778 0 -0.728229 0.243634 0
-46.5256 14.3458 -0.223782 1.93417 4.22241 1.536 130192 0 -1.27214 0.243553 0
-46.644 12.2642 -0.388915 1.65493 3.6451 1.46994 127384 0 -1.26742 0.243203 0
37.8829 44.4042 1.9276 1.91764 4.41276 1.50566 174448 0 1.60966 0.243012 0
13.9993 -4.31152 0.907224 0.812711 0.872496 1.84525 103237 0 -1.43012 0.242222 1
-67.6633 2.49453 -0.373031 0.855229 0.910436 1.8216 112810 0 -1.19218 0.240457 1
15.4172 64.7259 2.09217 2.29175 5.34513 1.74486 204330 0 -1.48995 0.240223 0
32.5424 56.5547 1.83188 1.9647 4.54741 1.52088 192215 0 -2.95251 0.240094 0
34.0201 54.1853 1.81236 2.12371 4.77947 1.69305 188944 0 -1.62519 0.239826 0
54.0304 11.3473 1.28323 1.68333 3.70653 1.45865 126294 0 1.54206 0.239359 0
-70.7737 -2.17718 -0.736612 0.889935 0.958202 1.75461 106248 0 -2.10669 0.239342 1
-4.62875 64.8083 2.42758 2.13723 4.8482 1.7689 204267 0 -1.51777 0.238593 0
33.4163 57.0296 1.82743 2.04137 4.53409 1.59532 193154 0 -1.60388 0.237789 0
52.0083 37.603 1.92392 1.94822 4.38198 1.57633 164664 0 -1.56484 0.237538 0
31.1681 18.5058 1.1342 1.80741 4.16157 1.44205 136519 0 -1.49556 0.237066 0
55.1622 15.2625 1.23111 2.02728 4.65978 1.69971 131914 0 1.56083 0.236733 0
-41.0861 29.9113 0.79276 2.14477 4.85621 1.75071 153141 0 2.03945 0.235835 0
68.0091 10.4 1.55427 2.06321 4.67543 1.65849 124934 0 0.162813 0.235392 0
-6.88618 26.1629 1.5506 2.14814 4.94286 1.72972 147632 0 1.58687 0.234926 0
-4.00408 65.0452 2.42699 2.12157 4.60169 1.69872 204737 0 -1.49315 0.234893 0
-57.1542 21.8956 0.173385 1.97355 4.4188 1.58311 141391 0 -1.21867 0.23489 0
14.143 -3.32099 0.841056 0.795852 0.893022 1.68152 104642 0 -1.55193 0.234712 1
-35.0094 30.3244 0.490748 1.91357 4.36952 1.51704 153628 0 1.62999 0.234137 0
-25.4217 22.5176 0.587222 2.08391 4.68195 1.5358 142426 0 1.53867 0.233653 0
51.0087 46.9274 2.03487 2.04141 4.38807 1.59051 178233 0 0.413577 0.232908 0
1.33414 43.4253 1.60654 1.77634 3.95076 1.45601 172930 0 1.49347 0.23201 0
-42.6795 9.20367 -0.301504 2.02089 4.45434 1.58886 122716 0 1.70204 0.231045 0
34.9096 -7.54158 0.578297 0.616167 0.650063 1.07176 98623 0 -1.18221 0.230962 1
30.6101 21.3886 1.2168 1.66729 3.86334 1.35289 140729 0 -1.48923 0.230956 0
19.3579 46.7863 2.13516 2.04992 4.57817 1.58571 178134 0 1.61534 0.229791 0
-34.4375 30.2452 0.506646 1.94002 4.39778 1.49094 153630 0 -1.39 0.22922 0
-0.512253 19.3201 1.33607 1.0074 1.44293 1.6213 137824 0 1.70749 0.229109 1
48.8171 20.2626 1.39335 1.99909 4.455 1.56394 139382 0 -1.62272 0.228765 0
60.2298 13.9351 1.46112 2.46355 5.82722 1.98677 130058 0 0.127585 0.22739 0
-24.4786 22.0096 0.575204 2.05031 4.55484 1.60087 141493 0 -1.31134 0.22643 0
12.0781 29.0348 1.40871 1.7651 3.98666 1.4554 151903 0 -1.46329 0.224662 0
38.2144 44.6178 2.03292 1.97628 4.44757 1.53023 174917 0 1.59385 0.223596 0
1.1776 55.4951 2.44202 2.5395 6.3257 2.16241 190713 0 -1.57836 0.22352 0
-3.37833 55.8392 2.0739 2.01279 4.50585 1.55931 191167 0 -1.55899 0.223462 0
30.3358 18.9276 1.12249 1.87129 4.37934 1.44032 137452 0 -1.53888 0.223415 0
20.9933 54.9247 2.18265 1.93587 4.31917 1.57711 189839 0 1.617 0.222769 0
-4.34484 58.4901 2.15685 1.89229 4.25059 1.60338 194908 0 -1.5117 0.222589 0
14.6367 58.1899 1.93462 1.81033 4.10375 1.44424 194499 0 -1.40667 0.221793 0
-61.6947 11.6249 -0.485495 1.67158 3.50607 1.45551 126401 0 1.98332 0.22115 0
-33.3638 39.5182 0.869879 2.16372 4.95175 1.62717 167205 0 1.94648 0.220813 0
0.702789 31.618 1.74577 1.88307 3.997 1.77738 155612 0 1.6485 0.220637 0
-45.3621 17.9888 -0.09804 2.03096 4.50928 1.66911 135812 0 -1.23004 0.220279 0
-5.27853 28.9833 1.24748 2.0101 4.66153 1.53369 151849 0 -1.48949 0.219499 0
1.07043 69.9098 3.30491 2.27019 5.10528 1.97076 211773 0 3.09036 0.219021 0
53.9392 8.19982 0.985807 1.79918 4.19674 1.48032 121614 0 1.65714 0.218942 0
-27.1234 14.7555 0.411945 2.39793 5.94386 2.00738 131189 0 1.81371 0.21859 0
-57.1101 22.5651 0.194616 2.04613 4.63114 1.60925 142327 0 -1.15492 0.218103 0
36.9713 44.8602 2.01189 1.96817 4.36201 1.49022 175381 0 1.61211 0.216974 0
-4.631 49.1995 1.95033 1.9939 4.56827 1.57987 181335 0 -1.51685 0.216647 0
36.3984 26.8343 1.32268 2.11541 4.95891 1.57725 148703 0 1.65493 0.216629 0
-7.4864 22.9578 1.36474 2.00101 4.64671 1.52036 142950 0 -1.61322 0.216435 0
1.45975 52.0812 1.8936 2.06785 4.69333 1.66714 185566 0 1.52652 0.216403 0
48.5071 23.2058 0.969658 1.84295 4.18597 1.44482 143593 0 -1.59621 0.216104 0
-26.7656 18.0327 0.558752 2.12625 4.94614 1.83313 135870 0 1.72037 0.215955 0
32.2353 56.787 1.82981 1.96575 4.52313 1.51831 192682 0 1.69045 0.21576 0
-4.90228 58.7882 2.21642 1.83845 4.2126 1.58719 195374 0 -1.53297 0.21571 0
50.3804 23.1895 0.945558 1.93158 4.29387 1.48604 143599 0 -1.56846 0.215544 0
34.7121 -8.39076 0.579988 0.543231 0.580545 1.10941 97218 0 -1.29823 0.215511 1
25.5866 1.32591 0.956398 0.871755 1.02069 1.71958 111697 0 0.178078 0.214855 1
50.0558 23.4804 0.949106 1.91851 4.30217 1.49292 144066 0 -1.58472 0.213797 0
55.1671 29.0025 1.65239 2.0345 4.58779 1.71621 152038 0 -1.65538 0.213785 0
-34.3746 33.1891 0.740056 2.00338 4.56193 1.52806 157842 0 1.98997 0.213127 0
0.685936 28.9775 1.41162 1.62983 3.56489 1.38118 151868 0 1.62497 0.212513 0
0.419067 28.7788 1.41612 1.73558 3.9379 1.40029 151399 0 1.56419 0.212408 0
34.5294 -7.52127 0.681971 0.667213 0.766477 1.34873 98621 0 -1.34192 0.212265 1
20.9639 67.3229 2.2902 2.00017 4.48338 1.65666 208091 0 1.75435 0.211822 0
2.10923 -3.87491 0.855134 0.882424 1.61663 1.71072 103668 0 -1.56391 0.211166 1
59.6246 7.42503 1.2287 2.41209 5.87423 2.04659 120696 0 3.13343 0.211133 0
-23.9226 22.5485 0.558452 2.01317 4.52486 1.58259 142431 0 -1.4056 0.210989 0
37.5715 26.8055 1.34087 2.05044 4.69636 1.48663 148707 0 1.7795 0.210688 0
36.9078 21.176 1.43415 2.09223 4.89726 1.56659 140749 0 1.62295 0.209406 0
0.594269 43.4205 1.73223 2.19811 5.27914 1.66433 172927 0 1.49071 0.208727 0
32.4967 53.9907 1.67108 1.90326 4.37909 1.44921 188471 0 -1.49761 0.208268 0
19.653 40.5819 1.96291 1.93581 4.32555 1.48788 168775 0 1.5939 0.208128 0
-27.6527 17.5197 0.522764 2.1552 4.7834 1.86666 134931 0 1.73787 0.206379 0
32.5456 55.5434 1.87898 1.98048 4.23947 1.53866 190811 0 -3.06219 0.206301 0
51.0414 47.7803 2.0683 2.16164 4.87652 1.72479 179637 0 3.07733 0.206095 0
-35.9927 34.0912 0.789813 1.99174 4.40505 1.55372 159241 0 2.01188 0.205583 0
-45.3155 17.5168 -0.128719 2.11095 4.73665 1.70256 134876 0 -1.21043 0.20446 0
11.6006 19.1377 1.14966 2.09773 5.01648 1.59782 137394 0 -1.5517 0.204368 0
33.7586 53.6922 1.82425 1.97036 4.41043 1.56486 188007 0 -1.48655 0.203696 0
-6.23616 31.6422 1.66517 2.16479 4.96158 1.61992 155590 0 1.29501 0.203345 0
15.4384 67.8971 2.2814 2.34236 5.36994 1.94207 209010 0 -1.57135 0.203329 0
-67.9447 11.3887 -0.599623 2.13546 4.82112 1.64563 125913 0 -1.15449 0.202778 0
49.4635 37.9232 1.89396 1.94139 4.34833 1.55983 165124 0 -1.52657 0.202029 0
51.3353 46.906 2.02754 2.02073 4.40862 1.57793 178234 0 0.659749 0.201978 0
14.0454 -4.84104 0.88134 0.817733 0.913853 1.79395 102301 0 -1.40698 0.200691 1
-34.746 30.4824 0.492194 1.90279 4.38394 1.48676 154097 0 -2.22153 0.200162 0
53.9423 29.1946 1.634 2.04208 4.64856 1.58984 152502 0 -1.93553 0.19991 0
-15.8544 71.2056 2.28143 2.03482 4.64263 1.78432 213592 0 1.57126 0.199811 0
-49.4015 4.12026 -0.339442 2.34714 5.23712 1.82115 115207 0 -1.43175 0.199725 0
-41.6498 11.9314 -0.196417 2.11005 4.98921 1.64856 126931 0 1.87473 0.199695 0
-41.4308 34.1015 1.0719 2.01254 4.47824 1.58949 159224 0 -1.01051 0.19904 0
36.3922 30.2415 1.73999 2.19644 5.04148 1.81527 153851 0 -1.49881 0.198658 0
21.5926 66.7781 2.24931 2.01753 4.6225 1.63887 207157 0 1.6404 0.198162 0
49.4445 22.6126 0.892895 1.93039 4.37296 1.47608 142660 0 -1.53902 0.197919 0
33.7388 54.48 1.79845 2.01907 4.48171 1.61376 189411 0 -1.70723 0.197868 0
-47.2473 6.87832 -0.362274 1.85164 4.08964 1.57943 119426 0 -1.28006 0.197633 0
15.4057 -4.35081 0.692899 0.598591 0.672617 0.837495 103242 0 -1.46537 0.197194 1
-29.1903 2.99252 0.0966213 0.844882 0.974568 1.69785 113866 0 0.738751 0.197138 1
51.6897 37.8736 1.95087 1.93701 4.25815 1.54576 165131 0 -1.565 0.196859 0
13.1917 -9.55164 0.519005 0.732732 0.774574 1.37649 95747 0 1.0262 0.196384 1
60.2125 13.6423 1.48737 2.35381 5.38204 1.91423 129590 0 0.984066 0.196154 0
-11.9939 15.962 0.90256 1.6856 3.3862 1.4596 132640 0 -0.0171572 0.196084 0
-45.964 15.1613 -0.299653 1.92946 4.21752 1.64458 131598 0 -1.16515 0.19595 0
55.2537 34.3685 1.6408 1.9539 4.39838 1.58846 159994 0 1.54978 0.195561 0
34.8562 -6.92285 0.721197 0.86264 0.899756 1.72265 99558 0 -1.32708 0.195146 1
32.1515 43.7194 1.83449 1.86475 4.17788 1.47804 173494 0 -1.52994 0.194636 0
1.35114 43.9208 1.63026 1.86521 4.11751 1.46471 173866 0 1.61062 0.194616 0
50.0058 20.0348 1.41542 2.23746 5.161 1.74072 138918 0 -1.52988 0.194504 0
-42.6806 9.66968 -0.281027 1.99809 4.4544 1.58662 123652 0 1.83578 0.194219 0
68.2695 10.0927 1.59772 2.08227 4.67086 1.68877 124467 0 0.0938385 0.194133 0
-6.55276 22.627 1.23601 1.76529 3.96048 1.37269 142485 0 -1.60949 0.192917 0
40.6085 35.6931 1.73106 0.81315 0.774931 1.64297 161820 0 -3.10512 0.192801 1
-3.68567 55.5578 2.11331 2.02026 4.50623 1.57819 190698 0 -1.60447 0.192395 0
-18.6764 23.1357 0.830878 2.11904 4.77848 1.61247 143383 0 1.73409 0.192373 0
-19.2827 38.0095 0.942753 1.98817 4.449 1.42314 164909 0 -1.15627 0.191842 0
-36.6606 21.9902 0.329904 2.00044 4.60405 1.76345 141455 0 1.84801 0.191778 0
13.2959 47.4131 1.76959 2.01176 4.54391 1.53666 179051 0 -1.59297 0.191676 0
13.1972 -9.66759 0.545296 0.73172 0.786832 1.37939 95279 0 0.580495 0.191443 1
-6.57312 29.2725 1.37272 2.06405 4.66091 1.59937 152313 0 -1.50517 0.1911 0
-46.5558 52.3566 0.743507 1.90977 4.32181 1.50576 185884 0 -1.21555 0.191079 0
35.0674 -6.67704 0.658451 0.864799 0.890778 1.72903 100027 0 -1.35178 0.190943 1
-39.5646 16.8923 0.135257 1.85298 3.94196 1.73648 133958 0 1.81492 0.19078 0
-57.7161 21.3519 0.193852 2.04129 4.60941 1.62818 140453 0 -1.20514 0.190089 0
49.1489 19.7686 1.38981 1.93538 4.26379 1.53255 138447 0 -1.51738 0.189952 0
21.2661 58.6754 2.42691 2.08754 4.54683 1.76842 195456 0 1.5353 0.189811 0
-27.3829 18.3284 0.581612 2.11105 4.71049 1.86637 136336 0 1.74357 0.189769 0
14.9379 65.01 2.05822 2.08709 4.63442 1.62065 204796 0 -1.54037 0.189525 0
0.377991 26.1582 1.24448 1.73057 3.8643 1.36956 147655 0 -1.50279 0.189238 0
18.4432 46.3384 1.96608 1.93422 4.38657 1.55645 177195 0 1.55299 0.189109 0
55.178 23.2069 1.50662 2.00198 4.48623 1.63795 143614 0 1.54431 0.188753 0
16.7468 -3.23835 0.772161 0.75111 0.825607 1.44622 104650 0 0.0381918 0.18815 1
-70.5136 -2.60278 -0.682488 0.947046 1.00515 1.79523 105313 0 -2.13887 0.187416 1
-5.90282 49.7121 1.96659 2.14809 4.92754 1.78771 182267 0 1.62369 0.187181 0
-38.4721 22.3105 0.215812 2.09145 4.73248 1.78478 141917 0 1.80871 0.186857 0
22.2105 67.0112 2.29695 2.04629 4.64815 1.65551 207627 0 1.67705 0.186856 0
-41.1423 34.3869 1.03828 2.03233 4.48898 1.58311 159693 0 -0.729867 0.186825 0
54.5782 14.9324 1.26557 2.0261 4.64406 1.69534 131444 0 1.53646 0.18612 0
-4.9763 44.5266 2.02511 2.10637 4.5257 1.70268 174782 0 -1.54556 0.18571 0
13.0394 46.6746 1.69795 1.75455 3.8704 1.42631 177646 0 -1.47569 0.18555 0
-4.61658 59.2485 2.25348 2.07078 4.73174 1.65685 196311 0 -1.53941 0.185256 0
59.9175 12.3131 1.46553 2.13536 4.66388 1.75998 127717 0 0.112379 0.18505 0
-29.5376 9.43736 -0.0284564 2.06341 4.69952 1.53905 123225 0 1.67948 0.184831 0
59.9609 13.0044 1.5228 2.05908 4.35618 1.75313 128653 0 -2.59801 0.184731 0
49.7736 37.6623 1.86315 1.82573 4.1256 1.47735 164657 0 -1.5673 0.184315 0
-34.1372 33.6775 0.858215 2.08872 4.74468 1.55111 158779 0 1.97221 0.184211 0
14.5943 -4.37569 0.831994 0.690067 0.837333 1.51476 103239 0 -1.53686 0.184163 1
-29.0474 3.02982 0.119201 0.836272 0.978249 1.68014 113867 0 -1.61994 0.184008 1
30.6318 38.9333 1.71976 1.92929 4.4368 1.54442 166469 0 1.58939 0.183988 0
68.2981 11.0125 1.41583 1.98059 4.40534 1.58704 125871 0 0.255216 0.183586 0
13.8077 47.1335 1.75483 2.23626 5.33482 1.7598 178585 0 -1.57238 0.1829 0
44.652 -31.5404 -0.149927 1.93207 4.24677 1.58229 63553 0 -3.11148 0.182562 0
-40.8957 11.4649 -0.161126 1.5736 3.38602 1.4043 125998 0 1.82936 0.182313 0
-26.0735 22.5701 0.602917 2.06149 4.51375 1.53229 142424 0 1.7179 0.182262 0
-39.2985 28.3683 0.528055 0.972383 1.53704 1.83005 150807 0 2.28401 0.18211 1
36.8597 15.4249 1.16585 2.25025 5.66905 1.66973 132325 0 1.62583 0.181672 0
8.85523 1.25967 0.963709 0.970155 1.13355 1.76504 111177 0 3.05352 0.180692 1
-7.16 32.0905 1.6931 2.14955 4.93007 1.66808 156523 0 1.62558 0.180436 0
22.5396 66.7436 2.30831 2.07901 4.70006 1.67416 207160 0 1.61861 0.180342 0
34.4737 -8.39703 0.700215 0.64577 1.03338 1.44069 97217 0 -1.28554 0.180329 1
51.6809 46.5736 1.95359 1.99725 4.49063 1.55214 177767 0 -0.773587 0.180319 0
-45.9728 52.9263 0.758432 1.8533 4.06151 1.45583 186822 0 -1.20212 0.180233 0
54.3103 10.8382 1.36566 1.79337 4.01622 1.52257 125359 0 1.65672 0.179991 0
-4.66137 68.0699 2.51726 1.85463 4.22564 1.59972 208947 0 -1.45514 0.179892 0
2.36801 -3.46392 0.912503 0.858477 2.16758 1.70313 104605 0 -1.44412 0.179804 2
51.6868 37.3381 1.90194 1.91741 4.25969 1.5787 164195 0 -1.51554 0.179539 0
34.9408 -7.82146 0.504524 0.538948 0.530924 0.837979 98155 0 -1.22523 0.178549 1
39.475 36.0861 1.83639 1.92661 4.296 1.54019 162285 0 1.56811 0.177852 0
-19.9188 35.1438 1.15626 2.00781 4.4167 1.49851 160695 0 -1.18583 0.177428 0
49.7429 20.5719 1.43772 2.10572 4.69367 1.6512 139853 0 -1.61843 0.177395 0
54.8597 28.7374 1.64212 2.06016 4.67258 1.71138 151569 0 -1.62332 0.177307 0
40.778 35.8802 1.76687 0.84235 0.887938 1.63159 162289 0 -2.94769 0.177047 1
32.7751 56.1824 1.88145 2.01725 4.62814 1.54264 191748 0 -2.55743 0.176603 0
-32.7095 42.389 1.10907 2.33823 5.67812 1.8667 171419 0 1.94012 0.175773 0
0.172592 37.9138 1.72925 2.08457 4.64678 1.57384 164970 0 1.65255 0.17494 0
1.08413 70.5371 3.36646 2.6385 6.53002 2.3155 212709 0 -3.1308 0.174736 0
13.3902 38.0379 1.72942 1.78849 3.85876 1.55939 165011 0 -1.52989 0.174477 0
50.3938 22.5906 0.967376 1.94071 4.30922 1.49216 142663 0 -1.48712 0.174411 0
15.7868 70.8165 2.34797 2.32979 5.39437 1.92357 213223 0 -1.57261 0.174393 0
-41.3756 29.5889 0.719485 2.16663 4.91709 1.80867 152672 0 1.8712 0.174363 0
-27.8908 4.94695 0.0838943 0.848798 1.29731 1.57314 116678 0 -1.79547 0.174233 1
-58.0374 21.8933 0.183634 2.14658 4.97154 1.72804 141388 0 -1.1682 0.174227 0
-3.68443 56.1047 2.07325 2.00128 4.48973 1.58978 191634 0 -1.51864 0.173378 0
21.5934 54.5976 2.17857 1.99997 4.41157 1.66183 189373 0 1.64077 0.173197 0
68.6355 11.3612 1.32856 1.98015 4.38965 1.55641 126340 0 0.371545 0.172943 0
-56.8324 22.8413 0.236911 2.06678 4.5879 1.60753 142796 0 -1.0967 0.172867 0
-1.09081 19.772 1.22752 2.05789 4.83842 1.56626 138290 0 1.66452 0.172504 0
20.6577 58.1427 2.31861 1.97614 4.39813 1.64453 194518 0 1.56218 0.17203 0
-40.8177 30.1887 0.811376 2.16109 4.86954 1.73388 153610 0 2.13576 0.171886 0
-18.4643 38.1809 0.94423 2.12182 4.8513 1.60339 165380 0 -1.19348 0.171508 0
34.9696 -8.18204 0.520676 0.524003 0.519686 0.892155 97687 0 -1.34609 0.171152 1
20.5738 41.0557 1.98257 2.0946 4.7344 1.60705 169714 0 1.52652 0.170847 0
-57.7425 22.2072 0.17686 2.0887 4.78162 1.68 141857 0 -1.16387 0.170831 0
-28.7018 4.05325 -0.016915 0.788346 0.83882 1.45212 115272 0 0.991538 0.169991 1
59.7948 13.3078 1.47957 2.04518 4.55189 1.7654 129120 0 -3.07869 0.168412 0
18.1444 32.057 1.43429 2.08279 4.67099 1.58756 156602 0 1.63041 0.168091 0
-3.69404 64.2123 2.44355 1.96651 4.35248 1.61829 203334 0 -1.11614 0.167629 0
54.8693 22.8884 1.43179 2.02176 4.48506 1.63252 143145 0 1.5276 0.167443 0
37.8865 44.8611 2.0476 2.08562 4.62202 1.56067 175384 0 1.57319 0.167354 0
-35.6381 30.5851 0.492364 1.93607 4.31548 1.50406 154094 0 1.85246 0.167248 0
-49.1237 4.84082 -0.387695 2.19033 4.92175 1.74986 116612 0 -1.27299 0.166978 0
21.2786 55.7914 2.28414 1.94746 4.27434 1.59145 191244 0 1.53838 0.166883 0
-14.5633 71.1746 2.29858 2.10933 4.77235 1.81816 213596 0 -1.57696 0.166734 0
17.8181 -11.1143 0.751556 1.99743 4.24316 1.70015 93421 0 0.0958336 0.166689 0
2.66438 55.7286 2.23385 2.23644 4.92349 1.88621 191186 0 1.56283 0.166684 0
-16.2542 -14.7646 0.286413 0.892206 0.949663 1.6879 87699 0 0.906191 0.166677 1
-26.6712 22.8586 0.618072 2.13593 4.71945 1.55749 142890 0 1.80751 0.16649 0
15.775 70.3014 2.28213 2.25108 5.19718 1.87174 212287 0 -1.51096 0.166409 0
14.2839 70.5678 2.2883 1.94764 4.35174 1.61175 212750 0 -1.52015 0.166374 0
54.4758 5.5093 1.11192 2.12193 5.39463 1.81225 117872 0 1.63177 0.165705 0
-67.0958 12.3063 -0.633934 1.9073 4.1953 1.53678 127320 0 -1.13535 0.165575 0
17.7695 29.2064 1.35862 1.97877 4.56549 1.52842 152389 0 1.64708 0.165466 0
60.0126 46.1277 1.71993 0.871747 1.03982 1.78592 177325 0 -2.44577 0.165419 1
53.9288 5.07664 1.16952 1.76774 4.27931 1.63164 116934 0 1.66933 0.164346 0
-64.1089 6.67008 -0.512588 2.30595 5.1312 1.80099 118905 0 -1.31439 0.16413 0
-39.2838 28.5862 0.558135 1.11286 1.64046 1.83312 151275 0 -0.316583 0.164089 1
50.085 38.1609 1.88035 1.94549 4.34883 1.51631 165594 0 -1.46201 0.164054 0
15.2058 70.0098 2.25493 1.98661 4.44292 1.61795 211817 0 -1.48498 0.163978 0
20.9611 52.3285 2.36753 2.21271 5.11809 1.88844 186095 0 1.5686 0.163807 0
53.648 29.1842 1.61855 2.01882 4.61442 1.56778 152501 0 1.78233 0.163709 0
36.6114 14.997 1.16179 2.08319 5.03217 1.56495 131388 0 1.63212 0.163248 0
-28.6111 11.737 0.0284493 2.04105 4.49858 1.56181 126504 0 -1.36904 0.162628 0
-20.0154 35.8951 1.1649 2.11157 4.7278 1.54864 162099 0 -1.1577 0.162 0
13.8124 43.7811 1.71714 2.20326 5.08578 1.85096 173437 0 -1.51735 0.161939 0
33.1458 54.4829 1.81966 1.84883 3.93443 1.46593 189409 0 -1.74366 0.161663 0
40.804 35.4908 1.74697 0.786653 0.756136 1.63916 161353 0 -2.82103 0.161301 1
