44.2729 -6.89375 1.47207 2.97291 7.78297 3.20497 99588 0 1.63278 0.949671 0
18.3796 11.7374 1.04338 2.11739 4.82438 1.51936 126651 0 1.63903 0.94732 0
-6.82568 11.3301 0.981409 2.00033 4.54933 1.4649 126104 0 -1.49016 0.945736 0
10.6714 12.7452 1.18171 2.26058 5.24197 1.88749 128031 0 -1.57278 0.930492 0
-0.871796 17.0734 1.34217 2.09843 4.82077 1.83217 134547 0 1.6153 0.909937 0
-1.8765 11.0458 1.19293 2.04529 4.43917 1.82826 125652 0 1.6049 0.909912 0
21.8404 5.72139 0.952446 2.12479 4.92643 1.53325 117770 0 0.459343 0.908375 0
-20.6465 32.7211 1.19407 2.34448 5.447 1.7117 157417 0 -1.18624 0.900936 0
4.88406 16.4992 1.13948 2.06751 4.55696 1.56501 133629 0 0.149733 0.89296 0
30.6 15.9237 1.25835 1.97823 4.43385 1.69346 132773 0 -1.4844 0.886532 0
10.6827 15.8279 1.23311 2.22657 5.13358 1.85914 132711 0 -1.52936 0.875731 0
-44.6566 -11.1162 -0.78668 2.04493 4.42702 1.7849 93226 0 0.0207352 0.873609 0
-19.0546 11.4875 0.818766 2.00031 4.62168 1.79148 126066 0 1.68408 0.866824 0
-18.728 19.7366 0.978706 2.11827 4.66857 1.94006 138235 0 1.72702 0.865556 0
-42.0934 -11.6727 -0.782042 2.00011 4.37573 1.63805 92298 0 0.0435496 0.863677 0
48.394 8.51955 1.00629 2.03938 4.68122 1.63549 122065 0 -1.48866 0.863654 0
13.277 41.1299 1.8971 2.11522 4.87866 1.9027 169691 0 -1.51114 0.8631 0
17.3499 22.8316 1.45875 2.09145 4.87778 1.71553 143028 0 1.62562 0.854489 0
-6.54797 17.4759 1.08103 2.08329 4.89947 1.53929 134997 0 -1.53242 0.853236 0
-18.4152 14.0026 0.837824 2.07594 4.67625 1.83878 129812 0 1.75378 0.852533 0
-42.9914 5.87037 -0.340753 1.88937 4.21358 1.49083 118035 0 1.86075 0.848868 0
18.618 15.4249 1.23483 2.27841 4.97774 1.71284 132268 0 1.61454 0.847906 0
31.144 12.3137 1.04964 1.96209 4.7565 1.5022 127627 0 1.61748 0.842957 0
31.2151 30.9408 1.38138 2.13137 4.93194 1.51301 154771 0 1.58786 0.841581 0
48.5664 5.71027 1.16057 2.08413 4.69918 1.85035 117853 0 -1.47273 0.837031 0
30.8621 9.37106 1.14805 2.02079 4.54254 1.71795 123414 0 -1.47947 0.835853 0
-36.4301 -11.4236 -0.62802 2.19169 4.86124 1.98097 92784 0 0.0384234 0.83259 0
11.6994 22.3332 1.3906 1.91878 4.36279 1.73418 142074 0 -1.55587 0.829733 0
-19.6456 7.97032 0.697207 1.92074 4.46928 1.54922 120916 0 1.61699 0.829714 0
0.147339 28.9761 1.37439 1.97158 4.47711 1.45631 151866 0 1.59537 0.82418 0
-11.9945 17.7256 0.845472 2.00867 4.60753 1.5257 135448 0 -3.0419 0.82411 0
17.4775 20.0072 1.18409 2.05288 4.81754 1.5229 138816 0 1.60986 0.823242 0
11.3617 19.43 1.16024 1.96697 4.53193 1.53741 137861 0 -1.61498 0.819781 0
-0.422585 22.9212 1.43236 2.16985 5.16391 1.82769 142972 0 -1.48992 0.819289 0
-6.55363 20.2958 1.17038 2.13712 5.1842 1.46872 139209 0 -1.53951 0.817896 0
13.8898 38.1783 1.71324 2.12178 4.84047 1.70071 165481 0 -1.50914 0.817305 0
-29.5556 -4.85558 -0.390899 2.03144 4.40185 1.52655 102165 0 -1.61024 0.817185 0
-1.18971 14.1475 1.10722 1.89209 4.2798 1.56678 130334 0 1.71192 0.809414 0
30.908 27.5707 1.34705 2.08271 4.82867 1.46569 150090 0 1.63414 0.808067 0
11.4183 26.1294 1.30438 1.89008 4.38647 1.49796 147689 0 -1.53501 0.806484 0
35.3176 -6.95909 0.775386 0.903646 0.935627 1.71052 99560 0 -1.32436 0.805371 1
59.6291 6.85867 1.1423 2.34425 5.62888 2.01739 119760 0 -3.09065 0.793292 0
14.1906 -4.68391 0.877185 0.82347 0.965903 1.78001 102770 0 -1.4848 0.793126 1
-29.881 6.65607 -0.0965299 2.09371 4.80806 1.53886 119012 0 -1.33823 0.793077 0
8.87785 1.75999 0.96177 0.948501 1.10469 1.76317 112113 0 3.07698 0.792315 1
17.419 25.7348 1.57244 2.23138 5.30148 1.70044 147240 0 1.63222 0.790386 0
15.2366 55.2121 2.13997 1.9995 4.4405 1.67525 190289 0 -1.46659 0.786111 0
-0.153648 26.1453 1.33501 1.99375 4.60396 1.45171 147653 0 1.55643 0.781391 0
-49.1306 4.57893 -0.337227 2.15979 4.79015 1.69348 116144 0 -1.30327 0.779447 0
0.194725 31.7714 1.64719 2.19678 5.03959 1.86264 156078 0 1.63002 0.778804 0
36.3 9.01405 1.06708 1.96518 4.36154 1.51041 122963 0 1.66273 0.775234 0
12.9575 32.383 1.42693 2.11865 4.98927 1.5014 157054 0 -1.5057 0.773102 0
25.6671 1.02599 0.958053 0.826933 1.03145 1.7504 111230 0 0.183006 0.761818 1
-6.25136 14.4972 1.02586 2.04748 4.68028 1.50009 130786 0 -1.4925 0.759458 0
-69.8238 -3.04734 -0.671399 0.935056 0.98097 1.75738 104847 0 -2.29187 0.755779 1
-61.3585 14.5033 -0.412765 1.96444 4.22794 1.62745 130614 0 -1.18154 0.753324 0
48.8223 11.6136 1.12773 2.00134 4.44099 1.7068 126746 0 -1.51202 0.751023 0
30.8678 21.6645 1.19016 1.84556 4.27234 1.37347 141198 0 -1.49318 0.750857 0
-27.7065 14.7762 0.360934 2.14466 4.78705 1.85448 131187 0 1.82272 0.749495 0
-41.4224 11.6635 -0.217017 1.96327 4.50573 1.54589 126464 0 1.83679 0.745835 0
13.2967 47.1347 1.73528 1.95799 4.44692 1.51407 178583 0 -1.56653 0.74017 0
14.8849 58.4127 1.9837 2.00339 4.58689 1.51842 194968 0 -1.41015 0.739413 0
-46.2134 56.1673 0.723897 2.04798 4.58668 1.56214 191501 0 -1.28026 0.736312 0
-18.4684 16.886 0.66456 1.83303 4.10788 1.51069 134024 0 1.73484 0.72956 0
12.6431 29.2409 1.41092 1.95026 4.54453 1.43466 152373 0 -1.51682 0.726496 0
-44.5979 20.3548 -0.0710483 2.05298 4.59288 1.63161 139090 0 -1.31485 0.722397 0
-40.4814 14.5473 -0.0463093 2.03575 4.48406 1.62473 130679 0 1.83795 0.717867 0
9.516 -5.51159 0.814598 0.876837 0.939317 1.72328 101351 0 1.23618 0.717672 1
13.309 44.0001 1.76463 1.98269 4.41245 1.70699 173903 0 -1.53135 0.714281 0
-56.2279 27.2759 0.18348 2.04009 4.50172 1.59824 149350 0 -1.13705 0.713652 0
50.6901 34.9674 1.62162 2.09933 4.79338 1.57529 160916 0 -1.53993 0.712371 0
-27.4188 4.86102 -0.0561423 0.791037 0.881996 1.64301 116680 0 -1.53015 0.711999 1
14.9084 64.7169 2.07655 2.04625 4.6443 1.5765 204328 0 -1.48433 0.711225 0
36.3396 12.1007 1.23118 2.08045 4.72469 1.62519 127175 0 1.55438 0.7073 0
-18.3765 22.8354 0.836608 2.01989 4.55548 1.57128 142916 0 1.66898 0.689292 0
30.8605 18.7831 1.1586 1.85817 4.42096 1.42622 136986 0 -1.4846 0.688843 0
-38.8658 19.6373 0.038575 1.96554 4.47739 1.534 138172 0 1.80079 0.688609 0
1.78263 -3.61076 0.854631 0.842494 0.931237 1.69426 104135 0 1.61697 0.687117 1
36.3363 15.4162 1.18367 1.94547 4.5683 1.487 132323 0 1.63157 0.686423 0
-53.9358 47.7748 0.636028 2.02308 4.47416 1.52966 179309 0 -1.09746 0.680425 0
15.178 67.6488 2.19702 2.11199 4.76239 1.79901 208541 0 -1.52927 0.672533 0
1.08205 43.682 1.64935 1.97266 4.47169 1.49556 173397 0 1.55842 0.672201 0
14.5552 73.7292 2.23772 2.02772 4.61959 1.56336 217431 0 -1.50563 0.670619 0
-70.3321 -2.18188 -0.652858 0.900941 0.957298 1.77587 106250 0 -2.12705 0.668873 1
31.8354 38.8928 1.87131 1.90952 4.28434 1.56172 166473 0 -1.50195 0.666983 0
-21.5827 29.9721 0.873541 2.07428 4.68915 1.49045 153202 0 -1.25373 0.659992 0
-5.28739 40.8466 1.71528 2.00051 4.56401 1.46458 169165 0 -1.54637 0.644868 0
31.5183 35.7711 1.65486 2.04182 4.69428 1.64441 161792 0 1.63757 0.639571 0
-5.89294 26.1292 1.57151 2.0509 4.67583 1.69312 147635 0 -1.51308 0.635798 0
18.9905 37.907 1.81592 2.10866 4.76135 1.683 165029 0 1.61627 0.633502 0
18.4356 31.8211 1.43149 2.04243 4.6142 1.51939 156135 0 1.61578 0.633379 0
36.3025 21.0449 1.39667 1.91965 4.44805 1.52797 140279 0 1.61808 0.633316 0
15.0044 -4.37759 0.745023 0.643112 0.736355 0.905821 103240 0 -0.771431 0.632039 1
53.9638 5.35011 1.18058 1.92248 4.58298 1.73727 117402 0 1.62326 0.631927 0
-47.8907 7.14019 -0.436628 1.90499 4.24501 1.53812 119892 0 -1.26582 0.625173 0
-68.9627 5.30437 -0.612634 1.88418 4.14348 1.61868 117018 0 2.01202 0.60276 0
-47.5233 9.71172 -0.0298893 2.226 5.0951 1.88359 123637 0 -1.25943 0.60269 0
54.5308 11.3714 1.34275 2.09529 4.76557 1.58506 126296 0 1.55328 0.597967 0
-19.6613 35.3737 1.15059 2.05552 4.58456 1.52818 161164 0 -1.12889 0.594222 0
-62.2515 11.6723 -0.471458 1.89842 4.20408 1.56592 126399 0 1.92962 0.582001 0
19.0416 40.8055 1.86707 2.0708 4.83033 1.52141 169241 0 1.62974 0.581818 0
-42.3653 9.46243 -0.227984 2.07788 4.6864 1.58455 123185 0 1.83149 0.579423 0
37.007 30.2213 1.74018 2.33123 5.38976 1.82051 153853 0 -1.46257 0.575888 0
-5.59309 44.2886 2.03724 2.18605 5.00632 1.74146 174312 0 -1.53973 0.566008 0
-39.8829 17.1126 0.129769 1.84667 3.95178 1.74337 134425 0 1.78211 0.562587 0
-28.6429 9.19401 -0.0354185 1.96422 4.38089 1.49042 122760 0 -1.36393 0.555632 0
-32.7887 39.2414 0.796424 1.95228 4.4295 1.47568 166739 0 1.92788 0.530561 0
-6.24964 31.9213 1.67801 2.22919 5.17963 1.5608 156058 0 1.58311 0.525452 0
31.8466 45.2061 1.98291 1.9921 4.51109 1.47266 175833 0 -1.58836 0.51876 0
17.753 28.6626 1.37651 1.98397 4.62719 1.46021 151453 0 1.60076 0.516783 0
-45.6284 17.8077 -0.10346 1.9887 4.43582 1.64685 135343 0 -1.2706 0.513184 0
33.1187 56.7753 1.90534 1.94758 4.32656 1.52378 192685 0 -1.52597 0.507245 0
-46.5253 14.8574 -0.211703 1.99646 4.30826 1.58641 131128 0 -1.26226 0.506472 0
-0.822281 20.0484 1.30951 2.06282 4.85156 1.59835 138759 0 1.67516 0.505902 0
-32.1549 42.0687 1.12909 1.97907 4.53711 1.67242 170953 0 1.92876 0.50201 0
14.2158 -4.81762 0.878738 0.829258 0.941116 1.75557 102302 0 -1.4514 0.501557 1
2.07984 55.2081 2.2971 2.15838 4.84143 1.87736 190248 0 1.52989 0.501456 0
-4.34009 58.9595 2.20199 2.01823 4.5843 1.66662 195844 0 -1.52896 0.500222 0
-37.9372 22.2226 0.396498 1.88244 4.12333 1.72416 141919 0 1.79718 0.499439 0
40.7587 35.9306 1.66616 0.785749 0.789507 1.63024 162289 0 -2.43309 0.494769 1
36.9387 26.9644 1.41976 2.119 4.90338 1.48669 149173 0 1.66025 0.490345 0
15.1991 70.5421 2.18734 2.07566 4.71195 1.71993 212753 0 -1.53459 0.489431 0
14.157 -3.93738 1.00098 0.864597 1.00415 1.89281 103706 0 -1.51145 0.488776 1
-16.3699 -14.5611 0.366324 0.867371 0.962553 1.71146 88166 0 -1.74149 0.487763 1
-44.3314 58.4286 1.14712 2.16232 4.6035 1.73346 194783 0 -1.32903 0.486673 0
-44.2913 23.2068 0.224754 1.97146 4.40874 1.62129 143303 0 -1.26576 0.482531 0
-63.8328 7.13239 -0.562512 2.02407 4.41175 1.64913 119842 0 -1.23635 0.480944 0
35.0053 -7.76208 0.562955 0.574205 0.582846 0.930615 98155 0 -1.33503 0.471902 1
34.9884 -7.61369 0.582408 0.583736 0.640503 0.994579 98623 0 -1.34736 0.469428 1
-47.1928 12.3529 -0.319842 1.97769 4.45397 1.58297 127382 0 -1.27391 0.465228 0
-24.5217 22.2358 0.60709 1.95706 4.31974 1.54725 141961 0 -1.36416 0.459567 0
49.4212 20.3215 1.34182 2.05193 4.57173 1.58119 139384 0 -1.54097 0.456847 0
-19.0665 38.1934 0.838556 2.04855 4.65503 1.49334 165378 0 -1.15056 0.447732 0
1.72964 52.6069 1.92323 1.95082 4.38593 1.58584 186503 0 -1.61204 0.442093 0
60.0202 13.2962 1.41771 2.22086 4.9984 1.90065 129121 0 -3.03885 0.438098 0
19.0387 46.5619 2.10666 1.95906 4.33912 1.53094 177665 0 1.60735 0.432642 0
44.6654 -31.8457 -0.0276289 2.01332 4.52513 1.61555 63085 0 3.10006 0.42272 0
32.4828 35.769 1.70278 2.21688 5.35129 1.77506 161795 0 -1.53411 0.42212 0
4.59408 40.0486 1.8266 0.874629 0.759613 1.7336 168260 0 -0.167407 0.419132 1
-29.257 9.41454 -0.0639516 2.04889 4.63997 1.51817 123226 0 1.6633 0.416996 0
-11.9799 17.2011 0.877198 1.8247 3.94759 1.4974 134512 0 -2.74198 0.414472 0
34.435 -8.06768 0.806253 0.76433 1.08811 1.64843 97685 0 -1.2815 0.40837 1
49.1252 14.5485 1.23993 2.00676 4.54294 1.58936 130959 0 -1.55574 0.408244 0
0.842964 40.5111 1.68768 2.04277 4.6529 1.54132 168716 0 1.53542 0.404534 0
18.7188 43.3768 2.00892 2.04406 4.60509 1.56844 172984 0 1.59974 0.399571 0
1.13351 55.215 2.43207 2.41565 5.96011 2.07555 190245 0 -1.62466 0.396358 0
18.0541 28.8931 1.3581 1.99691 4.67273 1.48397 151922 0 1.61745 0.389931 0
54.2529 28.9364 1.61982 2.02955 4.5852 1.63994 152035 0 -1.65046 0.38965 0
-62.4993 11.4358 -0.451262 2.01096 4.45286 1.60042 125930 0 1.93741 0.385988 0
14.13 -3.0785 0.792281 0.814081 0.942294 1.67293 105110 0 -1.52129 0.383661 1
-6.24065 22.9559 1.24931 1.91765 4.49415 1.45016 142954 0 -1.56731 0.382939 0
14.9178 70.2963 2.18162 1.91101 4.28423 1.5728 212284 0 -1.51479 0.381245 0
-4.63439 49.4711 1.92983 1.98401 4.58023 1.60827 181803 0 -1.62654 0.380946 0
-4.97033 68.259 2.58416 1.98287 4.48901 1.59306 209414 0 -1.47708 0.376683 0
54.2821 11.1074 1.27656 1.84114 4.15877 1.49683 125827 0 1.67601 0.375404 0
-34.7419 33.7131 0.794063 1.99926 4.5825 1.54883 158777 0 1.91726 0.367367 0
-59.9897 17.1419 -0.169074 2.08173 4.74405 1.82425 134362 0 -1.23451 0.363554 0
-46.9365 12.5653 -0.31607 1.87589 4.09819 1.5384 127851 0 -1.2845 0.359733 0
-27.3573 17.755 0.56431 2.11413 4.75516 1.84133 135400 0 1.76688 0.358818 0
1.77736 54.9602 2.27531 2.22231 5.15528 1.89209 189779 0 -1.85598 0.35783 0
-44.9523 58.6682 1.02515 2.43512 5.6358 1.93348 195249 0 -1.29887 0.357311 0
48.7984 23.5362 1.01974 1.96102 4.54718 1.5543 144062 0 -1.47959 0.355937 0
18.9937 31.634 1.46629 2.13737 4.82514 1.55495 155669 0 1.57926 0.355045 0
54.2325 8.16842 0.964421 1.89233 4.41322 1.48765 121615 0 1.67431 0.354475 0
51.6421 46.8468 1.90035 2.11012 4.71547 1.62178 178235 0 1.34552 0.35393 0
-61.966 11.4143 -0.467234 1.61868 3.45034 1.47708 125932 0 1.91356 0.353665 0
-41.1777 11.8974 -0.220446 1.86563 4.19965 1.49722 126933 0 1.83455 0.35018 0
53.6201 28.8959 1.584 1.98932 4.45516 1.55155 152033 0 -1.92631 0.347122 0
37.285 44.6128 1.99825 1.93335 4.44533 1.47315 174914 0 1.55624 0.345397 0
17.4734 28.3892 1.39225 1.99222 4.56927 1.46222 150984 0 1.61738 0.341211 0
51.3883 46.6015 1.87768 1.86599 4.08593 1.47886 177766 0 1.47356 0.341015 0
-5.58075 28.99 1.46137 2.01505 4.66323 1.5437 151848 0 -1.49044 0.340019 0
14.9128 70.8083 2.15077 1.9768 4.45036 1.59482 213220 0 -1.5486 0.339897 0
14.9827 -4.50172 0.751438 0.653249 0.740489 0.929367 102772 0 -1.12588 0.338143 1
31.8451 54.1841 1.78439 1.95404 4.46963 1.43593 188937 0 -1.56274 0.335607 0
40.7703 35.7996 1.65739 0.810492 0.822221 1.65148 161821 0 -2.69777 0.332624 1
-5.58525 59.0334 2.11508 2.01496 4.63932 1.68427 195840 0 1.62851 0.331214 0
-22.5423 -9.38229 0.836721 0.78784 0.834865 1.73517 95635 0 2.96963 0.329772 1
-5.3336 31.8479 1.66096 2.06241 4.84673 1.60038 156061 0 -1.5084 0.328977 0
-24.7561 22.0016 0.610142 1.98909 4.48215 1.56245 141492 0 -1.30601 0.327417 0
-43.728 23.1922 0.192556 1.97589 4.47493 1.63249 143305 0 -1.30347 0.31822 0
37.9135 38.8799 1.72944 1.9741 4.49066 1.5459 166492 0 1.60089 0.314218 0
-31.581 41.7858 1.10138 1.80888 3.91163 1.55823 170487 0 1.92957 0.309772 0
51.3708 37.9141 1.86891 1.90705 4.27869 1.55987 165130 0 -1.59401 0.309508 0
14.1438 -3.29008 0.859468 0.852316 0.977659 1.73617 104642 0 -1.58359 0.309243 1
-35.3524 30.5446 0.448239 1.87939 4.24106 1.48756 154095 0 1.87878 0.308556 0
34.8597 -7.58789 0.623503 0.593336 0.692143 1.02644 98622 0 -1.36222 0.307372 1
21.277 55.2096 2.22973 2.00073 4.448 1.61747 190308 0 1.6201 0.3067 0
-35.3242 33.8093 0.739597 1.97591 4.53063 1.54261 158775 0 1.93813 0.304865 0
30.3355 18.9429 1.13592 1.79913 4.2071 1.42172 137452 0 -1.52046 0.303071 0
34.7393 -7.86902 0.713628 0.747872 0.89067 1.33467 98154 0 -1.33755 0.302246 1
53.6097 28.7261 1.56264 1.99059 4.44613 1.57086 151565 0 -1.54939 0.302225 0
31.2391 39.0963 1.84802 2.02823 4.67114 1.57134 166939 0 -1.5136 0.301362 0
15.0925 -4.50237 0.656391 0.632896 0.710227 0.8183 102773 0 -0.937807 0.300725 1
19.9841 40.8193 1.90164 1.94361 4.27867 1.5024 169244 0 1.60173 0.300536 0
-3.36666 64.5267 2.3765 2.06725 4.60079 1.64136 203803 0 -1.4801 0.298919 0
-4.01677 49.7308 1.96928 2.0463 4.64626 1.64117 182273 0 -1.6476 0.297719 0
-7.19883 23.1851 1.31143 2.0382 4.69678 1.52062 143419 0 -1.57283 0.297689 0
14.1785 -4.34223 0.882338 0.843855 0.987678 1.82773 103238 0 -1.51031 0.297568 1
-39.1297 19.4432 -0.00980446 1.79097 4.10833 1.51683 137703 0 1.81242 0.295921 0
1.35748 43.9373 1.65576 1.86634 4.12711 1.4724 173866 0 1.65915 0.295896 0
-38.1984 21.9994 0.336994 1.89237 4.22389 1.72009 141450 0 1.75921 0.295315 0
-67.6646 11.3562 -0.600287 2.01572 4.53264 1.55267 125914 0 -1.1183 0.29472 0
-61.9995 11.9127 -0.489801 1.90649 4.09553 1.56591 126868 0 1.95646 0.294435 0
-37.3287 22.1696 0.404904 1.9825 4.4568 1.71414 141921 0 1.78049 0.294237 0
-39.527 28.3261 0.57667 0.835899 1.04383 1.74786 150806 0 -2.04787 0.293873 1
12.9185 29.5029 1.3902 1.98848 4.68342 1.46886 152842 0 -1.53959 0.293432 0
51.0492 37.628 1.87649 1.86065 4.15357 1.52337 164661 0 -1.57795 0.292539 0
-5.00182 44.0878 1.98525 1.99651 4.46404 1.6977 173846 0 -1.56965 0.291785 0
-46.8573 56.4181 0.702093 2.21224 5.09562 1.63074 191967 0 -1.27452 0.290902 0
-63.2587 7.1106 -0.600999 1.92678 4.08295 1.63327 119844 0 -1.18114 0.290608 0
59.4425 6.30442 1.17887 2.08843 4.72819 1.87581 118823 0 -0.0117247 0.289819 0
49.1084 23.2445 1.02225 1.88454 4.38496 1.52227 143595 0 -1.44062 0.287344 0
32.7863 54.1822 1.83946 1.89161 4.27106 1.43969 188940 0 -1.53752 0.286346 0
14.4786 -4.66336 0.851282 0.778924 0.919886 1.53728 102771 0 -1.53923 0.286111 1
37.5783 44.3799 1.9656 1.88392 4.45307 1.46557 174447 0 1.5715 0.286093 0
33.4224 57.0189 1.89308 2.06158 4.55813 1.59826 193154 0 -1.54877 0.285953 0
-33.4075 39.5061 0.87159 2.08163 4.71119 1.59112 167205 0 1.89894 0.285693 0
68.3066 10.411 1.59358 2.08802 4.65892 1.6674 124935 0 0.178984 0.281511 0
14.643 58.1908 1.92655 1.827 4.18137 1.4463 194499 0 -1.38169 0.281491 0
1.98989 -3.62013 0.875064 0.86336 1.18592 1.72378 104136 0 1.57262 0.2813 1
-6.87526 26.1708 1.55931 2.13159 4.977 1.72985 147632 0 1.59896 0.281097 0
-69.8374 -3.24225 -0.703348 0.926755 0.983882 1.73533 104379 0 -2.28711 0.279454 1
40.6031 35.9448 1.633 0.80663 0.804178 1.63702 162288 0 -2.10292 0.279071 1
49.4386 14.8308 1.27906 1.99811 4.50802 1.58403 131428 0 -1.55646 0.277928 0
53.9916 11.3413 1.27289 1.69644 3.72324 1.44268 126294 0 1.5782 0.277147 0
20.9799 55.4822 2.22605 1.93837 4.25577 1.57736 190775 0 1.59739 0.277062 0
-34.7282 30.2687 0.474585 1.88639 4.27496 1.4716 153629 0 2.36016 0.274628 0
-69.8886 -2.81491 -0.675591 0.944233 0.99558 1.81324 105315 0 -2.37387 0.274451 1
-44.1101 20.3105 -0.108798 1.73177 3.56744 1.5471 139092 0 -1.31836 0.273629 0
-3.99672 64.7836 2.39618 2.07112 4.54719 1.66716 204269 0 -1.51395 0.27155 0
-46.6395 12.2999 -0.340413 1.75308 3.83192 1.53834 127384 0 -1.29125 0.270547 0
-59.711 17.3602 -0.166124 2.04112 4.62488 1.75735 134831 0 -1.19174 0.270491 0
-60.6135 17.4459 -0.145777 2.20656 4.94574 1.88646 134828 0 -1.05753 0.269074 0
-24.2053 22.5249 0.607886 1.94059 4.29774 1.54872 142430 0 -1.41624 0.267586 0
19.3584 46.7871 2.1457 2.04561 4.57609 1.57943 178134 0 1.57324 0.267435 0
-29.2095 9.23829 -0.0634191 2.00931 4.56893 1.51043 122758 0 -0.572271 0.267326 0
-40.9161 11.6619 -0.218882 1.64456 3.51037 1.40415 126466 0 1.83191 0.266137 0
2.02728 52.3689 1.86783 1.93221 4.29262 1.56079 186036 0 -1.66865 0.266041 0
38.8692 38.5905 1.85629 1.9749 4.38947 1.58844 166027 0 1.63889 0.260963 0
31.226 45.0205 1.94025 1.96243 4.45231 1.48178 175363 0 -1.5838 0.259896 0
-5.86797 41.0176 1.80189 2.06026 4.65873 1.4858 169631 0 -1.56597 0.25806 0
54.8564 19.7048 1.22361 1.96514 4.44193 1.5132 138465 0 1.59722 0.257996 0
-19.1211 35.2999 1.09546 2.07594 4.62601 1.54004 161166 0 -1.13533 0.257818 0
13.2928 46.6806 1.69174 1.93154 4.3825 1.52838 177647 0 -1.48523 0.257083 0
19.6334 31.8257 1.39564 2.10183 4.72179 1.58061 156139 0 1.60864 0.254277 0
1.47807 52.8824 1.99315 2.02121 4.63578 1.66925 186970 0 -1.62195 0.253209 0
-22.5733 -9.21987 0.850903 0.779362 0.873748 1.73133 96103 0 -3.04666 0.252543 1
11.8824 26.3156 1.28467 2.17108 5.19776 1.60626 148159 0 -1.54108 0.252344 0
19.0085 32.0498 1.45852 2.19515 5.09015 1.57948 156605 0 1.63365 0.252151 0
51.674 38.2008 1.81946 1.99687 4.51039 1.61664 165599 0 -1.60182 0.251633 0
55.1764 28.9929 1.65118 2.08119 4.64716 1.76295 152038 0 -1.6482 0.251553 0
13.0334 43.7665 1.77377 1.86974 4.00636 1.68809 173434 0 -1.52671 0.251392 0
34.9992 -8.15445 0.639572 0.634665 0.839673 1.07828 97687 0 -1.37506 0.2512 1
14.6527 67.4518 2.21095 1.79152 3.85433 1.63376 208071 0 -1.51924 0.251161 0
11.3913 -2.93463 0.732864 0.757475 0.869751 1.57799 105101 0 0.803292 0.250902 1
-36.0189 30.875 0.5886 1.91018 4.26675 1.5148 154561 0 1.88553 0.250811 0
51.3735 47.1574 1.91297 2.11918 4.61161 1.62699 178702 0 1.01991 0.250583 0
20.9515 52.337 2.49678 2.20642 5.09764 1.89483 186095 0 1.58191 0.249753 0
-27.0716 18.0239 0.574442 2.09946 4.77331 1.81625 135869 0 1.76394 0.249556 0
-48.5582 4.54677 -0.414571 1.80482 3.85014 1.52485 116146 0 -1.27127 0.249327 0
-5.29919 29.2203 1.30417 1.92805 4.57831 1.50623 152317 0 -1.50124 0.248395 0
-38.4918 22.4937 0.354943 2.13128 4.84367 1.81906 142385 0 1.80825 0.248164 0
30.9155 39.1052 1.8316 1.99847 4.63275 1.5483 166938 0 1.09289 0.247486 0
18.4397 41.0498 1.8112 2.0236 4.6625 1.50273 169707 0 1.64368 0.246403 0
-27.9469 18.0605 0.548514 2.16838 4.85648 1.89352 135866 0 1.81681 0.245603 0
49.7355 23.5076 1.12712 1.98916 4.53657 1.56236 144065 0 -1.4951 0.245349 0
-25.0924 22.4692 0.620617 2.01093 4.48455 1.53571 142427 0 -1.41015 0.244577 0
30.9267 38.9483 1.79407 1.88467 4.36207 1.53806 166470 0 -0.977292 0.244246 0
38.5767 34.7492 1.57219 1.96933 4.35518 1.48977 160410 0 1.67617 0.244063 0
35.1438 -7.15642 0.734015 0.829698 0.891133 1.58994 99091 0 -1.34508 0.243037 1
1.05686 69.932 3.2177 2.32601 5.15361 2.0352 211773 0 3.13161 0.241478 0
-53.9006 47.2928 0.589591 1.81293 4.02601 1.4541 178373 0 -1.29454 0.240416 0
-3.72401 49.4851 1.94481 2.03786 4.65313 1.65774 181806 0 -1.61062 0.239064 0
-67.3936 11.6451 -0.629046 1.90661 4.26802 1.51241 126383 0 -1.13059 0.238973 0
32.4063 45.0267 1.93948 1.98017 4.54136 1.50224 175367 0 -1.57443 0.238523 0
1.19585 52.3601 2.02449 2.13813 5.03467 1.77807 186033 0 -1.75315 0.23824 0
38.2231 44.6354 2.1748 1.93465 4.40065 1.50878 174917 0 1.58345 0.236372 0
0.702972 31.6156 1.67308 1.86067 4.04172 1.76659 155612 0 1.6312 0.236311 0
-25.3975 22.2913 0.610929 2.01428 4.52991 1.55037 141958 0 1.47956 0.236112 0
18.4244 43.1067 1.96458 1.98034 4.47072 1.53526 172515 0 1.61816 0.234993 0
-0.153053 26.6064 1.36054 2.01605 4.68236 1.47122 148589 0 1.61633 0.234867 0
-36.6593 21.9394 0.394444 1.95461 4.41366 1.68752 141455 0 1.75372 0.234865 0
14.0008 73.5411 2.12323 1.73373 3.97439 1.43466 216961 0 -1.49508 0.233984 0
37.6036 38.6105 1.63291 1.97283 4.48555 1.51096 166023 0 1.61546 0.23363 0
-26.7742 17.4626 0.537463 2.0842 4.81698 1.7834 134934 0 1.69791 0.232771 0
-34.4489 30.2325 0.474237 1.93549 4.38275 1.48313 153630 0 -1.89206 0.231762 0
-18.1096 23.0813 0.82348 2.03911 4.54686 1.55158 143385 0 1.71342 0.231355 0
54.5673 19.9571 1.17343 1.98904 4.50586 1.53628 138932 0 1.65463 0.230071 0
-33.8078 33.4326 0.922856 2.12004 4.84619 1.56895 158312 0 1.82358 0.229998 0
-69.2319 5.06538 -0.608557 2.02549 4.49955 1.66569 116549 0 1.88524 0.228744 0
1.34487 43.4312 1.64891 1.81555 3.98267 1.46146 172930 0 1.50717 0.227829 0
54.55 25.7508 1.32122 1.98581 4.48666 1.50616 147356 0 1.54186 0.227756 0
-28.6419 11.9738 0.0596314 2.07741 4.61257 1.60342 126972 0 -1.35803 0.227059 0
-19.6197 38.2741 0.927206 1.99777 4.46933 1.46603 165376 0 -1.18304 0.226763 0
38.2506 39.1504 1.82961 1.9582 4.36594 1.56111 166961 0 1.5662 0.226404 0
20.9909 54.929 2.21854 1.94229 4.31013 1.58706 189839 0 1.65601 0.225933 0
-4.3382 49.1924 1.93149 1.98952 4.48502 1.5816 181336 0 -1.56677 0.225514 0
-27.6516 17.5143 0.536113 2.15352 4.75429 1.8573 134931 0 1.75975 0.225386 0
0.512421 55.4747 2.78627 2.7169 6.95814 2.45379 190711 0 -1.55888 0.225046 0
-69.7077 -3.23682 -0.690069 0.92661 0.970087 1.72834 104380 0 -2.31804 0.224332 1
53.9769 7.92508 1.00987 1.70253 3.89789 1.44508 121146 0 1.70707 0.224161 0
-4.91096 58.7942 2.16742 1.82718 4.1903 1.60298 195374 0 -1.51685 0.222881 0
-67.6403 2.46944 -0.280273 0.861122 0.940885 1.80846 112810 0 -1.46066 0.222679 1
1.46125 52.0742 1.91045 2.08526 4.71688 1.69699 185566 0 1.54998 0.221576 0
-48.4245 7.42296 -0.45648 2.13499 4.94023 1.66205 120358 0 -1.25284 0.221516 0
33.4355 53.9899 1.82933 1.9402 4.38171 1.51767 188474 0 -1.52579 0.221174 0
38.2513 35.0264 1.45161 1.96966 4.39652 1.47249 160877 0 1.62498 0.220735 0
-5.01877 40.5853 1.69244 2.00493 4.59009 1.4848 168698 0 -1.51546 0.220418 0
50.07 14.5931 1.28012 2.03047 4.58572 1.68057 130962 0 -1.56106 0.220142 0
51.1144 46.8391 1.93847 1.8811 4.05456 1.50094 178233 0 1.21191 0.219739 0
14.0317 -3.77943 0.887391 0.864455 0.984607 1.83645 104173 0 -1.5831 0.219536 1
8.82554 1.57382 0.96111 0.990123 1.19152 1.74793 111645 0 3.10623 0.218877 1
50.7317 38.2051 1.81123 1.87992 4.20789 1.50531 165596 0 -1.58302 0.218866 0
-1.37004 20.2649 1.23826 2.04991 4.83158 1.54379 139225 0 1.69732 0.218255 0
51.924 46.5909 1.8751 2.2071 5.08504 1.71386 177768 0 1.56707 0.217136 0
0.859505 70.5382 3.23593 2.60214 6.29671 2.25945 212708 0 0.0499174 0.216671 0
54.4728 5.50248 1.12634 2.10328 5.2919 1.90838 117872 0 1.61369 0.21611 0
12.4208 32.2329 1.47433 1.72231 3.74786 1.40278 156584 0 -1.4817 0.215509 0
-4.36086 68.0735 2.53575 1.91673 4.46527 1.63469 208948 0 -1.44802 0.214947 0
-32.7226 42.3649 1.11506 2.31012 5.64152 1.87835 171419 0 1.90965 0.214888 0
55.4994 19.9617 1.28471 2.09656 4.74052 1.59793 138935 0 1.57339 0.214441 0
55.8276 19.7024 1.33899 2.06194 4.58822 1.59783 138468 0 1.58279 0.213991 0
48.5178 20.3297 1.29191 2.02714 4.53029 1.63683 139381 0 -1.58006 0.213202 0
68.0407 10.6839 1.56733 1.99959 4.50982 1.65087 125402 0 0.19995 0.21317 0
39.5119 53.579 1.82296 1.99218 4.52627 1.5935 188025 0 1.66843 0.212917 0
55.5521 34.0968 1.59203 2.05759 4.72424 1.62272 159527 0 1.61203 0.212498 0
50.4263 37.9259 1.7766 1.81825 4.08401 1.46408 165127 0 -1.54701 0.212301 0
21.917 67.0508 2.26006 2.05104 4.62859 1.64687 207626 0 1.68842 0.21222 0
-5.58369 49.4623 1.96931 2.10351 4.81466 1.72492 181800 0 1.55284 0.211569 0
-18.0783 37.6225 1.10153 2.21089 5.14764 1.73082 164445 0 -1.17149 0.211385 0
51.6646 46.3084 1.87231 1.9757 4.38916 1.54545 177299 0 1.63723 0.211316 0
-42.6534 9.20985 -0.290183 2.10206 4.69804 1.63655 122716 0 1.82126 0.211283 0
36.9153 21.1793 1.4351 2.06219 4.81928 1.57436 140749 0 1.61512 0.210737 0
35.6133 6.45864 1.09588 0.794766 0.898567 1.73659 119217 0 1.61703 0.210708 1
-67.9414 11.0737 -0.58357 2.14312 4.8634 1.62323 125445 0 -1.15473 0.210279 0
20.6864 52.3426 2.52822 2.0419 4.60248 1.75997 186094 0 -1.31034 0.209952 0
-48.3987 6.98999 -0.457741 2.22723 5.0054 1.67144 119422 0 -1.31342 0.209272 0
48.1855 23.7708 1.11584 1.97433 4.45571 1.57098 144528 0 -1.47312 0.209182 0
1.76017 55.7488 2.35171 2.31465 5.26391 1.95209 191183 0 -1.50006 0.208924 0
15.1968 70.0192 2.22297 2.05214 4.65919 1.70674 211817 0 -1.49376 0.20882 0
19.9258 46.5818 2.09749 2.1778 4.97629 1.70467 177668 0 -1.55991 0.207962 0
32.5214 57.0074 1.92449 2.06389 4.69156 1.54384 193151 0 -1.52576 0.207807 0
14.0029 -4.34388 0.896238 0.836177 0.943356 1.83301 103237 0 -1.44829 0.206334 1
54.8843 22.558 1.45072 1.96673 4.48584 1.53293 142677 0 1.57276 0.205577 0
-22.3493 -9.39851 0.838851 0.818673 0.894667 1.76766 95636 0 2.35873 0.205206 1
37.5661 26.7966 1.38925 2.09587 4.86194 1.5166 148707 0 -1.53694 0.20413 0
-19.9204 35.1313 1.15846 2.01202 4.42741 1.48884 160695 0 -1.16554 0.203342 0
30.9471 35.9302 1.60769 2.36998 5.60976 1.79527 162258 0 1.63327 0.203073 0
54.5014 7.90533 0.964198 1.98315 4.75285 1.55665 121148 0 1.67193 0.202769 0
-61.6904 11.6367 -0.479361 1.61979 3.37788 1.47173 126401 0 2.01534 0.202646 0
-67.3722 11.9772 -0.650071 1.9724 4.42085 1.55418 126851 0 -1.13482 0.201376 0
68.5998 10.0992 1.62303 2.09392 4.64142 1.69705 124468 0 0.094258 0.200814 0
68.6074 11.0108 1.42097 2.00495 4.48026 1.59695 125872 0 0.170679 0.200812 0
50.382 23.2274 1.08543 1.98828 4.43878 1.52923 143599 0 -1.47929 0.200275 0
31.5767 38.6656 1.82328 1.76913 3.98717 1.53489 166004 0 -1.48694 0.200099 0
1.38765 40.7685 1.66576 1.98591 4.45033 1.54595 169186 0 1.51477 0.199689 0
-4.34348 58.4987 2.14466 1.87381 4.22596 1.62674 194908 0 -1.51784 0.199653 0
15.2818 -11.0048 0.719181 0.827494 0.926661 1.69362 93413 0 -1.47728 0.199612 1
54.8651 28.7234 1.62059 2.05229 4.56118 1.7246 151569 0 -1.59744 0.199209 0
13.5334 47.4138 1.788 2.15803 5.03217 1.66677 179052 0 -1.57477 0.19902 0
36.9721 44.865 2.05981 1.92759 4.26933 1.46629 175381 0 1.5981 0.198776 0
50.3934 14.8514 1.30142 2.06379 4.64487 1.68098 131431 0 -1.53725 0.198296 0
19.6475 40.5751 1.92051 1.9669 4.38239 1.49326 168775 0 1.62352 0.198266 0
54.5022 8.40813 0.981783 2.04367 4.90542 1.56071 122084 0 1.65553 0.198237 0
30.8613 21.3879 1.1879 1.67153 3.88343 1.34322 140730 0 -1.47198 0.19786 0
-6.22631 29.245 1.50137 2.0907 4.7542 1.59297 152314 0 -1.49643 0.19785 0
33.6965 56.5677 1.87663 1.99885 4.48554 1.59826 192219 0 -1.43053 0.197691 0
14.98 55.0113 2.09477 1.79778 3.8953 1.56692 189820 0 -1.44683 0.197586 0
-54.4615 47.8364 0.614751 2.25648 5.51773 1.74677 179307 0 -1.18917 0.196983 0
50.7317 37.3475 1.85342 1.78339 3.95307 1.48685 164192 0 -1.57713 0.196519 0
54.5411 11.8812 1.36764 2.22773 5.09491 1.71168 127232 0 1.4435 0.196423 0
12.0797 29.0308 1.41734 1.74286 3.91367 1.44564 151903 0 -1.49059 0.196287 0
-40.3869 17.3573 0.0234029 2.1391 4.75059 1.82868 134891 0 1.81627 0.195628 0
-29.0325 3.02368 0.160489 0.839583 0.945391 1.68095 113867 0 -1.60082 0.195379 1
49.4268 22.9189 1.04522 1.90765 4.4144 1.51922 143128 0 -1.45089 0.195089 0
-60.2837 16.8592 -0.200163 2.096 4.8026 1.83392 133893 0 -1.18062 0.19502 0
9.62106 -5.40755 0.806427 0.861383 0.94245 1.72886 101820 0 1.41372 0.194878 1
-41.4414 28.9626 0.6718 1.95674 4.40089 1.69276 151736 0 1.78813 0.194115 0
14.4968 -3.98563 0.894349 0.782635 0.890901 1.64937 103707 0 -1.29702 0.194068 1
-5.87315 68.3406 2.56619 1.93813 4.39034 1.62045 209411 0 -1.49118 0.193889 0
30.8828 18.5084 1.16619 1.73188 4.02182 1.40643 136518 0 -1.44855 0.193751 0
-45.0276 17.7395 -0.12892 2.03836 4.57627 1.67336 135345 0 -1.25146 0.193178 0
-4.33271 65.0563 2.38503 2.24826 5.11223 1.78065 204736 0 -1.64866 0.19232 0
-45.8616 17.5462 -0.0679614 2.04232 4.62497 1.66714 134874 0 -1.25736 0.191816 0
56.4819 19.3916 1.43675 2.04298 4.50957 1.58986 138002 0 1.61777 0.191587 0
48.8292 20.0939 1.3547 1.93965 4.13254 1.57156 138914 0 -1.50297 0.19134 0
21.6017 54.5929 2.22613 2.01033 4.41957 1.67007 189373 0 1.69567 0.191301 0
43.0315 52.6652 2.34633 2.00582 4.4646 1.6251 186632 0 -3.0676 0.191073 0
1.08229 40.2483 1.65761 1.96217 4.36814 1.53763 168249 0 1.52495 0.190937 0
38.5698 35.3306 1.51939 1.99375 4.49806 1.50425 161346 0 1.61186 0.190123 0
-46.5662 52.9596 0.853723 2.03297 4.58572 1.5771 186820 0 1.93536 0.189936 0
55.202 22.8717 1.47912 1.97523 4.48705 1.56596 143146 0 1.5925 0.189723 0
2.68132 55.4653 2.23185 2.23651 4.69314 1.88601 190718 0 1.52202 0.189177 0
60.2461 13.8577 1.48151 2.55143 6.06313 2.05088 130058 0 -3.13015 0.188534 0
13.8154 46.9501 1.77993 2.20209 5.2065 1.76032 178117 0 -1.51887 0.188277 0
14.5779 -4.35474 0.827333 0.748975 0.913193 1.49861 103239 0 -1.38416 0.187882 1
-4.3002 64.5221 2.43281 2.05505 4.59986 1.69218 203800 0 -1.47392 0.187671 0
39.8244 53.2992 1.83583 2.01373 4.55171 1.58949 187558 0 1.74539 0.186111 0
34.7619 -8.4072 0.691886 0.659497 1.17644 1.39265 97218 0 -1.25092 0.185743 1
30.6369 38.9597 1.75856 1.8752 4.30878 1.53667 166469 0 1.57552 0.18555 0
13.8219 44.2275 1.75332 2.23138 5.15919 1.8803 174373 0 -1.54945 0.18496 0
-64.4225 7.19257 -0.552331 2.12701 4.72678 1.68118 119840 0 -1.35023 0.184917 0
-44.5708 22.9836 0.200224 1.98106 4.42568 1.64737 142834 0 -1.26191 0.18371 0
51.9455 37.6587 1.79817 2.10247 4.77781 1.69435 164664 0 -1.56219 0.183667 0
55.8016 34.3814 1.63062 2.11345 4.93919 1.6931 159996 0 1.60904 0.18348 0
14.9139 64.2952 2.04391 1.97169 4.62538 1.54376 203392 0 -1.40199 0.183366 0
53.5986 25.7451 1.23314 1.97806 4.46724 1.47379 147353 0 1.54889 0.183352 0
1.11939 44.2167 1.66412 2.08748 4.76222 1.56124 174333 0 1.65344 0.183085 0
-47.4531 12.0917 -0.316244 2.0973 4.71407 1.64269 126913 0 -1.28292 0.182925 0
-3.68336 64.2158 2.4051 1.99617 4.41678 1.62815 203334 0 -1.4158 0.182827 0
0.67997 28.9448 1.39803 1.67209 3.62274 1.4082 151868 0 1.60263 0.18265 0
-4.30109 50.0029 1.98346 2.03111 4.51997 1.63589 182740 0 -1.66827 0.182622 0
35.2358 -7.81165 0.501895 0.550017 0.543501 0.852694 98156 0 -1.32155 0.18213 1
-47.1572 15.1494 -0.185409 2.25216 4.98621 1.65707 131594 0 -1.24078 0.181964 0
20.9707 67.0593 2.29073 2.02289 4.48444 1.65201 207623 0 1.70937 0.181785 0
2.36246 52.623 1.88878 1.88232 4.22127 1.52219 186505 0 -1.71661 0.181405 0
-46.8641 52.6422 0.865629 2.07041 4.67977 1.62663 186351 0 1.69173 0.180912 0
-61.2772 17.4666 -0.134407 2.0961 4.62219 1.78278 134826 0 1.92816 0.180806 0
-68.4123 5.20616 -0.583344 1.61243 3.28871 1.50434 117020 0 2.1389 0.180791 0
36.4006 26.8224 1.39421 2.04769 4.76603 1.53485 148703 0 1.6695 0.18068 0
54.8603 25.4895 1.33985 1.97829 4.43281 1.51934 146889 0 1.56251 0.180368 0
-0.49704 19.0937 1.37618 0.796909 0.899123 1.66605 137356 0 1.64035 0.179487 1
22.5527 66.7597 2.29295 2.05409 4.68312 1.64603 207160 0 1.6245 0.179145 0
55.5053 22.2557 1.49037 1.98278 4.45216 1.53029 142211 0 1.57383 0.17869 0
49.7636 38.2543 1.69599 1.90685 4.39591 1.44707 165593 0 -1.57829 0.178631 0
39.2139 53.3074 1.74909 1.99068 4.52691 1.55788 187556 0 1.57059 0.178557 0
32.3977 39.1124 1.88151 2.14121 4.86951 1.64607 166943 0 -1.50703 0.178262 0
31.8642 44.7266 1.90148 1.83797 4.11813 1.45543 174897 0 -1.53876 0.177967 0
-46.5812 52.6603 0.842888 1.92899 4.34113 1.54083 186352 0 1.14714 0.177961 0
-63.5659 7.41844 -0.623539 1.89363 4.18308 1.59479 120311 0 -1.1866 0.17718 0
50.071 38.5369 1.74592 1.91025 4.29257 1.48898 166062 0 -1.5229 0.176818 0
-22.4883 30.2573 0.963065 2.10875 4.66644 1.53071 153667 0 -1.2959 0.176309 0
-70.1562 -3.03353 -0.649432 0.900938 0.982468 1.75704 104846 0 -2.27197 0.176115 1
37.9009 44.8679 2.18073 2.0197 4.54101 1.53739 175384 0 1.55455 0.175585 0
-27.6883 18.3262 0.589826 2.12062 4.72985 1.8625 136335 0 1.79459 0.17557 0
-26.0788 22.5573 0.668915 2.00155 4.39669 1.51571 142424 0 1.7271 0.175415 0
-48.8861 4.8317 -0.390132 2.0524 4.507 1.64753 116613 0 -1.23092 0.17505 0
14.3492 58.4372 1.94591 1.70203 3.76359 1.37653 194966 0 -1.43378 0.174627 0
56.7655 19.6819 1.49383 2.1479 4.7809 1.67551 138471 0 1.60058 0.17449 0
51.3695 38.5113 1.82531 1.92012 4.30619 1.55813 166066 0 -1.62548 0.174205 0
-5.26411 49.1845 1.98062 2.03134 4.59501 1.62891 181333 0 -1.52239 0.173962 0
-18.716 37.6978 0.853578 2.08653 4.75128 1.5552 164443 0 -1.16705 0.173743 0
-5.55124 68.089 2.51868 1.94977 4.47621 1.58906 208944 0 -1.5202 0.173315 0
-2.75378 64.7428 2.35847 2.15474 4.8038 1.72547 204273 0 -1.45579 0.173224 0
-20.3295 38.8522 1.16118 2.02759 4.44914 1.54225 166310 0 -1.18444 0.173218 0
-36.294 30.6308 0.554228 1.96328 4.36808 1.55194 154092 0 1.74475 0.172837 0
-70.1855 -2.69048 -0.64022 0.913757 0.98745 1.78587 105314 0 -2.28152 0.172671 1
21.2697 67.3169 2.29455 2.05219 4.55837 1.67082 208092 0 1.75386 0.172554 0
-67.0964 11.0665 -0.643983 1.8347 3.98517 1.4813 125448 0 -1.14003 0.172208 0
-20.0132 35.9093 1.19376 2.07869 4.59755 1.54616 162099 0 -1.10265 0.171365 0
-5.57829 68.5306 2.62891 2.11975 4.84531 1.69759 209880 0 -1.36678 0.171067 0
-60.9476 17.7147 -0.0791174 2.12151 4.66366 1.80718 135295 0 -1.26568 0.170013 0
-49.6727 4.41137 -0.332096 2.42176 5.68629 1.90264 115674 0 -1.3647 0.169802 0
21.598 66.7724 2.2528 1.99918 4.54988 1.63088 207157 0 1.66027 0.169487 0
34.1805 -7.94405 0.796215 0.705447 0.829596 1.41544 98152 0 -1.32341 0.169177 1
-67.6406 2.61494 -0.286121 0.85057 0.910136 1.78208 113278 0 -1.20404 0.168958 1
-24.4621 22.8097 0.628433 1.9699 4.39798 1.54416 142897 0 -1.48778 0.168829 0
-45.899 57.8243 0.915983 0.781004 0.734561 1.6808 193842 0 -1.28985 0.168548 1
-27.0324 17.196 0.51902 2.06427 4.60732 1.77547 134465 0 1.68714 0.168471 0
-27.5468 4.78073 -0.0350399 0.874138 1.08393 1.67199 116211 0 -1.62944 0.168054 1
30.3299 21.8174 1.20943 1.99661 4.59451 1.41752 141664 0 -1.51151 0.168034 0
-53.686 48.0655 0.630904 2.08225 4.53613 1.55178 179778 0 -0.830201 0.167945 0
1.08416 43.1329 1.67243 1.98722 4.44243 1.53142 172461 0 1.44169 0.167787 0
40.1389 53.5833 1.93136 2.01487 4.52601 1.59093 188027 0 2.56056 0.167628 0
45.2064 -31.8064 -0.0255937 2.15694 4.9244 1.71913 63087 0 2.87091 0.167577 0
31.7398 31.0766 1.3842 2.44758 6.17116 1.59915 155241 0 1.57106 0.166652 0
35.0414 -8.4314 0.548909 0.552856 0.61657 1.03557 97219 0 -1.30355 0.166587 1
15.1412 65.0008 2.05735 2.22571 5.13305 1.73086 204797 0 -1.53469 0.166411 0
-1.09057 19.7702 1.26527 2.08968 4.92792 1.59353 138290 0 1.67667 0.1659 0
-34.0761 33.1957 0.8456 1.97627 4.5044 1.51423 157843 0 1.92158 0.165847 0
19.3108 43.6089 2.06805 2.07597 4.66608 1.63368 173454 0 1.56227 0.165832 0
37.6076 35.3384 1.3533 2.02811 4.64553 1.4967 161343 0 1.54827 0.165536 0
-5.92398 49.7112 1.93286 2.11109 4.78148 1.78701 182267 0 1.59843 0.165411 0
53.9552 29.1851 1.61549 2.02555 4.57393 1.59814 152502 0 -1.76887 0.165361 0
68.0139 9.80538 1.69097 2.15275 4.91402 1.73489 123998 0 0.169006 0.165312 0
38.5756 35.9973 1.58131 1.98261 4.46267 1.5214 162282 0 1.56531 0.165304 0
21.8938 54.8902 2.24813 2.049 4.54103 1.69882 189842 0 1.64803 0.164995 0
36.6963 44.3873 1.8579 1.79527 4.05008 1.44962 174444 0 1.54733 0.164967 0
69.2021 2.66741 0.982522 0.806247 0.857199 1.70687 113706 0 -1.36579 0.16483 1
-7.15215 32.1047 1.69557 2.1025 4.7383 1.63622 156523 0 1.61752 0.164783 0
-24.483 21.6931 0.589484 1.97965 4.45028 1.61594 141025 0 -1.30021 0.164778 0
-26.6768 22.8575 0.691359 2.09325 4.67025 1.53932 142890 0 1.80956 0.164097 0
30.9153 27.1786 1.37502 2.15331 4.98437 1.51959 149154 0 1.63917 0.164072 0
12.9475 31.9757 1.41453 2.00175 4.86641 1.53252 156118 0 -1.41435 0.164032 0
11.5973 19.1393 1.18079 2.10239 5.03762 1.61848 137394 0 -1.55227 0.164018 0
-44.8702 -11.5577 -0.779635 2.34967 5.43379 1.96137 92289 0 0.0602395 0.163692 0
-46.8878 52.3299 0.870687 1.9824 4.46114 1.58866 185883 0 -0.533132 0.163441 0
-47.2314 -11.3718 -0.865728 2.00988 4.47764 1.57905 92750 0 3.13602 0.163316 0
-0.407928 25.8717 1.35716 2.10962 5.03936 1.54932 147184 0 -1.59627 0.163175 0
55.8158 22.5646 1.52409 2.00505 4.52163 1.5763 142680 0 1.54154 0.162955 0
18.121 43.6003 1.90341 2.01561 4.5214 1.54522 173450 0 1.58913 0.162875 0
-41.721 28.6584 0.63837 2.08631 4.70622 1.75936 151267 0 1.72687 0.162617 0
49.1245 22.6156 1.07682 1.98591 4.5419 1.53305 142659 0 -1.54416 0.162556 0
37.1928 9.03274 1.05026 2.17627 5.00327 1.57947 122966 0 1.60897 0.162466 0
-39.5946 17.3337 0.138127 1.97783 4.08613 1.75514 134894 0 1.85919 0.162456 0
50.1097 37.6218 1.73162 1.81132 4.12767 1.41435 164658 0 -1.57562 0.162382 0
12.6167 28.7467 1.38231 1.88185 4.34884 1.46959 151437 0 -1.45221 0.162306 0
54.8903 23.181 1.51885 1.9287 4.35582 1.55122 143613 0 1.57368 0.161961 0
1.77149 54.6503 2.24668 2.19295 4.96223 1.92536 189311 0 -1.60883 0.161156 0
