44.2889 -6.90096 1.44693 2.93735 7.86174 3.19274 99588 0 1.63289 0.965305 0
18.3951 11.7399 1.04936 2.13546 4.88353 1.53594 126651 0 1.64394 0.950335 0
-6.84779 11.3254 1.00031 1.99969 4.55535 1.47689 126104 0 -1.49331 0.949995 0
10.6717 12.7389 1.19742 2.24891 5.19974 1.89681 128031 0 -1.57321 0.935396 0
-0.854378 17.0976 1.34508 2.08888 4.80241 1.8332 134547 0 1.61631 0.921191 0
21.5777 5.38772 0.932146 2.11021 4.85133 1.54546 117301 0 0.548796 0.921046 0
-1.96735 11.0366 1.17973 2.02682 4.54427 1.80819 125651 0 1.61669 0.919343 0
30.6089 15.9295 1.22776 1.96599 4.44146 1.67806 132773 0 -1.50046 0.889152 0
10.6874 15.8146 1.23669 2.22923 5.10328 1.85685 132711 0 -1.51914 0.883861 0
-19.0392 11.4784 0.827551 2.01731 4.59601 1.78471 126066 0 1.68156 0.881501 0
48.4357 8.51361 1.00483 2.05298 4.70556 1.64735 122065 0 -1.50031 0.879015 0
4.7356 15.7903 1.11631 2.11661 4.7948 1.56832 132692 0 0.122104 0.876086 0
-42.125 -11.6821 -0.778672 1.99519 4.38177 1.65763 92298 0 0.0537724 0.867814 0
-20.6464 32.7232 1.18982 2.3558 5.41143 1.74826 157417 0 -1.18689 0.867561 0
-18.76 19.7242 0.968641 2.11644 4.69211 1.96221 138235 0 1.72023 0.864794 0
17.3743 22.8307 1.46245 2.12125 4.97315 1.69988 143028 0 1.61509 0.863895 0
30.9355 12.3131 1.07483 1.93215 4.29761 1.4859 127626 0 1.61909 0.863578 0
-44.6847 -11.1167 -0.831895 2.04226 4.46215 1.77873 93226 0 0.0228523 0.852445 0
-6.56007 17.4891 1.06629 2.09167 4.89812 1.58437 134997 0 -1.52882 0.849844 0
31.1959 30.9216 1.38194 2.09195 4.82473 1.49238 154771 0 1.58098 0.849224 0
11.7246 22.2933 1.39456 1.9375 4.33796 1.71754 142074 0 -1.51565 0.84701 0
18.6331 15.4233 1.25128 2.23695 4.95262 1.73648 132268 0 1.61287 0.847009 0
17.7219 19.9991 1.19944 2.05711 4.84356 1.5103 138817 0 1.65353 0.844651 0
48.7452 5.71584 1.13152 2.18792 5.1075 1.87229 117854 0 -1.48045 0.844638 0
-0.396576 22.9143 1.42495 2.17907 5.08912 1.84245 142972 0 -1.46863 0.842833 0
11.3669 19.4201 1.15398 1.96625 4.53889 1.52082 137861 0 -1.59874 0.835256 0
-18.4036 13.9981 0.817703 2.07439 4.75123 1.80976 129812 0 1.76093 0.834705 0
0.132248 29.0116 1.3813 1.98136 4.48973 1.57445 151866 0 1.61332 0.831163 0
13.2503 41.1747 1.92539 2.10181 4.88244 1.86431 169691 0 -1.54108 0.829226 0
-42.9942 5.87629 -0.321167 1.90827 4.21835 1.49984 118035 0 1.87362 0.828423 0
-19.644 7.96914 0.686544 1.92898 4.45168 1.52379 120916 0 1.60724 0.827044 0
13.8848 38.1879 1.73109 2.09983 4.83808 1.60314 165481 0 -1.53328 0.818573 0
-6.25362 14.4916 1.02404 2.04063 4.64707 1.50378 130786 0 -1.48911 0.8182 0
-29.6617 6.61729 -0.123803 2.03875 4.70951 1.53443 119013 0 -1.33875 0.807813 0
-6.57177 20.314 1.17135 2.14209 5.15428 1.47846 139209 0 -1.5295 0.801369 0
30.8611 9.33075 1.10676 2.03237 4.5051 1.69047 123414 0 -1.46276 0.795169 0
-1.1908 14.1654 1.10801 1.91043 4.27811 1.59123 130334 0 1.69493 0.792869 0
59.659 6.49522 1.10296 2.36312 5.58863 2.06623 119292 0 -0.00264904 0.791031 0
11.4093 26.1434 1.33314 1.90733 4.39639 1.52844 147689 0 -1.5332 0.789006 0
-27.2866 4.87678 -0.0193311 0.843947 0.965242 1.74946 116680 0 -1.52011 0.787922 1
0.389145 31.7389 1.74769 2.11012 4.66037 1.83046 156079 0 1.65607 0.783796 0
17.4606 25.762 1.57265 2.26895 5.38606 1.74609 147240 0 1.60657 0.782129 0
31.1679 27.4583 1.36397 2.14931 5.05154 1.48779 149623 0 1.62307 0.779456 0
-28.7163 -4.83759 -0.382116 2.09136 4.38762 1.56065 102168 0 -1.64965 0.77496 0
48.8328 11.6038 1.09853 1.96167 4.36748 1.69094 126746 0 -1.50886 0.773967 0
12.9474 32.3807 1.44006 2.09138 4.9141 1.48314 157054 0 -1.52252 0.769945 0
-36.5435 -11.6399 -0.716435 2.37282 5.28439 2.07234 92315 0 0.0299918 0.769331 0
8.8735 1.95695 0.979333 0.943519 1.10178 1.76352 112581 0 -3.13933 0.769199 1
-18.4632 16.8588 0.691417 1.81382 4.061 1.49834 134024 0 1.70461 0.768501 0
14.2069 -4.69211 0.879147 0.825999 0.926982 1.79319 102770 0 -1.49887 0.766484 1
-0.135681 26.3435 1.27591 2.00284 4.62929 1.4815 148121 0 1.6419 0.763787 0
13.2964 46.9269 1.75463 1.94021 4.38637 1.51361 178115 0 -1.53421 0.763412 0
25.645 0.745369 0.955172 0.850301 1.05717 1.71897 110762 0 0.390371 0.761245 1
-5.89822 26.114 1.55053 2.09562 4.74282 1.74369 147635 0 -1.49723 0.750051 0
14.9081 58.4331 1.9636 1.99696 4.56136 1.53279 194968 0 -1.40029 0.749591 0
-44.5831 20.3398 -0.0466843 2.03693 4.60019 1.55082 139090 0 -1.25847 0.733606 0
-49.1481 4.40273 -0.388576 2.15525 4.74075 1.71495 115676 0 -1.4144 0.731401 0
-70.1282 -2.06973 -0.691128 0.93704 0.989214 1.83745 106250 0 1.09712 0.72993 1
14.9113 64.7555 2.04541 2.01597 4.58496 1.5557 204328 0 -1.53665 0.727329 0
30.8838 21.6784 1.21821 1.85309 4.28011 1.38363 141198 0 -1.5116 0.722641 0
13.3168 44.0304 1.74919 1.98129 4.4749 1.63716 173903 0 -1.52427 0.721887 0
15.2605 55.2061 2.19517 2.01094 4.45607 1.73467 190289 0 -1.43831 0.72181 0
-69.5619 -2.94798 -0.588307 0.94051 0.997132 1.88273 104848 0 1.46472 0.720774 1
-41.1647 11.9155 -0.22613 1.82986 4.14933 1.47265 126933 0 1.92113 0.714678 0
-40.4138 14.5798 -0.10447 2.02352 4.54585 1.59145 130679 0 1.90657 0.710968 0
36.6042 12.2217 1.20667 2.08452 4.80873 1.63223 127644 0 1.64589 0.707432 0
9.33819 -5.51862 0.806575 0.818294 0.929465 1.75067 101351 0 1.56797 0.706619 1
36.2738 9.01341 1.05289 1.9664 4.40518 1.5442 122963 0 1.67875 0.704948 0
50.6923 34.9497 1.73083 2.07466 4.6794 1.57655 160916 0 -1.55151 0.699484 0
36.9936 30.2123 1.73287 2.36562 5.39745 1.84775 153853 0 -1.47812 0.698062 0
-18.1082 22.8666 0.812245 2.02084 4.63477 1.54512 142917 0 1.60831 0.697859 0
-46.2531 56.1594 0.733998 2.08751 4.67648 1.54492 191501 0 -1.27317 0.687964 0
31.8238 38.8795 1.81674 1.98434 4.43087 1.56874 166473 0 -1.49219 0.687139 0
1.53514 -3.62785 0.87598 0.836164 0.959376 1.71436 104134 0 1.60953 0.683874 1
14.904 67.6759 2.31863 1.98423 4.34013 1.73258 208540 0 -1.56832 0.681596 0
-5.29314 40.8052 1.69977 2.05008 4.68019 1.50443 169165 0 -1.52243 0.67491 0
36.3521 15.3095 1.21429 1.92224 4.49077 1.48338 131855 0 1.65099 0.671575 0
12.607 29.24 1.42749 1.95196 4.57467 1.45021 152373 0 -1.53371 0.671357 0
-48.1605 7.15831 -0.420518 2.03876 4.521 1.6699 119891 0 -1.29383 0.670784 0
-61.3597 14.541 -0.379134 1.93744 4.25773 1.63009 130614 0 -1.16397 0.668083 0
14.5438 73.7862 2.26358 1.98671 4.51313 1.54251 217431 0 -1.54244 0.666265 0
-56.231 27.2684 0.184759 2.00879 4.49429 1.55683 149350 0 -1.16168 0.662226 0
31.5185 35.77 1.65981 2.03014 4.67415 1.61743 161792 0 1.62464 0.660889 0
-11.9648 17.8007 0.859686 1.95364 4.38839 1.52772 135448 0 0.103183 0.657188 0
53.9145 5.34644 1.15156 1.92442 4.45767 1.75675 117402 0 1.60516 0.65703 0
19.0131 37.9085 1.79094 2.11382 4.83602 1.6238 165029 0 1.61923 0.652328 0
-38.9274 19.7096 0.0372472 2.01104 4.61712 1.61355 138172 0 1.8309 0.651454 0
-27.6572 14.6678 0.378789 1.99489 4.69119 1.92375 130719 0 1.81029 0.642443 0
31.1842 18.7693 1.14612 1.84205 4.23911 1.42736 136987 0 -1.50309 0.622632 0
-53.9366 47.8289 0.567899 2.05114 4.54787 1.58779 179309 0 -1.09781 0.622292 0
-47.5376 9.68785 -0.0737095 2.21781 5.10415 1.85109 123637 0 -1.24661 0.617201 0
1.07091 43.6793 1.62824 1.98865 4.51153 1.49879 173397 0 1.5325 0.61665 0
15.1097 -4.34151 0.703079 0.686705 0.757735 0.940831 103241 0 -1.71557 0.615692 1
18.7172 31.8122 1.41202 2.12647 4.87594 1.53415 156136 0 1.58667 0.614151 0
-21.5914 29.9888 0.859463 2.06839 4.71102 1.4788 153202 0 -1.29352 0.613212 0
2.11404 55.5333 2.32921 2.36383 5.48535 2.01318 190716 0 1.53968 0.605882 0
35.4781 -7.06717 0.741477 0.798635 0.863477 1.61561 99092 0 -1.38424 0.602273 1
-47.2026 12.2901 -0.318358 1.97733 4.43932 1.57791 127382 0 -1.22198 0.599339 0
-5.59114 44.2746 2.01458 2.16439 4.93833 1.83167 174312 0 -1.51739 0.597327 0
34.6852 -8.14081 0.788513 0.732594 0.887901 1.58238 97686 0 -1.3201 0.589057 1
36.3219 21.1864 1.40589 2.00313 4.69712 1.49683 140747 0 1.63679 0.577268 0
-5.92187 31.8897 1.69381 2.10824 4.80256 1.55214 156059 0 -1.52299 0.572028 0
54.5808 11.0869 1.29678 2.0339 4.64203 1.5562 125828 0 1.62222 0.567438 0
-63.8836 6.9383 -0.523317 2.06172 4.51156 1.69927 119374 0 -1.2774 0.55147 0
-28.6464 9.17672 -0.0179822 1.97125 4.42101 1.4824 122760 0 -1.31964 0.549069 0
-19.6531 35.4071 1.16769 2.07274 4.6951 1.52665 161164 0 -1.14918 0.545569 0
-62.2441 11.6863 -0.409777 1.89703 4.24331 1.50924 126399 0 1.95857 0.545315 0
-44.034 23.1386 0.207681 2.02075 4.48921 1.59711 143304 0 -1.24285 0.53894 0
36.9656 26.9588 1.35267 2.11838 4.92806 1.49801 149173 0 1.67243 0.537447 0
-45.6329 17.7952 -0.0424177 2.05276 4.553 1.68507 135343 0 -1.21567 0.529618 0
-28.9646 9.36875 -0.0194162 2.02761 4.56239 1.50382 123227 0 1.164 0.528344 0
32.7954 56.8245 1.87718 1.93739 4.3911 1.49853 192684 0 -1.55539 0.525397 0
-19.0412 38.2623 0.873614 2.02227 4.60253 1.47719 165378 0 -1.19997 0.523225 0
-69.2566 5.22305 -0.499472 2.05598 4.62308 1.65956 117017 0 1.89957 0.521085 0
-44.3042 58.4034 1.16502 2.08577 4.51504 1.66077 194783 0 -1.30341 0.520306 0
-4.33468 58.9602 2.28301 2.00899 4.53684 1.63993 195844 0 -1.50952 0.519753 0
-24.5226 22.218 0.599992 2.01202 4.42814 1.56525 141961 0 -1.35187 0.519582 0
15.0136 -4.34924 0.748972 0.67591 0.743147 1.00772 103240 0 -2.43962 0.516046 1
-46.5549 14.8213 -0.151535 1.99754 4.31316 1.63338 131128 0 -1.20311 0.510388 0
-37.9273 22.3129 0.374239 1.91754 4.16511 1.79104 141919 0 1.83097 0.507917 0
-32.7849 39.2109 0.782911 1.98272 4.4584 1.50503 166739 0 1.93481 0.507049 0
40.7618 36.2453 1.71404 0.787297 0.779479 1.60226 162757 0 -3.03655 0.505934 1
-40.1291 17.1438 0.0599985 1.99203 4.33207 1.7646 134424 0 1.83612 0.502471 0
35.2532 -7.74684 0.550221 0.553198 0.58138 0.947347 98156 0 -1.36444 0.49852 1
19.0376 46.5493 2.06563 2.0068 4.46252 1.57929 177665 0 1.57469 0.493101 0
-1.1138 20.0461 1.41642 2.05459 4.83658 1.67693 138758 0 1.7102 0.490992 0
14.1433 -3.97128 0.971158 0.868683 0.934134 1.89658 103706 0 -1.50317 0.490492 1
-31.8984 42.0575 1.08113 1.94311 4.24636 1.62786 170954 0 1.91839 0.488314 0
19.3452 40.8019 1.92412 2.01474 4.68177 1.49082 169242 0 1.62242 0.486029 0
17.7646 28.6864 1.3801 1.97866 4.59617 1.44794 151453 0 1.58132 0.485171 0
14.8974 70.5492 2.33515 1.94259 4.32696 1.58298 212752 0 -1.55995 0.474222 0
31.8539 44.97 1.91853 1.96639 4.44488 1.48059 175365 0 -1.52398 0.465434 0
35.1626 -7.61544 0.626985 0.569245 0.629605 1.1149 98623 0 -1.37886 0.46056 1
38.2374 38.9192 1.83388 1.9928 4.52469 1.53205 166493 0 1.6166 0.457538 0
-11.9024 18.7196 0.865147 2.00738 4.48577 1.52505 136852 0 -3.07447 0.444703 0
44.6692 -31.8042 -0.0846499 2.07377 4.65239 1.69435 63085 0 3.12587 0.442682 0
1.72261 52.6407 1.91418 1.91448 4.31805 1.55192 186503 0 -1.5698 0.441269 0
-16.3866 -14.5661 0.358391 0.873821 0.986542 1.70017 88166 0 2.2857 0.437971 1
-6.53844 32.067 1.70362 2.30522 5.35462 1.60193 156525 0 1.63325 0.429815 0
-3.68605 64.8046 2.39838 2.06839 4.62118 1.56272 204270 0 -1.43392 0.414864 0
40.7782 36.1164 1.70604 0.812915 0.819714 1.62549 162289 0 -3.13673 0.411139 1
14.1534 -3.76419 0.944784 0.846159 0.920211 1.84344 104174 0 -1.40073 0.407902 1
-27.3615 17.7629 0.562497 2.11741 4.75129 1.82792 135400 0 1.77875 0.405125 0
34.9794 -8.19815 0.752676 0.70762 0.929995 1.40587 97687 0 -1.38286 0.40419 1
-29.249 9.42895 -0.0582767 2.0389 4.56234 1.52367 123226 0 1.73794 0.402195 0
-42.4054 9.45802 -0.248373 1.96812 4.38595 1.52471 123185 0 1.82632 0.401766 0
-39.9077 17.4201 0.0852033 1.98154 4.21365 1.75459 134893 0 1.95967 0.400931 0
-72.8306 -9.68044 -0.56866 0.822304 0.839371 1.69332 95010 0 -1.47028 0.39401 1
14.1676 -4.32149 0.901833 0.842655 0.940978 1.85566 103238 0 -1.50745 0.389504 1
-16.2872 -14.5824 0.278925 0.896512 0.971831 1.65588 88167 0 -1.83746 0.38685 1
37.586 44.5878 1.91649 1.95303 4.47122 1.49724 174915 0 1.60587 0.386525 0
35.1417 -7.7777 0.648746 0.648826 0.704387 1.26396 98155 0 -1.34703 0.381432 1
20.2933 40.8176 1.9169 1.95916 4.3798 1.48913 169245 0 1.61481 0.375812 0
59.9939 12.9613 1.441 2.25309 5.03162 1.95859 128653 0 -3.0596 0.365078 0
18.3874 28.8962 1.38658 1.9903 4.64125 1.4744 151923 0 -1.53262 0.361942 0
37.5617 26.8105 1.34246 2.06071 4.7514 1.49441 148707 0 -1.56099 0.36092 0
-5.5845 28.9947 1.54472 2.09634 4.80385 1.56379 151848 0 -1.47247 0.358884 0
14.06 -4.65479 0.902568 0.819897 0.924585 1.78785 102769 0 -1.46699 0.357303 1
11.4135 -2.93362 0.759306 0.76348 0.875872 1.5565 105101 0 0.0512372 0.355177 1
-32.423 42.3571 1.0684 2.21864 5.29154 1.8038 171420 0 1.92062 0.350739 0
51.7008 37.9334 1.883 1.92458 4.29438 1.53576 165131 0 -1.58131 0.346286 0
-5.28667 68.2945 2.60952 2.05066 4.78957 1.60036 209413 0 -1.46503 0.346089 0
30.5989 18.9258 1.13151 1.9237 4.62989 1.43695 137453 0 -1.5356 0.344931 0
-39.4524 19.7365 0.000887871 1.76889 4.03318 1.49977 138170 0 1.84052 0.340478 0
61.5597 32.1437 1.83886 2.09609 4.76137 1.72766 156738 0 -2.98379 0.339816 0
34.5178 -8.11193 0.769134 0.711533 0.835085 1.58244 97685 0 -1.35299 0.338865 1
-67.3868 11.0604 -0.589362 1.90485 4.22043 1.49694 125447 0 -1.14224 0.333835 0
-4.32601 49.7506 1.95637 2.01263 4.59636 1.70714 182272 0 -1.57823 0.333593 0
1.79755 55.7498 2.40813 2.47862 5.90338 2.08934 191183 0 -1.23589 0.332762 0
-44.9564 58.6699 1.09598 2.42668 5.80657 1.92667 195249 0 -1.29004 0.332602 0
49.434 14.4998 1.33229 2.03502 4.62206 1.65199 130960 0 -1.57387 0.331335 0
-72.837 -9.53961 -0.554507 0.824252 0.847193 1.69559 95478 0 -1.42578 0.330813 1
32.1481 44.7068 1.86763 1.90298 4.24956 1.47948 174898 0 -1.49593 0.328007 0
-61.9449 11.4096 -0.418185 1.64378 3.56684 1.43834 125932 0 -1.94926 0.326874 0
15.1774 70.8051 2.32438 2.08694 4.73095 1.69825 213221 0 -1.58899 0.326469 0
1.44936 52.378 1.89874 2.01632 4.66609 1.64985 186034 0 -1.59979 0.326018 0
18.4593 40.8169 1.74643 1.96699 4.6246 1.47462 169239 0 1.61148 0.321449 0
-69.4084 -2.96937 -0.597038 0.927503 1.00841 1.84946 104849 0 1.54833 0.320981 1
-47.5698 6.91466 -0.350824 1.82733 3.96293 1.55116 119425 0 -1.26763 0.320936 0
1.16912 55.5481 2.51865 2.52436 6.35177 2.1753 190713 0 -1.57495 0.319848 0
-35.353 30.5295 0.473207 1.98455 4.45265 1.51757 154095 0 1.9192 0.318113 0
-34.7504 33.7165 0.783535 2.01603 4.63279 1.56276 158777 0 1.93224 0.317271 0
-38.481 22.561 0.3608 2.05826 4.67434 1.82248 142385 0 1.83545 0.313214 0
-5.57464 59.0565 2.22001 1.97587 4.56268 1.62578 195840 0 1.63566 0.312654 0
-27.953 18.0704 0.542534 2.15715 4.80636 1.8694 135866 0 1.83613 0.311358 0
-0.504333 19.1269 1.39709 0.796046 0.852959 1.70485 137356 0 1.97253 0.310482 1
32.1507 35.8955 1.72458 2.28959 5.26991 1.68787 162262 0 -1.50382 0.309078 0
14.4592 -4.68571 0.859808 0.767713 0.861477 1.61336 102771 0 -1.63673 0.305949 1
40.596 36.2613 1.69865 0.825326 0.81964 1.61523 162756 0 -2.7502 0.303088 1
-0.512115 19.2732 1.38914 0.829415 1.04306 1.68882 137824 0 1.70146 0.301184 1
35.0407 -8.42844 0.679016 0.606284 0.719718 1.26884 97219 0 -1.31174 0.300214 1
-61.994 11.9045 -0.416007 1.91083 4.14079 1.49106 126868 0 1.95465 0.298184 0
-39.5382 28.2382 0.572371 0.794687 0.907209 1.81073 150806 0 -2.01509 0.296866 1
4.56367 40.0343 1.80518 0.842077 0.746059 1.73363 168260 0 -0.174392 0.294739 1
19.6623 31.8409 1.40205 2.06787 4.63947 1.57561 156139 0 1.62067 0.29446 0
-44.1078 20.3006 -0.0708387 1.7107 3.59714 1.50057 139092 0 -1.25054 0.293776 0
12.068 29.0312 1.4134 1.8295 4.16147 1.46675 151903 0 -1.5013 0.29072 0
-33.4077 39.4995 0.852454 2.09973 4.7475 1.61207 167205 0 1.90759 0.289121 0
-4.64095 49.4901 1.97466 2.00263 4.61737 1.6538 181803 0 -1.57868 0.288102 0
59.7556 12.3462 1.42913 1.96175 4.08844 1.83608 127716 0 0.0652277 0.284644 0
-62.4988 11.4342 -0.413381 1.9905 4.46991 1.55755 125930 0 2.22484 0.278163 0
-34.7239 30.2637 0.49137 1.90547 4.31036 1.47931 153629 0 1.80487 0.27737 0
2.04442 52.9056 1.93242 1.84007 4.0078 1.5012 186972 0 -1.56128 0.276189 0
2.66496 55.7288 2.24663 2.27901 4.94098 1.92877 191186 0 1.59848 0.276135 0
-35.3266 33.8034 0.756061 1.98262 4.53059 1.5413 158775 0 1.99052 0.275303 0
36.3878 26.8156 1.32584 2.05399 4.7834 1.53457 148703 0 1.65684 0.275094 0
-39.1522 19.466 -0.0502615 1.7353 4.08983 1.51622 137703 0 1.8409 0.274023 0
-68.6916 5.0086 -0.549255 1.69694 3.50719 1.54893 116551 0 2.15056 0.272934 0
-27.0776 18.0176 0.575022 2.12516 4.76742 1.80533 135869 0 1.78047 0.272158 0
0.835609 70.5614 3.3364 2.50844 5.94789 2.15741 212708 0 2.79907 0.271013 0
11.8827 26.3216 1.3371 2.18882 5.21042 1.63603 148159 0 -1.53933 0.268186 0
-3.9492 64.5486 2.3913 1.95141 4.36327 1.54451 203801 0 -1.35456 0.267348 0
33.4435 53.9632 1.88959 1.89932 4.25085 1.50349 188474 0 -1.52125 0.266813 0
15.1302 -4.49923 0.700039 0.701746 0.776206 0.98582 102773 0 -1.17042 0.266745 1
2.67216 55.3096 2.25127 2.10624 4.7327 1.86708 190250 0 1.55 0.265847 0
-5.01675 44.1061 1.96226 1.9806 4.48156 1.80416 173846 0 -1.53783 0.26579 0
32.7903 54.19 1.85055 1.87787 4.24223 1.46904 188940 0 -1.55611 0.265433 0
14.6222 70.2952 2.33459 1.85061 4.05634 1.5488 212283 0 -1.54007 0.264495 0
1.35773 43.9554 1.63043 1.89281 4.18749 1.47039 173866 0 1.6466 0.264047 0
19.6889 41.0147 1.93532 1.9531 4.3483 1.49092 169711 0 1.60557 0.26343 0
-39.5579 28.0986 0.547413 0.810792 0.941707 1.79264 150338 0 -2.80801 0.263091 1
-37.3302 22.2464 0.34969 2.04957 4.56459 1.85829 141921 0 1.83285 0.259993 0
39.163 38.8913 1.7649 1.991 4.50637 1.53794 166496 0 1.66374 0.259934 0
-70.1599 -1.90039 -0.698182 0.973266 1.03452 1.82655 106718 0 1.04752 0.258827 1
-53.693 48.0796 0.548416 2.09557 4.52742 1.60723 179778 0 -0.896573 0.257743 0
31.2475 39.0943 1.80069 2.06831 4.63568 1.54106 166939 0 -1.50171 0.257719 0
-26.7708 17.4623 0.548078 2.11965 4.85891 1.76781 134934 0 1.72848 0.257712 0
61.296 32.429 1.87856 2.1873 5.07084 1.7764 157205 0 3.09506 0.25629 0
-34.438 30.2244 0.483108 1.94582 4.38539 1.4764 153630 0 -1.9243 0.254247 0
51.9591 38.1923 1.86477 2.03936 4.58017 1.61922 165600 0 -1.60315 0.253029 0
-68.9909 5.51028 -0.558628 2.01014 4.45846 1.63367 117486 0 2.13119 0.252774 0
0.849091 69.9352 3.24478 2.2556 4.90767 1.92433 211772 0 3.06847 0.252765 0
30.9481 35.9269 1.60119 2.36101 5.67434 1.75722 162258 0 1.62253 0.252508 0
33.4076 57.0216 1.95643 2.02591 4.46461 1.62361 193154 0 -1.59017 0.251951 0
1.79884 55.2936 2.35296 2.35939 5.77464 2.03719 190247 0 1.05281 0.251942 0
-27.123 14.7543 0.411009 2.35695 5.79431 2.04069 131189 0 1.80763 0.251889 0
61.8815 31.8363 1.86525 2.0691 4.68614 1.68108 156271 0 0.221814 0.250972 0
13.0226 46.6699 1.72353 1.74457 3.8716 1.42955 177646 0 -1.4803 0.25085 0
-61.6771 11.6346 -0.421099 1.63556 3.46012 1.43117 126401 0 -1.33147 0.250293 0
-34.106 33.4267 0.8939 2.08636 4.80474 1.56772 158311 0 1.89622 0.250134 0
-25.1022 22.4576 0.597299 2.04545 4.53415 1.53151 142427 0 -1.39886 0.248148 0
-3.70223 49.4811 1.97102 2.04847 4.70313 1.72541 181806 0 -1.51066 0.24698 0
54.5544 11.5987 1.30174 2.13517 4.89936 1.6212 126764 0 1.47843 0.24691 0
-3.37074 55.8456 2.09519 2.01221 4.51314 1.55087 191167 0 -1.53656 0.246871 0
-36.2924 30.8815 0.659529 2.04434 4.50261 1.57799 154560 0 1.88376 0.245968 0
37.9352 38.6402 1.82876 1.99544 4.53669 1.5425 166024 0 1.60294 0.245393 0
60.2308 13.3013 1.45914 2.48038 5.77927 2.05587 129122 0 0.740534 0.245044 0
20.8789 37.2652 1.78937 0.803599 0.781607 1.65886 164099 0 1.41164 0.24482 1
-5.86215 41.009 1.79188 2.15401 4.93192 1.54515 169631 0 -1.54031 0.242431 0
-6.22755 29.2312 1.52339 2.13046 4.83347 1.59953 152314 0 -1.46339 0.241998 0
36.7016 44.6571 1.82982 1.87024 4.24096 1.49398 174912 0 1.6174 0.241866 0
-17.1571 22.8359 0.79746 2.01224 4.52669 1.54844 142920 0 -1.55779 0.241775 0
59.4538 5.98862 1.10621 2.07805 4.72745 1.92149 118355 0 0.0582705 0.23972 0
31.8582 54.2125 1.76868 1.89907 4.387 1.46407 188937 0 -1.61586 0.23855 0
-6.86859 26.16 1.56034 2.19648 5.02855 1.80925 147632 0 1.16116 0.236804 0
61.0187 32.1539 1.8793 2.04235 4.59253 1.68638 156736 0 0.126447 0.23471 0
35.3168 -8.18032 0.624128 0.585716 0.630212 0.967548 97688 0 -1.38913 0.234592 1
54.245 8.16089 0.920354 1.92358 4.56052 1.54151 121615 0 1.6234 0.234535 0
54.2392 28.9593 1.6172 2.15139 4.92546 1.70398 152035 0 -1.61122 0.234294 0
14.9581 -4.51217 0.770199 0.67414 0.737343 1.03826 102772 0 -1.80281 0.234132 1
-0.141327 25.8901 1.32892 2.00879 4.58899 1.50225 147185 0 1.55806 0.233367 0
35.3407 -8.4653 0.548146 0.572479 0.618091 0.976177 97220 0 -1.38941 0.233032 1
37.6669 39.1403 1.87144 2.03255 4.63561 1.56132 166959 0 1.63549 0.232853 0
-24.2023 22.4869 0.584098 2.02045 4.47784 1.59213 142430 0 -1.40586 0.232823 0
37.5922 36.0119 1.41687 1.9554 4.41998 1.47624 162279 0 1.54397 0.23133 0
-42.1354 9.66559 -0.236674 1.93166 4.3305 1.50073 123654 0 1.85797 0.230863 0
49.4372 20.3067 1.37751 2.02201 4.60494 1.56983 139384 0 -1.45475 0.229871 0
38.8734 36.3146 1.8202 1.95143 4.32562 1.54758 162751 0 1.53674 0.229871 0
-4.2954 65.0529 2.39605 2.22143 5.0307 1.69786 204736 0 -1.47457 0.22987 0
51.3735 37.6454 1.86465 1.88711 4.22173 1.5169 164662 0 -1.53839 0.229711 0
19.9949 40.5812 1.91597 1.8653 4.1395 1.44786 168776 0 1.63372 0.22907 0
-67.9339 11.0573 -0.554795 2.13251 4.81741 1.60586 125445 0 -1.16372 0.228181 0
12.9033 29.5121 1.42273 1.94094 4.59264 1.48222 152842 0 -1.56112 0.22747 0
-18.4559 38.185 0.96518 2.14693 4.92262 1.61248 165380 0 -1.21885 0.226961 0
21.591 67.0657 2.28894 2.02186 4.59477 1.68342 207625 0 1.65476 0.226582 0
-54.4778 47.8475 0.580297 2.31196 5.57981 1.82921 179307 0 -1.16756 0.2256 0
48.8568 14.3333 1.27494 1.94486 4.3293 1.60186 130490 0 -1.54041 0.224052 0
60.2675 13.5705 1.49788 2.55591 6.07103 2.07811 129590 0 0.188394 0.223893 0
14.0181 -4.32857 0.915842 0.846062 0.905802 1.83369 103237 0 -1.46041 0.223726 1
50.3989 14.5087 1.35286 2.03097 4.54411 1.69022 130963 0 -1.55222 0.223528 0
61.5916 31.5786 1.86914 1.90146 4.21506 1.58356 155802 0 0.311784 0.223371 0
18.0593 28.4124 1.39763 1.96826 4.50628 1.43706 150986 0 1.591 0.222986 0
-3.38028 49.7521 1.99127 2.06051 4.66427 1.71715 182275 0 -1.56874 0.222418 0
31.2297 45.1922 1.98196 2.0095 4.6327 1.51508 175831 0 -1.54769 0.222231 0
15.454 70.3126 2.34443 2.1611 4.92811 1.7889 212286 0 -1.544 0.222158 0
36.9712 24.1414 1.46838 2.27379 5.27632 1.71924 144961 0 -1.50645 0.221737 0
-46.629 12.0246 -0.351271 1.75857 3.87101 1.50714 126916 0 -1.22332 0.221186 0
49.1576 20.0206 1.36604 1.9259 4.34358 1.49439 138915 0 -1.41267 0.220976 0
-64.1233 6.66689 -0.486767 2.25545 4.94139 1.76456 118905 0 -1.32403 0.22006 0
-27.1881 4.77951 -0.0175734 0.879785 0.975508 1.75146 116213 0 -1.52084 0.219223 1
34.6801 -7.96631 0.755174 0.742059 0.859179 1.55314 98154 0 -1.32552 0.219138 1
-4.8945 58.7958 2.24826 1.77843 4.04884 1.53671 195374 0 -1.4908 0.218828 0
-73.0028 -9.69083 -0.559485 0.854553 0.892356 1.7286 95009 0 -1.44497 0.21808 1
-5.26344 49.7391 2.04942 2.13665 4.89579 1.74603 182269 0 -1.57835 0.216617 0
-27.6583 17.5234 0.534449 2.13224 4.67231 1.8336 134931 0 1.77394 0.215847 0
-70.0217 -1.91032 -0.723696 0.974439 1.04258 1.83999 106719 0 1.00052 0.213322 1
15.7481 55.416 2.24657 2.3362 5.41309 1.93322 190759 0 -1.48145 0.213269 0
15.4315 67.9051 2.32015 2.32504 5.33901 1.9312 209010 0 -1.59847 0.213247 0
-4.63367 49.9991 2.0216 2.09124 4.72871 1.7126 182739 0 -1.58735 0.211029 0
12.4206 32.2263 1.49387 1.7062 3.69559 1.37637 156584 0 -1.48945 0.210934 0
-47.1337 14.8816 -0.137437 2.21197 4.8822 1.71638 131126 0 -1.2125 0.210701 0
50.7365 37.9047 1.82168 1.86276 4.26076 1.46982 165128 0 -1.52464 0.210635 0
-63.2558 6.85204 -0.558846 1.96868 4.23697 1.6509 119376 0 -1.21111 0.210308 0
37.2043 8.90083 1.00433 1.9596 4.60367 1.57481 122498 0 1.64343 0.21009 0
38.5617 36.0502 1.66387 1.92903 4.33058 1.51281 162282 0 1.57264 0.209888 0
-4.34146 58.4986 2.18751 1.85448 4.24055 1.58211 194908 0 -1.47952 0.209464 0
-39.6007 17.1189 0.133097 1.84618 3.86677 1.71218 134426 0 1.89042 0.209161 0
61.9115 31.5536 1.87816 1.98189 4.41507 1.6229 155803 0 0.498635 0.208177 0
38.8737 38.6273 1.74089 1.91178 4.45036 1.50251 166027 0 1.66047 0.208047 0
-19.2848 38.0041 0.884761 1.9779 4.44578 1.44665 164909 0 -1.18406 0.207502 0
-70.1476 -2.2671 -0.658443 0.983631 1.0496 1.87025 105782 0 1.05647 0.207129 1
-41.7786 9.18283 -0.252881 2.04305 4.56401 1.54406 122719 0 1.78082 0.206314 0
51.6971 46.5631 1.9277 2.00039 4.53185 1.60976 177767 0 -1.79273 0.206193 0
-18.6605 23.1001 0.815676 2.20208 5.12911 1.65639 143383 0 1.69149 0.205694 0
14.8898 70.005 2.34662 1.8662 4.0928 1.55915 211816 0 -1.5231 0.205559 0
-41.1205 29.6002 0.75196 2.02346 4.51814 1.73209 152673 0 1.98778 0.20504 0
14.1509 -3.32671 0.866549 0.855024 0.938804 1.72606 104642 0 -1.28461 0.204401 1
34.3946 31.1495 1.38023 0.70819 0.684752 1.60413 155249 0 -3.05022 0.20426 1
-42.9806 9.71609 -0.311981 1.92655 4.29709 1.54035 123651 0 1.86669 0.204138 0
32.5317 56.5695 1.8503 1.89191 4.37427 1.47825 192215 0 -1.79604 0.20306 0
32.4628 45.1915 1.98394 1.99473 4.48187 1.51766 175835 0 -1.55216 0.202991 0
19.9455 31.8584 1.39092 2.07745 4.62423 1.6336 156140 0 2.50957 0.202738 0
51.0712 38.1947 1.85492 1.87297 4.11077 1.47394 165597 0 -1.55899 0.20252 0
-67.6886 2.47392 -0.408201 0.856215 0.958235 1.78173 112810 0 -1.92554 0.201795 1
0.811226 70.839 3.4098 2.38919 5.65647 2.12679 213176 0 2.19948 0.201785 0
0.852325 43.1288 1.72044 2.09589 4.78051 1.5915 172460 0 1.4398 0.201279 0
13.0063 40.9424 1.91085 1.86729 4.32452 1.79453 169222 0 -1.52135 0.201047 0
30.368 9.3555 1.16673 1.80285 3.537 1.67443 123412 0 -1.45949 0.20013 0
20.9623 52.6313 2.49883 2.27824 5.21996 1.97418 186563 0 -1.55868 0.200051 0
19.6489 46.7944 2.09633 2.14014 4.79262 1.65803 178135 0 1.56405 0.199758 0
50.4123 37.6337 1.76868 1.81047 4.09113 1.42565 164659 0 -1.54746 0.199548 0
3.30037 55.5086 2.13156 2.08398 4.43175 1.79364 190720 0 1.5601 0.199308 0
55.1947 23.5072 1.66935 1.97939 4.32155 1.54683 144082 0 1.49749 0.198359 0
13.8252 44.2237 1.7896 2.20557 5.12692 1.80723 174373 0 -1.5467 0.197801 0
35.6241 -8.50535 0.50909 0.585072 0.607133 1.00612 97221 0 -1.44456 0.197782 1
13.0274 43.7706 1.76796 1.849 4.01031 1.63253 173434 0 -1.51704 0.197566 0
-67.7035 8.12753 -0.383317 2.01009 4.49275 1.60952 121234 0 -1.17447 0.197025 0
-42.6893 9.21889 -0.296804 2.0394 4.50426 1.57235 122716 0 1.75721 0.195747 0
-73.0041 -9.52356 -0.551879 0.86698 0.900857 1.73286 95477 0 -1.41453 0.195407 1
34.7857 -8.40807 0.742783 0.707682 0.946135 1.52142 97218 0 -1.31983 0.19516 1
30.3255 21.8202 1.22351 2.01595 4.58819 1.4263 141664 0 -1.52347 0.195079 0
11.5971 19.1364 1.16977 2.10908 5.02833 1.59842 137394 0 -1.53938 0.194794 0
68.6402 9.42648 1.4545 2.05637 4.59017 1.62552 123532 0 0.0221113 0.194591 0
-69.9827 -2.29306 -0.643076 0.987736 1.04233 1.89474 105783 0 1.07801 0.194315 1
-5.33286 31.6449 1.67557 1.98791 4.69021 1.59383 155593 0 -1.47378 0.193645 0
-3.68163 56.11 2.11564 2.01185 4.50689 1.58951 191634 0 -1.48686 0.193621 0
-21.0035 29.7003 0.838297 2.04768 4.6786 1.49557 152736 0 -1.2474 0.193398 0
54.5518 25.7837 1.47452 1.95677 4.42779 1.47061 147356 0 1.52921 0.193217 0
-41.7543 33.7743 1.18346 2.06554 4.56508 1.62091 158755 0 -1.08631 0.193052 0
51.6583 46.8637 1.95228 2.07193 4.7026 1.65673 178235 0 -1.06136 0.192625 0
-46.3124 15.1068 -0.195406 2.01998 4.31429 1.65518 131597 0 -1.15223 0.192423 0
14.1491 -3.06774 0.801472 0.801811 0.876963 1.64094 105110 0 -1.26631 0.192173 1
1.34145 43.4247 1.61988 1.80852 4.02306 1.47711 172930 0 1.50561 0.191997 0
-67.1154 11.316 -0.626687 1.84954 4.05839 1.47791 125916 0 -1.10609 0.19184 0
-22.5855 -9.36271 0.803712 0.803048 0.860709 1.7766 95635 0 1.27721 0.191605 1
-26.072 22.5885 0.613357 2.02036 4.40939 1.51558 142424 0 1.76569 0.191097 0
51.9674 46.2565 1.89932 2.11684 4.84321 1.70534 177300 0 -1.71589 0.190133 0
37.0073 44.386 1.77373 1.87005 4.23571 1.48561 174445 0 1.59094 0.190005 0
-46.5428 52.9438 0.849059 2.04373 4.64245 1.55788 186820 0 -1.24392 0.189731 0
-34.3944 30.0142 0.432395 1.96184 4.37446 1.4802 153162 0 -2.98412 0.189319 0
2.3587 52.6653 1.8956 1.82984 4.04061 1.48652 186505 0 -1.62854 0.189281 0
-48.5536 4.40655 -0.446143 1.78812 3.65912 1.53792 115678 0 -1.36219 0.188837 0
-67.6658 11.6133 -0.595447 2.06306 4.67046 1.57129 126382 0 -1.09649 0.188306 0
19.0167 28.7075 1.43877 1.95313 4.3681 1.49424 151457 0 -1.54995 0.187834 0
14.9737 54.9988 2.12734 1.8014 3.90325 1.60631 189820 0 -1.41869 0.187441 0
-0.826202 19.7453 1.41628 1.98294 4.55216 1.71172 138291 0 1.66603 0.18738 0
3.04028 43.2933 1.43152 0.838745 1.71328 1.57411 172935 0 -2.97575 0.187286 2
55.5434 34.4 1.55162 1.97745 4.57088 1.61192 159995 0 1.50091 0.187131 0
-46.9556 12.5389 -0.35436 1.91205 4.15121 1.55699 127851 0 -1.20018 0.187073 0
-5.58231 49.4807 2.08366 2.05798 4.63717 1.72402 181800 0 -1.55992 0.186915 0
59.7629 11.6691 1.36843 2.05837 4.40383 1.90071 126780 0 0.0684587 0.186894 0
-7.18759 26.3236 1.52037 2.39041 5.38787 1.8427 148099 0 1.58467 0.186735 0
38.2016 44.3888 1.98564 1.91433 4.31746 1.51037 174449 0 1.59722 0.186292 0
37.5933 34.7541 1.44755 1.94202 4.28442 1.45296 160407 0 -1.46412 0.185602 0
54.8894 23.2237 1.59151 1.9469 4.35281 1.51329 143613 0 1.521 0.185522 0
14.4446 -4.84648 0.847929 0.790677 0.856912 1.65375 102303 0 -1.67039 0.185397 1
33.0896 56.5826 1.91905 1.84113 4.15796 1.48561 192217 0 -1.52092 0.185332 0
-34.3865 33.1887 0.752847 1.98327 4.56077 1.54888 157842 0 1.85904 0.185209 0
-3.69331 50.022 1.98823 2.05506 4.65916 1.72455 182742 0 -1.57055 0.185179 0
-20.0065 35.8928 1.17832 2.08355 4.6673 1.54693 162099 0 -1.14342 0.18484 0
-41.4081 29.2855 0.705846 2.06855 4.71072 1.76162 152204 0 1.94591 0.184648 0
37.2717 44.8556 1.93704 1.98952 4.4333 1.51104 175382 0 1.62667 0.183862 0
37.2567 21.1914 1.49421 2.03073 4.6814 1.56174 140750 0 1.62206 0.183715 0
12.7322 46.9096 1.74697 1.60797 3.26484 1.35192 178113 0 -1.54144 0.18368 0
15.1054 73.7696 2.52741 2.26822 5.24699 1.84268 217433 0 -1.5386 0.183397 0
50.1751 34.8178 1.7284 1.92607 4.50511 1.55814 160446 0 -1.54031 0.183325 0
-5.00838 29.1995 1.40048 1.99736 4.6929 1.52338 152318 0 -1.48121 0.183015 0
55.1997 26.0778 1.62394 1.96551 4.37832 1.48498 147826 0 1.46172 0.182144 0
40.5934 36.0964 1.68171 0.83 0.877174 1.64473 162288 0 -3.04465 0.182034 1
13.991 73.5531 2.10388 1.62738 3.66981 1.3817 216961 0 -1.52953 0.181953 0
-41.1148 11.494 -0.192014 1.63769 3.6797 1.42398 125997 0 1.8813 0.18192 0
42.7647 50.645 2.06027 0.806515 0.79103 1.67009 183823 0 1.01911 0.181692 1
14.5546 -4.36519 0.844227 0.752155 0.871122 1.59394 103239 0 -1.59789 0.181444 1
9.25072 -5.42387 0.814181 0.842628 0.939687 1.76279 101818 0 1.38869 0.181421 1
12.3422 28.7453 1.40538 1.81965 4.14712 1.47119 151436 0 -1.49289 0.180616 0
-33.4635 33.1142 1.00909 2.08398 4.68692 1.5481 157845 0 1.81332 0.180467 0
12.9433 31.9748 1.41956 2.00883 4.85576 1.51107 156118 0 -1.42156 0.180436 0
-67.6792 2.62859 -0.40594 0.851207 0.912138 1.75836 113278 0 -1.11869 0.180302 1
-6.20337 68.3608 2.60721 1.88267 4.2731 1.63328 209410 0 -1.49292 0.180295 0
14.5022 -3.9913 0.893529 0.79525 0.859877 1.67745 103707 0 -1.38589 0.180171 1
18.1651 31.6124 1.39515 2.00918 4.62985 1.55597 155666 0 1.56008 0.180118 0
-49.4075 4.12699 -0.402952 2.36662 5.2605 1.81586 115207 0 -1.45301 0.179468 0
32.1534 44.3783 1.84083 1.83483 4.09354 1.47958 174430 0 -1.47746 0.179451 0
-4.32648 49.1783 1.94368 1.95221 4.38616 1.63633 181336 0 -1.55563 0.179203 0
55.516 25.7852 1.639 1.92147 4.26192 1.48008 147359 0 1.53136 0.179134 0
38.5245 44.6166 2.11694 2.01733 4.50547 1.56985 174918 0 1.60398 0.178741 0
1.12921 44.2201 1.6206 2.09235 4.7602 1.55189 174333 0 1.65946 0.178494 0
-45.0364 17.7251 -0.0816056 2.1115 4.72195 1.71574 135345 0 -1.19834 0.178463 0
1.13281 68.359 2.97564 2.29631 5.32225 2.03256 209433 0 1.58636 0.178434 0
15.159 -4.12344 0.727753 0.69994 0.73727 1.04556 103709 0 0.417217 0.178389 1
-3.67735 55.5811 2.09469 2.0294 4.54645 1.58206 190698 0 -1.55272 0.177592 0
-7.45111 20.3156 1.11982 2.00515 4.49743 1.48348 139206 0 -1.52264 0.177405 0
21.2723 66.7749 2.30261 2.03317 4.62011 1.67845 207156 0 1.59412 0.177291 0
-53.9178 47.2778 0.52239 1.83423 4.15778 1.51615 178373 0 -1.26624 0.177152 0
55.5017 23.2108 1.6621 2.07005 4.65753 1.58099 143615 0 1.42634 0.176431 0
40.1411 38.2559 1.89961 2.02473 4.44134 1.55065 165563 0 2.10919 0.176292 0
15.4126 64.5556 2.09635 2.2767 5.38271 1.7358 203862 0 -1.47958 0.176111 0
-4.30558 55.8498 2.10034 2.02155 4.54082 1.65054 191164 0 -1.529 0.175942 0
51.3748 46.9002 1.95088 1.97795 4.44424 1.59029 178234 0 0.949443 0.175654 0
1.6353 -3.50973 0.884839 0.879052 1.03149 1.73109 104603 0 1.5234 0.17514 1
1.19772 52.8883 2.04169 2.11399 5.03027 1.74184 186969 0 1.57237 0.174985 0
39.8255 38.5568 1.84478 2.06821 4.67295 1.58178 166030 0 1.84426 0.174794 0
-64.7437 7.15035 -0.48127 2.22563 5.00627 1.75154 119839 0 -1.30036 0.174771 0
14.6477 58.197 1.92733 1.80275 4.114 1.46579 194499 0 -1.37569 0.174571 0
16.7452 -3.25191 0.79028 0.762546 0.844709 1.47309 104650 0 0.531285 0.17437 1
15.4001 -4.33591 0.728862 0.712428 0.779631 1.01441 103242 0 -1.39075 0.174252 1
55.1846 28.941 1.71383 2.0927 4.63459 1.74447 152038 0 -1.59659 0.174042 0
-47.2353 -11.3436 -0.919855 2.03009 4.56695 1.58277 92750 0 -3.1005 0.173854 0
-62.7914 11.6843 -0.372395 2.15222 5.07089 1.67556 126397 0 -1.54521 0.173701 0
51.6852 38.493 1.8731 1.95457 4.36824 1.53918 166067 0 -1.63668 0.173598 0
32.21 57.0133 1.91741 2.00749 4.5701 1.53362 193150 0 -1.55573 0.173147 0
30.6209 38.9398 1.72173 1.94297 4.43735 1.53774 166469 0 1.4078 0.173038 0
42.7887 50.4812 2.07465 0.73288 0.724499 1.68796 183355 0 -1.92661 0.172517 1
0.780403 67.6148 2.99342 0.857982 0.97764 1.85927 208496 0 1.60356 0.172412 1
-36.0352 31.1293 0.747614 2.04002 4.47964 1.56146 155029 0 2.02132 0.172233 0
22.5237 67.0125 2.36426 2.05258 4.63101 1.68005 207628 0 1.68187 0.172082 0
54.2573 26.026 1.53977 1.94383 4.33009 1.44497 147823 0 1.5184 0.171944 0
36.858 15.4249 1.18428 2.20253 5.53651 1.65863 132325 0 1.63078 0.171388 0
-22.5026 30.2618 0.949391 2.10148 4.61189 1.53885 153667 0 -1.32848 0.171362 0
13.8129 47.1197 1.82318 2.23299 5.31836 1.77558 178585 0 -1.57269 0.171224 0
31.2088 18.5065 1.14406 1.71261 3.87227 1.41924 136519 0 -1.49288 0.171034 0
37.2856 35.7183 1.38306 1.95606 4.42816 1.47691 161810 0 1.51254 0.170844 0
-31.8903 38.9257 0.715183 1.95443 4.44349 1.49197 166274 0 1.93943 0.170493 0
-4.66252 68.0716 2.57959 1.86118 4.29454 1.5711 208947 0 -1.42531 0.170292 0
-25.7204 22.3226 0.591586 2.03175 4.4296 1.53053 141957 0 1.70236 0.170172 0
-69.8121 -2.7728 -0.611054 0.978918 1.11334 1.94219 105315 0 1.37432 0.17015 1
-6.22661 49.7372 2.05038 2.12395 4.80495 1.77987 182266 0 1.5706 0.169879 0
39.1748 36.638 1.89268 1.99308 4.36325 1.57419 163220 0 1.5511 0.169236 0
32.1484 43.7078 1.80957 1.90473 4.26821 1.5002 173494 0 -1.48348 0.169103 0
18.0605 29.1846 1.38348 1.9486 4.52587 1.49735 152390 0 1.58756 0.16903 0
-69.2775 4.74561 -0.499782 2.03526 4.49428 1.68312 116081 0 -1.58256 0.16871 0
-41.6571 11.7554 -0.246525 2.07265 4.83849 1.60259 126463 0 1.89371 0.16865 0
19.6374 46.3437 2.06782 2.07259 4.63074 1.646 177199 0 1.58736 0.168587 0
20.9693 67.3365 2.33513 2.02256 4.55222 1.67362 208091 0 1.72912 0.16824 0
11.1355 19.1607 1.10885 1.80369 4.07549 1.46438 137392 0 -1.51997 0.168119 0
-41.4667 34.056 1.1521 2.03374 4.46754 1.58198 159224 0 -0.965928 0.168088 0
37.2956 35.0058 1.43009 1.95194 4.37 1.47551 160874 0 -0.418401 0.167671 0
14.9111 64.2906 1.99975 1.98764 4.63123 1.54805 203392 0 -1.40956 0.167204 0
1.75413 53.1868 1.93795 1.96253 4.39252 1.59365 187439 0 1.61295 0.167068 0
31.412 21.8414 1.17329 2.09827 4.913 1.50258 141668 0 -1.52313 0.166979 0
-5.94597 23.1829 1.24338 1.96665 4.52741 1.48752 143423 0 -1.4658 0.166934 0
50.7197 23.5167 1.36796 1.93646 4.31564 1.47046 144068 0 -1.60317 0.166732 0
-26.6719 22.8583 0.598436 2.11366 4.70851 1.55588 142890 0 1.83383 0.16655 0
0.365807 26.3242 1.22656 1.76187 3.94261 1.38866 148123 0 1.612 0.166313 0
-6.89854 26.2985 1.56679 2.34432 5.25506 1.80598 148100 0 -1.27377 0.166121 0
0.591537 43.4181 1.7618 2.19446 5.20875 1.6446 172927 0 1.51113 0.165955 0
-17.7472 37.6821 1.11283 2.10451 4.799 1.69757 164446 0 -1.17008 0.16541 0
30.9363 27.1593 1.40191 2.13168 4.81857 1.50947 149154 0 1.62504 0.165401 0
55.8333 23.5194 1.71092 2.15383 4.84117 1.67065 144084 0 1.42011 0.165347 0
68.9313 9.14803 1.43244 2.12553 4.83435 1.67801 123065 0 -0.0591624 0.165133 0
0.0773163 26.6062 1.25501 1.90905 4.30079 1.46739 148590 0 1.66628 0.164952 0
37.3046 34.7527 1.4508 1.91343 4.21023 1.46205 160406 0 0.228628 0.16484 0
-34.1593 30.1868 0.453307 2.00284 4.4697 1.48504 153631 0 -1.56617 0.163896 0
-47.2217 -11.0876 -0.952561 1.95409 4.3547 1.57421 93218 0 -0.421379 0.163871 0
19.341 28.9237 1.42099 1.9352 4.35877 1.54157 151926 0 -1.57334 0.163481 0
-36.3128 34.084 0.834231 2.02828 4.51297 1.57507 159240 0 1.96754 0.163409 0
37.2621 21.0472 1.50157 1.95777 4.46905 1.54113 140282 0 -0.401795 0.163017 0
41.0028 36.2606 1.72401 0.83936 0.873542 1.63004 162758 0 -3.09465 0.16299 1
-48.0962 9.54732 -0.074718 2.49497 5.90595 2.02903 123167 0 -1.32184 0.162813 0
21.9005 67.293 2.33005 2.06251 4.66694 1.68894 208094 0 1.71138 0.162505 0
-20.243 35.438 1.20957 2.07602 4.67311 1.53397 161162 0 -1.14828 0.162276 0
1.72055 52.0667 1.8708 1.94017 4.34326 1.58022 185567 0 -1.62127 0.161756 0
-27.3977 18.3255 0.586987 2.07498 4.55938 1.81254 136336 0 1.78942 0.16161 0
37.9112 36.255 1.55235 1.97443 4.42435 1.48819 162748 0 1.54942 0.161389 0
-14.5591 71.1845 2.30336 2.10587 4.79611 1.81746 213596 0 -1.57291 0.160885 0
-1.70244 20.2803 1.351 2.09055 4.96017 1.66248 139224 0 1.70344 0.160832 0
11.5426 -2.93571 0.775649 0.818666 0.963779 1.60049 105102 0 0.0276178 0.160726 1
54.4712 5.50893 1.11057 2.14447 5.26263 1.92866 117872 0 1.61606 0.1607 0
-61.9197 11.1189 -0.454529 1.63908 3.47612 1.4607 125464 0 -1.42127 0.160619 0
-18.0471 -16.1567 0.0249301 2.13703 4.7887 1.63582 85821 0 3.00209 0.160527 0
50.4101 38.2013 1.79118 1.90911 4.31528 1.47821 165595 0 -1.50245 0.160489 0
51.7178 45.9378 1.86907 1.94327 4.45538 1.58286 176831 0 -1.55399 0.160418 0
-27.0293 17.208 0.527093 2.08008 4.60667 1.7754 134465 0 1.719 0.160211 0
29.8872 6.5071 1.29774 0.757434 0.836735 1.72948 119199 0 0.880912 0.159387 1
20.6711 52.344 2.50635 2.0777 4.68122 1.80191 186094 0 -1.56055 0.159264 0
35.7617 15.4686 1.18672 1.75441 3.79613 1.41753 132321 0 1.64658 0.158866 0
-15.8498 36.575 0.944246 0.789398 1.36115 1.52304 163048 0 0.379619 0.158483 0
-46.9047 51.6869 0.84247 1.94235 4.41354 1.55441 184947 0 -1.26721 0.157589 0
-46.8375 52.6402 0.837143 2.06114 4.67392 1.60456 186351 0 -1.18646 0.157502 0
53.2916 25.7614 1.40143 1.99274 4.43519 1.46564 147352 0 1.49297 0.157383 0
