-11.4135 6.29671 0.599808 2.00635 4.60056 1.4891 118602 0 1.56337 0.933594 0
26.9854 13.9749 0.226664 2.11671 4.56679 1.6703 129954 0 0.926632 0.913574 0
30.324 -6.27258 0.157357 2.10348 5.05766 1.88674 100480 0 -1.58219 0.90918 0
-17.383 6.35404 0.724326 2.02887 4.59349 1.76251 118583 0 1.5493 0.908691 0
-34.0234 -6.94051 0.556482 2.03735 4.62349 1.48582 99343 0 -1.58855 0.908203 0
17.6788 33.4406 0.0353786 2.05878 4.67393 1.51624 158473 0 3.07277 0.904785 0
-26.6828 -6.67677 0.558689 1.99825 4.43687 1.48851 99834 0 -1.62209 0.901855 0
42.9349 26.3626 0.333804 2.23636 5.39137 1.92806 148256 0 1.49227 0.897461 0
37.6033 -6.15814 0.0315134 1.97262 4.49055 1.53078 100503 0 -1.55404 0.886719 0
29.334 3.9185 0.857376 2.62186 6.05233 2.99 115453 0 1.54195 0.885742 0
3.27386 16.1415 0.727579 2.20915 4.80061 1.80929 133156 0 -0.0271034 0.885742 0
0.274033 20.6983 0.65586 2.2107 4.89207 1.89667 139698 0 0.018478 0.879883 0
32.4155 44.0003 0.126289 2.00025 4.43541 1.55767 173963 0 3.12124 0.879883 0
17.7201 28.1005 0.178518 2.00439 4.28925 1.75034 150517 0 3.11668 0.876953 0
52.6667 11.0221 0.352182 0.797661 0.907349 1.77011 125822 0 1.47527 0.874512 1
-22.9499 6.30539 0.583505 1.82017 4 1.54589 118566 0 1.5454 0.873535 0
12.0766 11.985 0.551078 0.822317 0.972752 1.67627 127099 0 1.55319 0.871582 1
52.9811 11.6606 0.353148 0.789059 0.889313 1.75996 126759 0 1.56776 0.870605 1
-37.8701 5.99615 0.519206 1.98468 4.6439 1.63736 118051 0 1.51245 0.867188 0
48.5236 19.3796 0.284318 1.91857 4.26716 1.56864 137977 0 -1.59173 0.864258 0
6.69014 16.374 0.665656 2.09388 4.69997 1.72246 133634 0 0.00260303 0.863281 0
48.499 17.1509 0.414462 2.03063 4.87622 1.77657 134701 0 -1.56937 0.861816 0
24.1386 17.4141 0.243846 2.07735 4.5206 1.69096 135093 0 0.767243 0.858887 0
16.8876 3.24236 0.547942 2.09119 4.43873 1.87545 114478 0 1.55698 0.854492 0
39.5061 41.365 0.242916 1.92891 4.09374 1.66959 170241 0 -1.82283 0.846191 0
55.5696 -5.82947 0.186714 1.90846 4.22052 1.62822 101027 0 -1.56724 0.845703 0
17.1864 56.7946 -0.145853 1.94806 4.46732 1.55182 192635 0 -3.10195 0.843262 0
-46.3065 -6.95172 0.591749 2.00177 4.36013 1.61144 99305 0 -1.57675 0.83252 0
-49.168 -10.7926 0.668206 0.744582 0.788668 1.67834 93680 0 -1.61777 0.831055 1
43.0619 -6.15002 0.194604 2.01619 4.3942 1.77707 100520 0 -1.62466 0.830566 0
-60.3576 -11.5759 0.685928 0.761835 0.764258 1.75602 92241 0 1.34664 0.827637 1
27.6784 -9.77673 0.158975 0.900686 0.98353 1.77524 95324 0 -1.5637 0.82373 1
-19.4389 10.9765 0.77371 0.902996 0.89925 1.76515 125597 0 -1.5369 0.82373 1
17.4799 49.4702 0.00240858 1.89952 4.01745 1.59677 181872 0 3.05279 0.822754 0
-70.8819 2.3566 0.635035 2.01676 4.48679 1.54172 112800 0 1.59826 0.810547 0
-49.3937 -10.0805 0.58915 0.772309 0.795566 1.62772 94615 0 -1.62022 0.807129 1
39.8251 3.57565 0.279636 2.11435 4.73795 1.53267 115018 0 1.57623 0.805176 0
48.4043 14.5648 0.426431 2.1068 5.01866 1.80969 130957 0 -1.61728 0.802246 0
-60.2439 -12.3632 0.666521 0.765349 0.774277 1.75717 91305 0 1.59132 0.799805 1
38.2895 12.2452 0.409431 0.857127 0.879879 1.78744 127649 0 1.4623 0.798828 1
29.8967 44.0516 0.290007 1.97253 4.23931 1.76631 173955 0 3.12007 0.796387 0
-40.5712 -7.09868 0.505955 2.02501 4.49456 1.51003 98855 0 -1.63807 0.79541 0
21.8864 6.03015 0.392624 2.36274 5.46246 2.06259 118238 0 1.55028 0.793945 0
18.3827 11.7249 0.222069 0.707141 0.774577 1.58752 126651 0 1.64076 0.785645 1
-32.2206 10.3806 0.593499 0.836139 0.945833 1.70407 124621 0 1.5256 0.78418 1
-34.0199 -3.54902 0.639173 2.08941 4.54847 1.51639 104023 0 -1.57121 0.782715 0
3.30277 23.2458 0.484424 2.05701 4.46099 1.57759 143452 0 -0.0209119 0.773926 0
-46.3046 9.19926 0.686978 0.869766 0.966347 1.7806 122705 0 1.61508 0.772461 1
50.9239 -9.77602 0.196319 0.815991 0.910816 1.65576 95397 0 1.50452 0.768555 1
-44.624 5.86086 1.32923 2.9005 7.23151 3.16606 118030 0 1.58056 0.765625 0
16.7493 10.1124 0.406482 0.845457 0.941215 1.67908 124306 0 -1.25266 0.763184 1
-48.1931 -3.6616 0.537894 2.03418 4.40764 1.51721 103979 0 -1.58339 0.761719 0
51.6487 3.74474 0.342705 1.98323 4.40386 1.49934 115055 0 1.56477 0.761719 0
14.9457 9.6478 0.385336 0.757153 0.934413 1.57775 123832 0 1.56361 0.761719 1
-59.1585 -11.6514 0.707665 0.823413 0.846459 1.74598 92245 0 -1.67518 0.760742 1
38.4724 11.4338 0.209501 0.790052 0.822108 1.63198 126246 0 1.47212 0.757812 1
48.4302 26.7802 0.37697 2.00133 4.50941 1.66236 148741 0 -1.64777 0.753418 0
34.9513 44.3204 0.391127 1.9896 4.44396 1.84477 174439 0 -3.13976 0.742676 0
-58.4389 5.82886 0.49007 2.01168 4.40186 1.57148 117987 0 1.56504 0.73877 0
-47.8681 9.84068 0.61386 0.813552 0.945324 1.70454 123636 0 1.61285 0.732422 1
18.756 12.5483 0.190932 0.780913 0.878931 1.59819 128056 0 -0.021004 0.726562 1
-64.9049 -11.7633 0.648181 0.751638 0.754639 1.67067 92227 0 -1.54153 0.716797 1
-23.196 -0.26635 0.901776 2.29312 4.82469 1.70078 109205 0 -1.57069 0.714844 0
52.8419 12.401 0.393817 0.847134 0.948344 1.76869 127695 0 1.60607 0.714355 1
-0.166138 42.1098 0.685383 2.11956 4.70128 1.8615 171053 0 0.0478615 0.710449 0
17.0221 72.1491 -0.0938468 2.03405 4.39691 1.69074 215099 0 3.10952 0.695801 0
-46.576 9.9686 0.679578 0.799695 0.933891 1.72937 124108 0 1.53657 0.694336 1
49.0665 24.276 0.222484 1.93857 4.34447 1.60611 144999 0 -1.53204 0.666992 0
18.6488 10.8493 0.24436 0.765077 0.848239 1.59303 125248 0 1.63454 0.661621 1
-11.6542 0.0120087 0.779794 2.07951 4.51763 1.53065 109709 0 -1.60045 0.650879 0
-51.3783 5.87753 0.784281 2.30935 5.34466 2.10671 118009 0 1.56254 0.64209 0
16.5505 10.2976 0.389715 0.779378 0.857811 1.59054 124773 0 -1.00793 0.64209 1
-47.8957 10.6092 0.657462 0.83693 0.916671 1.69726 125040 0 1.66886 0.64209 1
40.4167 36.2665 0.372701 0.78942 0.786737 1.67112 162756 0 3.10839 0.640137 1
35.1419 38.2049 0.177337 0.841645 1.57894 1.77517 165547 0 -0.34201 0.631836 2
54.4943 9.80165 0.287933 0.986513 1.12121 1.78483 123956 0 -1.58603 0.628906 1
16.5803 10.1881 0.410536 0.822334 0.922416 1.66584 124305 0 -1.63263 0.628418 1
69.6165 -5.54681 0.12168 1.96717 4.3583 1.48377 101539 0 -1.61336 0.621094 0
16.042 11.1598 0.365005 0.87514 0.919771 1.63138 125708 0 1.30465 0.621094 1
1.13457 -4.05975 1.70099 3.30833 13.249 3.56332 103665 0 -1.70664 0.620605 0
38.9822 31.8558 0.198661 1.97281 4.63371 1.50905 156199 0 -0.0933631 0.617676 0
17.063 67.3978 -0.0699183 1.90901 4.26233 1.51086 208079 0 -3.12954 0.616211 0
59.027 3.66757 0.301535 2.02077 4.55165 1.54714 115078 0 1.55476 0.609375 0
-66.3769 -9.5426 0.644034 0.811048 0.808033 1.81097 95498 0 -1.47371 0.606445 1
-53.0475 10.7493 0.73785 0.808117 0.89071 1.70359 125024 0 1.29224 0.597168 1
18.7449 12.4538 0.20931 0.753904 0.860101 1.60067 127588 0 0.632967 0.584961 1
-58.3108 -12.9344 0.715607 0.799219 0.83517 1.74135 90375 0 1.53521 0.569336 1
23.4525 36.6825 0.142204 1.99454 4.5291 1.54939 163171 0 3.07659 0.561035 0
-65.4227 -7.19325 0.437533 1.97503 4.45362 1.47717 98777 0 -1.54648 0.547363 0
35.2785 37.9775 0.182384 0.833134 1.71932 1.79586 165080 0 -0.228475 0.540039 2
-51.1006 -7.72916 0.688049 0.876252 0.986868 1.78981 97886 0 1.95617 0.538086 1
24.8354 35.8901 0.295344 0.86637 0.816388 1.73007 162239 0 -1.69284 0.526855 1
-0.202484 48.1604 0.710758 2.1126 4.69721 1.80743 179945 0 0.00471429 0.504883 0
-32.3829 10.3718 0.575695 0.852724 1.05369 1.69363 124620 0 1.58715 0.485352 1
-63.2738 10.9382 0.602387 0.784234 0.791738 1.6814 125460 0 1.07865 0.475098 1
-60.2491 -12.5216 0.65819 0.783922 0.789105 1.7487 90837 0 1.54062 0.4729 1
-63.2783 10.8154 0.6377 0.798642 0.822082 1.67086 124992 0 1.44813 0.472656 1
-43.3095 -24.1305 1.00764 0.754712 0.777477 1.70893 74042 0 -2.3172 0.463379 1
61.8207 14.9386 0.780086 0.803558 1.80957 1.78195 131467 0 1.49049 0.462646 2
24.9124 -34.0628 -1.31305 0.809714 0.906917 1.74264 59747 0 -3.13169 0.461426 1
26.3762 -10.6304 -0.0956546 0.786038 0.865356 1.45348 93916 0 1.73496 0.437256 1
16.6998 10.2867 0.391296 0.834375 0.898792 1.62795 124774 0 -1.22652 0.43457 1
-72.4585 -4.28122 0.4535 2.03999 4.53845 1.61396 102967 0 -1.57023 0.430908 0
40.2925 36.2707 0.381206 0.832808 0.830007 1.69367 162755 0 -3.02886 0.429688 1
18.389 11.878 0.234142 0.756114 0.841243 1.59257 127119 0 1.59266 0.429199 1
-48.0368 9.8263 0.636427 0.8304 0.965905 1.71252 123635 0 1.60443 0.427002 1
66.7438 3.73595 0.387072 2.06748 4.52243 1.6896 115102 0 1.5625 0.424316 0
-72.4872 5.5996 0.522136 2.01951 4.40718 1.673 117475 0 1.56314 0.419189 0
40.418 36.1172 0.36842 0.833554 0.86542 1.67877 162288 0 -3.08072 0.418945 1
-58.3217 -12.7416 0.725665 0.828968 0.866747 1.77738 90843 0 1.4343 0.415283 1
12.2626 -20.5422 0.568578 0.843831 0.773278 1.69569 79364 0 0.0544931 0.411621 1
-66.3942 5.65379 0.400402 1.94064 4.39442 1.54473 117494 0 1.57484 0.411621 0
-0.160797 73.7714 0.401187 2.14225 4.72699 1.7376 217385 0 -0.0237485 0.407715 0
52.7445 12.5146 0.422559 0.890504 0.956738 1.76977 128162 0 1.56387 0.404297 1
26.3793 -10.4861 -0.0644464 0.772775 0.829761 1.3789 94384 0 1.94622 0.403564 1
52.8276 11.0151 0.345625 0.804209 0.929844 1.77595 125823 0 1.50431 0.397461 1
-72.1878 -4.04113 0.410949 1.89564 4.14822 1.56602 103436 0 -1.51741 0.391113 0
-59.2763 -11.4705 0.664231 0.780436 0.802029 1.75851 92712 0 -1.62048 0.390381 1
-58.1711 -12.7361 0.718461 0.824848 0.865266 1.76693 90844 0 1.51917 0.384766 1
-63.4172 10.7983 0.650965 0.833499 0.852274 1.69686 124991 0 1.24891 0.380859 1
-60.4989 -11.4569 0.672302 0.738239 0.729836 1.7172 92708 0 -0.453641 0.375488 1
-63.4005 10.9301 0.643121 0.804602 0.83197 1.69461 125459 0 0.770428 0.366699 1
16.8043 9.87481 0.405121 0.799758 0.900198 1.68816 123838 0 -0.344887 0.35791 1
-53.0341 10.9207 0.746269 0.830301 0.905952 1.71586 125492 0 0.757114 0.357666 1
36.6995 9.34068 0.881253 0.778337 0.818728 1.69132 123432 0 1.50378 0.354736 1
-72.1379 -7.55367 0.414038 1.96886 4.51282 1.63732 98288 0 -1.57675 0.346436 0
-48.0358 10.5215 0.651175 0.82539 0.93755 1.70672 124571 0 1.61297 0.3396 1
-19.5698 10.8277 0.74316 0.812618 0.804464 1.70491 125128 0 -1.56679 0.338623 1
18.5432 10.9136 0.275995 0.747952 0.817064 1.57914 125715 0 1.60086 0.33667 1
-65.1684 -7.45668 0.421091 1.80005 3.87974 1.4247 98310 0 -1.57751 0.335449 0
-46.4869 9.36021 0.676136 0.859786 0.968433 1.77263 123172 0 1.56139 0.332031 1
-15.5585 -14.8326 0.154748 1.949 4.37088 1.47971 87701 0 1.44583 0.331299 0
-60.3014 -12.0416 0.674999 0.786237 0.785701 1.80507 91773 0 1.52452 0.330566 1
-60.4869 -11.5879 0.683764 0.775965 0.771134 1.75504 92240 0 1.54083 0.330078 1
52.6689 10.8605 0.36408 0.880526 0.967894 1.77887 125354 0 1.52031 0.322021 1
18.2175 11.7193 0.23431 0.76996 0.82502 1.64815 126650 0 1.61392 0.317139 1
58.4272 47.8648 0.304183 0.826685 0.866083 1.7474 179660 0 0.0994639 0.316895 1
21.6714 -8.39565 0.0245299 0.814503 0.942985 1.6614 97177 0 2.95948 0.310791 1
61.8377 15.0976 0.794916 0.824007 1.91932 1.80426 131935 0 1.40949 0.304443 2
27.672 -9.94273 0.143215 0.869536 0.948947 1.76168 94856 0 -1.58062 0.301025 1
28.333 6.56523 0.0302465 1.91484 4.33887 1.48628 119194 0 1.47265 0.300781 0
-66.2069 -9.51346 0.672341 0.82626 0.857851 1.8077 95499 0 1.79101 0.298096 1
67.0033 -5.57783 0.131452 0.813354 1.93753 1.38097 101531 0 -2.87884 0.297607 0
-60.1226 -11.6432 0.69383 0.745382 0.771697 1.76052 92242 0 -1.64955 0.296631 1
-47.6084 9.81475 0.614852 0.837011 0.948721 1.72533 123637 0 1.58362 0.295898 1
18.8955 12.5594 0.227731 0.836073 0.930445 1.65266 128057 0 -0.236024 0.294434 1
47.9513 26.7137 0.392479 1.71616 3.71933 1.6032 148739 0 -1.65644 0.293701 0
53.1327 11.674 0.349891 0.861459 0.940807 1.74995 126760 0 1.63784 0.29126 1
58.4775 3.45387 0.318451 1.66176 3.63776 1.49837 114608 0 1.59101 0.289062 0
-72.7484 5.8602 0.558675 2.2215 4.98004 1.79301 117942 0 1.55844 0.288818 0
-48.0494 9.98801 0.642778 0.850989 0.987607 1.71972 124103 0 1.6026 0.285645 1
-49.3992 -9.88484 0.58426 0.835107 0.867394 1.65645 95083 0 -1.59967 0.281494 1
-72.2134 5.86057 0.547096 1.93781 4.18492 1.61625 117944 0 1.63587 0.280273 0
38.371 11.5742 0.278523 0.812491 0.831778 1.67063 126713 0 1.52512 0.279541 1
-43.3236 -23.951 1.02102 0.791866 0.91054 1.74153 74510 0 -2.67637 0.2771 1
45.8299 -8.2708 0.789848 0.803006 0.820686 1.81562 97721 0 -1.72052 0.276611 1
-51.2522 -7.75346 0.693127 0.900361 1.27918 1.81107 97885 0 1.72911 0.275635 1
25.0484 -33.8699 -1.31214 0.82962 1.25621 1.75207 60216 0 -3.05162 0.275391 2
-43.1721 -24.142 1.00682 0.779162 0.804977 1.72041 74043 0 -2.36152 0.269287 1
-58.1713 -13.1685 0.735552 0.821101 0.851713 1.79621 89908 0 1.76392 0.266113 1
54.518 9.98803 0.263368 0.940679 1.62811 1.80589 124424 0 -1.62883 0.265869 1
12.0614 11.8255 0.537037 0.857506 0.992278 1.67888 126631 0 1.54337 0.265381 1
-53.036 10.5129 0.715765 0.873464 0.970145 1.72263 124556 0 1.4676 0.263916 1
27.68 -9.56689 0.191553 0.947507 1.04619 1.74861 95792 0 -1.54901 0.262939 1
17.1485 62.2567 -0.207074 2.03518 4.53413 1.59826 200591 0 3.13406 0.260986 0
-72.458 -3.75915 0.424922 2.01978 4.51068 1.59566 103903 0 -1.49915 0.260742 0
-63.5173 5.87291 0.549535 1.94781 4.17901 1.62273 117971 0 1.53655 0.258789 0
21.813 -8.2654 -0.0471524 0.80191 0.865052 1.63415 97646 0 3.13446 0.257568 1
-58.3305 -13.1693 0.736887 0.829289 0.862388 1.78672 89907 0 2.05382 0.256836 1
25.043 35.9253 0.298854 0.909563 0.892689 1.77565 162240 0 -1.71134 0.255615 1
26.1945 -10.6424 -0.0898187 0.82028 0.938458 1.58303 93915 0 -1.93947 0.253418 1
-39.1539 -9.37708 0.83559 0.807695 0.815419 1.7731 95583 0 1.53365 0.251953 1
-65.7165 -7.45851 0.45325 2.09701 4.8002 1.50408 98308 0 -1.59244 0.250977 0
-21.6783 12.6903 0.928929 0.751846 0.735535 1.75648 127930 0 1.40146 0.25 1
25.0065 35.7878 0.270312 0.863524 0.842547 1.70643 161772 0 -1.6937 0.248047 1
-0.408913 48.7477 0.685396 2.19659 4.84999 1.83546 180880 0 -0.0754703 0.246948 0
-0.461487 58.4223 0.510009 1.95717 4.29293 1.58908 194920 0 3.08596 0.245483 0
-19.3837 11.2673 0.673349 0.79022 0.808506 1.71806 126065 0 -1.57153 0.245117 1
-47.5026 5.965 1.47173 3.08952 12.3906 3.39458 118021 0 1.56273 0.244507 0
-32.2214 10.2201 0.599823 0.871319 0.969269 1.71361 124153 0 1.49244 0.243042 1
69.2739 -16.4392 0.0602974 2.01211 4.53393 1.59503 85626 0 -1.53726 0.242554 0
8.71599 50.8206 0.4404 0.81418 1.08174 1.64279 183717 0 -1.47362 0.239868 1
18.5857 11.7043 0.258332 0.729429 0.829535 1.62574 126652 0 1.81829 0.239746 1
26.1852 -10.4799 -0.049165 0.780503 0.874892 1.45498 94383 0 -1.59911 0.239014 1
-47.6008 9.9976 0.638224 0.836262 0.959216 1.73214 124105 0 1.61516 0.23877 1
24.8976 -33.882 -1.3384 0.836852 1.24561 1.75376 60215 0 3.08724 0.238403 1
50.8282 -9.94823 0.209939 0.820442 0.896069 1.63814 94928 0 1.47459 0.237793 1
-72.2143 5.33988 0.53928 1.79583 3.86284 1.55658 117008 0 1.55678 0.237427 0
69.9148 -5.80464 0.154539 2.2379 4.89335 1.54695 101072 0 -1.59065 0.236572 0
-21.8282 12.7003 0.971214 0.782776 0.74698 1.79378 127929 0 1.21504 0.236572 1
-66.2154 -9.66516 0.699375 0.824954 0.853958 1.80182 95031 0 1.58747 0.235962 1
-53.1651 10.9153 0.746697 0.837026 0.913098 1.71858 125491 0 0.623649 0.232788 1
-0.177971 58.7119 0.502825 1.99573 4.335 1.61554 195389 0 -3.13984 0.232666 0
-64.9838 -11.8781 0.649534 0.757189 0.765576 1.662 91758 0 -1.56658 0.230713 1
17.4286 62.5402 0.0151887 2.05543 4.59692 1.68187 201060 0 3.12432 0.229004 0
-0.484261 55.8408 0.532306 2.01148 4.43682 1.5945 191176 0 -0.0115693 0.227661 0
0.113914 74.3519 0.275147 2.35798 5.69571 1.85032 218322 0 0.115527 0.227661 0
23.478 35.7622 0.135363 1.97734 4.32523 1.58655 161767 0 -0.0409409 0.226562 0
18.4099 11.4722 0.270019 0.761582 0.803181 1.59759 126183 0 1.66193 0.22522 1
-71.5684 -7.78501 0.501504 1.98769 4.45826 1.66874 97822 0 -1.53961 0.223999 0
67.2974 3.93316 0.428719 2.31079 5.32513 1.80415 115572 0 1.53505 0.223755 0
27.8638 -9.76869 0.153426 0.914264 1.09818 1.79876 95325 0 -1.58631 0.222046 1
-0.384979 47.5731 0.708105 2.11507 4.60247 1.84132 179008 0 0.0375682 0.219849 0
24.8837 -34.2951 -1.3207 0.8607 1.45053 1.77231 59279 0 2.00024 0.21936 1
-46.7927 9.84361 0.65777 0.863776 1.26592 1.76046 123639 0 1.59375 0.218994 1
68.9994 -16.1938 0.0185488 1.83495 4.08771 1.52979 86093 0 -1.58891 0.218872 0
27.5053 -9.77444 0.184135 0.943468 1.01024 1.78611 95323 0 -1.58382 0.217529 1
-24.0691 -0.225601 0.916546 2.21925 5.06549 1.68335 109202 0 -1.57866 0.217285 0
-0.166466 57.7707 0.453372 2.05958 4.5923 1.59993 193985 0 -2.77457 0.215698 0
52.971 11.4914 0.336647 0.815405 0.920988 1.76788 126291 0 1.48513 0.215576 1
-1.45608 26.788 0.541914 0.792642 0.886976 1.66235 148585 0 0.127333 0.21521 1
-59.109 -11.9077 0.688699 0.816216 0.822761 1.74121 91777 0 -1.63907 0.213379 1
67.0203 3.44756 0.395202 2.10315 4.73631 1.68445 114635 0 1.58309 0.212402 0
-51.4065 -8.86452 0.453034 0.802197 0.816565 1.6893 96481 0 -1.54382 0.211792 1
51.4211 3.48376 0.326826 1.79421 4.07741 1.47936 114586 0 1.56701 0.211792 0
56.1445 -17.1235 0.195481 2.22574 5.01924 1.79125 84649 0 1.54727 0.211548 0
68.7076 -5.57874 0.0624764 1.81592 3.90846 1.48853 101536 0 -1.58224 0.211548 0
-53.1895 10.516 0.710611 0.850027 0.994627 1.71538 124555 0 1.36289 0.211426 1
-0.446739 57.1128 0.432872 2.05444 4.61923 1.58965 193048 0 0.00300372 0.21106 0
-0.193367 57.4518 0.405466 2.03003 4.59965 1.59321 193517 0 0.0427298 0.209961 0
-72.1499 -7.24994 0.407883 1.54868 2.93094 1.62262 98756 0 -1.58553 0.208984 0
25.0453 -34.2986 -1.3021 0.855705 1.44684 1.77822 59280 0 -2.13378 0.206299 2
22.6244 -51.9714 -0.835513 0.764139 1.31404 1.79952 33532 0 0.0711799 0.205566 2
36.8372 9.2243 0.876385 0.852188 0.94496 1.71975 122965 0 1.44808 0.205444 1
52.9378 11.9413 0.364024 0.865679 0.933449 1.77157 127227 0 1.58319 0.205444 1
18.8115 59.9047 0.372015 0.903941 0.819639 1.85273 197320 0 2.8388 0.203857 1
-71.862 -7.25633 0.390355 2.01017 4.57715 1.63363 98757 0 -1.57022 0.203369 0
17.0688 66.8118 -0.101454 1.65941 3.66843 1.48776 207143 0 -3.08894 0.203369 0
-0.416451 74.3556 0.329603 2.33229 5.62092 1.83613 218320 0 -0.0373805 0.203247 0
28.0152 6.84872 0.0494884 1.9551 4.50828 1.49849 119661 0 1.51978 0.203125 0
28.3171 6.82306 0.0327186 1.66842 3.64594 1.48891 119662 0 1.53099 0.202148 0
-24.5623 30.8033 -0.217708 0.817965 1.67193 1.75241 154597 0 -2.70414 0.202148 2
65.796 3.72872 0.376336 2.05049 4.49514 1.68327 115099 0 1.56878 0.200684 0
52.458 11.0184 0.328285 0.844735 0.991058 1.78351 125821 0 1.50092 0.200684 1
50.9539 -9.57751 0.194216 0.863343 0.960819 1.66732 95865 0 1.49745 0.199341 1
15.5532 -6.87328 0.374721 0.850236 0.998406 1.71548 99498 0 -1.76069 0.198242 1
-0.166298 42.9834 0.674036 2.25885 4.97849 1.92195 172457 0 -0.0358472 0.197388 0
-49.3952 -10.2949 0.6016 0.776135 0.79652 1.6473 94147 0 -1.65163 0.196655 1
-70.5464 -3.71638 0.351594 0.748123 1.23167 1.41207 103909 0 -0.878232 0.195435 2
-66.4052 6.14733 0.462113 2.13311 4.85892 1.62492 118430 0 1.60137 0.193604 0
-46.7816 9.97779 0.647426 0.842691 1.20023 1.73941 124107 0 1.56024 0.193604 1
-43.3219 -24.3763 1.01117 0.830175 1.09316 1.75052 73574 0 -2.44608 0.193115 1
-51.054 6.10603 0.845714 2.68074 6.43851 2.29227 118478 0 1.57707 0.193115 0
54.2645 -16.4275 -0.0858245 0.802694 1.77119 2.00548 85579 0 -1.84511 0.192749 2
18.936 59.904 0.405372 0.879462 0.812866 1.83907 197321 0 3.07433 0.191895 1
-24.7309 30.6437 -0.2091 0.811252 1.46057 1.74714 154128 0 -2.14886 0.19165 2
-71.9244 5.61562 0.552028 1.6978 3.64824 1.51724 117477 0 1.61503 0.191528 0
25.4918 -7.92496 0.14612 0.85843 0.905899 1.71777 98125 0 1.59995 0.189819 1
-72.4818 6.16022 0.554922 2.19188 4.83536 1.74248 118411 0 1.63546 0.188232 0
38.4228 12.0941 0.360467 0.879536 0.887601 1.78279 127182 0 1.52211 0.187866 1
-66.5792 -9.5155 0.628084 0.841706 0.880409 1.82967 95497 0 -1.50582 0.187256 1
-32.1898 10.6049 0.573485 0.937554 1.02706 1.72522 125089 0 1.53315 0.187012 1
-70.3549 2.33347 0.567102 1.80523 3.87063 1.46712 112802 0 1.59978 0.186646 0
48.2403 14.7721 0.433682 1.93071 3.78933 1.77369 131424 0 -1.59622 0.186646 0
-73.1166 -7.5583 0.639193 1.97662 4.38539 1.65943 98285 0 -1.53528 0.186523 0
-1.43678 13.2717 0.666773 0.900707 0.907748 1.69017 128929 0 -1.82687 0.185791 1
-0.207451 55.5289 0.517856 1.98973 4.30979 1.59918 190709 0 -0.00725422 0.185547 0
-64.8713 -11.4436 0.637151 0.743949 0.750031 1.68562 92695 0 -1.58409 0.185059 1
25.4578 -8.07407 0.126305 0.945961 1.01099 1.74875 97657 0 -1.09645 0.185059 1
26.5966 -10.6454 -0.0512888 0.805827 0.877132 1.42927 93917 0 1.86144 0.184937 1
19.7156 -7.76522 0.257618 0.928961 1.03215 1.84267 98107 0 -2.85626 0.18457 1
52.7898 11.6777 0.350915 0.79341 0.884428 1.78413 126758 0 1.50097 0.184448 1
-65.8189 5.86095 0.454717 1.89507 4.1311 1.55362 117964 0 1.55566 0.183838 0
41.1816 36.2596 0.338325 0.842603 0.841135 1.62232 162758 0 2.38512 0.182373 1
-72.1992 -4.54639 0.429317 1.98042 4.31946 1.59237 102500 0 -1.56858 0.182007 0
15.048 9.57648 0.36626 0.794124 0.976974 1.62198 123365 0 1.52098 0.181152 1
18.9072 12.4278 0.254777 0.804071 0.895495 1.64238 127589 0 0.509521 0.18103 1
-1.47668 26.9419 0.532168 0.790413 0.895631 1.66573 149053 0 0.162928 0.180786 1
40.4326 36.5203 0.368192 0.88973 0.995196 1.72717 163224 0 2.93947 0.179199 1
25.3625 -33.8123 -1.21357 0.842334 1.81185 1.78982 60217 0 -2.52133 0.178833 2
18.5132 12.3738 0.236145 0.757688 0.862352 1.6061 127587 0 0.874047 0.178345 1
16.9827 10.0692 0.396734 0.811303 0.922691 1.65989 124307 0 -0.109839 0.177246 1
34.7867 43.7967 0.392654 1.61899 3.4372 1.71189 173502 0 -3.09401 0.177002 0
21.319 -8.48298 0.0616437 0.85397 0.992954 1.73633 97176 0 2.60679 0.175659 1
-65.4231 -6.68073 0.416707 2.11601 4.72145 1.57127 99713 0 -1.43949 0.175659 0
58.4139 48.0549 0.320788 0.827708 1.23102 1.77847 180128 0 0.0107861 0.175171 2
8.06301 -2.76303 0.765921 0.81966 1.08015 1.72744 105559 0 1.61351 0.174927 1
59.6094 3.91761 0.344344 2.3528 5.74526 1.73702 115548 0 1.52766 0.174683 0
-60.0841 -11.4122 0.716503 0.784519 0.797411 1.76402 92710 0 -1.62757 0.174438 1
9.73988 -10.0384 0.600626 0.777807 0.796645 1.80558 94800 0 -3.01046 0.172729 1
-24.5716 30.659 -0.244215 0.828978 1.61891 1.73435 154129 0 -3.01239 0.172607 2
-59.1125 -14.2919 0.584462 0.801642 0.804554 1.6553 88501 0 3.11675 0.172485 1
26.7408 -9.04681 0.176585 0.945939 1.06819 1.76877 96257 0 -1.41058 0.172485 1
15.7581 -6.85888 0.366243 0.848813 1.01006 1.72698 99499 0 -1.70027 0.172119 1
-58.7261 6.11668 0.550679 2.33756 5.17392 1.70054 118454 0 1.58593 0.171509 0
19.6857 -7.60455 0.257732 0.928182 1.0288 1.828 98575 0 -2.80252 0.171143 1
-24.717 30.7884 -0.208123 0.831701 1.65393 1.77289 154596 0 -2.00435 0.171021 2
33.7931 34.0332 0.0765995 0.833506 0.924332 1.43467 159459 0 1.96268 0.170654 1
34.0511 30.3035 0.196462 0.69084 0.615527 1.60837 153844 0 -0.0622465 0.170044 1
19.6583 60.6802 0.362626 0.850805 0.857802 1.89188 198259 0 3.12092 0.169922 1
-0.746559 56.1406 0.514241 2.00964 4.39875 1.59626 191643 0 0.0565951 0.169556 0
15.5444 -6.65247 0.353225 0.859173 0.984296 1.67741 99966 0 -1.87212 0.168457 1
-65.9996 -6.95629 0.463045 2.24055 5.21074 1.65488 99243 0 -1.55909 0.168091 0
-66.5912 -9.686 0.651222 0.824351 0.864579 1.80319 95029 0 -1.42884 0.167847 1
-1.6664 26.9582 0.601733 0.791917 0.875023 1.69245 149052 0 0.26104 0.167847 1
38.5355 11.1567 0.234028 0.836587 0.86789 1.64248 125778 0 1.5725 0.167358 1
-0.762344 58.1154 0.539328 1.90865 4.14752 1.56685 194451 0 2.92477 0.166992 0
23.6011 -10.4117 0.0468374 0.90398 0.990527 1.80782 94375 0 1.60653 0.166504 1
19.6379 12.9963 0.368207 0.823899 0.835516 1.64776 128527 0 -0.925698 0.166504 1
-0.749214 55.5565 0.576307 2.08687 4.59749 1.64792 190707 0 -0.103044 0.166504 0
-46.2734 8.92209 0.67683 0.914666 0.99107 1.79647 122237 0 1.63833 0.165771 1
-46.3789 9.99786 0.708929 0.833791 0.97451 1.75413 124109 0 1.48968 0.165649 1
40.7268 36.2956 0.381764 0.878114 0.918707 1.69857 162757 0 -2.95937 0.165161 1
-15.8529 14.8247 0.794191 0.839447 1.86855 1.79766 131224 0 1.49841 0.164795 2
20.594 -13.3272 -0.505804 0.840737 0.918108 1.63728 90154 0 -1.89171 0.164551 1
-47.6114 10.4376 0.654021 0.856358 1.01818 1.75036 124573 0 1.65112 0.164307 1
28.6078 6.32716 0.0452241 1.99647 4.42854 1.55563 118727 0 1.44308 0.163696 0
49.7756 31.1457 0.608674 0.726109 0.649003 1.65549 155297 0 3.07435 0.163574 1
26.4089 -10.9631 0.0507433 0.846002 1.14156 1.65935 93448 0 2.58634 0.163452 1
9.36907 -11.6335 0.536727 0.782816 0.761914 1.80559 92459 0 0.0445987 0.162231 1
-47.8396 9.55581 0.587216 0.862957 0.936956 1.65231 123168 0 1.61619 0.161621 1
-0.218887 56.4845 0.4484 2.01227 4.386 1.57868 192113 0 -0.0401535 0.160767 0
-54.2539 -12.9723 0.923616 0.777946 0.739758 1.84315 90388 0 -3.03442 0.1604 1
-21.3049 12.6388 0.741896 0.667903 0.657349 1.56125 127931 0 1.61715 0.1604 1
-70.5926 5.52744 0.627701 0.827399 1.71483 1.58541 117481 0 0.140974 0.160156 2
17.0936 73.0284 -0.189751 2.35879 5.85886 2.03147 216503 0 3.10458 0.159668 0
12.134 -20.5615 0.55427 0.889364 0.846229 1.7166 79363 0 0.136086 0.159058 1
-70.7964 5.30713 0.611636 0.828186 1.7256 1.5634 117012 0 -0.0474902 0.159058 2
8.57771 50.9198 0.413154 0.836136 1.45224 1.67197 184184 0 -1.5662 0.158936 2
22.7786 -51.9613 -0.843159 0.762407 1.4986 1.7934 33533 0 -0.000476189 0.158447 2
-60.0984 -12.0327 0.685538 0.762967 0.786048 1.80459 91774 0 1.34634 0.158447 1
25.4802 34.7993 -0.023212 0.674528 0.590006 1.10619 160369 0 -0.594964 0.157959 1
-10.4333 -7.56265 0.499303 1.95736 4.34868 1.46131 98481 0 -1.77764 0.157471 0
67.9584 -5.61945 0.0690037 1.0269 2.07193 1.48295 101534 0 -2.69111 0.157104 0
41.1953 36.0534 0.354817 0.873106 0.853214 1.62161 162290 0 2.90365 0.157104 1
69.2652 -15.9061 0.00766169 2.05823 4.61316 1.63862 86562 0 -1.59051 0.15686 0
23.5483 -14.2828 -0.668709 0.862098 0.918451 1.69422 88759 0 0.097726 0.156616 1
-0.162857 74.7282 0.257183 2.34616 5.55317 1.9058 218789 0 -0.211678 0.156006 0
33.4127 34.0414 0.0824506 0.828824 1.27084 1.43324 159458 0 2.94415 0.155762 1
-70.5693 5.26642 0.6113 0.662385 1.34858 1.43244 117013 0 -0.246738 0.154663 2
-71.2255 -7.54098 0.47071 1.97699 4.35641 1.6575 98291 0 -1.55534 0.154541 0
-70.8553 5.54808 0.628668 0.92885 1.9847 1.64797 117480 0 0.0961525 0.154541 2
26.7722 -8.85553 0.235968 0.916726 1.06121 1.7877 96725 0 -0.557699 0.154419 1
-2.72029 -4.37051 1.46174 2.73915 6.49125 2.6011 103185 0 -1.66972 0.154053 0
-49.6084 -10.095 0.598077 0.817612 0.849033 1.67177 94614 0 -1.6006 0.152588 1
-64.1017 5.89597 0.495835 1.78205 3.92547 1.5871 117969 0 1.36953 0.152466 0
66.863 -5.61385 0.16366 0.815397 1.97397 1.39688 101530 0 -3.02136 0.152344 0
-73.0555 5.33702 0.598273 2.30049 5.27002 1.90036 117005 0 1.52315 0.1521 0
68.6982 -16.4289 0.0516178 1.64944 3.6018 1.42641 85624 0 1.57023 0.151978 0
35.2453 38.4248 0.177042 0.881358 1.90189 1.78858 166016 0 -0.254729 0.151855 2
16.8571 61.9588 -0.305672 1.91082 4.22025 1.51682 200122 0 -3.13088 0.151855 0
-0.200058 46.9302 0.603104 2.16958 4.62181 1.84542 178073 0 0.0198226 0.151245 0
-1.65138 26.7975 0.590074 0.818692 0.912049 1.69153 148584 0 0.168408 0.150757 1
3.01356 -3.99741 1.64025 3.392 13.5694 3.54475 103671 0 -1.68317 0.150635 0
-15.8065 -15.0903 0.229293 2.13408 4.92265 1.59859 87232 0 1.56107 0.150513 0
-49.2056 -10.4142 0.641453 0.802882 0.820829 1.68577 94148 0 -1.65501 0.14978 1
-1.73735 14.5823 0.716431 0.788274 0.810274 1.65291 130800 0 -0.426644 0.14978 1
25.3608 -34.0615 -1.29138 0.876527 1.81521 1.7993 59749 0 -2.43208 0.149536 2
-16.0768 14.8544 0.815966 0.871787 1.85115 1.81146 131223 0 1.20428 0.149536 2
18.1985 11.8836 0.24162 0.758378 0.822887 1.62393 127118 0 1.63932 0.148926 1
67.2661 -5.59357 0.123206 0.873383 1.95392 1.42102 101532 0 -2.80705 0.148315 0
0.124153 59.0111 0.496117 2.0609 4.5523 1.66349 195858 0 -3.09113 0.147461 0
-63.4595 10.5068 0.705585 0.865217 0.918866 1.69026 124523 0 1.6303 0.147339 1
-66.3777 -9.2044 0.571652 0.82526 0.926136 1.79002 95966 0 -2.83153 0.147217 1
12.0534 12.1892 0.535828 0.846605 0.981115 1.6736 127567 0 1.61042 0.147217 1
26.6092 -10.4669 -0.0204549 0.845453 0.930109 1.49319 94385 0 2.14091 0.146606 1
-66.6738 5.35191 0.409917 2.04042 4.71215 1.5829 117025 0 1.57387 0.146362 0
28.9535 6.82822 0.038246 1.99284 4.53253 1.52372 119664 0 1.49161 0.146362 0
58.6093 47.8594 0.312691 0.845051 1.2433 1.77145 179661 0 -0.194384 0.146362 1
0.398285 74.0867 0.264413 2.08507 4.79811 1.77143 217855 0 0.136771 0.14624 0
-66.9608 5.90365 0.543545 2.24355 5.2172 1.72459 117960 0 1.59084 0.145752 0
15.7876 -6.64351 0.330975 0.896379 1.06855 1.71718 99967 0 0.739673 0.14563 1
-65.4085 -7.73061 0.451549 1.91387 4.19176 1.44211 97841 0 -1.60924 0.145142 0
9.20916 -11.6315 0.560485 0.82074 0.83538 1.79668 92458 0 -0.0820961 0.14502 1
0.104652 58.0847 0.44772 2.0459 4.52007 1.59865 194454 0 2.60154 0.144897 0
36.3319 28.2973 0.235374 0.825438 0.955498 1.63258 151043 0 1.60741 0.144775 1
-59.2681 -11.9066 0.676334 0.799449 0.84344 1.75044 91776 0 -1.62211 0.144043 1
66.1269 3.43367 0.343597 1.92362 4.18374 1.62823 114632 0 1.56534 0.143555 0
20.0054 12.6004 0.333162 0.779344 0.797811 1.62376 128060 0 0.17186 0.143555 1
29.2456 6.59309 0.077806 2.06342 4.59498 1.55891 119197 0 1.48663 0.143311 0
-60.3491 -11.1385 0.684179 0.746821 0.745009 1.72455 93177 0 -1.32956 0.143066 1
-38.8766 23.86 0.399101 1.99024 4.52036 1.68512 144256 0 1.63113 0.142944 0
-51.5647 -8.86491 0.505776 0.807239 0.812458 1.69815 96480 0 -1.54372 0.142334 1
22.5968 -52.2736 -0.708713 0.748912 1.66552 1.80072 33064 0 0.118103 0.14209 2
2.33609 -27.9923 0.292834 0.796558 0.94238 1.70514 68569 0 0.282659 0.141479 1
-65.0378 -11.4296 0.62545 0.73818 0.733981 1.68932 92694 0 -1.52662 0.141479 1
21.2569 -8.7259 0.0676745 0.881253 1.01384 1.75776 96708 0 2.02458 0.141479 1
-43.5728 -24.143 0.984334 0.85281 1.16118 1.76755 74041 0 -2.84954 0.141113 1
33.1735 33.8572 -0.00251165 0.716039 0.725453 1.38578 158989 0 -2.98783 0.140747 1
61.3954 14.9175 0.81977 0.87725 1.94551 1.86672 131465 0 1.42193 0.140137 2
2.14165 -27.9901 0.253157 0.784575 0.943765 1.68391 68568 0 1.23844 0.139526 1
20.2682 -1.16931 0.208073 0.722499 0.803046 1.6092 107937 0 1.42294 0.139404 1
-43.1323 -24.3864 1.01965 0.8469 1.08444 1.77353 73575 0 -2.58249 0.139282 1
-51.4017 -9.01284 0.508894 0.814063 0.849093 1.67967 96013 0 -1.55087 0.139282 1
0.0926361 57.7829 0.419744 2.02386 4.47902 1.59407 193986 0 0.732488 0.13916 0
-46.3678 9.82276 0.688496 0.806171 0.92854 1.73152 123641 0 1.52106 0.139038 1
67.7648 -5.62101 0.0736499 0.90519 1.89656 1.45111 101533 0 -2.85294 0.138916 0
35.231 44.5686 0.414551 2.17214 5.02747 1.87908 174908 0 -3.1158 0.13855 0
33.4209 33.8665 0.0075053 0.775799 0.921417 1.40875 158990 0 -2.98999 0.138428 1
45.7358 -8.34664 0.780509 0.835963 0.853319 1.8094 97252 0 -1.67581 0.138306 1
17.6379 49.9674 -0.0330495 2.18719 4.99061 1.66549 182809 0 3.07731 0.138062 0
58.6408 48.0851 0.310504 0.831626 1.76789 1.78099 180129 0 -0.659077 0.137939 2
-46.8277 9.48585 0.647777 0.831947 1.00987 1.73787 123171 0 1.50016 0.137817 1
19.9042 -7.78027 0.19762 0.888455 0.982176 1.78065 98108 0 -2.98549 0.137695 1
23.5421 -14.4745 -0.67431 0.833864 0.913616 1.70407 88291 0 0.0602676 0.137451 1
-72.4845 5.04965 0.499003 1.99026 4.30629 1.65835 116539 0 1.51082 0.137451 0
26.3199 -11.687 0.395997 0.847356 0.914813 1.88284 92512 0 -2.40254 0.137207 1
18.6262 11.9785 0.255453 0.753244 0.870814 1.59919 127120 0 1.72735 0.137085 1
66.7474 4.21973 0.445178 2.29143 4.97635 1.83758 116038 0 1.50157 0.136719 0
18.5412 12.5721 0.220313 0.816936 0.900554 1.64315 128055 0 -0.00232277 0.136353 1
20.9663 -10.6703 0.308147 0.887582 0.962501 1.7617 93899 0 0.212918 0.135864 1
68.9899 -5.81393 0.108136 2.13538 4.71481 1.59482 101069 0 -1.58611 0.135864 0
-52.2388 5.92364 0.795931 2.41469 5.59872 2.16462 118006 0 1.56901 0.135864 0
-63.2644 10.51 0.69137 0.84885 0.921147 1.68319 124524 0 1.66906 0.135864 1
-36.2561 12.2612 1.14173 0.838908 1.88502 1.77735 127416 0 1.49199 0.135864 2
33.8034 33.8559 -0.00988689 0.7814 0.863132 1.3667 158991 0 2.59384 0.135742 1
67.0174 -5.87663 0.0752653 0.794942 2.00959 1.41609 101063 0 -2.90404 0.135376 0
33.1909 34.0497 0.0634142 0.788769 0.879877 1.36244 159457 0 -3.02468 0.134888 1
3.35168 24.0674 0.477555 2.26358 5.52006 1.61388 144856 0 -0.0332675 0.134766 0
-70.5406 -3.91727 0.408635 0.940842 1.65374 1.52586 103441 0 -1.31145 0.134277 2
24.7797 -52.0078 -0.524607 2.06733 4.71672 1.70453 33539 0 -1.62167 0.134033 0
-58.6177 -12.937 0.742517 0.813471 0.861293 1.76707 90374 0 -1.49266 0.134033 1
0.0458374 47.5832 0.689751 2.05625 4.4714 1.79394 179010 0 0.0381386 0.133911 0
20.9592 -8.73655 0.0490496 0.914354 1.02651 1.80655 96707 0 2.03083 0.133789 1
38.7508 11.4056 0.240727 0.850607 0.923329 1.71047 126247 0 1.46103 0.133667 1
-39.1801 -9.24581 0.839393 0.796843 0.818186 1.74847 96051 0 1.51806 0.133301 1
30.1089 44.5327 0.335659 2.15298 4.91122 1.84404 174892 0 -3.08468 0.133301 0
18.4969 -12.8758 -0.418609 0.865568 0.955266 1.65392 90615 0 -2.59848 0.132812 1
15.5227 -7.14516 0.411908 0.855482 1.03174 1.71939 99030 0 -1.81442 0.13269 1
34.0318 30.4964 0.229397 0.727064 0.690973 1.67276 154312 0 -0.609575 0.13269 1
12.6777 -0.848373 0.543201 0.820396 1.23315 1.71847 108381 0 1.56142 0.132568 2
65.1165 3.73409 0.373268 1.93859 4.33509 1.62682 115097 0 1.59095 0.131226 0
0.0569839 48.7455 0.661765 2.16362 4.79839 1.80149 180882 0 -0.00609072 0.131226 0
18.6299 -12.8784 -0.462105 0.858815 0.956854 1.64005 90616 0 -2.86901 0.131104 1
26.3772 -9.41241 0.0690979 0.898317 0.988104 1.61353 95788 0 -1.52828 0.130859 1
17.6927 62.2737 0.00938337 2.05988 4.65883 1.71847 200593 0 3.10862 0.130859 0
20.9479 -8.51723 0.106695 0.854813 0.96037 1.79703 97175 0 2.54112 0.130737 1
20.0536 12.3659 0.370457 0.784344 0.748228 1.71186 127592 0 0.27315 0.130737 1
-47.1543 9.79334 0.623747 0.846631 1.0067 1.71992 123638 0 1.55074 0.130005 1
20.4129 -13.3201 -0.459141 0.841076 0.921033 1.63122 90153 0 -1.75582 0.129639 1
-1.19221 13.883 0.726299 0.858539 1.62501 1.55889 129866 0 -1.70226 0.129517 0
21.2756 65.7735 0.00319931 0.77229 0.730542 1.63501 205752 0 3.03812 0.129517 1
25.1497 -8.4165 0.0385322 0.882686 0.919691 1.69532 97188 0 -1.44272 0.129395 1
-0.731857 57.1133 0.468435 1.98911 4.37078 1.5732 193047 0 0.254007 0.12915 0
-47.6149 10.6765 0.682279 0.878936 1.03913 1.74608 125041 0 1.65012 0.128906 1
24.6279 35.9281 0.28844 0.928316 0.868731 1.76464 162238 0 -1.64018 0.128784 1
0.0935287 73.1854 0.394979 1.90652 4.1705 1.7024 216450 0 0.0607599 0.12793 0
-59.2562 -14.283 0.577906 0.839971 0.844257 1.67871 88500 0 3.1413 0.127808 1
25.0976 -34.6469 -1.23002 0.820843 1.86038 1.79629 58812 0 -0.0968599 0.127686 2
-43.1639 -23.9543 1.02191 0.797428 0.902284 1.75288 74511 0 -2.4922 0.127563 1
20.5953 -13.4886 -0.461758 0.847353 0.922239 1.67959 89686 0 -1.59942 0.127319 1
20.2834 -1.38631 0.194852 0.758814 0.904278 1.60168 107469 0 1.89995 0.127319 1
21.599 -8.70305 0.0689876 0.8694 1.02366 1.72102 96709 0 2.34339 0.127197 1
-71.9238 -3.75365 0.368081 1.81334 3.82582 1.54051 103905 0 -1.49313 0.126831 0
-47.6019 -3.58837 0.561689 1.90223 3.58076 1.49 103981 0 -1.57512 0.125854 0
61.8796 14.6673 0.789848 0.835054 1.97312 1.81426 130999 0 1.50267 0.12561 2
33.9812 34.0242 0.104523 0.803484 0.818864 1.34416 159460 0 1.7834 0.125244 1
19.3826 -10.74 -0.200698 0.893083 0.991417 1.68948 93894 0 1.38687 0.125122 1
16.8917 71.6426 -0.0329879 1.63799 3.61228 1.55005 214162 0 3.10691 0.125122 0
52.6875 11.2939 0.366856 0.813299 0.900449 1.79785 126290 0 1.45896 0.124939 1
46.1486 -8.41383 0.664533 0.824329 1.79931 1.7948 97254 0 -1.60879 0.124878 2
54.0056 10.0268 0.213174 0.813038 0.951419 1.52092 124422 0 -1.52362 0.124634 1
-62.9767 10.9828 0.655814 0.830588 1.05549 1.71074 125461 0 1.41412 0.124084 1
17.5055 48.9136 -0.00213361 1.69672 3.28946 1.57272 180936 0 3.09484 0.123596 0
38.2608 12.5252 0.389054 0.823376 0.879099 1.73023 128117 0 1.52083 0.12323 1
1.16902 14.9628 0.482741 0.750158 0.810195 1.43407 131277 0 0.0743779 0.12323 1
48.5823 24.2547 0.294383 1.74591 3.18342 1.53576 144997 0 -1.59671 0.123169 0
18.6594 11.3836 0.258892 0.793379 0.855199 1.64335 126184 0 1.74541 0.123047 1
55.8835 -16.8699 0.138153 2.00436 4.44467 1.68658 85116 0 1.5021 0.122437 0
44.6107 43.5668 0.215784 0.935024 0.985019 1.79524 173533 0 -1.56294 0.122437 1
21.9181 -8.71998 0.0538007 0.855511 0.944005 1.72977 96710 0 2.55456 0.122314 1
-1.38239 13.9242 0.718147 0.874121 1.52202 1.53684 129865 0 -1.66544 0.122314 0
8.22257 50.7519 0.462473 0.868079 1.90472 1.6976 183715 0 -1.37256 0.122131 2
36.3383 28.062 0.221126 0.820666 0.987814 1.63522 150575 0 1.60253 0.122009 1
-72.7796 -7.24637 0.490475 1.93754 4.32172 1.60298 98754 0 -1.50352 0.121765 0
19.6899 12.6687 0.290226 0.776011 0.815553 1.59903 128059 0 -0.202781 0.12146 1
0.0892563 57.4533 0.390339 1.95558 4.53624 1.58697 193518 0 0.381994 0.121399 0
-73.4571 -7.24313 0.664464 1.94908 4.24205 1.64839 98752 0 -1.46864 0.121277 0
-15.8391 14.6712 0.767107 0.845137 1.84006 1.81186 130756 0 1.44635 0.121277 2
-64.831 -12.2559 0.639542 0.707841 0.718448 1.61771 91291 0 -1.51596 0.121155 1
1.17272 15.1087 0.483115 0.756832 0.811632 1.47202 131745 0 -0.154102 0.121155 1
24.8322 -34.6375 -1.21216 0.828795 1.84931 1.78625 58811 0 0.281741 0.121033 2
-72.165 -6.93172 0.397717 1.39347 2.34337 1.62839 99224 0 -1.55626 0.121033 0
-59.104 -14.4544 0.57731 0.814506 0.83798 1.69398 88033 0 3.12262 0.119995 1
-46.0491 9.16403 0.692997 0.865881 0.98657 1.75747 122706 0 1.59321 0.119995 1
34.013 33.8341 0.0268807 0.749201 0.79855 1.30255 158992 0 2.16098 0.119995 1
19.6711 -10.0985 -0.0415349 0.911997 1.01797 1.73231 94831 0 1.61556 0.119934 1
-66.4032 -9.98111 0.710263 0.807122 0.81584 1.74963 94562 0 1.51923 0.11969 1
-0.73732 57.4324 0.481782 1.97835 4.3635 1.57037 193515 0 0.587206 0.119629 0
43.303 -6.42387 0.258522 2.31459 5.0169 1.85343 100053 0 -1.63332 0.119507 0
48.1362 15.1688 0.430207 1.14939 1.41281 1.75226 131892 0 -1.64915 0.119385 1
68.6834 -15.8979 0.0312999 1.71304 3.7649 1.48386 86560 0 1.55337 0.119019 0
-71.863 -6.92063 0.386728 1.9341 4.23618 1.63443 99225 0 -1.54758 0.119019 0
28.2993 7.14483 0.0137915 1.96818 4.46065 1.51636 120130 0 1.53649 0.119019 0
-1.38652 14.2986 0.725968 0.911763 1.034 1.6576 130333 0 -0.21139 0.119019 0
-60.4966 -12.3338 0.649173 0.799885 0.817692 1.76673 91304 0 1.59453 0.118774 1
26.9898 -9.0633 0.145553 0.924012 1.04382 1.75208 96258 0 -1.50597 0.118774 1
-59.3721 -11.1305 0.642159 0.74338 0.762421 1.72314 93180 0 -1.60731 0.118591 1
-48.7189 -3.88826 0.573678 2.31462 5.36725 1.64547 103509 0 -1.5921 0.118408 0
-70.8829 -7.21979 0.479769 1.96815 4.30678 1.63401 98760 0 -1.55786 0.118164 0
-46.5155 8.88017 0.651394 0.897115 1.00827 1.80127 122236 0 1.63483 0.117798 1
19.6154 13.2519 0.415119 1.0149 1.02921 1.82466 128995 0 -1.6261 0.117798 1
24.5207 -52.2926 -0.597208 1.97999 4.46769 1.65091 33070 0 -1.61982 0.117554 0
25.174 34.7868 -0.00240919 0.649746 0.588022 1.03366 160368 0 -1.59893 0.117188 1
49.7753 31.0107 0.657889 0.736043 0.676987 1.68913 154829 0 2.97827 0.116577 1
-70.358 -3.71661 0.38908 0.838916 1.54957 1.61444 103910 0 -0.814424 0.115967 2
-48.7129 -3.47224 0.550888 2.18912 5.22772 1.60261 104445 0 -1.51996 0.115967 0
68.338 -5.60138 0.0731481 1.60166 3.46879 1.47514 101535 0 -1.84145 0.115784 0
25.6403 -7.90704 0.151573 0.889928 0.97166 1.72926 98126 0 1.08395 0.11554 1
-2.07336 -4.5741 1.53684 2.99462 6.95352 2.96145 102719 0 -1.70411 0.11554 0
