7.54149 16.3814 0.705584 2.12067 4.70912 1.73065 133637 0 0.0041397 0.938965 0
30.5018 3.95087 0.851895 2.54543 6.07894 2.6424 115457 0 1.56657 0.929199 0
31.2043 -6.29342 0.0255594 2.10924 5.14919 1.87465 100483 0 -1.61128 0.928711 0
4.07957 16.1297 0.737958 2.20204 4.80778 1.77786 133158 0 -0.0357754 0.924805 0
43.7081 26.385 0.281397 2.24529 5.17235 1.91369 148258 0 1.50023 0.921387 0
-33.1476 -6.9219 0.628484 2.01494 4.52669 1.50171 99346 0 -1.58631 0.916992 0
-25.7154 -6.6419 0.603444 1.98337 4.35998 1.50585 99837 0 -1.64761 0.905762 0
-36.9722 6.01478 0.638307 1.97446 4.58441 1.62027 118054 0 1.53018 0.89502 0
18.1467 3.25512 0.460209 2.12823 4.46124 1.91878 114482 0 1.54699 0.894043 0
1.09345 20.9282 0.659167 2.34207 5.36137 1.924 140169 0 -0.00243554 0.893555 0
-22.1565 6.32207 0.644604 1.8601 4.07467 1.58471 118568 0 1.54314 0.891602 0
-10.632 6.32659 0.642425 2.02716 4.6899 1.48563 118604 0 1.56673 0.887207 0
53.6335 11.0176 0.200622 0.817539 0.924063 1.77005 125825 0 1.46244 0.878418 1
-16.5347 6.36676 0.793789 2.03591 4.57285 1.79727 118586 0 1.55211 0.877441 0
49.2026 14.5508 0.299645 2.11757 4.85152 1.81763 130959 0 -1.58516 0.87207 0
24.9051 17.3762 0.196187 2.03698 4.58004 1.6752 135095 0 0.768781 0.871094 0
27.773 13.9562 0.197965 2.09643 4.44326 1.72261 129956 0 0.923071 0.867676 0
13.0519 12.0274 0.52657 0.835843 0.986951 1.68104 127102 0 1.60379 0.866211 1
40.4734 41.3943 0.19308 1.96646 4.20066 1.68825 170244 0 -1.83162 0.851074 0
18.5219 33.4417 0.0836668 1.92933 4.51959 1.53237 158475 0 3.09623 0.848633 0
39.8819 31.8563 0.131518 2.04255 4.80171 1.51134 156202 0 -0.0612066 0.84375 0
-50.7302 5.96335 0.890088 2.34372 5.38243 2.04321 118011 0 1.53382 0.839844 0
18.0614 56.7803 -0.0164659 1.98832 4.5327 1.53305 192638 0 3.1183 0.839844 0
33.2433 43.9866 0.130658 1.96597 4.49726 1.51979 173965 0 3.13426 0.829102 0
-45.5523 -6.96777 0.661393 2.01915 4.61741 1.57399 99307 0 -1.59352 0.825195 0
18.5143 28.0923 0.233609 1.97419 4.32953 1.73845 150519 0 3.12751 0.823242 0
53.938 11.6347 0.219802 0.794375 0.909216 1.81408 126762 0 1.51089 0.822754 1
28.5364 -9.76023 0.0348551 0.871668 0.943014 1.77129 95327 0 -1.63815 0.821777 1
40.5548 3.46415 0.139515 1.96574 4.4069 1.47528 114552 0 1.56146 0.819824 0
4.11359 23.4576 0.493962 1.96931 4.4516 1.5215 143922 0 -0.0233385 0.817383 0
39.2602 12.2409 0.308057 0.856554 0.890192 1.80807 127652 0 1.52273 0.81543 1
35.7682 44.2927 0.332146 1.94552 4.41811 1.82074 174441 0 3.11217 0.814941 0
-18.7343 11.1112 0.833303 0.934506 0.9506 1.71639 125599 0 -1.60931 0.812988 1
38.3329 -6.12262 -0.0696893 1.90891 4.29976 1.50422 100505 0 -1.55622 0.811523 0
-31.2896 10.3931 0.69616 0.824907 0.929816 1.67506 124624 0 1.52042 0.810059 1
17.6913 10.155 0.343175 0.934528 1.00498 1.72529 124309 0 1.36055 0.809082 1
51.897 -9.76978 0.0178892 0.800492 0.880737 1.6216 95400 0 1.57317 0.806152 1
-39.8269 -7.1026 0.62121 2.08859 4.68114 1.5285 98857 0 -1.63465 0.806152 0
30.8261 44.3009 0.301536 2.00688 4.4192 1.74759 174426 0 -3.10047 0.802246 0
22.5465 6.01654 0.344829 2.32336 5.00528 2.03999 118240 0 1.58126 0.80127 0
18.3521 49.5006 0.121766 1.91747 4.04991 1.63566 181875 0 3.0593 0.800781 0
-45.6086 9.98354 0.812996 0.828218 0.926883 1.77233 124111 0 1.55199 0.800293 1
56.5044 -5.81136 -0.0340579 1.95091 4.33834 1.65168 101030 0 -1.58534 0.79541 0
19.758 12.5529 0.203333 0.799687 0.936305 1.6735 128059 0 1.11503 0.789062 1
49.7751 24.2675 0.137422 1.84107 3.95349 1.52941 145001 0 -1.56298 0.788086 0
49.1742 19.3956 0.234502 1.83267 3.96446 1.50346 137979 0 -1.58665 0.786621 0
43.9462 -6.17067 0.0131033 2.0462 4.39537 1.78472 100523 0 -1.60816 0.782227 0
19.6306 10.9271 0.191914 0.803542 0.893557 1.61891 125719 0 1.44456 0.782227 1
-64.2058 -11.7471 0.785188 0.803535 0.80639 1.71975 92229 0 -1.55354 0.781738 1
-58.4735 -11.6019 0.802489 0.77396 0.802119 1.75686 92247 0 -1.62475 0.77832 1
53.8258 12.3332 0.253772 0.848288 0.954543 1.77626 127698 0 1.57514 0.76416 1
-22.5253 -0.285637 0.975849 2.25822 4.80048 1.74283 109207 0 -1.57231 0.762695 0
-59.3018 -12.3885 0.837713 0.761038 0.764141 1.7916 91308 0 1.60388 0.760742 1
19.3798 11.6981 0.117993 0.739892 0.839634 1.60405 126654 0 1.52547 0.756348 1
-45.334 9.22411 0.792283 0.837219 0.937128 1.75964 122708 0 1.51514 0.755859 1
-48.1163 -3.6782 0.703713 2.05808 4.64894 1.50732 103979 0 -1.57941 0.754395 0
39.4245 11.4286 0.124375 0.795798 0.847219 1.67879 126249 0 1.49103 0.753906 1
-48.6968 -10.0948 0.660047 0.749152 0.772908 1.65713 94617 0 -1.59729 0.75293 1
-48.4776 -10.9188 0.714317 0.79176 0.833854 1.70256 93214 0 -1.5667 0.750977 1
-33.6761 -3.5524 0.713855 2.06368 4.58109 1.51272 104024 0 -1.60104 0.742188 0
-59.6159 -11.6105 0.822906 0.792705 0.759788 1.79171 92243 0 1.37059 0.739258 1
49.1369 26.7018 0.3209 1.91578 4.31264 1.63564 148743 0 -1.6064 0.738281 0
52.6169 3.6268 0.154945 2.04059 4.47007 1.46949 115058 0 1.61681 0.734375 0
-69.5948 2.34226 0.893076 2.09451 4.56669 1.71861 112804 0 1.58633 0.719238 0
17.9759 67.3529 -0.000605524 1.9322 4.27471 1.45043 208082 0 -3.13385 0.71582 0
15.9394 9.64916 0.38002 0.805739 0.967267 1.6603 123835 0 1.54916 0.706055 1
-43.6917 5.86346 1.40848 2.87815 6.77276 2.96108 118033 0 1.5439 0.702637 0
70.5642 -5.59516 0.0561305 2.01002 4.46821 1.69422 101542 0 1.56179 0.700195 0
-46.8555 9.85965 0.755567 0.828931 0.910799 1.72023 123639 0 1.57419 0.699219 1
18.004 72.1096 0.0579445 2.05147 4.43964 1.74107 215102 0 3.13227 0.683594 0
1.75381 -4.0761 1.75077 3.2932 13.8702 3.61018 103667 0 -1.66735 0.649902 0
-57.511 5.80969 0.692813 1.93965 4.19866 1.55481 117990 0 1.55587 0.644043 0
-46.9813 10.6389 0.765478 0.809389 0.875468 1.6705 125043 0 1.55482 0.643555 1
-52.0918 10.8031 0.877592 0.839442 0.906863 1.7386 125027 0 1.49682 0.619629 1
16.9871 11.1653 0.322443 0.887332 0.958206 1.63729 125711 0 1.32596 0.618652 1
55.1743 9.72858 0.134574 1.00831 1.08522 1.82698 123958 0 -1.55895 0.61377 1
49.4568 17.1639 0.25621 2.08659 4.69059 1.69369 134704 0 -1.55434 0.612305 0
36.0355 38.207 0.24019 0.857881 0.953744 1.8359 165550 0 -0.188877 0.610352 1
-50.0955 -7.63916 0.906619 0.838606 0.892662 1.74751 98357 0 -1.47359 0.598633 1
0.802231 32.1573 0.607912 2.06345 4.59605 1.69956 156548 0 -0.09822 0.57666 0
-11.3695 0.0122757 0.811008 2.11392 4.82376 1.56787 109710 0 -1.57782 0.571777 0
-65.5544 -9.66035 0.835501 0.796428 0.812138 1.75886 95033 0 -1.50178 0.566895 1
-59.4869 -11.6439 0.851381 0.772346 0.765839 1.78605 92244 0 -1.21692 0.564453 1
-59.2903 -12.5173 0.845376 0.790483 0.794904 1.81179 90840 0 1.64059 0.563477 1
17.5348 10.3573 0.329718 0.874503 0.941074 1.65009 124776 0 1.44895 0.552246 1
41.2289 36.248 0.307043 0.866184 0.853956 1.6829 162758 0 0.232104 0.547363 1
0.735168 42.0949 0.668776 2.101 4.75438 1.83809 171056 0 0.0700742 0.546387 0
-59.6535 -11.4826 0.801824 0.7676 0.737209 1.73705 92711 0 1.57281 0.524414 1
-71.5246 5.57539 0.637822 1.93956 4.32337 1.54561 117478 0 1.57333 0.509766 0
-18.6931 11.2202 0.840998 0.939202 0.966894 1.74418 126067 0 -2.1642 0.504395 1
22.6037 -8.27018 -0.356261 0.787384 0.813829 1.6234 97648 0 2.79038 0.50293 1
59.6996 3.62239 0.1482 1.90987 4.17574 1.484 115080 0 1.57934 0.496582 0
27.3098 -10.4242 -0.178165 0.807229 0.889584 1.63767 94387 0 1.7122 0.495605 1
-72.1377 -4.02631 0.573527 2.02173 4.48049 1.55222 103436 0 -1.56223 0.469238 0
67.6604 3.43238 0.209297 1.98271 4.38678 1.67284 114637 0 1.66216 0.462158 0
0.52269 47.8551 0.696326 2.00905 4.43401 1.72547 179479 0 0.0274485 0.452881 0
24.414 36.9598 0.115583 2.07194 4.77553 1.65545 163642 0 3.12587 0.450928 0
-46.6798 10.0094 0.768543 0.812917 0.887686 1.70869 124108 0 1.60151 0.447754 1
25.7182 35.7956 0.346725 0.837028 0.764512 1.77658 161774 0 -1.8161 0.445312 1
53.791 10.9969 0.150306 0.820637 0.952496 1.766 125826 0 1.50255 0.437012 1
-65.6375 -9.56071 0.806932 0.794549 0.822043 1.76708 95500 0 -1.46537 0.436035 1
19.3857 11.8749 0.170005 0.817515 0.921139 1.66014 127122 0 1.51542 0.416748 1
54.9842 9.79112 0.118795 1.01417 1.49776 1.81718 123957 0 -1.52957 0.415039 2
-59.1793 -12.3889 0.861608 0.79738 0.799831 1.81546 91309 0 1.57959 0.404541 1
-65.4268 5.90876 0.604079 1.95084 4.42324 1.52156 117965 0 1.57804 0.399658 0
37.5556 9.21181 0.838882 0.775397 0.829975 1.65493 122967 0 1.53208 0.397949 1
-52.1962 10.923 0.911541 0.843333 0.9023 1.72626 125494 0 1.50782 0.397949 1
-50.6197 -8.84074 0.700447 0.769915 0.765897 1.64696 96483 0 -1.58423 0.390625 1
67.9692 -5.61011 -0.114376 0.801403 1.92118 1.42956 101534 0 -3.11321 0.388916 0
19.5517 11.6878 0.151992 0.771989 0.886105 1.64181 126655 0 1.56614 0.388428 1
-71.8044 5.32178 0.668489 2.09929 4.71974 1.61031 117009 0 1.53484 0.374512 0
59.4074 3.44678 0.150523 1.61763 3.48589 1.43293 114611 0 1.59992 0.371582 0
24.2491 36.3332 0.135409 2.04817 4.60441 1.62197 162705 0 -0.0465776 0.358154 0
-46.6741 9.8493 0.757046 0.832372 0.912061 1.72367 123640 0 1.59565 0.355225 1
-45.4916 9.35435 0.774355 0.840623 0.914085 1.75549 123175 0 1.55186 0.350098 1
-64.487 -7.21951 0.589804 1.8872 4.28232 1.49198 98780 0 -1.57652 0.345215 0
-18.9016 11.0456 0.823347 0.96953 0.962795 1.72598 125598 0 -1.63282 0.3396 1
62.6214 14.9278 0.634483 0.800854 1.33211 1.76531 131469 0 1.55722 0.338135 2
27.3107 -10.6269 -0.204188 0.822885 0.933885 1.67785 93919 0 1.71425 0.33252 1
38.8839 35.956 0.115507 0.795 0.833941 1.62401 162283 0 1.47279 0.33252 1
-47.0767 10.5358 0.776054 0.834823 0.897804 1.67561 124574 0 1.53554 0.330811 1
-71.5234 -7.56574 0.535994 1.83645 4.09396 1.48903 98290 0 -1.58943 0.328369 0
27.1477 -10.4388 -0.161323 0.815896 0.928067 1.64943 94386 0 -1.43773 0.325684 1
60.2539 3.67785 0.171772 2.15038 4.93407 1.56126 115082 0 1.58321 0.324951 0
66.4107 3.6611 0.190196 2.02677 4.58429 1.71639 115101 0 1.66196 0.324219 0
-62.3331 10.9638 0.8021 0.824971 0.901159 1.69675 125463 0 1.60926 0.32251 1
38.8929 35.7725 0.088938 0.794824 0.826245 1.6338 161815 0 1.50004 0.315186 1
22.7591 -8.26006 -0.458351 0.814407 0.872556 1.69558 97649 0 2.9106 0.309082 1
39.3367 11.5645 0.20169 0.814229 0.832981 1.71617 126716 0 1.49677 0.307861 1
-59.1723 -12.5531 0.861377 0.824457 0.812866 1.81913 90841 0 1.59758 0.300293 1
-71.2656 5.33456 0.658309 1.68879 3.70469 1.48034 117011 0 1.55662 0.300293 0
41.3394 36.124 0.336596 0.932293 0.945317 1.73479 162291 0 0.121254 0.298584 1
0.765442 43.3594 0.652852 2.12309 4.65344 1.84591 172928 0 -3.12194 0.298584 0
-45.778 9.99933 0.788673 0.867272 0.951979 1.7736 124110 0 1.53043 0.298096 1
-59.3843 -12.0049 0.832359 0.768829 0.76614 1.80706 91776 0 1.47664 0.296143 1
1.12607 58.4004 0.792533 2.15124 4.81535 1.87544 194925 0 -0.106822 0.296143 0
22.3072 64.1381 0.570071 0.841224 1.6144 1.81727 203415 0 2.97779 0.29541 2
-59.3097 -12.9744 0.892907 0.766931 0.788114 1.82725 90372 0 1.55409 0.292969 1
53.9272 11.4751 0.199828 0.827533 0.958021 1.82363 126294 0 1.43264 0.29248 1
52.4317 37.9513 1.14708 0.79307 0.817664 1.70579 165133 0 1.47468 0.289062 1
25.7119 47.6407 1.0823 0.829497 0.790577 1.84694 179090 0 -2.88127 0.288818 1
0.572006 32.7591 0.632544 2.06245 4.6335 1.66262 157483 0 -0.14881 0.288086 0
54.0968 11.6558 0.202554 0.853304 0.945341 1.77487 126763 0 1.55835 0.287842 1
0.739838 48.4374 0.686153 2.06049 4.63976 1.80398 180416 0 0.0219639 0.287842 0
53.8478 12.5185 0.27237 0.860641 0.953611 1.73046 128166 0 1.47636 0.285156 1
53.8803 12.03 0.22677 0.864546 0.942245 1.8073 127230 0 1.54555 0.28418 1
0.475296 58.3847 0.801956 2.17635 4.86201 1.85251 194923 0 -0.0274057 0.281006 0
-64.7723 -6.94288 0.560759 2.042 4.65826 1.58261 99247 0 -1.53921 0.280762 0
-71.8125 5.8413 0.668446 2.17089 4.89209 1.65009 117945 0 1.5614 0.27832 0
53.6489 10.8676 0.199176 0.901692 0.995508 1.81498 125357 0 1.4931 0.275146 1
36.0156 38.4735 0.209369 0.886216 1.81357 1.85335 166018 0 -0.391722 0.273926 2
19.4006 11.485 0.181072 0.792258 0.864358 1.60077 126186 0 1.47725 0.270996 1
-65.0779 -7.19515 0.595988 2.09244 4.82331 1.58958 98778 0 -1.60064 0.270264 0
-47.6162 -3.62677 0.714777 1.80273 3.70524 1.44316 103981 0 -1.57963 0.270264 0
-20.8951 12.7063 1.04109 0.752535 0.692977 1.76473 127932 0 -0.0382516 0.269775 1
0.812675 58.1077 0.775209 2.13755 4.77231 1.85805 194456 0 -0.0308814 0.268066 0
-71.8795 -3.77421 0.524791 1.89512 4.14061 1.50893 103905 0 -1.52748 0.258545 0
53.6742 12.5415 0.277378 0.871709 0.942723 1.76588 128165 0 1.5255 0.258545 1
22.2343 65.7966 0.0808493 0.813559 0.791115 1.61465 205755 0 -0.0485869 0.258545 1
0.168556 58.0921 0.827591 2.13917 4.78628 1.83444 194454 0 -0.0499292 0.256348 0
55.2036 9.56947 0.151469 0.952967 1.11571 1.82597 123490 0 -1.56023 0.254883 1
56.8118 -17.1662 -0.138334 1.98982 4.48981 1.56475 84651 0 -1.48974 0.254395 0
-14.8343 -14.8397 0.179853 2.06245 4.67294 1.5092 87703 0 1.44002 0.25415 0
67.8287 -5.62541 -0.0667911 0.811665 1.97388 1.42361 101533 0 -3.1163 0.24939 0
-62.4871 10.8309 0.84215 0.872537 1.04672 1.71063 124994 0 1.67389 0.249268 1
-59.4806 -11.4772 0.855804 0.804075 0.787592 1.7777 92712 0 -1.56694 0.248047 1
36.1924 38.2001 0.200849 0.937275 1.19434 1.83399 165551 0 -0.226573 0.248047 1
-50.2903 -7.76348 0.933861 0.885969 1.31066 1.78882 97888 0 -1.4251 0.245483 1
-0.514542 13.2855 0.759259 0.890169 1.3406 1.80592 128932 0 -1.52175 0.244507 2
-71.243 5.8327 0.660193 1.82381 3.94884 1.51325 117947 0 1.63194 0.244019 0
-31.2738 10.2206 0.691272 0.862274 0.953447 1.68989 124156 0 1.5224 0.244019 1
54.9062 10.0167 0.0799204 0.949246 1.25287 1.72068 124425 0 -1.4454 0.243408 1
-47.0717 9.81756 0.767237 0.839915 0.951037 1.7156 123638 0 1.58913 0.242554 1
-50.2698 -7.62495 0.928505 0.925193 1.16639 1.77871 98356 0 -1.42045 0.241455 1
-71.5965 -4.02225 0.539424 1.7268 3.63148 1.47333 103438 0 -1.56151 0.241455 0
25.5716 35.8905 0.322311 0.889168 0.84279 1.78575 162241 0 -1.65411 0.240723 1
1.01366 32.7607 0.624316 2.08604 4.67098 1.69296 157485 0 -0.0191253 0.239136 0
1.02628 31.5598 0.597276 2.07705 4.58211 1.72522 155613 0 -0.087766 0.237427 0
-47.0833 10.018 0.768735 0.810062 0.895989 1.68161 124106 0 1.57005 0.237183 1
19.1878 11.6982 0.146137 0.807063 0.900721 1.64417 126653 0 1.52844 0.235962 1
-59.893 -11.4254 0.748131 0.693008 0.656201 1.54653 92710 0 1.6028 0.235474 1
-64.1835 -11.4686 0.741245 0.774609 0.795061 1.71159 92697 0 -1.55634 0.235107 1
1.11584 59.3412 0.859516 2.22941 5.03958 1.92163 196329 0 0.054344 0.234375 0
-58.584 -11.4908 0.779253 0.802506 0.807223 1.76596 92714 0 -1.59714 0.234009 1
51.9007 -9.93684 0.0252599 0.84316 0.895616 1.65036 94932 0 1.5707 0.233765 1
-0.48819 13.9322 0.752975 0.866854 2.13343 1.57993 129868 0 -0.344645 0.231079 0
-35.2898 12.3062 1.23353 0.846059 1.84868 1.77387 127419 0 2.5885 0.230103 2
54.6304 10.0398 -0.0405247 0.804435 0.889809 1.49787 124424 0 -1.40803 0.229492 1
62.6097 15.0982 0.656932 0.831482 1.68029 1.77732 131937 0 1.57488 0.229248 2
24.2491 37.5542 0.13957 2.08942 4.75356 1.69253 164577 0 3.11724 0.229248 0
27.139 -10.6308 -0.199768 0.828375 1.00702 1.68111 93918 0 2.3062 0.228516 1
-64.7553 -7.45849 0.577435 1.93909 4.47682 1.50116 98311 0 -1.58774 0.226318 0
0.842262 59.0349 0.848071 2.10666 4.67387 1.85358 195860 0 -0.0328717 0.226318 0
49.4083 16.8879 0.261216 1.80518 3.81582 1.71191 134236 0 -1.57105 0.2229 0
-46.5807 6.19573 1.50704 3.13117 12.3219 3.29163 118492 0 1.55353 0.22168 0
55.1711 10.0233 0.106381 0.962152 1.17094 1.78664 124426 0 -1.52157 0.221191 1
-45.4294 10.0112 0.825949 0.850588 0.94899 1.77623 124112 0 2.78133 0.220825 1
0.785088 33.4026 0.644408 2.07485 4.5742 1.69215 158420 0 -0.10664 0.220703 0
-45.7947 9.85585 0.785491 0.863651 0.952892 1.75365 123642 0 1.52959 0.21936 1
13.0455 12.1757 0.509697 0.858671 0.993001 1.6965 127570 0 1.60588 0.218384 1
17.729 9.87357 0.337073 0.858142 0.94404 1.66976 123841 0 1.31114 0.218018 1
1.40184 57.7817 0.770201 2.13713 4.82431 1.87042 193990 0 -0.12204 0.214844 0
19.8673 12.4477 0.201172 0.890137 0.998315 1.75024 127592 0 1.17843 0.213989 1
36.0578 38.0536 0.254355 0.94226 1.11901 1.82838 165082 0 -2.94741 0.213989 1
-50.6283 -9.00105 0.725387 0.791476 0.819674 1.65277 96015 0 -1.57676 0.213867 1
39.3878 12.1132 0.264666 0.882125 0.913302 1.82778 127185 0 1.52 0.213379 1
-72.1326 -7.78753 0.639036 1.94836 4.39569 1.58302 97820 0 -1.58316 0.213257 0
19.598 11.3943 0.19057 0.820649 0.904596 1.62783 126187 0 1.51969 0.212402 1
-18.8063 10.8166 0.80035 0.818454 0.863717 1.61081 125131 0 -1.6347 0.210571 1
-71.2254 -7.7889 0.577222 1.9208 4.33657 1.53104 97823 0 -1.58156 0.20752 0
-71.539 5.05913 0.657786 1.92838 4.27124 1.55002 116542 0 1.54146 0.206543 0
-59.8791 -11.6174 0.79341 0.755223 0.72155 1.69393 92242 0 1.50544 0.206421 1
22.2832 12.2168 0.402546 0.796171 0.945232 1.76734 127599 0 1.23199 0.206299 1
-16.8502 66.3982 1.45753 2.00296 4.35825 1.65258 206569 0 -0.0763183 0.204956 0
54.1489 12.3264 0.215729 0.797201 0.905954 1.69522 127699 0 1.51354 0.202148 1
-20.7087 12.667 0.977517 0.746631 0.683475 1.67495 127933 0 0.278932 0.20105 1
52.1043 3.60104 0.14466 1.82737 3.7476 1.46163 115056 0 1.61194 0.200928 0
51.9217 -9.5788 0.0386846 0.869633 0.95851 1.66098 95868 0 1.57081 0.200439 1
68.2485 3.64174 0.28013 2.25596 5.20788 1.82824 115107 0 1.63218 0.200439 0
-62.5719 5.91327 0.709716 1.80859 4.01279 1.54478 117974 0 1.51105 0.200439 0
17.4665 10.6359 0.312196 0.789252 0.876813 1.54549 125244 0 1.44212 0.200195 1
66.0801 3.44813 0.123281 1.75538 4.06102 1.61277 114632 0 1.63766 0.199341 0
25.0842 35.0378 0.196563 0.777796 0.768147 1.52897 160836 0 -1.86768 0.199341 1
27.3243 -10.202 -0.125442 0.870771 0.964815 1.70146 94855 0 -1.86237 0.198364 1
-0.492561 14.1981 0.747915 0.883593 2.21564 1.59792 130336 0 -2.71695 0.196777 0
53.6469 11.2978 0.227197 0.818538 0.914191 1.8001 126293 0 1.41762 0.196045 1
1.74214 -4.51258 1.70082 3.07765 12.5495 3.40259 102731 0 -1.67622 0.19458 0
38.6399 35.969 0.123758 0.837318 0.884064 1.66493 162282 0 1.449 0.19458 1
19.5012 10.8344 0.205002 0.844253 0.954142 1.60155 125250 0 1.52168 0.193604 1
0.785576 33.7383 0.654487 2.06982 4.53808 1.71038 158888 0 -2.86463 0.192871 0
-1.14145 66.0449 0.738836 0.898635 0.913545 1.77175 206150 0 -0.632945 0.192261 1
37.4 9.20075 0.835274 0.803532 0.879906 1.71428 122966 0 1.49596 0.192139 1
-0.118507 58.3964 0.831466 2.10649 4.72938 1.81626 194921 0 -0.115799 0.19165 0
-48.7265 -9.88349 0.664013 0.80161 0.825087 1.6829 95085 0 -1.62641 0.191528 1
-46.8729 9.54833 0.741464 0.862644 0.92885 1.73345 123171 0 1.63834 0.191528 1
-59.1466 -12.9597 0.895971 0.779616 0.807871 1.82464 90373 0 1.52316 0.191162 1
1.03526 47.8606 0.649832 2.0422 4.50476 1.73582 179481 0 0.111496 0.190918 0
55.3934 9.71533 0.147866 1.02103 1.17688 1.85722 123959 0 -1.53226 0.190063 1
-46.6225 10.3731 0.776876 0.811221 0.899307 1.69 124576 0 1.61763 0.190063 1
24.4044 35.7439 0.190439 2.09137 4.48286 1.66454 161770 0 0.0135113 0.189575 0
-1.37836 51.4409 2.26126 0.831283 0.884652 1.81128 184621 0 0.941244 0.187988 1
1.13059 57.4593 0.746388 2.1021 4.7506 1.84477 193521 0 -0.0502788 0.186646 0
-0.732048 13.9094 0.756838 0.845913 1.90786 1.60856 129867 0 -0.343662 0.186035 0
0.457855 57.4531 0.775002 2.07393 4.59683 1.83184 193519 0 -0.0354723 0.185059 0
18.5805 49.7281 0.109671 2.12548 4.63963 1.69401 182344 0 3.06552 0.184814 0
-64.3403 -11.9103 0.778059 0.778533 0.796083 1.6807 91760 0 -1.5544 0.183716 1
65.479 3.71448 0.172888 1.90151 4.26687 1.62536 115098 0 1.64232 0.183716 0
28.5605 -9.93684 0.0163806 0.906576 0.954454 1.7795 94859 0 -1.59658 0.183472 1
-48.5866 -10.3306 0.700351 0.78677 0.806895 1.70244 94150 0 -1.64319 0.182983 1
48.5631 26.6863 0.312635 1.69434 3.7049 1.58183 148741 0 -1.63146 0.182373 0
24.5792 -10.375 -0.11652 0.834913 0.982042 1.75048 94378 0 -1.65445 0.182251 1
-45.308 -6.69064 0.63495 1.75046 4.07249 1.528 99776 0 -1.56996 0.181274 0
-72.455 -7.56511 0.638065 1.96732 4.3389 1.6068 98287 0 -1.53767 0.181152 0
-31.2658 10.5944 0.707552 0.92406 1.00986 1.70257 125092 0 1.49968 0.18103 1
-18.5498 11.1362 0.818088 0.951984 0.957546 1.74657 125600 0 -1.68254 0.180542 1
-48.6978 -10.2691 0.660891 0.774429 0.789006 1.68352 94149 0 -1.63594 0.179565 1
28.5508 -9.5805 0.0229241 0.940071 1.02569 1.77446 95795 0 -1.65825 0.179077 1
10.075 -11.4241 0.482819 0.885506 0.996767 1.7983 92929 0 0.591093 0.178833 1
-35.1509 12.3138 1.20484 0.827633 1.4924 1.76478 127420 0 1.38834 0.178467 2
27.0931 -10.1656 -0.119583 0.845238 0.945131 1.66002 94854 0 -1.46903 0.178101 1
-52.0632 10.5014 0.827926 0.880742 0.970944 1.7504 124559 0 1.52671 0.177979 1
-3.69562 74.7644 0.309935 0.882392 0.99014 1.75744 218778 0 2.87691 0.177368 1
-69.0547 2.1823 0.801868 1.90842 3.96802 1.57751 112338 0 1.54022 0.177124 0
-12.2416 -0.0372925 0.817172 2.07471 4.79483 1.55745 109239 0 -1.59442 0.176392 0
37.8929 16.8552 0.841454 0.880083 1.60633 1.85233 134200 0 -2.10264 0.176147 2
-53.2928 -12.9478 0.774743 0.762163 0.760814 1.66853 90391 0 1.26591 0.175903 1
-48.2982 -10.9517 0.7372 0.80594 0.858043 1.70165 93215 0 -1.59079 0.175171 1
39.114 35.9573 0.132301 0.795497 0.874116 1.58211 162284 0 1.53394 0.175171 1
46.5492 45.6122 1.2448 2.25364 4.89577 1.93687 176347 0 -1.66171 0.175171 0
27.3475 -9.10386 -0.145754 0.836629 0.877596 1.74602 96259 0 -1.51882 0.174438 1
18.0581 72.7086 -0.0252664 2.32102 5.50302 1.95331 216038 0 3.10097 0.174438 0
-4.6358 12.2803 0.762754 0.811088 0.85327 1.67813 127515 0 -1.66882 0.173706 1
-70.9639 5.61561 0.684355 1.61706 3.49992 1.44864 117480 0 1.61992 0.172119 0
-8.80499 -13.6051 0.404488 2.01758 4.4939 1.58145 89594 0 1.42862 0.170654 0
29.2811 6.84134 0.0326799 0.855399 1.747 1.75539 119665 0 1.25813 0.170654 2
69.6693 -5.60722 -0.135774 1.80512 3.876 1.56651 101539 0 1.5702 0.170044 0
-35.3081 12.092 1.23105 0.854087 1.81456 1.80203 126951 0 0.192093 0.169189 2
-59.3299 -13.1929 0.923759 0.828667 0.874248 1.86801 89904 0 1.45555 0.168457 1
-35.3106 12.5766 1.16126 0.844888 1.96985 1.78834 127887 0 3.04902 0.168457 2
39.1038 35.7624 0.139431 0.787217 0.932436 1.5886 161816 0 1.59054 0.168335 1
19.6008 11.9537 0.155303 0.8265 0.960312 1.68217 127123 0 1.5127 0.168213 1
1.10535 27.3551 0.562185 1.94273 4.36079 1.56495 149529 0 -0.0558226 0.168091 0
49.6605 26.9383 0.284624 2.21409 5.22153 1.76386 149213 0 -1.62348 0.16748 0
37.3994 9.33371 0.813369 0.833387 0.908397 1.7338 123434 0 1.57271 0.166626 1
0.738304 47.2628 0.547517 2.13062 4.66377 1.77872 178544 0 0.0793996 0.166382 0
-71.8193 -7.25871 0.530297 1.85601 4.07033 1.52453 98757 0 -1.54646 0.166016 0
52.8783 3.89426 0.13413 2.28254 5.15827 1.57573 115527 0 1.57096 0.165405 0
-70.595 -7.55116 0.594526 1.89864 4.21892 1.56537 98293 0 -1.55679 0.164673 0
46.6648 -8.36063 0.687784 0.824446 0.815398 1.80709 97255 0 1.49976 0.164062 1
23.868 -43.3794 1.58044 0.867097 1.64104 1.5951 46172 0 3.13199 0.163818 2
53.4225 11.0385 0.188567 0.832316 0.932829 1.77615 125824 0 1.4619 0.163208 1
0.529266 33.7416 0.678035 2.04981 4.52991 1.69568 158887 0 3.13931 0.163086 0
34.9839 30.2997 0.0143703 0.652035 0.584534 1.21184 153847 0 -0.225056 0.162598 1
0.778358 34.0415 0.652994 2.09272 4.65054 1.75554 159356 0 -3.12307 0.162598 0
22.3536 -8.24946 -0.264836 0.851412 0.868399 1.66743 97647 0 2.79106 0.162354 1
0.271759 48.1362 0.659603 2.00167 4.5065 1.73896 179946 0 -0.0454877 0.162231 0
53.7433 11.6425 0.216104 0.801659 0.881801 1.79386 126761 0 1.46695 0.161987 1
22.0194 57.4236 0.718155 0.853611 0.832488 1.81427 193586 0 0.358667 0.161987 1
24.8908 35.0349 0.201023 0.814535 0.831704 1.5723 160835 0 -0.458868 0.161499 1
22.4393 64.1048 0.574232 0.844483 1.75084 1.77285 203416 0 3.02312 0.161499 2
-18.5337 11.2577 0.810856 0.9102 0.944061 1.73009 126068 0 2.29663 0.161377 1
17.8909 71.6273 0.0904571 1.67872 3.72413 1.62023 214165 0 3.105 0.161011 0
68.2402 -5.5993 -0.10878 0.843873 1.97539 1.42355 101535 0 -3.13713 0.160645 0
67.3949 3.1452 0.137745 1.79365 4.05729 1.59357 114168 0 1.66532 0.160156 0
30.6595 43.7661 0.312804 1.9132 4.31393 1.73138 173489 0 3.10509 0.160156 0
67.6963 3.89928 0.290047 2.23195 4.80254 1.82895 115573 0 1.59322 0.159302 0
-63.1854 5.94647 0.695937 1.36682 3.25182 1.47952 117972 0 1.23259 0.158813 0
-63.5143 5.94451 0.641906 1.10673 2.58081 1.4668 117971 0 0.902443 0.158691 0
26.3315 -8.06478 0.0271577 0.886042 0.989114 1.76244 97660 0 1.67993 0.158447 1
0.164085 59.0165 0.84028 2.10879 4.68862 1.83338 195858 0 0.00809038 0.158447 0
-70.8923 -7.23361 0.521316 1.87584 4.2419 1.52452 98760 0 -1.56599 0.157715 0
26.1428 -8.15649 -0.0297522 0.894682 0.964063 1.77897 97659 0 1.86616 0.15686 1
-66.0886 -7.21056 0.687831 1.95037 4.3172 1.59649 98775 0 -1.58644 0.156616 0
-0.491653 13.5927 0.764519 0.915433 2.04144 1.67775 129400 0 -0.72435 0.156616 0
39.4658 11.1543 0.137256 0.861281 0.896511 1.70132 125781 0 1.55225 0.156372 1
22.3399 -8.41634 -0.254796 0.820468 0.882513 1.64539 97179 0 2.70101 0.15564 1
-62.4969 -9.10899 0.664491 0.807812 0.790255 1.73529 95978 0 -2.55701 0.155396 1
49.1566 16.4894 0.292601 0.951983 1.1411 1.68302 133767 0 -1.6224 0.155151 1
-49.9025 -7.61538 0.913399 0.893496 1.01873 1.78458 98358 0 -1.49538 0.153931 1
62.3491 14.9171 0.636646 0.843603 1.93966 1.82187 131468 0 1.46889 0.152954 2
-52.2522 10.4989 0.829715 0.875255 0.997156 1.74312 124558 0 1.6131 0.15271 1
0.789345 57.1377 0.724637 2.1051 4.69028 1.83383 193052 0 -0.0367842 0.1521 0
-62.7883 10.9914 0.845237 0.826879 1.69637 1.70526 125461 0 1.67078 0.151733 2
24.6759 37.2726 0.112311 2.09834 4.88124 1.72418 164111 0 3.13362 0.151245 0
10.0707 -11.5724 0.477758 0.900696 1.00774 1.80102 92461 0 0.446089 0.151123 1
0.852539 30.9292 0.631778 2.09269 4.59635 1.70081 154676 0 -0.0875446 0.150879 0
-0.750244 13.6183 0.794828 0.871817 1.82495 1.68175 129399 0 -0.865123 0.150391 0
24.4385 -14.2116 -0.873467 0.850353 0.958212 1.70544 88762 0 -2.41828 0.150024 1
27.5746 -10.4025 -0.175979 0.843614 0.898775 1.67722 94388 0 2.04975 0.149536 1
-62.3214 -9.1231 0.637694 0.802963 0.802454 1.72063 95979 0 -2.68102 0.149414 1
-64.203 -12.2466 0.78443 0.731269 0.746749 1.64712 91293 0 -1.57298 0.149048 1
-44.9199 5.97012 1.41014 2.9528 8.48956 3.15686 118029 0 1.57205 0.149048 0
46.7608 -8.27398 0.64701 0.812506 0.873776 1.797 97724 0 1.47342 0.148804 1
69.9748 -5.81055 -0.108768 2.0283 4.38913 1.67275 101072 0 1.54535 0.148315 0
27.1087 -9.13074 -0.106441 0.806896 0.83213 1.69214 96258 0 -1.54858 0.147949 1
0.586624 31.573 0.617518 2.03354 4.48768 1.68607 155611 0 -0.11516 0.147705 0
1.43169 73.201 0.518753 0.828925 0.873057 1.70817 216454 0 0.0942533 0.147461 1
-65.711 -9.98727 0.844364 0.80728 0.835279 1.74339 94564 0 -1.48816 0.147217 1
-38.1928 -9.40643 0.956521 0.825861 0.820083 1.85684 95586 0 1.59979 0.146851 1
-65.4977 -9.97842 0.855811 0.822137 0.855064 1.73788 94565 0 -1.40157 0.146484 1
-48.6333 -10.8017 0.704984 0.800781 0.839142 1.73375 93681 0 -1.5828 0.145874 1
38.6386 35.7559 0.0876789 0.824976 0.876049 1.68279 161814 0 1.4509 0.14563 1
34.3576 32.1221 0.483477 0.735131 0.739438 1.74032 156653 0 -3.01072 0.145508 1
-53.3113 -12.7238 0.814608 0.803109 0.823945 1.68736 90859 0 -0.899849 0.144653 1
-48.6359 -10.9497 0.697015 0.818523 0.867592 1.72672 93213 0 -1.56129 0.144653 1
-70.5101 6.89544 0.643467 2.00994 4.47607 1.59064 119353 0 3.08326 0.144531 0
-0.225037 13.935 0.732357 0.8498 2.13462 1.57446 129869 0 -0.864352 0.144531 0
-14.5436 39.8585 0.845098 2.07665 4.57637 1.72746 167732 0 2.74468 0.144409 0
0.516869 59.34 0.849165 2.16463 4.88768 1.88138 196327 0 0.0249105 0.144409 0
-72.152 -4.54485 0.572986 2.10399 4.62243 1.57368 102500 0 -1.60564 0.144287 0
9.65147 50.8017 0.37846 0.835284 1.22638 1.70907 183720 0 0.721655 0.143555 1
-59.1378 -12.037 0.828101 0.738686 0.75944 1.78273 91777 0 -1.48298 0.142456 1
0.495926 49.7652 0.633077 1.99954 4.37011 1.7016 182287 0 3.12331 0.141846 0
-0.504089 -16.8022 0.983661 2.07242 4.62477 1.81289 84940 0 2.86336 0.141235 0
39.4291 16.7018 0.132159 0.80123 0.825577 1.6253 134205 0 2.66043 0.140137 1
-46.268 10.0795 0.751688 0.817284 0.941726 1.73306 124109 0 1.55766 0.140015 1
26.1123 35.9601 0.285573 0.802874 0.797545 1.73978 162243 0 1.60411 0.139404 1
0.185669 57.1519 0.769749 2.10256 4.67658 1.82214 193050 0 -0.0891504 0.138672 0
23.8168 -43.6665 1.43809 0.900747 1.16449 1.59453 45704 0 -3.03633 0.13855 2
24.5574 -10.1788 -0.0828033 0.871395 1.00408 1.75227 94846 0 -1.63587 0.138428 1
39.3182 16.707 0.1297 0.81584 0.821155 1.665 134204 0 2.61406 0.137939 1
-73.4257 -7.52572 0.746271 2.09938 4.62802 1.7273 98284 0 1.55457 0.137451 0
-35.1137 12.5857 1.12042 0.827365 1.94056 1.76097 127888 0 3.09235 0.137451 2
-59.545 -12.3361 0.830259 0.776759 0.786174 1.79008 91307 0 1.56106 0.136597 1
68.2763 12.0514 -0.0699777 0.756888 0.8578 1.71537 127275 0 1.49868 0.135376 1
-48.2988 -10.8136 0.771797 0.806436 0.849158 1.71625 93683 0 -1.63578 0.134644 1
-59.6071 -11.9342 0.816897 0.797819 0.769729 1.80265 91775 0 1.47143 0.134399 1
1.41154 73.3412 0.535378 0.868295 0.957215 1.72871 216922 0 0.110233 0.134399 1
-23.4359 -0.23497 0.990447 2.19132 5.01615 1.70927 109204 0 -1.55811 0.134277 0
68.2677 12.2838 -0.193014 0.735749 0.791741 1.66866 127743 0 1.47117 0.132935 1
-0.415649 58.7215 0.834307 2.13472 4.73471 1.80608 195388 0 -0.138996 0.132446 0
-23.5876 30.8444 -0.200431 0.825914 1.21409 1.72886 154600 0 -0.839802 0.131836 1
18.0587 56.281 -0.00132552 1.60457 3.38274 1.42781 191702 0 3.12715 0.131226 0
39.2385 12.5374 0.302307 0.843679 0.900548 1.76625 128120 0 1.56535 0.130859 1
68.006 12.2724 0.142378 0.80147 0.897549 1.77557 127742 0 1.46313 0.130005 1
-63.7925 5.93657 0.655767 1.08161 2.45391 1.47938 117970 0 0.677477 0.129883 0
-35.1528 12.0982 1.21777 0.849299 1.31896 1.79419 126952 0 0.15694 0.129517 2
-23.7705 30.8232 -0.211927 0.80457 1.00748 1.7269 154599 0 -3.09609 0.128906 1
41.7535 36.0514 0.301265 0.906563 0.933345 1.73824 162292 0 1.03028 0.128784 1
-41.4411 -12.6617 0.724971 0.783113 0.766468 1.62961 90896 0 3.06063 0.12854 1
-0.475945 66.0077 1.21962 1.14057 1.24039 2.03473 206152 0 -0.537774 0.128418 1
17.8546 66.8167 -0.0532376 1.6696 3.62106 1.38092 207145 0 -3.09773 0.128174 0
-0.72303 14.2106 0.76608 0.940985 2.10006 1.63534 130335 0 -3.01541 0.128052 0
27.0771 -9.39467 -0.0891986 0.844819 0.880987 1.66644 95790 0 -1.5245 0.127686 1
-1.37942 51.5579 2.1775 0.839132 0.902472 1.79385 185089 0 0.920464 0.127686 1
54.6418 9.85678 0.0353667 0.845551 0.98103 1.65095 123956 0 -1.52636 0.126953 1
48.8936 17.1423 0.228955 1.87012 3.86132 1.53382 134702 0 -1.5468 0.126709 0
26.0166 -8.41576 -0.246153 0.808845 0.888998 1.74446 97191 0 1.76495 0.126465 1
-1.33152 66.0485 0.669077 0.84996 0.828038 1.7274 206149 0 -1.23128 0.126343 1
25.1053 35.2822 0.244851 0.830753 0.863108 1.6631 161304 0 -1.6025 0.126221 1
53.8083 10.8485 0.14675 0.890351 0.979035 1.77796 125358 0 1.52411 0.125854 1
25.0852 34.8147 0.242711 0.821836 0.840239 1.44158 160368 0 -1.63202 0.12561 1
8.39366 -2.76134 0.628698 0.815117 0.912603 1.72835 105560 0 1.44908 0.124756 1
-70.563 -6.91324 0.547276 1.87605 4.22236 1.52417 99229 0 -1.58481 0.124329 0
0.757515 49.4432 0.612812 2.06435 4.50445 1.74354 181820 0 -3.11341 0.124084 0
-66.4016 -7.45174 0.765916 2.05394 4.48657 1.63079 98306 0 -1.58899 0.124023 0
-71.8454 -6.91826 0.519005 1.87251 4.11933 1.54076 99225 0 -1.54693 0.124023 0
1.10178 28.3126 0.55766 1.98628 4.4316 1.56658 150933 0 -0.0354029 0.123657 0
53.7306 12.0964 0.222044 0.851834 0.945208 1.80939 127229 0 1.56498 0.123596 1
23.1974 -8.48792 -0.299618 0.846201 0.966616 1.7974 97182 0 2.84826 0.123474 1
19.1554 11.9083 0.178292 0.81211 0.896329 1.65224 127121 0 1.56442 0.12323 1
42.0536 46.5527 -0.116634 0.839884 0.886518 1.74326 177737 0 -2.01386 0.12323 1
-20.9195 12.8449 1.05352 0.740493 0.699387 1.75949 128400 0 0.333301 0.123169 1
-50.6352 -8.59199 0.769054 0.80965 0.885593 1.7603 96951 0 -1.51454 0.12262 1
-0.755783 -17.0881 1.00708 2.14112 4.82438 1.84872 84471 0 2.86403 0.122498 0
62.8324 14.6631 0.632162 0.854809 2.00805 1.81254 131002 0 1.65652 0.122498 2
-24.1323 -12.7153 1.21465 0.7562 0.716782 1.74819 90950 0 -1.53955 0.122437 1
-62.286 -9.34427 0.692794 0.817409 0.827709 1.71854 95511 0 3.01148 0.122192 1
34.7641 30.2956 0.102389 0.746675 0.736302 1.49231 153846 0 0.0351732 0.121887 1
-17.0612 67.0204 1.44915 2.19397 4.78931 1.78322 207504 0 -0.0505191 0.121765 0
-46.6397 10.6766 0.7869 0.842381 0.960953 1.72468 125044 0 1.60993 0.121704 1
0.586464 42.6729 0.627872 2.18441 4.77955 1.90212 171991 0 0.0235259 0.121582 0
19.7162 59.9241 0.659854 0.872972 0.816271 1.91655 197323 0 -0.297022 0.121277 1
17.766 62.2431 -0.203635 1.95185 4.27944 1.51841 200593 0 3.08793 0.121033 0
-73.145 -7.24225 0.714691 1.96473 4.2818 1.65575 98753 0 -1.43047 0.120972 0
-64.5078 -6.66217 0.555658 2.04852 4.61303 1.60374 99716 0 -1.42489 0.120972 0
-45.5909 10.3255 0.817598 0.841688 0.94405 1.73711 124579 0 1.87183 0.12085 1
0.47747 37.2746 0.6796 2.0882 4.54729 1.65791 164035 0 0.0265394 0.12085 0
22.2266 65.9566 0.117764 0.847756 0.846429 1.63852 206223 0 -0.349386 0.120544 1
27.5742 -10.6472 -0.193773 0.812387 0.895056 1.67519 93920 0 1.84153 0.120422 1
62.3426 15.1396 0.670321 0.844878 2.01844 1.82047 131936 0 1.63358 0.120361 2
9.46008 46.5933 -0.206847 0.944265 1.62521 1.85465 177635 0 1.88746 0.119629 1
-1.24911 51.4377 2.16939 0.856361 0.9715 1.8611 184622 0 1.09261 0.119324 1
23.9574 36.9498 0.101892 2.07951 4.85502 1.63625 163640 0 2.98278 0.119202 0
-73.1206 -7.77984 0.74649 2.01097 4.4323 1.65174 97817 0 -1.54337 0.118774 0
-20.3659 12.5899 0.739294 0.653724 0.636582 1.39802 127934 0 1.14747 0.118774 1
1.05843 48.752 0.670926 2.1083 4.73404 1.78537 180885 0 0.0964996 0.118774 0
-45.3938 9.83914 0.801845 0.818027 0.921219 1.74683 123644 0 1.56441 0.118591 1
35.8121 38.2549 0.250619 0.906679 1.23306 1.85063 165549 0 -0.456576 0.118591 1
35.7062 43.8029 0.345818 1.69671 3.54798 1.73327 173505 0 -3.10519 0.118164 0
43.3894 43.599 0.512309 0.837829 0.993117 1.74181 173529 0 0.940066 0.118164 1
1.85699 12.334 0.297749 0.57725 0.652907 0.938763 127535 0 1.55691 0.117981 1
23.9448 36.6634 0.11571 2.02818 4.70513 1.61872 163172 0 1.7632 0.117981 0
-50.4717 -8.5787 0.785809 0.801043 0.96982 1.75215 96952 0 -1.543 0.117798 1
4.62987 -3.96713 1.58072 3.20929 11.526 3.19064 103676 0 -1.63565 0.117798 0
27.6671 -9.06757 -0.0775787 0.858778 0.948891 1.77118 96260 0 -1.53538 0.117554 1
0.880585 27.0576 0.545596 1.89326 4.28921 1.56488 149060 0 -0.0835572 0.117554 0
-58.2192 -11.64 0.812624 0.771327 0.81416 1.73798 92248 0 -1.65209 0.117371 1
24.4608 38.1851 0.201196 2.06314 4.65862 1.67767 165514 0 -3.13946 0.117371 0
13.0283 11.8206 0.517924 0.82394 0.960954 1.62711 126634 0 1.60782 0.116943 1
-57.7634 6.11769 0.697731 2.2661 4.95788 1.64552 118457 0 1.56642 0.11676 0
-0.253281 13.2874 0.723507 0.863048 1.1302 1.76814 128933 0 -1.47056 0.11676 1
34.981 30.4609 0.139718 0.716088 0.691565 1.39233 154315 0 -0.475162 0.11676 1
-70.2712 6.59288 0.64471 1.81185 3.89107 1.51541 118886 0 -3.09398 0.116577 0
19.4719 12.3726 0.244137 0.83453 0.929691 1.67173 127590 0 1.38849 0.116577 1
-18.9028 11.2502 0.81764 0.975949 1.06988 1.74961 126066 0 -2.01201 0.11615 1
-14.279 40.1099 0.898623 2.19616 4.91566 1.79748 168201 0 2.87845 0.115784 0
17.9502 10.1195 0.329325 0.88641 0.997327 1.67884 124310 0 1.31754 0.11554 1
34.7633 34.0093 0.098375 0.84772 0.878971 1.46934 159462 0 1.73593 0.115356 1
46.8527 45.3006 1.05226 2.28715 5.00757 1.9521 175880 0 -1.59777 0.115356 0
58.7637 3.6298 0.183645 1.76244 3.70214 1.65219 115077 0 1.57758 0.11499 0
52.4107 38.1162 1.12319 0.861177 0.998254 1.74902 165601 0 1.55343 0.11499 1
-72.0834 5.03727 0.670869 2.25303 5.20721 1.70853 116540 0 1.5339 0.114746 0
-45.0771 9.20089 0.796947 0.86497 0.957922 1.76349 122709 0 1.57849 0.114746 1
37.6754 16.8574 0.926401 0.863999 0.975526 1.81835 134199 0 2.01503 0.114563 2
9.84972 35.6273 0.756714 0.819136 0.89423 1.73676 161724 0 -0.954359 0.11438 1
59.4246 3.87556 0.146712 1.9593 4.02252 1.53313 115547 0 1.54531 0.11377 0
-63.4802 -9.0647 0.818564 0.757807 0.715366 1.74078 95975 0 -2.57112 0.113159 1
48.8563 -12.3945 1.28398 0.78267 0.877433 1.67011 91646 0 1.65635 0.112976 1
19.8763 11.0062 0.187742 0.827239 0.98148 1.64956 125720 0 1.53089 0.112793 1
39.3148 16.5894 0.0867376 0.771186 0.779348 1.58423 133736 0 2.59521 0.112793 1
-59.7041 -11.1304 0.789482 0.756109 0.738613 1.71711 93179 0 1.56879 0.11261 1
1.10012 30.2671 0.616129 2.08082 4.58917 1.64393 153741 0 -0.0906804 0.11261 0
41.7419 36.2701 0.273997 0.918776 0.962702 1.72126 162760 0 1.03729 0.11261 1
-1.09458 -42.3917 0.148681 2.09408 4.60032 1.76465 47498 0 3.01023 0.112 0
-71.4679 -9.5118 1.05131 0.81118 0.859973 1.74 95482 0 -1.79257 0.112 1
-70.1524 2.17533 0.865022 2.25409 5.25645 1.81747 112334 0 1.51971 0.112 0
24.101 -43.3233 1.52253 0.916045 1.54428 1.60492 46173 0 -3.0798 0.111816 2
-62.5063 -9.33701 0.716687 0.818265 0.826728 1.74919 95510 0 -2.51268 0.111816 1
-71.5324 6.16508 0.65681 2.13691 4.76229 1.62924 118414 0 1.61623 0.111816 0
49.6393 19.5631 0.228297 2.09288 4.83493 1.58671 138449 0 -1.61494 0.111816 0
22.0206 65.798 0.116107 0.811711 0.801492 1.63063 205754 0 -0.0156281 0.111816 1
-45.9398 29.9205 0.408338 1.97405 4.43765 1.61906 153126 0 1.57858 0.111633 0
24.7147 36.338 0.16365 2.04675 4.13061 1.65503 162707 0 -0.09114 0.111633 0
29.2832 6.62861 0.0293778 0.923383 1.89083 1.76244 119197 0 1.47417 0.11145 2
58.1204 11.3876 0.000712425 0.914083 0.980589 1.67993 126307 0 -1.66771 0.111267 1
-31.4293 10.6128 0.688805 0.925594 0.987425 1.71861 125091 0 1.5951 0.111023 1
58.3303 11.3912 -0.0292062 0.90469 0.972546 1.66658 126308 0 -2.79003 0.111023 1
43.4016 43.433 0.458424 0.84817 1.10297 1.77374 173061 0 0.774408 0.111023 1
-0.156479 59.3172 0.808312 2.22753 5.12723 1.92122 196325 0 -0.0699266 0.11084 0
-0.820251 66.0288 0.94084 1.0599 1.19538 1.92737 206151 0 -0.663737 0.11084 1
-21.0012 11.6165 0.639572 0.792186 0.895409 1.25981 126528 0 -1.69285 0.110657 1
-0.086731 57.4765 0.777474 2.17678 4.85767 1.82813 193517 0 -0.101879 0.110657 0
25.3669 35.0551 0.190234 0.812515 0.840288 1.59898 160837 0 -1.93776 0.110474 1
26.08 35.757 0.275994 0.823175 0.806057 1.75555 161775 0 1.64623 0.110291 1
1.11993 26.4414 0.58312 1.9713 4.42194 1.5915 148125 0 -0.0776521 0.109924 0
0.848831 28.0086 0.545722 1.89212 4.19965 1.55199 150464 0 -0.0500245 0.109924 0
-3.32966 -15.1924 0.514467 1.97298 4.39043 1.57109 87271 0 1.61109 0.10968 0
67.9758 12.0549 0.343813 0.831036 0.9384 1.82274 127274 0 1.48895 0.109497 1
54.145 12.008 0.200547 0.803236 0.907285 1.7233 127231 0 1.54066 0.109131 1
1.66107 58.0666 0.800063 2.24566 5.08714 1.91428 194459 0 -0.186298 0.108948 0
57.3784 -17.4032 0.00144126 2.38363 5.68981 1.8766 84185 0 -1.5305 0.108582 0
39.2865 11.155 0.161966 0.83694 0.898353 1.70295 125780 0 1.54419 0.108582 1
-54.8763 -3.67143 0.667192 2.04188 4.52106 1.5552 103958 0 -1.62411 0.108398 0
-48.1464 -3.14731 0.725289 2.08797 4.70894 1.54471 104915 0 -1.49651 0.108398 0
67.9674 3.15368 0.183825 2.05716 4.70403 1.70567 114170 0 1.70111 0.108398 0
39.715 11.4147 0.169332 0.870274 0.950203 1.75735 126250 0 1.51448 0.108215 1
-59.9607 -11.1124 0.772516 0.753511 0.726701 1.64711 93178 0 1.63296 0.107971 1
22.2369 64.367 0.464164 0.801426 1.08017 1.75116 203883 0 3.04063 0.107971 1
-65.7427 -6.95603 0.64461 1.94263 4.2718 1.5982 99244 0 -1.58929 0.107788 0
